{"name": "LZB_n40_8", "n": 40, "m": 5, "times": [[0.0, 71.4375, 104.625, 99.5625, 57.71875, 90.6875, 100.4375, 100.1875, 77.25, 81.0, 75.6875, 98.625, 61.6875, 52.9375, 32.65625, 109.1875, 73.8125, 95.75, 74.5, 56.46875, 89.5625, 53.53125, 72.5625, 80.75, 120.3125, 101.5, 116.75, 99.625, 5.0, 82.3125, 18.359375, 6.08203125, 87.4375, 24.515625, 91.25, 48.59375, 117.375, 32.25, 88.0625, 61.8125, 82.0], [71.4375, 0.0, 117.3125, 97.0625, 122.6875, 145.625, 143.625, 88.0, 139.75, 128.875, 116.8125, 77.0, 34.21875, 103.75, 87.3125, 111.5, 137.75, 158.125, 42.71875, 28.015625, 144.875, 97.5, 114.875, 84.75, 191.625, 112.0, 45.34375, 170.0, 70.8125, 26.421875, 89.1875, 68.125, 106.375, 93.0, 31.046875, 79.875, 149.5, 98.75, 118.125, 118.9375, 152.25], [104.625, 117.3125, 0.0, 196.25, 151.25, 189.25, 203.625, 192.5, 92.375, 58.9375, 180.0, 185.75, 83.1875, 156.625, 76.9375, 208.375, 165.75, 186.5, 76.9375, 129.375, 187.875, 158.125, 49.03125, 32.5625, 174.25, 203.0, 146.125, 139.125, 109.375, 99.75, 113.625, 99.1875, 190.375, 97.3125, 148.375, 151.625, 221.875, 130.125, 192.625, 75.0, 126.375], [99.5625, 97.0625, 196.25, 0.0, 102.75, 96.25, 77.0625, 13.9296875, 172.0, 180.5, 61.71875, 27.65625, 122.0, 72.8125, 132.125, 14.5625, 108.8125, 118.625, 135.125, 72.125, 96.5625, 63.375, 171.75, 166.25, 181.0, 20.609375, 118.1875, 177.5, 94.6875, 123.4375, 103.375, 102.875, 29.40625, 120.625, 80.75, 53.75, 67.5625, 96.1875, 46.875, 160.375, 163.0], [57.71875, 122.6875, 151.25, 102.75, 0.0, 38.59375, 59.1875, 110.75, 85.0, 108.25, 46.875, 116.5, 119.125, 30.078125, 74.75, 105.125, 16.125, 38.125, 132.25, 99.8125, 37.21875, 39.84375, 107.5625, 133.625, 79.3125, 93.0, 166.125, 76.1875, 55.53125, 138.25, 41.0, 63.5, 77.0, 54.125, 133.75, 55.5625, 83.375, 25.5, 65.9375, 84.8125, 64.0], [90.6875, 145.625, 189.25, 96.25, 38.59375, 0.0, 27.171875, 107.8125, 121.625, 146.625, 35.375, 117.5, 149.125, 41.96875, 112.375, 93.125, 27.796875, 23.53125, 163.0, 119.25, 1.4140625, 48.46875, 146.125, 170.0, 93.0, 80.125, 185.375, 103.25, 87.25, 165.25, 76.625, 96.75, 66.875, 91.9375, 149.375, 67.125, 52.78125, 59.90625, 50.09375, 123.25, 95.5], [100.4375, 143.625, 203.625, 77.0625, 59.1875, 27.171875, 0.0, 90.0, 144.25, 166.25, 27.015625, 101.625, 153.25, 47.53125, 127.125, 71.0, 52.9375, 50.03125, 167.625, 115.875, 28.28125, 48.84375, 163.875, 181.25, 120.125, 58.40625, 179.25, 129.625, 96.1875, 166.0, 90.1875, 106.375, 48.40625, 107.625, 141.625, 64.0, 25.703125, 74.0625, 30.8125, 142.875, 120.75], [100.1875, 88.0, 192.5, 13.9296875, 110.75, 107.8125, 90.0, 0.0, 175.0, 180.875, 72.6875, 14.0390625, 115.3125, 80.625, 132.25, 27.015625, 118.1875, 129.5, 127.75, 65.0625, 108.0, 70.875, 171.25, 161.625, 189.75, 34.53125, 105.6875, 184.0, 95.5625, 114.375, 106.375, 102.8125, 41.71875, 122.625, 68.875, 58.125, 81.4375, 101.25, 59.40625, 161.875, 168.75], [77.25, 139.75, 92.375, 172.0, 85.0, 121.625, 144.25, 175.0, 0.0, 34.0, 128.875, 175.125, 115.125, 106.125, 52.40625, 179.0, 94.0625, 110.1875, 121.25, 132.0, 120.25, 112.9375, 44.28125, 93.625, 82.125, 168.875, 183.375, 46.6875, 81.0625, 139.5, 68.75, 76.9375, 153.0, 53.0, 165.125, 118.25, 168.125, 77.5, 146.75, 22.625, 35.5], [81.0, 128.875, 58.9375, 180.5, 108.25, 146.625, 166.25, 180.875, 34.0, 0.0, 147.0, 178.375, 99.0, 123.0625, 48.75, 189.75, 120.125, 138.625, 101.5, 128.125, 145.25, 127.875, 15.265625, 65.75, 116.125, 181.125, 169.25, 80.5, 85.8125, 122.5625, 80.125, 78.1875, 166.25, 61.59375, 157.625, 128.375, 188.25, 93.75, 163.25, 23.4375, 69.1875], [75.6875, 116.8125, 180.0, 61.71875, 46.875, 35.375, 27.015625, 72.6875, 128.875, 147.0, 0.0, 82.125, 126.4375, 24.046875, 104.5, 60.625, 48.5, 56.9375, 140.75, 89.25, 35.46875, 22.46875, 142.875, 156.125, 121.0, 47.84375, 153.75, 122.8125, 71.125, 139.0, 67.9375, 81.4375, 32.90625, 86.25, 116.625, 37.0625, 42.0, 53.25, 19.109375, 124.0, 110.875], [98.625, 77.0, 185.75, 27.65625, 116.5, 117.5, 101.625, 14.0390625, 175.125, 178.375, 82.125, 0.0, 106.3125, 86.75, 129.625, 41.0625, 125.375, 138.375, 118.0625, 56.625, 117.5625, 76.9375, 167.75, 154.25, 195.75, 48.09375, 91.9375, 187.5, 94.3125, 103.25, 107.125, 100.4375, 53.25, 122.125, 55.65625, 61.6875, 94.6875, 104.125, 70.8125, 160.375, 171.625], [61.6875, 34.21875, 83.1875, 122.0, 119.125, 149.125, 153.25, 115.3125, 115.125, 99.0, 126.4375, 106.3125, 0.0, 108.0, 64.375, 135.625, 135.125, 156.875, 14.3203125, 50.25, 148.25, 104.5625, 84.1875, 50.59375, 177.75, 133.5, 70.1875, 151.375, 63.5625, 24.40625, 79.6875, 56.3125, 124.5, 76.5625, 65.25, 90.5, 164.25, 93.625, 132.625, 92.9375, 133.875], [52.9375, 103.75, 156.625, 72.8125, 30.078125, 41.96875, 47.53125, 80.625, 106.125, 123.0625, 24.046875, 86.75, 108.0, 0.0, 80.625, 76.0625, 39.21875, 56.03125, 122.125, 77.875, 41.21875, 9.8515625, 118.8125, 133.75, 109.1875, 64.5, 144.5, 105.0625, 48.71875, 123.3125, 43.9375, 58.875, 48.375, 62.21875, 109.5625, 27.59375, 65.9375, 29.40625, 40.71875, 100.1875, 91.375], [32.65625, 87.3125, 76.9375, 132.125, 74.75, 112.375, 127.125, 132.25, 52.40625, 48.75, 104.5, 129.625, 64.375, 80.625, 0.0, 141.875, 89.8125, 111.3125, 72.8125, 81.3125, 111.0625, 83.4375, 39.96875, 60.0, 115.8125, 134.0, 131.25, 87.3125, 37.59375, 88.625, 36.90625, 29.40625, 119.625, 20.609375, 113.25, 81.0, 146.5, 53.25, 118.8125, 32.375, 70.0], [109.1875, 111.5, 208.375, 14.5625, 105.125, 93.125, 71.0, 27.015625, 179.0, 189.75, 60.625, 41.0625, 135.625, 76.0625, 141.875, 0.0, 109.0625, 116.25, 149.0, 86.0625, 93.625, 67.375, 181.75, 178.875, 181.625, 13.0, 132.5, 181.0, 104.25, 137.75, 111.0, 113.0, 28.15625, 128.875, 95.1875, 61.46875, 57.4375, 102.0, 43.09375, 168.75, 167.375], [73.8125, 137.75, 165.75, 108.8125, 16.125, 27.796875, 52.9375, 118.1875, 94.0625, 120.125, 48.5, 125.375, 135.125, 39.21875, 89.8125, 109.0625, 0.0, 22.015625, 148.25, 114.0, 26.40625, 48.8125, 120.75, 149.25, 72.5625, 96.3125, 180.625, 76.9375, 71.5625, 154.0, 57.03125, 79.625, 81.0, 69.25, 147.25, 66.625, 78.4375, 41.59375, 67.1875, 96.875, 68.0], [95.75, 158.125, 186.5, 118.625, 38.125, 23.53125, 50.03125, 129.5, 110.1875, 138.625, 56.9375, 138.375, 156.875, 56.03125, 111.3125, 116.25, 22.015625, 0.0, 170.125, 133.375, 22.796875, 64.6875, 140.625, 171.0, 70.375, 103.25, 200.125, 84.75, 93.375, 175.25, 79.0625, 101.625, 89.4375, 90.8125, 165.625, 83.4375, 75.125, 63.5, 73.1875, 115.875, 80.0], [74.5, 42.71875, 76.9375, 135.125, 132.25, 163.0, 167.625, 127.75, 121.25, 101.5, 140.75, 118.0625, 14.3203125, 122.125, 72.8125, 149.0, 148.25, 170.125, 0.0, 63.0, 162.125, 118.8125, 86.3125, 45.03125, 188.0, 147.125, 70.375, 160.125, 76.8125, 23.0, 92.1875, 68.875, 138.5, 87.1875, 72.9375, 104.8125, 178.625, 106.6875, 146.875, 98.6875, 142.75], [56.46875, 28.015625, 129.375, 72.125, 99.8125, 119.25, 115.875, 65.0625, 132.0, 128.125, 89.25, 56.625, 50.25, 77.875, 81.3125, 86.0625, 114.0, 133.375, 63.0, 0.0, 118.6875, 70.8125, 115.875, 97.625, 173.375, 85.25, 66.75, 155.75, 54.125, 52.875, 71.875, 55.375, 78.625, 80.625, 35.21875, 52.625, 121.5, 77.8125, 90.0625, 113.625, 138.25], [89.5625, 144.875, 187.875, 96.5625, 37.21875, 1.4140625, 28.28125, 108.0, 120.25, 145.25, 35.46875, 117.5625, 148.25, 41.21875, 111.0625, 93.625, 26.40625, 22.796875, 162.125, 118.6875, 0.0, 47.9375, 144.75, 168.75, 92.0, 80.625, 184.875, 101.9375, 86.1875, 164.375, 75.4375, 95.625, 67.25, 90.625, 149.0, 66.625, 53.9375, 58.6875, 50.5625, 121.8125, 94.125], [53.53125, 97.5, 158.125, 63.375, 39.84375, 48.46875, 48.84375, 70.875, 112.9375, 127.875, 22.46875, 76.9375, 104.5625, 9.8515625, 83.4375, 67.375, 48.8125, 64.6875, 118.8125, 70.8125, 47.9375, 0.0, 122.5625, 133.75, 119.0625, 56.28125, 137.0, 114.1875, 48.875, 118.3125, 47.8125, 59.15625, 40.25, 66.375, 101.375, 18.875, 63.8125, 35.46875, 35.46875, 105.5, 100.0625], [72.5625, 114.875, 49.03125, 171.75, 107.5625, 146.125, 163.875, 171.25, 44.28125, 15.265625, 142.875, 167.75, 84.1875, 118.8125, 39.96875, 181.75, 120.75, 140.625, 86.3125, 115.875, 144.75, 122.5625, 0.0, 51.09375, 125.4375, 174.0, 154.375, 90.6875, 77.5, 107.5625, 74.9375, 68.875, 159.5, 56.59375, 144.125, 120.9375, 184.625, 90.0, 158.0, 26.078125, 77.4375], [80.75, 84.75, 32.5625, 166.25, 133.625, 170.0, 181.25, 161.625, 93.625, 65.75, 156.125, 154.25, 50.59375, 133.75, 60.0, 178.875, 149.25, 171.0, 45.03125, 97.625, 168.75, 133.75, 51.09375, 0.0, 171.125, 174.375, 115.125, 138.375, 85.0625, 68.0, 93.375, 74.875, 162.75, 80.25, 115.8125, 124.8125, 197.25, 110.125, 166.875, 72.0, 123.0625], [120.3125, 191.625, 174.25, 181.0, 79.3125, 93.0, 120.125, 189.75, 82.125, 116.125, 121.0, 195.75, 177.75, 109.1875, 115.8125, 181.625, 72.5625, 70.375, 188.0, 173.375, 92.0, 119.0625, 125.4375, 171.125, 0.0, 168.875, 236.875, 36.125, 120.9375, 200.75, 102.5625, 124.0625, 153.625, 101.25, 208.5, 134.625, 145.375, 96.0, 139.5, 100.25, 48.28125], [101.5, 112.0, 203.0, 20.609375, 93.0, 80.125, 58.40625, 34.53125, 168.875, 181.125, 47.84375, 48.09375, 133.5, 64.5, 134.0, 13.0, 96.3125, 103.25, 147.125, 85.25, 80.625, 56.28125, 174.0, 174.375, 168.875, 0.0, 137.0, 169.125, 96.5, 137.875, 101.625, 105.8125, 16.125, 119.875, 99.0625, 53.0, 46.96875, 91.5, 30.078125, 159.75, 155.875], [116.75, 45.34375, 146.125, 118.1875, 166.125, 185.375, 179.25, 105.6875, 183.375, 169.25, 153.75, 91.9375, 70.1875, 144.5, 131.25, 132.5, 180.625, 200.125, 70.375, 66.75, 184.875, 137.0, 154.375, 115.125, 236.875, 137.0, 0.0, 215.25, 116.0, 47.53125, 134.375, 113.4375, 136.125, 138.25, 38.21875, 118.3125, 180.375, 143.0, 150.875, 161.875, 197.375], [99.625, 170.0, 139.125, 177.5, 76.1875, 103.25, 129.625, 184.0, 46.6875, 80.5, 122.8125, 187.5, 151.375, 105.0625, 87.3125, 181.0, 76.9375, 84.75, 160.125, 155.75, 101.9375, 114.1875, 90.6875, 138.375, 36.125, 169.125, 215.25, 0.0, 101.625, 175.375, 84.125, 102.0625, 153.0, 77.0, 190.75, 126.125, 155.25, 83.4375, 141.875, 66.5, 17.796875], [5.0, 70.8125, 109.375, 94.6875, 55.53125, 87.25, 96.1875, 95.5625, 81.0625, 85.8125, 71.125, 94.3125, 63.5625, 48.71875, 37.59375, 104.25, 71.5625, 93.375, 76.8125, 54.125, 86.1875, 48.875, 77.5, 85.0625, 120.9375, 96.5, 116.0, 101.625, 0.0, 83.25, 18.390625, 10.296875, 82.4375, 28.078125, 89.1875, 43.59375, 112.6875, 30.078125, 83.25, 66.3125, 84.0625], [82.3125, 26.421875, 99.75, 123.4375, 138.25, 165.25, 166.0, 114.375, 139.5, 122.5625, 139.0, 103.25, 24.40625, 123.3125, 88.625, 137.75, 154.0, 175.25, 23.0, 52.875, 164.375, 118.3125, 107.5625, 68.0, 200.75, 137.875, 47.53125, 175.375, 83.25, 0.0, 100.625, 77.5, 131.5, 99.625, 53.0, 102.0, 173.75, 113.0625, 142.125, 117.375, 157.75], [18.359375, 89.1875, 113.625, 103.375, 41.0, 76.625, 90.1875, 106.375, 68.75, 80.125, 67.9375, 107.125, 79.6875, 43.9375, 36.90625, 111.0, 57.03125, 79.0625, 92.1875, 71.875, 75.4375, 47.8125, 74.9375, 93.375, 102.5625, 101.625, 134.375, 84.125, 18.390625, 100.625, 0.0, 23.40625, 86.3125, 18.59375, 107.0625, 49.71875, 109.875, 16.765625, 83.25, 58.125, 66.875], [6.08203125, 68.125, 99.1875, 102.875, 63.5, 96.75, 106.375, 102.8125, 76.9375, 78.1875, 81.4375, 100.4375, 56.3125, 58.875, 29.40625, 113.0, 79.625, 101.625, 68.875, 55.375, 95.625, 59.15625, 68.875, 74.875, 124.0625, 105.8125, 113.4375, 102.0625, 10.296875, 77.5, 23.40625, 0.0, 92.125, 25.5, 89.5625, 53.15625, 122.9375, 38.125, 93.4375, 60.125, 84.3125], [87.4375, 106.375, 190.375, 29.40625, 77.0, 66.875, 48.40625, 41.71875, 153.0, 166.25, 32.90625, 53.25, 124.5, 48.375, 119.625, 28.15625, 81.0, 89.4375, 138.5, 78.625, 67.25, 40.25, 159.5, 162.75, 153.625, 16.125, 136.125, 153.0, 82.4375, 131.5, 86.3125, 92.125, 0.0, 104.6875, 97.875, 38.9375, 44.28125, 75.5625, 17.6875, 144.5, 139.75], [24.515625, 93.0, 97.3125, 120.625, 54.125, 91.9375, 107.625, 122.625, 53.0, 61.59375, 86.25, 122.125, 76.5625, 62.21875, 20.609375, 128.875, 69.25, 90.8125, 87.1875, 80.625, 90.625, 66.375, 56.59375, 80.25, 101.25, 119.875, 138.25, 77.0, 28.078125, 99.625, 18.59375, 25.5, 104.6875, 0.0, 115.0625, 67.4375, 128.125, 33.59375, 101.8125, 39.9375, 59.1875], [91.25, 31.046875, 148.375, 80.75, 133.75, 149.375, 141.625, 68.875, 165.125, 157.625, 116.625, 55.65625, 65.25, 109.5625, 113.25, 95.1875, 147.25, 165.625, 72.9375, 35.21875, 149.0, 101.375, 144.125, 115.8125, 208.5, 99.0625, 38.21875, 190.75, 89.1875, 53.0, 107.0625, 89.5625, 97.875, 115.0625, 0.0, 82.5, 142.125, 112.6875, 112.8125, 145.5, 173.125], [48.59375, 79.875, 151.625, 53.75, 55.5625, 67.125, 64.0, 58.125, 118.25, 128.375, 37.0625, 61.6875, 90.5, 27.59375, 81.0, 61.46875, 66.625, 83.4375, 104.8125, 52.625, 66.625, 18.875, 120.9375, 124.8125, 134.625, 53.0, 118.3125, 126.125, 43.59375, 102.0, 49.71875, 53.15625, 38.9375, 67.4375, 82.5, 0.0, 74.0, 43.09375, 42.53125, 107.3125, 110.625], [117.375, 149.5, 221.875, 67.5625, 83.375, 52.78125, 25.703125, 81.4375, 168.125, 188.25, 42.0, 94.6875, 164.25, 65.9375, 146.5, 57.4375, 78.4375, 75.125, 178.625, 121.5, 53.9375, 63.8125, 184.625, 197.25, 145.375, 46.96875, 180.375, 155.25, 112.6875, 173.75, 109.875, 122.9375, 44.28125, 128.125, 142.125, 74.0, 0.0, 94.75, 31.78125, 165.125, 146.0], [32.25, 98.75, 130.125, 96.1875, 25.5, 59.90625, 74.0625, 101.25, 77.5, 93.75, 53.25, 104.125, 93.625, 29.40625, 53.25, 102.0, 41.59375, 63.5, 106.6875, 77.8125, 58.6875, 35.46875, 90.0, 110.125, 96.0, 91.5, 143.0, 83.4375, 30.078125, 113.0625, 16.765625, 38.125, 75.5625, 33.59375, 112.6875, 43.09375, 94.75, 0.0, 70.0, 70.8125, 67.625], [88.0625, 118.125, 192.625, 46.875, 65.9375, 50.09375, 30.8125, 59.40625, 146.75, 163.25, 19.109375, 70.8125, 132.625, 40.71875, 118.8125, 43.09375, 67.1875, 73.1875, 146.875, 90.0625, 50.5625, 35.46875, 158.0, 166.875, 139.5, 30.078125, 150.875, 141.875, 83.25, 142.125, 83.25, 93.4375, 17.6875, 101.8125, 112.8125, 42.53125, 31.78125, 70.0, 0.0, 140.625, 129.875], [61.8125, 118.9375, 75.0, 160.375, 84.8125, 123.25, 142.875, 161.875, 22.625, 23.4375, 124.0, 160.375, 92.9375, 100.1875, 32.375, 168.75, 96.875, 115.875, 98.6875, 113.625, 121.8125, 105.5, 26.078125, 72.0, 100.25, 159.75, 161.875, 66.5, 66.3125, 117.375, 58.125, 60.125, 144.5, 39.9375, 145.5, 107.3125, 165.125, 70.8125, 140.625, 0.0, 51.96875], [82.0, 152.25, 126.375, 163.0, 64.0, 95.5, 120.75, 168.75, 35.5, 69.1875, 110.875, 171.625, 133.875, 91.375, 70.0, 167.375, 68.0, 80.0, 142.75, 138.25, 94.125, 100.0625, 77.4375, 123.0625, 48.28125, 155.875, 197.375, 17.796875, 84.0625, 157.75, 66.875, 84.3125, 139.75, 59.1875, 173.125, 110.625, 146.0, 67.625, 129.875, 51.96875, 0.0]], "angleGap": [[0.0, 1.416015625, 1.1669921875, 2.501953125, 2.224609375, 1.9580078125, 1.02734375, 2.443359375, 2.013671875, 1.8349609375, 0.88671875, 0.5, 1.9580078125, 1.888671875, 1.271484375, 2.49609375, 2.470703125, 0.59375, 0.375, 2.234375, 1.7734375, 1.845703125, 1.173828125, 3.095703125, 1.37109375, 0.01953125, 2.916015625, 1.41796875, 0.31640625, 2.857421875, 0.962890625, 1.455078125, 2.572265625, 0.296875, 1.4140625, 1.779296875, 2.470703125, 1.65625, 2.205078125, 2.890625], [1.416015625, 0.0, 2.583984375, 2.36328125, 2.640625, 2.908203125, 2.4453125, 1.0263671875, 0.595703125, 3.03125, 2.3046875, 0.916015625, 2.90625, 0.470703125, 2.689453125, 2.369140625, 2.39453125, 0.822265625, 1.791015625, 2.630859375, 3.091796875, 0.4296875, 0.2421875, 1.76953125, 2.7890625, 1.439453125, 1.498046875, 2.8359375, 1.103515625, 2.0078125, 0.45703125, 2.873046875, 1.154296875, 1.712890625, 2.83203125, 3.0859375, 2.39453125, 3.07421875, 0.7861328125, 1.47265625], [1.1669921875, 2.583984375, 0.0, 1.3349609375, 1.056640625, 0.791015625, 0.1396484375, 2.671875, 3.1015625, 0.66796875, 0.2802734375, 1.6669921875, 0.791015625, 3.056640625, 0.1044921875, 1.328125, 1.3046875, 1.7607421875, 0.7919921875, 1.06640625, 0.6064453125, 3.013671875, 2.341796875, 1.9287109375, 0.2041015625, 1.1474609375, 2.19921875, 0.25146484375, 1.4833984375, 1.69140625, 2.126953125, 0.2880859375, 2.54296875, 0.8701171875, 0.2470703125, 0.61181640625, 1.302734375, 0.48974609375, 2.912109375, 2.2265625], [2.501953125, 2.36328125, 1.3349609375, 0.0, 0.2783203125, 0.54443359375, 1.474609375, 1.3369140625, 1.767578125, 0.66748046875, 1.615234375, 3.001953125, 0.5439453125, 1.892578125, 1.23046875, 0.007080078125, 0.031005859375, 3.095703125, 2.126953125, 0.2685546875, 0.72900390625, 1.93359375, 2.60546875, 0.59326171875, 1.130859375, 2.482421875, 0.86474609375, 1.083984375, 2.818359375, 0.35546875, 2.8203125, 1.046875, 1.208984375, 2.205078125, 1.087890625, 0.7236328125, 0.03228759765625, 0.845703125, 1.5771484375, 0.89013671875], [2.224609375, 2.640625, 1.056640625, 0.2783203125, 0.0, 0.266357421875, 1.1962890625, 1.615234375, 2.044921875, 0.38916015625, 1.3369140625, 2.724609375, 0.265869140625, 2.169921875, 0.95263671875, 0.271240234375, 0.247314453125, 2.818359375, 1.8486328125, 0.009765625, 0.45068359375, 2.2109375, 2.8828125, 0.87158203125, 0.85302734375, 2.205078125, 1.1435546875, 0.8056640625, 2.541015625, 0.6337890625, 3.09765625, 0.76904296875, 1.4873046875, 1.9267578125, 0.81005859375, 0.4453125, 0.2459716796875, 0.5673828125, 1.85546875, 1.1689453125], [1.9580078125, 2.908203125, 0.791015625, 0.54443359375, 0.266357421875, 0.0, 0.9306640625, 1.880859375, 2.3125, 0.122802734375, 1.0712890625, 2.45703125, 0.00048828125, 2.4375, 0.6865234375, 0.53759765625, 0.513671875, 2.55078125, 1.5830078125, 0.276123046875, 0.184326171875, 2.478515625, 3.1328125, 1.1376953125, 0.5869140625, 1.9384765625, 1.4091796875, 0.5390625, 2.2734375, 0.900390625, 2.91796875, 0.5029296875, 1.7529296875, 1.6611328125, 0.5439453125, 0.178955078125, 0.51220703125, 0.301025390625, 2.12109375, 1.4345703125], [1.02734375, 2.4453125, 0.1396484375, 1.474609375, 1.1962890625, 0.9306640625, 0.0, 2.8125, 3.041015625, 0.8076171875, 0.140625, 1.52734375, 0.9306640625, 2.916015625, 0.244140625, 1.4677734375, 1.4443359375, 1.62109375, 0.65234375, 1.2060546875, 0.74609375, 2.875, 2.205078125, 2.068359375, 0.34375, 1.0078125, 2.33984375, 0.39111328125, 1.34375, 1.830078125, 1.986328125, 0.427734375, 2.68359375, 0.73046875, 0.38671875, 0.75146484375, 1.4423828125, 0.62939453125, 3.05078125, 2.365234375], [2.443359375, 1.0263671875, 2.671875, 1.3369140625, 1.615234375, 1.880859375, 2.8125, 0.0, 0.4306640625, 2.00390625, 2.953125, 1.943359375, 1.880859375, 0.5556640625, 2.56640625, 1.34375, 1.3671875, 1.849609375, 2.818359375, 1.60546875, 2.06640625, 0.5966796875, 1.2685546875, 0.7431640625, 2.46875, 2.462890625, 0.4716796875, 2.419921875, 2.126953125, 0.98095703125, 1.4833984375, 2.3828125, 0.1279296875, 2.740234375, 2.42578125, 2.060546875, 1.369140625, 2.181640625, 0.240234375, 0.4462890625], [2.013671875, 0.595703125, 3.1015625, 1.767578125, 2.044921875, 2.3125, 3.041015625, 0.4306640625, 0.0, 2.43359375, 2.900390625, 1.513671875, 2.310546875, 0.125, 2.998046875, 1.7744140625, 1.7978515625, 1.419921875, 2.388671875, 2.03515625, 2.49609375, 0.166015625, 0.837890625, 1.173828125, 2.8984375, 2.033203125, 0.90234375, 2.8515625, 1.697265625, 1.412109375, 1.052734375, 2.814453125, 0.55859375, 2.310546875, 2.85546875, 2.490234375, 1.7998046875, 2.61328125, 0.1904296875, 0.876953125], [1.8349609375, 3.03125, 0.66796875, 0.66748046875, 0.38916015625, 0.122802734375, 0.8076171875, 2.00390625, 2.43359375, 0.0, 0.9482421875, 2.3359375, 0.123291015625, 2.55859375, 0.5634765625, 0.66015625, 0.63623046875, 2.4296875, 1.4599609375, 0.39892578125, 0.0615234375, 2.6015625, 3.009765625, 1.2607421875, 0.4638671875, 1.8154296875, 1.5322265625, 0.41650390625, 2.15234375, 1.0234375, 2.794921875, 0.3798828125, 1.8759765625, 1.5380859375, 0.4208984375, 0.05615234375, 0.63525390625, 0.17822265625, 2.244140625, 1.5576171875], [0.88671875, 2.3046875, 0.2802734375, 1.615234375, 1.3369140625, 1.0712890625, 0.140625, 2.953125, 2.900390625, 0.9482421875, 0.0, 1.38671875, 1.0712890625, 2.775390625, 0.384765625, 1.6083984375, 1.5849609375, 1.48046875, 0.51171875, 1.3466796875, 0.88671875, 2.734375, 2.064453125, 2.208984375, 0.484375, 0.8671875, 2.48046875, 0.53173828125, 1.203125, 1.970703125, 1.845703125, 0.568359375, 2.82421875, 0.58984375, 0.52734375, 0.89208984375, 1.5830078125, 0.77001953125, 3.091796875, 2.505859375], [0.5, 0.916015625, 1.6669921875, 3.001953125, 2.724609375, 2.45703125, 1.52734375, 1.943359375, 1.513671875, 2.3359375, 1.38671875, 0.0, 2.458984375, 1.388671875, 1.771484375, 2.99609375, 2.970703125, 0.09375, 0.875, 2.734375, 2.2734375, 1.345703125, 0.673828125, 2.6875, 1.87109375, 0.51953125, 2.416015625, 1.91796875, 0.18359375, 2.92578125, 0.462890625, 1.955078125, 2.072265625, 0.796875, 1.9140625, 2.279296875, 2.970703125, 2.15625, 1.705078125, 2.390625], [1.9580078125, 2.90625, 0.791015625, 0.5439453125, 0.265869140625, 0.00048828125, 0.9306640625, 1.880859375, 2.310546875, 0.123291015625, 1.0712890625, 2.458984375, 0.0, 2.435546875, 0.6865234375, 0.537109375, 0.51318359375, 2.552734375, 1.5830078125, 0.275634765625, 0.184814453125, 2.4765625, 3.134765625, 1.1376953125, 0.5869140625, 1.9384765625, 1.4091796875, 0.5400390625, 2.275390625, 0.8994140625, 2.919921875, 0.5029296875, 1.7529296875, 1.6611328125, 0.5439453125, 0.179443359375, 0.51171875, 0.301513671875, 2.12109375, 1.4345703125], [1.888671875, 0.470703125, 3.056640625, 1.892578125, 2.169921875, 2.4375, 2.916015625, 0.5556640625, 0.125, 2.55859375, 2.775390625, 1.388671875, 2.435546875, 0.0, 3.123046875, 1.8994140625, 1.9228515625, 1.294921875, 2.263671875, 2.16015625, 2.62109375, 0.041015625, 0.712890625, 1.298828125, 3.0234375, 1.908203125, 1.02734375, 2.9765625, 1.572265625, 1.537109375, 0.927734375, 2.939453125, 0.68359375, 2.185546875, 2.98046875, 2.615234375, 1.9248046875, 2.73828125, 0.3154296875, 1.001953125], [1.271484375, 2.689453125, 0.1044921875, 1.23046875, 0.95263671875, 0.6865234375, 0.244140625, 2.56640625, 2.998046875, 0.5634765625, 0.384765625, 1.771484375, 0.6865234375, 3.123046875, 0.0, 1.2236328125, 1.2001953125, 1.865234375, 0.896484375, 0.96240234375, 0.501953125, 3.119140625, 2.447265625, 1.82421875, 0.099609375, 1.251953125, 2.095703125, 0.14697265625, 1.587890625, 1.5859375, 2.232421875, 0.18359375, 2.439453125, 0.974609375, 0.142578125, 0.50732421875, 1.1982421875, 0.38525390625, 2.80859375, 2.12109375], [2.49609375, 2.369140625, 1.328125, 0.007080078125, 0.271240234375, 0.53759765625, 1.4677734375, 1.34375, 1.7744140625, 0.66015625, 1.6083984375, 2.99609375, 0.537109375, 1.8994140625, 1.2236328125, 0.0, 0.02392578125, 3.08984375, 2.12109375, 0.261474609375, 0.7216796875, 1.9404296875, 2.611328125, 0.6005859375, 1.1240234375, 2.4765625, 0.8720703125, 1.0771484375, 2.8125, 0.36279296875, 2.826171875, 1.0400390625, 1.2158203125, 2.19921875, 1.0810546875, 0.71630859375, 0.02520751953125, 0.83837890625, 1.583984375, 0.8974609375], [2.470703125, 2.39453125, 1.3046875, 0.031005859375, 0.247314453125, 0.513671875, 1.4443359375, 1.3671875, 1.7978515625, 0.63623046875, 1.5849609375, 2.970703125, 0.51318359375, 1.9228515625, 1.2001953125, 0.02392578125, 0.0, 3.064453125, 2.095703125, 0.237548828125, 0.69775390625, 1.9638671875, 2.63671875, 0.62451171875, 1.1005859375, 2.451171875, 0.89599609375, 1.052734375, 2.787109375, 0.38671875, 2.8515625, 1.0166015625, 1.2392578125, 2.173828125, 1.0576171875, 0.6923828125, 0.00128173828125, 0.814453125, 1.607421875, 0.92138671875], [0.59375, 0.822265625, 1.7607421875, 3.095703125, 2.818359375, 2.55078125, 1.62109375, 1.849609375, 1.419921875, 2.4296875, 1.48046875, 0.09375, 2.552734375, 1.294921875, 1.865234375, 3.08984375, 3.064453125, 0.0, 0.96875, 2.828125, 2.3671875, 1.251953125, 0.580078125, 2.59375, 1.96484375, 0.61328125, 2.322265625, 2.01171875, 0.27734375, 2.83203125, 0.369140625, 2.048828125, 1.978515625, 0.890625, 2.0078125, 2.373046875, 3.064453125, 2.25, 1.611328125, 2.296875], [0.375, 1.791015625, 0.7919921875, 2.126953125, 1.8486328125, 1.5830078125, 0.65234375, 2.818359375, 2.388671875, 1.4599609375, 0.51171875, 0.875, 1.5830078125, 2.263671875, 0.896484375, 2.12109375, 2.095703125, 0.96875, 0.0, 1.8583984375, 1.3984375, 2.220703125, 1.548828125, 2.720703125, 0.99609375, 0.35546875, 2.9921875, 1.04296875, 0.69140625, 2.482421875, 1.337890625, 1.080078125, 2.947265625, 0.078125, 1.0390625, 1.404296875, 2.095703125, 1.28125, 2.580078125, 3.017578125], [2.234375, 2.630859375, 1.06640625, 0.2685546875, 0.009765625, 0.276123046875, 1.2060546875, 1.60546875, 2.03515625, 0.39892578125, 1.3466796875, 2.734375, 0.275634765625, 2.16015625, 0.96240234375, 0.261474609375, 0.237548828125, 2.828125, 1.8583984375, 0.0, 0.46044921875, 2.201171875, 2.873046875, 0.86181640625, 0.86279296875, 2.21484375, 1.1337890625, 0.8154296875, 2.55078125, 0.6240234375, 3.087890625, 0.77880859375, 1.4775390625, 1.9365234375, 0.81982421875, 0.455078125, 0.2362060546875, 0.5771484375, 1.845703125, 1.1591796875], [1.7734375, 3.091796875, 0.6064453125, 0.72900390625, 0.45068359375, 0.184326171875, 0.74609375, 2.06640625, 2.49609375, 0.0615234375, 0.88671875, 2.2734375, 0.184814453125, 2.62109375, 0.501953125, 0.7216796875, 0.69775390625, 2.3671875, 1.3984375, 0.46044921875, 0.0, 2.662109375, 2.94921875, 1.322265625, 0.40234375, 1.75390625, 1.59375, 0.35498046875, 2.08984375, 1.083984375, 2.734375, 0.318359375, 1.9375, 1.4765625, 0.359375, 0.00537109375, 0.69677734375, 0.11669921875, 2.3046875, 1.619140625], [1.845703125, 0.4296875, 3.013671875, 1.93359375, 2.2109375, 2.478515625, 2.875, 0.5966796875, 0.166015625, 2.6015625, 2.734375, 1.345703125, 2.4765625, 0.041015625, 3.119140625, 1.9404296875, 1.9638671875, 1.251953125, 2.220703125, 2.201171875, 2.662109375, 0.0, 0.671875, 1.33984375, 3.064453125, 1.869140625, 1.068359375, 3.017578125, 1.533203125, 1.578125, 0.88671875, 2.98046875, 0.724609375, 2.142578125, 3.021484375, 2.65625, 1.9658203125, 2.779296875, 0.3564453125, 1.04296875], [1.173828125, 0.2421875, 2.341796875, 2.60546875, 2.8828125, 3.1328125, 2.205078125, 1.2685546875, 0.837890625, 3.009765625, 2.064453125, 0.673828125, 3.134765625, 0.712890625, 2.447265625, 2.611328125, 2.63671875, 0.580078125, 1.548828125, 2.873046875, 2.94921875, 0.671875, 0.0, 2.01171875, 2.546875, 1.197265625, 1.740234375, 2.59375, 0.861328125, 2.25, 0.21484375, 2.630859375, 1.396484375, 1.470703125, 2.58984375, 2.955078125, 2.63671875, 2.83203125, 1.0283203125, 1.71484375], [3.095703125, 1.76953125, 1.9287109375, 0.59326171875, 0.87158203125, 1.1376953125, 2.068359375, 0.7431640625, 1.173828125, 1.2607421875, 2.208984375, 2.6875, 1.1376953125, 1.298828125, 1.82421875, 0.6005859375, 0.62451171875, 2.59375, 2.720703125, 0.86181640625, 1.322265625, 1.33984375, 2.01171875, 0.0, 1.724609375, 3.076171875, 0.271484375, 1.677734375, 2.87109375, 0.23779296875, 2.2265625, 1.640625, 0.615234375, 2.798828125, 1.681640625, 1.31640625, 0.62548828125, 1.439453125, 0.9833984375, 0.296875], [1.37109375, 2.7890625, 0.2041015625, 1.130859375, 0.85302734375, 0.5869140625, 0.34375, 2.46875, 2.8984375, 0.4638671875, 0.484375, 1.87109375, 0.5869140625, 3.0234375, 0.099609375, 1.1240234375, 1.1005859375, 1.96484375, 0.99609375, 0.86279296875, 0.40234375, 3.064453125, 2.546875, 1.724609375, 0.0, 1.3515625, 1.99609375, 0.04736328125, 1.6875, 1.486328125, 2.33203125, 0.083984375, 2.33984375, 1.07421875, 0.04296875, 0.40771484375, 1.0986328125, 0.28564453125, 2.70703125, 2.021484375], [0.01953125, 1.439453125, 1.1474609375, 2.482421875, 2.205078125, 1.9384765625, 1.0078125, 2.462890625, 2.033203125, 1.8154296875, 0.8671875, 0.51953125, 1.9384765625, 1.908203125, 1.251953125, 2.4765625, 2.451171875, 0.61328125, 0.35546875, 2.21484375, 1.75390625, 1.869140625, 1.197265625, 3.076171875, 1.3515625, 0.0, 2.935546875, 1.3984375, 0.3359375, 2.837890625, 0.978515625, 1.435546875, 2.591796875, 0.27734375, 1.39453125, 1.759765625, 2.451171875, 1.63671875, 2.224609375, 2.91015625], [2.916015625, 1.498046875, 2.19921875, 0.86474609375, 1.1435546875, 1.4091796875, 2.33984375, 0.4716796875, 0.90234375, 1.5322265625, 2.48046875, 2.416015625, 1.4091796875, 1.02734375, 2.095703125, 0.8720703125, 0.89599609375, 2.322265625, 2.9921875, 1.1337890625, 1.59375, 1.068359375, 1.740234375, 0.271484375, 1.99609375, 2.935546875, 0.0, 1.94921875, 2.599609375, 0.50927734375, 1.955078125, 1.912109375, 0.34375, 3.0703125, 1.953125, 1.587890625, 0.89697265625, 1.7109375, 0.7119140625, 0.025390625], [1.41796875, 2.8359375, 0.25146484375, 1.083984375, 0.8056640625, 0.5390625, 0.39111328125, 2.419921875, 2.8515625, 0.41650390625, 0.53173828125, 1.91796875, 0.5400390625, 2.9765625, 0.14697265625, 1.0771484375, 1.052734375, 2.01171875, 1.04296875, 0.8154296875, 0.35498046875, 3.017578125, 2.59375, 1.677734375, 0.04736328125, 1.3984375, 1.94921875, 0.0, 1.734375, 1.439453125, 2.37890625, 0.03662109375, 2.29296875, 1.12109375, 0.00439453125, 0.3603515625, 1.0517578125, 0.23828125, 2.66015625, 1.974609375], [0.31640625, 1.103515625, 1.4833984375, 2.818359375, 2.541015625, 2.2734375, 1.34375, 2.126953125, 1.697265625, 2.15234375, 1.203125, 0.18359375, 2.275390625, 1.572265625, 1.587890625, 2.8125, 2.787109375, 0.27734375, 0.69140625, 2.55078125, 2.08984375, 1.533203125, 0.861328125, 2.87109375, 1.6875, 0.3359375, 2.599609375, 1.734375, 0.0, 3.109375, 0.642578125, 1.771484375, 2.255859375, 0.61328125, 1.73046875, 2.095703125, 2.787109375, 1.97265625, 1.888671875, 2.57421875], [2.857421875, 2.0078125, 1.69140625, 0.35546875, 0.6337890625, 0.900390625, 1.830078125, 0.98095703125, 1.412109375, 1.0234375, 1.970703125, 2.92578125, 0.8994140625, 1.537109375, 1.5859375, 0.36279296875, 0.38671875, 2.83203125, 2.482421875, 0.6240234375, 1.083984375, 1.578125, 2.25, 0.23779296875, 1.486328125, 2.837890625, 0.50927734375, 1.439453125, 3.109375, 0.0, 2.46484375, 1.40234375, 0.85302734375, 2.560546875, 1.443359375, 1.0791015625, 0.387939453125, 1.201171875, 1.220703125, 0.53466796875], [0.962890625, 0.45703125, 2.126953125, 2.8203125, 3.09765625, 2.91796875, 1.986328125, 1.4833984375, 1.052734375, 2.794921875, 1.845703125, 0.462890625, 2.919921875, 0.927734375, 2.232421875, 2.826171875, 2.8515625, 0.369140625, 1.337890625, 3.087890625, 2.734375, 0.88671875, 0.21484375, 2.2265625, 2.33203125, 0.978515625, 1.955078125, 2.37890625, 0.642578125, 2.46484375, 0.0, 2.416015625, 1.611328125, 1.259765625, 2.375, 2.740234375, 2.8515625, 2.6171875, 1.2431640625, 1.9296875], [1.455078125, 2.873046875, 0.2880859375, 1.046875, 0.76904296875, 0.5029296875, 0.427734375, 2.3828125, 2.814453125, 0.3798828125, 0.568359375, 1.955078125, 0.5029296875, 2.939453125, 0.18359375, 1.0400390625, 1.0166015625, 2.048828125, 1.080078125, 0.77880859375, 0.318359375, 2.98046875, 2.630859375, 1.640625, 0.083984375, 1.435546875, 1.912109375, 0.03662109375, 1.771484375, 1.40234375, 2.416015625, 0.0, 2.255859375, 1.158203125, 0.041015625, 0.32373046875, 1.0146484375, 0.20166015625, 2.625, 1.9375], [2.572265625, 1.154296875, 2.54296875, 1.208984375, 1.4873046875, 1.7529296875, 2.68359375, 0.1279296875, 0.55859375, 1.8759765625, 2.82421875, 2.072265625, 1.7529296875, 0.68359375, 2.439453125, 1.2158203125, 1.2392578125, 1.978515625, 2.947265625, 1.4775390625, 1.9375, 0.724609375, 1.396484375, 0.615234375, 2.33984375, 2.591796875, 0.34375, 2.29296875, 2.255859375, 0.85302734375, 1.611328125, 2.255859375, 0.0, 2.869140625, 2.296875, 1.931640625, 1.2412109375, 2.0546875, 0.3681640625, 0.318359375], [0.296875, 1.712890625, 0.8701171875, 2.205078125, 1.9267578125, 1.6611328125, 0.73046875, 2.740234375, 2.310546875, 1.5380859375, 0.58984375, 0.796875, 1.6611328125, 2.185546875, 0.974609375, 2.19921875, 2.173828125, 0.890625, 0.078125, 1.9365234375, 1.4765625, 2.142578125, 1.470703125, 2.798828125, 1.07421875, 0.27734375, 3.0703125, 1.12109375, 0.61328125, 2.560546875, 1.259765625, 1.158203125, 2.869140625, 0.0, 1.1171875, 1.482421875, 2.173828125, 1.359375, 2.501953125, 3.095703125], [1.4140625, 2.83203125, 0.2470703125, 1.087890625, 0.81005859375, 0.5439453125, 0.38671875, 2.42578125, 2.85546875, 0.4208984375, 0.52734375, 1.9140625, 0.5439453125, 2.98046875, 0.142578125, 1.0810546875, 1.0576171875, 2.0078125, 1.0390625, 0.81982421875, 0.359375, 3.021484375, 2.58984375, 1.681640625, 0.04296875, 1.39453125, 1.953125, 0.00439453125, 1.73046875, 1.443359375, 2.375, 0.041015625, 2.296875, 1.1171875, 0.0, 0.36474609375, 1.0556640625, 0.24267578125, 2.6640625, 1.978515625], [1.779296875, 3.0859375, 0.61181640625, 0.7236328125, 0.4453125, 0.178955078125, 0.75146484375, 2.060546875, 2.490234375, 0.05615234375, 0.89208984375, 2.279296875, 0.179443359375, 2.615234375, 0.50732421875, 0.71630859375, 0.6923828125, 2.373046875, 1.404296875, 0.455078125, 0.00537109375, 2.65625, 2.955078125, 1.31640625, 0.40771484375, 1.759765625, 1.587890625, 0.3603515625, 2.095703125, 1.0791015625, 2.740234375, 0.32373046875, 1.931640625, 1.482421875, 0.36474609375, 0.0, 0.69140625, 0.1220703125, 2.30078125, 1.61328125], [2.470703125, 2.39453125, 1.302734375, 0.03228759765625, 0.2459716796875, 0.51220703125, 1.4423828125, 1.369140625, 1.7998046875, 0.63525390625, 1.5830078125, 2.970703125, 0.51171875, 1.9248046875, 1.1982421875, 0.02520751953125, 0.00128173828125, 3.064453125, 2.095703125, 0.2362060546875, 0.69677734375, 1.9658203125, 2.63671875, 0.62548828125, 1.0986328125, 2.451171875, 0.89697265625, 1.0517578125, 2.787109375, 0.387939453125, 2.8515625, 1.0146484375, 1.2412109375, 2.173828125, 1.0556640625, 0.69140625, 0.0, 0.8134765625, 1.609375, 0.92236328125], [1.65625, 3.07421875, 0.48974609375, 0.845703125, 0.5673828125, 0.301025390625, 0.62939453125, 2.181640625, 2.61328125, 0.17822265625, 0.77001953125, 2.15625, 0.301513671875, 2.73828125, 0.38525390625, 0.83837890625, 0.814453125, 2.25, 1.28125, 0.5771484375, 0.11669921875, 2.779296875, 2.83203125, 1.439453125, 0.28564453125, 1.63671875, 1.7109375, 0.23828125, 1.97265625, 1.201171875, 2.6171875, 0.20166015625, 2.0546875, 1.359375, 0.24267578125, 0.1220703125, 0.8134765625, 0.0, 2.421875, 1.736328125], [2.205078125, 0.7861328125, 2.912109375, 1.5771484375, 1.85546875, 2.12109375, 3.05078125, 0.240234375, 0.1904296875, 2.244140625, 3.091796875, 1.705078125, 2.12109375, 0.3154296875, 2.80859375, 1.583984375, 1.607421875, 1.611328125, 2.580078125, 1.845703125, 2.3046875, 0.3564453125, 1.0283203125, 0.9833984375, 2.70703125, 2.224609375, 0.7119140625, 2.66015625, 1.888671875, 1.220703125, 1.2431640625, 2.625, 0.3681640625, 2.501953125, 2.6640625, 2.30078125, 1.609375, 2.421875, 0.0, 0.6865234375], [2.890625, 1.47265625, 2.2265625, 0.89013671875, 1.1689453125, 1.4345703125, 2.365234375, 0.4462890625, 0.876953125, 1.5576171875, 2.505859375, 2.390625, 1.4345703125, 1.001953125, 2.12109375, 0.8974609375, 0.92138671875, 2.296875, 3.017578125, 1.1591796875, 1.619140625, 1.04296875, 1.71484375, 0.296875, 2.021484375, 2.91015625, 0.025390625, 1.974609375, 2.57421875, 0.53466796875, 1.9296875, 1.9375, 0.318359375, 3.095703125, 1.978515625, 1.61328125, 0.92236328125, 1.736328125, 0.6865234375, 0.0]], "coordinates": [[0, 0], [-50, 51], [-85, -61], [38, 92], [57, -9], [90, 11], [93, 38], [25, 97], [6, -77], [-28, -76], [66, 37], [11, 98], [-59, 18], [49, 20], [-15, -29], [52, 96], [73, -11], [95, -12], [-73, 15], [-22, 52], [89, 10], [45, 29], [-36, -63], [-75, -30], [88, -82], [57, 84], [-80, 85], [52, -85], [3, 4], [-73, 38], [16, -9], [-6, -1], [55, 68], [5, -24], [-42, 81], [29, 39], [99, 63], [32, -4], [68, 56], [-10, -61], [41, -71]], "angles": [2.345703125, -2.51953125, 1.1787109375, -0.1566162109375, 0.12164306640625, 0.387939453125, 1.318359375, -1.4931640625, -1.923828125, 0.5107421875, 1.458984375, 2.845703125, 0.387451171875, -2.048828125, 1.07421875, -0.1495361328125, -0.1256103515625, 2.939453125, 1.970703125, 0.11187744140625, 0.572265625, -2.08984375, -2.76171875, -0.75, 0.974609375, 2.326171875, -1.021484375, 0.92724609375, 2.662109375, -0.51220703125, -2.9765625, 0.890625, -1.365234375, 2.048828125, 0.931640625, 0.56689453125, -0.12432861328125, 0.68896484375, -1.7333984375, -1.046875], "demands": [1, 4, 5, 6, 8, 9, 3, 6, 5, 1, 8, 3, 8, 10, 4, 1, 5, 7, 7, 6, 9, 1, 6, 1, 4, 9, 10, 8, 6, 1, 4, 3, 3, 1, 8, 10, 1, 1, 4, 3], "capacity": 50, "Vmax": 20}