{"name": "LZB_n40_1", "n": 40, "m": 5, "times": [[0.0, 72.625, 64.375, 86.8125, 52.09375, 76.9375, 123.9375, 102.8125, 118.125, 128.75, 37.53125, 93.25, 67.125, 83.5625, 58.40625, 80.625, 17.09375, 56.09375, 55.4375, 100.0, 85.0625, 82.875, 129.625, 74.3125, 35.59375, 39.40625, 4.2421875, 88.5625, 69.0, 88.375, 74.6875, 98.8125, 79.8125, 85.9375, 16.28125, 110.0, 30.671875, 70.625, 29.609375, 79.1875, 65.0], [72.625, 0.0, 132.0, 71.8125, 123.0, 54.65625, 168.25, 131.0, 187.625, 65.8125, 42.0, 86.1875, 97.1875, 74.25, 126.8125, 93.75, 89.6875, 68.375, 25.0, 32.0, 134.0, 151.625, 167.875, 7.2109375, 39.46875, 33.25, 68.6875, 151.375, 137.25, 113.625, 106.25, 57.96875, 151.125, 151.375, 82.6875, 135.125, 77.0, 9.0546875, 43.90625, 150.625, 127.0625], [64.375, 132.0, 0.0, 148.625, 50.96875, 140.625, 145.375, 82.9375, 55.75, 192.375, 101.8125, 111.1875, 66.625, 144.5, 6.32421875, 87.8125, 51.0, 82.5625, 118.875, 153.875, 111.0625, 19.71875, 156.5, 131.75, 99.1875, 100.5, 68.625, 27.078125, 5.38671875, 134.125, 66.5, 163.125, 25.171875, 83.75, 50.21875, 151.375, 85.6875, 127.5625, 88.625, 25.3125, 80.0625], [86.8125, 71.8125, 148.625, 0.0, 114.1875, 17.203125, 114.0, 182.25, 197.5, 72.125, 56.09375, 150.875, 145.125, 6.32421875, 142.375, 150.5, 97.6875, 121.8125, 53.3125, 99.375, 90.4375, 165.0, 108.75, 79.0, 62.28125, 69.4375, 83.1875, 174.375, 152.5, 55.03125, 154.0, 30.0, 157.875, 124.875, 103.0625, 71.5625, 63.625, 79.625, 78.3125, 157.0, 101.0], [52.09375, 123.0, 50.96875, 114.1875, 0.0, 111.3125, 94.875, 126.125, 85.625, 172.0, 83.0, 136.625, 98.8125, 108.875, 45.875, 118.0, 36.125, 100.5625, 102.3125, 151.75, 60.21875, 59.0625, 105.625, 125.5, 83.8125, 90.0, 55.3125, 76.9375, 51.78125, 87.125, 102.8125, 135.625, 47.3125, 38.28125, 50.6875, 102.0625, 52.8125, 122.0, 81.5, 46.3125, 29.125], [76.9375, 54.65625, 140.625, 17.203125, 111.3125, 0.0, 124.6875, 168.0, 191.875, 64.5625, 42.59375, 134.375, 131.0, 20.0, 134.5, 135.125, 89.875, 106.5625, 36.6875, 82.8125, 97.0, 158.125, 121.0625, 61.84375, 48.15625, 54.15625, 73.0, 165.5, 144.875, 66.125, 140.125, 24.40625, 152.25, 127.125, 92.875, 85.125, 58.6875, 62.4375, 64.0625, 151.5, 102.4375], [123.9375, 168.25, 145.375, 114.0, 94.875, 124.6875, 0.0, 218.875, 165.125, 186.125, 129.25, 217.0, 187.5, 108.0, 140.625, 203.75, 117.0625, 180.0, 143.25, 200.125, 38.90625, 149.625, 15.234375, 174.0, 134.625, 144.5, 124.1875, 170.125, 145.5, 59.0, 193.25, 144.0, 135.125, 65.5, 133.125, 46.8125, 98.1875, 172.375, 143.375, 134.125, 66.25], [102.8125, 131.0, 82.9375, 182.25, 126.125, 168.0, 218.875, 0.0, 117.125, 196.375, 126.125, 58.0, 37.125, 180.625, 84.8125, 38.46875, 103.3125, 63.15625, 133.5, 135.75, 181.0, 93.25, 227.375, 126.5, 120.0625, 114.125, 104.8125, 73.5, 86.0625, 191.0, 28.4375, 183.25, 106.0, 163.375, 88.75, 212.25, 133.5, 122.6875, 104.0, 106.5, 153.0], [118.125, 187.625, 55.75, 197.5, 85.625, 191.875, 165.125, 117.125, 0.0, 246.875, 155.625, 159.75, 114.9375, 192.625, 60.8125, 135.25, 102.625, 136.0, 173.375, 209.5, 139.625, 36.0625, 179.0, 187.5, 153.625, 155.75, 122.375, 45.09375, 50.46875, 172.0, 111.625, 215.25, 39.65625, 100.0, 105.25, 184.75, 134.0, 183.375, 144.0, 40.5, 109.875], [128.75, 65.8125, 192.375, 72.125, 172.0, 64.5625, 186.125, 196.375, 246.875, 0.0, 91.4375, 147.5, 163.0, 78.25, 186.75, 158.5, 144.75, 134.125, 73.5625, 68.125, 161.25, 211.375, 180.25, 69.875, 93.3125, 92.4375, 124.5, 214.125, 197.375, 127.125, 172.0, 42.1875, 208.375, 191.25, 142.25, 142.375, 119.5625, 73.75, 104.625, 207.75, 166.375], [37.53125, 42.0, 101.8125, 56.09375, 83.0, 42.59375, 129.25, 126.125, 155.625, 91.4375, 0.0, 98.5, 89.0625, 54.75, 95.875, 95.0625, 53.25, 66.5, 19.3125, 73.4375, 93.3125, 120.4375, 130.75, 46.375, 6.70703125, 16.28125, 33.3125, 125.1875, 106.5, 79.25, 98.0, 62.15625, 116.9375, 109.4375, 52.15625, 101.8125, 35.0, 43.9375, 22.359375, 116.25, 85.0625], [93.25, 86.1875, 111.1875, 150.875, 136.625, 134.375, 217.0, 58.0, 159.75, 147.5, 98.5, 0.0, 45.09375, 151.125, 109.6875, 24.734375, 103.0625, 37.1875, 97.75, 81.9375, 178.25, 128.0, 222.0, 80.0, 91.8125, 82.75, 92.875, 114.9375, 116.0625, 175.625, 48.5, 143.5, 136.25, 174.375, 86.8125, 198.25, 120.25, 77.1875, 77.6875, 136.375, 156.75], [67.125, 97.1875, 66.625, 145.125, 98.8125, 131.0, 187.5, 37.125, 114.9375, 163.0, 89.0625, 45.09375, 0.0, 143.5, 65.75, 21.21875, 70.4375, 29.15625, 97.1875, 107.0625, 148.875, 83.0, 194.875, 93.5, 83.0, 77.4375, 68.6875, 70.3125, 71.375, 155.5, 9.21875, 147.0, 91.8125, 137.0, 54.65625, 177.125, 97.6875, 89.4375, 67.0, 91.9375, 123.0625], [83.5625, 74.25, 144.5, 6.32421875, 108.875, 20.0, 108.0, 180.625, 192.625, 78.25, 54.75, 151.125, 143.5, 0.0, 138.125, 149.625, 93.625, 121.0625, 54.21875, 102.8125, 84.125, 160.5, 103.125, 81.375, 61.1875, 68.9375, 80.0625, 170.5, 148.25, 49.0, 152.375, 36.0625, 153.0, 118.75, 99.8125, 66.25, 59.03125, 81.6875, 77.125, 152.125, 95.0], [58.40625, 126.8125, 6.32421875, 142.375, 45.875, 134.5, 140.625, 84.8125, 60.8125, 186.75, 95.875, 109.6875, 65.75, 138.125, 0.0, 86.875, 44.71875, 79.625, 113.125, 149.375, 105.75, 24.84375, 151.5, 126.75, 93.375, 95.0, 62.625, 33.25, 10.6328125, 128.0, 66.5, 157.0, 27.171875, 80.0, 44.59375, 145.5, 79.375, 122.625, 83.25, 27.078125, 74.9375], [80.625, 93.75, 87.8125, 150.5, 118.0, 135.125, 203.75, 38.46875, 135.25, 158.5, 95.0625, 24.734375, 21.21875, 149.625, 86.875, 0.0, 87.125, 28.640625, 99.1875, 97.25, 164.875, 104.0, 210.125, 88.75, 88.5, 81.0625, 81.25, 90.25, 92.5625, 167.5, 23.765625, 148.0, 113.0, 156.25, 70.75, 189.625, 110.125, 85.125, 72.8125, 113.125, 140.75], [17.09375, 89.6875, 51.0, 97.6875, 36.125, 89.875, 117.0625, 103.3125, 102.625, 144.75, 53.25, 103.0625, 70.4375, 93.625, 44.71875, 87.125, 0.0, 66.1875, 71.875, 116.9375, 78.4375, 68.25, 124.5625, 91.375, 52.15625, 56.46875, 21.03125, 76.875, 55.0625, 89.625, 76.5625, 112.8125, 63.6875, 72.125, 16.40625, 109.75, 35.5, 87.625, 46.5625, 63.03125, 53.8125], [56.09375, 68.375, 82.5625, 121.8125, 100.5625, 106.5625, 180.0, 63.15625, 136.0, 134.125, 66.5, 37.1875, 29.15625, 121.0625, 79.625, 28.640625, 66.1875, 0.0, 71.0, 78.5, 141.125, 101.375, 185.25, 64.375, 59.90625, 52.46875, 55.875, 93.5, 87.875, 140.375, 38.0, 120.3125, 106.8125, 138.0, 50.15625, 162.75, 83.875, 60.40625, 44.28125, 106.6875, 119.6875], [55.4375, 25.0, 118.875, 53.3125, 102.3125, 36.6875, 143.25, 133.5, 173.375, 73.5625, 19.3125, 97.75, 97.1875, 54.21875, 113.125, 99.1875, 71.875, 71.0, 0.0, 57.0, 109.0625, 137.875, 143.125, 30.875, 19.84375, 20.25, 51.21875, 141.0, 123.75, 89.375, 106.375, 49.8125, 135.25, 128.125, 68.6875, 111.25, 53.34375, 29.6875, 32.1875, 134.625, 103.5], [100.0, 32.0, 153.875, 99.375, 151.75, 82.8125, 200.125, 135.75, 209.5, 68.125, 73.4375, 81.9375, 107.0625, 102.8125, 149.375, 97.25, 116.9375, 78.5, 57.0, 0.0, 166.0, 173.625, 199.5, 27.078125, 70.0, 62.125, 96.5, 169.875, 159.25, 144.875, 115.25, 78.8125, 175.125, 182.0, 107.25, 166.0, 108.375, 30.015625, 70.375, 174.75, 158.125], [85.0625, 134.0, 111.0625, 90.4375, 60.21875, 97.0, 38.90625, 181.0, 139.625, 161.25, 93.3125, 178.25, 148.875, 84.125, 105.75, 164.875, 78.4375, 141.125, 109.0625, 166.0, 0.0, 118.3125, 46.53125, 139.25, 98.0625, 107.6875, 85.4375, 137.125, 112.0, 40.46875, 154.875, 119.3125, 105.0, 42.9375, 94.375, 45.875, 60.375, 137.125, 105.5625, 104.0, 31.25], [82.875, 151.625, 19.71875, 165.0, 59.0625, 158.125, 149.625, 93.25, 36.0625, 211.375, 120.4375, 128.0, 83.0, 160.5, 24.84375, 104.0, 68.25, 101.375, 137.875, 173.625, 118.3125, 0.0, 162.0, 151.375, 118.0625, 119.875, 87.125, 22.671875, 14.421875, 145.625, 81.375, 181.0, 15.265625, 85.125, 69.4375, 161.125, 101.5, 147.25, 108.0625, 16.125, 87.125], [129.625, 167.875, 156.5, 108.75, 105.625, 121.0625, 15.234375, 227.375, 179.0, 180.25, 130.75, 222.0, 194.875, 103.125, 151.5, 210.125, 124.5625, 185.25, 143.125, 199.5, 46.53125, 162.0, 0.0, 174.0, 136.5, 146.5, 129.5, 181.875, 157.0, 55.09375, 201.125, 138.625, 147.75, 79.0, 140.25, 38.0625, 102.0, 172.625, 146.625, 146.875, 76.5625], [74.3125, 7.2109375, 131.75, 79.0, 125.5, 61.84375, 174.0, 126.5, 187.5, 69.875, 46.375, 80.0, 93.5, 81.375, 126.75, 88.75, 91.375, 64.375, 30.875, 27.078125, 139.25, 151.375, 174.0, 0.0, 43.0, 35.5, 70.625, 150.125, 137.0, 120.0625, 102.4375, 64.875, 151.625, 155.0, 83.1875, 141.75, 81.3125, 4.2421875, 44.9375, 151.125, 131.0], [35.59375, 39.46875, 99.1875, 62.28125, 83.8125, 48.15625, 134.625, 120.0625, 153.625, 93.3125, 6.70703125, 91.8125, 83.0, 61.1875, 93.375, 88.5, 52.15625, 59.90625, 19.84375, 70.0, 98.0625, 118.0625, 136.5, 43.0, 0.0, 10.0, 31.40625, 121.75, 104.0, 85.5625, 92.0, 66.5, 115.4375, 112.0625, 49.03125, 108.1875, 38.625, 40.125, 16.03125, 114.8125, 88.0625], [39.40625, 33.25, 100.5, 69.4375, 90.0, 54.15625, 144.5, 114.125, 155.75, 92.4375, 16.28125, 82.75, 77.4375, 68.9375, 95.0, 81.0625, 56.46875, 52.46875, 20.25, 62.125, 107.6875, 119.875, 146.5, 35.5, 10.0, 0.0, 35.46875, 121.6875, 105.5625, 95.5, 86.5625, 69.875, 118.4375, 120.0, 50.4375, 118.0625, 47.8125, 32.125, 12.203125, 117.875, 96.4375], [4.2421875, 68.6875, 68.625, 83.1875, 55.3125, 73.0, 124.1875, 104.8125, 122.375, 124.5, 33.3125, 92.875, 68.6875, 80.0625, 62.625, 81.25, 21.03125, 55.875, 51.21875, 96.5, 85.4375, 87.125, 129.5, 70.625, 31.40625, 35.46875, 0.0, 92.5625, 73.25, 86.8125, 76.5625, 94.6875, 84.0, 88.3125, 19.921875, 108.6875, 29.0625, 66.9375, 26.171875, 83.4375, 66.75], [88.5625, 151.375, 27.078125, 174.375, 76.9375, 165.5, 170.125, 73.5, 45.09375, 214.125, 125.1875, 114.9375, 70.3125, 170.5, 33.25, 90.25, 76.875, 93.5, 141.0, 169.875, 137.125, 22.671875, 181.875, 150.125, 121.75, 121.6875, 92.5625, 0.0, 25.171875, 161.125, 66.625, 187.125, 37.8125, 106.5, 73.0625, 178.125, 112.0625, 145.875, 109.5, 38.59375, 105.875], [69.0, 137.25, 5.38671875, 152.5, 51.78125, 144.875, 145.5, 86.0625, 50.46875, 197.375, 106.5, 116.0625, 71.375, 148.25, 10.6328125, 92.5625, 55.0625, 87.875, 123.75, 159.25, 112.0, 14.421875, 157.0, 137.0, 104.0, 105.5625, 73.25, 25.171875, 0.0, 136.375, 70.8125, 167.5, 20.609375, 82.875, 55.1875, 153.125, 89.3125, 132.875, 93.75, 20.875, 80.8125], [88.375, 113.625, 134.125, 55.03125, 87.125, 66.125, 59.0, 191.0, 172.0, 127.125, 79.25, 175.625, 155.5, 49.0, 128.0, 167.5, 89.625, 140.375, 89.375, 144.875, 40.46875, 145.625, 55.09375, 120.0625, 85.5625, 95.5, 86.8125, 161.125, 136.375, 0.0, 163.0, 85.0, 134.375, 81.8125, 102.5, 22.671875, 57.78125, 119.0625, 98.0625, 133.375, 63.0625], [74.6875, 106.25, 66.5, 154.0, 102.8125, 140.125, 193.25, 28.4375, 111.625, 172.0, 98.0, 48.5, 9.21875, 152.375, 66.5, 23.765625, 76.5625, 38.0, 106.375, 115.25, 154.875, 81.375, 201.125, 102.4375, 92.0, 86.5625, 76.5625, 66.625, 70.8125, 163.0, 0.0, 156.125, 91.4375, 140.875, 61.28125, 184.5, 105.3125, 98.4375, 76.0625, 91.6875, 128.125], [98.8125, 57.96875, 163.125, 30.0, 135.625, 24.40625, 144.0, 183.25, 215.25, 42.1875, 62.15625, 143.5, 147.0, 36.0625, 157.0, 148.0, 112.8125, 120.3125, 49.8125, 78.8125, 119.3125, 181.0, 138.625, 64.875, 66.5, 69.875, 94.6875, 187.125, 167.5, 85.0, 156.125, 0.0, 175.875, 151.125, 114.125, 101.125, 82.875, 66.9375, 81.3125, 175.125, 126.5625], [79.8125, 151.125, 25.171875, 157.875, 47.3125, 152.25, 135.125, 106.0, 39.65625, 208.375, 116.9375, 136.25, 91.8125, 153.0, 27.171875, 113.0, 63.6875, 106.8125, 135.25, 175.125, 105.0, 15.265625, 147.75, 151.625, 115.4375, 118.4375, 84.0, 37.8125, 20.609375, 134.375, 91.4375, 175.875, 0.0, 70.1875, 68.5, 148.75, 94.3125, 147.625, 107.1875, 1.0, 74.0625], [85.9375, 151.375, 83.75, 124.875, 38.28125, 127.125, 65.5, 163.375, 100.0, 191.25, 109.4375, 174.375, 137.0, 118.75, 80.0, 156.25, 72.125, 138.0, 128.125, 182.0, 42.9375, 85.125, 79.0, 155.0, 112.0625, 120.0, 88.3125, 106.5, 82.875, 81.8125, 140.875, 151.125, 70.1875, 0.0, 87.875, 88.625, 74.8125, 152.0, 113.625, 69.25, 25.0], [16.28125, 82.6875, 50.21875, 103.0625, 50.6875, 92.875, 133.125, 88.75, 105.25, 142.25, 52.15625, 86.8125, 54.65625, 99.8125, 44.59375, 70.75, 16.40625, 50.15625, 68.6875, 107.25, 94.375, 69.4375, 140.25, 83.1875, 49.03125, 50.4375, 19.921875, 73.0625, 55.1875, 102.5, 61.28125, 114.125, 68.5, 87.875, 0.0, 123.5, 45.53125, 79.1875, 38.84375, 68.0, 70.1875], [110.0, 135.125, 151.375, 71.5625, 102.0625, 85.125, 46.8125, 212.25, 184.75, 142.375, 101.8125, 198.25, 177.125, 66.25, 145.5, 189.625, 109.75, 162.75, 111.25, 166.0, 45.875, 161.125, 38.0625, 141.75, 108.1875, 118.0625, 108.6875, 178.125, 153.125, 22.671875, 184.5, 101.125, 148.75, 88.625, 123.5, 0.0, 79.625, 140.875, 120.75, 147.75, 74.9375], [30.671875, 77.0, 85.6875, 63.625, 52.8125, 58.6875, 98.1875, 133.5, 134.0, 119.5625, 35.0, 120.25, 97.6875, 59.03125, 79.375, 110.125, 35.5, 83.875, 53.34375, 108.375, 60.375, 101.5, 102.0, 81.3125, 38.625, 47.8125, 29.0625, 112.0625, 89.3125, 57.78125, 105.3125, 82.875, 94.3125, 74.8125, 45.53125, 79.625, 0.0, 78.625, 45.28125, 93.5, 50.15625], [70.625, 9.0546875, 127.5625, 79.625, 122.0, 62.4375, 172.375, 122.6875, 183.375, 73.75, 43.9375, 77.1875, 89.4375, 81.6875, 122.625, 85.125, 87.625, 60.40625, 29.6875, 30.015625, 137.125, 147.25, 172.625, 4.2421875, 40.125, 32.125, 66.9375, 145.875, 132.875, 119.0625, 98.4375, 66.9375, 147.625, 152.0, 79.1875, 140.875, 78.625, 0.0, 41.125, 147.125, 128.125], [29.609375, 43.90625, 88.625, 78.3125, 81.5, 64.0625, 143.375, 104.0, 144.0, 104.625, 22.359375, 77.6875, 67.0, 77.125, 83.25, 72.8125, 46.5625, 44.28125, 32.1875, 70.375, 105.5625, 108.0625, 146.625, 44.9375, 16.03125, 12.203125, 26.171875, 109.5, 93.75, 98.0625, 76.0625, 81.3125, 107.1875, 113.625, 38.84375, 120.75, 45.28125, 41.125, 0.0, 106.6875, 91.0], [79.1875, 150.625, 25.3125, 157.0, 46.3125, 151.5, 134.125, 106.5, 40.5, 207.75, 116.25, 136.375, 91.9375, 152.125, 27.078125, 113.125, 63.03125, 106.6875, 134.625, 174.75, 104.0, 16.125, 146.875, 151.125, 114.8125, 117.875, 83.4375, 38.59375, 20.875, 133.375, 91.6875, 175.125, 1.0, 69.25, 68.0, 147.75, 93.5, 147.125, 106.6875, 0.0, 73.0625], [65.0, 127.0625, 80.0625, 101.0, 29.125, 102.4375, 66.25, 153.0, 109.875, 166.375, 85.0625, 156.75, 123.0625, 95.0, 74.9375, 140.75, 53.8125, 119.6875, 103.5, 158.125, 31.25, 87.125, 76.5625, 131.0, 88.0625, 96.4375, 66.75, 105.875, 80.8125, 63.0625, 128.125, 126.5625, 74.0625, 25.0, 70.1875, 74.9375, 50.15625, 128.125, 91.0, 73.0625, 0.0]], "angleGap": [[0.0, 2.599609375, 0.9189453125, 2.8046875, 0.74609375, 2.01171875, 1.6611328125, 2.771484375, 0.3564453125, 0.44580078125, 1.0673828125, 1.5361328125, 0.98193359375, 2.630859375, 1.3134765625, 3.10546875, 1.0927734375, 0.287109375, 0.1943359375, 2.02734375, 2.693359375, 1.900390625, 0.095703125, 0.27001953125, 0.0224609375, 0.3896484375, 2.435546875, 2.638671875, 1.5576171875, 1.6103515625, 0.62060546875, 2.876953125, 2.53515625, 2.150390625, 1.6259765625, 1.5068359375, 0.123046875, 0.1923828125, 2.884765625, 2.3515625], [2.599609375, 0.0, 2.765625, 0.880859375, 2.9375, 1.6728515625, 0.939453125, 0.171875, 2.955078125, 3.044921875, 1.533203125, 1.064453125, 2.703125, 0.03125, 1.283203125, 0.580078125, 1.505859375, 2.884765625, 2.404296875, 1.658203125, 0.09375, 1.7841796875, 2.501953125, 2.869140625, 2.62109375, 2.98828125, 0.1640625, 0.041015625, 2.126953125, 0.986328125, 3.064453125, 0.27734375, 1.150390625, 0.447265625, 2.05859375, 2.177734375, 2.474609375, 2.40625, 0.287109375, 1.333984375], [0.9189453125, 2.765625, 0.0, 1.884765625, 0.172607421875, 1.0927734375, 2.580078125, 2.59375, 0.5625, 0.472900390625, 1.986328125, 2.455078125, 0.0633544921875, 2.734375, 2.232421875, 2.185546875, 2.01171875, 0.6318359375, 1.11328125, 1.1083984375, 2.671875, 0.9814453125, 1.0146484375, 0.6484375, 0.896484375, 0.529296875, 2.9296875, 2.724609375, 0.638671875, 2.529296875, 0.298095703125, 2.48828125, 1.615234375, 3.0703125, 0.70751953125, 0.587890625, 1.0419921875, 1.111328125, 2.478515625, 1.431640625], [2.8046875, 0.880859375, 1.884765625, 0.0, 2.05859375, 0.7919921875, 1.818359375, 0.708984375, 2.447265625, 2.357421875, 2.412109375, 1.943359375, 1.8212890625, 0.849609375, 2.166015625, 0.30078125, 2.38671875, 2.515625, 2.998046875, 0.77685546875, 0.787109375, 0.9033203125, 2.8984375, 2.533203125, 2.78125, 2.4140625, 1.044921875, 0.83984375, 1.24609375, 1.869140625, 2.18359375, 0.603515625, 0.26953125, 1.328125, 1.177734375, 1.296875, 2.92578125, 2.99609375, 0.59375, 0.453125], [0.74609375, 2.9375, 0.172607421875, 2.05859375, 0.0, 1.265625, 2.40625, 2.765625, 0.3896484375, 0.30029296875, 1.8134765625, 2.28125, 0.2359619140625, 2.90625, 2.05859375, 2.359375, 1.8388671875, 0.458984375, 0.9404296875, 1.28125, 2.84375, 1.154296875, 0.841796875, 0.47607421875, 0.7236328125, 0.3564453125, 3.1015625, 2.8984375, 0.8115234375, 2.35546875, 0.12548828125, 2.66015625, 1.7880859375, 2.896484375, 0.8798828125, 0.7607421875, 0.869140625, 0.9384765625, 2.65234375, 1.6044921875], [2.01171875, 1.6728515625, 1.0927734375, 0.7919921875, 1.265625, 0.0, 2.611328125, 1.5009765625, 1.6552734375, 1.56640625, 3.078125, 2.736328125, 1.029296875, 1.6416015625, 2.958984375, 1.0927734375, 3.10546875, 1.724609375, 2.20703125, 0.01513671875, 1.5791015625, 0.111328125, 2.107421875, 1.7421875, 1.9892578125, 1.6220703125, 1.8369140625, 1.6318359375, 0.454345703125, 2.662109375, 1.390625, 1.3955078125, 0.5224609375, 2.12109375, 0.385498046875, 0.5048828125, 2.134765625, 2.203125, 1.3857421875, 0.3388671875], [1.6611328125, 0.939453125, 2.580078125, 1.818359375, 2.40625, 2.611328125, 0.0, 1.111328125, 2.017578125, 2.107421875, 0.59375, 0.125, 2.642578125, 0.970703125, 0.34765625, 1.517578125, 0.568359375, 1.9482421875, 1.466796875, 2.595703125, 1.033203125, 2.720703125, 1.5654296875, 1.931640625, 1.68359375, 2.05078125, 0.775390625, 0.978515625, 3.064453125, 0.05078125, 2.28125, 1.212890625, 2.087890625, 0.490234375, 2.99609375, 3.115234375, 1.5380859375, 1.46875, 1.224609375, 2.271484375], [2.771484375, 0.171875, 2.59375, 0.708984375, 2.765625, 1.5009765625, 1.111328125, 0.0, 3.126953125, 3.06640625, 1.705078125, 1.236328125, 2.53125, 0.140625, 1.455078125, 0.408203125, 1.677734375, 3.056640625, 2.576171875, 1.486328125, 0.078125, 1.6123046875, 2.673828125, 3.041015625, 2.79296875, 3.123046875, 0.3359375, 0.130859375, 1.955078125, 1.158203125, 2.892578125, 0.10546875, 0.978515625, 0.619140625, 1.88671875, 2.005859375, 2.646484375, 2.578125, 0.115234375, 1.162109375], [0.3564453125, 2.955078125, 0.5625, 2.447265625, 0.3896484375, 1.6552734375, 2.017578125, 3.126953125, 0.0, 0.08935546875, 1.423828125, 1.892578125, 0.62548828125, 2.986328125, 1.669921875, 2.748046875, 1.44921875, 0.0693359375, 0.55078125, 1.669921875, 3.048828125, 1.5439453125, 0.4521484375, 0.08642578125, 0.333984375, 0.033203125, 2.791015625, 2.99609375, 1.201171875, 1.966796875, 0.26416015625, 3.05078125, 2.177734375, 2.5078125, 1.26953125, 1.150390625, 0.4794921875, 0.548828125, 3.041015625, 1.994140625], [0.44580078125, 3.044921875, 0.472900390625, 2.357421875, 0.30029296875, 1.56640625, 2.107421875, 3.06640625, 0.08935546875, 0.0, 1.513671875, 1.982421875, 0.5361328125, 3.076171875, 1.759765625, 2.658203125, 1.5390625, 0.15869140625, 0.64013671875, 1.5810546875, 3.138671875, 1.455078125, 0.54150390625, 0.17578125, 0.42333984375, 0.05615234375, 2.880859375, 3.0859375, 1.111328125, 2.056640625, 0.1748046875, 2.9609375, 2.087890625, 2.59765625, 1.1806640625, 1.060546875, 0.56884765625, 0.63818359375, 2.951171875, 1.904296875], [1.0673828125, 1.533203125, 1.986328125, 2.412109375, 1.8134765625, 3.078125, 0.59375, 1.705078125, 1.423828125, 1.513671875, 0.0, 0.46875, 2.048828125, 1.564453125, 0.24609375, 2.111328125, 0.025390625, 1.3544921875, 0.873046875, 3.09375, 1.626953125, 2.96875, 0.9716796875, 1.337890625, 1.08984375, 1.45703125, 1.369140625, 1.572265625, 2.625, 0.54296875, 1.6875, 1.806640625, 2.681640625, 1.083984375, 2.693359375, 2.57421875, 0.9443359375, 0.875, 1.818359375, 2.865234375], [1.5361328125, 1.064453125, 2.455078125, 1.943359375, 2.28125, 2.736328125, 0.125, 1.236328125, 1.892578125, 1.982421875, 0.46875, 0.0, 2.517578125, 1.095703125, 0.22265625, 1.642578125, 0.443359375, 1.8232421875, 1.341796875, 2.720703125, 1.158203125, 2.845703125, 1.4404296875, 1.806640625, 1.55859375, 1.92578125, 0.900390625, 1.103515625, 3.09375, 0.07421875, 2.15625, 1.337890625, 2.212890625, 0.615234375, 3.12109375, 3.04296875, 1.4130859375, 1.34375, 1.349609375, 2.396484375], [0.98193359375, 2.703125, 0.0633544921875, 1.8212890625, 0.2359619140625, 1.029296875, 2.642578125, 2.53125, 0.62548828125, 0.5361328125, 2.048828125, 2.517578125, 0.0, 2.671875, 2.294921875, 2.123046875, 2.07421875, 0.69482421875, 1.1767578125, 1.044921875, 2.609375, 0.91845703125, 1.078125, 0.7119140625, 0.95947265625, 0.59228515625, 2.8671875, 2.662109375, 0.5751953125, 2.591796875, 0.361328125, 2.42578125, 1.5517578125, 3.1328125, 0.64404296875, 0.52490234375, 1.10546875, 1.1748046875, 2.416015625, 1.3681640625], [2.630859375, 0.03125, 2.734375, 0.849609375, 2.90625, 1.6416015625, 0.970703125, 0.140625, 2.986328125, 3.076171875, 1.564453125, 1.095703125, 2.671875, 0.0, 1.314453125, 0.548828125, 1.537109375, 2.916015625, 2.435546875, 1.626953125, 0.0625, 1.7529296875, 2.533203125, 2.900390625, 2.65234375, 3.01953125, 0.1953125, 0.009765625, 2.095703125, 1.017578125, 3.033203125, 0.24609375, 1.119140625, 0.478515625, 2.02734375, 2.146484375, 2.505859375, 2.4375, 0.255859375, 1.302734375], [1.3134765625, 1.283203125, 2.232421875, 2.166015625, 2.05859375, 2.958984375, 0.34765625, 1.455078125, 1.669921875, 1.759765625, 0.24609375, 0.22265625, 2.294921875, 1.314453125, 0.0, 1.865234375, 0.220703125, 1.6005859375, 1.119140625, 2.943359375, 1.376953125, 3.068359375, 1.2177734375, 1.583984375, 1.3359375, 1.703125, 1.119140625, 1.326171875, 2.87109375, 0.296875, 1.93359375, 1.564453125, 2.435546875, 0.837890625, 2.939453125, 2.8203125, 1.1904296875, 1.12109375, 1.572265625, 2.619140625], [3.10546875, 0.580078125, 2.185546875, 0.30078125, 2.359375, 1.0927734375, 1.517578125, 0.408203125, 2.748046875, 2.658203125, 2.111328125, 1.642578125, 2.123046875, 0.548828125, 1.865234375, 0.0, 2.087890625, 2.81640625, 2.984375, 1.078125, 0.486328125, 1.2041015625, 3.083984375, 2.833984375, 3.08203125, 2.71484375, 0.744140625, 0.5390625, 1.546875, 1.568359375, 2.484375, 0.302734375, 0.5703125, 1.02734375, 1.478515625, 1.59765625, 3.056640625, 2.986328125, 0.29296875, 0.75390625], [1.0927734375, 1.505859375, 2.01171875, 2.38671875, 1.8388671875, 3.10546875, 0.568359375, 1.677734375, 1.44921875, 1.5390625, 0.025390625, 0.443359375, 2.07421875, 1.537109375, 0.220703125, 2.087890625, 0.0, 1.3798828125, 0.8984375, 3.119140625, 1.599609375, 2.9921875, 0.9970703125, 1.36328125, 1.115234375, 1.482421875, 1.341796875, 1.548828125, 2.650390625, 0.517578125, 1.712890625, 1.783203125, 2.65625, 1.056640625, 2.71875, 2.599609375, 0.9697265625, 0.900390625, 1.791015625, 2.83984375], [0.287109375, 2.884765625, 0.6318359375, 2.515625, 0.458984375, 1.724609375, 1.9482421875, 3.056640625, 0.0693359375, 0.15869140625, 1.3544921875, 1.8232421875, 0.69482421875, 2.916015625, 1.6005859375, 2.81640625, 1.3798828125, 0.0, 0.4814453125, 1.740234375, 2.978515625, 1.61328125, 0.3828125, 0.01708984375, 0.2646484375, 0.1025390625, 2.720703125, 2.927734375, 1.2705078125, 1.8974609375, 0.33349609375, 3.12109375, 2.24609375, 2.439453125, 1.3388671875, 1.2197265625, 0.41015625, 0.4794921875, 3.109375, 2.0625], [0.1943359375, 2.404296875, 1.11328125, 2.998046875, 0.9404296875, 2.20703125, 1.466796875, 2.576171875, 0.55078125, 0.64013671875, 0.873046875, 1.341796875, 1.1767578125, 2.435546875, 1.119140625, 2.984375, 0.8984375, 0.4814453125, 0.0, 2.220703125, 2.498046875, 2.09375, 0.0986328125, 0.46435546875, 0.216796875, 0.583984375, 2.240234375, 2.4453125, 1.751953125, 1.416015625, 0.81494140625, 2.681640625, 2.728515625, 1.955078125, 1.8203125, 1.701171875, 0.0712890625, 0.001953125, 2.69140625, 2.544921875], [2.02734375, 1.658203125, 1.1083984375, 0.77685546875, 1.28125, 0.01513671875, 2.595703125, 1.486328125, 1.669921875, 1.5810546875, 3.09375, 2.720703125, 1.044921875, 1.626953125, 2.943359375, 1.078125, 3.119140625, 1.740234375, 2.220703125, 0.0, 1.564453125, 0.12646484375, 2.123046875, 1.7568359375, 2.00390625, 1.63671875, 1.822265625, 1.6171875, 0.469482421875, 2.646484375, 1.40625, 1.380859375, 0.50732421875, 2.10546875, 0.400634765625, 0.52001953125, 2.150390625, 2.21875, 1.37109375, 0.32373046875], [2.693359375, 0.09375, 2.671875, 0.787109375, 2.84375, 1.5791015625, 1.033203125, 0.078125, 3.048828125, 3.138671875, 1.626953125, 1.158203125, 2.609375, 0.0625, 1.376953125, 0.486328125, 1.599609375, 2.978515625, 2.498046875, 1.564453125, 0.0, 1.6904296875, 2.595703125, 2.962890625, 2.71484375, 3.08203125, 0.2578125, 0.052734375, 2.033203125, 1.080078125, 2.970703125, 0.18359375, 1.056640625, 0.541015625, 1.96484375, 2.083984375, 2.568359375, 2.5, 0.193359375, 1.240234375], [1.900390625, 1.7841796875, 0.9814453125, 0.9033203125, 1.154296875, 0.111328125, 2.720703125, 1.6123046875, 1.5439453125, 1.455078125, 2.96875, 2.845703125, 0.91845703125, 1.7529296875, 3.068359375, 1.2041015625, 2.9921875, 1.61328125, 2.09375, 0.12646484375, 1.6904296875, 0.0, 1.99609375, 1.630859375, 1.8779296875, 1.5107421875, 1.9482421875, 1.7431640625, 0.343017578125, 2.771484375, 1.279296875, 1.5068359375, 0.6337890625, 2.23046875, 0.274169921875, 0.3935546875, 2.0234375, 2.09375, 1.4970703125, 0.4501953125], [0.095703125, 2.501953125, 1.0146484375, 2.8984375, 0.841796875, 2.107421875, 1.5654296875, 2.673828125, 0.4521484375, 0.54150390625, 0.9716796875, 1.4404296875, 1.078125, 2.533203125, 1.2177734375, 3.083984375, 0.9970703125, 0.3828125, 0.0986328125, 2.123046875, 2.595703125, 1.99609375, 0.0, 0.36572265625, 0.1181640625, 0.4853515625, 2.337890625, 2.544921875, 1.6533203125, 1.5146484375, 0.71630859375, 2.779296875, 2.62890625, 2.056640625, 1.7216796875, 1.6025390625, 0.02734375, 0.0966796875, 2.791015625, 2.4453125], [0.27001953125, 2.869140625, 0.6484375, 2.533203125, 0.47607421875, 1.7421875, 1.931640625, 3.041015625, 0.08642578125, 0.17578125, 1.337890625, 1.806640625, 0.7119140625, 2.900390625, 1.583984375, 2.833984375, 1.36328125, 0.01708984375, 0.46435546875, 1.7568359375, 2.962890625, 1.630859375, 0.36572265625, 0.0, 0.24755859375, 0.11962890625, 2.705078125, 2.91015625, 1.287109375, 1.880859375, 0.3505859375, 3.13671875, 2.263671875, 2.421875, 1.3564453125, 1.236328125, 0.39306640625, 0.46240234375, 3.126953125, 2.080078125], [0.0224609375, 2.62109375, 0.896484375, 2.78125, 0.7236328125, 1.9892578125, 1.68359375, 2.79296875, 0.333984375, 0.42333984375, 1.08984375, 1.55859375, 0.95947265625, 2.65234375, 1.3359375, 3.08203125, 1.115234375, 0.2646484375, 0.216796875, 2.00390625, 2.71484375, 1.8779296875, 0.1181640625, 0.24755859375, 0.0, 0.3671875, 2.45703125, 2.662109375, 1.53515625, 1.6328125, 0.59814453125, 2.8984375, 2.51171875, 2.173828125, 1.603515625, 1.484375, 0.1455078125, 0.21484375, 2.908203125, 2.328125], [0.3896484375, 2.98828125, 0.529296875, 2.4140625, 0.3564453125, 1.6220703125, 2.05078125, 3.123046875, 0.033203125, 0.05615234375, 1.45703125, 1.92578125, 0.59228515625, 3.01953125, 1.703125, 2.71484375, 1.482421875, 0.1025390625, 0.583984375, 1.63671875, 3.08203125, 1.5107421875, 0.4853515625, 0.11962890625, 0.3671875, 0.0, 2.82421875, 3.029296875, 1.16796875, 2.0, 0.23095703125, 3.017578125, 2.14453125, 2.541015625, 1.236328125, 1.1171875, 0.5126953125, 0.58203125, 3.0078125, 1.9609375], [2.435546875, 0.1640625, 2.9296875, 1.044921875, 3.1015625, 1.8369140625, 0.775390625, 0.3359375, 2.791015625, 2.880859375, 1.369140625, 0.900390625, 2.8671875, 0.1953125, 1.119140625, 0.744140625, 1.341796875, 2.720703125, 2.240234375, 1.822265625, 0.2578125, 1.9482421875, 2.337890625, 2.705078125, 2.45703125, 2.82421875, 0.0, 0.205078125, 2.291015625, 0.822265625, 3.0546875, 0.44140625, 1.314453125, 0.283203125, 2.22265625, 2.341796875, 2.310546875, 2.244140625, 0.451171875, 1.498046875], [2.638671875, 0.041015625, 2.724609375, 0.83984375, 2.8984375, 1.6318359375, 0.978515625, 0.130859375, 2.99609375, 3.0859375, 1.572265625, 1.103515625, 2.662109375, 0.009765625, 1.326171875, 0.5390625, 1.548828125, 2.927734375, 2.4453125, 1.6171875, 0.052734375, 1.7431640625, 2.544921875, 2.91015625, 2.662109375, 3.029296875, 0.205078125, 0.0, 2.0859375, 1.029296875, 3.0234375, 0.236328125, 1.109375, 0.48828125, 2.017578125, 2.13671875, 2.517578125, 2.447265625, 0.24609375, 1.29296875], [1.5576171875, 2.126953125, 0.638671875, 1.24609375, 0.8115234375, 0.454345703125, 3.064453125, 1.955078125, 1.201171875, 1.111328125, 2.625, 3.09375, 0.5751953125, 2.095703125, 2.87109375, 1.546875, 2.650390625, 1.2705078125, 1.751953125, 0.469482421875, 2.033203125, 0.343017578125, 1.6533203125, 1.287109375, 1.53515625, 1.16796875, 2.291015625, 2.0859375, 0.0, 3.115234375, 0.9365234375, 1.849609375, 0.9765625, 2.57421875, 0.06884765625, 0.050537109375, 1.6806640625, 1.75, 1.83984375, 0.79296875], [1.6103515625, 0.986328125, 2.529296875, 1.869140625, 2.35546875, 2.662109375, 0.05078125, 1.158203125, 1.966796875, 2.056640625, 0.54296875, 0.07421875, 2.591796875, 1.017578125, 0.296875, 1.568359375, 0.517578125, 1.8974609375, 1.416015625, 2.646484375, 1.080078125, 2.771484375, 1.5146484375, 1.880859375, 1.6328125, 2.0, 0.822265625, 1.029296875, 3.115234375, 0.0, 2.23046875, 1.267578125, 2.138671875, 0.541015625, 3.046875, 3.1171875, 1.4873046875, 1.41796875, 1.275390625, 2.322265625], [0.62060546875, 3.064453125, 0.298095703125, 2.18359375, 0.12548828125, 1.390625, 2.28125, 2.892578125, 0.26416015625, 0.1748046875, 1.6875, 2.15625, 0.361328125, 3.033203125, 1.93359375, 2.484375, 1.712890625, 0.33349609375, 0.81494140625, 1.40625, 2.970703125, 1.279296875, 0.71630859375, 0.3505859375, 0.59814453125, 0.23095703125, 3.0546875, 3.0234375, 0.9365234375, 2.23046875, 0.0, 2.787109375, 1.9140625, 2.771484375, 1.005859375, 0.88623046875, 0.74365234375, 0.81298828125, 2.77734375, 1.73046875], [2.876953125, 0.27734375, 2.48828125, 0.603515625, 2.66015625, 1.3955078125, 1.212890625, 0.10546875, 3.05078125, 2.9609375, 1.806640625, 1.337890625, 2.42578125, 0.24609375, 1.564453125, 0.302734375, 1.783203125, 3.12109375, 2.681640625, 1.380859375, 0.18359375, 1.5068359375, 2.779296875, 3.13671875, 2.8984375, 3.017578125, 0.44140625, 0.236328125, 1.849609375, 1.267578125, 2.787109375, 0.0, 0.873046875, 0.724609375, 1.78125, 1.900390625, 2.751953125, 2.68359375, 0.009765625, 1.056640625], [2.53515625, 1.150390625, 1.615234375, 0.26953125, 1.7880859375, 0.5224609375, 2.087890625, 0.978515625, 2.177734375, 2.087890625, 2.681640625, 2.212890625, 1.5517578125, 1.119140625, 2.435546875, 0.5703125, 2.65625, 2.24609375, 2.728515625, 0.50732421875, 1.056640625, 0.6337890625, 2.62890625, 2.263671875, 2.51171875, 2.14453125, 1.314453125, 1.109375, 0.9765625, 2.138671875, 1.9140625, 0.873046875, 0.0, 1.59765625, 0.908203125, 1.02734375, 2.65625, 2.7265625, 0.86328125, 0.18359375], [2.150390625, 0.447265625, 3.0703125, 1.328125, 2.896484375, 2.12109375, 0.490234375, 0.619140625, 2.5078125, 2.59765625, 1.083984375, 0.615234375, 3.1328125, 0.478515625, 0.837890625, 1.02734375, 1.056640625, 2.439453125, 1.955078125, 2.10546875, 0.541015625, 2.23046875, 2.056640625, 2.421875, 2.173828125, 2.541015625, 0.283203125, 0.48828125, 2.57421875, 0.541015625, 2.771484375, 0.724609375, 1.59765625, 0.0, 2.505859375, 2.625, 2.029296875, 1.958984375, 0.734375, 1.78125], [1.6259765625, 2.05859375, 0.70751953125, 1.177734375, 0.8798828125, 0.385498046875, 2.99609375, 1.88671875, 1.26953125, 1.1806640625, 2.693359375, 3.12109375, 0.64404296875, 2.02734375, 2.939453125, 1.478515625, 2.71875, 1.3388671875, 1.8203125, 0.400634765625, 1.96484375, 0.274169921875, 1.7216796875, 1.3564453125, 1.603515625, 1.236328125, 2.22265625, 2.017578125, 0.06884765625, 3.046875, 1.005859375, 1.78125, 0.908203125, 2.505859375, 0.0, 0.119384765625, 1.7490234375, 1.818359375, 1.771484375, 0.724609375], [1.5068359375, 2.177734375, 0.587890625, 1.296875, 0.7607421875, 0.5048828125, 3.115234375, 2.005859375, 1.150390625, 1.060546875, 2.57421875, 3.04296875, 0.52490234375, 2.146484375, 2.8203125, 1.59765625, 2.599609375, 1.2197265625, 1.701171875, 0.52001953125, 2.083984375, 0.3935546875, 1.6025390625, 1.236328125, 1.484375, 1.1171875, 2.341796875, 2.13671875, 0.050537109375, 3.1171875, 0.88623046875, 1.900390625, 1.02734375, 2.625, 0.119384765625, 0.0, 1.6298828125, 1.69921875, 1.890625, 0.84375], [0.123046875, 2.474609375, 1.0419921875, 2.92578125, 0.869140625, 2.134765625, 1.5380859375, 2.646484375, 0.4794921875, 0.56884765625, 0.9443359375, 1.4130859375, 1.10546875, 2.505859375, 1.1904296875, 3.056640625, 0.9697265625, 0.41015625, 0.0712890625, 2.150390625, 2.568359375, 2.0234375, 0.02734375, 0.39306640625, 0.1455078125, 0.5126953125, 2.310546875, 2.517578125, 1.6806640625, 1.4873046875, 0.74365234375, 2.751953125, 2.65625, 2.029296875, 1.7490234375, 1.6298828125, 0.0, 0.0693359375, 2.763671875, 2.47265625], [0.1923828125, 2.40625, 1.111328125, 2.99609375, 0.9384765625, 2.203125, 1.46875, 2.578125, 0.548828125, 0.63818359375, 0.875, 1.34375, 1.1748046875, 2.4375, 1.12109375, 2.986328125, 0.900390625, 0.4794921875, 0.001953125, 2.21875, 2.5, 2.09375, 0.0966796875, 0.46240234375, 0.21484375, 0.58203125, 2.244140625, 2.447265625, 1.75, 1.41796875, 0.81298828125, 2.68359375, 2.7265625, 1.958984375, 1.818359375, 1.69921875, 0.0693359375, 0.0, 2.693359375, 2.54296875], [2.884765625, 0.287109375, 2.478515625, 0.59375, 2.65234375, 1.3857421875, 1.224609375, 0.115234375, 3.041015625, 2.951171875, 1.818359375, 1.349609375, 2.416015625, 0.255859375, 1.572265625, 0.29296875, 1.791015625, 3.109375, 2.69140625, 1.37109375, 0.193359375, 1.4970703125, 2.791015625, 3.126953125, 2.908203125, 3.0078125, 0.451171875, 0.24609375, 1.83984375, 1.275390625, 2.77734375, 0.009765625, 0.86328125, 0.734375, 1.771484375, 1.890625, 2.763671875, 2.693359375, 0.0, 1.046875], [2.3515625, 1.333984375, 1.431640625, 0.453125, 1.6044921875, 0.3388671875, 2.271484375, 1.162109375, 1.994140625, 1.904296875, 2.865234375, 2.396484375, 1.3681640625, 1.302734375, 2.619140625, 0.75390625, 2.83984375, 2.0625, 2.544921875, 0.32373046875, 1.240234375, 0.4501953125, 2.4453125, 2.080078125, 2.328125, 1.9609375, 1.498046875, 1.29296875, 0.79296875, 2.322265625, 1.73046875, 1.056640625, 0.18359375, 1.78125, 0.724609375, 0.84375, 2.47265625, 2.54296875, 1.046875, 0.0]], "coordinates": [[0, 0], [28, -67], [-52, 38], [84, -22], [-3, 52], [70, -32], [83, 92], [-98, -31], [-82, 85], [88, -94], [28, -25], [-58, -73], [-61, -28], [82, -16], [-46, 36], [-64, -49], [-6, 16], [-36, -43], [35, -43], [20, -98], [56, 64], [-62, 55], [97, 86], [22, -71], [22, -28], [16, -36], [3, -3], [-79, 40], [-54, 43], [82, 33], [-70, -26], [84, -52], [-49, 63], [18, 84], [-16, 3], [99, 48], [29, 10], [19, -68], [6, -29], [-48, 63], [25, 60]], "angles": [-1.1748046875, 2.509765625, -0.256103515625, 1.62890625, -0.4287109375, 0.8369140625, -2.8359375, 2.337890625, -0.818359375, -0.72900390625, -2.2421875, -2.7109375, -0.1927490234375, 2.478515625, -2.48828125, 1.9296875, -2.267578125, -0.8876953125, -1.369140625, 0.85205078125, 2.416015625, 0.7255859375, -1.2705078125, -0.90478515625, -1.15234375, -0.78515625, 2.673828125, 2.46875, 0.382568359375, -2.78515625, -0.55419921875, 2.232421875, 1.359375, 2.95703125, 0.451416015625, 0.33203125, -1.2978515625, -1.3671875, 2.22265625, 1.17578125], "demands": [6, 3, 3, 7, 10, 7, 3, 8, 8, 9, 1, 1, 1, 9, 6, 4, 4, 6, 8, 6, 1, 8, 6, 9, 1, 7, 1, 1, 8, 4, 1, 1, 4, 3, 10, 6, 2, 7, 1, 9], "capacity": 50, "Vmax": 20}