{"name": "LZB_n40_3", "n": 40, "m": 5, "times": [[0.0, 67.5, 101.625, 65.0, 89.875, 69.75, 53.03125, 83.625, 90.0, 56.3125, 109.3125, 82.4375, 86.75, 80.1875, 92.75, 69.375, 135.125, 124.625, 67.25, 84.1875, 99.75, 22.359375, 123.375, 69.375, 74.625, 98.4375, 72.9375, 43.03125, 61.28125, 109.0, 85.5, 69.875, 81.5625, 66.625, 99.0, 85.875, 72.9375, 98.0625, 106.25, 37.53125, 104.5625], [67.5, 0.0, 74.3125, 18.390625, 142.375, 22.359375, 54.90625, 107.375, 150.75, 97.0625, 71.5, 120.125, 148.125, 143.0, 160.125, 97.625, 93.6875, 184.125, 128.5, 151.375, 55.9375, 64.5625, 168.125, 76.6875, 90.4375, 58.3125, 32.5625, 42.4375, 61.71875, 170.375, 91.5, 78.75, 129.25, 134.125, 130.375, 125.625, 48.375, 86.625, 168.75, 42.53125, 95.4375], [101.625, 74.3125, 0.0, 57.0, 191.375, 52.09375, 122.1875, 172.375, 190.375, 84.125, 144.625, 92.1875, 144.875, 179.625, 181.125, 160.0, 36.6875, 225.0, 168.0, 174.25, 128.5, 82.0625, 136.0, 44.59375, 157.375, 20.609375, 42.0, 106.5, 42.625, 208.625, 44.03125, 46.1875, 182.0, 155.375, 91.8125, 98.125, 122.0, 22.46875, 205.125, 65.375, 169.0], [65.0, 18.390625, 57.0, 0.0, 147.875, 5.83203125, 67.0625, 119.0, 153.125, 83.8125, 89.875, 105.1875, 138.625, 144.25, 157.0, 107.9375, 80.125, 187.25, 130.375, 148.625, 74.3125, 56.09375, 153.5, 59.40625, 102.875, 43.0, 15.03125, 52.3125, 44.59375, 172.625, 73.625, 61.53125, 135.875, 130.5, 114.1875, 110.9375, 65.0, 68.3125, 170.25, 32.0, 112.0], [89.875, 142.375, 191.375, 147.875, 0.0, 153.5, 93.125, 58.40625, 26.25, 132.25, 141.0, 152.875, 117.875, 33.625, 72.1875, 55.4375, 224.0, 45.53125, 31.0625, 66.375, 141.875, 110.9375, 176.125, 157.5, 71.1875, 186.5, 159.125, 100.6875, 151.0, 39.0625, 172.375, 157.625, 16.03125, 69.375, 170.875, 153.375, 114.8125, 187.375, 41.78125, 126.375, 106.5625], [69.75, 22.359375, 52.09375, 5.83203125, 153.5, 0.0, 72.8125, 124.8125, 158.375, 85.1875, 93.625, 105.5625, 141.25, 149.375, 161.25, 113.75, 74.3125, 192.625, 135.625, 153.0, 77.8125, 59.53125, 153.875, 58.25, 108.625, 37.375, 10.1953125, 58.125, 43.84375, 177.75, 71.5625, 60.4375, 141.625, 134.75, 113.75, 111.375, 70.0, 64.625, 175.5, 35.34375, 117.125], [53.03125, 54.90625, 122.1875, 67.0625, 93.125, 72.8125, 0.0, 52.46875, 107.0625, 106.875, 58.875, 133.25, 137.875, 102.375, 129.5, 43.125, 147.125, 137.625, 87.25, 120.5, 53.25, 68.5, 176.125, 106.6875, 35.84375, 110.0625, 81.625, 16.0, 93.5625, 126.375, 123.8125, 108.0625, 78.3125, 107.0, 148.5, 137.25, 24.078125, 128.0, 126.125, 63.625, 53.3125], [83.625, 107.375, 172.375, 119.0, 58.40625, 124.8125, 52.46875, 0.0, 81.625, 139.0, 85.4375, 164.5, 149.625, 83.1875, 120.125, 14.3203125, 199.125, 103.0, 71.0, 112.0625, 89.4375, 105.1875, 200.0, 150.25, 17.6875, 161.75, 133.125, 66.6875, 139.0, 97.3125, 167.125, 151.125, 42.75, 106.0625, 181.625, 167.0, 66.6875, 175.375, 99.4375, 109.5, 48.15625], [90.0, 150.75, 190.375, 153.125, 26.25, 158.375, 107.0625, 81.625, 0.0, 122.25, 160.0, 139.75, 97.5, 12.3671875, 47.0, 75.6875, 224.875, 34.65625, 22.796875, 42.375, 158.75, 108.375, 157.125, 152.5, 91.8125, 188.375, 162.625, 111.3125, 148.375, 19.703125, 165.875, 152.25, 39.40625, 50.03125, 157.375, 139.25, 130.375, 183.5, 19.109375, 127.5625, 129.125], [56.3125, 97.0625, 84.125, 83.8125, 132.25, 85.1875, 106.875, 139.0, 122.25, 0.0, 157.625, 26.421875, 60.875, 110.0625, 101.125, 124.75, 120.6875, 154.875, 102.8125, 95.6875, 145.25, 38.59375, 71.8125, 39.5625, 130.875, 92.9375, 81.0625, 93.625, 46.03125, 137.375, 46.75, 38.09375, 128.625, 77.8125, 42.71875, 30.609375, 122.6875, 68.8125, 132.75, 54.71875, 159.75], [109.3125, 71.5, 144.625, 89.875, 141.0, 93.625, 58.875, 85.4375, 160.0, 157.625, 0.0, 183.25, 195.75, 157.5, 187.5, 85.5625, 157.0, 186.5, 142.75, 178.5, 16.125, 119.625, 229.25, 146.125, 70.0625, 126.4375, 103.75, 66.3125, 131.25, 178.125, 162.0, 148.0, 125.0, 165.75, 196.25, 188.125, 36.34375, 158.125, 179.0, 105.625, 44.03125], [82.4375, 120.125, 92.1875, 105.1875, 152.875, 105.5625, 133.25, 164.5, 139.75, 26.421875, 183.25, 0.0, 59.65625, 127.375, 111.0, 150.125, 126.9375, 170.25, 122.3125, 107.375, 170.375, 64.875, 48.3125, 50.8125, 157.0, 105.5, 99.75, 119.875, 62.625, 152.875, 48.65625, 48.65625, 151.0, 91.5625, 18.03125, 6.08203125, 148.625, 72.375, 147.625, 78.75, 186.25], [86.75, 148.125, 144.875, 138.625, 117.875, 141.25, 137.875, 149.625, 97.5, 60.875, 195.75, 59.65625, 0.0, 86.0, 57.5, 136.625, 181.25, 121.9375, 87.625, 57.125, 186.5, 83.5625, 60.0625, 100.3125, 148.625, 153.625, 139.0, 129.75, 106.375, 105.3125, 104.625, 98.6875, 122.0, 48.5, 73.125, 55.875, 159.375, 128.0, 99.4375, 106.8125, 184.75], [80.1875, 143.0, 179.625, 144.25, 33.625, 149.375, 102.375, 83.1875, 12.3671875, 110.0625, 157.5, 127.375, 86.0, 0.0, 38.9375, 75.3125, 214.5, 45.59375, 15.1328125, 32.75, 155.0, 97.5625, 145.375, 141.0, 91.1875, 178.375, 153.125, 105.0, 137.375, 29.0, 154.0, 140.625, 43.28125, 38.0, 145.0, 126.875, 126.1875, 172.0, 26.078125, 117.625, 129.375], [92.75, 160.125, 181.125, 157.0, 72.1875, 161.25, 129.5, 120.125, 47.0, 101.125, 187.5, 111.0, 57.5, 38.9375, 0.0, 110.5, 217.5, 65.0, 49.09375, 9.0546875, 182.75, 103.0625, 117.125, 138.25, 125.6875, 184.25, 162.75, 128.0, 138.75, 49.25, 147.875, 137.25, 82.0625, 26.578125, 127.0625, 108.8125, 153.625, 169.0, 43.1875, 126.5, 164.25], [69.375, 97.625, 160.0, 107.9375, 55.4375, 113.75, 43.125, 14.3203125, 75.6875, 124.75, 85.5625, 150.125, 136.625, 75.3125, 110.5, 0.0, 187.875, 101.0, 61.84375, 102.0625, 87.0, 91.0625, 186.0, 136.5, 16.125, 150.25, 121.625, 55.75, 125.625, 93.0, 153.25, 137.25, 39.46875, 94.5, 167.375, 152.75, 61.28125, 162.25, 94.3125, 96.3125, 54.09375], [135.125, 93.6875, 36.6875, 80.125, 224.0, 74.3125, 147.125, 199.125, 224.875, 120.6875, 157.0, 126.9375, 181.25, 214.5, 217.5, 187.875, 0.0, 259.5, 202.25, 210.5, 141.0, 117.0625, 168.0, 81.125, 182.875, 37.75, 66.25, 132.375, 78.75, 243.5, 78.25, 82.625, 213.375, 191.625, 124.0625, 132.625, 141.625, 54.59375, 240.125, 97.75, 188.25], [124.625, 184.125, 225.0, 187.25, 45.53125, 192.625, 137.625, 103.0, 34.65625, 154.875, 186.5, 170.25, 121.9375, 45.59375, 65.0, 101.0, 259.5, 0.0, 57.375, 64.9375, 187.375, 143.0, 181.875, 186.625, 116.625, 223.125, 197.125, 143.625, 182.875, 17.46875, 199.375, 186.25, 61.53125, 78.75, 187.5, 169.25, 159.875, 217.625, 22.796875, 162.25, 151.0], [67.25, 128.5, 168.0, 130.375, 31.0625, 135.625, 87.25, 71.0, 22.796875, 102.8125, 142.75, 122.3125, 87.625, 15.1328125, 49.09375, 61.84375, 202.25, 57.375, 0.0, 41.21875, 140.0, 86.0625, 145.125, 131.0, 77.5, 165.625, 139.75, 90.0, 126.1875, 42.1875, 144.875, 130.875, 35.0, 39.40625, 140.25, 122.5625, 111.125, 161.75, 40.3125, 104.8125, 115.875], [84.1875, 151.375, 174.25, 148.625, 66.375, 153.0, 120.5, 112.0625, 42.375, 95.6875, 178.5, 107.375, 57.125, 32.75, 9.0546875, 102.0625, 210.5, 64.9375, 41.21875, 0.0, 173.625, 95.25, 117.1875, 131.875, 117.1875, 176.75, 154.75, 119.0625, 131.75, 48.15625, 142.125, 131.0, 75.0625, 18.875, 124.0, 105.625, 144.5, 162.875, 42.28125, 118.5, 155.625], [99.75, 55.9375, 128.5, 74.3125, 141.875, 77.8125, 53.25, 89.4375, 158.75, 145.25, 16.125, 170.375, 186.5, 155.0, 182.75, 87.0, 141.0, 187.375, 140.0, 173.625, 0.0, 107.8125, 217.0, 131.5, 72.625, 110.3125, 87.9375, 57.0, 116.5, 177.625, 147.0, 133.375, 126.125, 159.625, 182.75, 175.5, 29.15625, 142.5, 177.875, 92.0, 54.40625], [22.359375, 64.5625, 82.0625, 56.09375, 110.9375, 59.53125, 68.5, 105.1875, 108.375, 38.59375, 119.625, 64.875, 83.5625, 97.5625, 103.0625, 91.0625, 117.0625, 143.0, 86.0625, 95.25, 107.8125, 0.0, 109.625, 47.125, 94.9375, 81.8125, 59.78125, 55.0, 40.21875, 126.5625, 63.15625, 47.53125, 103.4375, 76.5625, 80.0625, 69.1875, 84.25, 76.5, 123.1875, 24.1875, 121.625], [123.375, 168.125, 136.0, 153.5, 176.125, 153.875, 176.125, 200.0, 157.125, 71.8125, 229.25, 48.3125, 60.0625, 145.375, 117.125, 186.0, 168.0, 181.875, 145.125, 117.1875, 217.0, 109.625, 0.0, 98.0, 195.375, 151.375, 147.875, 164.125, 110.6875, 165.375, 92.0625, 95.8125, 178.25, 107.375, 44.1875, 42.53125, 193.75, 114.25, 159.5, 126.25, 227.875], [69.375, 76.6875, 44.59375, 59.40625, 157.5, 58.25, 106.6875, 150.25, 152.5, 39.5625, 146.125, 50.8125, 100.3125, 141.0, 138.25, 136.5, 81.125, 186.625, 131.0, 131.875, 131.5, 47.125, 98.0, 0.0, 138.125, 55.0, 50.78125, 91.0, 15.0, 169.625, 17.125, 2.236328125, 150.5, 113.25, 55.9375, 56.875, 115.3125, 31.140625, 165.5, 43.1875, 159.125], [74.625, 90.4375, 157.375, 102.875, 71.1875, 108.625, 35.84375, 17.6875, 91.8125, 130.875, 70.0625, 157.0, 148.625, 91.1875, 125.6875, 16.125, 182.875, 116.625, 77.5, 117.1875, 72.625, 94.9375, 195.375, 138.125, 0.0, 145.875, 117.3125, 50.96875, 126.0625, 109.0625, 155.125, 139.125, 55.15625, 108.4375, 173.625, 160.125, 49.03125, 161.75, 110.4375, 96.125, 38.46875], [98.4375, 58.3125, 20.609375, 43.0, 186.5, 37.375, 110.0625, 161.75, 188.375, 92.9375, 126.4375, 105.5, 153.625, 178.375, 184.25, 150.25, 37.75, 223.125, 165.625, 176.75, 110.3125, 81.8125, 151.375, 55.0, 145.875, 0.0, 28.640625, 95.0625, 47.3125, 207.25, 59.78125, 57.03125, 175.75, 158.0, 107.6875, 111.5625, 106.6875, 41.625, 204.25, 60.875, 153.75], [72.9375, 32.5625, 42.0, 15.03125, 159.125, 10.1953125, 81.625, 133.125, 162.625, 81.0625, 103.75, 99.75, 139.0, 153.125, 162.75, 121.625, 66.25, 197.125, 139.75, 154.75, 87.9375, 59.78125, 147.875, 50.78125, 117.3125, 28.640625, 0.0, 66.5, 37.15625, 181.875, 62.9375, 53.0, 147.875, 136.125, 106.6875, 105.6875, 80.0, 54.625, 179.125, 36.25, 127.0625], [43.03125, 42.4375, 106.5, 52.3125, 100.6875, 58.125, 16.0, 66.6875, 111.3125, 93.625, 66.3125, 119.875, 129.75, 105.0, 128.0, 55.75, 132.375, 143.625, 90.0, 119.0625, 57.0, 55.0, 164.125, 91.0, 50.96875, 95.0625, 66.5, 0.0, 77.625, 131.0, 108.0625, 92.4375, 87.0, 103.8125, 134.5, 124.1875, 30.0, 112.0, 130.0, 47.84375, 68.3125], [61.28125, 61.71875, 42.625, 44.59375, 151.0, 43.84375, 93.5625, 139.0, 148.375, 46.03125, 131.25, 62.625, 106.375, 137.375, 138.75, 125.625, 78.75, 182.875, 126.1875, 131.75, 116.5, 40.21875, 110.6875, 15.0, 126.0625, 47.3125, 37.15625, 77.625, 0.0, 166.25, 31.015625, 17.03125, 142.75, 112.875, 69.875, 68.625, 100.875, 37.0, 162.625, 30.015625, 145.375], [109.0, 170.375, 208.625, 172.625, 39.0625, 177.75, 126.375, 97.3125, 19.703125, 137.375, 178.125, 152.875, 105.3125, 29.0, 49.25, 93.0, 243.5, 17.46875, 42.1875, 48.15625, 177.625, 126.5625, 165.375, 169.625, 109.0625, 207.25, 181.875, 131.0, 166.25, 0.0, 182.25, 169.25, 54.59375, 61.34375, 170.125, 151.75, 149.5, 200.625, 6.08203125, 146.5, 145.375], [85.5, 91.5, 44.03125, 73.625, 172.375, 71.5625, 123.8125, 167.125, 165.875, 46.75, 162.0, 48.65625, 104.625, 154.0, 147.875, 153.25, 78.25, 199.375, 144.875, 142.125, 147.0, 63.15625, 92.0625, 17.125, 155.125, 59.78125, 62.9375, 108.0625, 31.015625, 182.25, 0.0, 16.0, 166.125, 124.0, 48.0625, 54.4375, 131.875, 23.765625, 177.875, 60.21875, 176.125], [69.875, 78.75, 46.1875, 61.53125, 157.625, 60.4375, 108.0625, 151.125, 152.25, 38.09375, 148.0, 48.65625, 98.6875, 140.625, 137.25, 137.25, 82.625, 186.25, 130.875, 131.0, 133.375, 47.53125, 95.8125, 2.236328125, 139.125, 57.03125, 53.0, 92.4375, 17.03125, 169.25, 16.0, 0.0, 150.875, 112.5, 53.71875, 54.75, 117.0, 31.828125, 165.125, 44.65625, 160.625], [81.5625, 129.25, 182.0, 135.875, 16.03125, 141.625, 78.3125, 42.75, 39.40625, 128.625, 125.0, 151.0, 122.0, 43.28125, 82.0625, 39.46875, 213.375, 61.53125, 35.0, 75.0625, 126.125, 103.4375, 178.25, 150.5, 55.15625, 175.75, 147.875, 87.0, 142.75, 54.59375, 166.125, 150.875, 0.0, 74.25, 169.0, 152.125, 99.375, 179.625, 56.75, 116.625, 90.8125], [66.625, 134.125, 155.375, 130.5, 69.375, 134.75, 107.0, 106.0625, 50.03125, 77.8125, 165.75, 91.5625, 48.5, 38.0, 26.578125, 94.5, 191.625, 78.75, 39.40625, 18.875, 159.625, 76.5625, 107.375, 113.25, 108.4375, 158.0, 136.125, 103.8125, 112.875, 61.34375, 124.0, 112.5, 74.25, 0.0, 108.8125, 90.4375, 130.75, 144.25, 56.09375, 99.9375, 146.5], [99.0, 130.375, 91.8125, 114.1875, 170.875, 113.75, 148.5, 181.625, 157.375, 42.71875, 196.25, 18.03125, 73.125, 145.0, 127.0625, 167.375, 124.0625, 187.5, 140.25, 124.0, 182.75, 80.0625, 44.1875, 55.9375, 173.625, 107.6875, 106.6875, 134.5, 69.875, 170.125, 48.0625, 53.71875, 169.0, 108.8125, 0.0, 18.390625, 162.5, 70.125, 164.75, 90.8125, 201.75], [85.875, 125.625, 98.125, 110.9375, 153.375, 111.375, 137.25, 167.0, 139.25, 30.609375, 188.125, 6.08203125, 55.875, 126.875, 108.8125, 152.75, 132.625, 169.25, 122.5625, 105.625, 175.5, 69.1875, 42.53125, 56.875, 160.125, 111.5625, 105.6875, 124.1875, 68.625, 151.75, 54.4375, 54.75, 152.125, 90.4375, 18.390625, 0.0, 153.25, 78.0625, 146.5, 84.0, 190.0], [72.9375, 48.375, 122.0, 65.0, 114.8125, 70.0, 24.078125, 66.6875, 130.375, 122.6875, 36.34375, 148.625, 159.375, 126.1875, 153.625, 61.28125, 141.625, 159.875, 111.125, 144.5, 29.15625, 84.25, 193.75, 115.3125, 49.03125, 106.6875, 80.0, 30.0, 100.875, 149.5, 131.875, 117.0, 99.375, 130.75, 162.5, 153.25, 0.0, 131.875, 149.5, 72.875, 47.09375], [98.0625, 86.625, 22.46875, 68.3125, 187.375, 64.625, 128.0, 175.375, 183.5, 68.8125, 158.125, 72.375, 128.0, 172.0, 169.0, 162.25, 54.59375, 217.625, 161.75, 162.875, 142.5, 76.5, 114.25, 31.140625, 161.75, 41.625, 54.625, 112.0, 37.0, 200.625, 23.765625, 31.828125, 179.625, 144.25, 70.125, 78.0625, 131.875, 0.0, 196.625, 65.9375, 178.0], [106.25, 168.75, 205.125, 170.25, 41.78125, 175.5, 126.125, 99.4375, 19.109375, 132.75, 179.0, 147.625, 99.4375, 26.078125, 43.1875, 94.3125, 240.125, 22.796875, 40.3125, 42.28125, 177.875, 123.1875, 159.5, 165.5, 110.4375, 204.25, 179.125, 130.0, 162.625, 6.08203125, 177.875, 165.125, 56.75, 56.09375, 164.75, 146.5, 149.5, 196.625, 0.0, 143.625, 147.375], [37.53125, 42.53125, 65.375, 32.0, 126.375, 35.34375, 63.625, 109.5, 127.5625, 54.71875, 105.625, 78.75, 106.8125, 117.625, 126.5, 96.3125, 97.75, 162.25, 104.8125, 118.5, 92.0, 24.1875, 126.25, 43.1875, 96.125, 60.875, 36.25, 47.84375, 30.015625, 146.5, 60.21875, 44.65625, 116.625, 99.9375, 90.8125, 84.0, 72.875, 65.9375, 143.625, 0.0, 115.9375], [104.5625, 95.4375, 169.0, 112.0, 106.5625, 117.125, 53.3125, 48.15625, 129.125, 159.75, 44.03125, 186.25, 184.75, 129.375, 164.25, 54.09375, 188.25, 151.0, 115.875, 155.625, 54.40625, 121.625, 227.875, 159.125, 38.46875, 153.75, 127.0625, 68.3125, 145.375, 145.375, 176.125, 160.625, 90.8125, 146.5, 201.75, 190.0, 47.09375, 178.0, 147.375, 115.9375, 0.0]], "angleGap": [[0.0, 0.8203125, 0.2763671875, 2.25390625, 0.326171875, 0.91748046875, 1.5693359375, 2.544921875, 1.798828125, 0.6884765625, 1.853515625, 2.5703125, 2.634765625, 3.06640625, 1.587890625, 0.693359375, 2.53125, 2.52734375, 3.03125, 0.564453125, 1.271484375, 2.103515625, 1.189453125, 1.3759765625, 0.6171875, 0.4609375, 0.6552734375, 0.99609375, 2.59765625, 1.263671875, 1.220703125, 2.09375, 3.125, 1.771484375, 1.908203125, 0.69921875, 1.04296875, 2.6484375, 0.609375, 1.1015625], [0.8203125, 0.0, 0.5439453125, 3.07421875, 0.494140625, 1.73828125, 2.390625, 2.91796875, 0.978515625, 1.5087890625, 1.033203125, 1.751953125, 2.828125, 2.396484375, 2.408203125, 0.126953125, 2.931640625, 2.935546875, 2.431640625, 1.384765625, 0.451171875, 1.283203125, 0.369140625, 2.197265625, 0.203125, 0.359375, 1.4755859375, 0.17578125, 2.865234375, 0.443359375, 0.400390625, 2.9140625, 2.337890625, 0.951171875, 1.087890625, 1.51953125, 0.22265625, 2.814453125, 0.2109375, 1.921875], [0.2763671875, 0.5439453125, 0.0, 2.529296875, 0.0498046875, 1.193359375, 1.845703125, 2.822265625, 1.521484375, 0.96484375, 1.576171875, 2.294921875, 2.91015625, 2.94140625, 1.865234375, 0.4169921875, 2.80859375, 2.8046875, 2.974609375, 0.8408203125, 0.9951171875, 1.830078125, 0.9130859375, 1.65234375, 0.3408203125, 0.1845703125, 0.931640625, 0.7197265625, 2.875, 0.9873046875, 0.9443359375, 2.369140625, 2.880859375, 1.494140625, 1.634765625, 0.9755859375, 0.7666015625, 2.92578125, 0.3330078125, 1.3779296875], [2.25390625, 3.07421875, 2.529296875, 0.0, 2.578125, 1.3359375, 0.68359375, 0.29248046875, 2.234375, 1.564453125, 2.1796875, 1.4599609375, 0.38134765625, 0.8125, 0.66455078125, 2.9453125, 0.27880859375, 0.2744140625, 0.779296875, 1.6884765625, 2.759765625, 1.9248046875, 2.841796875, 0.876953125, 2.87109375, 2.71484375, 1.59765625, 3.033203125, 0.345703125, 2.767578125, 2.810546875, 0.16015625, 0.8720703125, 2.2578125, 2.12109375, 1.5537109375, 2.986328125, 0.39599609375, 2.86328125, 1.1513671875], [0.326171875, 0.494140625, 0.0498046875, 2.578125, 0.0, 1.244140625, 1.8955078125, 2.87109375, 1.470703125, 1.0146484375, 1.525390625, 2.244140625, 2.9609375, 2.892578125, 1.9140625, 0.3671875, 2.857421875, 2.853515625, 2.923828125, 0.890625, 0.9453125, 1.779296875, 0.86328125, 1.7021484375, 0.291015625, 0.134765625, 0.9814453125, 0.669921875, 2.92578125, 0.9375, 0.89453125, 2.41796875, 2.83203125, 1.447265625, 1.583984375, 1.025390625, 0.716796875, 2.974609375, 0.283203125, 1.427734375], [0.91748046875, 1.73828125, 1.193359375, 1.3359375, 1.244140625, 0.0, 0.65185546875, 1.6279296875, 2.71484375, 0.22900390625, 2.76953125, 2.794921875, 1.716796875, 2.1484375, 0.6708984375, 1.611328125, 1.6142578125, 1.609375, 2.115234375, 0.35302734375, 2.189453125, 3.0234375, 2.107421875, 0.458740234375, 1.53515625, 1.37890625, 0.26220703125, 1.9140625, 1.681640625, 2.181640625, 2.138671875, 1.17578125, 2.20703125, 2.689453125, 2.828125, 0.21826171875, 1.9609375, 1.7314453125, 1.52734375, 0.18408203125], [1.5693359375, 2.390625, 1.845703125, 0.68359375, 1.8955078125, 0.65185546875, 0.0, 0.97607421875, 2.916015625, 0.880859375, 2.861328125, 2.142578125, 1.064453125, 1.49609375, 0.01885986328125, 2.263671875, 0.96240234375, 0.9580078125, 1.462890625, 1.0048828125, 2.841796875, 2.607421875, 2.759765625, 0.193359375, 2.1875, 2.03125, 0.9140625, 2.56640625, 1.029296875, 2.833984375, 2.791015625, 0.5234375, 1.5556640625, 2.94140625, 2.802734375, 0.8701171875, 2.61328125, 1.0791015625, 2.1796875, 0.468017578125], [2.544921875, 2.91796875, 2.822265625, 0.29248046875, 2.87109375, 1.6279296875, 0.97607421875, 0.0, 1.94140625, 1.857421875, 1.88671875, 1.16796875, 0.0888671875, 0.52001953125, 0.95703125, 3.044921875, 0.013671875, 0.01806640625, 0.48681640625, 1.98046875, 2.466796875, 1.6328125, 2.548828125, 1.1689453125, 3.12109375, 3.005859375, 1.890625, 2.7421875, 0.05322265625, 2.474609375, 2.517578125, 0.45263671875, 0.57958984375, 1.966796875, 1.828125, 1.845703125, 2.6953125, 0.103515625, 3.12890625, 1.443359375], [1.798828125, 0.978515625, 1.521484375, 2.234375, 1.470703125, 2.71484375, 2.916015625, 1.94140625, 0.0, 2.486328125, 0.0546875, 0.7734375, 1.8515625, 1.4208984375, 2.8984375, 1.103515625, 1.955078125, 1.958984375, 1.4541015625, 2.361328125, 0.525390625, 0.30859375, 0.607421875, 3.109375, 1.181640625, 1.337890625, 2.451171875, 0.798828125, 1.8876953125, 0.533203125, 0.576171875, 2.39453125, 1.361328125, 0.025390625, 0.11328125, 2.49609375, 0.751953125, 1.837890625, 1.189453125, 2.8984375], [0.6884765625, 1.5087890625, 0.96484375, 1.564453125, 1.0146484375, 0.22900390625, 0.880859375, 1.857421875, 2.486328125, 0.0, 2.541015625, 3.0234375, 1.9453125, 2.376953125, 0.89990234375, 1.3818359375, 1.84375, 1.8388671875, 2.34375, 0.1240234375, 1.9599609375, 2.794921875, 1.8779296875, 0.6875, 1.3056640625, 1.1494140625, 0.033203125, 1.6845703125, 1.91015625, 1.9521484375, 1.9091796875, 1.404296875, 2.4375, 2.458984375, 2.599609375, 0.0107421875, 1.7314453125, 1.9609375, 1.2978515625, 0.4130859375], [1.853515625, 1.033203125, 1.576171875, 2.1796875, 1.525390625, 2.76953125, 2.861328125, 1.88671875, 0.0546875, 2.541015625, 0.0, 0.71875, 1.796875, 1.3662109375, 2.84375, 1.158203125, 1.900390625, 1.904296875, 1.3994140625, 2.416015625, 0.580078125, 0.25390625, 0.662109375, 3.0546875, 1.236328125, 1.392578125, 2.505859375, 0.853515625, 1.8330078125, 0.587890625, 0.630859375, 2.33984375, 1.306640625, 0.080078125, 0.05859375, 2.55078125, 0.806640625, 1.783203125, 1.244140625, 2.953125], [2.5703125, 1.751953125, 2.294921875, 1.4599609375, 2.244140625, 2.794921875, 2.142578125, 1.16796875, 0.7734375, 3.0234375, 0.71875, 0.0, 1.078125, 0.6474609375, 2.125, 1.876953125, 1.181640625, 1.185546875, 0.6806640625, 3.134765625, 1.298828125, 0.46484375, 1.380859375, 2.3359375, 1.955078125, 2.111328125, 3.05859375, 1.572265625, 1.1142578125, 1.306640625, 1.349609375, 1.6201171875, 0.587890625, 0.798828125, 0.66015625, 3.013671875, 1.525390625, 1.064453125, 1.962890625, 2.611328125], [2.634765625, 2.828125, 2.91015625, 0.38134765625, 2.9609375, 1.716796875, 1.064453125, 0.0888671875, 1.8515625, 1.9453125, 1.796875, 1.078125, 0.0, 0.43115234375, 1.0458984375, 2.955078125, 0.1025390625, 0.10693359375, 0.39794921875, 2.0703125, 2.376953125, 1.54296875, 2.458984375, 1.2578125, 3.03125, 3.095703125, 1.978515625, 2.65234375, 0.03564453125, 2.384765625, 2.427734375, 0.54150390625, 0.49072265625, 1.876953125, 1.73828125, 1.935546875, 2.60546875, 0.0146484375, 3.0390625, 1.533203125], [3.06640625, 2.396484375, 2.94140625, 0.8125, 2.892578125, 2.1484375, 1.49609375, 0.52001953125, 1.4208984375, 2.376953125, 1.3662109375, 0.6474609375, 0.43115234375, 0.0, 1.4765625, 2.525390625, 0.53369140625, 0.5380859375, 0.033203125, 2.5, 1.947265625, 1.1123046875, 2.029296875, 1.689453125, 2.599609375, 2.755859375, 2.41015625, 2.220703125, 0.466796875, 1.955078125, 1.998046875, 0.97265625, 0.0595703125, 1.4462890625, 1.3076171875, 2.3671875, 2.173828125, 0.41650390625, 2.607421875, 1.9638671875], [1.587890625, 2.408203125, 1.865234375, 0.66455078125, 1.9140625, 0.6708984375, 0.01885986328125, 0.95703125, 2.8984375, 0.89990234375, 2.84375, 2.125, 1.0458984375, 1.4765625, 0.0, 2.28125, 0.943359375, 0.93896484375, 1.443359375, 1.0234375, 2.859375, 2.58984375, 2.77734375, 0.212158203125, 2.205078125, 2.048828125, 0.93310546875, 2.583984375, 1.009765625, 2.8515625, 2.80859375, 0.50439453125, 1.537109375, 2.923828125, 2.78515625, 0.88916015625, 2.630859375, 1.060546875, 2.197265625, 0.48681640625], [0.693359375, 0.126953125, 0.4169921875, 2.9453125, 0.3671875, 1.611328125, 2.263671875, 3.044921875, 1.103515625, 1.3818359375, 1.158203125, 1.876953125, 2.955078125, 2.525390625, 2.28125, 0.0, 3.05859375, 3.0625, 2.556640625, 1.2578125, 0.578125, 1.412109375, 0.49609375, 2.0703125, 0.076171875, 0.232421875, 1.3486328125, 0.302734375, 2.990234375, 0.5703125, 0.52734375, 2.78515625, 2.46484375, 1.080078125, 1.216796875, 1.392578125, 0.349609375, 2.94140625, 0.083984375, 1.794921875], [2.53125, 2.931640625, 2.80859375, 0.27880859375, 2.857421875, 1.6142578125, 0.96240234375, 0.013671875, 1.955078125, 1.84375, 1.900390625, 1.181640625, 0.1025390625, 0.53369140625, 0.943359375, 3.05859375, 0.0, 0.00439453125, 0.50048828125, 1.966796875, 2.48046875, 1.646484375, 2.5625, 1.1552734375, 3.134765625, 2.9921875, 1.876953125, 2.755859375, 0.06689453125, 2.48828125, 2.53125, 0.43896484375, 0.59326171875, 1.98046875, 1.841796875, 1.83203125, 2.708984375, 0.1171875, 3.140625, 1.4296875], [2.52734375, 2.935546875, 2.8046875, 0.2744140625, 2.853515625, 1.609375, 0.9580078125, 0.01806640625, 1.958984375, 1.8388671875, 1.904296875, 1.185546875, 0.10693359375, 0.5380859375, 0.93896484375, 3.0625, 0.00439453125, 0.0, 0.5048828125, 1.962890625, 2.484375, 1.650390625, 2.56640625, 1.1513671875, 3.138671875, 2.98828125, 1.8720703125, 2.759765625, 0.0712890625, 2.4921875, 2.53515625, 0.4345703125, 0.59765625, 1.984375, 1.845703125, 1.828125, 2.712890625, 0.12158203125, 3.13671875, 1.42578125], [3.03125, 2.431640625, 2.974609375, 0.779296875, 2.923828125, 2.115234375, 1.462890625, 0.48681640625, 1.4541015625, 2.34375, 1.3994140625, 0.6806640625, 0.39794921875, 0.033203125, 1.443359375, 2.556640625, 0.50048828125, 0.5048828125, 0.0, 2.46875, 1.978515625, 1.1455078125, 2.060546875, 1.65625, 2.634765625, 2.791015625, 2.376953125, 2.255859375, 0.43359375, 1.986328125, 2.029296875, 0.939453125, 0.0927734375, 1.4794921875, 1.3408203125, 2.33203125, 2.208984375, 0.38330078125, 2.642578125, 1.9306640625], [0.564453125, 1.384765625, 0.8408203125, 1.6884765625, 0.890625, 0.35302734375, 1.0048828125, 1.98046875, 2.361328125, 0.1240234375, 2.416015625, 3.134765625, 2.0703125, 2.5, 1.0234375, 1.2578125, 1.966796875, 1.962890625, 2.46875, 0.0, 1.8359375, 2.669921875, 1.75390625, 0.8115234375, 1.181640625, 1.025390625, 0.0908203125, 1.560546875, 2.03515625, 1.828125, 1.78515625, 1.5283203125, 2.560546875, 2.3359375, 2.474609375, 0.134765625, 1.607421875, 2.083984375, 1.173828125, 0.537109375], [1.271484375, 0.451171875, 0.9951171875, 2.759765625, 0.9453125, 2.189453125, 2.841796875, 2.466796875, 0.525390625, 1.9599609375, 0.580078125, 1.298828125, 2.376953125, 1.947265625, 2.859375, 0.578125, 2.48046875, 2.484375, 1.978515625, 1.8359375, 0.0, 0.833984375, 0.08203125, 2.6484375, 0.654296875, 0.810546875, 1.9267578125, 0.275390625, 2.412109375, 0.0078125, 0.05078125, 2.919921875, 1.884765625, 0.501953125, 0.638671875, 1.970703125, 0.228515625, 2.36328125, 0.662109375, 2.373046875], [2.103515625, 1.283203125, 1.830078125, 1.9248046875, 1.779296875, 3.0234375, 2.607421875, 1.6328125, 0.30859375, 2.794921875, 0.25390625, 0.46484375, 1.54296875, 1.1123046875, 2.58984375, 1.412109375, 1.646484375, 1.650390625, 1.1455078125, 2.669921875, 0.833984375, 0.0, 0.916015625, 2.80078125, 1.486328125, 1.642578125, 2.759765625, 1.111328125, 1.5791015625, 0.841796875, 0.884765625, 2.0859375, 1.052734375, 0.333984375, 0.1953125, 2.8046875, 1.064453125, 1.529296875, 1.494140625, 3.076171875], [1.189453125, 0.369140625, 0.9130859375, 2.841796875, 0.86328125, 2.107421875, 2.759765625, 2.548828125, 0.607421875, 1.8779296875, 0.662109375, 1.380859375, 2.458984375, 2.029296875, 2.77734375, 0.49609375, 2.5625, 2.56640625, 2.060546875, 1.75390625, 0.08203125, 0.916015625, 0.0, 2.56640625, 0.572265625, 0.728515625, 1.8447265625, 0.193359375, 2.494140625, 0.07421875, 0.03125, 3.001953125, 1.970703125, 0.580078125, 0.720703125, 1.888671875, 0.146484375, 2.4453125, 0.580078125, 2.291015625], [1.3759765625, 2.197265625, 1.65234375, 0.876953125, 1.7021484375, 0.458740234375, 0.193359375, 1.1689453125, 3.109375, 0.6875, 3.0546875, 2.3359375, 1.2578125, 1.689453125, 0.212158203125, 2.0703125, 1.1552734375, 1.1513671875, 1.65625, 0.8115234375, 2.6484375, 2.80078125, 2.56640625, 0.0, 1.9931640625, 1.8369140625, 0.720703125, 2.373046875, 1.22265625, 2.640625, 2.59765625, 0.716796875, 1.7490234375, 3.134765625, 2.99609375, 0.6767578125, 2.419921875, 1.2724609375, 1.9853515625, 0.274658203125], [0.6171875, 0.203125, 0.3408203125, 2.87109375, 0.291015625, 1.53515625, 2.1875, 3.12109375, 1.181640625, 1.3056640625, 1.236328125, 1.955078125, 3.03125, 2.599609375, 2.205078125, 0.076171875, 3.134765625, 3.138671875, 2.634765625, 1.181640625, 0.654296875, 1.486328125, 0.572265625, 1.9931640625, 0.0, 0.15625, 1.2724609375, 0.37890625, 3.068359375, 0.646484375, 0.603515625, 2.7109375, 2.541015625, 1.154296875, 1.291015625, 1.31640625, 0.42578125, 3.017578125, 0.0078125, 1.71875], [0.4609375, 0.359375, 0.1845703125, 2.71484375, 0.134765625, 1.37890625, 2.03125, 3.005859375, 1.337890625, 1.1494140625, 1.392578125, 2.111328125, 3.095703125, 2.755859375, 2.048828125, 0.232421875, 2.9921875, 2.98828125, 2.791015625, 1.025390625, 0.810546875, 1.642578125, 0.728515625, 1.8369140625, 0.15625, 0.0, 1.1162109375, 0.53515625, 3.05859375, 0.802734375, 0.759765625, 2.5546875, 2.697265625, 1.310546875, 1.447265625, 1.16015625, 0.58203125, 3.109375, 0.1484375, 1.5625], [0.6552734375, 1.4755859375, 0.931640625, 1.59765625, 0.9814453125, 0.26220703125, 0.9140625, 1.890625, 2.451171875, 0.033203125, 2.505859375, 3.05859375, 1.978515625, 2.41015625, 0.93310546875, 1.3486328125, 1.876953125, 1.8720703125, 2.376953125, 0.0908203125, 1.9267578125, 2.759765625, 1.8447265625, 0.720703125, 1.2724609375, 1.1162109375, 0.0, 1.6513671875, 1.943359375, 1.9189453125, 1.8759765625, 1.4375, 2.46875, 2.427734375, 2.564453125, 0.0439453125, 1.6982421875, 1.994140625, 1.2646484375, 0.4462890625], [0.99609375, 0.17578125, 0.7197265625, 3.033203125, 0.669921875, 1.9140625, 2.56640625, 2.7421875, 0.798828125, 1.6845703125, 0.853515625, 1.572265625, 2.65234375, 2.220703125, 2.583984375, 0.302734375, 2.755859375, 2.759765625, 2.255859375, 1.560546875, 0.275390625, 1.111328125, 0.193359375, 2.373046875, 0.37890625, 0.53515625, 1.6513671875, 0.0, 2.689453125, 0.267578125, 0.224609375, 3.08984375, 2.162109375, 0.775390625, 0.916015625, 1.6953125, 0.046875, 2.638671875, 0.38671875, 2.09765625], [2.59765625, 2.865234375, 2.875, 0.345703125, 2.92578125, 1.681640625, 1.029296875, 0.05322265625, 1.8876953125, 1.91015625, 1.8330078125, 1.1142578125, 0.03564453125, 0.466796875, 1.009765625, 2.990234375, 0.06689453125, 0.0712890625, 0.43359375, 2.03515625, 2.412109375, 1.5791015625, 2.494140625, 1.22265625, 3.068359375, 3.05859375, 1.943359375, 2.689453125, 0.0, 2.419921875, 2.462890625, 0.505859375, 0.5263671875, 1.9130859375, 1.7744140625, 1.8994140625, 2.642578125, 0.05029296875, 3.076171875, 1.4970703125], [1.263671875, 0.443359375, 0.9873046875, 2.767578125, 0.9375, 2.181640625, 2.833984375, 2.474609375, 0.533203125, 1.9521484375, 0.587890625, 1.306640625, 2.384765625, 1.955078125, 2.8515625, 0.5703125, 2.48828125, 2.4921875, 1.986328125, 1.828125, 0.0078125, 0.841796875, 0.07421875, 2.640625, 0.646484375, 0.802734375, 1.9189453125, 0.267578125, 2.419921875, 0.0, 0.04296875, 2.927734375, 1.892578125, 0.509765625, 0.646484375, 1.962890625, 0.220703125, 2.37109375, 0.654296875, 2.365234375], [1.220703125, 0.400390625, 0.9443359375, 2.810546875, 0.89453125, 2.138671875, 2.791015625, 2.517578125, 0.576171875, 1.9091796875, 0.630859375, 1.349609375, 2.427734375, 1.998046875, 2.80859375, 0.52734375, 2.53125, 2.53515625, 2.029296875, 1.78515625, 0.05078125, 0.884765625, 0.03125, 2.59765625, 0.603515625, 0.759765625, 1.8759765625, 0.224609375, 2.462890625, 0.04296875, 0.0, 2.970703125, 1.939453125, 0.548828125, 0.689453125, 1.919921875, 0.177734375, 2.4140625, 0.611328125, 2.322265625], [2.09375, 2.9140625, 2.369140625, 0.16015625, 2.41796875, 1.17578125, 0.5234375, 0.45263671875, 2.39453125, 1.404296875, 2.33984375, 1.6201171875, 0.54150390625, 0.97265625, 0.50439453125, 2.78515625, 0.43896484375, 0.4345703125, 0.939453125, 1.5283203125, 2.919921875, 2.0859375, 3.001953125, 0.716796875, 2.7109375, 2.5546875, 1.4375, 3.08984375, 0.505859375, 2.927734375, 2.970703125, 0.0, 1.0322265625, 2.41796875, 2.28125, 1.3935546875, 3.13671875, 0.55615234375, 2.703125, 0.9912109375], [3.125, 2.337890625, 2.880859375, 0.8720703125, 2.83203125, 2.20703125, 1.5556640625, 0.57958984375, 1.361328125, 2.4375, 1.306640625, 0.587890625, 0.49072265625, 0.0595703125, 1.537109375, 2.46484375, 0.59326171875, 0.59765625, 0.0927734375, 2.560546875, 1.884765625, 1.052734375, 1.970703125, 1.7490234375, 2.541015625, 2.697265625, 2.46875, 2.162109375, 0.5263671875, 1.892578125, 1.939453125, 1.0322265625, 0.0, 1.38671875, 1.248046875, 2.42578125, 2.115234375, 0.47607421875, 2.548828125, 2.0234375], [1.771484375, 0.951171875, 1.494140625, 2.2578125, 1.447265625, 2.689453125, 2.94140625, 1.966796875, 0.025390625, 2.458984375, 0.080078125, 0.798828125, 1.876953125, 1.4462890625, 2.923828125, 1.080078125, 1.98046875, 1.984375, 1.4794921875, 2.3359375, 0.501953125, 0.333984375, 0.580078125, 3.134765625, 1.154296875, 1.310546875, 2.427734375, 0.775390625, 1.9130859375, 0.509765625, 0.548828125, 2.41796875, 1.38671875, 0.0, 0.138671875, 2.470703125, 0.728515625, 1.86328125, 1.162109375, 2.873046875], [1.908203125, 1.087890625, 1.634765625, 2.12109375, 1.583984375, 2.828125, 2.802734375, 1.828125, 0.11328125, 2.599609375, 0.05859375, 0.66015625, 1.73828125, 1.3076171875, 2.78515625, 1.216796875, 1.841796875, 1.845703125, 1.3408203125, 2.474609375, 0.638671875, 0.1953125, 0.720703125, 2.99609375, 1.291015625, 1.447265625, 2.564453125, 0.916015625, 1.7744140625, 0.646484375, 0.689453125, 2.28125, 1.248046875, 0.138671875, 0.0, 2.609375, 0.869140625, 1.724609375, 1.298828125, 3.01171875], [0.69921875, 1.51953125, 0.9755859375, 1.5537109375, 1.025390625, 0.21826171875, 0.8701171875, 1.845703125, 2.49609375, 0.0107421875, 2.55078125, 3.013671875, 1.935546875, 2.3671875, 0.88916015625, 1.392578125, 1.83203125, 1.828125, 2.33203125, 0.134765625, 1.970703125, 2.8046875, 1.888671875, 0.6767578125, 1.31640625, 1.16015625, 0.0439453125, 1.6953125, 1.8994140625, 1.962890625, 1.919921875, 1.3935546875, 2.42578125, 2.470703125, 2.609375, 0.0, 1.7421875, 1.94921875, 1.30859375, 0.40234375], [1.04296875, 0.22265625, 0.7666015625, 2.986328125, 0.716796875, 1.9609375, 2.61328125, 2.6953125, 0.751953125, 1.7314453125, 0.806640625, 1.525390625, 2.60546875, 2.173828125, 2.630859375, 0.349609375, 2.708984375, 2.712890625, 2.208984375, 1.607421875, 0.228515625, 1.064453125, 0.146484375, 2.419921875, 0.42578125, 0.58203125, 1.6982421875, 0.046875, 2.642578125, 0.220703125, 0.177734375, 3.13671875, 2.115234375, 0.728515625, 0.869140625, 1.7421875, 0.0, 2.591796875, 0.43359375, 2.14453125], [2.6484375, 2.814453125, 2.92578125, 0.39599609375, 2.974609375, 1.7314453125, 1.0791015625, 0.103515625, 1.837890625, 1.9609375, 1.783203125, 1.064453125, 0.0146484375, 0.41650390625, 1.060546875, 2.94140625, 0.1171875, 0.12158203125, 0.38330078125, 2.083984375, 2.36328125, 1.529296875, 2.4453125, 1.2724609375, 3.017578125, 3.109375, 1.994140625, 2.638671875, 0.05029296875, 2.37109375, 2.4140625, 0.55615234375, 0.47607421875, 1.86328125, 1.724609375, 1.94921875, 2.591796875, 0.0, 3.025390625, 1.546875], [0.609375, 0.2109375, 0.3330078125, 2.86328125, 0.283203125, 1.52734375, 2.1796875, 3.12890625, 1.189453125, 1.2978515625, 1.244140625, 1.962890625, 3.0390625, 2.607421875, 2.197265625, 0.083984375, 3.140625, 3.13671875, 2.642578125, 1.173828125, 0.662109375, 1.494140625, 0.580078125, 1.9853515625, 0.0078125, 0.1484375, 1.2646484375, 0.38671875, 3.076171875, 0.654296875, 0.611328125, 2.703125, 2.548828125, 1.162109375, 1.298828125, 1.30859375, 0.43359375, 3.025390625, 0.0, 1.7109375], [1.1015625, 1.921875, 1.3779296875, 1.1513671875, 1.427734375, 0.18408203125, 0.468017578125, 1.443359375, 2.8984375, 0.4130859375, 2.953125, 2.611328125, 1.533203125, 1.9638671875, 0.48681640625, 1.794921875, 1.4296875, 1.42578125, 1.9306640625, 0.537109375, 2.373046875, 3.076171875, 2.291015625, 0.274658203125, 1.71875, 1.5625, 0.4462890625, 2.09765625, 1.4970703125, 2.365234375, 2.322265625, 0.9912109375, 2.0234375, 2.873046875, 3.01171875, 0.40234375, 2.14453125, 1.546875, 1.7109375, 0.0]], "coordinates": [[0, 0], [-8, -67], [-82, -60], [-25, -60], [76, 48], [-30, -63], [38, -37], [83, -10], [59, 68], [-53, 19], [59, -92], [-76, 32], [-38, 78], [47, 65], [18, 91], [69, -7], [-98, -93], [83, 93], [45, 50], [19, 82], [43, -90], [-22, -4], [-98, 75], [-67, -18], [71, -23], [-66, -73], [-40, -61], [22, -37], [-55, -27], [67, 86], [-84, -16], [-68, -16], [75, 32], [9, 66], [-94, 31], [-77, 38], [40, -61], [-90, -39], [61, 87], [-25, -28], [87, -58]], "angles": [-1.689453125, -2.509765625, -1.9658203125, 0.5634765625, -2.015625, -0.77197265625, -0.11993408203125, 0.85595703125, 2.796875, -1.0009765625, 2.7421875, 2.0234375, 0.94482421875, 1.3759765625, -0.10107421875, -2.3828125, 0.84228515625, 0.837890625, 1.3427734375, -1.125, -2.9609375, 2.48828125, -2.87890625, -0.313232421875, -2.306640625, -2.150390625, -1.0341796875, -2.685546875, 0.9091796875, -2.953125, -2.91015625, 0.4033203125, 1.435546875, 2.822265625, 2.68359375, -0.990234375, -2.732421875, 0.95947265625, -2.298828125, -0.587890625], "demands": [7, 5, 8, 6, 3, 1, 6, 8, 1, 2, 2, 3, 6, 8, 4, 3, 2, 6, 2, 2, 7, 10, 2, 6, 7, 2, 7, 5, 2, 7, 8, 6, 8, 6, 9, 1, 9, 3, 4, 6], "capacity": 50, "Vmax": 19}