{"name": "LZB_n40_4", "n": 40, "m": 5, "times": [[0.0, 90.25, 97.8125, 70.0, 87.8125, 37.65625, 56.875, 89.6875, 45.0, 63.5, 27.59375, 112.4375, 27.65625, 103.75, 78.1875, 107.375, 109.625, 55.4375, 36.125, 85.1875, 86.4375, 82.25, 48.59375, 67.25, 85.0, 32.5625, 70.0625, 71.5625, 54.59375, 82.625, 116.375, 40.15625, 90.8125, 22.359375, 121.6875, 55.03125, 71.0, 89.25, 73.5, 37.34375, 86.6875], [90.25, 0.0, 188.0, 57.0, 176.75, 127.9375, 82.0, 49.78125, 110.1875, 35.21875, 92.375, 201.5, 70.6875, 43.28125, 165.125, 46.65625, 147.625, 105.9375, 63.8125, 163.125, 114.4375, 149.625, 91.4375, 126.875, 73.5625, 73.5625, 54.0, 76.0, 96.4375, 139.875, 26.421875, 128.75, 181.0, 83.625, 135.375, 128.125, 152.875, 63.125, 160.125, 70.25, 166.5], [97.8125, 188.0, 0.0, 159.375, 27.3125, 60.21875, 134.875, 181.125, 95.6875, 159.125, 104.5625, 30.078125, 120.1875, 196.125, 37.125, 199.25, 138.0, 110.6875, 129.75, 65.375, 138.5, 88.0, 120.8125, 104.0625, 164.75, 122.125, 160.5, 152.375, 118.9375, 109.5, 214.25, 60.96875, 7.0703125, 109.5625, 173.875, 81.25, 57.4375, 174.0, 40.59375, 127.0625, 66.3125], [70.0, 57.0, 159.375, 0.0, 141.5, 101.875, 29.203125, 21.953125, 109.375, 63.5, 54.78125, 165.375, 69.4375, 96.0625, 146.625, 99.9375, 166.0, 113.4375, 34.125, 155.125, 135.625, 149.875, 42.4375, 76.0, 108.875, 38.46875, 3.0, 19.03125, 107.3125, 86.75, 73.6875, 108.75, 152.875, 51.0, 80.0, 123.3125, 141.0, 103.75, 142.25, 33.375, 121.625], [87.8125, 176.75, 27.3125, 141.5, 0.0, 51.875, 115.0625, 163.5, 98.5, 151.25, 87.6875, 24.765625, 113.5625, 190.75, 52.8125, 194.125, 150.75, 114.4375, 115.125, 82.4375, 145.375, 101.875, 100.75, 79.375, 164.5, 106.375, 143.0, 132.25, 121.0625, 83.3125, 202.25, 58.9375, 25.609375, 94.5, 148.125, 88.0, 70.3125, 172.0, 54.09375, 111.0, 39.0], [37.65625, 127.9375, 60.21875, 101.875, 51.875, 0.0, 81.0, 123.0625, 51.46875, 100.125, 48.15625, 76.0, 61.84375, 139.0, 46.03125, 142.375, 113.1875, 67.25, 70.375, 63.53125, 100.0, 71.5, 68.1875, 66.875, 113.3125, 63.59375, 102.625, 98.125, 72.0625, 79.3125, 154.0, 14.2109375, 53.25, 50.96875, 134.5, 47.875, 47.40625, 120.3125, 42.28125, 68.6875, 62.15625], [56.875, 82.0, 134.875, 29.203125, 115.0625, 81.0, 0.0, 50.25, 101.1875, 77.875, 33.125, 138.25, 67.9375, 116.125, 127.0, 120.125, 163.625, 109.1875, 30.53125, 140.0, 136.5, 139.125, 14.3203125, 46.875, 119.0, 26.25, 31.625, 17.46875, 105.5, 58.3125, 101.625, 90.5625, 128.75, 34.53125, 68.25, 111.8125, 124.75, 117.0, 123.0625, 23.4375, 92.75], [89.6875, 49.78125, 181.125, 21.953125, 163.5, 123.0625, 50.25, 0.0, 126.0, 68.4375, 76.5625, 187.25, 84.5, 92.5625, 167.25, 96.125, 178.5, 128.0, 53.59375, 174.125, 146.75, 167.0, 64.0, 96.4375, 114.1875, 59.46875, 20.609375, 36.0625, 120.8125, 105.9375, 59.125, 129.25, 174.5, 72.125, 87.1875, 141.125, 160.5, 106.8125, 162.75, 54.40625, 143.0], [45.0, 110.1875, 95.6875, 109.375, 98.5, 51.46875, 101.1875, 126.0, 0.0, 75.625, 72.375, 119.9375, 42.0, 105.25, 62.625, 107.8125, 65.625, 16.03125, 75.875, 53.3125, 48.5, 41.0625, 93.625, 108.4375, 69.3125, 75.5625, 108.6875, 114.625, 23.265625, 123.1875, 136.0, 40.0625, 89.0625, 67.125, 166.625, 18.359375, 45.46875, 79.5, 57.8125, 79.6875, 113.625], [63.5, 35.21875, 159.125, 63.5, 151.25, 100.125, 77.875, 68.4375, 75.625, 0.0, 74.75, 175.75, 38.9375, 41.5, 133.125, 45.34375, 114.0, 70.6875, 50.0, 128.875, 81.0625, 114.5625, 82.125, 115.375, 45.96875, 59.0625, 61.03125, 79.625, 61.21875, 130.125, 60.4375, 98.4375, 152.0, 64.75, 142.25, 93.75, 119.4375, 40.3125, 128.125, 58.03125, 147.5], [27.59375, 92.375, 104.5625, 54.78125, 87.6875, 48.15625, 33.125, 76.5625, 72.375, 74.75, 0.0, 112.0, 48.75, 116.1875, 94.0, 120.0625, 137.25, 83.0, 28.59375, 107.1875, 113.4375, 107.8125, 21.9375, 42.59375, 106.375, 19.109375, 55.9375, 50.0, 81.5625, 58.0625, 116.5, 57.4375, 98.0625, 10.046875, 94.375, 80.5, 91.8125, 108.0625, 90.0, 23.4375, 74.3125], [112.4375, 201.5, 30.078125, 165.375, 24.765625, 76.0, 138.25, 187.25, 119.9375, 175.75, 112.0, 0.0, 137.875, 215.0, 66.1875, 218.375, 167.125, 135.625, 139.75, 95.1875, 165.25, 117.1875, 123.9375, 99.4375, 187.375, 130.875, 167.0, 155.125, 143.0, 100.625, 227.0, 81.5625, 34.125, 119.125, 165.375, 107.5, 86.0, 195.5, 69.0, 135.375, 53.09375], [27.65625, 70.6875, 120.1875, 69.4375, 113.5625, 61.84375, 67.9375, 84.5, 42.0, 38.9375, 48.75, 137.875, 0.0, 77.1875, 94.6875, 80.625, 97.125, 44.0, 38.40625, 93.375, 68.5625, 83.0, 65.0, 91.25, 58.125, 42.0, 68.375, 78.0, 38.28125, 106.75, 97.0625, 59.46875, 113.125, 39.5625, 136.125, 58.6875, 82.25, 61.65625, 89.6875, 44.5625, 114.3125], [103.75, 43.28125, 196.125, 96.0625, 190.75, 139.0, 116.125, 92.5625, 105.25, 41.5, 116.1875, 215.0, 77.1875, 0.0, 166.875, 4.0, 122.8125, 95.1875, 90.5625, 157.25, 90.8125, 138.625, 122.1875, 156.25, 44.71875, 100.0, 93.125, 114.3125, 84.875, 170.75, 52.3125, 135.25, 189.125, 106.25, 176.0, 123.375, 150.75, 31.40625, 162.0, 98.4375, 188.875], [78.1875, 165.125, 37.125, 146.625, 52.8125, 46.03125, 127.0, 167.25, 62.625, 133.125, 94.0, 66.1875, 94.6875, 166.875, 0.0, 169.75, 101.0, 76.3125, 113.75, 29.734375, 102.125, 51.03125, 114.1875, 108.625, 131.875, 108.1875, 147.125, 144.0, 85.4375, 118.5625, 191.5, 38.09375, 32.0625, 95.75, 178.375, 46.15625, 20.390625, 142.125, 5.0, 113.3125, 85.625], [107.375, 46.65625, 199.25, 99.9375, 194.125, 142.375, 120.125, 96.125, 107.8125, 45.34375, 120.0625, 218.375, 80.625, 4.0, 169.75, 0.0, 123.3125, 97.375, 94.5, 159.5, 91.6875, 140.5, 126.1875, 160.25, 45.59375, 103.9375, 97.0, 118.25, 87.0625, 174.75, 54.21875, 138.375, 192.25, 110.125, 179.75, 125.875, 153.25, 32.28125, 164.75, 102.375, 192.625], [109.625, 147.625, 138.0, 166.0, 150.75, 113.1875, 163.625, 178.5, 65.625, 114.0, 137.25, 167.125, 97.125, 122.8125, 101.0, 123.3125, 0.0, 54.5625, 135.375, 73.5625, 33.25, 50.0, 157.75, 174.0, 78.25, 137.375, 164.625, 175.0, 58.84375, 188.625, 169.25, 99.5625, 133.0, 130.875, 230.75, 65.5625, 81.125, 91.4375, 98.125, 140.75, 174.25], [55.4375, 105.9375, 110.6875, 113.4375, 114.4375, 67.25, 109.1875, 128.0, 16.03125, 70.6875, 83.0, 135.625, 44.0, 95.1875, 76.3125, 97.375, 54.5625, 0.0, 81.5, 62.1875, 33.0, 44.28125, 103.25, 121.4375, 55.96875, 83.0, 112.375, 121.0625, 10.296875, 136.5, 130.875, 56.09375, 104.1875, 76.375, 176.25, 30.234375, 57.625, 67.25, 71.6875, 86.5625, 129.25], [36.125, 63.8125, 129.75, 34.125, 115.125, 70.375, 30.53125, 53.59375, 75.875, 50.0, 28.59375, 139.75, 38.40625, 90.5625, 113.75, 94.5, 135.375, 81.5, 0.0, 121.0625, 106.875, 115.9375, 32.125, 65.75, 88.75, 9.8515625, 34.0, 39.65625, 76.625, 80.25, 87.9375, 75.6875, 123.0, 20.609375, 98.625, 89.25, 107.125, 87.5625, 109.25, 8.0625, 102.75], [85.1875, 163.125, 65.375, 155.125, 82.4375, 63.53125, 140.0, 174.125, 53.3125, 128.875, 107.1875, 95.1875, 93.375, 157.25, 29.734375, 159.5, 73.5625, 62.1875, 121.0625, 0.0, 80.75, 24.359375, 128.875, 130.125, 117.5, 117.625, 155.0, 156.0, 72.4375, 141.875, 189.125, 50.6875, 61.1875, 106.1875, 197.75, 35.125, 16.125, 129.375, 28.65625, 122.5, 113.625], [86.4375, 114.4375, 138.5, 135.625, 145.375, 100.0, 136.5, 146.75, 48.5, 81.0625, 113.4375, 165.25, 68.5625, 90.8125, 102.125, 91.6875, 33.25, 33.0, 106.875, 80.75, 0.0, 57.1875, 132.5, 153.375, 46.09375, 110.375, 134.0, 146.25, 31.90625, 168.625, 136.125, 88.125, 132.5, 105.8125, 204.5, 57.71875, 81.9375, 59.4375, 98.0625, 113.125, 162.125], [82.25, 149.625, 88.0, 149.875, 101.875, 71.5, 139.125, 167.0, 41.0625, 114.5625, 107.8125, 117.1875, 83.0, 138.625, 51.03125, 140.5, 50.0, 44.28125, 115.9375, 24.359375, 57.1875, 0.0, 129.75, 137.5, 96.8125, 114.5, 149.25, 153.75, 54.4375, 150.625, 174.875, 57.3125, 83.125, 104.5625, 201.5, 27.3125, 31.578125, 109.3125, 48.375, 118.9375, 128.875], [48.59375, 91.4375, 120.8125, 42.4375, 100.75, 68.1875, 14.3203125, 64.0, 93.625, 82.125, 21.9375, 123.9375, 65.0, 122.1875, 114.1875, 126.1875, 157.75, 103.25, 32.125, 128.875, 132.5, 129.75, 0.0, 35.46875, 119.875, 24.046875, 44.5625, 31.625, 100.75, 48.84375, 112.75, 78.625, 114.75, 26.875, 73.125, 102.4375, 113.25, 119.4375, 110.4375, 24.078125, 79.1875], [67.25, 126.875, 104.0625, 76.0, 79.375, 66.875, 46.875, 96.4375, 108.4375, 115.375, 42.59375, 99.4375, 91.25, 156.25, 108.625, 160.25, 174.0, 121.4375, 65.75, 130.125, 153.375, 137.5, 35.46875, 0.0, 149.0, 56.3125, 78.5, 60.8125, 121.6875, 15.5234375, 148.0, 80.625, 99.3125, 52.34375, 70.375, 111.75, 114.0625, 150.375, 106.125, 58.0625, 48.75], [85.0, 73.5625, 164.75, 108.875, 164.5, 113.3125, 119.0, 114.1875, 69.3125, 45.96875, 106.375, 187.375, 58.125, 44.71875, 131.875, 45.59375, 78.25, 55.96875, 88.75, 117.5, 46.09375, 96.8125, 119.875, 149.0, 0.0, 95.8125, 106.5, 123.6875, 46.40625, 164.375, 92.25, 105.875, 158.0, 96.6875, 185.875, 86.0625, 113.5625, 13.34375, 127.0625, 96.5625, 171.0], [32.5625, 73.5625, 122.125, 38.46875, 106.375, 63.59375, 26.25, 59.46875, 75.5625, 59.0625, 19.109375, 130.875, 42.0, 100.0, 108.1875, 103.9375, 137.375, 83.0, 9.8515625, 117.625, 110.375, 114.5, 24.046875, 56.3125, 95.8125, 0.0, 39.0625, 39.21875, 79.25, 71.0, 97.4375, 70.375, 115.4375, 12.6484375, 94.1875, 87.375, 103.0625, 95.5, 103.8125, 5.09765625, 92.9375], [70.0625, 54.0, 160.5, 3.0, 143.0, 102.625, 31.625, 20.609375, 108.6875, 61.03125, 55.9375, 167.0, 68.375, 93.125, 147.125, 97.0, 164.625, 112.375, 34.0, 155.0, 134.0, 149.25, 44.5625, 78.5, 106.5, 39.0625, 0.0, 22.015625, 106.0, 89.4375, 70.8125, 109.1875, 154.0, 51.65625, 82.875, 122.9375, 141.125, 101.25, 142.75, 33.96875, 123.75], [71.5625, 76.0, 152.375, 19.03125, 132.25, 98.125, 17.46875, 36.0625, 114.625, 79.625, 50.0, 155.125, 78.0, 114.3125, 144.0, 118.25, 175.0, 121.0625, 39.65625, 156.0, 146.25, 153.75, 31.625, 60.8125, 123.6875, 39.21875, 22.015625, 0.0, 116.25, 69.875, 92.1875, 107.1875, 146.25, 49.8125, 62.65625, 126.5, 141.0, 119.875, 140.0, 34.9375, 108.4375], [54.59375, 96.4375, 118.9375, 107.3125, 121.0625, 72.0625, 105.5, 120.8125, 23.265625, 61.21875, 81.5625, 143.0, 38.28125, 84.875, 85.4375, 87.0625, 58.84375, 10.296875, 76.625, 72.4375, 31.90625, 54.4375, 100.75, 121.6875, 46.40625, 79.25, 106.0, 116.25, 0.0, 137.0, 121.0, 62.15625, 112.3125, 74.0, 173.25, 39.6875, 67.25, 57.28125, 80.6875, 82.3125, 133.25], [82.625, 139.875, 109.5, 86.75, 83.3125, 79.3125, 58.3125, 105.9375, 123.1875, 130.125, 58.0625, 100.625, 106.75, 170.75, 118.5625, 174.75, 188.625, 136.5, 80.25, 141.875, 168.625, 150.625, 48.84375, 15.5234375, 164.375, 71.0, 89.4375, 69.875, 137.0, 0.0, 159.875, 93.375, 105.5625, 67.75, 65.0, 125.5, 125.8125, 165.625, 116.5, 72.3125, 47.6875], [116.375, 26.421875, 214.25, 73.6875, 202.25, 154.0, 101.625, 59.125, 136.0, 60.4375, 116.5, 227.0, 97.0625, 52.3125, 191.5, 54.21875, 169.25, 130.875, 87.9375, 189.125, 136.125, 174.875, 112.75, 148.0, 92.25, 97.4375, 70.8125, 92.1875, 121.0, 159.875, 0.0, 155.125, 207.25, 108.3125, 146.0, 154.0, 179.125, 80.0625, 186.625, 93.625, 190.125], [40.15625, 128.75, 60.96875, 108.75, 58.9375, 14.2109375, 90.5625, 129.25, 40.0625, 98.4375, 57.4375, 81.5625, 59.46875, 135.25, 38.09375, 138.375, 99.5625, 56.09375, 75.6875, 50.6875, 88.125, 57.3125, 78.625, 80.625, 105.875, 70.375, 109.1875, 107.1875, 62.15625, 93.375, 155.125, 0.0, 53.90625, 58.0625, 147.125, 34.0, 34.78125, 114.0625, 33.53125, 75.4375, 75.0], [90.8125, 181.0, 7.0703125, 152.875, 25.609375, 53.25, 128.75, 174.5, 89.0625, 152.0, 98.0625, 34.125, 113.125, 189.125, 32.0625, 192.25, 133.0, 104.1875, 123.0, 61.1875, 132.5, 83.125, 114.75, 99.3125, 158.0, 115.4375, 154.0, 146.25, 112.3125, 105.5625, 207.25, 53.90625, 0.0, 102.875, 169.375, 75.0, 52.03125, 167.0, 35.0625, 120.4375, 64.0], [22.359375, 83.625, 109.5625, 51.0, 94.5, 50.96875, 34.53125, 72.125, 67.125, 64.75, 10.046875, 119.125, 39.5625, 106.25, 95.75, 110.125, 130.875, 76.375, 20.609375, 106.1875, 105.8125, 104.5625, 26.875, 52.34375, 96.6875, 12.6484375, 51.65625, 49.8125, 74.0, 67.75, 108.3125, 58.0625, 102.875, 0.0, 99.875, 77.25, 91.375, 98.125, 91.4375, 17.71875, 83.625], [121.6875, 135.375, 173.875, 80.0, 148.125, 134.5, 68.25, 87.1875, 166.625, 142.25, 94.375, 165.375, 136.125, 176.0, 178.375, 179.75, 230.75, 176.25, 98.625, 197.75, 204.5, 201.5, 73.125, 70.375, 185.875, 94.1875, 82.875, 62.65625, 173.25, 65.0, 146.0, 147.125, 169.375, 99.875, 0.0, 174.5, 181.75, 182.5, 175.5, 91.6875, 112.375], [55.03125, 128.125, 81.25, 123.3125, 88.0, 47.875, 111.8125, 141.125, 18.359375, 93.75, 80.5, 107.5, 58.6875, 123.375, 46.15625, 125.875, 65.5625, 30.234375, 89.25, 35.125, 57.71875, 27.3125, 102.4375, 111.75, 86.0625, 87.375, 122.9375, 126.5, 39.6875, 125.5, 154.0, 34.0, 75.0, 77.25, 174.5, 0.0, 27.59375, 96.875, 41.59375, 91.9375, 108.8125], [71.0, 152.875, 57.4375, 141.0, 70.3125, 47.40625, 124.75, 160.5, 45.46875, 119.4375, 91.8125, 86.0, 82.25, 150.75, 20.390625, 153.25, 81.125, 57.625, 107.125, 16.125, 81.9375, 31.578125, 113.25, 114.0625, 113.5625, 103.0625, 141.125, 141.0, 67.25, 125.8125, 179.125, 34.78125, 52.03125, 91.375, 181.75, 27.59375, 0.0, 124.5, 17.0, 108.0625, 99.0], [89.25, 63.125, 174.0, 103.75, 172.0, 120.3125, 117.0, 106.8125, 79.5, 40.3125, 108.0625, 195.5, 61.65625, 31.40625, 142.125, 32.28125, 91.4375, 67.25, 87.5625, 129.375, 59.4375, 109.3125, 119.4375, 150.375, 13.34375, 95.5, 101.25, 119.875, 57.28125, 165.625, 80.0625, 114.0625, 167.0, 98.125, 182.5, 96.875, 124.5, 0.0, 137.25, 95.5625, 175.875], [73.5, 160.125, 40.59375, 142.25, 54.09375, 42.28125, 123.0625, 162.75, 57.8125, 128.125, 90.0, 69.0, 89.6875, 162.0, 5.0, 164.75, 98.125, 71.6875, 109.25, 28.65625, 98.0625, 48.375, 110.4375, 106.125, 127.0625, 103.8125, 142.75, 140.0, 80.6875, 116.5, 186.625, 33.53125, 35.0625, 91.4375, 175.5, 41.59375, 17.0, 137.25, 0.0, 108.875, 85.25], [37.34375, 70.25, 127.0625, 33.375, 111.0, 68.6875, 23.4375, 54.40625, 79.6875, 58.03125, 23.4375, 135.375, 44.5625, 98.4375, 113.3125, 102.375, 140.75, 86.5625, 8.0625, 122.5, 113.125, 118.9375, 24.078125, 58.0625, 96.5625, 5.09765625, 33.96875, 34.9375, 82.3125, 72.3125, 93.625, 75.4375, 120.4375, 17.71875, 91.6875, 91.9375, 108.0625, 95.5625, 108.875, 0.0, 96.5], [86.6875, 166.5, 66.3125, 121.625, 39.0, 62.15625, 92.75, 143.0, 113.625, 147.5, 74.3125, 53.09375, 114.3125, 188.875, 85.625, 192.625, 174.25, 129.25, 102.75, 113.625, 162.125, 128.875, 79.1875, 48.75, 171.0, 92.9375, 123.75, 108.4375, 133.25, 47.6875, 190.125, 75.0, 64.0, 83.625, 112.375, 108.8125, 99.0, 175.875, 85.25, 96.5, 0.0]], "angleGap": [[0.0, 3.10546875, 0.68359375, 2.90234375, 3.1328125, 1.099609375, 0.560546875, 1.814453125, 0.3046875, 1.494140625, 2.92578125, 0.669921875, 0.427734375, 2.744140625, 0.4453125, 1.654296875, 1.572265625, 0.599609375, 2.388671875, 1.408203125, 2.099609375, 1.322265625, 1.857421875, 0.86328125, 0.8681640625, 0.640625, 0.9521484375, 1.384765625, 1.8828125, 0.037109375, 2.787109375, 3.095703125, 1.146484375, 1.357421875, 2.126953125, 2.486328125, 0.71875, 2.720703125, 0.8173828125, 2.451171875], [3.10546875, 0.0, 2.494140625, 0.275390625, 0.0439453125, 2.078125, 2.6171875, 1.291015625, 2.80078125, 1.68359375, 0.25146484375, 2.435546875, 2.677734375, 0.36181640625, 2.66015625, 1.451171875, 1.53515625, 2.578125, 0.71826171875, 1.697265625, 1.0078125, 1.85546875, 1.3203125, 2.244140625, 2.30859375, 2.537109375, 2.224609375, 1.720703125, 1.294921875, 3.140625, 0.31787109375, 0.0107421875, 2.03125, 1.8193359375, 0.98095703125, 0.61962890625, 2.38671875, 0.38623046875, 2.359375, 0.72607421875], [0.68359375, 2.494140625, 0.0, 2.21875, 2.44921875, 0.416015625, 0.123046875, 2.498046875, 0.98828125, 0.810546875, 2.2421875, 1.353515625, 1.111328125, 2.85546875, 1.12890625, 2.337890625, 2.251953125, 0.083984375, 3.072265625, 2.091796875, 2.783203125, 0.638671875, 1.173828125, 1.546875, 0.1845703125, 0.04296875, 0.2685546875, 2.068359375, 1.19921875, 0.646484375, 2.8125, 2.50390625, 0.462890625, 0.67431640625, 2.80859375, 3.11328125, 1.40234375, 2.87890625, 0.1337890625, 1.767578125], [2.90234375, 0.275390625, 2.21875, 0.0, 0.2314453125, 1.802734375, 2.341796875, 1.56640625, 3.076171875, 1.408203125, 0.02392578125, 2.7109375, 2.953125, 0.63720703125, 2.935546875, 1.7265625, 1.810546875, 2.302734375, 0.99365234375, 1.97265625, 1.283203125, 1.580078125, 1.044921875, 2.517578125, 2.033203125, 2.26171875, 1.94921875, 1.99609375, 1.01953125, 2.865234375, 0.59326171875, 0.2861328125, 1.755859375, 1.5439453125, 1.255859375, 0.89501953125, 2.662109375, 0.66162109375, 2.083984375, 0.45068359375], [3.1328125, 0.0439453125, 2.44921875, 0.2314453125, 0.0, 2.033203125, 2.572265625, 1.3359375, 2.845703125, 1.638671875, 0.20751953125, 2.48046875, 2.72265625, 0.40576171875, 2.705078125, 1.49609375, 1.580078125, 2.533203125, 0.76220703125, 1.7421875, 1.05078125, 1.810546875, 1.2763671875, 2.287109375, 2.265625, 2.4921875, 2.181640625, 1.765625, 1.2509765625, 3.095703125, 0.36181640625, 0.0546875, 1.986328125, 1.775390625, 1.025390625, 0.66357421875, 2.431640625, 0.43017578125, 2.31640625, 0.68212890625], [1.099609375, 2.078125, 0.416015625, 1.802734375, 2.033203125, 0.0, 0.5390625, 2.9140625, 1.404296875, 0.39453125, 1.826171875, 1.76953125, 1.52734375, 2.439453125, 1.544921875, 2.75390625, 2.669921875, 0.5, 2.796875, 2.5078125, 3.0859375, 0.22265625, 0.75732421875, 1.962890625, 0.2314453125, 0.458984375, 0.1474609375, 2.484375, 0.78271484375, 1.0625, 2.39453125, 2.087890625, 0.046875, 0.25830078125, 3.05859375, 2.697265625, 1.818359375, 2.46484375, 0.2822265625, 1.3515625], [0.560546875, 2.6171875, 0.123046875, 2.341796875, 2.572265625, 0.5390625, 0.0, 2.375, 0.865234375, 0.93359375, 2.365234375, 1.23046875, 0.98828125, 2.978515625, 1.005859375, 2.212890625, 2.130859375, 0.0390625, 2.947265625, 1.970703125, 2.658203125, 0.76171875, 1.296875, 1.423828125, 0.3076171875, 0.080078125, 0.3916015625, 1.947265625, 1.322265625, 0.5234375, 2.93359375, 2.626953125, 0.5859375, 0.79736328125, 2.685546875, 3.046875, 1.279296875, 3.00390625, 0.2568359375, 1.890625], [1.814453125, 1.291015625, 2.498046875, 1.56640625, 1.3359375, 2.9140625, 2.375, 0.0, 1.509765625, 2.974609375, 1.54296875, 1.142578125, 1.384765625, 0.9296875, 1.369140625, 0.16015625, 0.244140625, 2.4140625, 0.5732421875, 0.40625, 0.2841796875, 3.13671875, 2.611328125, 0.951171875, 2.681640625, 2.455078125, 2.767578125, 0.4296875, 2.5859375, 1.853515625, 0.9736328125, 1.28125, 2.9609375, 3.111328125, 0.310546875, 0.671875, 1.095703125, 0.9052734375, 2.630859375, 2.017578125], [0.3046875, 2.80078125, 0.98828125, 3.076171875, 2.845703125, 1.404296875, 0.865234375, 1.509765625, 0.0, 1.798828125, 3.052734375, 0.365234375, 0.123046875, 2.439453125, 0.140625, 1.349609375, 1.267578125, 0.904296875, 2.083984375, 1.103515625, 1.794921875, 1.626953125, 2.162109375, 0.55859375, 1.1728515625, 0.9453125, 1.2568359375, 1.080078125, 2.1875, 0.341796875, 2.482421875, 2.791015625, 1.451171875, 1.662109375, 1.822265625, 2.181640625, 0.4140625, 2.416015625, 1.1220703125, 2.755859375], [1.494140625, 1.68359375, 0.810546875, 1.408203125, 1.638671875, 0.39453125, 0.93359375, 2.974609375, 1.798828125, 0.0, 1.431640625, 2.1640625, 1.921875, 2.044921875, 1.939453125, 3.134765625, 3.064453125, 0.89453125, 2.40234375, 2.90234375, 2.69140625, 0.171875, 0.36279296875, 2.357421875, 0.6259765625, 0.853515625, 0.5419921875, 2.87890625, 0.38818359375, 1.45703125, 2.0, 1.693359375, 0.34765625, 0.13623046875, 2.6640625, 2.302734375, 2.212890625, 2.0703125, 0.6767578125, 0.95703125], [2.92578125, 0.25146484375, 2.2421875, 0.02392578125, 0.20751953125, 1.826171875, 2.365234375, 1.54296875, 3.052734375, 1.431640625, 0.0, 2.6875, 2.9296875, 0.61328125, 2.912109375, 1.703125, 1.787109375, 2.326171875, 0.9697265625, 1.94921875, 1.2587890625, 1.603515625, 1.068359375, 2.494140625, 2.05859375, 2.28515625, 1.9736328125, 1.97265625, 1.04296875, 2.888671875, 0.5693359375, 0.26220703125, 1.779296875, 1.568359375, 1.232421875, 0.87109375, 2.638671875, 0.6376953125, 2.109375, 0.474609375], [0.669921875, 2.435546875, 1.353515625, 2.7109375, 2.48046875, 1.76953125, 1.23046875, 1.142578125, 0.365234375, 2.1640625, 2.6875, 0.0, 0.2421875, 2.072265625, 0.224609375, 0.986328125, 0.900390625, 1.26953125, 1.716796875, 0.736328125, 1.427734375, 1.9921875, 2.52734375, 0.193359375, 1.5380859375, 1.310546875, 1.6220703125, 0.712890625, 2.552734375, 0.70703125, 2.119140625, 2.42578125, 1.81640625, 2.02734375, 1.455078125, 1.814453125, 0.048828125, 2.048828125, 1.4873046875, 3.12109375], [0.427734375, 2.677734375, 1.111328125, 2.953125, 2.72265625, 1.52734375, 0.98828125, 1.384765625, 0.123046875, 1.921875, 2.9296875, 0.2421875, 0.0, 2.31640625, 0.017578125, 1.228515625, 1.142578125, 1.02734375, 1.958984375, 0.978515625, 1.669921875, 1.75, 2.28515625, 0.435546875, 1.2958984375, 1.068359375, 1.3798828125, 0.955078125, 2.310546875, 0.46484375, 2.361328125, 2.66796875, 1.57421875, 1.78515625, 1.697265625, 2.056640625, 0.291015625, 2.291015625, 1.2451171875, 2.87890625], [2.744140625, 0.36181640625, 2.85546875, 0.63720703125, 0.40576171875, 2.439453125, 2.978515625, 0.9296875, 2.439453125, 2.044921875, 0.61328125, 2.072265625, 2.31640625, 0.0, 2.298828125, 1.08984375, 1.173828125, 2.939453125, 0.3564453125, 1.3359375, 0.6455078125, 2.216796875, 1.681640625, 1.880859375, 2.671875, 2.8984375, 2.5859375, 1.359375, 1.65625, 2.78125, 0.0439453125, 0.35107421875, 2.392578125, 2.181640625, 0.619140625, 0.2578125, 2.025390625, 0.0244140625, 2.72265625, 1.087890625], [0.4453125, 2.66015625, 1.12890625, 2.935546875, 2.705078125, 1.544921875, 1.005859375, 1.369140625, 0.140625, 1.939453125, 2.912109375, 0.224609375, 0.017578125, 2.298828125, 0.0, 1.208984375, 1.126953125, 1.044921875, 1.943359375, 0.962890625, 1.654296875, 1.767578125, 2.302734375, 0.41796875, 1.3134765625, 1.0859375, 1.3974609375, 0.939453125, 2.328125, 0.482421875, 2.341796875, 2.650390625, 1.591796875, 1.802734375, 1.681640625, 2.041015625, 0.2734375, 2.275390625, 1.2626953125, 2.896484375], [1.654296875, 1.451171875, 2.337890625, 1.7265625, 1.49609375, 2.75390625, 2.212890625, 0.16015625, 1.349609375, 3.134765625, 1.703125, 0.986328125, 1.228515625, 1.08984375, 1.208984375, 0.0, 0.083984375, 2.251953125, 0.7333984375, 0.24609375, 0.4443359375, 2.9765625, 2.771484375, 0.791015625, 2.521484375, 2.294921875, 2.607421875, 0.26953125, 2.74609375, 1.689453125, 1.1337890625, 1.44140625, 2.80078125, 3.01171875, 0.470703125, 0.83203125, 0.935546875, 1.0654296875, 2.470703125, 2.177734375], [1.572265625, 1.53515625, 2.251953125, 1.810546875, 1.580078125, 2.669921875, 2.130859375, 0.244140625, 1.267578125, 3.064453125, 1.787109375, 0.900390625, 1.142578125, 1.173828125, 1.126953125, 0.083984375, 0.0, 2.169921875, 0.8173828125, 0.162109375, 0.5283203125, 2.892578125, 2.85546875, 0.705078125, 2.439453125, 2.212890625, 2.521484375, 0.185546875, 2.830078125, 1.607421875, 1.2177734375, 1.525390625, 2.716796875, 2.927734375, 0.5546875, 0.916015625, 0.853515625, 1.1494140625, 2.388671875, 2.26171875], [0.599609375, 2.578125, 0.083984375, 2.302734375, 2.533203125, 0.5, 0.0390625, 2.4140625, 0.904296875, 0.89453125, 2.326171875, 1.26953125, 1.02734375, 2.939453125, 1.044921875, 2.251953125, 2.169921875, 0.0, 2.986328125, 2.009765625, 2.697265625, 0.72265625, 1.2578125, 1.462890625, 0.2685546875, 0.041015625, 0.3525390625, 1.986328125, 1.283203125, 0.5625, 2.89453125, 2.587890625, 0.546875, 0.75830078125, 2.724609375, 3.0859375, 1.318359375, 2.96484375, 0.2177734375, 1.8515625], [2.388671875, 0.71826171875, 3.072265625, 0.99365234375, 0.76220703125, 2.796875, 2.947265625, 0.5732421875, 2.083984375, 2.40234375, 0.9697265625, 1.716796875, 1.958984375, 0.3564453125, 1.943359375, 0.7333984375, 0.8173828125, 2.986328125, 0.0, 0.9794921875, 0.2890625, 2.57421875, 2.0390625, 1.525390625, 3.02734375, 3.029296875, 2.943359375, 1.0029296875, 2.013671875, 2.423828125, 0.400390625, 0.70751953125, 2.75, 2.537109375, 0.2626953125, 0.0986328125, 1.669921875, 0.33203125, 3.078125, 1.4443359375], [1.408203125, 1.697265625, 2.091796875, 1.97265625, 1.7421875, 2.5078125, 1.970703125, 0.40625, 1.103515625, 2.90234375, 1.94921875, 0.736328125, 0.978515625, 1.3359375, 0.962890625, 0.24609375, 0.162109375, 2.009765625, 0.9794921875, 0.0, 0.6904296875, 2.73046875, 3.017578125, 0.544921875, 2.275390625, 2.048828125, 2.361328125, 0.0234375, 2.9921875, 1.447265625, 1.3798828125, 1.6875, 2.5546875, 2.765625, 0.716796875, 1.078125, 0.689453125, 1.3115234375, 2.224609375, 2.423828125], [2.099609375, 1.0078125, 2.783203125, 1.283203125, 1.05078125, 3.0859375, 2.658203125, 0.2841796875, 1.794921875, 2.69140625, 1.2587890625, 1.427734375, 1.669921875, 0.6455078125, 1.654296875, 0.4443359375, 0.5283203125, 2.697265625, 0.2890625, 0.6904296875, 0.0, 2.86328125, 2.328125, 1.236328125, 2.966796875, 2.740234375, 3.05078125, 0.7138671875, 2.302734375, 2.134765625, 0.689453125, 0.99658203125, 3.0390625, 2.826171875, 0.0263671875, 0.3876953125, 1.380859375, 0.62109375, 2.916015625, 1.7333984375], [1.322265625, 1.85546875, 0.638671875, 1.580078125, 1.810546875, 0.22265625, 0.76171875, 3.13671875, 1.626953125, 0.171875, 1.603515625, 1.9921875, 1.75, 2.216796875, 1.767578125, 2.9765625, 2.892578125, 0.72265625, 2.57421875, 2.73046875, 2.86328125, 0.0, 0.53466796875, 2.185546875, 0.4541015625, 0.681640625, 0.3701171875, 2.70703125, 0.56005859375, 1.28515625, 2.171875, 1.865234375, 0.17578125, 0.03564453125, 2.8359375, 2.474609375, 2.041015625, 2.2421875, 0.5048828125, 1.12890625], [1.857421875, 1.3203125, 1.173828125, 1.044921875, 1.2763671875, 0.75732421875, 1.296875, 2.611328125, 2.162109375, 0.36279296875, 1.068359375, 2.52734375, 2.28515625, 1.681640625, 2.302734375, 2.771484375, 2.85546875, 1.2578125, 2.0390625, 3.017578125, 2.328125, 0.53466796875, 0.0, 2.720703125, 0.98876953125, 1.216796875, 0.90478515625, 3.041015625, 0.025390625, 1.8203125, 1.638671875, 1.3310546875, 0.71044921875, 0.4990234375, 2.30078125, 1.939453125, 2.576171875, 1.70703125, 1.0390625, 0.59423828125], [0.86328125, 2.244140625, 1.546875, 2.517578125, 2.287109375, 1.962890625, 1.423828125, 0.951171875, 0.55859375, 2.357421875, 2.494140625, 0.193359375, 0.435546875, 1.880859375, 0.41796875, 0.791015625, 0.705078125, 1.462890625, 1.525390625, 0.544921875, 1.236328125, 2.185546875, 2.720703125, 0.0, 1.7314453125, 1.50390625, 1.8154296875, 0.521484375, 2.74609375, 0.900390625, 1.923828125, 2.232421875, 2.009765625, 2.220703125, 1.259765625, 1.623046875, 0.14453125, 1.857421875, 1.6806640625, 2.96875], [0.8681640625, 2.30859375, 0.1845703125, 2.033203125, 2.265625, 0.2314453125, 0.3076171875, 2.681640625, 1.1728515625, 0.6259765625, 2.05859375, 1.5380859375, 1.2958984375, 2.671875, 1.3134765625, 2.521484375, 2.439453125, 0.2685546875, 3.02734375, 2.275390625, 2.966796875, 0.4541015625, 0.98876953125, 1.7314453125, 0.0, 0.2275390625, 0.083984375, 2.251953125, 1.013671875, 0.8310546875, 2.626953125, 2.3203125, 0.2783203125, 0.48974609375, 2.994140625, 2.9296875, 1.5869140625, 2.6953125, 0.05078125, 1.5830078125], [0.640625, 2.537109375, 0.04296875, 2.26171875, 2.4921875, 0.458984375, 0.080078125, 2.455078125, 0.9453125, 0.853515625, 2.28515625, 1.310546875, 1.068359375, 2.8984375, 1.0859375, 2.294921875, 2.212890625, 0.041015625, 3.029296875, 2.048828125, 2.740234375, 0.681640625, 1.216796875, 1.50390625, 0.2275390625, 0.0, 0.3115234375, 2.025390625, 1.2421875, 0.603515625, 2.85546875, 2.546875, 0.505859375, 0.71728515625, 2.765625, 3.126953125, 1.359375, 2.921875, 0.1767578125, 1.810546875], [0.9521484375, 2.224609375, 0.2685546875, 1.94921875, 2.181640625, 0.1474609375, 0.3916015625, 2.767578125, 1.2568359375, 0.5419921875, 1.9736328125, 1.6220703125, 1.3798828125, 2.5859375, 1.3974609375, 2.607421875, 2.521484375, 0.3525390625, 2.943359375, 2.361328125, 3.05078125, 0.3701171875, 0.90478515625, 1.8154296875, 0.083984375, 0.3115234375, 0.0, 2.337890625, 0.93017578125, 0.9150390625, 2.54296875, 2.236328125, 0.1943359375, 0.40576171875, 3.076171875, 2.84375, 1.6708984375, 2.611328125, 0.134765625, 1.4990234375], [1.384765625, 1.720703125, 2.068359375, 1.99609375, 1.765625, 2.484375, 1.947265625, 0.4296875, 1.080078125, 2.87890625, 1.97265625, 0.712890625, 0.955078125, 1.359375, 0.939453125, 0.26953125, 0.185546875, 1.986328125, 1.0029296875, 0.0234375, 0.7138671875, 2.70703125, 3.041015625, 0.521484375, 2.251953125, 2.025390625, 2.337890625, 0.0, 3.015625, 1.423828125, 1.4033203125, 1.7109375, 2.53125, 2.7421875, 0.740234375, 1.1015625, 0.666015625, 1.3349609375, 2.201171875, 2.447265625], [1.8828125, 1.294921875, 1.19921875, 1.01953125, 1.2509765625, 0.78271484375, 1.322265625, 2.5859375, 2.1875, 0.38818359375, 1.04296875, 2.552734375, 2.310546875, 1.65625, 2.328125, 2.74609375, 2.830078125, 1.283203125, 2.013671875, 2.9921875, 2.302734375, 0.56005859375, 0.025390625, 2.74609375, 1.013671875, 1.2421875, 0.93017578125, 3.015625, 0.0, 1.845703125, 1.61328125, 1.3056640625, 0.73583984375, 0.5244140625, 2.275390625, 1.9140625, 2.6015625, 1.681640625, 1.064453125, 0.56884765625], [0.037109375, 3.140625, 0.646484375, 2.865234375, 3.095703125, 1.0625, 0.5234375, 1.853515625, 0.341796875, 1.45703125, 2.888671875, 0.70703125, 0.46484375, 2.78125, 0.482421875, 1.689453125, 1.607421875, 0.5625, 2.423828125, 1.447265625, 2.134765625, 1.28515625, 1.8203125, 0.900390625, 0.8310546875, 0.603515625, 0.9150390625, 1.423828125, 1.845703125, 0.0, 2.826171875, 3.1328125, 1.109375, 1.3203125, 2.162109375, 2.5234375, 0.755859375, 2.755859375, 0.7802734375, 2.4140625], [2.787109375, 0.31787109375, 2.8125, 0.59326171875, 0.36181640625, 2.39453125, 2.93359375, 0.9736328125, 2.482421875, 2.0, 0.5693359375, 2.119140625, 2.361328125, 0.0439453125, 2.341796875, 1.1337890625, 1.2177734375, 2.89453125, 0.400390625, 1.3798828125, 0.689453125, 2.171875, 1.638671875, 1.923828125, 2.626953125, 2.85546875, 2.54296875, 1.4033203125, 1.61328125, 2.826171875, 0.0, 0.30712890625, 2.34765625, 2.13671875, 0.6630859375, 0.3017578125, 2.068359375, 0.068359375, 2.677734375, 1.0439453125], [3.095703125, 0.0107421875, 2.50390625, 0.2861328125, 0.0546875, 2.087890625, 2.626953125, 1.28125, 2.791015625, 1.693359375, 0.26220703125, 2.42578125, 2.66796875, 0.35107421875, 2.650390625, 1.44140625, 1.525390625, 2.587890625, 0.70751953125, 1.6875, 0.99658203125, 1.865234375, 1.3310546875, 2.232421875, 2.3203125, 2.546875, 2.236328125, 1.7109375, 1.3056640625, 3.1328125, 0.30712890625, 0.0, 2.041015625, 1.830078125, 0.97021484375, 0.60888671875, 2.376953125, 0.37548828125, 2.37109375, 0.73681640625], [1.146484375, 2.03125, 0.462890625, 1.755859375, 1.986328125, 0.046875, 0.5859375, 2.9609375, 1.451171875, 0.34765625, 1.779296875, 1.81640625, 1.57421875, 2.392578125, 1.591796875, 2.80078125, 2.716796875, 0.546875, 2.75, 2.5546875, 3.0390625, 0.17578125, 0.71044921875, 2.009765625, 0.2783203125, 0.505859375, 0.1943359375, 2.53125, 0.73583984375, 1.109375, 2.34765625, 2.041015625, 0.0, 0.21142578125, 3.01171875, 2.650390625, 1.865234375, 2.41796875, 0.3291015625, 1.3046875], [1.357421875, 1.8193359375, 0.67431640625, 1.5439453125, 1.775390625, 0.25830078125, 0.79736328125, 3.111328125, 1.662109375, 0.13623046875, 1.568359375, 2.02734375, 1.78515625, 2.181640625, 1.802734375, 3.01171875, 2.927734375, 0.75830078125, 2.537109375, 2.765625, 2.826171875, 0.03564453125, 0.4990234375, 2.220703125, 0.48974609375, 0.71728515625, 0.40576171875, 2.7421875, 0.5244140625, 1.3203125, 2.13671875, 1.830078125, 0.21142578125, 0.0, 2.80078125, 2.439453125, 2.076171875, 2.205078125, 0.54052734375, 1.09375], [2.126953125, 0.98095703125, 2.80859375, 1.255859375, 1.025390625, 3.05859375, 2.685546875, 0.310546875, 1.822265625, 2.6640625, 1.232421875, 1.455078125, 1.697265625, 0.619140625, 1.681640625, 0.470703125, 0.5546875, 2.724609375, 0.2626953125, 0.716796875, 0.0263671875, 2.8359375, 2.30078125, 1.259765625, 2.994140625, 2.765625, 3.076171875, 0.740234375, 2.275390625, 2.162109375, 0.6630859375, 0.97021484375, 3.01171875, 2.80078125, 0.0, 0.361328125, 1.408203125, 0.5947265625, 2.943359375, 1.70703125], [2.486328125, 0.61962890625, 3.11328125, 0.89501953125, 0.66357421875, 2.697265625, 3.046875, 0.671875, 2.181640625, 2.302734375, 0.87109375, 1.814453125, 2.056640625, 0.2578125, 2.041015625, 0.83203125, 0.916015625, 3.0859375, 0.0986328125, 1.078125, 0.3876953125, 2.474609375, 1.939453125, 1.623046875, 2.9296875, 3.126953125, 2.84375, 1.1015625, 1.9140625, 2.5234375, 0.3017578125, 0.60888671875, 2.650390625, 2.439453125, 0.361328125, 0.0, 1.767578125, 0.2333984375, 2.98046875, 1.345703125], [0.71875, 2.38671875, 1.40234375, 2.662109375, 2.431640625, 1.818359375, 1.279296875, 1.095703125, 0.4140625, 2.212890625, 2.638671875, 0.048828125, 0.291015625, 2.025390625, 0.2734375, 0.935546875, 0.853515625, 1.318359375, 1.669921875, 0.689453125, 1.380859375, 2.041015625, 2.576171875, 0.14453125, 1.5869140625, 1.359375, 1.6708984375, 0.666015625, 2.6015625, 0.755859375, 2.068359375, 2.376953125, 1.865234375, 2.076171875, 1.408203125, 1.767578125, 0.0, 2.001953125, 1.5361328125, 3.11328125], [2.720703125, 0.38623046875, 2.87890625, 0.66162109375, 0.43017578125, 2.46484375, 3.00390625, 0.9052734375, 2.416015625, 2.0703125, 0.6376953125, 2.048828125, 2.291015625, 0.0244140625, 2.275390625, 1.0654296875, 1.1494140625, 2.96484375, 0.33203125, 1.3115234375, 0.62109375, 2.2421875, 1.70703125, 1.857421875, 2.6953125, 2.921875, 2.611328125, 1.3349609375, 1.681640625, 2.755859375, 0.068359375, 0.37548828125, 2.41796875, 2.205078125, 0.5947265625, 0.2333984375, 2.001953125, 0.0, 2.74609375, 1.1123046875], [0.8173828125, 2.359375, 0.1337890625, 2.083984375, 2.31640625, 0.2822265625, 0.2568359375, 2.630859375, 1.1220703125, 0.6767578125, 2.109375, 1.4873046875, 1.2451171875, 2.72265625, 1.2626953125, 2.470703125, 2.388671875, 0.2177734375, 3.078125, 2.224609375, 2.916015625, 0.5048828125, 1.0390625, 1.6806640625, 0.05078125, 0.1767578125, 0.134765625, 2.201171875, 1.064453125, 0.7802734375, 2.677734375, 2.37109375, 0.3291015625, 0.54052734375, 2.943359375, 2.98046875, 1.5361328125, 2.74609375, 0.0, 1.6337890625], [2.451171875, 0.72607421875, 1.767578125, 0.45068359375, 0.68212890625, 1.3515625, 1.890625, 2.017578125, 2.755859375, 0.95703125, 0.474609375, 3.12109375, 2.87890625, 1.087890625, 2.896484375, 2.177734375, 2.26171875, 1.8515625, 1.4443359375, 2.423828125, 1.7333984375, 1.12890625, 0.59423828125, 2.96875, 1.5830078125, 1.810546875, 1.4990234375, 2.447265625, 0.56884765625, 2.4140625, 1.0439453125, 0.73681640625, 1.3046875, 1.09375, 1.70703125, 1.345703125, 3.11328125, 1.1123046875, 1.6337890625, 0.0]], "coordinates": [[0, 0], [-57, -70], [59, 78], [0, -70], [70, 53], [24, 29], [23, -52], [-11, -89], [-27, 36], [-53, -35], [20, -19], [88, 70], [-27, -6], [-93, -46], [22, 75], [-97, -46], [-79, 76], [-43, 35], [-3, -36], [-6, 85], [-75, 43], [-29, 77], [29, -39], [62, -26], [-85, -2], [6, -32], [-3, -70], [19, -69], [-48, 26], [77, -30], [-70, -93], [13, 38], [54, 73], [10, -20], [76, -95], [-18, 52], [2, 71], [-88, -15], [19, 71], [5, -37], [85, 17]], "angles": [-2.25390625, 0.92333984375, -1.5703125, 0.64794921875, 0.87939453125, -1.154296875, -1.693359375, 2.21484375, -2.55859375, -0.759765625, 0.671875, -2.923828125, -2.681640625, 1.28515625, -2.69921875, 2.375, 2.458984375, -1.654296875, 1.6416015625, 2.62109375, 1.9306640625, -0.931640625, -0.39697265625, -3.1171875, -1.3857421875, -1.61328125, -1.3017578125, 2.64453125, -0.37158203125, -2.216796875, 1.2412109375, 0.93408203125, -1.107421875, -0.89599609375, 1.904296875, 1.54296875, -2.97265625, 1.3095703125, -1.4365234375, 0.1973876953125], "demands": [8, 7, 8, 9, 7, 8, 5, 4, 1, 2, 2, 1, 2, 4, 4, 5, 9, 7, 4, 1, 8, 5, 6, 5, 7, 1, 9, 7, 1, 4, 7, 4, 9, 4, 3, 6, 4, 1, 7, 4], "capacity": 50, "Vmax": 18}