{"name": "LZB_n40_7", "n": 40, "m": 5, "times": [[0.0, 104.875, 60.8125, 82.625, 83.25, 29.015625, 51.0, 54.21875, 99.875, 112.875, 66.75, 111.125, 87.625, 90.0625, 114.125, 60.90625, 103.5625, 102.9375, 103.0625, 24.734375, 51.65625, 56.625, 78.5625, 26.3125, 67.1875, 97.1875, 100.0625, 81.3125, 108.75, 54.15625, 67.1875, 59.21875, 84.125, 79.0, 94.375, 44.40625, 90.6875, 96.125, 81.625, 100.125, 85.75], [104.875, 0.0, 164.625, 49.65625, 35.125, 128.75, 137.5, 147.625, 202.75, 217.375, 112.5625, 161.125, 185.875, 65.9375, 9.21875, 46.875, 203.125, 30.890625, 207.875, 126.0, 93.9375, 137.75, 157.125, 127.875, 127.75, 148.5, 188.25, 36.0, 31.140625, 77.1875, 172.0, 152.125, 85.3125, 70.0, 45.59375, 82.75, 172.875, 194.125, 182.5, 5.38671875, 146.0], [60.8125, 164.625, 0.0, 134.5, 144.0, 36.78125, 67.6875, 33.0, 56.0, 53.0625, 88.5, 106.75, 60.84375, 147.5, 173.75, 121.6875, 46.0, 163.75, 45.21875, 48.15625, 88.125, 75.625, 60.09375, 36.875, 76.3125, 122.625, 87.6875, 137.125, 164.125, 110.625, 12.0, 33.375, 122.25, 135.75, 154.375, 100.4375, 89.8125, 67.0625, 24.328125, 160.125, 108.75], [82.625, 49.65625, 134.5, 0.0, 62.96875, 97.8125, 128.625, 110.625, 181.625, 187.125, 65.8125, 112.0, 170.25, 94.5, 56.03125, 52.3125, 166.5, 72.9375, 179.625, 107.25, 50.78125, 131.625, 113.625, 98.5, 82.25, 157.5, 180.25, 15.265625, 31.765625, 84.5, 144.0, 114.5, 35.6875, 92.125, 80.125, 84.1875, 168.125, 178.75, 147.875, 48.75, 150.75], [83.25, 35.125, 144.0, 62.96875, 0.0, 110.6875, 106.8125, 133.25, 175.625, 195.375, 111.625, 163.25, 156.5, 33.09375, 42.1875, 23.34375, 186.25, 19.703125, 184.75, 100.4375, 90.4375, 105.9375, 149.125, 108.875, 123.8125, 113.4375, 156.125, 48.09375, 60.71875, 43.90625, 149.625, 138.125, 95.1875, 35.125, 17.5, 51.21875, 140.0, 164.5, 164.5, 30.015625, 111.375], [29.015625, 128.75, 36.78125, 97.8125, 110.6875, 0.0, 62.625, 25.703125, 86.6875, 89.8125, 59.125, 92.625, 82.0, 119.125, 137.875, 87.6875, 75.625, 130.25, 81.8125, 32.53125, 53.4375, 70.1875, 53.25, 4.2421875, 52.1875, 116.1875, 102.125, 100.4375, 127.375, 83.0625, 46.3125, 30.59375, 88.3125, 108.0, 122.8125, 73.1875, 97.5625, 90.0, 54.125, 124.3125, 103.25], [51.0, 137.5, 67.6875, 128.625, 106.8125, 62.625, 0.0, 84.375, 72.5, 103.9375, 116.25, 155.25, 50.34375, 96.5, 146.25, 90.8125, 112.375, 124.5625, 91.25, 30.53125, 102.625, 8.0625, 114.5625, 58.40625, 113.375, 55.5625, 51.9375, 123.5, 149.875, 63.65625, 64.75, 88.25, 134.875, 84.625, 110.375, 55.59375, 40.0, 57.96875, 91.75, 132.25, 41.875], [54.21875, 147.625, 33.0, 110.625, 133.25, 25.703125, 84.375, 0.0, 89.0, 79.25, 57.0, 75.375, 91.75, 144.0, 156.5, 109.875, 56.03125, 152.5, 74.6875, 56.09375, 60.875, 92.3125, 30.609375, 29.40625, 43.5625, 139.375, 116.3125, 116.1875, 141.875, 108.375, 45.0, 5.0, 92.9375, 133.125, 146.375, 98.625, 115.125, 98.6875, 37.65625, 143.625, 126.0625], [99.875, 202.75, 56.0, 181.625, 175.625, 86.6875, 72.5, 89.0, 0.0, 43.84375, 143.5, 161.5, 26.015625, 168.75, 211.875, 156.375, 73.25, 194.375, 32.1875, 76.8125, 140.125, 77.0625, 114.5625, 84.75, 132.125, 112.1875, 52.5, 181.125, 208.625, 134.375, 44.0, 89.125, 175.0, 156.75, 181.375, 125.25, 65.25, 24.046875, 64.625, 197.625, 99.625], [112.875, 217.375, 53.0625, 187.125, 195.375, 89.8125, 103.9375, 79.25, 43.84375, 0.0, 136.0, 139.375, 67.75, 195.25, 226.625, 173.625, 37.65625, 215.0, 13.0390625, 95.75, 139.25, 110.4375, 95.125, 89.9375, 121.0625, 151.625, 96.0, 190.25, 217.125, 158.75, 45.78125, 76.9375, 172.125, 183.125, 204.375, 148.75, 107.1875, 67.625, 42.71875, 212.75, 138.25], [66.75, 112.5625, 88.5, 65.8125, 111.625, 59.125, 116.25, 57.0, 143.5, 136.0, 0.0, 51.875, 141.125, 134.375, 120.1875, 90.4375, 108.25, 128.0, 131.625, 86.3125, 21.546875, 122.625, 49.40625, 62.40625, 17.203125, 163.625, 160.625, 76.8125, 97.125, 106.8125, 100.25, 59.03125, 38.21875, 126.5625, 128.375, 100.125, 154.375, 149.0, 93.5625, 110.1875, 152.5], [111.125, 161.125, 106.75, 112.0, 163.25, 92.625, 155.25, 75.375, 161.5, 139.375, 51.875, 0.0, 167.0, 186.125, 168.0, 142.25, 103.5625, 179.125, 140.0, 124.8125, 73.375, 162.625, 46.875, 96.8125, 44.21875, 207.375, 191.625, 125.125, 141.0, 157.25, 118.375, 73.6875, 77.5, 178.0, 180.125, 149.75, 189.375, 173.625, 99.0625, 159.375, 195.0], [87.625, 185.875, 60.84375, 170.25, 156.5, 82.0, 50.34375, 91.75, 26.015625, 67.75, 141.125, 167.0, 0.0, 146.625, 194.875, 139.0, 91.1875, 174.625, 55.03125, 62.96875, 133.875, 53.53125, 120.6875, 79.0, 132.375, 86.125, 29.40625, 167.75, 195.0, 113.875, 50.25, 93.3125, 168.625, 134.75, 160.75, 105.4375, 39.625, 8.546875, 77.3125, 180.625, 73.6875], [90.0625, 65.9375, 147.5, 94.5, 33.09375, 119.125, 96.5, 144.0, 168.75, 195.25, 134.375, 186.125, 146.625, 0.0, 71.125, 45.21875, 192.5, 38.21875, 183.5, 100.0, 112.8125, 93.25, 164.875, 116.25, 143.875, 88.0, 140.125, 80.1875, 93.625, 36.875, 150.625, 149.0, 124.1875, 12.0859375, 21.03125, 47.0625, 122.8125, 153.875, 170.375, 61.40625, 89.1875], [114.125, 9.21875, 173.75, 56.03125, 42.1875, 137.875, 146.25, 156.5, 211.875, 226.625, 120.1875, 168.0, 194.875, 71.125, 0.0, 55.8125, 212.125, 33.96875, 217.125, 135.125, 102.125, 146.25, 165.5, 137.0, 135.75, 155.5, 196.75, 43.40625, 32.75, 85.25, 181.125, 161.0, 91.4375, 76.3125, 50.25, 91.25, 181.25, 203.125, 191.625, 14.2109375, 153.625], [60.90625, 46.875, 121.6875, 52.3125, 23.34375, 87.6875, 90.8125, 109.875, 156.375, 173.625, 90.4375, 142.25, 139.0, 45.21875, 55.8125, 0.0, 163.25, 42.71875, 163.5, 80.0, 68.9375, 91.375, 126.0, 86.0, 101.625, 108.125, 142.0, 40.25, 62.1875, 34.0, 127.875, 114.75, 79.25, 40.46875, 38.3125, 37.09375, 127.125, 147.25, 141.75, 41.625, 103.3125], [103.5625, 203.125, 46.0, 166.5, 186.25, 75.625, 112.375, 56.03125, 73.25, 37.65625, 108.25, 103.5625, 91.1875, 192.5, 212.125, 163.25, 0.0, 205.875, 42.9375, 94.0625, 116.1875, 120.0625, 62.15625, 77.5, 91.8125, 166.0, 120.625, 172.25, 197.75, 155.75, 47.8125, 52.0, 146.125, 180.875, 198.0, 145.5, 127.625, 94.125, 22.203125, 199.0, 152.125], [102.9375, 30.890625, 163.75, 72.9375, 19.703125, 130.25, 124.5625, 152.5, 194.375, 215.0, 128.0, 179.125, 174.625, 38.21875, 33.96875, 42.71875, 205.875, 0.0, 204.25, 119.8125, 107.3125, 123.0625, 167.5, 128.5, 141.125, 125.3125, 172.5, 57.71875, 61.625, 60.96875, 169.25, 157.375, 107.5625, 45.53125, 17.265625, 69.3125, 155.875, 182.5, 184.25, 27.796875, 125.0], [103.0625, 207.875, 45.21875, 179.625, 184.75, 81.8125, 91.25, 74.6875, 32.1875, 13.0390625, 131.625, 140.0, 55.03125, 183.5, 217.125, 163.5, 42.9375, 204.25, 0.0, 84.625, 133.125, 97.625, 94.25, 81.4375, 117.75, 138.625, 83.6875, 181.875, 209.0, 147.25, 36.0625, 73.0625, 166.75, 171.375, 193.25, 137.375, 94.375, 55.46875, 41.0625, 203.25, 125.25], [24.734375, 126.0, 48.15625, 107.25, 100.4375, 32.53125, 30.53125, 56.09375, 76.8125, 95.75, 86.3125, 124.8125, 62.96875, 100.0, 135.125, 80.0, 94.0625, 119.8125, 84.625, 0.0, 74.3125, 37.8125, 85.4375, 28.28125, 82.875, 83.75, 76.0, 105.125, 132.5, 63.25, 50.59375, 60.40625, 108.0, 88.0625, 108.6875, 53.15625, 68.125, 71.5, 72.0, 120.9375, 70.75], [51.65625, 93.9375, 88.125, 50.78125, 90.4375, 53.4375, 102.625, 60.875, 140.125, 139.25, 21.546875, 73.375, 133.875, 112.8125, 102.125, 68.9375, 116.1875, 107.3125, 133.125, 74.3125, 0.0, 108.25, 63.5625, 55.53125, 34.0625, 146.375, 150.25, 59.125, 82.5, 86.0625, 98.875, 64.375, 34.9375, 105.1875, 106.9375, 79.875, 142.0, 142.125, 98.5, 91.0625, 136.0], [56.625, 137.75, 75.625, 131.625, 105.9375, 70.1875, 8.0625, 92.3125, 77.0625, 110.4375, 122.625, 162.625, 53.53125, 93.25, 146.25, 91.375, 120.0625, 123.0625, 97.625, 37.8125, 108.25, 0.0, 122.4375, 65.9375, 120.4375, 47.5, 50.5625, 125.6875, 151.625, 62.1875, 72.375, 96.1875, 139.75, 81.5625, 108.25, 55.0625, 36.5, 60.59375, 99.625, 132.375, 33.84375], [78.5625, 157.125, 60.09375, 113.625, 149.125, 53.25, 114.5625, 30.609375, 114.5625, 95.125, 49.40625, 46.875, 120.6875, 164.875, 165.5, 126.0, 62.15625, 167.5, 94.25, 85.4375, 63.5625, 122.4375, 0.0, 57.4375, 32.1875, 169.125, 146.25, 122.6875, 145.375, 131.25, 71.5625, 27.78125, 87.4375, 154.875, 164.0, 122.125, 145.625, 127.125, 53.25, 154.0, 156.0], [26.3125, 127.875, 36.875, 98.5, 108.875, 4.2421875, 58.40625, 29.40625, 84.75, 89.9375, 62.40625, 96.8125, 79.0, 116.25, 137.0, 86.0, 77.5, 128.5, 81.4375, 28.28125, 55.53125, 65.9375, 57.4375, 0.0, 56.09375, 111.9375, 98.5, 100.4375, 127.5625, 80.0, 45.59375, 34.21875, 90.5, 105.0625, 120.5625, 70.0, 93.625, 87.125, 55.71875, 123.4375, 99.0], [67.1875, 127.75, 76.3125, 82.25, 123.8125, 52.1875, 113.375, 43.5625, 132.125, 121.0625, 17.203125, 44.21875, 132.375, 143.875, 135.75, 101.625, 91.8125, 141.125, 117.75, 82.875, 34.0625, 120.4375, 32.1875, 56.09375, 0.0, 164.0, 154.125, 92.4375, 113.875, 113.625, 88.25, 44.65625, 55.3125, 135.25, 139.875, 105.8125, 149.75, 139.875, 78.375, 125.0, 152.0], [97.1875, 148.5, 122.625, 157.5, 113.4375, 116.1875, 55.5625, 139.375, 112.1875, 151.625, 163.625, 207.375, 86.125, 88.0, 155.5, 108.125, 166.0, 125.3125, 138.625, 83.75, 146.375, 47.5, 169.125, 111.9375, 164.0, 0.0, 65.8125, 147.75, 170.0, 74.125, 118.25, 143.5, 173.875, 79.8125, 108.1875, 73.375, 48.5, 89.9375, 146.375, 143.25, 13.9296875], [100.0625, 188.25, 87.6875, 180.25, 156.125, 102.125, 51.9375, 116.3125, 52.5, 96.0, 160.625, 191.625, 29.40625, 140.125, 196.75, 142.0, 120.625, 172.5, 83.6875, 76.0, 150.25, 50.5625, 146.25, 98.5, 154.125, 65.8125, 0.0, 175.375, 201.75, 112.1875, 78.125, 118.5625, 184.0, 129.25, 157.0, 105.5625, 18.03125, 28.453125, 106.0625, 182.875, 55.9375], [81.3125, 36.0, 137.125, 15.265625, 48.09375, 100.4375, 123.5, 116.1875, 181.125, 190.25, 76.8125, 125.125, 167.75, 80.1875, 43.40625, 40.25, 172.25, 57.71875, 181.875, 105.125, 59.125, 125.6875, 122.6875, 100.4375, 92.4375, 147.75, 175.375, 0.0, 27.453125, 73.8125, 145.875, 120.4375, 50.28125, 78.6875, 65.125, 75.0, 162.25, 176.25, 152.625, 34.375, 142.0], [108.75, 31.140625, 164.125, 31.765625, 60.71875, 127.375, 149.875, 141.875, 208.625, 217.125, 97.125, 141.0, 195.0, 93.625, 32.75, 62.1875, 197.75, 61.625, 209.0, 132.5, 82.5, 151.625, 145.375, 127.5625, 113.875, 170.0, 201.75, 27.453125, 0.0, 96.0625, 173.125, 145.75, 63.5, 95.3125, 74.6875, 99.0, 188.0, 203.5, 178.75, 33.84375, 165.5], [54.15625, 77.1875, 110.625, 84.5, 43.90625, 83.0625, 63.65625, 108.375, 134.375, 158.75, 106.8125, 157.25, 113.875, 36.875, 85.25, 34.0, 155.75, 60.96875, 147.25, 63.25, 86.0625, 62.1875, 131.25, 80.0, 113.625, 74.125, 112.1875, 73.8125, 96.0625, 0.0, 113.8125, 113.375, 105.9375, 25.171875, 47.0, 10.1953125, 96.125, 121.625, 133.5, 71.8125, 69.5625], [67.1875, 172.0, 12.0, 144.0, 149.625, 46.3125, 64.75, 45.0, 44.0, 45.78125, 100.25, 118.375, 50.25, 150.625, 181.125, 127.875, 47.8125, 169.25, 36.0625, 50.59375, 98.875, 72.375, 71.5625, 45.59375, 88.25, 118.25, 78.125, 145.875, 173.125, 113.8125, 0.0, 45.28125, 133.375, 138.625, 158.875, 103.75, 82.0, 55.9375, 28.84375, 167.25, 104.375], [59.21875, 152.125, 33.375, 114.5, 138.125, 30.59375, 88.25, 5.0, 89.125, 76.9375, 59.03125, 73.6875, 93.3125, 149.0, 161.0, 114.75, 52.0, 157.375, 73.0625, 60.40625, 64.375, 96.1875, 27.78125, 34.21875, 44.65625, 143.5, 118.5625, 120.4375, 145.75, 113.375, 45.28125, 0.0, 95.6875, 138.125, 151.375, 103.5625, 118.0, 100.0, 34.65625, 148.25, 130.0], [84.125, 85.3125, 122.25, 35.6875, 95.1875, 88.3125, 134.875, 92.9375, 175.0, 172.125, 38.21875, 77.5, 168.625, 124.1875, 91.4375, 79.25, 146.125, 107.5625, 166.75, 108.0, 34.9375, 139.75, 87.4375, 90.5, 55.3125, 173.875, 184.0, 50.28125, 63.5, 105.9375, 133.375, 95.6875, 0.0, 119.5, 112.6875, 102.5, 174.75, 176.875, 130.375, 84.375, 164.75], [79.0, 70.0, 135.75, 92.125, 35.125, 108.0, 84.625, 133.125, 156.75, 183.125, 126.5625, 178.0, 134.75, 12.0859375, 76.3125, 40.46875, 180.875, 45.53125, 171.375, 88.0625, 105.1875, 81.5625, 154.875, 105.0625, 135.25, 79.8125, 129.25, 78.6875, 95.3125, 25.171875, 138.625, 138.125, 119.5, 0.0, 28.640625, 35.34375, 112.0, 142.125, 158.625, 65.0, 79.625], [94.375, 45.59375, 154.375, 80.125, 17.5, 122.8125, 110.375, 146.375, 181.375, 204.375, 128.375, 180.125, 160.75, 21.03125, 50.25, 38.3125, 198.0, 17.265625, 193.25, 108.6875, 106.9375, 108.25, 164.0, 120.5625, 139.875, 108.1875, 157.0, 65.125, 74.6875, 47.0, 158.875, 151.375, 112.6875, 28.640625, 0.0, 56.3125, 140.125, 168.375, 176.0, 41.4375, 108.25], [44.40625, 82.75, 100.4375, 84.1875, 51.21875, 73.1875, 55.59375, 98.625, 125.25, 148.75, 100.125, 149.75, 105.4375, 47.0625, 91.25, 37.09375, 145.5, 69.3125, 137.375, 53.15625, 79.875, 55.0625, 122.125, 70.0, 105.8125, 73.375, 105.5625, 75.0, 99.0, 10.1953125, 103.75, 103.5625, 102.5, 35.34375, 56.3125, 0.0, 90.25, 113.375, 123.3125, 77.375, 67.0], [90.6875, 172.875, 89.8125, 168.125, 140.0, 97.5625, 40.0, 115.125, 65.25, 107.1875, 154.375, 189.375, 39.625, 122.8125, 181.25, 127.125, 127.625, 155.875, 94.375, 68.125, 142.0, 36.5, 145.625, 93.625, 149.75, 48.5, 18.03125, 162.25, 188.0, 96.125, 82.0, 118.0, 174.75, 112.0, 140.125, 90.25, 0.0, 42.0, 110.8125, 167.5, 38.0], [96.125, 194.125, 67.0625, 178.75, 164.5, 90.0, 57.96875, 98.6875, 24.046875, 67.625, 149.0, 173.625, 8.546875, 153.875, 203.125, 147.25, 94.125, 182.5, 55.46875, 71.5, 142.125, 60.59375, 127.125, 87.125, 139.875, 89.9375, 28.453125, 176.25, 203.5, 121.625, 55.9375, 100.0, 176.875, 142.125, 168.375, 113.375, 42.0, 0.0, 81.8125, 188.875, 78.125], [81.625, 182.5, 24.328125, 147.875, 164.5, 54.125, 91.75, 37.65625, 64.625, 42.71875, 93.5625, 99.0625, 77.3125, 170.375, 191.625, 141.75, 22.203125, 184.25, 41.0625, 72.0, 98.5, 99.625, 53.25, 55.71875, 78.375, 146.375, 106.0625, 152.625, 178.75, 133.5, 28.84375, 34.65625, 130.375, 158.625, 176.0, 123.3125, 110.8125, 81.8125, 0.0, 178.25, 132.375], [100.125, 5.38671875, 160.125, 48.75, 30.015625, 124.3125, 132.25, 143.625, 197.625, 212.75, 110.1875, 159.375, 180.625, 61.40625, 14.2109375, 41.625, 199.0, 27.796875, 203.25, 120.9375, 91.0625, 132.375, 154.0, 123.4375, 125.0, 143.25, 182.875, 34.375, 33.84375, 71.8125, 167.25, 148.25, 84.375, 65.0, 41.4375, 77.375, 167.5, 188.875, 178.25, 0.0, 140.75], [85.75, 146.0, 108.75, 150.75, 111.375, 103.25, 41.875, 126.0625, 99.625, 138.25, 152.5, 195.0, 73.6875, 89.1875, 153.625, 103.3125, 152.125, 125.0, 125.25, 70.75, 136.0, 33.84375, 156.0, 99.0, 152.0, 13.9296875, 55.9375, 142.0, 165.5, 69.5625, 104.375, 130.0, 164.75, 79.625, 108.25, 67.0, 38.0, 78.125, 132.375, 140.75, 0.0]], "angleGap": [[0.0, 2.90234375, 0.4814453125, 0.29736328125, 2.458984375, 2.08984375, 2.33203125, 2.859375, 3.02734375, 1.3701171875, 1.68359375, 2.61328125, 0.67333984375, 0.00048828125, 0.20263671875, 2.6875, 0.29736328125, 3.107421875, 2.533203125, 1.107421875, 1.982421875, 2.044921875, 2.576171875, 1.6279296875, 1.6484375, 2.328125, 0.2958984375, 0.29052734375, 0.79150390625, 3.0625, 2.33984375, 0.91259765625, 0.72998046875, 0.44970703125, 0.85302734375, 2.166015625, 2.6171875, 2.72265625, 0.0244140625, 1.736328125], [2.90234375, 0.0, 2.419921875, 3.083984375, 0.443359375, 1.291015625, 0.5703125, 0.521484375, 0.125, 1.53125, 1.21875, 0.767578125, 2.708984375, 2.90234375, 3.10546875, 0.2138671875, 3.083984375, 0.205078125, 0.84765625, 1.794921875, 1.400390625, 0.8564453125, 0.3251953125, 1.2734375, 1.732421875, 1.052734375, 2.60546875, 2.611328125, 2.58984375, 0.16015625, 0.5625, 1.9892578125, 2.650390625, 2.931640625, 2.529296875, 1.212890625, 0.763671875, 0.1796875, 2.92578125, 1.642578125], [0.4814453125, 2.419921875, 0.0, 0.77880859375, 1.9765625, 2.572265625, 1.849609375, 2.94140625, 2.544921875, 0.888671875, 1.201171875, 3.095703125, 1.154296875, 0.48193359375, 0.68408203125, 2.20703125, 0.77880859375, 2.625, 3.015625, 0.6259765625, 2.46484375, 1.564453125, 2.095703125, 1.146484375, 2.130859375, 2.810546875, 0.185546875, 0.19091796875, 1.2734375, 2.580078125, 1.857421875, 0.43115234375, 1.2109375, 0.93115234375, 1.333984375, 2.6484375, 3.099609375, 2.240234375, 0.505859375, 2.21875], [0.29736328125, 3.083984375, 0.77880859375, 0.0, 2.755859375, 1.79296875, 2.62890625, 2.5625, 2.958984375, 1.66796875, 1.98046875, 2.31640625, 0.3759765625, 0.296875, 0.0947265625, 2.984375, 0.0, 2.87890625, 2.236328125, 1.404296875, 1.685546875, 2.34375, 2.875, 1.92578125, 1.3515625, 2.033203125, 0.59326171875, 0.587890625, 0.494140625, 2.923828125, 2.63671875, 1.2099609375, 0.4326171875, 0.15234375, 0.5556640625, 1.869140625, 2.3203125, 3.01953125, 0.27294921875, 1.439453125], [2.458984375, 0.443359375, 1.9765625, 2.755859375, 0.0, 1.736328125, 0.126953125, 0.96484375, 0.568359375, 1.087890625, 0.775390625, 1.2109375, 3.1328125, 2.458984375, 2.66015625, 0.2294921875, 2.755859375, 0.6484375, 1.291015625, 1.3515625, 1.841796875, 0.4130859375, 0.1181640625, 0.83056640625, 2.173828125, 1.49609375, 2.162109375, 2.16796875, 3.033203125, 0.603515625, 0.119140625, 1.5458984375, 3.095703125, 2.908203125, 2.970703125, 1.658203125, 1.20703125, 0.263671875, 2.482421875, 2.087890625], [2.08984375, 1.291015625, 2.572265625, 1.79296875, 1.736328125, 0.0, 1.861328125, 0.767578125, 1.166015625, 2.822265625, 2.509765625, 0.525390625, 1.4169921875, 2.08984375, 1.8876953125, 1.505859375, 1.79296875, 1.087890625, 0.443359375, 3.0859375, 0.107421875, 2.146484375, 1.615234375, 2.564453125, 0.44140625, 0.236328125, 2.38671875, 2.380859375, 1.298828125, 1.130859375, 1.853515625, 3.001953125, 1.3603515625, 1.640625, 1.2373046875, 0.076171875, 0.525390625, 1.470703125, 2.06640625, 0.353515625], [2.33203125, 0.5703125, 1.849609375, 2.62890625, 0.126953125, 1.861328125, 0.0, 1.091796875, 0.6953125, 0.96142578125, 0.6484375, 1.337890625, 3.00390625, 2.33203125, 2.53515625, 0.3564453125, 2.62890625, 0.775390625, 1.41796875, 1.224609375, 1.970703125, 0.2861328125, 0.2451171875, 0.70361328125, 2.302734375, 1.623046875, 2.03515625, 2.041015625, 3.123046875, 0.73046875, 0.0078125, 1.4189453125, 3.0625, 2.78125, 3.099609375, 1.783203125, 1.333984375, 0.390625, 2.35546875, 2.212890625], [2.859375, 0.521484375, 2.94140625, 2.5625, 0.96484375, 0.767578125, 1.091796875, 0.0, 0.396484375, 2.052734375, 1.740234375, 0.24609375, 2.185546875, 2.859375, 2.658203125, 0.7353515625, 2.5625, 0.31640625, 0.326171875, 2.31640625, 0.876953125, 1.3779296875, 0.8466796875, 1.794921875, 1.212890625, 0.53125, 3.126953125, 3.1328125, 2.068359375, 0.361328125, 1.083984375, 2.51171875, 2.130859375, 2.41015625, 2.005859375, 0.693359375, 0.2421875, 0.701171875, 2.8359375, 1.123046875], [3.02734375, 0.125, 2.544921875, 2.958984375, 0.568359375, 1.166015625, 0.6953125, 0.396484375, 0.0, 1.65625, 1.34375, 0.642578125, 2.583984375, 3.02734375, 3.052734375, 0.3388671875, 2.958984375, 0.080078125, 0.72265625, 1.919921875, 1.275390625, 0.9814453125, 0.4501953125, 1.3984375, 1.607421875, 0.927734375, 2.73046875, 2.736328125, 2.46484375, 0.03515625, 0.6875, 2.115234375, 2.525390625, 2.806640625, 2.404296875, 1.087890625, 0.638671875, 0.3046875, 3.05078125, 1.517578125], [1.3701171875, 1.53125, 0.888671875, 1.66796875, 1.087890625, 2.822265625, 0.96142578125, 2.052734375, 1.65625, 0.0, 0.31298828125, 2.298828125, 2.04296875, 1.37109375, 1.572265625, 1.318359375, 1.66796875, 1.736328125, 2.37890625, 0.2626953125, 2.9296875, 0.67529296875, 1.20703125, 0.2578125, 3.01953125, 2.583984375, 1.07421875, 1.080078125, 2.162109375, 1.69140625, 0.96923828125, 0.45751953125, 2.099609375, 1.8203125, 2.22265625, 2.74609375, 2.294921875, 1.3515625, 1.39453125, 3.107421875], [1.68359375, 1.21875, 1.201171875, 1.98046875, 0.775390625, 2.509765625, 0.6484375, 1.740234375, 1.34375, 0.31298828125, 0.0, 1.986328125, 2.35546875, 1.68359375, 1.8857421875, 1.0048828125, 1.98046875, 1.423828125, 2.06640625, 0.57568359375, 2.6171875, 0.3623046875, 0.8935546875, 0.05517578125, 2.951171875, 2.271484375, 1.38671875, 1.392578125, 2.474609375, 1.37890625, 0.65625, 0.7705078125, 2.4140625, 2.1328125, 2.53515625, 2.43359375, 1.982421875, 1.0390625, 1.70703125, 2.86328125], [2.61328125, 0.767578125, 3.095703125, 2.31640625, 1.2109375, 0.525390625, 1.337890625, 0.24609375, 0.642578125, 2.298828125, 1.986328125, 0.0, 1.939453125, 2.61328125, 2.412109375, 0.9814453125, 2.31640625, 0.5625, 0.080078125, 2.5625, 0.630859375, 1.6240234375, 1.0927734375, 2.041015625, 0.962890625, 0.28515625, 2.91015625, 2.904296875, 1.822265625, 0.607421875, 1.330078125, 2.7578125, 1.884765625, 2.166015625, 1.759765625, 0.447265625, 0.00390625, 0.947265625, 2.58984375, 0.876953125], [0.67333984375, 2.708984375, 1.154296875, 0.3759765625, 3.1328125, 1.4169921875, 3.00390625, 2.185546875, 2.583984375, 2.04296875, 2.35546875, 1.939453125, 0.0, 0.6728515625, 0.470703125, 2.921875, 0.3759765625, 2.501953125, 1.861328125, 1.78125, 1.3095703125, 2.71875, 3.033203125, 2.30078125, 0.9755859375, 1.654296875, 0.96923828125, 0.9638671875, 0.1181640625, 2.548828125, 3.01171875, 1.5859375, 0.056640625, 0.2236328125, 0.1796875, 1.4931640625, 1.943359375, 2.888671875, 0.64892578125, 1.0634765625], [0.00048828125, 2.90234375, 0.48193359375, 0.296875, 2.458984375, 2.08984375, 2.33203125, 2.859375, 3.02734375, 1.37109375, 1.68359375, 2.61328125, 0.6728515625, 0.0, 0.2021484375, 2.6875, 0.296875, 3.107421875, 2.533203125, 1.107421875, 1.982421875, 2.046875, 2.578125, 1.62890625, 1.6484375, 2.328125, 0.29638671875, 0.291015625, 0.791015625, 3.0625, 2.33984375, 0.9130859375, 0.7294921875, 0.44921875, 0.8525390625, 2.166015625, 2.6171875, 2.72265625, 0.02392578125, 1.736328125], [0.20263671875, 3.10546875, 0.68408203125, 0.0947265625, 2.66015625, 1.8876953125, 2.53515625, 2.658203125, 3.052734375, 1.572265625, 1.8857421875, 2.412109375, 0.470703125, 0.2021484375, 0.0, 2.890625, 0.0947265625, 2.974609375, 2.330078125, 1.310546875, 1.7802734375, 2.248046875, 2.779296875, 1.830078125, 1.4462890625, 2.126953125, 0.49853515625, 0.4931640625, 0.5888671875, 3.017578125, 2.54296875, 1.115234375, 0.52734375, 0.2470703125, 0.650390625, 1.9638671875, 2.416015625, 2.92578125, 0.17822265625, 1.5341796875], [2.6875, 0.2138671875, 2.20703125, 2.984375, 0.2294921875, 1.505859375, 0.3564453125, 0.7353515625, 0.3388671875, 1.318359375, 1.0048828125, 0.9814453125, 2.921875, 2.6875, 2.890625, 0.0, 2.984375, 0.4189453125, 1.0615234375, 1.580078125, 1.611328125, 0.642578125, 0.111328125, 1.060546875, 1.947265625, 1.2666015625, 2.392578125, 2.3984375, 2.802734375, 0.3740234375, 0.3486328125, 1.775390625, 2.865234375, 3.13671875, 2.7421875, 1.427734375, 0.9775390625, 0.0341796875, 2.712890625, 1.857421875], [0.29736328125, 3.083984375, 0.77880859375, 0.0, 2.755859375, 1.79296875, 2.62890625, 2.5625, 2.958984375, 1.66796875, 1.98046875, 2.31640625, 0.3759765625, 0.296875, 0.0947265625, 2.984375, 0.0, 2.87890625, 2.236328125, 1.404296875, 1.685546875, 2.34375, 2.875, 1.92578125, 1.3515625, 2.033203125, 0.59326171875, 0.587890625, 0.494140625, 2.923828125, 2.63671875, 1.2099609375, 0.4326171875, 0.15234375, 0.5556640625, 1.869140625, 2.3203125, 3.01953125, 0.27294921875, 1.439453125], [3.107421875, 0.205078125, 2.625, 2.87890625, 0.6484375, 1.087890625, 0.775390625, 0.31640625, 0.080078125, 1.736328125, 1.423828125, 0.5625, 2.501953125, 3.107421875, 2.974609375, 0.4189453125, 2.87890625, 0.0, 0.642578125, 2.0, 1.193359375, 1.0615234375, 0.5302734375, 1.478515625, 1.525390625, 0.84765625, 2.810546875, 2.81640625, 2.384765625, 0.044921875, 0.767578125, 2.1953125, 2.447265625, 2.7265625, 2.322265625, 1.009765625, 0.55859375, 0.384765625, 3.130859375, 1.439453125], [2.533203125, 0.84765625, 3.015625, 2.236328125, 1.291015625, 0.443359375, 1.41796875, 0.326171875, 0.72265625, 2.37890625, 2.06640625, 0.080078125, 1.861328125, 2.533203125, 2.330078125, 1.0615234375, 2.236328125, 0.642578125, 0.0, 2.642578125, 0.548828125, 1.7041015625, 1.1728515625, 2.12109375, 0.884765625, 0.205078125, 2.830078125, 2.82421875, 1.744140625, 0.6875, 1.41015625, 2.837890625, 1.802734375, 2.083984375, 1.681640625, 0.369140625, 0.083984375, 1.02734375, 2.509765625, 0.798828125], [1.107421875, 1.794921875, 0.6259765625, 1.404296875, 1.3515625, 3.0859375, 1.224609375, 2.31640625, 1.919921875, 0.2626953125, 0.57568359375, 2.5625, 1.78125, 1.107421875, 1.310546875, 1.580078125, 1.404296875, 2.0, 2.642578125, 0.0, 3.08984375, 0.93798828125, 1.46875, 0.5205078125, 2.755859375, 2.84765625, 0.8115234375, 0.81689453125, 1.8984375, 1.955078125, 1.232421875, 0.1949462890625, 1.837890625, 1.556640625, 1.9609375, 3.009765625, 2.55859375, 1.615234375, 1.1318359375, 2.84375], [1.982421875, 1.400390625, 2.46484375, 1.685546875, 1.841796875, 0.107421875, 1.970703125, 0.876953125, 1.275390625, 2.9296875, 2.6171875, 0.630859375, 1.3095703125, 1.982421875, 1.7802734375, 1.611328125, 1.685546875, 1.193359375, 0.548828125, 3.08984375, 0.0, 2.255859375, 1.724609375, 2.671875, 0.333984375, 0.345703125, 2.279296875, 2.2734375, 1.19140625, 1.236328125, 1.962890625, 2.89453125, 1.2529296875, 1.533203125, 1.1298828125, 0.18359375, 0.634765625, 1.580078125, 1.958984375, 0.24609375], [2.044921875, 0.8564453125, 1.564453125, 2.34375, 0.4130859375, 2.146484375, 0.2861328125, 1.3779296875, 0.9814453125, 0.67529296875, 0.3623046875, 1.6240234375, 2.71875, 2.046875, 2.248046875, 0.642578125, 2.34375, 1.0615234375, 1.7041015625, 0.93798828125, 2.255859375, 0.0, 0.53125, 0.41748046875, 2.587890625, 1.9091796875, 1.75, 1.7548828125, 2.8359375, 1.0166015625, 0.2939453125, 1.1328125, 2.775390625, 2.49609375, 2.8984375, 2.072265625, 1.6201171875, 0.6767578125, 2.0703125, 2.501953125], [2.576171875, 0.3251953125, 2.095703125, 2.875, 0.1181640625, 1.615234375, 0.2451171875, 0.8466796875, 0.4501953125, 1.20703125, 0.8935546875, 1.0927734375, 3.033203125, 2.578125, 2.779296875, 0.111328125, 2.875, 0.5302734375, 1.1728515625, 1.46875, 1.724609375, 0.53125, 0.0, 0.94873046875, 2.056640625, 1.3779296875, 2.28125, 2.28515625, 2.916015625, 0.4853515625, 0.2373046875, 1.6640625, 2.9765625, 3.02734375, 2.853515625, 1.541015625, 1.0888671875, 0.1455078125, 2.6015625, 1.970703125], [1.6279296875, 1.2734375, 1.146484375, 1.92578125, 0.83056640625, 2.564453125, 0.70361328125, 1.794921875, 1.3984375, 0.2578125, 0.05517578125, 2.041015625, 2.30078125, 1.62890625, 1.830078125, 1.060546875, 1.92578125, 1.478515625, 2.12109375, 0.5205078125, 2.671875, 0.41748046875, 0.94873046875, 0.0, 3.005859375, 2.326171875, 1.33203125, 1.337890625, 2.419921875, 1.43359375, 0.71142578125, 0.71533203125, 2.357421875, 2.078125, 2.48046875, 2.48828125, 2.037109375, 1.09375, 1.65234375, 2.91796875], [1.6484375, 1.732421875, 2.130859375, 1.3515625, 2.173828125, 0.44140625, 2.302734375, 1.212890625, 1.607421875, 3.01953125, 2.951171875, 0.962890625, 0.9755859375, 1.6484375, 1.4462890625, 1.947265625, 1.3515625, 1.525390625, 0.884765625, 2.755859375, 0.333984375, 2.587890625, 2.056640625, 3.005859375, 0.0, 0.681640625, 1.9453125, 1.939453125, 0.857421875, 1.572265625, 2.294921875, 2.560546875, 0.9189453125, 1.19921875, 0.7958984375, 0.517578125, 0.970703125, 1.912109375, 1.625, 0.087890625], [2.328125, 1.052734375, 2.810546875, 2.033203125, 1.49609375, 0.236328125, 1.623046875, 0.53125, 0.927734375, 2.583984375, 2.271484375, 0.28515625, 1.654296875, 2.328125, 2.126953125, 1.2666015625, 2.033203125, 0.84765625, 0.205078125, 2.84765625, 0.345703125, 1.9091796875, 1.3779296875, 2.326171875, 0.681640625, 0.0, 2.625, 2.619140625, 1.537109375, 0.892578125, 1.615234375, 3.04296875, 1.599609375, 1.876953125, 1.474609375, 0.162109375, 0.2890625, 1.232421875, 2.3046875, 0.591796875], [0.2958984375, 2.60546875, 0.185546875, 0.59326171875, 2.162109375, 2.38671875, 2.03515625, 3.126953125, 2.73046875, 1.07421875, 1.38671875, 2.91015625, 0.96923828125, 0.29638671875, 0.49853515625, 2.392578125, 0.59326171875, 2.810546875, 2.830078125, 0.8115234375, 2.279296875, 1.75, 2.28125, 1.33203125, 1.9453125, 2.625, 0.0, 0.00537109375, 1.087890625, 2.765625, 2.04296875, 0.61669921875, 1.025390625, 0.74560546875, 1.1484375, 2.462890625, 2.9140625, 2.42578125, 0.3203125, 2.033203125], [0.29052734375, 2.611328125, 0.19091796875, 0.587890625, 2.16796875, 2.380859375, 2.041015625, 3.1328125, 2.736328125, 1.080078125, 1.392578125, 2.904296875, 0.9638671875, 0.291015625, 0.4931640625, 2.3984375, 0.587890625, 2.81640625, 2.82421875, 0.81689453125, 2.2734375, 1.7548828125, 2.28515625, 1.337890625, 1.939453125, 2.619140625, 0.00537109375, 0.0, 1.08203125, 2.771484375, 2.048828125, 0.6220703125, 1.0205078125, 0.740234375, 1.1435546875, 2.45703125, 2.908203125, 2.431640625, 0.31494140625, 2.02734375], [0.79150390625, 2.58984375, 1.2734375, 0.494140625, 3.033203125, 1.298828125, 3.123046875, 2.068359375, 2.46484375, 2.162109375, 2.474609375, 1.822265625, 0.1181640625, 0.791015625, 0.5888671875, 2.802734375, 0.494140625, 2.384765625, 1.744140625, 1.8984375, 1.19140625, 2.8359375, 2.916015625, 2.419921875, 0.857421875, 1.537109375, 1.087890625, 1.08203125, 0.0, 2.4296875, 3.130859375, 1.7041015625, 0.0615234375, 0.341796875, 0.0615234375, 1.375, 1.826171875, 2.76953125, 0.76708984375, 0.9453125], [3.0625, 0.16015625, 2.580078125, 2.923828125, 0.603515625, 1.130859375, 0.73046875, 0.361328125, 0.03515625, 1.69140625, 1.37890625, 0.607421875, 2.548828125, 3.0625, 3.017578125, 0.3740234375, 2.923828125, 0.044921875, 0.6875, 1.955078125, 1.236328125, 1.0166015625, 0.4853515625, 1.43359375, 1.572265625, 0.892578125, 2.765625, 2.771484375, 2.4296875, 0.0, 0.72265625, 2.150390625, 2.490234375, 2.771484375, 2.369140625, 1.056640625, 0.603515625, 0.33984375, 3.0859375, 1.486328125], [2.33984375, 0.5625, 1.857421875, 2.63671875, 0.119140625, 1.853515625, 0.0078125, 1.083984375, 0.6875, 0.96923828125, 0.65625, 1.330078125, 3.01171875, 2.33984375, 2.54296875, 0.3486328125, 2.63671875, 0.767578125, 1.41015625, 1.232421875, 1.962890625, 0.2939453125, 0.2373046875, 0.71142578125, 2.294921875, 1.615234375, 2.04296875, 2.048828125, 3.130859375, 0.72265625, 0.0, 1.4267578125, 3.0703125, 2.7890625, 3.091796875, 1.775390625, 1.326171875, 0.3828125, 2.36328125, 2.205078125], [0.91259765625, 1.9892578125, 0.43115234375, 1.2099609375, 1.5458984375, 3.001953125, 1.4189453125, 2.51171875, 2.115234375, 0.45751953125, 0.7705078125, 2.7578125, 1.5859375, 0.9130859375, 1.115234375, 1.775390625, 1.2099609375, 2.1953125, 2.837890625, 0.1949462890625, 2.89453125, 1.1328125, 1.6640625, 0.71533203125, 2.560546875, 3.04296875, 0.61669921875, 0.6220703125, 1.7041015625, 2.150390625, 1.4267578125, 0.0, 1.642578125, 1.3623046875, 1.765625, 3.078125, 2.75390625, 1.8095703125, 0.93701171875, 2.6484375], [0.72998046875, 2.650390625, 1.2109375, 0.4326171875, 3.095703125, 1.3603515625, 3.0625, 2.130859375, 2.525390625, 2.099609375, 2.4140625, 1.884765625, 0.056640625, 0.7294921875, 0.52734375, 2.865234375, 0.4326171875, 2.447265625, 1.802734375, 1.837890625, 1.2529296875, 2.775390625, 2.9765625, 2.357421875, 0.9189453125, 1.599609375, 1.025390625, 1.0205078125, 0.0615234375, 2.490234375, 3.0703125, 1.642578125, 0.0, 0.2802734375, 0.123046875, 1.4365234375, 1.888671875, 2.830078125, 0.70556640625, 1.0068359375], [0.44970703125, 2.931640625, 0.93115234375, 0.15234375, 2.908203125, 1.640625, 2.78125, 2.41015625, 2.806640625, 1.8203125, 2.1328125, 2.166015625, 0.2236328125, 0.44921875, 0.2470703125, 3.13671875, 0.15234375, 2.7265625, 2.083984375, 1.556640625, 1.533203125, 2.49609375, 3.02734375, 2.078125, 1.19921875, 1.876953125, 0.74560546875, 0.740234375, 0.341796875, 2.771484375, 2.7890625, 1.3623046875, 0.2802734375, 0.0, 0.4033203125, 1.716796875, 2.166015625, 3.111328125, 0.42529296875, 1.287109375], [0.85302734375, 2.529296875, 1.333984375, 0.5556640625, 2.970703125, 1.2373046875, 3.099609375, 2.005859375, 2.404296875, 2.22265625, 2.53515625, 1.759765625, 0.1796875, 0.8525390625, 0.650390625, 2.7421875, 0.5556640625, 2.322265625, 1.681640625, 1.9609375, 1.1298828125, 2.8984375, 2.853515625, 2.48046875, 0.7958984375, 1.474609375, 1.1484375, 1.1435546875, 0.0615234375, 2.369140625, 3.091796875, 1.765625, 0.123046875, 0.4033203125, 0.0, 1.3134765625, 1.763671875, 2.708984375, 0.82861328125, 0.8837890625], [2.166015625, 1.212890625, 2.6484375, 1.869140625, 1.658203125, 0.076171875, 1.783203125, 0.693359375, 1.087890625, 2.74609375, 2.43359375, 0.447265625, 1.4931640625, 2.166015625, 1.9638671875, 1.427734375, 1.869140625, 1.009765625, 0.369140625, 3.009765625, 0.18359375, 2.072265625, 1.541015625, 2.48828125, 0.517578125, 0.162109375, 2.462890625, 2.45703125, 1.375, 1.056640625, 1.775390625, 3.078125, 1.4365234375, 1.716796875, 1.3134765625, 0.0, 0.451171875, 1.392578125, 2.142578125, 0.4296875], [2.6171875, 0.763671875, 3.099609375, 2.3203125, 1.20703125, 0.525390625, 1.333984375, 0.2421875, 0.638671875, 2.294921875, 1.982421875, 0.00390625, 1.943359375, 2.6171875, 2.416015625, 0.9775390625, 2.3203125, 0.55859375, 0.083984375, 2.55859375, 0.634765625, 1.6201171875, 1.0888671875, 2.037109375, 0.970703125, 0.2890625, 2.9140625, 2.908203125, 1.826171875, 0.603515625, 1.326171875, 2.75390625, 1.888671875, 2.166015625, 1.763671875, 0.451171875, 0.0, 0.943359375, 2.59375, 0.880859375], [2.72265625, 0.1796875, 2.240234375, 3.01953125, 0.263671875, 1.470703125, 0.390625, 0.701171875, 0.3046875, 1.3515625, 1.0390625, 0.947265625, 2.888671875, 2.72265625, 2.92578125, 0.0341796875, 3.01953125, 0.384765625, 1.02734375, 1.615234375, 1.580078125, 0.6767578125, 0.1455078125, 1.09375, 1.912109375, 1.232421875, 2.42578125, 2.431640625, 2.76953125, 0.33984375, 0.3828125, 1.8095703125, 2.830078125, 3.111328125, 2.708984375, 1.392578125, 0.943359375, 0.0, 2.74609375, 1.822265625], [0.0244140625, 2.92578125, 0.505859375, 0.27294921875, 2.482421875, 2.06640625, 2.35546875, 2.8359375, 3.05078125, 1.39453125, 1.70703125, 2.58984375, 0.64892578125, 0.02392578125, 0.17822265625, 2.712890625, 0.27294921875, 3.130859375, 2.509765625, 1.1318359375, 1.958984375, 2.0703125, 2.6015625, 1.65234375, 1.625, 2.3046875, 0.3203125, 0.31494140625, 0.76708984375, 3.0859375, 2.36328125, 0.93701171875, 0.70556640625, 0.42529296875, 0.82861328125, 2.142578125, 2.59375, 2.74609375, 0.0, 1.712890625], [1.736328125, 1.642578125, 2.21875, 1.439453125, 2.087890625, 0.353515625, 2.212890625, 1.123046875, 1.517578125, 3.107421875, 2.86328125, 0.876953125, 1.0634765625, 1.736328125, 1.5341796875, 1.857421875, 1.439453125, 1.439453125, 0.798828125, 2.84375, 0.24609375, 2.501953125, 1.970703125, 2.91796875, 0.087890625, 0.591796875, 2.033203125, 2.02734375, 0.9453125, 1.486328125, 2.205078125, 2.6484375, 1.0068359375, 1.287109375, 0.8837890625, 0.4296875, 0.880859375, 1.822265625, 1.712890625, 0.0]], "coordinates": [[0, 0], [69, 79], [-28, -54], [77, 30], [34, 76], [-1, -29], [-50, 10], [5, -54], [-84, -54], [-64, -93], [58, -33], [75, -82], [-83, -28], [4, 90], [75, 86], [30, 53], [-27, -100], [42, 94], [-65, -80], [-24, -6], [50, -13], [-54, 17], [29, -73], [-4, -26], [48, -47], [-78, 58], [-100, -4], [69, 43], [92, 58], [-4, 54], [-40, -54], [5, -59], [84, -5], [-1, 79], [25, 91], [-6, 44], [-90, 11], [-91, -31], [-24, -78], [64, 77], [-73, 45]], "angles": [0.85302734375, -2.048828125, 0.37158203125, 1.150390625, -1.60546875, 2.943359375, -1.478515625, -2.5703125, -2.173828125, -0.51708984375, -0.830078125, -2.81640625, 1.5263671875, 0.853515625, 1.0556640625, -1.8349609375, 1.150390625, -2.25390625, -2.896484375, -0.25439453125, 2.8359375, -1.1923828125, -1.7236328125, -0.77490234375, 2.501953125, -3.1015625, 0.55712890625, 0.5625, 1.64453125, -2.208984375, -1.486328125, -0.0594482421875, 1.5830078125, 1.302734375, 1.7060546875, 3.01953125, -2.8125, -1.869140625, 0.87744140625, 2.58984375], "demands": [10, 2, 1, 6, 5, 9, 3, 10, 7, 9, 3, 7, 7, 10, 7, 10, 2, 6, 3, 2, 1, 3, 5, 3, 1, 5, 9, 3, 9, 7, 1, 3, 1, 4, 1, 8, 1, 7, 8, 1], "capacity": 50, "Vmax": 21}