{"name": "LZB_n40_10", "n": 40, "m": 5, "times": [[0.0, 70.3125, 122.5625, 100.9375, 19.921875, 114.1875, 70.75, 134.375, 93.875, 82.5, 66.75, 58.71875, 101.25, 58.1875, 25.3125, 87.375, 96.125, 70.625, 66.1875, 98.0625, 74.8125, 86.3125, 40.375, 89.75, 101.6875, 66.0625, 85.9375, 42.4375, 51.25, 97.75, 97.0, 53.75, 75.6875, 45.625, 101.8125, 59.1875, 112.6875, 65.375, 86.0625, 58.46875, 32.75], [70.3125, 0.0, 139.625, 39.0625, 89.0625, 136.875, 102.25, 157.125, 89.6875, 125.0625, 56.28125, 89.125, 105.5625, 73.6875, 61.34375, 62.28125, 161.625, 15.5546875, 130.0, 154.0, 26.25, 142.25, 75.875, 74.6875, 113.4375, 96.1875, 89.5, 52.40625, 112.375, 30.078125, 122.125, 119.875, 145.75, 113.4375, 166.25, 18.109375, 46.53125, 111.75, 102.1875, 32.125, 56.46875], [122.5625, 139.625, 0.0, 177.75, 131.875, 12.0390625, 193.375, 256.75, 210.5, 202.625, 83.375, 63.875, 221.0, 177.75, 144.625, 193.375, 189.25, 152.75, 170.875, 84.1875, 163.0, 197.5, 82.625, 70.25, 223.25, 188.625, 50.34375, 94.4375, 163.75, 165.75, 26.625, 157.625, 139.25, 113.125, 115.0625, 146.125, 145.25, 185.5, 207.75, 107.6875, 98.125], [100.9375, 39.0625, 177.75, 0.0, 117.125, 175.5, 108.8125, 151.375, 79.3125, 133.75, 94.5, 128.0, 96.4375, 80.4375, 84.125, 48.09375, 182.5, 30.875, 151.0, 191.375, 26.875, 157.0, 114.0, 110.4375, 107.0625, 103.4375, 127.4375, 91.0625, 133.0, 14.2109375, 161.0, 143.25, 175.875, 146.25, 201.25, 42.0625, 54.40625, 124.375, 100.5, 71.0, 94.125], [19.921875, 89.0625, 131.875, 117.125, 0.0, 122.375, 64.875, 126.375, 97.0625, 70.75, 85.125, 69.625, 101.1875, 61.0, 34.4375, 96.8125, 76.3125, 87.6875, 47.0, 93.375, 90.4375, 69.25, 53.3125, 107.1875, 99.3125, 61.46875, 100.6875, 61.0, 33.84375, 115.3125, 105.5, 34.125, 58.8125, 35.0, 91.25, 76.375, 132.375, 53.75, 83.8125, 78.3125, 51.0], [114.1875, 136.875, 12.0390625, 175.5, 122.375, 0.0, 184.75, 248.0, 203.875, 193.125, 81.0625, 56.09375, 213.875, 170.5, 137.0, 188.125, 177.75, 149.25, 160.125, 72.3125, 159.25, 187.0, 74.9375, 71.3125, 215.5, 180.25, 49.375, 89.1875, 153.625, 164.0, 17.203125, 147.0, 127.5, 102.0625, 103.125, 141.875, 146.375, 176.125, 200.0, 104.6875, 91.8125], [70.75, 102.25, 193.375, 108.8125, 64.875, 184.75, 0.0, 63.6875, 46.3125, 25.078125, 129.75, 129.5, 41.78125, 29.15625, 51.625, 66.0625, 85.4375, 91.0625, 59.78125, 156.625, 86.0, 52.3125, 111.0, 154.0, 36.125, 6.08203125, 154.75, 107.0625, 47.09375, 114.9375, 167.625, 61.21875, 106.125, 97.125, 148.625, 84.125, 148.0, 21.9375, 22.359375, 112.0, 99.375], [134.375, 157.125, 256.75, 151.375, 126.375, 248.0, 63.6875, 0.0, 72.125, 58.1875, 192.25, 193.0, 55.03125, 85.875, 114.8125, 103.3125, 115.0, 143.375, 104.125, 213.75, 135.375, 80.625, 174.625, 216.375, 44.5625, 68.875, 218.375, 170.25, 100.1875, 161.5, 230.875, 112.1875, 154.75, 155.25, 200.5, 139.5, 199.625, 73.5625, 55.15625, 172.75, 162.875], [93.875, 89.6875, 210.5, 79.3125, 97.0625, 203.875, 46.3125, 72.125, 0.0, 68.5625, 134.625, 148.125, 17.125, 36.21875, 68.6875, 31.25, 131.75, 74.6875, 105.1875, 190.0, 65.375, 98.0625, 129.375, 157.75, 28.15625, 44.28125, 165.25, 116.75, 90.4375, 89.8125, 187.0, 104.375, 148.125, 132.0, 187.375, 73.625, 129.0, 68.125, 27.015625, 111.75, 112.375], [82.5, 125.0625, 202.625, 133.75, 70.75, 193.125, 25.078125, 58.1875, 68.5625, 0.0, 146.5, 139.75, 59.6875, 53.59375, 69.125, 90.9375, 66.125, 114.875, 47.25, 155.625, 110.4375, 30.40625, 122.3125, 170.5, 50.15625, 30.359375, 168.5, 122.75, 42.0625, 139.5, 176.25, 54.09375, 97.6875, 97.4375, 142.875, 107.125, 171.25, 17.203125, 41.875, 131.25, 114.0625], [66.75, 56.28125, 83.375, 94.5, 85.125, 81.0625, 129.75, 192.25, 134.625, 146.5, 0.0, 42.0, 147.75, 107.0, 78.25, 113.0, 160.25, 69.875, 132.125, 111.8125, 80.4375, 153.0, 39.8125, 24.1875, 152.625, 124.0625, 33.25, 24.328125, 117.9375, 83.0, 67.375, 119.0, 126.875, 91.4375, 131.875, 64.4375, 70.6875, 130.0, 138.375, 24.703125, 34.125], [58.71875, 89.125, 63.875, 128.0, 69.625, 56.09375, 129.5, 193.0, 148.125, 139.75, 42.0, 0.0, 157.75, 114.375, 81.0, 133.875, 136.0, 99.0625, 112.625, 69.8125, 108.0625, 137.75, 18.875, 51.46875, 159.5, 124.75, 35.0, 37.0625, 102.875, 118.6875, 38.9375, 99.0, 93.625, 60.03125, 91.0, 90.0625, 112.375, 122.625, 144.0, 58.53125, 36.875], [101.25, 105.5625, 221.0, 96.4375, 101.1875, 213.875, 41.78125, 55.03125, 17.125, 59.6875, 147.75, 157.75, 0.0, 43.40625, 76.9375, 48.375, 125.25, 90.875, 101.375, 194.5, 81.9375, 90.0625, 138.875, 171.375, 12.0859375, 42.0625, 177.375, 128.5, 88.6875, 106.875, 196.75, 102.8125, 147.625, 135.5, 189.125, 88.8125, 145.875, 63.3125, 19.421875, 125.75, 123.25], [58.1875, 73.6875, 177.75, 80.4375, 61.0, 170.5, 29.15625, 85.875, 36.21875, 53.59375, 107.0, 114.375, 43.40625, 0.0, 33.53125, 41.875, 106.0625, 62.0, 76.1875, 153.875, 56.875, 77.1875, 95.5, 131.0, 45.96875, 23.34375, 135.125, 86.25, 59.375, 85.9375, 153.375, 72.5, 114.1875, 96.0, 151.75, 55.59375, 119.0625, 44.40625, 31.40625, 86.8125, 80.25], [25.3125, 61.34375, 144.625, 84.125, 34.4375, 137.0, 51.625, 114.8125, 68.6875, 69.125, 78.25, 81.0, 76.9375, 33.53125, 0.0, 63.15625, 100.625, 56.3125, 68.875, 123.0, 57.28125, 81.625, 62.125, 102.4375, 78.625, 46.03125, 103.5625, 55.46875, 51.09375, 84.0625, 119.875, 59.625, 92.9375, 67.9375, 124.6875, 45.65625, 107.4375, 53.46875, 63.25, 62.15625, 48.15625], [87.375, 62.28125, 193.375, 48.09375, 96.8125, 188.125, 66.0625, 103.3125, 31.25, 90.9375, 113.0, 133.875, 48.375, 41.875, 63.15625, 0.0, 147.875, 46.75, 118.0625, 185.375, 36.40625, 117.625, 116.125, 134.625, 59.0, 61.625, 145.375, 99.0, 101.0, 58.6875, 171.75, 113.75, 153.625, 131.0, 187.75, 48.8125, 98.4375, 85.125, 53.59375, 88.75, 97.0], [96.125, 161.625, 189.25, 182.5, 76.3125, 177.75, 85.4375, 115.0, 131.75, 66.125, 160.25, 136.0, 125.25, 106.0625, 100.625, 147.875, 0.0, 156.625, 31.765625, 119.875, 156.125, 36.125, 124.1875, 181.0, 116.25, 88.0, 170.375, 136.75, 49.75, 184.25, 163.25, 42.4375, 53.25, 76.9375, 96.8125, 146.25, 206.875, 63.8125, 106.5, 154.625, 126.6875], [70.625, 15.5546875, 152.75, 30.875, 87.6875, 149.25, 91.0625, 143.375, 74.6875, 114.875, 69.875, 99.0625, 90.875, 62.0, 56.3125, 46.75, 156.625, 0.0, 124.9375, 160.75, 10.8203125, 134.375, 84.0, 89.5625, 99.3125, 85.125, 103.0625, 62.0, 106.9375, 27.796875, 134.0, 115.9375, 146.0, 115.6875, 170.375, 11.3984375, 57.125, 102.8125, 88.8125, 45.21875, 63.9375], [66.1875, 130.0, 170.875, 151.0, 47.0, 160.125, 59.78125, 104.125, 105.1875, 47.25, 132.125, 112.625, 101.375, 76.1875, 68.875, 118.0625, 31.765625, 124.9375, 0.0, 112.3125, 124.5625, 27.59375, 98.5, 154.0, 94.1875, 60.9375, 145.75, 108.0, 18.03125, 152.5, 144.25, 13.6015625, 50.6875, 58.40625, 96.4375, 114.5, 175.5, 38.09375, 82.0, 124.3125, 98.0], [98.0625, 154.0, 84.1875, 191.375, 93.375, 72.3125, 156.625, 213.75, 190.0, 155.625, 111.8125, 69.8125, 194.5, 153.875, 123.0, 185.375, 119.875, 160.75, 112.3125, 0.0, 167.875, 139.625, 78.3125, 117.8125, 192.125, 154.0, 96.0, 102.4375, 113.625, 184.0, 65.4375, 102.0625, 66.625, 59.46875, 31.0625, 150.125, 182.0, 140.75, 176.875, 126.1875, 97.5], [74.8125, 26.25, 163.0, 26.875, 90.4375, 159.25, 86.0, 135.375, 65.375, 110.4375, 80.4375, 108.0625, 81.9375, 56.875, 57.28125, 36.40625, 156.125, 10.8203125, 124.5625, 167.875, 0.0, 131.875, 92.25, 100.375, 90.9375, 80.25, 113.5625, 71.1875, 106.5, 29.125, 143.75, 116.5, 149.25, 120.375, 176.0, 18.03125, 64.3125, 99.625, 81.5, 55.71875, 72.1875], [86.3125, 142.25, 197.5, 157.0, 69.25, 187.0, 52.3125, 80.625, 98.0625, 30.40625, 153.0, 137.75, 90.0625, 77.1875, 81.625, 117.625, 36.125, 134.375, 27.59375, 139.625, 131.875, 0.0, 122.4375, 175.875, 80.5, 56.09375, 169.875, 128.75, 35.4375, 160.875, 170.875, 40.0, 76.0625, 85.8125, 122.125, 125.1875, 188.625, 32.75, 71.875, 142.0, 119.0625], [40.375, 75.875, 82.625, 114.0, 53.3125, 74.9375, 111.0, 174.625, 129.375, 122.3125, 39.8125, 18.875, 138.875, 95.5, 62.125, 116.125, 124.1875, 84.0, 98.5, 78.3125, 92.25, 122.4375, 0.0, 57.21875, 140.625, 106.125, 47.4375, 24.1875, 87.0625, 105.9375, 57.8125, 84.9375, 87.25, 51.9375, 94.125, 74.25, 105.5625, 105.125, 125.1875, 48.25, 20.09375], [89.75, 74.6875, 70.25, 110.4375, 107.1875, 71.3125, 154.0, 216.375, 157.75, 170.5, 24.1875, 51.46875, 171.375, 131.0, 102.4375, 134.625, 181.0, 89.5625, 154.0, 117.8125, 100.375, 175.875, 57.21875, 0.0, 176.5, 148.25, 23.328125, 47.75, 140.625, 97.5, 61.71875, 140.625, 143.625, 108.6875, 141.875, 85.8125, 75.125, 153.75, 162.375, 46.09375, 57.0], [101.6875, 113.4375, 223.25, 107.0625, 99.3125, 215.5, 36.125, 44.5625, 28.15625, 50.15625, 152.625, 159.5, 12.0859375, 45.96875, 78.625, 59.0, 116.25, 99.3125, 94.1875, 192.125, 90.9375, 80.5, 140.625, 176.5, 0.0, 38.09375, 181.0, 132.25, 83.0, 116.9375, 198.25, 97.0, 142.0, 132.625, 184.75, 96.1875, 155.25, 56.3125, 15.65625, 131.5, 126.125], [66.0625, 96.1875, 188.625, 103.4375, 61.46875, 180.25, 6.08203125, 68.875, 44.28125, 30.359375, 124.0625, 124.75, 42.0625, 23.34375, 46.03125, 61.625, 88.0, 85.125, 60.9375, 154.0, 80.25, 56.09375, 106.125, 148.25, 38.09375, 0.0, 149.5, 101.5, 46.875, 109.25, 163.0, 61.0, 105.5625, 94.625, 147.25, 78.125, 142.0, 24.203125, 23.09375, 106.0625, 94.0], [85.9375, 89.5, 50.34375, 127.4375, 100.6875, 49.375, 154.75, 218.375, 165.25, 168.5, 33.25, 35.0, 177.375, 135.125, 103.5625, 145.375, 170.375, 103.0625, 145.75, 96.0, 113.5625, 169.875, 47.4375, 23.328125, 181.0, 149.5, 0.0, 48.84375, 134.5, 115.4375, 38.46875, 132.125, 128.5, 95.0, 121.625, 97.1875, 97.25, 151.375, 166.125, 57.875, 55.4375], [42.4375, 52.40625, 94.4375, 91.0625, 61.0, 89.1875, 107.0625, 170.25, 116.75, 122.75, 24.328125, 37.0625, 128.5, 86.25, 55.46875, 99.0, 136.75, 62.0, 108.0, 102.4375, 71.1875, 128.75, 24.1875, 47.75, 132.25, 101.5, 48.84375, 0.0, 93.625, 82.25, 73.0, 95.0625, 106.4375, 71.1875, 117.8125, 53.34375, 82.0, 106.0625, 117.4375, 24.203125, 10.046875], [51.25, 112.375, 163.75, 133.0, 33.84375, 153.625, 47.09375, 100.1875, 90.4375, 42.0625, 117.9375, 102.875, 88.6875, 59.375, 51.09375, 101.0, 49.75, 106.9375, 18.03125, 113.625, 106.5, 35.4375, 87.0625, 140.625, 83.0, 46.875, 134.5, 93.625, 0.0, 134.5, 137.25, 14.140625, 59.03125, 55.46875, 102.4375, 96.625, 158.125, 27.65625, 69.375, 108.3125, 83.875], [97.75, 30.078125, 165.75, 14.2109375, 115.3125, 164.0, 114.9375, 161.5, 89.8125, 139.5, 83.0, 118.6875, 106.875, 85.9375, 84.0625, 58.6875, 184.25, 27.796875, 152.5, 184.0, 29.125, 160.875, 105.9375, 97.5, 116.9375, 109.25, 115.4375, 82.25, 134.5, 0.0, 150.125, 143.75, 173.375, 142.25, 195.875, 38.9375, 40.8125, 128.75, 109.0, 60.53125, 86.5625], [97.0, 122.125, 26.625, 161.0, 105.5, 17.203125, 167.625, 230.875, 187.0, 176.25, 67.375, 38.9375, 196.75, 153.375, 119.875, 171.75, 163.25, 134.0, 144.25, 65.4375, 143.75, 170.875, 57.8125, 61.71875, 198.25, 163.0, 38.46875, 73.0, 137.25, 150.125, 0.0, 131.0, 114.3125, 86.8125, 94.9375, 126.125, 135.375, 159.125, 182.75, 90.0, 75.0], [53.75, 119.875, 157.625, 143.25, 34.125, 147.0, 61.21875, 112.1875, 104.375, 54.09375, 119.0, 99.0, 102.8125, 72.5, 59.625, 113.75, 42.4375, 115.9375, 13.6015625, 102.0625, 116.5, 40.0, 84.9375, 140.625, 97.0, 61.0, 132.125, 95.0625, 14.140625, 143.75, 131.0, 0.0, 45.0, 45.96875, 89.0625, 105.125, 164.75, 41.1875, 83.5, 112.1875, 85.0], [75.6875, 145.75, 139.25, 175.875, 58.8125, 127.5, 106.125, 154.75, 148.125, 97.6875, 126.875, 93.625, 147.625, 114.1875, 92.9375, 153.625, 53.25, 146.0, 50.6875, 66.625, 149.25, 76.0625, 87.25, 143.625, 142.0, 105.5625, 128.5, 106.4375, 59.03125, 173.375, 114.3125, 45.0, 0.0, 35.46875, 46.09375, 134.625, 186.125, 86.0625, 128.375, 128.75, 97.125], [45.625, 113.4375, 113.125, 146.25, 35.0, 102.0625, 97.125, 155.25, 132.0, 97.4375, 91.4375, 60.03125, 135.5, 96.0, 67.9375, 131.0, 76.9375, 115.6875, 58.40625, 59.46875, 120.375, 85.8125, 51.9375, 108.6875, 132.625, 94.625, 95.0, 71.1875, 55.46875, 142.25, 86.8125, 45.96875, 35.46875, 0.0, 56.75, 104.3125, 151.875, 81.8125, 117.5, 94.0625, 62.125], [101.8125, 166.25, 115.0625, 201.25, 91.25, 103.125, 148.625, 200.5, 187.375, 142.875, 131.875, 91.0, 189.125, 151.75, 124.6875, 187.75, 96.8125, 170.375, 96.4375, 31.0625, 176.0, 122.125, 94.125, 141.875, 184.75, 147.25, 121.625, 117.8125, 102.4375, 195.875, 94.9375, 89.0625, 46.09375, 56.75, 0.0, 159.25, 199.625, 130.0, 170.25, 142.0, 110.8125], [59.1875, 18.109375, 146.125, 42.0625, 76.375, 141.875, 84.125, 139.5, 73.625, 107.125, 64.4375, 90.0625, 88.8125, 55.59375, 45.65625, 48.8125, 146.25, 11.3984375, 114.5, 150.125, 18.03125, 125.1875, 74.25, 85.8125, 96.1875, 78.125, 97.1875, 53.34375, 96.625, 38.9375, 126.125, 105.125, 134.625, 104.3125, 159.25, 0.0, 64.1875, 94.1875, 84.4375, 39.96875, 54.15625], [112.6875, 46.53125, 145.25, 54.40625, 132.375, 146.375, 148.0, 199.625, 129.0, 171.25, 70.6875, 112.375, 145.875, 119.0625, 107.4375, 98.4375, 206.875, 57.125, 175.5, 182.0, 64.3125, 188.625, 105.5625, 75.125, 155.25, 142.0, 97.25, 82.0, 158.125, 40.8125, 135.375, 164.75, 186.125, 151.875, 199.625, 64.1875, 0.0, 158.25, 145.625, 58.0625, 90.0], [65.375, 111.75, 185.5, 124.375, 53.75, 176.125, 21.9375, 73.5625, 68.125, 17.203125, 130.0, 122.625, 63.3125, 44.40625, 53.46875, 85.125, 63.8125, 102.8125, 38.09375, 140.75, 99.625, 32.75, 105.125, 153.75, 56.3125, 24.203125, 151.375, 106.0625, 27.65625, 128.75, 159.125, 41.1875, 86.0625, 81.8125, 130.0, 94.1875, 158.25, 0.0, 43.96875, 115.5625, 97.1875], [86.0625, 102.1875, 207.75, 100.5, 83.8125, 200.0, 22.359375, 55.15625, 27.015625, 41.875, 138.375, 144.0, 19.421875, 31.40625, 63.25, 53.59375, 106.5, 88.8125, 82.0, 176.875, 81.5, 71.875, 125.1875, 162.375, 15.65625, 23.09375, 166.125, 117.4375, 69.375, 109.0, 182.75, 83.5, 128.375, 117.5, 170.25, 84.4375, 145.625, 43.96875, 0.0, 118.0, 111.0625], [58.46875, 32.125, 107.6875, 71.0, 78.3125, 104.6875, 112.0, 172.75, 111.75, 131.25, 24.703125, 58.53125, 125.75, 86.8125, 62.15625, 88.75, 154.625, 45.21875, 124.3125, 126.1875, 55.71875, 142.0, 48.25, 46.09375, 131.5, 106.0625, 57.875, 24.203125, 108.3125, 60.53125, 90.0, 112.1875, 128.75, 94.0625, 142.0, 39.96875, 58.0625, 115.5625, 118.0, 0.0, 32.0], [32.75, 56.46875, 98.125, 94.125, 51.0, 91.8125, 99.375, 162.875, 112.375, 114.0625, 34.125, 36.875, 123.25, 80.25, 48.15625, 97.0, 126.6875, 63.9375, 98.0, 97.5, 72.1875, 119.0625, 20.09375, 57.0, 126.125, 94.0, 55.4375, 10.046875, 83.875, 86.5625, 75.0, 85.0, 97.125, 62.125, 110.8125, 54.15625, 90.0, 97.1875, 111.0625, 32.0, 0.0]], "angleGap": [[0.0, 1.541015625, 0.2890625, 2.75390625, 1.619140625, 1.6220703125, 1.662109375, 1.1240234375, 1.9130859375, 0.845703125, 1.517578125, 1.2822265625, 1.208984375, 1.03515625, 0.78515625, 2.65625, 0.220703125, 2.5234375, 2.294921875, 0.359375, 2.2734375, 1.427734375, 0.939453125, 1.4013671875, 1.5654296875, 1.205078125, 0.837890625, 2.349609375, 0.1484375, 1.611328125, 2.615234375, 3.041015625, 2.71875, 2.60546875, 0.22265625, 0.21484375, 1.935546875, 1.4130859375, 0.470703125, 0.908203125], [1.541015625, 0.0, 1.830078125, 1.9873046875, 0.07421875, 3.1171875, 3.078125, 2.666015625, 2.828125, 0.69921875, 0.02734375, 2.826171875, 2.751953125, 2.578125, 2.328125, 2.083984375, 1.763671875, 2.216796875, 0.7529296875, 1.900390625, 2.466796875, 0.115234375, 0.6015625, 2.943359375, 3.107421875, 0.337890625, 0.70703125, 2.390625, 1.689453125, 0.068359375, 2.125, 1.498046875, 1.17578125, 1.0625, 1.767578125, 1.330078125, 2.8046875, 2.955078125, 1.072265625, 0.6328125], [0.2890625, 1.830078125, 0.0, 2.46484375, 1.908203125, 1.3330078125, 1.373046875, 0.8349609375, 1.6240234375, 1.134765625, 1.806640625, 0.9931640625, 0.919921875, 0.74609375, 0.49609375, 2.3671875, 0.068359375, 2.234375, 2.583984375, 0.0703125, 1.9833984375, 1.716796875, 1.228515625, 1.1123046875, 1.2763671875, 1.494140625, 1.126953125, 2.060546875, 0.140625, 1.900390625, 2.326171875, 2.953125, 3.0078125, 2.89453125, 0.06640625, 0.50390625, 1.646484375, 1.1240234375, 0.759765625, 1.197265625], [2.75390625, 1.9873046875, 2.46484375, 0.0, 1.9130859375, 1.130859375, 1.0908203125, 1.62890625, 0.83984375, 2.685546875, 2.013671875, 1.470703125, 1.5439453125, 1.7177734375, 1.9677734375, 0.0963134765625, 2.533203125, 0.230224609375, 1.234375, 2.39453125, 0.48046875, 2.1015625, 2.587890625, 1.3515625, 1.1875, 2.32421875, 2.693359375, 0.403564453125, 2.60546875, 1.9189453125, 0.1376953125, 0.489013671875, 0.8115234375, 0.9248046875, 2.53125, 2.96875, 0.8173828125, 1.33984375, 3.05859375, 2.619140625], [1.619140625, 0.07421875, 1.908203125, 1.9130859375, 0.0, 3.04296875, 3.00390625, 2.740234375, 2.75390625, 0.7734375, 0.1015625, 2.900390625, 2.826171875, 2.65234375, 2.40234375, 2.009765625, 1.837890625, 2.142578125, 0.6787109375, 1.978515625, 2.392578125, 0.189453125, 0.67578125, 3.017578125, 3.1015625, 0.412109375, 0.78125, 2.31640625, 1.767578125, 0.005859375, 2.05078125, 1.423828125, 1.1015625, 0.98828125, 1.837890625, 1.400390625, 2.73046875, 3.029296875, 1.146484375, 0.70703125], [1.6220703125, 3.1171875, 1.3330078125, 1.130859375, 3.04296875, 0.0, 0.0400390625, 0.498046875, 0.291015625, 2.466796875, 3.138671875, 0.33984375, 0.4130859375, 0.5869140625, 0.8369140625, 1.03515625, 1.4013671875, 0.90087890625, 2.365234375, 1.2626953125, 0.650390625, 3.048828125, 2.564453125, 0.220703125, 0.056640625, 2.826171875, 2.458984375, 0.7275390625, 1.4736328125, 3.05078125, 0.9931640625, 1.6201171875, 1.9423828125, 2.0546875, 1.3994140625, 1.8369140625, 0.3134765625, 0.208984375, 2.09375, 2.533203125], [1.662109375, 3.078125, 1.373046875, 1.0908203125, 3.00390625, 0.0400390625, 0.0, 0.5380859375, 0.2509765625, 2.505859375, 3.10546875, 0.3798828125, 0.453125, 0.626953125, 0.876953125, 0.99462890625, 1.44140625, 0.86083984375, 2.32421875, 1.302734375, 0.6103515625, 3.08984375, 2.603515625, 0.2607421875, 0.0966796875, 2.8671875, 2.498046875, 0.6875, 1.513671875, 3.009765625, 0.953125, 1.580078125, 1.90234375, 2.015625, 1.439453125, 1.876953125, 0.2734375, 0.2490234375, 2.1328125, 2.572265625], [1.1240234375, 2.666015625, 0.8349609375, 1.62890625, 2.740234375, 0.498046875, 0.5380859375, 0.0, 0.7890625, 1.966796875, 2.638671875, 0.158203125, 0.0849609375, 0.0888671875, 0.3388671875, 1.533203125, 0.9033203125, 1.3984375, 2.86328125, 0.7646484375, 1.1484375, 2.552734375, 2.064453125, 0.27734375, 0.44140625, 2.330078125, 1.958984375, 1.2255859375, 0.9755859375, 2.736328125, 1.4912109375, 2.1171875, 2.44140625, 2.5546875, 0.9013671875, 1.3388671875, 0.8115234375, 0.2890625, 1.5947265625, 2.033203125], [1.9130859375, 2.828125, 1.6240234375, 0.83984375, 2.75390625, 0.291015625, 0.2509765625, 0.7890625, 0.0, 2.755859375, 2.85546875, 0.630859375, 0.7041015625, 0.8779296875, 1.1279296875, 0.74365234375, 1.6923828125, 0.60986328125, 2.07421875, 1.5537109375, 0.359375, 2.94140625, 2.853515625, 0.51171875, 0.34765625, 3.119140625, 2.748046875, 0.4365234375, 1.7646484375, 2.7578125, 0.7021484375, 1.3291015625, 1.6513671875, 1.7646484375, 1.6904296875, 2.12890625, 0.0224609375, 0.5, 2.3828125, 2.822265625], [0.845703125, 0.69921875, 1.134765625, 2.685546875, 0.7734375, 2.466796875, 2.505859375, 1.966796875, 2.755859375, 0.0, 0.671875, 2.126953125, 2.052734375, 1.876953125, 1.626953125, 2.783203125, 1.064453125, 2.916015625, 1.4521484375, 1.205078125, 3.1171875, 0.583984375, 0.09765625, 2.244140625, 2.408203125, 0.361328125, 0.0078125, 3.08984375, 0.994140625, 0.767578125, 2.82421875, 2.197265625, 1.875, 1.76171875, 1.064453125, 0.626953125, 2.779296875, 2.255859375, 0.373046875, 0.06640625], [1.517578125, 0.02734375, 1.806640625, 2.013671875, 0.1015625, 3.138671875, 3.10546875, 2.638671875, 2.85546875, 0.671875, 0.0, 2.798828125, 2.724609375, 2.55078125, 2.30078125, 2.111328125, 1.736328125, 2.244140625, 0.7802734375, 1.876953125, 2.494140625, 0.087890625, 0.57421875, 2.916015625, 3.080078125, 0.310546875, 0.6796875, 2.41796875, 1.666015625, 0.095703125, 2.15234375, 1.525390625, 1.203125, 1.08984375, 1.736328125, 1.298828125, 2.83203125, 2.927734375, 1.044921875, 0.60546875], [1.2822265625, 2.826171875, 0.9931640625, 1.470703125, 2.900390625, 0.33984375, 0.3798828125, 0.158203125, 0.630859375, 2.126953125, 2.798828125, 0.0, 0.0732421875, 0.2470703125, 0.4970703125, 1.375, 1.0615234375, 1.240234375, 2.705078125, 0.9228515625, 0.990234375, 2.708984375, 2.224609375, 0.119140625, 0.283203125, 2.486328125, 2.119140625, 1.0673828125, 1.1337890625, 2.892578125, 1.3330078125, 1.9599609375, 2.28125, 2.39453125, 1.0595703125, 1.4970703125, 0.6533203125, 0.130859375, 1.7529296875, 2.193359375], [1.208984375, 2.751953125, 0.919921875, 1.5439453125, 2.826171875, 0.4130859375, 0.453125, 0.0849609375, 0.7041015625, 2.052734375, 2.724609375, 0.0732421875, 0.0, 0.173828125, 0.423828125, 1.4482421875, 0.98828125, 1.3134765625, 2.77734375, 0.849609375, 1.0634765625, 2.63671875, 2.150390625, 0.1923828125, 0.3564453125, 2.4140625, 2.044921875, 1.140625, 1.060546875, 2.8203125, 1.40625, 2.033203125, 2.35546875, 2.46875, 0.986328125, 1.423828125, 0.7265625, 0.2041015625, 1.6796875, 2.119140625], [1.03515625, 2.578125, 0.74609375, 1.7177734375, 2.65234375, 0.5869140625, 0.626953125, 0.0888671875, 0.8779296875, 1.876953125, 2.55078125, 0.2470703125, 0.173828125, 0.0, 0.25, 1.6220703125, 0.814453125, 1.4873046875, 2.953125, 0.67578125, 1.2373046875, 2.462890625, 1.978515625, 0.3662109375, 0.5302734375, 2.240234375, 1.869140625, 1.314453125, 0.88671875, 2.646484375, 1.580078125, 2.20703125, 2.529296875, 2.642578125, 0.8125, 1.25, 0.900390625, 0.3779296875, 1.505859375, 1.947265625], [0.78515625, 2.328125, 0.49609375, 1.9677734375, 2.40234375, 0.8369140625, 0.876953125, 0.3388671875, 1.1279296875, 1.626953125, 2.30078125, 0.4970703125, 0.423828125, 0.25, 0.0, 1.8720703125, 0.564453125, 1.7373046875, 3.080078125, 0.42578125, 1.4873046875, 2.212890625, 1.728515625, 0.6162109375, 0.7802734375, 1.990234375, 1.619140625, 1.564453125, 0.63671875, 2.396484375, 1.830078125, 2.45703125, 2.779296875, 2.892578125, 0.5625, 1.0, 1.150390625, 0.6279296875, 1.255859375, 1.697265625], [2.65625, 2.083984375, 2.3671875, 0.0963134765625, 2.009765625, 1.03515625, 0.99462890625, 1.533203125, 0.74365234375, 2.783203125, 2.111328125, 1.375, 1.4482421875, 1.6220703125, 1.8720703125, 0.0, 2.435546875, 0.134033203125, 1.330078125, 2.296875, 0.38427734375, 2.19921875, 2.685546875, 1.255859375, 1.091796875, 2.421875, 2.791015625, 0.307373046875, 2.5078125, 2.015625, 0.0413818359375, 0.58544921875, 0.90771484375, 1.0205078125, 2.43359375, 2.87109375, 0.72119140625, 1.244140625, 3.126953125, 2.716796875], [0.220703125, 1.763671875, 0.068359375, 2.533203125, 1.837890625, 1.4013671875, 1.44140625, 0.9033203125, 1.6923828125, 1.064453125, 1.736328125, 1.0615234375, 0.98828125, 0.814453125, 0.564453125, 2.435546875, 0.0, 2.302734375, 2.517578125, 0.138671875, 2.052734375, 1.650390625, 1.162109375, 1.1806640625, 1.3447265625, 1.423828125, 1.056640625, 2.12890625, 0.072265625, 1.830078125, 2.39453125, 3.021484375, 2.939453125, 2.826171875, 0.001953125, 0.435546875, 1.71484375, 1.1923828125, 0.69140625, 1.130859375], [2.5234375, 2.216796875, 2.234375, 0.230224609375, 2.142578125, 0.90087890625, 0.86083984375, 1.3984375, 0.60986328125, 2.916015625, 2.244140625, 1.240234375, 1.3134765625, 1.4873046875, 1.7373046875, 0.134033203125, 2.302734375, 0.0, 1.46484375, 2.1640625, 0.250244140625, 2.33203125, 2.818359375, 1.12109375, 0.95751953125, 2.5546875, 2.923828125, 0.17333984375, 2.375, 2.1484375, 0.09259033203125, 0.71923828125, 1.0419921875, 1.1552734375, 2.30078125, 2.73828125, 0.58740234375, 1.109375, 2.994140625, 2.849609375], [2.294921875, 0.7529296875, 2.583984375, 1.234375, 0.6787109375, 2.365234375, 2.32421875, 2.86328125, 2.07421875, 1.4521484375, 0.7802734375, 2.705078125, 2.77734375, 2.953125, 3.080078125, 1.330078125, 2.517578125, 1.46484375, 0.0, 2.654296875, 1.71484375, 0.8681640625, 1.3544921875, 2.5859375, 2.421875, 1.0908203125, 1.4599609375, 1.6376953125, 2.443359375, 0.6845703125, 1.3720703125, 0.7451171875, 0.4228515625, 0.3095703125, 2.517578125, 2.080078125, 2.05078125, 2.57421875, 1.826171875, 1.3857421875], [0.359375, 1.900390625, 0.0703125, 2.39453125, 1.978515625, 1.2626953125, 1.302734375, 0.7646484375, 1.5537109375, 1.205078125, 1.876953125, 0.9228515625, 0.849609375, 0.67578125, 0.42578125, 2.296875, 0.138671875, 2.1640625, 2.654296875, 0.0, 1.9130859375, 1.787109375, 1.298828125, 1.0419921875, 1.2060546875, 1.564453125, 1.197265625, 1.990234375, 0.2109375, 1.970703125, 2.255859375, 2.8828125, 3.078125, 2.96484375, 0.13671875, 0.57421875, 1.576171875, 1.0537109375, 0.830078125, 1.267578125], [2.2734375, 2.466796875, 1.9833984375, 0.48046875, 2.392578125, 0.650390625, 0.6103515625, 1.1484375, 0.359375, 3.1171875, 2.494140625, 0.990234375, 1.0634765625, 1.2373046875, 1.4873046875, 0.38427734375, 2.052734375, 0.250244140625, 1.71484375, 1.9130859375, 0.0, 2.58203125, 3.068359375, 0.87109375, 0.70703125, 2.8046875, 3.109375, 0.07696533203125, 2.125, 2.3984375, 0.3427734375, 0.9697265625, 1.2919921875, 1.4052734375, 2.05078125, 2.48828125, 0.3369140625, 0.859375, 2.744140625, 3.099609375], [1.427734375, 0.115234375, 1.716796875, 2.1015625, 0.189453125, 3.048828125, 3.08984375, 2.552734375, 2.94140625, 0.583984375, 0.087890625, 2.708984375, 2.63671875, 2.462890625, 2.212890625, 2.19921875, 1.650390625, 2.33203125, 0.8681640625, 1.787109375, 2.58203125, 0.0, 0.486328125, 2.830078125, 2.994140625, 0.22265625, 0.591796875, 2.505859375, 1.576171875, 0.18359375, 2.240234375, 1.61328125, 1.291015625, 1.177734375, 1.650390625, 1.212890625, 2.919921875, 2.841796875, 0.955078125, 0.517578125], [0.939453125, 0.6015625, 1.228515625, 2.587890625, 0.67578125, 2.564453125, 2.603515625, 2.064453125, 2.853515625, 0.09765625, 0.57421875, 2.224609375, 2.150390625, 1.978515625, 1.728515625, 2.685546875, 1.162109375, 2.818359375, 1.3544921875, 1.298828125, 3.068359375, 0.486328125, 0.0, 2.341796875, 2.505859375, 0.263671875, 0.10546875, 2.9921875, 1.087890625, 0.669921875, 2.7265625, 2.099609375, 1.77734375, 1.6640625, 1.166015625, 0.728515625, 2.876953125, 2.353515625, 0.470703125, 0.03125], [1.4013671875, 2.943359375, 1.1123046875, 1.3515625, 3.017578125, 0.220703125, 0.2607421875, 0.27734375, 0.51171875, 2.244140625, 2.916015625, 0.119140625, 0.1923828125, 0.3662109375, 0.6162109375, 1.255859375, 1.1806640625, 1.12109375, 2.5859375, 1.0419921875, 0.87109375, 2.830078125, 2.341796875, 0.0, 0.1640625, 2.607421875, 2.236328125, 0.9482421875, 1.2529296875, 3.013671875, 1.2138671875, 1.8408203125, 2.1640625, 2.27734375, 1.1787109375, 1.6162109375, 0.5341796875, 0.01171875, 1.8720703125, 2.310546875], [1.5654296875, 3.107421875, 1.2763671875, 1.1875, 3.1015625, 0.056640625, 0.0966796875, 0.44140625, 0.34765625, 2.408203125, 3.080078125, 0.283203125, 0.3564453125, 0.5302734375, 0.7802734375, 1.091796875, 1.3447265625, 0.95751953125, 2.421875, 1.2060546875, 0.70703125, 2.994140625, 2.505859375, 0.1640625, 0.0, 2.771484375, 2.400390625, 0.7841796875, 1.4169921875, 3.10546875, 1.0498046875, 1.6767578125, 1.9990234375, 2.11328125, 1.3427734375, 1.7802734375, 0.3701171875, 0.15234375, 2.03515625, 2.474609375], [1.205078125, 0.337890625, 1.494140625, 2.32421875, 0.412109375, 2.826171875, 2.8671875, 2.330078125, 3.119140625, 0.361328125, 0.310546875, 2.486328125, 2.4140625, 2.240234375, 1.990234375, 2.421875, 1.423828125, 2.5546875, 1.0908203125, 1.564453125, 2.8046875, 0.22265625, 0.263671875, 2.607421875, 2.771484375, 0.0, 0.369140625, 2.728515625, 1.353515625, 0.40625, 2.462890625, 1.8359375, 1.513671875, 1.400390625, 1.427734375, 0.990234375, 3.140625, 2.619140625, 0.736328125, 0.294921875], [0.837890625, 0.70703125, 1.126953125, 2.693359375, 0.78125, 2.458984375, 2.498046875, 1.958984375, 2.748046875, 0.0078125, 0.6796875, 2.119140625, 2.044921875, 1.869140625, 1.619140625, 2.791015625, 1.056640625, 2.923828125, 1.4599609375, 1.197265625, 3.109375, 0.591796875, 0.10546875, 2.236328125, 2.400390625, 0.369140625, 0.0, 3.09765625, 0.986328125, 0.775390625, 2.83203125, 2.205078125, 1.8828125, 1.76953125, 1.056640625, 0.619140625, 2.771484375, 2.248046875, 0.365234375, 0.07421875], [2.349609375, 2.390625, 2.060546875, 0.403564453125, 2.31640625, 0.7275390625, 0.6875, 1.2255859375, 0.4365234375, 3.08984375, 2.41796875, 1.0673828125, 1.140625, 1.314453125, 1.564453125, 0.307373046875, 2.12890625, 0.17333984375, 1.6376953125, 1.990234375, 0.07696533203125, 2.505859375, 2.9921875, 0.9482421875, 0.7841796875, 2.728515625, 3.09765625, 0.0, 2.201171875, 2.322265625, 0.265869140625, 0.892578125, 1.21484375, 1.328125, 2.126953125, 2.564453125, 0.4140625, 0.9365234375, 2.8203125, 3.0234375], [0.1484375, 1.689453125, 0.140625, 2.60546875, 1.767578125, 1.4736328125, 1.513671875, 0.9755859375, 1.7646484375, 0.994140625, 1.666015625, 1.1337890625, 1.060546875, 0.88671875, 0.63671875, 2.5078125, 0.072265625, 2.375, 2.443359375, 0.2109375, 2.125, 1.576171875, 1.087890625, 1.2529296875, 1.4169921875, 1.353515625, 0.986328125, 2.201171875, 0.0, 1.759765625, 2.466796875, 3.09375, 2.8671875, 2.75390625, 0.07421875, 0.36328125, 1.787109375, 1.2646484375, 0.619140625, 1.056640625], [1.611328125, 0.068359375, 1.900390625, 1.9189453125, 0.005859375, 3.05078125, 3.009765625, 2.736328125, 2.7578125, 0.767578125, 0.095703125, 2.892578125, 2.8203125, 2.646484375, 2.396484375, 2.015625, 1.830078125, 2.1484375, 0.6845703125, 1.970703125, 2.3984375, 0.18359375, 0.669921875, 3.013671875, 3.10546875, 0.40625, 0.775390625, 2.322265625, 1.759765625, 0.0, 2.056640625, 1.4296875, 1.107421875, 0.994140625, 1.833984375, 1.396484375, 2.736328125, 3.025390625, 1.142578125, 0.701171875], [2.615234375, 2.125, 2.326171875, 0.1376953125, 2.05078125, 0.9931640625, 0.953125, 1.4912109375, 0.7021484375, 2.82421875, 2.15234375, 1.3330078125, 1.40625, 1.580078125, 1.830078125, 0.0413818359375, 2.39453125, 0.09259033203125, 1.3720703125, 2.255859375, 0.3427734375, 2.240234375, 2.7265625, 1.2138671875, 1.0498046875, 2.462890625, 2.83203125, 0.265869140625, 2.466796875, 2.056640625, 0.0, 0.626953125, 0.94921875, 1.0625, 2.392578125, 2.830078125, 0.6796875, 1.2021484375, 3.0859375, 2.7578125], [3.041015625, 1.498046875, 2.953125, 0.489013671875, 1.423828125, 1.6201171875, 1.580078125, 2.1171875, 1.3291015625, 2.197265625, 1.525390625, 1.9599609375, 2.033203125, 2.20703125, 2.45703125, 0.58544921875, 3.021484375, 0.71923828125, 0.7451171875, 2.8828125, 0.9697265625, 1.61328125, 2.099609375, 1.8408203125, 1.6767578125, 1.8359375, 2.205078125, 0.892578125, 3.09375, 1.4296875, 0.626953125, 0.0, 0.322265625, 0.435546875, 3.01953125, 2.826171875, 1.306640625, 1.8291015625, 2.5703125, 2.130859375], [2.71875, 1.17578125, 3.0078125, 0.8115234375, 1.1015625, 1.9423828125, 1.90234375, 2.44140625, 1.6513671875, 1.875, 1.203125, 2.28125, 2.35546875, 2.529296875, 2.779296875, 0.90771484375, 2.939453125, 1.0419921875, 0.4228515625, 3.078125, 1.2919921875, 1.291015625, 1.77734375, 2.1640625, 1.9990234375, 1.513671875, 1.8828125, 1.21484375, 2.8671875, 1.107421875, 0.94921875, 0.322265625, 0.0, 0.11328125, 2.94140625, 2.50390625, 1.62890625, 2.15234375, 2.248046875, 1.80859375], [2.60546875, 1.0625, 2.89453125, 0.9248046875, 0.98828125, 2.0546875, 2.015625, 2.5546875, 1.7646484375, 1.76171875, 1.08984375, 2.39453125, 2.46875, 2.642578125, 2.892578125, 1.0205078125, 2.826171875, 1.1552734375, 0.3095703125, 2.96484375, 1.4052734375, 1.177734375, 1.6640625, 2.27734375, 2.11328125, 1.400390625, 1.76953125, 1.328125, 2.75390625, 0.994140625, 1.0625, 0.435546875, 0.11328125, 0.0, 2.828125, 2.390625, 1.7421875, 2.265625, 2.134765625, 1.6953125], [0.22265625, 1.767578125, 0.06640625, 2.53125, 1.837890625, 1.3994140625, 1.439453125, 0.9013671875, 1.6904296875, 1.064453125, 1.736328125, 1.0595703125, 0.986328125, 0.8125, 0.5625, 2.43359375, 0.001953125, 2.30078125, 2.517578125, 0.13671875, 2.05078125, 1.650390625, 1.166015625, 1.1787109375, 1.3427734375, 1.427734375, 1.056640625, 2.126953125, 0.07421875, 1.833984375, 2.392578125, 3.01953125, 2.94140625, 2.828125, 0.0, 0.4375, 1.712890625, 1.1904296875, 0.693359375, 1.134765625], [0.21484375, 1.330078125, 0.50390625, 2.96875, 1.400390625, 1.8369140625, 1.876953125, 1.3388671875, 2.12890625, 0.626953125, 1.298828125, 1.4970703125, 1.423828125, 1.25, 1.0, 2.87109375, 0.435546875, 2.73828125, 2.080078125, 0.57421875, 2.48828125, 1.212890625, 0.728515625, 1.6162109375, 1.7802734375, 0.990234375, 0.619140625, 2.564453125, 0.36328125, 1.396484375, 2.830078125, 2.826171875, 2.50390625, 2.390625, 0.4375, 0.0, 2.150390625, 1.6279296875, 0.255859375, 0.697265625], [1.935546875, 2.8046875, 1.646484375, 0.8173828125, 2.73046875, 0.3134765625, 0.2734375, 0.8115234375, 0.0224609375, 2.779296875, 2.83203125, 0.6533203125, 0.7265625, 0.900390625, 1.150390625, 0.72119140625, 1.71484375, 0.58740234375, 2.05078125, 1.576171875, 0.3369140625, 2.919921875, 2.876953125, 0.5341796875, 0.3701171875, 3.140625, 2.771484375, 0.4140625, 1.787109375, 2.736328125, 0.6796875, 1.306640625, 1.62890625, 1.7421875, 1.712890625, 2.150390625, 0.0, 0.5224609375, 2.40625, 2.845703125], [1.4130859375, 2.955078125, 1.1240234375, 1.33984375, 3.029296875, 0.208984375, 0.2490234375, 0.2890625, 0.5, 2.255859375, 2.927734375, 0.130859375, 0.2041015625, 0.3779296875, 0.6279296875, 1.244140625, 1.1923828125, 1.109375, 2.57421875, 1.0537109375, 0.859375, 2.841796875, 2.353515625, 0.01171875, 0.15234375, 2.619140625, 2.248046875, 0.9365234375, 1.2646484375, 3.025390625, 1.2021484375, 1.8291015625, 2.15234375, 2.265625, 1.1904296875, 1.6279296875, 0.5224609375, 0.0, 1.8837890625, 2.322265625], [0.470703125, 1.072265625, 0.759765625, 3.05859375, 1.146484375, 2.09375, 2.1328125, 1.5947265625, 2.3828125, 0.373046875, 1.044921875, 1.7529296875, 1.6796875, 1.505859375, 1.255859375, 3.126953125, 0.69140625, 2.994140625, 1.826171875, 0.830078125, 2.744140625, 0.955078125, 0.470703125, 1.8720703125, 2.03515625, 0.736328125, 0.365234375, 2.8203125, 0.619140625, 1.142578125, 3.0859375, 2.5703125, 2.248046875, 2.134765625, 0.693359375, 0.255859375, 2.40625, 1.8837890625, 0.0, 0.439453125], [0.908203125, 0.6328125, 1.197265625, 2.619140625, 0.70703125, 2.533203125, 2.572265625, 2.033203125, 2.822265625, 0.06640625, 0.60546875, 2.193359375, 2.119140625, 1.947265625, 1.697265625, 2.716796875, 1.130859375, 2.849609375, 1.3857421875, 1.267578125, 3.099609375, 0.517578125, 0.03125, 2.310546875, 2.474609375, 0.294921875, 0.07421875, 3.0234375, 1.056640625, 0.701171875, 2.7578125, 2.130859375, 1.80859375, 1.6953125, 1.134765625, 0.697265625, 2.845703125, 2.322265625, 0.439453125, 0.0]], "coordinates": [[0, 0], [-54, 45], [-81, -92], [-56, 84], [19, -6], [-69, -91], [48, 52], [95, 95], [23, 91], [71, 42], [-66, -10], [-40, -43], [40, 93], [19, 55], [4, 25], [-8, 87], [94, -20], [-43, 56], [66, -5], [3, -98], [-37, 65], [85, 15], [-30, -27], [-87, -22], [51, 88], [42, 51], [-75, -42], [-42, -6], [51, 5], [-65, 73], [-59, -77], [53, -9], [53, -54], [20, -41], [34, -96], [-36, 47], [-100, 52], [57, 32], [44, 74], [-57, 13], [-32, -7]], "angles": [2.447265625, -2.29296875, 2.158203125, -0.305908203125, -2.21875, 0.8251953125, 0.78515625, 1.3232421875, 0.5341796875, -2.9921875, -2.3203125, 1.1650390625, 1.23828125, 1.412109375, 1.662109375, -0.2095947265625, 2.2265625, -0.07562255859375, -1.5400390625, 2.087890625, 0.1746826171875, -2.408203125, -2.89453125, 1.0458984375, 0.8818359375, -2.630859375, -3.0, 0.09771728515625, 2.298828125, -2.224609375, -0.168212890625, -0.794921875, -1.1171875, -1.23046875, 2.224609375, 2.662109375, 0.51171875, 1.0341796875, 2.91796875, -2.92578125], "demands": [2, 5, 8, 1, 1, 7, 5, 6, 6, 10, 1, 7, 6, 2, 9, 4, 3, 1, 10, 7, 1, 2, 8, 9, 1, 6, 8, 5, 8, 2, 7, 8, 6, 1, 4, 5, 4, 1, 7, 6], "capacity": 50, "Vmax": 19}