{"name": "LZB_n40_2", "n": 40, "m": 5, "times": [[0.0, 102.9375, 77.6875, 39.46875, 97.6875, 57.125, 53.75, 48.375, 79.9375, 70.375, 85.0625, 93.75, 65.8125, 57.375, 73.1875, 37.125, 72.8125, 86.75, 76.4375, 94.1875, 70.5, 85.9375, 91.6875, 44.59375, 83.1875, 99.3125, 110.1875, 35.90625, 75.0625, 45.03125, 114.6875, 116.375, 87.0, 62.96875, 66.6875, 53.46875, 78.1875, 99.375, 92.5625, 29.6875, 121.0], [102.9375, 0.0, 120.3125, 141.375, 143.375, 99.125, 127.5, 109.0625, 121.6875, 150.875, 171.875, 91.0, 155.75, 148.375, 94.25, 134.0, 175.375, 74.125, 156.0, 191.0, 154.125, 160.5, 83.875, 124.3125, 152.875, 129.75, 134.125, 86.3125, 102.4375, 65.875, 46.25, 112.0, 55.59375, 72.9375, 122.875, 87.6875, 155.625, 78.0, 188.75, 102.8125, 221.0], [77.6875, 120.3125, 0.0, 100.0, 24.1875, 131.0, 34.53125, 125.25, 2.236328125, 48.15625, 68.6875, 159.625, 63.125, 128.75, 143.625, 66.75, 120.125, 53.15625, 50.0, 98.4375, 144.25, 161.5, 48.03125, 121.8125, 38.90625, 21.9375, 33.25, 106.25, 147.75, 64.125, 155.25, 52.15625, 69.5, 47.53125, 14.8671875, 123.75, 47.53125, 159.125, 153.125, 48.03125, 131.0], [39.46875, 141.375, 100.0, 0.0, 113.9375, 72.0625, 67.1875, 57.28125, 102.0, 71.5625, 76.125, 113.375, 58.53125, 31.3125, 90.4375, 34.84375, 34.0, 122.5625, 76.5625, 71.3125, 47.84375, 66.6875, 125.9375, 40.03125, 89.1875, 121.6875, 133.0, 62.375, 88.625, 84.125, 147.375, 146.75, 125.1875, 99.3125, 85.9375, 74.8125, 79.625, 123.625, 55.375, 58.1875, 91.0], [97.6875, 143.375, 24.1875, 113.9375, 0.0, 152.875, 47.0, 146.0, 22.359375, 49.25, 64.625, 183.125, 66.1875, 144.25, 166.25, 79.1875, 128.75, 73.0, 48.09375, 96.1875, 160.375, 178.5, 65.875, 140.5, 32.75, 19.703125, 27.015625, 128.5, 170.0, 88.25, 179.25, 58.53125, 90.75, 71.1875, 31.015625, 146.375, 44.65625, 183.0, 164.0, 68.625, 127.25], [57.125, 99.125, 131.0, 72.0625, 152.875, 0.0, 110.75, 15.5546875, 133.25, 127.0625, 139.75, 41.34375, 120.375, 60.21875, 18.359375, 90.9375, 101.4375, 122.375, 133.0, 142.25, 59.46875, 62.03125, 130.375, 35.375, 140.375, 151.375, 161.5, 25.0625, 18.03125, 76.6875, 85.6875, 159.75, 114.0, 101.0625, 122.0, 11.703125, 135.0, 53.0625, 99.75, 84.375, 162.875], [53.75, 127.5, 34.53125, 67.1875, 47.0, 110.75, 0.0, 101.875, 36.25, 23.34375, 44.8125, 145.25, 32.28125, 97.3125, 126.0625, 32.8125, 85.625, 75.3125, 28.59375, 69.5625, 113.4375, 131.5, 74.0, 94.4375, 30.15625, 55.21875, 66.5625, 88.0, 128.5, 62.4375, 153.875, 85.6875, 86.75, 58.84375, 19.703125, 106.0, 28.65625, 148.25, 119.0625, 28.859375, 102.1875], [48.375, 109.0625, 125.25, 57.28125, 146.0, 15.5546875, 101.875, 0.0, 127.4375, 116.25, 127.5, 56.625, 108.25, 44.9375, 33.59375, 79.0, 85.9375, 123.0625, 122.1875, 128.125, 45.90625, 51.78125, 130.25, 19.84375, 130.75, 146.375, 156.875, 25.5, 31.390625, 76.8125, 99.9375, 158.5, 117.0, 100.5, 114.9375, 23.09375, 124.375, 68.625, 85.0, 77.5, 147.875], [79.9375, 121.6875, 2.236328125, 102.0, 22.359375, 133.25, 36.25, 127.4375, 0.0, 49.03125, 69.25, 161.75, 64.25, 130.875, 145.75, 68.625, 121.875, 53.75, 50.625, 99.25, 146.375, 163.625, 48.25, 124.0625, 39.0, 19.796875, 31.140625, 108.4375, 149.875, 66.0625, 157.0, 51.03125, 70.4375, 49.03125, 16.546875, 125.9375, 48.0625, 161.125, 155.0, 50.25, 131.75], [70.375, 150.875, 48.15625, 71.5625, 49.25, 127.0625, 23.34375, 116.25, 49.03125, 0.0, 21.953125, 163.875, 17.0, 102.875, 143.5, 38.3125, 80.4375, 96.25, 6.08203125, 50.25, 119.4375, 138.25, 93.625, 105.5625, 18.390625, 64.125, 74.4375, 106.0625, 145.0, 85.625, 176.25, 100.0, 109.0625, 81.625, 35.15625, 123.8125, 8.25, 168.375, 116.75, 50.53125, 82.875], [85.0625, 171.875, 68.6875, 76.125, 64.625, 139.75, 44.8125, 127.5, 69.25, 21.953125, 0.0, 178.5, 19.421875, 106.5, 157.125, 48.84375, 75.1875, 118.125, 18.6875, 31.578125, 122.8125, 141.75, 115.1875, 114.0625, 32.0625, 82.0, 91.375, 120.875, 157.625, 106.1875, 195.375, 119.5, 131.0, 103.5, 56.65625, 138.0, 21.21875, 184.375, 112.4375, 70.0, 63.0], [93.75, 91.0, 159.625, 113.375, 183.125, 41.34375, 145.25, 56.625, 161.75, 163.875, 178.5, 0.0, 159.125, 99.6875, 23.015625, 129.75, 142.375, 138.25, 170.0, 183.125, 95.4375, 91.8125, 147.625, 76.0625, 175.375, 178.125, 187.0, 57.875, 27.015625, 97.8125, 59.40625, 178.5, 125.125, 121.125, 153.25, 40.53125, 171.5, 17.03125, 137.25, 117.0, 204.25], [65.8125, 155.75, 63.125, 58.53125, 66.1875, 120.375, 32.28125, 108.25, 64.25, 17.0, 19.421875, 159.125, 0.0, 89.5625, 137.625, 29.421875, 63.78125, 107.5625, 19.796875, 37.34375, 106.0625, 125.0, 106.125, 95.3125, 35.0, 80.5, 91.0625, 101.5625, 138.25, 89.9375, 177.25, 115.25, 118.625, 90.3125, 49.0, 118.625, 23.34375, 165.125, 100.4375, 53.03125, 69.9375], [57.375, 148.375, 128.75, 31.3125, 144.25, 60.21875, 97.3125, 44.9375, 130.875, 102.875, 106.5, 99.6875, 89.5625, 0.0, 77.25, 65.75, 45.3125, 144.125, 107.8125, 97.0625, 16.546875, 35.46875, 149.0, 25.5, 120.4375, 150.625, 162.0, 62.375, 72.875, 100.875, 144.5, 172.625, 143.375, 120.3125, 115.25, 67.5625, 110.9375, 113.0625, 40.8125, 83.5, 110.0625], [73.1875, 94.25, 143.625, 90.4375, 166.25, 18.359375, 126.0625, 33.59375, 145.75, 143.5, 157.125, 23.015625, 137.625, 77.25, 0.0, 108.25, 119.5, 128.75, 149.625, 160.5, 74.3125, 73.25, 137.625, 53.15625, 156.0, 163.125, 172.75, 38.125, 8.25, 85.0, 73.0, 167.875, 118.125, 109.25, 135.75, 20.09375, 151.375, 36.0625, 115.6875, 98.625, 181.25], [37.125, 134.0, 66.75, 34.84375, 79.1875, 90.9375, 32.8125, 79.0, 68.625, 38.3125, 48.84375, 129.75, 29.421875, 65.75, 108.25, 0.0, 54.5625, 98.0, 43.9375, 58.0, 82.125, 100.75, 99.3125, 67.25, 55.03125, 87.9375, 99.3125, 72.4375, 108.875, 69.3125, 150.875, 116.0625, 104.9375, 76.8125, 52.15625, 89.3125, 46.5625, 136.25, 86.4375, 33.96875, 87.0625], [72.8125, 175.375, 120.125, 34.0, 128.75, 101.4375, 85.625, 85.9375, 121.875, 80.4375, 75.1875, 142.375, 63.78125, 45.3125, 119.5, 54.5625, 0.0, 151.375, 83.5625, 56.5, 57.875, 75.125, 153.5, 66.375, 98.6875, 140.375, 151.625, 95.4375, 116.25, 116.375, 180.625, 170.5, 156.125, 129.0, 105.3125, 106.125, 87.125, 154.25, 37.1875, 86.125, 64.875], [86.75, 74.125, 53.15625, 122.5625, 73.0, 122.375, 75.3125, 123.0625, 53.75, 96.25, 118.125, 138.25, 107.5625, 144.125, 128.75, 98.0, 151.375, 0.0, 99.75, 144.875, 156.5, 170.25, 10.046875, 128.125, 91.25, 56.8125, 60.15625, 98.4375, 135.25, 46.21875, 116.0625, 40.8125, 18.6875, 23.765625, 61.78125, 111.9375, 98.0, 132.25, 177.75, 65.25, 177.5], [76.4375, 156.0, 50.0, 76.5625, 48.09375, 133.0, 28.59375, 122.1875, 50.625, 6.08203125, 18.6875, 170.0, 19.796875, 107.8125, 149.625, 43.9375, 83.5625, 99.75, 0.0, 49.0, 124.375, 143.25, 96.5625, 111.1875, 15.65625, 64.25, 74.125, 112.125, 151.125, 91.0, 182.0, 101.1875, 113.1875, 86.0625, 38.09375, 129.875, 3.60546875, 174.375, 120.1875, 56.375, 81.25], [94.1875, 191.0, 98.4375, 71.3125, 96.1875, 142.25, 69.5625, 128.125, 99.25, 50.25, 31.578125, 183.125, 37.34375, 97.0625, 160.5, 58.0, 56.5, 144.875, 49.0, 0.0, 112.0625, 130.25, 143.125, 111.3125, 63.5, 113.1875, 122.8125, 127.75, 159.375, 125.4375, 208.75, 150.125, 155.875, 127.5625, 85.1875, 143.125, 52.09375, 191.5, 91.9375, 88.5, 32.75], [70.5, 154.125, 144.25, 47.84375, 160.375, 59.46875, 113.4375, 45.90625, 146.375, 119.4375, 122.8125, 95.4375, 106.0625, 16.546875, 74.3125, 82.125, 57.875, 156.5, 124.375, 112.0625, 0.0, 18.96875, 162.0, 30.265625, 137.0, 166.125, 177.5, 68.0, 68.5, 112.0, 145.125, 186.75, 154.375, 132.875, 131.0, 68.875, 127.5, 110.25, 41.875, 98.0625, 122.5], [85.9375, 160.5, 161.5, 66.6875, 178.5, 62.03125, 131.5, 51.78125, 163.625, 138.25, 141.75, 91.8125, 125.0, 35.46875, 73.25, 100.75, 75.125, 170.25, 143.25, 130.25, 18.96875, 0.0, 176.375, 42.1875, 155.625, 183.5, 194.625, 76.625, 66.125, 124.75, 146.125, 202.25, 166.5, 146.875, 148.625, 73.0, 146.375, 107.9375, 51.96875, 114.5625, 138.875], [91.6875, 83.875, 48.03125, 125.9375, 65.875, 130.375, 74.0, 130.25, 48.25, 93.625, 115.1875, 147.625, 106.125, 149.0, 137.625, 99.3125, 153.5, 10.046875, 96.5625, 143.125, 162.0, 176.375, 0.0, 134.25, 86.8125, 48.5625, 50.90625, 106.0625, 143.75, 53.75, 126.125, 31.015625, 28.28125, 29.828125, 58.53125, 120.25, 94.5625, 142.0, 181.375, 67.9375, 175.875], [44.59375, 124.3125, 121.8125, 40.03125, 140.5, 35.375, 94.4375, 19.84375, 124.0625, 105.5625, 114.0625, 76.0625, 95.3125, 25.5, 53.15625, 67.25, 66.375, 128.125, 111.1875, 111.3125, 30.265625, 42.1875, 134.25, 0.0, 121.4375, 143.625, 154.625, 38.0625, 49.9375, 82.75, 118.9375, 160.375, 124.8125, 104.625, 109.9375, 42.0625, 113.75, 88.4375, 66.125, 74.0, 129.25], [83.1875, 152.875, 38.90625, 89.1875, 32.75, 140.375, 30.15625, 130.75, 39.0, 18.390625, 32.0625, 175.375, 35.0, 120.4375, 156.0, 55.03125, 98.6875, 91.25, 15.65625, 63.5, 137.0, 155.625, 86.8125, 121.4375, 0.0, 50.0, 59.3125, 118.0, 158.25, 89.875, 182.375, 87.9375, 106.3125, 80.8125, 30.40625, 136.0, 12.0859375, 178.375, 135.125, 58.84375, 95.0], [99.3125, 129.75, 21.9375, 121.6875, 19.703125, 151.375, 55.21875, 146.375, 19.796875, 64.125, 82.0, 178.125, 80.5, 150.625, 163.125, 87.9375, 140.375, 56.8125, 64.25, 113.1875, 166.125, 183.5, 48.5625, 143.625, 50.0, 0.0, 11.3984375, 126.4375, 167.75, 80.75, 168.375, 38.90625, 75.25, 60.0625, 35.8125, 143.625, 61.125, 176.25, 174.25, 69.625, 145.0], [110.1875, 134.125, 33.25, 133.0, 27.015625, 161.5, 66.5625, 156.875, 31.140625, 74.4375, 91.375, 187.0, 91.0625, 162.0, 172.75, 99.3125, 151.625, 60.15625, 74.125, 122.8125, 177.5, 194.625, 50.90625, 154.625, 59.3125, 11.3984375, 0.0, 136.5, 177.5, 89.25, 174.375, 33.84375, 78.875, 67.25, 47.1875, 153.375, 70.875, 184.5, 185.625, 80.625, 154.125], [35.90625, 86.3125, 106.25, 62.375, 128.5, 25.0625, 88.0, 25.5, 108.4375, 106.0625, 120.875, 57.875, 101.5625, 62.375, 38.125, 72.4375, 95.4375, 98.4375, 112.125, 127.75, 68.0, 76.625, 106.0625, 38.0625, 118.0, 126.4375, 136.5, 0.0, 41.5, 52.3125, 85.1875, 135.125, 91.5625, 76.5, 97.875, 18.03125, 113.75, 63.96875, 103.0625, 60.53125, 152.0], [75.0625, 102.4375, 147.75, 88.625, 170.0, 18.03125, 128.5, 31.390625, 149.875, 145.0, 157.625, 27.015625, 138.25, 72.875, 8.25, 108.875, 116.25, 135.25, 151.125, 159.375, 68.5, 66.125, 143.75, 49.9375, 158.25, 167.75, 177.5, 41.5, 0.0, 90.75, 80.625, 173.875, 125.1875, 115.125, 139.25, 24.171875, 153.0, 42.0625, 110.1875, 101.8125, 179.0], [45.03125, 65.875, 64.125, 84.125, 88.25, 76.6875, 62.4375, 76.8125, 66.0625, 85.625, 106.1875, 97.8125, 89.9375, 100.875, 85.0, 69.3125, 116.375, 46.21875, 91.0, 125.4375, 112.0, 124.75, 53.75, 82.75, 89.875, 80.75, 89.25, 52.3125, 90.75, 0.0, 92.6875, 83.25, 42.4375, 24.40625, 61.6875, 66.875, 91.0, 95.5, 137.5, 37.0, 156.125], [114.6875, 46.25, 155.25, 147.375, 179.25, 85.6875, 153.875, 99.9375, 157.0, 176.25, 195.375, 59.40625, 177.25, 144.5, 73.0, 150.875, 180.625, 116.0625, 182.0, 208.75, 145.125, 146.125, 126.125, 118.9375, 182.375, 168.375, 174.375, 85.1875, 80.625, 92.6875, 0.0, 155.875, 98.4375, 108.5, 154.375, 76.9375, 182.5, 42.75, 184.875, 125.8125, 235.5], [116.375, 112.0, 52.15625, 146.75, 58.53125, 159.75, 85.6875, 158.5, 51.03125, 100.0, 119.5, 178.5, 115.25, 172.625, 167.875, 116.0625, 170.5, 40.8125, 101.1875, 150.125, 186.75, 202.25, 31.015625, 160.375, 87.9375, 38.90625, 33.84375, 135.125, 173.875, 83.25, 155.875, 0.0, 57.4375, 58.8125, 66.625, 150.125, 98.3125, 173.0, 201.5, 89.1875, 182.375], [87.0, 55.59375, 69.5, 125.1875, 90.75, 114.0, 86.75, 117.0, 70.4375, 109.0625, 131.0, 125.125, 118.625, 143.375, 118.125, 104.9375, 156.125, 18.6875, 113.1875, 155.875, 154.375, 166.5, 28.28125, 124.8125, 106.3125, 75.25, 78.875, 91.5625, 125.1875, 42.4375, 98.4375, 57.4375, 0.0, 28.453125, 76.0625, 102.9375, 111.8125, 117.625, 179.5, 71.0, 188.125], [62.96875, 72.9375, 47.53125, 99.3125, 71.1875, 101.0625, 58.84375, 100.5, 49.03125, 81.625, 103.5, 121.125, 90.3125, 120.3125, 109.25, 76.8125, 129.0, 23.765625, 86.0625, 127.5625, 132.875, 146.875, 29.828125, 104.625, 80.8125, 60.0625, 67.25, 76.5, 115.125, 24.40625, 108.5, 58.8125, 28.453125, 0.0, 50.4375, 91.25, 85.0625, 117.5, 154.375, 43.09375, 159.75], [66.6875, 122.875, 14.8671875, 85.9375, 31.015625, 122.0, 19.703125, 114.9375, 16.546875, 35.15625, 56.65625, 153.25, 49.0, 115.25, 135.75, 52.15625, 105.3125, 61.78125, 38.09375, 85.1875, 131.0, 148.625, 58.53125, 109.9375, 30.40625, 35.8125, 47.1875, 97.875, 139.25, 61.6875, 154.375, 66.625, 76.0625, 50.4375, 0.0, 115.75, 36.25, 154.25, 138.625, 37.65625, 117.875], [53.46875, 87.6875, 123.75, 74.8125, 146.375, 11.703125, 106.0, 23.09375, 125.9375, 123.8125, 138.0, 40.53125, 118.625, 67.5625, 20.09375, 89.3125, 106.125, 111.9375, 129.875, 143.125, 68.875, 73.0, 120.25, 42.0625, 136.0, 143.625, 153.375, 18.03125, 24.171875, 66.875, 76.9375, 150.125, 102.9375, 91.25, 115.75, 0.0, 131.5, 48.8125, 107.9375, 78.5, 165.625], [78.1875, 155.625, 47.53125, 79.625, 44.65625, 135.0, 28.65625, 124.375, 48.0625, 8.25, 21.21875, 171.5, 23.34375, 110.9375, 151.375, 46.5625, 87.125, 98.0, 3.60546875, 52.09375, 127.5, 146.375, 94.5625, 113.75, 12.0859375, 61.125, 70.875, 113.75, 153.0, 91.0, 182.5, 98.3125, 111.8125, 85.0625, 36.25, 131.5, 0.0, 175.625, 123.75, 57.0, 84.125], [99.375, 78.0, 159.125, 123.625, 183.0, 53.0625, 148.25, 68.625, 161.125, 168.375, 184.375, 17.03125, 165.125, 113.0625, 36.0625, 136.25, 154.25, 132.25, 174.375, 191.5, 110.25, 107.9375, 142.0, 88.4375, 178.375, 176.25, 184.5, 63.96875, 42.0625, 95.5, 42.75, 173.0, 117.625, 117.5, 154.25, 48.8125, 175.625, 0.0, 151.75, 119.5, 214.5], [92.5625, 188.75, 153.125, 55.375, 164.0, 99.75, 119.0625, 85.0, 155.0, 116.75, 112.4375, 137.25, 100.4375, 40.8125, 115.6875, 86.4375, 37.1875, 177.75, 120.1875, 91.9375, 41.875, 51.96875, 181.375, 66.125, 135.125, 174.25, 185.625, 103.0625, 110.1875, 137.5, 184.875, 201.5, 179.5, 154.375, 138.625, 107.9375, 123.75, 151.75, 0.0, 113.5, 92.0625], [29.6875, 102.8125, 48.03125, 58.1875, 68.625, 84.375, 28.859375, 77.5, 50.25, 50.53125, 70.0, 117.0, 53.03125, 83.5, 98.625, 33.96875, 86.125, 65.25, 56.375, 88.5, 98.0625, 114.5625, 67.9375, 74.0, 58.84375, 69.625, 80.625, 60.53125, 101.8125, 37.0, 125.8125, 89.1875, 71.0, 43.09375, 37.65625, 78.5, 57.0, 119.5, 113.5, 0.0, 119.5], [121.0, 221.0, 131.0, 91.0, 127.25, 162.875, 102.1875, 147.875, 131.75, 82.875, 63.0, 204.25, 69.9375, 110.0625, 181.25, 87.0625, 64.875, 177.5, 81.25, 32.75, 122.5, 138.875, 175.875, 129.25, 95.0, 145.0, 154.125, 152.0, 179.0, 156.125, 235.5, 182.375, 188.125, 159.75, 117.875, 165.625, 84.125, 214.5, 92.0625, 119.5, 0.0]], "angleGap": [[0.0, 1.435546875, 2.873046875, 1.591796875, 1.220703125, 1.8232421875, 1.466796875, 1.4375, 2.091796875, 2.30078125, 0.9580078125, 2.33203125, 2.328125, 1.0810546875, 2.466796875, 2.998046875, 0.7861328125, 2.095703125, 2.640625, 2.169921875, 2.025390625, 0.8837890625, 1.888671875, 1.9189453125, 1.392578125, 1.3603515625, 0.9248046875, 1.189453125, 0.46484375, 0.4150390625, 1.0654296875, 0.5703125, 0.77734375, 1.57421875, 1.0185546875, 2.0546875, 0.7900390625, 2.61328125, 1.421875, 2.81640625], [1.435546875, 0.0, 1.9736328125, 0.15625, 2.654296875, 0.387451171875, 2.900390625, 0.00244140625, 0.6552734375, 0.8662109375, 2.39453125, 0.896484375, 2.51953125, 2.515625, 1.03125, 1.8486328125, 0.6494140625, 0.66064453125, 1.205078125, 2.6796875, 2.8203125, 0.5517578125, 2.9609375, 0.4833984375, 0.04345703125, 0.0751953125, 2.359375, 2.626953125, 0.970703125, 1.8505859375, 0.3701171875, 0.865234375, 0.658203125, 0.138916015625, 2.453125, 0.61962890625, 2.2265625, 2.234375, 0.013671875, 1.3818359375], [2.873046875, 1.9736328125, 0.0, 1.8173828125, 1.654296875, 1.5859375, 1.408203125, 1.970703125, 1.318359375, 1.107421875, 1.916015625, 1.0771484375, 0.5458984375, 1.791015625, 0.9423828125, 0.125, 2.623046875, 1.3134765625, 0.76806640625, 0.705078125, 0.84765625, 2.525390625, 0.986328125, 1.490234375, 2.017578125, 2.048828125, 1.947265625, 1.68359375, 2.9453125, 2.458984375, 2.34375, 2.83984375, 2.6328125, 1.8349609375, 1.853515625, 1.353515625, 2.083984375, 0.2607421875, 1.9873046875, 0.591796875], [1.591796875, 0.15625, 1.8173828125, 0.0, 2.810546875, 0.231201171875, 3.056640625, 0.15380859375, 0.4990234375, 0.7099609375, 2.55078125, 0.740234375, 2.36328125, 2.671875, 0.875, 1.6923828125, 0.8056640625, 0.50439453125, 1.048828125, 2.5234375, 2.6640625, 0.7080078125, 2.8046875, 0.3271484375, 0.19970703125, 0.2314453125, 2.515625, 2.783203125, 1.126953125, 2.0078125, 0.5263671875, 1.021484375, 0.814453125, 0.017333984375, 2.609375, 0.46337890625, 2.3828125, 2.078125, 0.169921875, 1.2255859375], [1.220703125, 2.654296875, 1.654296875, 2.810546875, 0.0, 3.04296875, 0.24609375, 2.658203125, 2.97265625, 2.76171875, 0.259765625, 2.73046875, 1.1083984375, 0.138671875, 2.59765625, 1.779296875, 2.005859375, 2.966796875, 2.421875, 0.94921875, 0.806640625, 2.103515625, 0.66796875, 3.138671875, 2.611328125, 2.580078125, 0.294921875, 0.029296875, 1.685546875, 0.806640625, 2.28515625, 1.791015625, 1.998046875, 2.794921875, 0.201171875, 3.0078125, 0.431640625, 1.3935546875, 2.642578125, 2.24609375], [1.8232421875, 0.387451171875, 1.5859375, 0.231201171875, 3.04296875, 0.0, 2.994140625, 0.385009765625, 0.267822265625, 0.478759765625, 2.78125, 0.50927734375, 2.1328125, 2.904296875, 0.6435546875, 1.4609375, 1.037109375, 0.27294921875, 0.818359375, 2.291015625, 2.43359375, 0.939453125, 2.572265625, 0.0960693359375, 0.430908203125, 0.462646484375, 2.748046875, 3.013671875, 1.3583984375, 2.23828125, 0.7578125, 1.2529296875, 1.0458984375, 0.24853515625, 2.841796875, 0.232177734375, 2.61328125, 1.8466796875, 0.401123046875, 0.994140625], [1.466796875, 2.900390625, 1.408203125, 3.056640625, 0.24609375, 2.994140625, 0.0, 2.904296875, 2.7265625, 2.515625, 0.509765625, 2.484375, 0.8623046875, 0.384765625, 2.3515625, 1.533203125, 2.251953125, 2.720703125, 2.17578125, 0.703125, 0.560546875, 2.349609375, 0.421875, 2.8984375, 2.857421875, 2.826171875, 0.541015625, 0.275390625, 1.931640625, 1.048828125, 2.53125, 2.037109375, 2.244140625, 3.041015625, 0.447265625, 2.76171875, 0.673828125, 1.1474609375, 2.888671875, 2.0], [1.4375, 0.00244140625, 1.970703125, 0.15380859375, 2.658203125, 0.385009765625, 2.904296875, 0.0, 0.65283203125, 0.86376953125, 2.396484375, 0.89453125, 2.517578125, 2.51953125, 1.029296875, 1.845703125, 0.65185546875, 0.658203125, 1.203125, 2.67578125, 2.818359375, 0.55419921875, 2.95703125, 0.48095703125, 0.0458984375, 0.07763671875, 2.36328125, 2.62890625, 0.97314453125, 1.853515625, 0.37255859375, 0.86767578125, 0.66064453125, 0.136474609375, 2.45703125, 0.6171875, 2.228515625, 2.232421875, 0.01611328125, 1.37890625], [2.091796875, 0.6552734375, 1.318359375, 0.4990234375, 2.97265625, 0.267822265625, 2.7265625, 0.65283203125, 0.0, 0.2109375, 3.048828125, 0.241455078125, 1.8642578125, 3.111328125, 0.3759765625, 1.193359375, 1.3046875, 0.00518798828125, 0.55029296875, 2.0234375, 2.166015625, 1.20703125, 2.3046875, 0.171875, 0.69873046875, 0.73046875, 3.015625, 3.001953125, 1.6259765625, 2.505859375, 1.025390625, 1.5205078125, 1.3134765625, 0.5166015625, 3.109375, 0.03564453125, 2.880859375, 1.5791015625, 0.6689453125, 0.7265625], [2.30078125, 0.8662109375, 1.107421875, 0.7099609375, 2.76171875, 0.478759765625, 2.515625, 0.86376953125, 0.2109375, 0.0, 3.0234375, 0.030517578125, 1.6533203125, 2.900390625, 0.1650390625, 0.982421875, 1.515625, 0.2056884765625, 0.33935546875, 1.8125, 1.955078125, 1.41796875, 2.09375, 0.3828125, 0.90966796875, 0.94140625, 3.056640625, 2.791015625, 1.8369140625, 2.716796875, 1.236328125, 1.7314453125, 1.5244140625, 0.7275390625, 2.962890625, 0.24658203125, 3.091796875, 1.3681640625, 0.8798828125, 0.515625], [0.9580078125, 2.39453125, 1.916015625, 2.55078125, 0.259765625, 2.78125, 0.509765625, 2.396484375, 3.048828125, 3.0234375, 0.0, 2.9921875, 1.369140625, 0.123046875, 2.857421875, 2.041015625, 1.744140625, 3.0546875, 2.68359375, 1.212890625, 1.068359375, 1.841796875, 0.931640625, 2.876953125, 2.349609375, 2.318359375, 0.033203125, 0.232421875, 1.4228515625, 0.54296875, 2.0234375, 1.5283203125, 1.7353515625, 2.533203125, 0.060546875, 3.013671875, 0.16796875, 1.654296875, 2.37890625, 2.5078125], [2.33203125, 0.896484375, 1.0771484375, 0.740234375, 2.73046875, 0.50927734375, 2.484375, 0.89453125, 0.241455078125, 0.030517578125, 2.9921875, 0.0, 1.623046875, 2.869140625, 0.134521484375, 0.9521484375, 1.5458984375, 0.2362060546875, 0.308837890625, 1.7822265625, 1.9248046875, 1.4482421875, 2.0625, 0.4130859375, 0.9404296875, 0.9716796875, 3.025390625, 2.759765625, 1.8671875, 2.748046875, 1.2666015625, 1.76171875, 1.5546875, 0.7578125, 2.931640625, 0.277099609375, 3.123046875, 1.337890625, 0.91015625, 0.485107421875], [2.328125, 2.51953125, 0.5458984375, 2.36328125, 1.1083984375, 2.1328125, 0.8623046875, 2.517578125, 1.8642578125, 1.6533203125, 1.369140625, 1.623046875, 0.0, 1.248046875, 1.48828125, 0.6708984375, 3.115234375, 1.859375, 1.314453125, 0.1591796875, 0.3017578125, 3.0703125, 0.4404296875, 2.03515625, 2.5625, 2.59375, 1.404296875, 1.1376953125, 2.79296875, 1.912109375, 2.890625, 2.8984375, 3.10546875, 2.380859375, 1.310546875, 1.8994140625, 1.537109375, 0.28515625, 2.533203125, 1.1376953125], [1.0810546875, 2.515625, 1.791015625, 2.671875, 0.138671875, 2.904296875, 0.384765625, 2.51953125, 3.111328125, 2.900390625, 0.123046875, 2.869140625, 1.248046875, 0.0, 2.736328125, 1.916015625, 1.8671875, 3.10546875, 2.560546875, 1.087890625, 0.947265625, 1.96484375, 0.806640625, 3.0, 2.47265625, 2.44140625, 0.15625, 0.111328125, 1.5458984375, 0.666015625, 2.146484375, 1.6513671875, 1.8583984375, 2.65625, 0.0625, 3.13671875, 0.291015625, 1.533203125, 2.50390625, 2.384765625], [2.466796875, 1.03125, 0.9423828125, 0.875, 2.59765625, 0.6435546875, 2.3515625, 1.029296875, 0.3759765625, 0.1650390625, 2.857421875, 0.134521484375, 1.48828125, 2.736328125, 0.0, 0.8173828125, 1.6806640625, 0.37060546875, 0.17431640625, 1.6474609375, 1.7900390625, 1.5830078125, 1.9287109375, 0.5478515625, 1.07421875, 1.1064453125, 2.892578125, 2.625, 2.001953125, 2.8828125, 1.4013671875, 1.896484375, 1.689453125, 0.892578125, 2.798828125, 0.41162109375, 3.025390625, 1.203125, 1.044921875, 0.3505859375], [2.998046875, 1.8486328125, 0.125, 1.6923828125, 1.779296875, 1.4609375, 1.533203125, 1.845703125, 1.193359375, 0.982421875, 2.041015625, 0.9521484375, 0.6708984375, 1.916015625, 0.8173828125, 0.0, 2.498046875, 1.1884765625, 0.64306640625, 0.830078125, 0.97265625, 2.400390625, 1.111328125, 1.365234375, 1.892578125, 1.923828125, 2.072265625, 1.80859375, 2.8203125, 2.583984375, 2.21875, 2.71484375, 2.5078125, 1.7099609375, 1.978515625, 1.228515625, 2.208984375, 0.3857421875, 1.8623046875, 0.466796875], [0.7861328125, 0.6494140625, 2.623046875, 0.8056640625, 2.005859375, 1.037109375, 2.251953125, 0.65185546875, 1.3046875, 1.515625, 1.744140625, 1.5458984375, 3.115234375, 1.8671875, 1.6806640625, 2.498046875, 0.0, 1.3095703125, 1.85546875, 2.955078125, 2.8125, 0.09765625, 2.673828125, 1.1328125, 0.60595703125, 0.57421875, 1.7109375, 1.978515625, 0.3212890625, 1.201171875, 0.279296875, 0.2158203125, 0.0087890625, 0.7880859375, 1.8046875, 1.26953125, 1.576171875, 2.8828125, 0.6357421875, 2.03125], [2.095703125, 0.66064453125, 1.3134765625, 0.50439453125, 2.966796875, 0.27294921875, 2.720703125, 0.658203125, 0.00518798828125, 0.2056884765625, 3.0546875, 0.2362060546875, 1.859375, 3.10546875, 0.37060546875, 1.1884765625, 1.3095703125, 0.0, 0.544921875, 2.017578125, 2.16015625, 1.2119140625, 2.298828125, 0.177001953125, 0.7041015625, 0.73583984375, 3.021484375, 2.99609375, 1.630859375, 2.51171875, 1.0302734375, 1.525390625, 1.318359375, 0.521484375, 3.115234375, 0.04083251953125, 2.88671875, 1.57421875, 0.67431640625, 0.72119140625], [2.640625, 1.205078125, 0.76806640625, 1.048828125, 2.421875, 0.818359375, 2.17578125, 1.203125, 0.55029296875, 0.33935546875, 2.68359375, 0.308837890625, 1.314453125, 2.560546875, 0.17431640625, 0.64306640625, 1.85546875, 0.544921875, 0.0, 1.47265625, 1.615234375, 1.7578125, 1.75390625, 0.72216796875, 1.2490234375, 1.28125, 2.716796875, 2.451171875, 2.17578125, 3.056640625, 1.576171875, 2.0703125, 1.86328125, 1.06640625, 2.623046875, 0.5859375, 2.8515625, 1.029296875, 1.21875, 0.17626953125], [2.169921875, 2.6796875, 0.705078125, 2.5234375, 0.94921875, 2.291015625, 0.703125, 2.67578125, 2.0234375, 1.8125, 1.212890625, 1.7822265625, 0.1591796875, 1.087890625, 1.6474609375, 0.830078125, 2.955078125, 2.017578125, 1.47265625, 0.0, 0.142578125, 3.052734375, 0.28125, 2.1953125, 2.72265625, 2.75390625, 1.244140625, 0.978515625, 2.634765625, 1.751953125, 3.048828125, 2.740234375, 2.947265625, 2.5390625, 1.150390625, 2.05859375, 1.376953125, 0.4443359375, 2.69140625, 1.296875], [2.025390625, 2.8203125, 0.84765625, 2.6640625, 0.806640625, 2.43359375, 0.560546875, 2.818359375, 2.166015625, 1.955078125, 1.068359375, 1.9248046875, 0.3017578125, 0.947265625, 1.7900390625, 0.97265625, 2.8125, 2.16015625, 1.615234375, 0.142578125, 0.0, 2.91015625, 0.138671875, 2.337890625, 2.865234375, 2.896484375, 1.103515625, 0.8359375, 2.490234375, 1.611328125, 3.091796875, 2.595703125, 2.802734375, 2.681640625, 1.009765625, 2.201171875, 1.236328125, 0.5869140625, 2.8359375, 1.439453125], [0.8837890625, 0.5517578125, 2.525390625, 0.7080078125, 2.103515625, 0.939453125, 2.349609375, 0.55419921875, 1.20703125, 1.41796875, 1.841796875, 1.4482421875, 3.0703125, 1.96484375, 1.5830078125, 2.400390625, 0.09765625, 1.2119140625, 1.7578125, 3.052734375, 2.91015625, 0.0, 2.771484375, 1.03515625, 0.50830078125, 0.4765625, 1.80859375, 2.072265625, 0.4189453125, 1.298828125, 0.181640625, 0.3134765625, 0.1064453125, 0.6904296875, 1.90234375, 1.171875, 1.673828125, 2.78515625, 0.5380859375, 1.93359375], [1.888671875, 2.9609375, 0.986328125, 2.8046875, 0.66796875, 2.572265625, 0.421875, 2.95703125, 2.3046875, 2.09375, 0.931640625, 2.0625, 0.4404296875, 0.806640625, 1.9287109375, 1.111328125, 2.673828125, 2.298828125, 1.75390625, 0.28125, 0.138671875, 2.771484375, 0.0, 2.4765625, 3.00390625, 3.03515625, 0.962890625, 0.697265625, 2.353515625, 1.470703125, 2.953125, 2.458984375, 2.666015625, 2.8203125, 0.869140625, 2.33984375, 1.095703125, 0.7255859375, 2.97265625, 1.578125], [1.9189453125, 0.4833984375, 1.490234375, 0.3271484375, 3.138671875, 0.0960693359375, 2.8984375, 0.48095703125, 0.171875, 0.3828125, 2.876953125, 0.4130859375, 2.03515625, 3.0, 0.5478515625, 1.365234375, 1.1328125, 0.177001953125, 0.72216796875, 2.1953125, 2.337890625, 1.03515625, 2.4765625, 0.0, 0.52685546875, 0.55859375, 2.84375, 3.109375, 1.4541015625, 2.333984375, 0.853515625, 1.3486328125, 1.1416015625, 0.3447265625, 2.9375, 0.13623046875, 2.708984375, 1.7509765625, 0.4970703125, 0.8984375], [1.392578125, 0.04345703125, 2.017578125, 0.19970703125, 2.611328125, 0.430908203125, 2.857421875, 0.0458984375, 0.69873046875, 0.90966796875, 2.349609375, 0.9404296875, 2.5625, 2.47265625, 1.07421875, 1.892578125, 0.60595703125, 0.7041015625, 1.2490234375, 2.72265625, 2.865234375, 0.50830078125, 3.00390625, 0.52685546875, 0.0, 0.03173828125, 2.31640625, 2.58203125, 0.92724609375, 1.806640625, 0.32666015625, 0.82177734375, 0.61474609375, 0.182373046875, 2.41015625, 0.6630859375, 2.181640625, 2.27734375, 0.02978515625, 1.42578125], [1.3603515625, 0.0751953125, 2.048828125, 0.2314453125, 2.580078125, 0.462646484375, 2.826171875, 0.07763671875, 0.73046875, 0.94140625, 2.318359375, 0.9716796875, 2.59375, 2.44140625, 1.1064453125, 1.923828125, 0.57421875, 0.73583984375, 1.28125, 2.75390625, 2.896484375, 0.4765625, 3.03515625, 0.55859375, 0.03173828125, 0.0, 2.28515625, 2.55078125, 0.8955078125, 1.775390625, 0.294921875, 0.7900390625, 0.5830078125, 0.214111328125, 2.37890625, 0.69482421875, 2.150390625, 2.30859375, 0.0615234375, 1.45703125], [0.9248046875, 2.359375, 1.947265625, 2.515625, 0.294921875, 2.748046875, 0.541015625, 2.36328125, 3.015625, 3.056640625, 0.033203125, 3.025390625, 1.404296875, 0.15625, 2.892578125, 2.072265625, 1.7109375, 3.021484375, 2.716796875, 1.244140625, 1.103515625, 1.80859375, 0.962890625, 2.84375, 2.31640625, 2.28515625, 0.0, 0.267578125, 1.3896484375, 0.509765625, 1.990234375, 1.4951171875, 1.7021484375, 2.5, 0.09375, 2.98046875, 0.134765625, 1.689453125, 2.34765625, 2.541015625], [1.189453125, 2.626953125, 1.68359375, 2.783203125, 0.029296875, 3.013671875, 0.275390625, 2.62890625, 3.001953125, 2.791015625, 0.232421875, 2.759765625, 1.1376953125, 0.111328125, 2.625, 1.80859375, 1.978515625, 2.99609375, 2.451171875, 0.978515625, 0.8359375, 2.072265625, 0.697265625, 3.109375, 2.58203125, 2.55078125, 0.267578125, 0.0, 1.654296875, 0.775390625, 2.255859375, 1.759765625, 1.966796875, 2.765625, 0.173828125, 3.037109375, 0.400390625, 1.4228515625, 2.611328125, 2.275390625], [0.46484375, 0.970703125, 2.9453125, 1.126953125, 1.685546875, 1.3583984375, 1.931640625, 0.97314453125, 1.6259765625, 1.8369140625, 1.4228515625, 1.8671875, 2.79296875, 1.5458984375, 2.001953125, 2.8203125, 0.3212890625, 1.630859375, 2.17578125, 2.634765625, 2.490234375, 0.4189453125, 2.353515625, 1.4541015625, 0.92724609375, 0.8955078125, 1.3896484375, 1.654296875, 0.0, 0.8798828125, 0.6005859375, 0.10546875, 0.3125, 1.109375, 1.4833984375, 1.5908203125, 1.2548828125, 3.078125, 0.95703125, 2.3515625], [0.4150390625, 1.8505859375, 2.458984375, 2.0078125, 0.806640625, 2.23828125, 1.048828125, 1.853515625, 2.505859375, 2.716796875, 0.54296875, 2.748046875, 1.912109375, 0.666015625, 2.8828125, 2.583984375, 1.201171875, 2.51171875, 3.056640625, 1.751953125, 1.611328125, 1.298828125, 1.470703125, 2.333984375, 1.806640625, 1.775390625, 0.509765625, 0.775390625, 0.8798828125, 0.0, 1.48046875, 0.9853515625, 1.1923828125, 1.9892578125, 0.603515625, 2.470703125, 0.375, 2.197265625, 1.8369140625, 3.05078125], [1.0654296875, 0.3701171875, 2.34375, 0.5263671875, 2.28515625, 0.7578125, 2.53125, 0.37255859375, 1.025390625, 1.236328125, 2.0234375, 1.2666015625, 2.890625, 2.146484375, 1.4013671875, 2.21875, 0.279296875, 1.0302734375, 1.576171875, 3.048828125, 3.091796875, 0.181640625, 2.953125, 0.853515625, 0.32666015625, 0.294921875, 1.990234375, 2.255859375, 0.6005859375, 1.48046875, 0.0, 0.4951171875, 0.2880859375, 0.5087890625, 2.083984375, 0.98974609375, 1.85546875, 2.60546875, 0.3564453125, 1.751953125], [0.5703125, 0.865234375, 2.83984375, 1.021484375, 1.791015625, 1.2529296875, 2.037109375, 0.86767578125, 1.5205078125, 1.7314453125, 1.5283203125, 1.76171875, 2.8984375, 1.6513671875, 1.896484375, 2.71484375, 0.2158203125, 1.525390625, 2.0703125, 2.740234375, 2.595703125, 0.3134765625, 2.458984375, 1.3486328125, 0.82177734375, 0.7900390625, 1.4951171875, 1.759765625, 0.10546875, 0.9853515625, 0.4951171875, 0.0, 0.20703125, 1.00390625, 1.5888671875, 1.4853515625, 1.3603515625, 3.099609375, 0.8515625, 2.24609375], [0.77734375, 0.658203125, 2.6328125, 0.814453125, 1.998046875, 1.0458984375, 2.244140625, 0.66064453125, 1.3134765625, 1.5244140625, 1.7353515625, 1.5546875, 3.10546875, 1.8583984375, 1.689453125, 2.5078125, 0.0087890625, 1.318359375, 1.86328125, 2.947265625, 2.802734375, 0.1064453125, 2.666015625, 1.1416015625, 0.61474609375, 0.5830078125, 1.7021484375, 1.966796875, 0.3125, 1.1923828125, 0.2880859375, 0.20703125, 0.0, 0.796875, 1.7958984375, 1.2783203125, 1.5673828125, 2.892578125, 0.64453125, 2.0390625], [1.57421875, 0.138916015625, 1.8349609375, 0.017333984375, 2.794921875, 0.24853515625, 3.041015625, 0.136474609375, 0.5166015625, 0.7275390625, 2.533203125, 0.7578125, 2.380859375, 2.65625, 0.892578125, 1.7099609375, 0.7880859375, 0.521484375, 1.06640625, 2.5390625, 2.681640625, 0.6904296875, 2.8203125, 0.3447265625, 0.182373046875, 0.214111328125, 2.5, 2.765625, 1.109375, 1.9892578125, 0.5087890625, 1.00390625, 0.796875, 0.0, 2.59375, 0.480712890625, 2.365234375, 2.095703125, 0.152587890625, 1.2431640625], [1.0185546875, 2.453125, 1.853515625, 2.609375, 0.201171875, 2.841796875, 0.447265625, 2.45703125, 3.109375, 2.962890625, 0.060546875, 2.931640625, 1.310546875, 0.0625, 2.798828125, 1.978515625, 1.8046875, 3.115234375, 2.623046875, 1.150390625, 1.009765625, 1.90234375, 0.869140625, 2.9375, 2.41015625, 2.37890625, 0.09375, 0.173828125, 1.4833984375, 0.603515625, 2.083984375, 1.5888671875, 1.7958984375, 2.59375, 0.0, 3.07421875, 0.228515625, 1.595703125, 2.44140625, 2.447265625], [2.0546875, 0.61962890625, 1.353515625, 0.46337890625, 3.0078125, 0.232177734375, 2.76171875, 0.6171875, 0.03564453125, 0.24658203125, 3.013671875, 0.277099609375, 1.8994140625, 3.13671875, 0.41162109375, 1.228515625, 1.26953125, 0.04083251953125, 0.5859375, 2.05859375, 2.201171875, 1.171875, 2.33984375, 0.13623046875, 0.6630859375, 0.69482421875, 2.98046875, 3.037109375, 1.5908203125, 2.470703125, 0.98974609375, 1.4853515625, 1.2783203125, 0.480712890625, 3.07421875, 0.0, 2.845703125, 1.6142578125, 0.63330078125, 0.76220703125], [0.7900390625, 2.2265625, 2.083984375, 2.3828125, 0.431640625, 2.61328125, 0.673828125, 2.228515625, 2.880859375, 3.091796875, 0.16796875, 3.123046875, 1.537109375, 0.291015625, 3.025390625, 2.208984375, 1.576171875, 2.88671875, 2.8515625, 1.376953125, 1.236328125, 1.673828125, 1.095703125, 2.708984375, 2.181640625, 2.150390625, 0.134765625, 0.400390625, 1.2548828125, 0.375, 1.85546875, 1.3603515625, 1.5673828125, 2.365234375, 0.228515625, 2.845703125, 0.0, 1.822265625, 2.2109375, 2.67578125], [2.61328125, 2.234375, 0.2607421875, 2.078125, 1.3935546875, 1.8466796875, 1.1474609375, 2.232421875, 1.5791015625, 1.3681640625, 1.654296875, 1.337890625, 0.28515625, 1.533203125, 1.203125, 0.3857421875, 2.8828125, 1.57421875, 1.029296875, 0.4443359375, 0.5869140625, 2.78515625, 0.7255859375, 1.7509765625, 2.27734375, 2.30859375, 1.689453125, 1.4228515625, 3.078125, 2.197265625, 2.60546875, 3.099609375, 2.892578125, 2.095703125, 1.595703125, 1.6142578125, 1.822265625, 0.0, 2.248046875, 0.8525390625], [1.421875, 0.013671875, 1.9873046875, 0.169921875, 2.642578125, 0.401123046875, 2.888671875, 0.01611328125, 0.6689453125, 0.8798828125, 2.37890625, 0.91015625, 2.533203125, 2.50390625, 1.044921875, 1.8623046875, 0.6357421875, 0.67431640625, 1.21875, 2.69140625, 2.8359375, 0.5380859375, 2.97265625, 0.4970703125, 0.02978515625, 0.0615234375, 2.34765625, 2.611328125, 0.95703125, 1.8369140625, 0.3564453125, 0.8515625, 0.64453125, 0.152587890625, 2.44140625, 0.63330078125, 2.2109375, 2.248046875, 0.0, 1.3955078125], [2.81640625, 1.3818359375, 0.591796875, 1.2255859375, 2.24609375, 0.994140625, 2.0, 1.37890625, 0.7265625, 0.515625, 2.5078125, 0.485107421875, 1.1376953125, 2.384765625, 0.3505859375, 0.466796875, 2.03125, 0.72119140625, 0.17626953125, 1.296875, 1.439453125, 1.93359375, 1.578125, 0.8984375, 1.42578125, 1.45703125, 2.541015625, 2.275390625, 2.3515625, 3.05078125, 1.751953125, 2.24609375, 2.0390625, 1.2431640625, 2.447265625, 0.76220703125, 2.67578125, 0.8525390625, 1.3955078125, 0.0]], "coordinates": [[0, 0], [-42, -94], [66, -41], [6, 39], [90, -38], [-57, 4], [53, -9], [-46, 15], [68, -42], [70, 7], [81, 26], [-92, -18], [62, 22], [-22, 53], [-73, -5], [33, 17], [20, 70], [31, -81], [76, 8], [75, 57], [-37, 60], [-55, 66], [41, -82], [-33, 30], [83, -6], [82, -56], [89, -65], [-35, -8], [-75, 3], [2, -45], [-85, -77], [70, -93], [13, -86], [22, -59], [61, -27], [-53, -7], [78, 5], [-93, -35], [-10, 92], [25, -16], [82, 89]], "angles": [-1.9912109375, -0.5556640625, 1.41796875, -0.3994140625, 3.072265625, -0.168212890625, 2.826171875, -0.55322265625, 0.09967041015625, 0.310546875, -2.94921875, 0.341064453125, 1.9638671875, -3.072265625, 0.4755859375, 1.29296875, -1.205078125, 0.1048583984375, 0.64990234375, 2.123046875, 2.265625, -1.107421875, 2.404296875, -0.0721435546875, -0.59912109375, -0.630859375, -2.916015625, 3.1015625, -1.5263671875, -2.40625, -0.92578125, -1.4208984375, -1.2138671875, -0.416748046875, -3.009765625, 0.06402587890625, -2.78125, 1.6787109375, -0.5693359375, 0.826171875], "demands": [1, 10, 2, 3, 3, 10, 7, 9, 2, 7, 4, 1, 3, 8, 2, 5, 1, 9, 1, 3, 7, 9, 5, 4, 7, 3, 6, 6, 5, 2, 9, 3, 2, 10, 1, 6, 7, 10, 3, 4], "capacity": 50, "Vmax": 20}