{"name": "LZB_n40_5", "n": 40, "m": 5, "times": [[0.0, 52.0, 95.1875, 17.46875, 49.75, 64.125, 70.0, 84.3125, 111.0, 101.9375, 67.0, 88.0, 59.6875, 15.6171875, 84.375, 95.6875, 106.875, 65.3125, 87.8125, 111.0625, 99.5, 98.4375, 69.1875, 90.375, 78.9375, 39.21875, 120.75, 89.6875, 92.125, 78.75, 109.5625, 5.83203125, 104.5, 103.25, 39.5625, 40.15625, 77.5, 95.4375, 59.21875, 90.5, 92.0], [52.0, 0.0, 47.4375, 37.5625, 101.5, 108.8125, 54.4375, 73.9375, 59.0625, 59.21875, 94.4375, 133.125, 56.8125, 36.90625, 97.0, 94.0, 96.25, 62.65625, 56.3125, 60.21875, 149.0, 46.6875, 107.25, 41.4375, 42.4375, 65.25, 130.125, 97.9375, 142.625, 28.640625, 98.0, 57.8125, 155.625, 130.875, 81.75, 28.640625, 112.0, 129.125, 59.03125, 140.875, 71.5625], [95.1875, 47.4375, 0.0, 78.25, 142.125, 155.625, 54.4375, 111.1875, 36.0625, 17.203125, 114.8125, 163.75, 67.4375, 79.625, 141.0, 133.0, 130.25, 105.0625, 34.9375, 20.390625, 194.375, 20.25, 154.625, 46.875, 26.3125, 112.625, 171.25, 102.0, 179.625, 41.125, 131.25, 100.625, 199.625, 145.875, 114.875, 58.0625, 135.125, 149.5, 70.625, 177.625, 56.03125], [17.46875, 37.5625, 78.25, 0.0, 64.6875, 81.25, 54.21875, 85.6875, 96.375, 84.5625, 65.0, 96.5, 45.875, 5.0, 93.3125, 100.4375, 109.0625, 68.125, 70.625, 94.8125, 116.875, 82.8125, 85.0, 78.1875, 61.46875, 49.96875, 129.5, 80.8125, 105.125, 65.8125, 111.5, 22.46875, 121.375, 102.3125, 45.28125, 22.796875, 79.4375, 97.3125, 46.09375, 103.3125, 76.1875], [49.75, 101.5, 142.125, 64.6875, 0.0, 49.03125, 105.125, 121.1875, 160.625, 146.25, 66.75, 51.0, 90.625, 64.625, 105.5, 125.375, 140.75, 102.0625, 127.75, 159.375, 61.40625, 147.375, 65.125, 140.0, 122.1875, 67.25, 137.875, 102.0625, 43.75, 128.5, 143.75, 43.90625, 60.53125, 90.9375, 36.34375, 84.3125, 62.625, 76.625, 88.625, 42.4375, 125.375], [64.125, 108.8125, 155.625, 81.25, 49.03125, 0.0, 133.75, 95.1875, 163.625, 164.5, 111.8125, 98.0625, 122.0625, 78.1875, 67.0, 91.4375, 109.1875, 79.1875, 151.875, 168.75, 44.40625, 154.5, 18.03125, 138.0, 142.375, 48.15625, 93.9375, 144.125, 79.875, 129.5, 112.125, 60.40625, 56.90625, 139.5, 78.4375, 104.0625, 111.0, 125.625, 121.0, 79.6875, 155.625], [70.0, 54.4375, 54.4375, 54.21875, 105.125, 133.75, 0.0, 127.1875, 88.125, 48.75, 62.1875, 114.625, 15.5546875, 58.5625, 144.125, 146.0, 150.125, 113.375, 25.0, 74.8125, 164.5, 71.125, 139.0, 86.1875, 28.15625, 103.375, 179.375, 48.5, 135.5, 74.25, 152.0, 73.3125, 165.625, 91.4375, 71.25, 33.84375, 82.75, 95.875, 18.4375, 133.25, 22.0], [84.3125, 73.9375, 111.1875, 85.6875, 121.1875, 95.1875, 127.1875, 0.0, 97.75, 127.125, 150.0, 168.875, 125.875, 81.0, 39.40625, 22.015625, 23.4375, 19.421875, 129.75, 113.0, 138.875, 98.125, 81.8125, 70.125, 115.4375, 54.0, 61.0, 165.125, 164.0, 70.5625, 25.8125, 87.9375, 152.125, 187.0, 123.6875, 95.5, 161.75, 179.75, 127.25, 163.0, 145.375], [111.0, 59.0625, 36.0625, 96.375, 160.625, 163.625, 88.125, 97.75, 0.0, 51.09375, 145.0, 189.875, 99.1875, 95.9375, 133.625, 119.5, 112.1875, 98.0, 70.875, 21.265625, 205.875, 17.03125, 158.625, 28.15625, 60.53125, 116.5, 158.5, 136.5, 201.5, 34.21875, 112.375, 116.8125, 213.625, 178.375, 138.875, 81.625, 164.5, 180.25, 102.25, 199.625, 92.0625], [101.9375, 59.21875, 17.203125, 84.5625, 146.25, 164.5, 48.75, 127.125, 51.09375, 0.0, 110.9375, 162.5, 63.625, 86.8125, 155.25, 148.75, 146.75, 119.6875, 24.734375, 31.625, 201.375, 36.78125, 165.125, 64.0625, 24.078125, 123.9375, 186.625, 93.0625, 181.125, 57.78125, 147.875, 106.9375, 205.25, 139.0, 116.0, 62.4375, 131.5, 144.5, 66.75, 179.0, 44.0], [67.0, 94.4375, 114.8125, 65.0, 66.75, 111.8125, 62.1875, 150.0, 145.0, 110.9375, 0.0, 54.65625, 47.53125, 69.375, 150.625, 162.625, 173.0, 131.5, 86.9375, 135.0, 127.0625, 128.5, 124.375, 135.0, 88.9375, 105.4375, 186.75, 36.6875, 81.0, 122.0625, 175.625, 65.125, 122.6875, 37.34375, 33.53125, 66.0625, 20.59375, 35.21875, 44.375, 78.8125, 75.0], [88.0, 133.125, 163.75, 96.5, 51.0, 98.0625, 114.625, 168.875, 189.875, 162.5, 54.65625, 0.0, 99.1875, 98.875, 156.25, 175.25, 189.625, 149.5, 139.625, 183.375, 93.125, 174.375, 115.1875, 174.375, 139.25, 115.9375, 188.875, 88.5625, 32.0625, 161.75, 192.625, 83.0, 83.0, 55.0, 51.40625, 108.25, 36.25, 38.0, 96.1875, 30.15625, 129.375], [59.6875, 56.8125, 67.4375, 45.875, 90.625, 122.0625, 15.5546875, 125.875, 99.1875, 63.625, 47.53125, 99.1875, 0.0, 50.6875, 138.625, 143.25, 149.25, 110.4375, 40.46875, 87.8125, 150.625, 82.3125, 128.75, 93.375, 41.4375, 95.875, 174.625, 41.15625, 120.0, 80.75, 151.375, 62.125, 151.125, 79.1875, 56.09375, 30.40625, 68.0, 82.0, 3.162109375, 117.8125, 34.78125], [15.6171875, 36.90625, 79.625, 5.0, 64.625, 78.1875, 58.5625, 81.0, 95.9375, 86.8125, 69.375, 98.875, 50.6875, 0.0, 88.3125, 95.5, 104.3125, 63.25, 74.0, 95.5, 114.9375, 83.0, 81.125, 76.5625, 64.1875, 45.21875, 124.5625, 85.8125, 106.0, 64.5, 106.75, 21.21875, 120.125, 106.625, 48.0, 26.171875, 83.1875, 101.125, 51.0, 104.25, 80.375], [84.375, 97.0, 141.0, 93.3125, 105.5, 67.0, 144.125, 39.40625, 133.625, 155.25, 150.625, 156.25, 138.625, 88.3125, 0.0, 26.0, 44.375, 36.21875, 152.625, 146.5, 107.25, 131.25, 50.25, 105.5, 139.25, 45.28125, 36.40625, 173.5, 144.375, 102.9375, 47.15625, 85.5625, 122.1875, 185.375, 119.5, 110.3125, 157.75, 175.125, 139.125, 143.875, 164.75], [95.6875, 94.0, 133.0, 100.4375, 125.375, 91.4375, 146.0, 22.015625, 119.5, 148.75, 162.625, 175.25, 143.25, 95.5, 26.0, 0.0, 18.390625, 32.8125, 150.25, 135.0, 132.875, 120.125, 75.5, 92.0625, 136.125, 59.625, 39.0625, 181.125, 166.375, 92.5625, 21.1875, 98.25, 147.5, 198.875, 133.875, 113.25, 172.375, 190.125, 144.25, 165.625, 165.0], [106.875, 96.25, 130.25, 109.0625, 140.75, 109.1875, 150.125, 23.4375, 112.1875, 146.75, 173.0, 189.625, 149.25, 104.3125, 44.375, 18.390625, 0.0, 41.59375, 151.375, 129.5, 151.125, 115.3125, 93.625, 86.125, 137.0, 73.75, 49.78125, 188.5, 182.5, 89.1875, 3.0, 110.1875, 165.5, 209.875, 146.0, 118.8125, 184.375, 202.25, 150.625, 181.75, 167.75], [65.3125, 62.65625, 105.0625, 68.125, 102.0625, 79.1875, 113.375, 19.421875, 98.0, 119.6875, 131.5, 149.5, 110.4375, 63.25, 36.21875, 32.8125, 41.59375, 0.0, 118.875, 110.3125, 123.5, 95.0625, 67.8125, 69.875, 105.0625, 35.125, 67.4375, 148.5, 145.125, 66.75, 44.28125, 68.6875, 135.75, 168.375, 104.5625, 80.4375, 142.75, 160.75, 111.5, 144.0, 132.875], [87.8125, 56.3125, 34.9375, 70.625, 127.75, 151.875, 25.0, 129.75, 70.875, 24.734375, 86.9375, 139.625, 40.46875, 74.0, 152.625, 150.25, 151.375, 118.875, 0.0, 54.15625, 185.5, 54.4375, 154.875, 76.1875, 14.421875, 116.0, 186.25, 68.5, 160.0, 66.4375, 152.875, 92.0625, 187.875, 114.3125, 95.25, 47.84375, 107.5625, 120.0, 43.40625, 157.875, 21.1875], [111.0625, 60.21875, 20.390625, 94.8125, 159.375, 168.75, 74.8125, 113.0, 21.265625, 31.625, 135.0, 183.375, 87.8125, 95.5, 146.5, 135.0, 129.5, 110.3125, 54.15625, 0.0, 209.25, 15.296875, 166.0, 43.40625, 46.6875, 123.5, 174.0, 122.0625, 198.125, 43.5625, 130.0, 116.6875, 215.375, 166.25, 133.75, 76.25, 155.25, 169.75, 90.9375, 196.125, 74.8125], [99.5, 149.0, 194.375, 116.875, 61.40625, 44.40625, 164.5, 138.875, 205.875, 201.375, 127.0625, 93.125, 150.625, 114.9375, 107.25, 132.875, 151.125, 123.5, 185.5, 209.25, 0.0, 195.5, 57.5625, 181.125, 178.0, 92.1875, 127.1875, 163.0, 64.0625, 171.875, 154.0, 94.4375, 16.765625, 145.125, 97.75, 139.125, 118.875, 128.75, 148.875, 65.1875, 185.5], [98.4375, 46.6875, 20.25, 82.8125, 147.375, 154.5, 71.125, 98.125, 17.03125, 36.78125, 128.5, 174.375, 82.3125, 83.0, 131.25, 120.125, 115.3125, 95.0625, 54.4375, 15.296875, 195.5, 0.0, 151.125, 29.40625, 43.5625, 108.6875, 159.0, 119.5, 187.25, 28.28125, 115.9375, 104.125, 202.25, 161.5, 123.875, 66.1875, 148.25, 163.625, 85.375, 185.375, 75.625], [69.1875, 107.25, 154.625, 85.0, 65.125, 18.03125, 139.0, 81.8125, 158.625, 165.125, 124.375, 115.1875, 128.75, 81.125, 50.25, 75.5, 93.625, 67.8125, 154.875, 166.0, 57.5625, 151.125, 0.0, 131.875, 144.125, 42.5, 75.875, 154.625, 97.875, 124.6875, 96.5625, 66.75, 72.0, 154.25, 90.8125, 107.3125, 125.625, 141.0, 128.125, 97.6875, 161.0], [90.375, 41.4375, 46.875, 78.1875, 140.0, 138.0, 86.1875, 70.125, 28.15625, 64.0625, 135.0, 174.375, 93.375, 76.5625, 105.5, 92.0625, 86.125, 69.875, 76.1875, 43.40625, 181.125, 29.40625, 131.875, 0.0, 62.6875, 90.125, 131.125, 133.75, 182.375, 13.0, 86.6875, 96.1875, 189.875, 170.75, 123.0, 69.0, 153.125, 170.0, 96.125, 180.75, 96.5], [78.9375, 42.4375, 26.3125, 61.46875, 122.1875, 142.375, 28.15625, 115.4375, 60.53125, 24.078125, 88.9375, 139.25, 41.4375, 64.1875, 139.25, 136.125, 137.0, 105.0625, 14.421875, 46.6875, 178.0, 43.5625, 144.125, 62.6875, 0.0, 104.1875, 172.5, 76.125, 157.125, 52.40625, 138.375, 83.6875, 181.5, 119.5, 92.0, 38.90625, 109.375, 123.375, 44.59375, 155.0, 33.84375], [39.21875, 65.25, 112.625, 49.96875, 67.25, 48.15625, 103.375, 54.0, 116.5, 123.9375, 105.4375, 115.9375, 95.875, 45.21875, 45.28125, 59.625, 73.75, 35.125, 116.0, 123.5, 92.1875, 108.6875, 42.5, 90.125, 104.1875, 0.0, 81.5625, 128.75, 110.0, 82.375, 76.6875, 40.3125, 102.9375, 140.625, 74.875, 69.875, 113.4375, 131.0, 96.0, 109.0, 124.9375], [120.75, 130.125, 171.25, 129.5, 137.875, 93.9375, 179.375, 61.0, 158.5, 186.625, 186.75, 188.875, 174.625, 124.5625, 36.40625, 39.0625, 49.78125, 67.4375, 186.25, 174.0, 127.1875, 159.0, 75.875, 131.125, 172.5, 81.5625, 0.0, 209.875, 173.75, 131.25, 51.0, 121.75, 143.5, 221.0, 155.0, 145.75, 193.125, 210.0, 175.25, 173.5, 199.625], [89.6875, 97.9375, 102.0, 80.8125, 102.0625, 144.125, 48.5, 165.125, 136.5, 93.0625, 36.6875, 88.5625, 41.15625, 85.8125, 173.5, 181.125, 188.5, 148.5, 68.5, 122.0625, 163.0, 119.5, 154.625, 133.75, 76.125, 128.75, 209.875, 0.0, 117.0625, 121.4375, 190.75, 89.875, 159.25, 47.875, 66.5, 70.75, 52.34375, 58.0, 38.9375, 114.8125, 50.28125], [92.125, 142.625, 179.625, 105.125, 43.75, 79.875, 135.5, 164.0, 201.5, 181.125, 81.0, 32.0625, 120.0, 106.0, 144.375, 166.375, 182.5, 145.125, 160.0, 198.125, 64.0625, 187.25, 97.875, 182.375, 157.125, 110.0, 173.75, 117.0625, 0.0, 170.5, 185.5, 86.375, 52.0, 87.0, 65.125, 121.8125, 65.75, 70.0, 117.3125, 2.236328125, 152.875], [78.75, 28.640625, 41.125, 65.8125, 128.5, 129.5, 74.25, 70.5625, 34.21875, 57.78125, 122.0625, 161.75, 80.75, 64.5, 102.9375, 92.5625, 89.1875, 66.75, 66.4375, 43.5625, 171.875, 28.28125, 124.6875, 13.0, 52.40625, 82.375, 131.25, 121.4375, 170.5, 0.0, 90.125, 84.625, 180.0, 157.875, 110.375, 56.0, 140.125, 157.0, 83.4375, 168.75, 86.0625], [109.5625, 98.0, 131.25, 111.5, 143.75, 112.125, 152.0, 25.8125, 112.375, 147.875, 175.625, 192.625, 151.375, 106.75, 47.15625, 21.1875, 3.0, 44.28125, 152.875, 130.0, 154.0, 115.9375, 96.5625, 86.6875, 138.375, 76.6875, 51.0, 190.75, 185.5, 90.125, 0.0, 112.9375, 168.5, 212.5, 148.75, 120.9375, 187.0, 205.0, 152.75, 184.75, 169.5], [5.83203125, 57.8125, 100.625, 22.46875, 43.90625, 60.40625, 73.3125, 87.9375, 116.8125, 106.9375, 65.125, 83.0, 62.125, 21.21875, 85.5625, 98.25, 110.1875, 68.6875, 92.0625, 116.6875, 94.4375, 104.125, 66.75, 96.1875, 83.6875, 40.3125, 121.75, 89.875, 86.375, 84.625, 112.9375, 0.0, 99.0, 100.6875, 35.84375, 44.78125, 74.25, 92.125, 61.40625, 84.75, 95.25], [104.5, 155.625, 199.625, 121.375, 60.53125, 56.90625, 165.625, 152.125, 213.625, 205.25, 122.6875, 83.0, 151.125, 120.125, 122.1875, 147.5, 165.5, 135.75, 187.875, 215.375, 16.765625, 202.25, 72.0, 189.875, 181.5, 102.9375, 143.5, 159.25, 52.0, 180.0, 168.5, 99.0, 0.0, 136.75, 96.1875, 142.875, 112.125, 120.0625, 149.125, 53.5, 185.875], [103.25, 130.875, 145.875, 102.3125, 90.9375, 139.5, 91.4375, 187.0, 178.375, 139.0, 37.34375, 55.0, 79.1875, 106.625, 185.375, 198.875, 209.875, 168.375, 114.3125, 166.25, 145.125, 161.5, 154.25, 170.75, 119.5, 140.625, 221.0, 47.875, 87.0, 157.875, 212.5, 100.6875, 136.75, 0.0, 65.9375, 102.25, 28.59375, 17.0, 76.125, 85.0625, 97.6875], [39.5625, 81.75, 114.875, 45.28125, 36.34375, 78.4375, 71.25, 123.6875, 138.875, 116.0, 33.53125, 51.40625, 56.09375, 48.0, 119.5, 133.875, 146.0, 104.5625, 95.25, 133.75, 97.75, 123.875, 90.8125, 123.0, 92.0, 74.875, 155.0, 66.5, 65.125, 110.375, 148.75, 35.84375, 96.1875, 65.9375, 0.0, 57.71875, 38.59375, 56.34375, 53.71875, 63.03125, 90.3125], [40.15625, 28.640625, 58.0625, 22.796875, 84.3125, 104.0625, 33.84375, 95.5, 81.625, 62.4375, 66.0625, 108.25, 30.40625, 26.171875, 110.3125, 113.25, 118.8125, 80.4375, 47.84375, 76.25, 139.125, 66.1875, 107.3125, 69.0, 38.90625, 69.875, 145.75, 70.75, 121.8125, 56.0, 120.9375, 44.78125, 142.875, 102.25, 57.71875, 0.0, 84.3125, 101.0, 32.0, 119.875, 55.09375], [77.5, 112.0, 135.125, 79.4375, 62.625, 111.0, 82.75, 161.75, 164.5, 131.5, 20.59375, 36.25, 68.0, 83.1875, 157.75, 172.375, 184.375, 142.75, 107.5625, 155.25, 118.875, 148.25, 125.625, 153.125, 109.375, 113.4375, 193.125, 52.34375, 65.75, 140.125, 187.0, 74.25, 112.125, 28.59375, 38.59375, 84.3125, 0.0, 18.03125, 64.875, 63.5625, 95.125], [95.4375, 129.125, 149.5, 97.3125, 76.625, 125.625, 95.875, 179.75, 180.25, 144.5, 35.21875, 38.0, 82.0, 101.125, 175.125, 190.125, 202.25, 160.75, 120.0, 169.75, 128.75, 163.625, 141.0, 170.0, 123.375, 131.0, 210.0, 58.0, 70.0, 157.0, 205.0, 92.125, 120.0625, 17.0, 56.34375, 101.0, 18.03125, 0.0, 78.875, 68.0625, 105.5], [59.21875, 59.03125, 70.625, 46.09375, 88.625, 121.0, 18.4375, 127.25, 102.25, 66.75, 44.375, 96.1875, 3.162109375, 51.0, 139.125, 144.25, 150.625, 111.5, 43.40625, 90.9375, 148.875, 85.375, 128.125, 96.125, 44.59375, 96.0, 175.25, 38.9375, 117.3125, 83.4375, 152.75, 61.40625, 149.125, 76.125, 53.71875, 32.0, 64.875, 78.875, 0.0, 115.125, 36.78125], [90.5, 140.875, 177.625, 103.3125, 42.4375, 79.6875, 133.25, 163.0, 199.625, 179.0, 78.8125, 30.15625, 117.8125, 104.25, 143.875, 165.625, 181.75, 144.0, 157.875, 196.125, 65.1875, 185.375, 97.6875, 180.75, 155.0, 109.0, 173.5, 114.8125, 2.236328125, 168.75, 184.75, 84.75, 53.5, 85.0625, 63.03125, 119.875, 63.5625, 68.0625, 115.125, 0.0, 150.625], [92.0, 71.5625, 56.03125, 76.1875, 125.375, 155.625, 22.0, 145.375, 92.0625, 44.0, 75.0, 129.375, 34.78125, 80.375, 164.75, 165.0, 167.75, 132.875, 21.1875, 74.8125, 185.5, 75.625, 161.0, 96.5, 33.84375, 124.9375, 199.625, 50.28125, 152.875, 86.0625, 169.5, 95.25, 185.875, 97.6875, 90.3125, 55.09375, 95.125, 105.5, 36.78125, 150.625, 0.0]], "angleGap": [[0.0, 0.279296875, 0.495849609375, 3.005859375, 2.421875, 0.8798828125, 1.0517578125, 0.037109375, 0.440185546875, 1.8203125, 2.490234375, 1.0595703125, 0.21337890625, 1.5234375, 1.26171875, 1.1171875, 1.10546875, 0.6552734375, 0.15478515625, 2.759765625, 0.072265625, 2.16015625, 0.228515625, 0.5185546875, 1.57421875, 1.541015625, 1.447265625, 2.845703125, 0.1591796875, 1.10546875, 3.01953125, 2.91796875, 1.9287109375, 2.197265625, 0.57861328125, 2.06640625, 2.08203125, 1.1123046875, 2.828125, 0.88671875], [0.279296875, 0.0, 0.216552734375, 2.7265625, 2.701171875, 0.6005859375, 1.3310546875, 0.31640625, 0.160888671875, 1.541015625, 2.2109375, 0.7802734375, 0.06591796875, 1.802734375, 1.541015625, 1.396484375, 1.384765625, 0.375732421875, 0.12451171875, 3.0390625, 0.20703125, 2.439453125, 0.5078125, 0.239013671875, 1.853515625, 1.8203125, 1.16796875, 2.56640625, 0.4384765625, 1.384765625, 2.740234375, 3.0859375, 1.6494140625, 1.91796875, 0.29931640625, 1.7880859375, 1.8017578125, 0.8330078125, 2.55078125, 0.607421875], [0.495849609375, 0.216552734375, 0.0, 2.509765625, 2.91796875, 0.3837890625, 1.5478515625, 0.533203125, 0.0556640625, 1.3251953125, 1.994140625, 0.5634765625, 0.282470703125, 2.01953125, 1.7578125, 1.61328125, 1.6015625, 0.1591796875, 0.341064453125, 3.02734375, 0.423583984375, 2.65625, 0.724609375, 0.0224609375, 2.0703125, 2.037109375, 0.951171875, 2.349609375, 0.6552734375, 1.6015625, 2.5234375, 2.869140625, 1.4326171875, 1.701171875, 0.082763671875, 1.5712890625, 1.5849609375, 0.6162109375, 2.333984375, 0.390625], [3.005859375, 2.7265625, 2.509765625, 0.0, 0.85546875, 2.126953125, 2.224609375, 3.04296875, 2.56640625, 1.185546875, 0.515625, 1.9462890625, 2.79296875, 1.751953125, 2.017578125, 2.158203125, 2.173828125, 2.3515625, 2.8515625, 0.517578125, 2.93359375, 1.119140625, 3.048828125, 2.48828125, 1.705078125, 1.736328125, 1.55859375, 0.16015625, 3.119140625, 2.173828125, 0.013671875, 0.359375, 1.0771484375, 0.80859375, 2.427734375, 0.9384765625, 0.9248046875, 1.8935546875, 0.1767578125, 2.119140625], [2.421875, 2.701171875, 2.91796875, 0.85546875, 0.0, 2.982421875, 1.369140625, 2.384765625, 2.861328125, 2.041015625, 1.37109375, 2.80078125, 2.634765625, 0.900390625, 1.158203125, 1.306640625, 1.314453125, 3.076171875, 2.576171875, 0.337890625, 2.494140625, 0.259765625, 2.193359375, 2.939453125, 0.845703125, 0.880859375, 2.4140625, 1.015625, 2.263671875, 1.314453125, 0.841796875, 0.49609375, 1.9326171875, 1.6640625, 3.0, 1.7939453125, 1.7802734375, 2.75, 1.0322265625, 2.974609375], [0.8798828125, 0.6005859375, 0.3837890625, 2.126953125, 2.982421875, 0.0, 1.931640625, 0.9169921875, 0.439453125, 0.94140625, 1.6103515625, 0.179931640625, 0.666015625, 2.40234375, 2.140625, 1.9970703125, 1.9853515625, 0.224609375, 0.724609375, 2.64453125, 0.8076171875, 3.0390625, 1.1083984375, 0.361328125, 2.453125, 2.419921875, 0.5673828125, 1.9658203125, 1.0390625, 1.9853515625, 2.140625, 2.486328125, 1.048828125, 1.3173828125, 0.301025390625, 1.1875, 1.201171875, 0.2325439453125, 1.94921875, 0.0068359375], [1.0517578125, 1.3310546875, 1.5478515625, 2.224609375, 1.369140625, 1.931640625, 0.0, 1.0146484375, 1.4921875, 2.873046875, 2.740234375, 2.111328125, 1.265625, 0.4716796875, 0.2099609375, 0.0654296875, 0.0537109375, 1.70703125, 1.20703125, 1.708984375, 1.1240234375, 1.1083984375, 0.8232421875, 1.5703125, 0.5224609375, 0.4892578125, 2.498046875, 2.384765625, 0.892578125, 0.0537109375, 2.212890625, 1.865234375, 2.98046875, 3.033203125, 1.630859375, 3.119140625, 3.1328125, 2.1640625, 2.40234375, 1.9384765625], [0.037109375, 0.31640625, 0.533203125, 3.04296875, 2.384765625, 0.9169921875, 1.0146484375, 0.0, 0.477294921875, 1.857421875, 2.52734375, 1.0966796875, 0.25048828125, 1.486328125, 1.224609375, 1.080078125, 1.068359375, 0.6923828125, 0.19189453125, 2.72265625, 0.109375, 2.123046875, 0.19140625, 0.5556640625, 1.537109375, 1.50390625, 1.484375, 2.8828125, 0.1220703125, 1.068359375, 3.056640625, 2.880859375, 1.9658203125, 2.234375, 0.61572265625, 2.10546875, 2.1171875, 1.1494140625, 2.8671875, 0.923828125], [0.440185546875, 0.160888671875, 0.0556640625, 2.56640625, 2.861328125, 0.439453125, 1.4921875, 0.477294921875, 0.0, 1.380859375, 2.05078125, 0.619140625, 0.226806640625, 1.9638671875, 1.7021484375, 1.5576171875, 1.5458984375, 0.21484375, 0.285400390625, 3.083984375, 0.367919921875, 2.599609375, 0.6689453125, 0.078125, 2.013671875, 1.9814453125, 1.0068359375, 2.40625, 0.599609375, 1.5458984375, 2.580078125, 2.92578125, 1.48828125, 1.7568359375, 0.138427734375, 1.626953125, 1.640625, 0.671875, 2.388671875, 0.4462890625], [1.8203125, 1.541015625, 1.3251953125, 1.185546875, 2.041015625, 0.94140625, 2.873046875, 1.857421875, 1.380859375, 0.0, 0.66943359375, 0.76123046875, 1.607421875, 2.939453125, 3.08203125, 2.9375, 2.92578125, 1.166015625, 1.666015625, 1.703125, 1.748046875, 2.302734375, 2.048828125, 1.302734375, 2.888671875, 2.921875, 0.3740234375, 1.025390625, 1.98046875, 2.92578125, 1.19921875, 1.544921875, 0.10791015625, 0.37646484375, 1.2421875, 0.24658203125, 0.26025390625, 0.70849609375, 1.0078125, 0.9345703125], [2.490234375, 2.2109375, 1.994140625, 0.515625, 1.37109375, 1.6103515625, 2.740234375, 2.52734375, 2.05078125, 0.66943359375, 0.0, 1.4306640625, 2.27734375, 2.267578125, 2.53125, 2.67578125, 2.6875, 1.8349609375, 2.3359375, 1.033203125, 2.41796875, 1.634765625, 2.71875, 1.9716796875, 2.220703125, 2.251953125, 1.04296875, 0.35546875, 2.6484375, 2.6875, 0.529296875, 0.875, 0.5615234375, 0.29296875, 1.912109375, 0.4228515625, 0.4091796875, 1.3779296875, 0.3388671875, 1.603515625], [1.0595703125, 0.7802734375, 0.5634765625, 1.9462890625, 2.80078125, 0.179931640625, 2.111328125, 1.0966796875, 0.619140625, 0.76123046875, 1.4306640625, 0.0, 0.84619140625, 2.58203125, 2.3203125, 2.17578125, 2.1640625, 0.404541015625, 0.90478515625, 2.46484375, 0.9873046875, 3.064453125, 1.2880859375, 0.541015625, 2.6328125, 2.6015625, 0.38720703125, 1.7861328125, 1.21875, 2.1640625, 1.9599609375, 2.3046875, 0.869140625, 1.1376953125, 0.48095703125, 1.0078125, 1.021484375, 0.0526123046875, 1.76953125, 0.173095703125], [0.21337890625, 0.06591796875, 0.282470703125, 2.79296875, 2.634765625, 0.666015625, 1.265625, 0.25048828125, 0.226806640625, 1.607421875, 2.27734375, 0.84619140625, 0.0, 1.736328125, 1.474609375, 1.330078125, 1.318359375, 0.441650390625, 0.05859375, 2.97265625, 0.14111328125, 2.373046875, 0.44189453125, 0.304931640625, 1.787109375, 1.75390625, 1.2333984375, 2.6328125, 0.37255859375, 1.318359375, 2.806640625, 3.130859375, 1.71484375, 1.984375, 0.365234375, 1.853515625, 1.8671875, 0.89892578125, 2.615234375, 0.6728515625], [1.5234375, 1.802734375, 2.01953125, 1.751953125, 0.900390625, 2.40234375, 0.4716796875, 1.486328125, 1.9638671875, 2.939453125, 2.267578125, 2.58203125, 1.736328125, 0.0, 0.26171875, 0.40625, 0.41796875, 2.177734375, 1.677734375, 1.236328125, 1.595703125, 0.63671875, 1.294921875, 2.041015625, 0.05078125, 0.017578125, 2.970703125, 1.916015625, 1.3642578125, 0.41796875, 1.740234375, 1.392578125, 2.830078125, 2.5625, 2.1015625, 2.693359375, 2.677734375, 2.634765625, 1.931640625, 2.41015625], [1.26171875, 1.541015625, 1.7578125, 2.017578125, 1.158203125, 2.140625, 0.2099609375, 1.224609375, 1.7021484375, 3.08203125, 2.53125, 2.3203125, 1.474609375, 0.26171875, 0.0, 0.14453125, 0.15625, 1.9169921875, 1.416015625, 1.498046875, 1.333984375, 0.8984375, 1.033203125, 1.7802734375, 0.3125, 0.279296875, 2.708984375, 2.173828125, 1.1025390625, 0.15625, 2.001953125, 1.658203125, 3.091796875, 2.82421875, 1.83984375, 2.955078125, 2.939453125, 2.373046875, 2.193359375, 2.1484375], [1.1171875, 1.396484375, 1.61328125, 2.158203125, 1.306640625, 1.9970703125, 0.0654296875, 1.080078125, 1.5576171875, 2.9375, 2.67578125, 2.17578125, 1.330078125, 0.40625, 0.14453125, 0.0, 0.01171875, 1.7724609375, 1.271484375, 1.642578125, 1.189453125, 1.04296875, 0.888671875, 1.6357421875, 0.45703125, 0.423828125, 2.564453125, 2.3203125, 0.9580078125, 0.01171875, 2.146484375, 1.798828125, 3.046875, 2.96875, 1.6953125, 3.099609375, 3.083984375, 2.228515625, 2.337890625, 2.00390625], [1.10546875, 1.384765625, 1.6015625, 2.173828125, 1.314453125, 1.9853515625, 0.0537109375, 1.068359375, 1.5458984375, 2.92578125, 2.6875, 2.1640625, 1.318359375, 0.41796875, 0.15625, 0.01171875, 0.0, 1.7607421875, 1.259765625, 1.654296875, 1.177734375, 1.0546875, 0.876953125, 1.6240234375, 0.46875, 0.435546875, 2.552734375, 2.33203125, 0.9462890625, 0.0, 2.158203125, 1.814453125, 3.03515625, 2.98046875, 1.68359375, 3.111328125, 3.095703125, 2.216796875, 2.349609375, 1.9921875], [0.6552734375, 0.375732421875, 0.1591796875, 2.3515625, 3.076171875, 0.224609375, 1.70703125, 0.6923828125, 0.21484375, 1.166015625, 1.8349609375, 0.404541015625, 0.441650390625, 2.177734375, 1.9169921875, 1.7724609375, 1.7607421875, 0.0, 0.5, 2.869140625, 0.5830078125, 2.814453125, 0.8837890625, 0.13671875, 2.228515625, 2.1953125, 0.7919921875, 2.19140625, 0.814453125, 1.7607421875, 2.365234375, 2.7109375, 1.2734375, 1.5419921875, 0.076416015625, 1.412109375, 1.42578125, 0.45703125, 2.173828125, 0.2314453125], [0.15478515625, 0.12451171875, 0.341064453125, 2.8515625, 2.576171875, 0.724609375, 1.20703125, 0.19189453125, 0.285400390625, 1.666015625, 2.3359375, 0.90478515625, 0.05859375, 1.677734375, 1.416015625, 1.271484375, 1.259765625, 0.5, 0.0, 2.9140625, 0.08251953125, 2.314453125, 0.38330078125, 0.363525390625, 1.728515625, 1.6953125, 1.2919921875, 2.69140625, 0.31396484375, 1.259765625, 2.865234375, 3.072265625, 1.7734375, 2.04296875, 0.423828125, 1.912109375, 1.92578125, 0.95751953125, 2.673828125, 0.7314453125], [2.759765625, 3.0390625, 3.02734375, 0.517578125, 0.337890625, 2.64453125, 1.708984375, 2.72265625, 3.083984375, 1.703125, 1.033203125, 2.46484375, 2.97265625, 1.236328125, 1.498046875, 1.642578125, 1.654296875, 2.869140625, 2.9140625, 0.0, 2.83203125, 0.599609375, 2.53125, 3.005859375, 1.185546875, 1.220703125, 2.076171875, 0.677734375, 2.599609375, 1.654296875, 0.50390625, 0.158203125, 1.5947265625, 1.326171875, 2.9453125, 1.4560546875, 1.4423828125, 2.412109375, 0.6943359375, 2.63671875], [0.072265625, 0.20703125, 0.423583984375, 2.93359375, 2.494140625, 0.8076171875, 1.1240234375, 0.109375, 0.367919921875, 1.748046875, 2.41796875, 0.9873046875, 0.14111328125, 1.595703125, 1.333984375, 1.189453125, 1.177734375, 0.5830078125, 0.08251953125, 2.83203125, 0.0, 2.232421875, 0.30078125, 0.446044921875, 1.646484375, 1.61328125, 1.375, 2.7734375, 0.2314453125, 1.177734375, 2.947265625, 2.990234375, 1.8564453125, 2.125, 0.50634765625, 1.9951171875, 2.0078125, 1.0400390625, 2.7578125, 0.814453125], [2.16015625, 2.439453125, 2.65625, 1.119140625, 0.259765625, 3.0390625, 1.1083984375, 2.123046875, 2.599609375, 2.302734375, 1.634765625, 3.064453125, 2.373046875, 0.63671875, 0.8984375, 1.04296875, 1.0546875, 2.814453125, 2.314453125, 0.599609375, 2.232421875, 0.0, 1.931640625, 2.677734375, 0.5859375, 0.619140625, 2.67578125, 1.275390625, 2.0, 1.0546875, 1.103515625, 0.759765625, 2.193359375, 1.923828125, 2.73828125, 2.056640625, 2.041015625, 3.01171875, 1.294921875, 3.046875], [0.228515625, 0.5078125, 0.724609375, 3.048828125, 2.193359375, 1.1083984375, 0.8232421875, 0.19140625, 0.6689453125, 2.048828125, 2.71875, 1.2880859375, 0.44189453125, 1.294921875, 1.033203125, 0.888671875, 0.876953125, 0.8837890625, 0.38330078125, 2.53125, 0.30078125, 1.931640625, 0.0, 0.7470703125, 1.345703125, 1.3125, 1.67578125, 3.07421875, 0.0693359375, 0.876953125, 3.03515625, 2.689453125, 2.15625, 2.42578125, 0.80712890625, 2.296875, 2.30859375, 1.3408203125, 3.05859375, 1.115234375], [0.5185546875, 0.239013671875, 0.0224609375, 2.48828125, 2.939453125, 0.361328125, 1.5703125, 0.5556640625, 0.078125, 1.302734375, 1.9716796875, 0.541015625, 0.304931640625, 2.041015625, 1.7802734375, 1.6357421875, 1.6240234375, 0.13671875, 0.363525390625, 3.005859375, 0.446044921875, 2.677734375, 0.7470703125, 0.0, 2.091796875, 2.05859375, 0.9287109375, 2.328125, 0.677734375, 1.6240234375, 2.501953125, 2.84765625, 1.41015625, 1.6787109375, 0.060302734375, 1.548828125, 1.5625, 0.59375, 2.310546875, 0.3681640625], [1.57421875, 1.853515625, 2.0703125, 1.705078125, 0.845703125, 2.453125, 0.5224609375, 1.537109375, 2.013671875, 2.888671875, 2.220703125, 2.6328125, 1.787109375, 0.05078125, 0.3125, 0.45703125, 0.46875, 2.228515625, 1.728515625, 1.185546875, 1.646484375, 0.5859375, 1.345703125, 2.091796875, 0.0, 0.033203125, 3.021484375, 1.861328125, 1.4150390625, 0.46875, 1.689453125, 1.345703125, 2.779296875, 2.51171875, 2.15234375, 2.642578125, 2.626953125, 2.685546875, 1.880859375, 2.4609375], [1.541015625, 1.8203125, 2.037109375, 1.736328125, 0.880859375, 2.419921875, 0.4892578125, 1.50390625, 1.9814453125, 2.921875, 2.251953125, 2.6015625, 1.75390625, 0.017578125, 0.279296875, 0.423828125, 0.435546875, 2.1953125, 1.6953125, 1.220703125, 1.61328125, 0.619140625, 1.3125, 2.05859375, 0.033203125, 0.0, 2.98828125, 1.896484375, 1.3818359375, 0.435546875, 1.720703125, 1.376953125, 2.814453125, 2.544921875, 2.119140625, 2.673828125, 2.662109375, 2.65234375, 1.912109375, 2.427734375], [1.447265625, 1.16796875, 0.951171875, 1.55859375, 2.4140625, 0.5673828125, 2.498046875, 1.484375, 1.0068359375, 0.3740234375, 1.04296875, 0.38720703125, 1.2333984375, 2.970703125, 2.708984375, 2.564453125, 2.552734375, 0.7919921875, 1.2919921875, 2.076171875, 1.375, 2.67578125, 1.67578125, 0.9287109375, 3.021484375, 2.98828125, 0.0, 1.3984375, 1.60546875, 2.552734375, 1.572265625, 1.91796875, 0.48193359375, 0.75048828125, 0.8681640625, 0.62060546875, 0.63427734375, 0.33447265625, 1.3828125, 0.560546875], [2.845703125, 2.56640625, 2.349609375, 0.16015625, 1.015625, 1.9658203125, 2.384765625, 2.8828125, 2.40625, 1.025390625, 0.35546875, 1.7861328125, 2.6328125, 1.916015625, 2.173828125, 2.3203125, 2.33203125, 2.19140625, 2.69140625, 0.677734375, 2.7734375, 1.275390625, 3.07421875, 2.328125, 1.861328125, 1.896484375, 1.3984375, 0.0, 3.00390625, 2.33203125, 0.173828125, 0.51953125, 0.9169921875, 0.6484375, 2.267578125, 0.7783203125, 0.7646484375, 1.7333984375, 0.0166015625, 1.958984375], [0.1591796875, 0.4384765625, 0.6552734375, 3.119140625, 2.263671875, 1.0390625, 0.892578125, 0.1220703125, 0.599609375, 1.98046875, 2.6484375, 1.21875, 0.37255859375, 1.3642578125, 1.1025390625, 0.9580078125, 0.9462890625, 0.814453125, 0.31396484375, 2.599609375, 0.2314453125, 2.0, 0.0693359375, 0.677734375, 1.4150390625, 1.3818359375, 1.60546875, 3.00390625, 0.0, 0.9462890625, 3.103515625, 2.759765625, 2.087890625, 2.35546875, 0.73779296875, 2.2265625, 2.240234375, 1.271484375, 2.98828125, 1.0458984375], [1.10546875, 1.384765625, 1.6015625, 2.173828125, 1.314453125, 1.9853515625, 0.0537109375, 1.068359375, 1.5458984375, 2.92578125, 2.6875, 2.1640625, 1.318359375, 0.41796875, 0.15625, 0.01171875, 0.0, 1.7607421875, 1.259765625, 1.654296875, 1.177734375, 1.0546875, 0.876953125, 1.6240234375, 0.46875, 0.435546875, 2.552734375, 2.33203125, 0.9462890625, 0.0, 2.158203125, 1.814453125, 3.03515625, 2.98046875, 1.68359375, 3.111328125, 3.095703125, 2.216796875, 2.349609375, 1.9921875], [3.01953125, 2.740234375, 2.5234375, 0.013671875, 0.841796875, 2.140625, 2.212890625, 3.056640625, 2.580078125, 1.19921875, 0.529296875, 1.9599609375, 2.806640625, 1.740234375, 2.001953125, 2.146484375, 2.158203125, 2.365234375, 2.865234375, 0.50390625, 2.947265625, 1.103515625, 3.03515625, 2.501953125, 1.689453125, 1.720703125, 1.572265625, 0.173828125, 3.103515625, 2.158203125, 0.0, 0.345703125, 1.0908203125, 0.822265625, 2.44140625, 0.9521484375, 0.9384765625, 1.9072265625, 0.1904296875, 2.1328125], [2.91796875, 3.0859375, 2.869140625, 0.359375, 0.49609375, 2.486328125, 1.865234375, 2.880859375, 2.92578125, 1.544921875, 0.875, 2.3046875, 3.130859375, 1.392578125, 1.658203125, 1.798828125, 1.814453125, 2.7109375, 3.072265625, 0.158203125, 2.990234375, 0.759765625, 2.689453125, 2.84765625, 1.345703125, 1.376953125, 1.91796875, 0.51953125, 2.759765625, 1.814453125, 0.345703125, 0.0, 1.4365234375, 1.16796875, 2.787109375, 1.2978515625, 1.2841796875, 2.25390625, 0.5361328125, 2.478515625], [1.9287109375, 1.6494140625, 1.4326171875, 1.0771484375, 1.9326171875, 1.048828125, 2.98046875, 1.9658203125, 1.48828125, 0.10791015625, 0.5615234375, 0.869140625, 1.71484375, 2.830078125, 3.091796875, 3.046875, 3.03515625, 1.2734375, 1.7734375, 1.5947265625, 1.8564453125, 2.193359375, 2.15625, 1.41015625, 2.779296875, 2.814453125, 0.48193359375, 0.9169921875, 2.087890625, 3.03515625, 1.0908203125, 1.4365234375, 0.0, 0.2685546875, 1.349609375, 0.138671875, 0.15234375, 0.81640625, 0.900390625, 1.0419921875], [2.197265625, 1.91796875, 1.701171875, 0.80859375, 1.6640625, 1.3173828125, 3.033203125, 2.234375, 1.7568359375, 0.37646484375, 0.29296875, 1.1376953125, 1.984375, 2.5625, 2.82421875, 2.96875, 2.98046875, 1.5419921875, 2.04296875, 1.326171875, 2.125, 1.923828125, 2.42578125, 1.6787109375, 2.51171875, 2.544921875, 0.75048828125, 0.6484375, 2.35546875, 2.98046875, 0.822265625, 1.16796875, 0.2685546875, 0.0, 1.619140625, 0.1298828125, 0.1162109375, 1.0849609375, 0.6318359375, 1.310546875], [0.57861328125, 0.29931640625, 0.082763671875, 2.427734375, 3.0, 0.301025390625, 1.630859375, 0.61572265625, 0.138427734375, 1.2421875, 1.912109375, 0.48095703125, 0.365234375, 2.1015625, 1.83984375, 1.6953125, 1.68359375, 0.076416015625, 0.423828125, 2.9453125, 0.50634765625, 2.73828125, 0.80712890625, 0.060302734375, 2.15234375, 2.119140625, 0.8681640625, 2.267578125, 0.73779296875, 1.68359375, 2.44140625, 2.787109375, 1.349609375, 1.619140625, 0.0, 1.48828125, 1.501953125, 0.53369140625, 2.25, 0.307861328125], [2.06640625, 1.7880859375, 1.5712890625, 0.9384765625, 1.7939453125, 1.1875, 3.119140625, 2.10546875, 1.626953125, 0.24658203125, 0.4228515625, 1.0078125, 1.853515625, 2.693359375, 2.955078125, 3.099609375, 3.111328125, 1.412109375, 1.912109375, 1.4560546875, 1.9951171875, 2.056640625, 2.296875, 1.548828125, 2.642578125, 2.673828125, 0.62060546875, 0.7783203125, 2.2265625, 3.111328125, 0.9521484375, 1.2978515625, 0.138671875, 0.1298828125, 1.48828125, 0.0, 0.013671875, 0.955078125, 0.76171875, 1.1806640625], [2.08203125, 1.8017578125, 1.5849609375, 0.9248046875, 1.7802734375, 1.201171875, 3.1328125, 2.1171875, 1.640625, 0.26025390625, 0.4091796875, 1.021484375, 1.8671875, 2.677734375, 2.939453125, 3.083984375, 3.095703125, 1.42578125, 1.92578125, 1.4423828125, 2.0078125, 2.041015625, 2.30859375, 1.5625, 2.626953125, 2.662109375, 0.63427734375, 0.7646484375, 2.240234375, 3.095703125, 0.9384765625, 1.2841796875, 0.15234375, 0.1162109375, 1.501953125, 0.013671875, 0.0, 0.96875, 0.748046875, 1.1943359375], [1.1123046875, 0.8330078125, 0.6162109375, 1.8935546875, 2.75, 0.2325439453125, 2.1640625, 1.1494140625, 0.671875, 0.70849609375, 1.3779296875, 0.0526123046875, 0.89892578125, 2.634765625, 2.373046875, 2.228515625, 2.216796875, 0.45703125, 0.95751953125, 2.412109375, 1.0400390625, 3.01171875, 1.3408203125, 0.59375, 2.685546875, 2.65234375, 0.33447265625, 1.7333984375, 1.271484375, 2.216796875, 1.9072265625, 2.25390625, 0.81640625, 1.0849609375, 0.53369140625, 0.955078125, 0.96875, 0.0, 1.716796875, 0.2257080078125], [2.828125, 2.55078125, 2.333984375, 0.1767578125, 1.0322265625, 1.94921875, 2.40234375, 2.8671875, 2.388671875, 1.0078125, 0.3388671875, 1.76953125, 2.615234375, 1.931640625, 2.193359375, 2.337890625, 2.349609375, 2.173828125, 2.673828125, 0.6943359375, 2.7578125, 1.294921875, 3.05859375, 2.310546875, 1.880859375, 1.912109375, 1.3828125, 0.0166015625, 2.98828125, 2.349609375, 0.1904296875, 0.5361328125, 0.900390625, 0.6318359375, 2.25, 0.76171875, 0.748046875, 1.716796875, 0.0, 1.9423828125], [0.88671875, 0.607421875, 0.390625, 2.119140625, 2.974609375, 0.0068359375, 1.9384765625, 0.923828125, 0.4462890625, 0.9345703125, 1.603515625, 0.173095703125, 0.6728515625, 2.41015625, 2.1484375, 2.00390625, 1.9921875, 0.2314453125, 0.7314453125, 2.63671875, 0.814453125, 3.046875, 1.115234375, 0.3681640625, 2.4609375, 2.427734375, 0.560546875, 1.958984375, 1.0458984375, 1.9921875, 2.1328125, 2.478515625, 1.0419921875, 1.310546875, 0.307861328125, 1.1806640625, 1.1943359375, 0.2257080078125, 1.9423828125, 0.0]], "coordinates": [[0, 0], [32, -41], [77, -56], [16, -7], [-25, 43], [-63, 12], [70, -2], [-32, -78], [65, -90], [91, -46], [41, 53], [-1, 88], [59, 9], [12, -10], [-64, -55], [-54, -79], [-47, -96], [-28, -59], [85, -22], [81, -76], [-86, 50], [66, -73], [-69, -5], [38, -82], [73, -30], [-31, -24], [-93, -77], [77, 46], [-33, 86], [38, -69], [-47, -99], [-3, 5], [-81, 66], [54, 88], [11, 38], [38, -13], [31, 71], [37, 88], [58, 12], [-31, 85], [92, -2]], "angles": [-0.908203125, -0.62890625, -0.412353515625, 2.09765625, 2.953125, -0.028564453125, -1.9599609375, -0.9453125, -0.468017578125, 0.91259765625, 1.58203125, 0.1513671875, -0.69482421875, -2.431640625, -2.169921875, -2.025390625, -2.013671875, -0.253173828125, -0.75341796875, 2.615234375, -0.8359375, -3.068359375, -1.13671875, -0.389892578125, -2.482421875, -2.44921875, 0.53857421875, 1.9375, -1.0673828125, -2.013671875, 2.111328125, 2.45703125, 1.0205078125, 1.2890625, -0.32958984375, 1.1591796875, 1.1728515625, 0.2039794921875, 1.9208984375, -0.021728515625], "demands": [4, 4, 5, 9, 9, 4, 2, 7, 6, 8, 4, 4, 4, 3, 8, 5, 4, 1, 7, 2, 5, 2, 2, 8, 10, 9, 2, 9, 8, 2, 2, 9, 10, 6, 1, 3, 5, 4, 2, 1], "capacity": 50, "Vmax": 19}