{"name": "LZB_n80_20", "n": 80, "m": 10, "times": [[0.0, 31.0625, 97.625, 94.375, 73.1875, 51.78125, 70.0, 91.25, 103.875, 50.09375, 75.5625, 50.21875, 119.0, 87.0, 92.0625, 39.40625, 35.78125, 67.75, 39.21875, 95.1875, 87.8125, 98.0, 75.625, 97.75, 123.0, 75.6875, 61.21875, 102.0625, 54.03125, 84.3125, 90.4375, 76.375, 106.6875, 56.03125, 6.70703125, 116.5, 78.3125, 76.0, 95.0, 100.5625, 26.828125, 59.21875, 2.0, 123.625, 76.375, 100.0, 132.5, 18.59375, 94.0625, 68.0, 56.75, 103.0625, 130.875, 120.125, 71.5, 70.0, 58.78125, 69.125, 110.125, 32.4375, 90.5625, 90.5625, 58.125, 65.0, 105.125, 126.5625, 82.4375, 35.5, 61.53125, 113.4375, 90.75, 102.875, 69.3125, 87.8125, 99.6875, 66.6875, 78.5, 83.5, 103.4375, 61.0, 105.4375], [31.0625, 0.0, 71.5, 123.5, 48.5, 36.0625, 91.375, 84.625, 113.125, 73.0, 94.75, 67.6875, 127.3125, 56.71875, 118.6875, 10.046875, 18.03125, 93.5625, 37.1875, 75.125, 56.8125, 67.4375, 106.125, 67.9375, 92.0, 91.5625, 89.75, 131.375, 74.9375, 74.6875, 96.625, 45.46875, 101.5, 73.5625, 37.0, 85.4375, 61.625, 45.0, 126.0625, 130.75, 57.8125, 55.90625, 30.015625, 154.625, 88.125, 127.0, 163.25, 49.65625, 124.75, 39.125, 86.75, 72.75, 141.625, 127.1875, 70.0625, 97.3125, 70.375, 44.9375, 139.0, 35.0, 108.1875, 97.0625, 46.53125, 89.0, 109.125, 135.875, 113.4375, 14.765625, 31.90625, 144.25, 107.5625, 91.25, 99.8125, 102.5, 81.5, 97.5, 63.3125, 77.125, 134.5, 88.4375, 77.375], [97.625, 71.5, 0.0, 173.5, 83.8125, 94.0625, 162.875, 139.625, 180.125, 144.25, 125.375, 139.0, 127.0625, 29.15625, 161.75, 70.0625, 61.90625, 164.25, 69.4375, 110.0625, 49.65625, 60.15625, 162.75, 68.125, 52.40625, 162.25, 141.375, 199.5, 146.375, 55.0, 100.625, 41.125, 156.0, 107.9375, 104.3125, 51.625, 107.6875, 43.3125, 186.0, 184.25, 120.8125, 65.8125, 95.875, 216.5, 106.625, 170.125, 227.0, 114.8125, 189.625, 67.1875, 142.875, 65.0625, 144.0, 124.25, 72.0625, 144.875, 96.1875, 83.6875, 207.625, 105.125, 179.125, 163.0, 51.625, 130.75, 172.375, 136.125, 177.0, 62.1875, 41.3125, 207.875, 130.375, 138.25, 157.0, 122.25, 118.625, 156.25, 39.625, 133.625, 193.75, 137.625, 13.0390625], [94.375, 123.5, 173.5, 0.0, 167.375, 144.125, 105.8125, 171.875, 156.375, 96.1875, 57.25, 109.125, 105.9375, 173.5, 20.03125, 132.875, 119.125, 88.75, 104.625, 187.0, 179.375, 190.75, 24.171875, 191.375, 211.625, 123.5, 33.84375, 76.5, 102.3125, 131.875, 98.875, 166.0, 183.25, 67.1875, 90.5625, 206.0, 169.0, 166.25, 33.84375, 14.3203125, 69.125, 109.6875, 94.75, 58.3125, 80.125, 18.390625, 72.25, 78.1875, 55.0, 162.0, 38.0625, 196.125, 105.0625, 110.3125, 110.0, 28.59375, 80.75, 163.25, 84.1875, 120.0, 126.8125, 152.25, 122.0, 43.875, 167.75, 107.125, 46.21875, 121.0625, 148.625, 58.40625, 66.0, 187.375, 29.125, 72.75, 190.125, 33.84375, 138.75, 165.0, 35.125, 36.25, 184.75], [73.1875, 48.5, 83.8125, 167.375, 0.0, 26.078125, 106.0625, 57.03125, 104.6875, 93.8125, 143.125, 82.25, 173.625, 55.90625, 165.0, 38.59375, 63.0625, 115.625, 84.1875, 29.0, 39.125, 39.40625, 147.25, 33.84375, 72.8125, 97.4375, 134.375, 158.375, 92.3125, 112.4375, 142.75, 42.71875, 72.6875, 122.0, 76.8125, 65.1875, 24.1875, 40.53125, 163.75, 172.625, 98.5, 100.1875, 73.0625, 189.25, 136.125, 173.0, 195.5, 89.4375, 157.375, 17.0, 129.375, 41.34375, 188.75, 173.0, 114.0, 143.0, 118.625, 4.125, 164.375, 51.4375, 114.0, 87.25, 87.0, 136.5, 93.0625, 182.5, 148.375, 59.5, 49.21875, 177.5, 156.0, 54.4375, 141.0, 150.875, 36.875, 137.75, 97.0625, 52.15625, 172.375, 134.0, 81.875], [51.78125, 36.0625, 94.0625, 144.125, 26.078125, 0.0, 80.8125, 49.25, 86.5, 67.8125, 125.9375, 56.5625, 162.75, 70.0625, 143.625, 29.15625, 53.90625, 89.625, 73.0, 43.40625, 58.59375, 62.8125, 123.1875, 58.6875, 95.0, 73.8125, 112.0625, 132.25, 66.5, 109.625, 132.25, 55.90625, 66.25, 105.3125, 54.09375, 87.4375, 26.921875, 54.125, 138.625, 148.5, 75.0625, 91.9375, 52.1875, 163.5, 122.4375, 151.375, 169.5, 66.0, 131.5, 32.1875, 106.125, 65.875, 176.625, 162.875, 106.125, 121.4375, 104.4375, 22.203125, 138.375, 25.625, 90.8125, 69.1875, 81.8125, 116.6875, 78.4375, 171.25, 122.75, 50.4375, 53.59375, 151.625, 140.125, 55.21875, 116.9375, 136.0, 48.09375, 113.4375, 96.625, 42.0625, 147.125, 112.4375, 95.5], [70.0, 91.375, 162.875, 105.8125, 106.0625, 80.8125, 0.0, 79.0625, 50.59375, 20.03125, 123.5, 24.703125, 176.625, 145.375, 116.5, 94.0, 103.5625, 17.71875, 109.0, 110.625, 138.125, 143.5, 81.8125, 139.5, 175.125, 18.4375, 87.8125, 57.71875, 16.5, 154.125, 152.375, 132.0, 85.0625, 111.0625, 64.0, 167.625, 93.1875, 130.75, 83.0, 102.1875, 62.03125, 128.375, 72.0, 97.0625, 134.5, 121.0, 98.625, 60.40625, 66.1875, 112.1875, 77.125, 146.625, 184.75, 179.0, 139.5, 98.3125, 119.875, 102.5625, 61.46875, 59.53125, 23.328125, 48.65625, 128.125, 105.4375, 63.3125, 182.5, 64.5625, 102.1875, 122.5625, 84.125, 139.875, 97.0, 78.0, 140.5, 109.5625, 73.0, 148.375, 74.625, 90.0, 92.3125, 168.25], [91.25, 84.625, 139.625, 171.875, 57.03125, 49.25, 79.0625, 0.0, 54.21875, 78.0, 166.5, 64.0625, 208.75, 112.625, 176.125, 78.375, 102.625, 94.875, 120.5, 41.59375, 96.0, 94.0625, 148.25, 86.6875, 127.3125, 62.96875, 143.875, 136.75, 73.0, 158.75, 178.875, 99.0, 17.0, 147.25, 90.5625, 119.875, 33.0, 96.875, 157.0, 172.375, 106.75, 140.25, 92.4375, 175.375, 167.0, 182.875, 177.625, 98.875, 143.625, 72.6875, 135.5, 94.125, 221.625, 209.375, 154.25, 154.375, 149.0, 56.3125, 140.125, 58.8125, 75.3125, 38.9375, 130.875, 153.875, 38.46875, 216.875, 139.0, 99.3125, 101.1875, 162.5, 182.0, 18.03125, 142.75, 179.0, 36.40625, 138.25, 145.75, 7.80859375, 165.0, 146.0, 138.75], [103.875, 113.125, 180.125, 156.375, 104.6875, 86.5, 50.59375, 54.21875, 0.0, 63.625, 169.625, 55.46875, 220.25, 156.375, 166.625, 111.1875, 129.625, 68.0, 141.625, 95.4375, 143.125, 143.875, 132.375, 137.375, 177.375, 33.40625, 136.75, 100.625, 57.28125, 185.625, 193.375, 142.25, 49.65625, 154.5, 99.75, 169.875, 83.25, 140.375, 132.625, 152.5, 106.0625, 162.25, 105.6875, 142.5, 177.25, 171.375, 141.125, 101.5, 114.0, 117.25, 126.375, 145.0, 230.0, 222.0, 175.125, 147.5, 160.875, 102.625, 101.0, 78.4375, 32.375, 17.46875, 157.625, 152.75, 18.78125, 226.875, 114.375, 127.125, 139.0, 129.75, 186.0, 70.0, 128.375, 185.625, 90.625, 123.4375, 176.125, 55.0625, 139.125, 140.75, 182.0], [50.09375, 73.0, 144.25, 96.1875, 93.8125, 67.8125, 20.03125, 78.0, 63.625, 0.0, 106.375, 14.0390625, 158.375, 128.25, 104.125, 76.6875, 84.1875, 21.9375, 89.0, 103.125, 122.8125, 129.375, 72.125, 126.125, 159.75, 30.609375, 73.4375, 64.6875, 6.40234375, 134.0, 133.375, 115.375, 87.6875, 92.5625, 44.0, 152.5, 84.875, 114.3125, 79.0, 95.125, 43.40625, 108.375, 52.09375, 98.9375, 115.8125, 109.5625, 103.25, 40.8125, 66.6875, 97.5625, 63.25, 133.0, 167.25, 160.5, 119.5, 84.1875, 100.6875, 90.0, 70.625, 43.875, 42.0625, 56.4375, 108.25, 89.1875, 72.1875, 164.625, 61.03125, 83.0, 104.625, 86.375, 122.8125, 95.0625, 67.25, 122.875, 103.5625, 62.40625, 128.5, 72.0625, 87.0, 77.25, 150.25], [75.5625, 94.75, 125.375, 57.25, 143.125, 125.9375, 123.5, 166.5, 169.625, 106.375, 0.0, 114.625, 55.3125, 132.375, 39.8125, 104.75, 83.0625, 110.9375, 63.125, 168.625, 143.25, 156.125, 61.125, 159.0, 170.25, 137.0, 40.4375, 119.3125, 112.625, 77.4375, 41.78125, 128.5, 181.375, 21.21875, 76.0, 165.875, 152.875, 129.375, 84.375, 71.1875, 63.6875, 59.625, 74.6875, 113.625, 23.015625, 47.375, 127.125, 69.4375, 100.0, 132.875, 50.4375, 162.125, 61.28125, 58.6875, 55.8125, 34.125, 29.40625, 139.5, 128.25, 107.9375, 146.875, 159.75, 74.625, 19.421875, 175.375, 59.8125, 87.0625, 86.125, 110.375, 110.625, 16.40625, 178.5, 59.03125, 18.25, 174.0, 62.28125, 87.3125, 158.75, 89.0, 34.53125, 137.75], [50.21875, 67.6875, 139.0, 109.125, 82.25, 56.5625, 24.703125, 64.0625, 55.46875, 14.0390625, 114.625, 0.0, 164.75, 120.75, 115.8125, 69.625, 81.125, 34.0, 89.25, 89.6875, 113.4375, 119.125, 85.1875, 115.25, 150.375, 25.5, 84.375, 77.375, 10.296875, 134.25, 138.25, 107.375, 74.1875, 99.0625, 45.21875, 143.0, 71.5625, 106.0625, 93.0, 108.6875, 50.9375, 109.4375, 52.1875, 112.8125, 121.8125, 121.75, 116.6875, 46.03125, 80.625, 87.625, 74.6875, 122.375, 174.625, 166.5, 121.5625, 95.1875, 105.5625, 78.5625, 82.6875, 34.875, 41.0, 45.46875, 107.25, 98.5, 61.21875, 171.5, 75.0625, 79.375, 98.375, 100.1875, 131.0, 81.0625, 80.0, 130.25, 89.875, 75.3125, 127.0, 58.03125, 101.0, 87.6875, 144.0], [119.0, 127.3125, 127.0625, 105.9375, 173.625, 162.75, 176.625, 208.75, 220.25, 158.375, 55.3125, 164.75, 0.0, 144.875, 86.0, 136.25, 110.8125, 165.25, 90.125, 201.875, 161.375, 174.75, 115.25, 179.875, 178.75, 188.625, 95.6875, 174.25, 164.375, 72.1875, 30.890625, 146.5, 224.875, 65.875, 121.6875, 176.5, 188.875, 148.0, 137.0, 120.1875, 115.0, 73.8125, 117.5, 164.25, 43.0, 90.5, 178.125, 118.75, 154.375, 159.625, 105.75, 180.75, 17.0, 5.0, 60.75, 88.4375, 60.21875, 170.625, 183.125, 150.625, 199.875, 208.625, 88.625, 74.75, 223.625, 9.21875, 141.75, 114.375, 130.0, 163.125, 41.0625, 217.875, 113.875, 37.09375, 208.625, 117.375, 88.6875, 201.0, 140.375, 89.8125, 140.0], [87.0, 56.71875, 29.15625, 173.5, 55.90625, 70.0625, 145.375, 112.625, 156.375, 128.25, 132.375, 120.75, 144.875, 0.0, 164.75, 51.625, 54.71875, 149.5, 70.1875, 81.125, 20.609375, 32.1875, 159.25, 39.625, 38.28125, 142.0, 140.0, 188.125, 129.25, 74.0, 115.875, 14.140625, 128.625, 112.5625, 93.3125, 33.53125, 80.0625, 16.03125, 180.75, 182.75, 112.9375, 75.0, 85.625, 210.25, 117.125, 173.375, 219.375, 105.5, 181.125, 40.0625, 139.25, 37.75, 161.625, 142.875, 85.375, 145.5, 103.25, 56.3125, 195.625, 85.9375, 159.125, 139.0, 59.03125, 133.5, 147.0, 154.125, 169.375, 53.25, 25.609375, 200.375, 140.5, 109.875, 153.125, 133.125, 89.6875, 151.5, 56.90625, 107.1875, 189.0, 137.375, 26.078125], [92.0625, 118.6875, 161.75, 20.03125, 165.0, 143.625, 116.5, 176.125, 166.625, 104.125, 39.8125, 115.8125, 86.0, 164.75, 0.0, 128.5, 111.5625, 100.4375, 94.6875, 187.0, 172.75, 184.75, 36.625, 186.25, 203.125, 133.25, 32.28125, 94.3125, 110.4375, 116.75, 80.625, 158.625, 188.875, 53.84375, 89.5625, 198.0, 169.625, 159.125, 52.9375, 34.25, 69.875, 96.5, 92.0, 78.3125, 62.8125, 8.546875, 92.25, 78.4375, 73.0625, 157.875, 41.15625, 190.375, 85.125, 90.4375, 94.875, 22.203125, 66.375, 161.0, 102.4375, 121.0, 138.75, 160.5, 110.125, 31.390625, 176.25, 87.0625, 62.625, 114.0, 140.75, 78.25, 46.5, 190.625, 38.90625, 53.71875, 190.875, 43.84375, 125.1875, 168.875, 55.03125, 31.140625, 173.625], [39.40625, 10.046875, 70.0625, 132.875, 38.59375, 29.15625, 94.0, 78.375, 111.1875, 76.6875, 104.75, 69.625, 136.25, 51.625, 128.5, 0.0, 25.609375, 97.9375, 46.15625, 65.75, 48.8125, 58.59375, 114.9375, 58.53125, 84.9375, 92.1875, 99.25, 137.25, 77.8125, 80.4375, 105.375, 39.0625, 95.375, 83.5625, 44.78125, 78.125, 53.15625, 38.21875, 134.25, 139.75, 66.1875, 63.78125, 38.625, 162.25, 97.6875, 136.875, 170.375, 57.71875, 131.875, 29.28125, 95.8125, 63.6875, 150.875, 135.875, 77.875, 107.0625, 80.0625, 35.125, 144.625, 35.15625, 109.125, 94.5, 52.8125, 99.0, 105.5625, 144.875, 120.9375, 22.015625, 28.859375, 151.625, 117.4375, 83.5625, 108.625, 112.25, 72.375, 106.125, 67.625, 71.125, 142.75, 98.125, 74.3125], [35.78125, 18.03125, 61.90625, 119.125, 63.0625, 53.90625, 103.5625, 102.625, 129.625, 84.1875, 83.0625, 81.125, 110.8125, 54.71875, 111.5625, 25.609375, 0.0, 103.125, 21.1875, 91.0625, 61.1875, 73.5625, 104.5625, 76.0, 92.5625, 106.0, 85.4375, 137.625, 87.125, 56.875, 79.9375, 47.125, 119.5625, 62.0, 42.5, 86.9375, 78.75, 47.53125, 126.5, 128.0, 59.46875, 38.21875, 34.0, 156.375, 73.375, 120.0625, 166.25, 53.0, 128.375, 50.4375, 84.625, 79.375, 125.6875, 110.375, 52.34375, 91.4375, 56.28125, 59.9375, 145.75, 51.1875, 122.125, 114.0, 28.640625, 80.625, 126.5, 119.5625, 116.0, 3.60546875, 29.546875, 147.125, 94.375, 108.875, 98.5, 88.5, 97.9375, 97.0, 46.53125, 95.125, 134.625, 83.0, 70.3125], [67.75, 93.5625, 164.25, 88.75, 115.625, 89.625, 17.71875, 94.875, 68.0, 21.9375, 110.9375, 34.0, 165.25, 149.5, 100.4375, 97.9375, 103.125, 0.0, 105.0625, 123.5625, 144.625, 151.375, 65.0, 148.125, 181.625, 36.125, 73.25, 43.375, 23.703125, 149.5, 142.875, 136.875, 102.0, 100.6875, 61.125, 174.375, 105.5625, 135.75, 65.25, 84.5625, 53.25, 123.1875, 69.625, 80.5, 124.0625, 104.5, 83.25, 54.15625, 49.0, 119.5, 62.4375, 155.0, 172.125, 168.0, 133.0, 83.4375, 110.8125, 111.8125, 48.8125, 65.75, 38.28125, 66.3125, 125.125, 92.1875, 81.0625, 170.625, 46.84375, 102.3125, 125.375, 67.625, 127.0, 112.625, 61.625, 128.5, 123.375, 56.625, 145.75, 89.8125, 72.375, 78.25, 170.875], [39.21875, 37.1875, 69.4375, 104.625, 84.1875, 73.0, 109.0, 120.5, 141.625, 89.0, 63.125, 89.25, 90.125, 70.1875, 94.6875, 46.15625, 21.1875, 105.0625, 0.0, 111.875, 80.125, 93.0, 93.375, 96.1875, 108.4375, 114.75, 72.0, 134.375, 93.1875, 45.09375, 59.40625, 65.375, 137.125, 42.59375, 45.0, 103.5625, 98.8125, 66.1875, 116.875, 115.0, 54.78125, 20.609375, 37.21875, 147.625, 52.1875, 103.25, 158.625, 51.1875, 122.125, 71.5625, 73.5625, 99.0, 104.6875, 90.0, 34.125, 76.1875, 35.34375, 80.9375, 143.0, 64.875, 129.75, 127.25, 20.609375, 63.3125, 140.875, 98.8125, 109.0, 24.703125, 47.25, 139.625, 73.5625, 128.25, 87.6875, 67.4375, 118.5, 87.1875, 41.125, 112.8125, 124.5, 68.5, 80.1875], [95.1875, 75.125, 110.0625, 187.0, 29.0, 43.40625, 110.625, 41.59375, 95.4375, 103.125, 168.625, 89.6875, 201.875, 81.125, 187.0, 65.75, 91.0625, 123.5625, 111.875, 0.0, 61.6875, 56.21875, 165.375, 48.03125, 88.125, 97.8125, 155.375, 166.875, 99.9375, 141.375, 171.0, 69.375, 53.15625, 147.625, 97.4375, 81.0, 18.4375, 67.125, 179.125, 190.625, 118.0625, 128.75, 95.5, 201.875, 163.25, 194.625, 206.375, 109.0625, 169.5, 45.46875, 149.0, 55.0, 216.625, 201.375, 142.625, 164.75, 145.5, 31.40625, 171.75, 67.0625, 112.625, 79.1875, 115.875, 160.0, 80.0625, 210.625, 162.25, 87.4375, 78.0, 189.375, 182.25, 31.0625, 159.25, 177.5, 8.546875, 155.5, 126.0, 40.59375, 187.5, 155.875, 106.25], [87.8125, 56.8125, 49.65625, 179.375, 39.125, 58.59375, 138.125, 96.0, 143.125, 122.8125, 143.25, 113.4375, 161.375, 20.609375, 172.75, 48.8125, 61.1875, 144.625, 80.125, 61.6875, 0.0, 13.34375, 162.875, 19.421875, 37.0, 132.375, 145.5, 185.25, 122.8125, 92.125, 131.5, 15.1328125, 111.25, 122.5625, 93.5, 29.734375, 63.0, 14.0, 182.875, 187.25, 114.625, 89.125, 86.8125, 211.125, 130.375, 181.125, 219.25, 106.3125, 180.625, 26.40625, 143.25, 19.421875, 177.75, 159.75, 100.875, 152.25, 115.0, 40.59375, 192.375, 79.0, 149.375, 125.625, 73.375, 141.75, 132.125, 170.625, 169.75, 58.6875, 33.0, 200.375, 153.0, 91.4375, 156.5, 146.25, 70.1875, 154.25, 75.125, 91.25, 191.25, 143.625, 44.59375], [98.0, 67.4375, 60.15625, 190.75, 39.40625, 62.8125, 143.5, 94.0625, 143.875, 129.375, 156.125, 119.125, 174.75, 32.1875, 184.75, 58.59375, 73.5625, 151.375, 93.0, 56.21875, 13.34375, 0.0, 173.5, 8.546875, 33.53125, 136.25, 156.875, 193.0, 128.875, 105.1875, 144.75, 28.4375, 108.1875, 135.25, 103.3125, 25.96875, 61.40625, 27.171875, 192.75, 198.125, 124.8125, 102.4375, 97.1875, 220.375, 143.625, 193.125, 228.0, 116.25, 189.375, 31.890625, 154.125, 6.08203125, 191.125, 173.0, 114.25, 164.0, 128.0, 42.0625, 199.625, 85.5625, 153.0, 126.5, 86.6875, 154.0, 131.5, 183.875, 179.0, 70.875, 46.09375, 209.375, 166.125, 87.0625, 167.125, 159.5, 64.5, 164.75, 88.125, 90.25, 201.25, 155.25, 53.0], [75.625, 106.125, 162.75, 24.171875, 147.25, 123.1875, 81.8125, 148.25, 132.375, 72.125, 61.125, 85.1875, 115.25, 159.25, 36.625, 114.9375, 104.5625, 65.0, 93.375, 165.375, 162.875, 173.5, 0.0, 173.375, 196.75, 99.375, 23.265625, 59.4375, 78.1875, 127.25, 101.8125, 150.375, 159.375, 63.15625, 70.875, 190.625, 147.125, 150.25, 24.59375, 25.3125, 49.03125, 102.625, 76.3125, 55.5625, 81.8125, 39.625, 68.0, 57.96875, 39.125, 143.625, 20.0, 178.625, 117.6875, 119.125, 106.0, 27.015625, 76.9375, 143.125, 68.0625, 98.3125, 103.25, 128.0, 112.625, 42.75, 143.625, 118.25, 26.921875, 106.0, 133.75, 50.28125, 74.25, 164.25, 6.32421875, 79.0, 168.0, 10.046875, 131.25, 141.625, 31.40625, 28.796875, 173.125], [97.75, 67.9375, 68.125, 191.375, 33.84375, 58.6875, 139.5, 86.6875, 137.375, 126.125, 159.0, 115.25, 179.875, 39.625, 186.25, 58.53125, 76.0, 148.125, 96.1875, 48.03125, 19.421875, 8.546875, 173.375, 0.0, 40.59375, 131.25, 157.625, 190.25, 125.1875, 111.375, 149.75, 33.625, 100.375, 138.0, 102.6875, 33.25, 54.40625, 31.953125, 191.875, 198.25, 124.4375, 106.9375, 97.0625, 218.875, 147.5, 194.625, 226.125, 115.6875, 187.625, 29.96875, 154.375, 7.6171875, 196.125, 178.375, 119.25, 165.125, 131.5, 37.0, 196.625, 82.625, 147.875, 120.125, 91.5, 155.875, 124.4375, 189.125, 177.625, 73.0625, 50.21875, 207.625, 169.625, 79.0, 167.0, 163.25, 56.21875, 164.375, 94.4375, 83.25, 200.5, 156.25, 61.40625], [123.0, 92.0, 52.40625, 211.625, 72.8125, 95.0, 175.125, 127.3125, 177.375, 159.75, 170.25, 150.375, 178.75, 38.28125, 203.125, 84.9375, 92.5625, 181.625, 108.4375, 88.125, 37.0, 33.53125, 196.75, 40.59375, 0.0, 168.875, 178.0, 222.0, 159.75, 106.5625, 151.0, 46.625, 140.875, 150.625, 129.0, 7.6171875, 94.8125, 47.0, 217.75, 220.5, 149.5, 112.0, 121.8125, 246.625, 154.125, 211.625, 255.25, 141.625, 216.625, 62.96875, 176.875, 33.25, 195.625, 176.125, 121.125, 183.75, 141.0, 75.25, 229.125, 116.0625, 185.75, 160.0, 96.1875, 171.75, 164.875, 187.875, 205.375, 90.8125, 63.0625, 236.25, 177.75, 119.1875, 190.5, 170.125, 96.0, 188.625, 90.125, 123.6875, 226.0, 175.5, 40.15625], [75.6875, 91.5625, 162.25, 123.5, 97.4375, 73.8125, 18.4375, 62.96875, 33.40625, 30.609375, 137.0, 25.5, 188.625, 142.0, 133.25, 92.1875, 106.0, 36.125, 114.75, 97.8125, 132.375, 136.25, 99.375, 131.25, 168.875, 0.0, 103.375, 74.6875, 24.40625, 159.625, 162.875, 128.125, 67.375, 122.8125, 70.625, 161.25, 81.375, 126.625, 101.375, 120.3125, 73.8125, 134.875, 77.6875, 115.0, 145.875, 138.125, 115.875, 70.1875, 84.5, 106.0, 92.9375, 138.75, 197.75, 190.625, 147.0, 114.125, 130.25, 94.3125, 77.375, 57.0625, 17.09375, 30.265625, 132.5, 119.75, 44.9375, 195.0, 83.0, 104.0625, 121.0625, 102.0, 153.375, 81.0, 95.1875, 153.375, 95.6875, 90.1875, 152.125, 59.46875, 108.4375, 107.5, 166.25], [61.21875, 89.75, 141.375, 33.84375, 134.375, 112.0625, 87.8125, 143.875, 136.75, 73.4375, 40.4375, 84.375, 95.6875, 140.0, 32.28125, 99.25, 85.4375, 73.25, 72.0, 155.375, 145.5, 156.875, 23.265625, 157.625, 178.0, 103.375, 0.0, 79.0625, 79.8125, 104.125, 79.5, 132.25, 156.75, 39.9375, 58.0, 172.25, 137.75, 132.375, 47.84375, 43.0, 37.65625, 79.8125, 61.40625, 78.75, 59.40625, 39.46875, 91.3125, 46.375, 60.40625, 128.5, 10.8203125, 162.375, 100.3125, 99.125, 82.75, 10.8203125, 53.71875, 130.25, 88.0, 88.9375, 110.75, 129.5, 90.5, 21.09375, 145.375, 99.75, 47.09375, 87.3125, 114.9375, 73.375, 55.375, 158.375, 19.421875, 58.6875, 159.0, 22.0, 108.5625, 136.625, 54.375, 6.0, 152.25], [102.0625, 131.375, 199.5, 76.5, 158.375, 132.25, 57.71875, 136.75, 100.625, 64.6875, 119.3125, 77.375, 174.25, 188.125, 94.3125, 137.25, 137.625, 43.375, 134.375, 166.875, 185.25, 193.0, 59.4375, 190.25, 222.0, 74.6875, 79.0625, 0.0, 67.0625, 175.625, 158.125, 176.25, 142.0, 116.625, 95.4375, 215.0, 148.875, 175.5, 43.28125, 66.0, 79.625, 149.25, 103.75, 42.1875, 138.0, 94.8125, 41.1875, 84.75, 21.46875, 161.125, 70.0625, 197.0, 177.125, 177.875, 156.25, 85.8125, 129.375, 154.5, 9.0546875, 107.625, 68.25, 104.1875, 155.0, 100.125, 117.0625, 177.5, 32.5625, 137.625, 163.0, 29.734375, 133.375, 154.75, 60.40625, 137.5, 166.625, 57.09375, 175.25, 132.25, 45.96875, 85.0625, 207.5], [54.03125, 74.9375, 146.375, 102.3125, 92.3125, 66.5, 16.5, 73.0, 57.28125, 6.40234375, 112.625, 10.296875, 164.375, 129.25, 110.4375, 77.8125, 87.125, 23.703125, 93.1875, 99.9375, 122.8125, 128.875, 78.1875, 125.1875, 159.75, 24.40625, 79.8125, 67.0625, 0.0, 138.25, 138.875, 116.125, 82.0625, 98.5, 48.25, 152.375, 81.875, 114.9375, 84.1875, 100.875, 49.40625, 112.875, 56.03125, 102.9375, 121.625, 115.875, 106.5625, 46.25, 70.875, 97.1875, 69.625, 132.25, 173.375, 166.375, 124.3125, 90.625, 106.25, 88.625, 72.375, 43.84375, 36.875, 50.125, 112.0, 95.5, 65.875, 170.625, 66.0, 85.6875, 106.25, 90.25, 129.0, 90.375, 73.4375, 129.0, 99.9375, 68.5625, 132.125, 67.375, 92.0625, 83.625, 151.875], [84.3125, 74.6875, 55.0, 131.875, 112.4375, 109.625, 154.125, 158.75, 185.625, 134.0, 77.4375, 134.25, 72.1875, 74.0, 116.75, 80.4375, 56.875, 149.5, 45.09375, 141.375, 92.125, 105.1875, 127.25, 111.375, 106.5625, 159.625, 104.125, 175.625, 138.25, 0.0, 46.09375, 77.875, 175.75, 65.0, 90.0625, 104.5625, 132.25, 79.75, 151.875, 144.625, 97.5, 26.46875, 82.3125, 182.875, 55.75, 124.625, 195.0, 95.3125, 161.0, 96.3125, 109.125, 111.0625, 89.125, 69.5625, 21.9375, 104.1875, 51.21875, 110.375, 184.5, 107.5, 174.875, 170.5, 28.234375, 88.0625, 183.25, 81.3125, 147.5, 59.9375, 64.0, 176.625, 78.6875, 163.375, 122.5625, 70.1875, 149.25, 123.4375, 17.09375, 151.5, 158.5, 99.0, 68.0], [90.4375, 96.625, 100.625, 98.875, 142.75, 132.25, 152.375, 178.875, 193.375, 133.375, 41.78125, 138.25, 30.890625, 115.875, 80.625, 105.375, 79.9375, 142.875, 59.40625, 171.0, 131.5, 144.75, 101.8125, 149.75, 151.0, 162.875, 79.5, 158.125, 138.875, 46.09375, 0.0, 116.4375, 195.25, 42.4375, 93.8125, 148.25, 158.25, 117.875, 125.625, 112.9375, 90.4375, 43.09375, 88.8125, 155.25, 20.09375, 87.375, 168.625, 92.6875, 139.875, 128.875, 88.0625, 150.875, 46.5, 30.609375, 30.59375, 75.1875, 32.6875, 139.75, 167.125, 121.25, 175.375, 180.875, 58.25, 59.03125, 195.5, 39.8125, 126.5625, 83.5, 99.625, 151.875, 36.0625, 187.5, 98.875, 27.65625, 177.75, 101.375, 61.125, 171.125, 130.625, 73.5625, 113.625], [76.375, 45.46875, 41.125, 166.0, 42.71875, 55.90625, 132.0, 99.0, 142.25, 115.375, 128.5, 107.375, 146.5, 14.140625, 158.625, 39.0625, 47.125, 136.875, 65.375, 69.375, 15.1328125, 28.4375, 150.375, 33.625, 46.625, 128.125, 132.25, 176.25, 116.125, 77.875, 116.4375, 0.0, 115.125, 107.9375, 82.4375, 40.3125, 66.6875, 2.236328125, 171.125, 174.375, 102.875, 74.0, 75.1875, 200.0, 115.25, 167.125, 208.75, 95.0, 170.125, 26.3125, 130.625, 34.53125, 162.75, 144.875, 85.875, 138.5, 100.0, 42.75, 183.625, 72.5, 145.25, 124.875, 58.25, 127.5625, 133.0, 155.625, 158.875, 44.9375, 18.109375, 189.75, 138.0, 97.0625, 144.125, 131.125, 77.8125, 142.125, 61.0625, 93.3125, 179.5, 130.0, 40.0], [106.6875, 101.5, 156.0, 183.25, 72.6875, 66.25, 85.0625, 17.0, 49.65625, 87.6875, 181.375, 74.1875, 224.875, 128.625, 188.875, 95.375, 119.5625, 102.0, 137.125, 53.15625, 111.25, 108.1875, 159.375, 100.375, 140.875, 67.375, 156.75, 142.0, 82.0625, 175.75, 195.25, 115.125, 0.0, 162.625, 105.4375, 133.625, 48.5, 113.0, 166.125, 182.75, 120.3125, 157.0, 107.9375, 182.125, 182.75, 195.25, 183.25, 112.875, 151.0, 88.8125, 147.875, 107.6875, 237.5, 225.625, 171.0, 167.375, 165.0, 72.375, 144.375, 74.4375, 76.5625, 38.59375, 147.875, 168.0, 31.234375, 232.875, 147.75, 116.1875, 118.0, 169.125, 197.0, 22.84375, 154.125, 194.5, 46.1875, 149.5, 162.75, 24.40625, 173.75, 159.25, 154.625], [56.03125, 73.5625, 107.9375, 67.1875, 122.0, 105.3125, 111.0625, 147.25, 154.5, 92.5625, 21.21875, 99.0625, 65.875, 112.5625, 53.84375, 83.5625, 62.0, 100.6875, 42.59375, 147.625, 122.5625, 135.25, 63.15625, 138.0, 150.625, 122.8125, 39.9375, 116.625, 98.5, 65.0, 42.4375, 107.9375, 162.625, 0.0, 57.375, 146.0, 132.25, 108.6875, 87.75, 79.625, 49.1875, 42.8125, 54.90625, 118.5, 23.40625, 62.25, 131.125, 53.0, 99.4375, 111.625, 46.875, 141.25, 75.8125, 68.0, 43.28125, 39.21875, 13.890625, 118.375, 125.6875, 88.5, 134.25, 143.375, 56.34375, 23.34375, 158.75, 72.4375, 85.9375, 65.0, 89.8125, 113.3125, 34.875, 158.5, 59.125, 31.890625, 153.25, 60.875, 71.6875, 139.5, 93.9375, 34.4375, 119.875], [6.70703125, 37.0, 104.3125, 90.5625, 76.8125, 54.09375, 64.0, 90.5625, 99.75, 44.0, 76.0, 45.21875, 121.6875, 93.3125, 89.5625, 44.78125, 42.5, 61.125, 45.0, 97.4375, 93.5, 103.3125, 70.875, 102.6875, 129.0, 70.625, 58.0, 95.4375, 48.25, 90.0625, 93.8125, 82.4375, 105.4375, 57.375, 0.0, 122.4375, 80.0625, 82.0, 89.5, 96.0625, 21.84375, 64.625, 8.546875, 117.625, 78.75, 97.25, 126.25, 13.0, 87.8125, 72.8125, 52.625, 108.25, 133.0, 123.0, 76.375, 67.375, 61.625, 72.6875, 103.4375, 32.3125, 85.0, 87.0625, 64.375, 63.90625, 102.0, 129.0, 76.375, 42.1875, 67.9375, 107.3125, 91.625, 103.0625, 64.5625, 89.25, 101.4375, 61.6875, 84.875, 82.875, 97.9375, 58.40625, 112.0625], [116.5, 85.4375, 51.625, 206.0, 65.1875, 87.4375, 167.625, 119.875, 169.875, 152.5, 165.875, 143.0, 176.5, 33.53125, 198.0, 78.125, 86.9375, 174.375, 103.5625, 81.0, 29.734375, 25.96875, 190.625, 33.25, 7.6171875, 161.25, 172.25, 215.0, 152.375, 104.5625, 148.25, 40.3125, 133.625, 146.0, 122.4375, 0.0, 87.3125, 40.5, 211.375, 214.625, 143.125, 108.3125, 115.375, 240.0, 150.5, 206.5, 248.5, 135.125, 209.875, 55.46875, 170.875, 26.015625, 193.375, 174.125, 118.0, 178.25, 136.75, 67.625, 222.0, 108.6875, 178.125, 152.375, 92.375, 166.625, 157.375, 185.75, 198.75, 85.0, 57.375, 229.625, 173.875, 112.0625, 184.5, 166.5, 89.0, 182.5, 87.8125, 116.1875, 219.75, 169.875, 40.3125], [78.3125, 61.625, 107.6875, 169.0, 24.1875, 26.921875, 93.1875, 33.0, 83.25, 84.875, 152.875, 71.5625, 188.875, 80.0625, 169.625, 53.15625, 78.75, 105.5625, 98.8125, 18.4375, 63.0, 61.40625, 147.125, 54.40625, 94.8125, 81.375, 137.75, 148.875, 81.875, 132.25, 158.25, 66.6875, 48.5, 132.25, 80.0625, 87.3125, 0.0, 64.5625, 160.625, 172.375, 100.25, 116.9375, 78.875, 183.5, 149.125, 177.125, 188.125, 91.375, 151.125, 40.53125, 131.125, 61.96875, 203.125, 188.75, 131.0, 147.375, 131.125, 24.046875, 154.0, 49.0, 96.9375, 66.1875, 105.4375, 143.375, 70.0625, 197.5, 143.875, 75.1875, 71.125, 171.125, 167.0, 31.390625, 141.125, 162.75, 21.375, 137.25, 117.875, 28.859375, 169.0, 138.5, 106.0625], [76.0, 45.0, 43.3125, 166.25, 40.53125, 54.125, 130.75, 96.875, 140.375, 114.3125, 129.375, 106.0625, 148.0, 16.03125, 159.125, 38.21875, 47.53125, 135.75, 66.1875, 67.125, 14.0, 27.171875, 150.25, 31.953125, 47.0, 126.625, 132.375, 175.5, 114.9375, 79.75, 117.875, 2.236328125, 113.0, 108.6875, 82.0, 40.5, 64.5625, 0.0, 170.875, 174.5, 102.625, 75.3125, 74.875, 199.625, 116.4375, 167.625, 208.25, 94.625, 169.625, 24.1875, 130.625, 33.25, 164.25, 146.5, 87.375, 138.875, 101.0, 40.59375, 182.75, 71.1875, 143.75, 123.0625, 59.65625, 128.125, 131.0, 157.25, 158.375, 45.21875, 19.0, 189.25, 139.0, 94.875, 144.0, 132.25, 75.5625, 142.0, 62.96875, 91.25, 179.25, 130.25, 42.0], [95.0, 126.0625, 186.0, 33.84375, 163.75, 138.625, 83.0, 157.0, 132.625, 79.0, 84.375, 93.0, 137.0, 180.75, 52.9375, 134.25, 126.5, 65.25, 116.875, 179.125, 182.875, 192.75, 24.59375, 191.875, 217.75, 101.375, 47.84375, 43.28125, 84.1875, 151.875, 125.625, 171.125, 166.125, 87.75, 89.5, 211.375, 160.625, 170.875, 0.0, 22.796875, 68.25, 127.0, 96.0625, 31.0625, 105.75, 52.1875, 43.46875, 76.5625, 22.015625, 162.0, 43.40625, 197.625, 137.75, 141.125, 130.625, 50.4375, 101.5625, 159.75, 50.53125, 113.0625, 101.125, 131.5, 136.5, 66.75, 146.25, 139.125, 18.4375, 127.625, 155.25, 26.3125, 96.125, 174.0, 29.40625, 101.6875, 180.75, 29.703125, 155.375, 151.0, 8.546875, 53.3125, 196.0], [100.5625, 130.75, 184.25, 14.3203125, 172.625, 148.5, 102.1875, 172.375, 152.5, 95.125, 71.1875, 108.6875, 120.1875, 182.75, 34.25, 139.75, 128.0, 84.5625, 115.0, 190.625, 187.25, 198.125, 25.3125, 198.25, 220.5, 120.3125, 43.0, 66.0, 100.875, 144.625, 112.9375, 174.375, 182.75, 79.625, 96.0625, 214.625, 172.375, 174.5, 22.796875, 0.0, 74.1875, 121.625, 101.1875, 44.09375, 93.9375, 31.25, 58.0625, 83.1875, 44.8125, 168.625, 44.0, 203.375, 119.0, 124.625, 122.8125, 40.46875, 93.4375, 168.5, 73.0625, 123.5625, 121.8125, 149.875, 133.25, 56.625, 165.125, 121.25, 38.84375, 129.75, 157.5, 45.125, 80.25, 188.625, 31.578125, 87.0, 193.125, 35.125, 150.625, 165.875, 21.84375, 46.75, 195.25], [26.828125, 57.8125, 120.8125, 69.125, 98.5, 75.0625, 62.03125, 106.75, 106.0625, 43.40625, 63.6875, 50.9375, 115.0, 112.9375, 69.875, 66.1875, 59.46875, 53.25, 54.78125, 118.0625, 114.625, 124.8125, 49.03125, 124.4375, 149.5, 73.8125, 37.65625, 79.625, 49.40625, 97.5, 90.4375, 102.875, 120.3125, 49.1875, 21.84375, 143.125, 100.25, 102.625, 68.25, 74.1875, 0.0, 71.0, 27.78125, 97.3125, 72.5, 77.125, 106.75, 9.0546875, 68.875, 94.5625, 31.0625, 129.875, 124.0625, 117.1875, 80.0, 47.8125, 57.96875, 94.375, 88.25, 51.34375, 85.0625, 96.1875, 75.375, 48.0, 111.875, 121.25, 56.5625, 60.09375, 87.3125, 87.6875, 80.0625, 120.875, 42.71875, 79.625, 121.5, 39.9375, 95.875, 99.375, 76.6875, 39.21875, 129.75], [59.21875, 55.90625, 65.8125, 109.6875, 100.1875, 91.9375, 128.375, 140.25, 162.25, 108.375, 59.625, 109.4375, 73.8125, 75.0, 96.5, 63.78125, 38.21875, 123.1875, 20.609375, 128.75, 89.125, 102.4375, 102.625, 106.9375, 112.0, 134.875, 79.8125, 149.25, 112.875, 26.46875, 43.09375, 74.0, 157.0, 42.8125, 64.625, 108.3125, 116.9375, 75.3125, 127.0, 121.625, 71.0, 0.0, 57.28125, 158.125, 42.1875, 104.875, 170.0, 69.0625, 135.125, 85.875, 83.875, 108.5, 89.5625, 72.9375, 14.140625, 81.3125, 30.40625, 97.375, 158.125, 85.4375, 149.625, 147.875, 16.0, 66.0625, 161.5, 82.875, 121.6875, 41.78125, 56.75, 151.375, 65.75, 147.125, 97.625, 58.21875, 135.75, 98.125, 29.0, 132.625, 134.0, 75.1875, 78.1875], [2.0, 30.015625, 95.875, 94.75, 73.0625, 52.1875, 72.0, 92.4375, 105.6875, 52.09375, 74.6875, 52.1875, 117.5, 85.625, 92.0, 38.625, 34.0, 69.625, 37.21875, 95.5, 86.8125, 97.1875, 76.3125, 97.0625, 121.8125, 77.6875, 61.40625, 103.75, 56.03125, 82.3125, 88.8125, 75.1875, 107.9375, 54.90625, 8.546875, 115.375, 78.875, 74.875, 96.0625, 101.1875, 27.78125, 57.28125, 0.0, 124.8125, 74.9375, 100.0, 133.75, 19.84375, 95.4375, 67.4375, 57.28125, 102.3125, 129.5, 118.5625, 69.5625, 70.0, 57.3125, 69.0, 111.8125, 33.59375, 92.5625, 92.3125, 56.15625, 64.5625, 106.75, 125.1875, 83.75, 33.84375, 60.09375, 114.75, 89.6875, 103.75, 70.0, 86.625, 100.1875, 67.5625, 76.5, 84.625, 104.4375, 61.0, 103.8125], [123.625, 154.625, 216.5, 58.3125, 189.25, 163.5, 97.0625, 175.375, 142.5, 98.9375, 113.625, 112.8125, 164.25, 210.25, 78.3125, 162.25, 156.375, 80.5, 147.625, 201.875, 211.125, 220.375, 55.5625, 218.875, 246.625, 115.0, 78.75, 42.1875, 102.9375, 182.875, 155.25, 200.0, 182.125, 118.5, 117.625, 240.0, 183.5, 199.625, 31.0625, 44.09375, 97.3125, 158.125, 124.8125, 0.0, 135.625, 75.0, 14.0, 105.0, 32.28125, 189.0, 74.375, 225.0, 163.0, 168.625, 161.5, 80.4375, 132.375, 185.25, 44.28125, 137.875, 110.1875, 145.0, 167.375, 96.9375, 158.5, 165.375, 41.34375, 157.25, 184.625, 13.0, 123.9375, 193.0, 60.46875, 130.25, 202.5, 60.4375, 186.5, 170.125, 24.703125, 84.0625, 226.25], [76.375, 88.125, 106.625, 80.125, 136.125, 122.4375, 134.5, 167.0, 177.25, 115.8125, 23.015625, 121.8125, 43.0, 117.125, 62.8125, 97.6875, 73.375, 124.0625, 52.1875, 163.25, 130.375, 143.625, 81.8125, 147.5, 154.125, 145.875, 59.40625, 138.0, 121.625, 55.75, 20.09375, 115.25, 182.75, 23.40625, 78.75, 150.5, 149.125, 116.4375, 105.75, 93.9375, 72.5, 42.1875, 74.9375, 135.625, 0.0, 70.1875, 149.0, 75.8125, 119.8125, 123.75, 68.0, 149.625, 54.65625, 44.78125, 34.9375, 55.375, 18.03125, 132.75, 147.125, 108.375, 157.625, 165.625, 58.125, 39.0625, 180.75, 50.25, 106.5, 76.875, 97.5, 132.0, 23.765625, 177.0, 78.75, 16.03125, 169.5, 81.3125, 67.4375, 159.125, 111.0, 53.46875, 119.375], [100.0, 127.0, 170.125, 18.390625, 173.0, 151.375, 121.0, 182.875, 171.375, 109.5625, 47.375, 121.75, 90.5, 173.375, 8.546875, 136.875, 120.0625, 104.5, 103.25, 194.625, 181.125, 193.125, 39.625, 194.625, 211.625, 138.125, 39.46875, 94.8125, 115.875, 124.625, 87.375, 167.125, 195.25, 62.25, 97.25, 206.5, 177.125, 167.625, 52.1875, 31.25, 77.125, 104.875, 100.0, 75.0, 70.1875, 0.0, 89.0, 85.8125, 73.375, 166.125, 47.4375, 198.875, 88.0625, 95.0625, 102.8125, 30.0, 74.625, 169.0, 102.5625, 128.375, 142.75, 166.0, 118.625, 39.9375, 181.75, 90.8125, 64.0625, 122.5, 149.375, 76.3125, 52.3125, 197.625, 43.0, 60.03125, 198.5, 48.0, 133.5, 175.625, 52.9375, 39.0, 182.0], [132.5, 163.25, 227.0, 72.25, 195.5, 169.5, 98.625, 177.625, 141.125, 103.25, 127.125, 116.6875, 178.125, 219.375, 92.25, 170.375, 166.25, 83.25, 158.625, 206.375, 219.25, 228.0, 68.0, 226.125, 255.25, 115.875, 91.3125, 41.1875, 106.5625, 195.0, 168.625, 208.75, 183.25, 131.125, 126.25, 248.5, 188.125, 208.25, 43.46875, 58.0625, 106.75, 170.0, 133.75, 14.0, 149.0, 89.0, 0.0, 113.9375, 38.59375, 196.375, 86.0625, 232.375, 177.0, 182.5, 174.0, 93.625, 145.0, 191.5, 40.3125, 144.125, 109.0, 145.375, 178.625, 110.0625, 158.0, 179.375, 50.21875, 166.875, 193.875, 19.109375, 137.75, 195.625, 72.5, 144.0, 206.5, 71.875, 198.0, 172.875, 38.09375, 96.75, 236.375], [18.59375, 49.65625, 114.8125, 78.1875, 89.4375, 66.0, 60.40625, 98.875, 101.5, 40.8125, 69.4375, 46.03125, 118.75, 105.5, 78.4375, 57.71875, 53.0, 54.15625, 51.1875, 109.0625, 106.3125, 116.25, 57.96875, 115.6875, 141.625, 70.1875, 46.375, 84.75, 46.25, 95.3125, 92.6875, 95.0, 112.875, 53.0, 13.0, 135.125, 91.375, 94.625, 76.5625, 83.1875, 9.0546875, 69.0625, 19.84375, 105.0, 75.8125, 85.8125, 113.9375, 0.0, 75.6875, 85.8125, 40.125, 121.25, 128.75, 120.5625, 79.3125, 56.28125, 60.0, 85.3125, 93.0625, 42.59375, 82.875, 90.625, 71.5625, 55.0625, 106.0625, 125.4375, 63.875, 53.25, 79.9375, 94.9375, 85.5625, 112.5625, 51.65625, 84.375, 112.625, 48.71875, 92.1875, 91.375, 85.0, 47.53125, 123.25], [94.0625, 124.75, 189.625, 55.0, 157.375, 131.5, 66.1875, 143.625, 114.0, 66.6875, 100.0, 80.625, 154.375, 181.125, 73.0625, 131.875, 128.375, 49.0, 122.125, 169.5, 180.625, 189.375, 39.125, 187.625, 216.625, 84.5, 60.40625, 21.46875, 70.875, 161.0, 139.875, 170.125, 151.0, 99.4375, 87.8125, 209.875, 151.125, 169.625, 22.015625, 44.8125, 68.875, 135.125, 95.4375, 32.28125, 119.8125, 73.375, 38.59375, 75.6875, 0.0, 157.875, 52.625, 193.875, 156.5, 158.25, 140.75, 66.0, 112.8125, 153.375, 29.40625, 106.0, 81.9375, 114.75, 142.5, 81.125, 128.875, 157.25, 13.6015625, 128.875, 155.625, 20.125, 113.375, 161.125, 41.125, 118.0, 170.25, 38.625, 162.375, 138.125, 26.078125, 66.375, 198.625], [68.0, 39.125, 67.1875, 162.0, 17.0, 32.1875, 112.1875, 72.6875, 117.25, 97.5625, 132.875, 87.625, 159.625, 40.0625, 157.875, 29.28125, 50.4375, 119.5, 71.5625, 45.46875, 26.40625, 31.890625, 143.625, 29.96875, 62.96875, 106.0, 128.5, 161.125, 97.1875, 96.3125, 128.875, 26.3125, 88.8125, 111.625, 72.8125, 55.46875, 40.53125, 24.1875, 162.0, 168.625, 94.5625, 85.875, 67.4375, 189.0, 123.75, 166.125, 196.375, 85.8125, 157.875, 0.0, 124.75, 36.0625, 175.125, 158.75, 99.375, 136.375, 106.75, 16.5, 167.75, 53.75, 123.0, 99.8125, 71.875, 128.0, 107.1875, 168.625, 147.75, 47.0625, 32.5625, 177.875, 144.75, 71.3125, 137.25, 139.0, 53.59375, 134.5, 80.625, 67.125, 170.5, 127.4375, 66.125], [56.75, 86.75, 142.875, 38.0625, 129.375, 106.125, 77.125, 135.5, 126.375, 63.25, 50.4375, 74.6875, 105.75, 139.25, 41.15625, 95.8125, 84.625, 62.4375, 73.5625, 149.0, 143.25, 154.125, 20.0, 154.375, 176.875, 92.9375, 10.8203125, 70.0625, 69.625, 109.125, 88.0625, 130.625, 147.875, 46.875, 52.625, 170.875, 131.125, 130.625, 43.40625, 44.0, 31.0625, 83.875, 57.28125, 74.375, 68.0, 47.4375, 86.0625, 40.125, 52.625, 124.75, 0.0, 159.375, 110.875, 109.0625, 88.375, 21.21875, 60.15625, 125.3125, 79.125, 82.125, 100.0, 119.5625, 93.0625, 31.046875, 135.375, 110.0625, 39.0625, 86.0625, 113.875, 67.5625, 65.8125, 150.5, 14.140625, 68.6875, 152.25, 14.3203125, 112.0625, 128.375, 50.9375, 16.15625, 153.125], [103.0625, 72.75, 65.0625, 196.125, 41.34375, 65.875, 146.625, 94.125, 145.0, 133.0, 162.125, 122.375, 180.75, 37.75, 190.375, 63.6875, 79.375, 155.0, 99.0, 55.0, 19.421875, 6.08203125, 178.625, 7.6171875, 33.25, 138.75, 162.375, 197.0, 132.25, 111.0625, 150.875, 34.53125, 107.6875, 141.25, 108.25, 26.015625, 61.96875, 33.25, 197.625, 203.375, 129.875, 108.5, 102.3125, 225.0, 149.625, 198.875, 232.375, 121.25, 193.875, 36.0625, 159.375, 0.0, 197.125, 179.0, 120.3125, 169.5, 134.0, 44.40625, 203.5, 89.375, 155.375, 127.75, 92.75, 159.75, 132.0, 190.0, 183.75, 76.625, 52.15625, 213.875, 172.125, 86.0625, 172.375, 165.5, 63.03125, 169.75, 94.0, 90.8125, 206.125, 160.75, 57.1875], [130.875, 141.625, 144.0, 105.0625, 188.75, 176.625, 184.75, 221.625, 230.0, 167.25, 61.28125, 174.625, 17.0, 161.625, 85.125, 150.875, 125.6875, 172.125, 104.6875, 216.625, 177.75, 191.125, 117.6875, 196.125, 195.625, 197.75, 100.3125, 177.125, 173.375, 89.125, 46.5, 162.75, 237.5, 75.8125, 133.0, 193.375, 203.125, 164.25, 137.75, 119.0, 124.0625, 89.5625, 129.5, 163.0, 54.65625, 88.0625, 177.0, 128.75, 156.5, 175.125, 110.875, 197.125, 0.0, 20.390625, 76.9375, 91.75, 72.625, 185.625, 185.75, 163.0, 208.0, 219.25, 104.6875, 80.125, 234.5, 8.25, 144.625, 129.25, 146.125, 163.25, 45.1875, 231.5, 117.1875, 44.40625, 223.125, 121.1875, 105.5625, 213.875, 140.125, 94.6875, 157.0], [120.125, 127.1875, 124.25, 110.3125, 173.0, 162.875, 179.0, 209.375, 222.0, 160.5, 58.6875, 166.5, 5.0, 142.875, 90.4375, 135.875, 110.375, 168.0, 90.0, 201.375, 159.75, 173.0, 119.125, 178.375, 176.125, 190.625, 99.125, 177.875, 166.375, 69.5625, 30.609375, 144.875, 225.625, 68.0, 123.0, 174.125, 188.75, 146.5, 141.125, 124.625, 117.1875, 72.9375, 118.5625, 168.625, 44.78125, 95.0625, 182.5, 120.5625, 158.25, 158.75, 109.0625, 179.0, 20.390625, 0.0, 59.5, 92.1875, 61.40625, 170.125, 186.75, 151.375, 202.25, 210.0, 87.3125, 78.0625, 225.0, 12.1640625, 145.5, 114.0, 128.75, 167.25, 45.0, 218.0, 117.5, 40.4375, 208.25, 120.9375, 86.3125, 201.5, 144.625, 93.1875, 137.125], [71.5, 70.0625, 72.0625, 110.0, 114.0, 106.125, 139.5, 154.25, 175.125, 119.5, 55.8125, 121.5625, 60.75, 85.375, 94.875, 77.875, 52.34375, 133.0, 34.125, 142.625, 100.875, 114.25, 106.0, 119.25, 121.125, 147.0, 82.75, 156.25, 124.3125, 21.9375, 30.59375, 85.875, 171.0, 43.28125, 76.375, 118.0, 131.0, 87.375, 130.625, 122.8125, 80.0, 14.140625, 69.5625, 161.5, 34.9375, 102.8125, 174.0, 79.3125, 140.75, 99.375, 88.375, 120.3125, 76.9375, 59.5, 0.0, 82.4375, 29.40625, 111.25, 165.25, 99.0, 161.25, 161.0, 27.859375, 66.25, 174.875, 69.875, 127.125, 55.90625, 69.3125, 155.75, 58.53125, 161.25, 101.5625, 50.28125, 149.75, 102.6875, 32.5625, 146.625, 137.0, 77.5, 84.9375], [70.0, 97.3125, 144.875, 28.59375, 143.0, 121.4375, 98.3125, 154.375, 147.5, 84.1875, 34.125, 95.1875, 88.4375, 145.5, 22.203125, 107.0625, 91.4375, 83.4375, 76.1875, 164.75, 152.25, 164.0, 27.015625, 165.125, 183.75, 114.125, 10.8203125, 85.8125, 90.625, 104.1875, 75.1875, 138.5, 167.375, 39.21875, 67.375, 178.25, 147.375, 138.875, 50.4375, 40.46875, 47.8125, 81.3125, 70.0, 80.4375, 55.375, 30.0, 93.625, 56.28125, 66.0, 136.375, 21.21875, 169.5, 91.75, 92.1875, 82.4375, 0.0, 53.0, 139.0, 94.625, 98.8125, 121.1875, 140.375, 93.4375, 16.546875, 156.125, 91.8125, 53.34375, 93.625, 120.875, 76.6875, 47.53125, 168.625, 25.5, 52.0, 168.75, 29.40625, 110.3125, 147.0, 55.71875, 9.0, 156.125], [58.78125, 70.375, 96.1875, 80.75, 118.625, 104.4375, 119.875, 149.0, 160.875, 100.6875, 29.40625, 105.5625, 60.21875, 103.25, 66.375, 80.0625, 56.28125, 110.8125, 35.34375, 145.5, 115.0, 128.0, 76.9375, 131.5, 141.0, 130.25, 53.71875, 129.375, 106.25, 51.21875, 32.6875, 100.0, 165.0, 13.890625, 61.625, 136.75, 131.125, 101.0, 101.5625, 93.4375, 57.96875, 30.40625, 57.3125, 132.375, 18.03125, 74.625, 145.0, 60.0, 112.8125, 106.75, 60.15625, 134.0, 72.625, 61.40625, 29.40625, 53.0, 0.0, 115.1875, 138.5, 90.5625, 142.625, 148.75, 45.21875, 36.875, 163.625, 67.875, 99.1875, 59.65625, 82.0, 127.0, 38.21875, 158.875, 72.8125, 32.28125, 151.625, 74.3125, 58.8125, 141.25, 107.8125, 48.3125, 108.4375], [69.125, 44.9375, 83.6875, 163.25, 4.125, 22.203125, 102.5625, 56.3125, 102.625, 90.0, 139.5, 78.5625, 170.625, 56.3125, 161.0, 35.125, 59.9375, 111.8125, 80.9375, 31.40625, 40.59375, 42.0625, 143.125, 37.0, 75.25, 94.3125, 130.25, 154.5, 88.625, 110.375, 139.75, 42.75, 72.375, 118.375, 72.6875, 67.625, 24.046875, 40.59375, 159.75, 168.5, 94.375, 97.375, 69.0, 185.25, 132.75, 169.0, 191.5, 85.3125, 153.375, 16.5, 125.3125, 44.40625, 185.625, 170.125, 111.25, 139.0, 115.1875, 0.0, 160.625, 47.40625, 111.0, 85.1875, 84.5, 132.5, 91.5625, 179.5, 144.25, 56.34375,