{"name": "LZB_n80_15", "n": 80, "m": 10, "times": [[0.0, 110.6875, 110.875, 46.0, 109.375, 63.25, 103.5625, 63.96875, 113.8125, 106.8125, 107.4375, 95.6875, 91.8125, 89.625, 47.1875, 85.25, 68.9375, 99.0, 93.75, 113.4375, 90.875, 83.75, 47.75, 46.53125, 53.0625, 11.046875, 14.2109375, 89.1875, 51.40625, 88.75, 119.875, 90.125, 90.8125, 116.8125, 52.34375, 89.6875, 87.6875, 84.1875, 67.4375, 41.34375, 19.640625, 69.1875, 54.0, 51.90625, 16.546875, 121.5, 125.75, 118.1875, 6.40234375, 49.65625, 98.875, 115.125, 36.71875, 87.0625, 64.125, 122.375, 62.4375, 82.3125, 121.625, 88.9375, 29.0625, 76.625, 95.8125, 71.5625, 78.25, 84.1875, 63.5625, 59.90625, 123.375, 72.4375, 60.84375, 125.1875, 75.6875, 91.0, 65.0, 25.625, 88.5, 97.6875, 99.5625, 59.40625, 89.9375], [110.6875, 0.0, 221.375, 150.375, 179.0, 131.75, 144.0, 153.25, 37.65625, 217.375, 11.3984375, 170.25, 19.109375, 78.125, 156.125, 37.125, 161.0, 133.0, 143.75, 221.375, 27.203125, 120.0625, 77.125, 96.375, 162.875, 102.4375, 112.6875, 64.5, 137.875, 143.25, 162.5, 123.0, 131.375, 162.25, 60.40625, 200.25, 83.5, 178.5, 43.40625, 69.375, 129.375, 133.25, 73.9375, 129.875, 94.375, 185.5, 18.03125, 17.46875, 111.3125, 95.75, 134.75, 128.0, 144.625, 187.875, 158.625, 152.125, 169.75, 30.8125, 25.96875, 190.875, 139.5, 101.8125, 15.234375, 59.0, 86.3125, 116.5, 56.9375, 84.6875, 231.25, 167.375, 150.625, 25.078125, 171.625, 114.0, 132.375, 86.0625, 164.5, 192.75, 163.75, 169.5, 57.25], [110.875, 221.375, 0.0, 81.5, 135.0, 127.5625, 153.25, 100.9375, 222.875, 4.47265625, 217.5, 124.1875, 202.375, 188.625, 66.25, 195.125, 95.3125, 167.75, 151.875, 26.25, 200.0, 150.875, 153.75, 137.375, 58.84375, 119.0625, 111.75, 192.75, 100.0, 135.0, 157.5, 164.75, 159.125, 166.0, 162.875, 25.625, 184.5, 89.0625, 178.0, 152.0, 93.375, 132.5, 156.125, 110.4375, 127.0, 147.25, 236.625, 229.0, 111.125, 139.875, 166.25, 181.125, 77.875, 73.0, 82.25, 171.0, 55.65625, 192.25, 232.125, 55.53125, 82.75, 164.625, 206.625, 178.5, 174.25, 154.125, 170.125, 154.125, 30.078125, 78.0, 100.875, 235.75, 86.8125, 163.25, 119.8125, 135.375, 120.6875, 72.8125, 125.9375, 52.15625, 195.5], [46.0, 150.375, 81.5, 0.0, 76.5625, 48.375, 138.5, 28.640625, 145.125, 77.0, 149.0, 62.4375, 132.375, 107.4375, 42.96875, 119.25, 29.0625, 90.25, 77.25, 93.875, 133.875, 123.0, 76.0, 90.5, 41.21875, 57.03125, 38.3125, 112.5625, 77.25, 121.0625, 151.75, 85.5, 81.3125, 96.5625, 89.9375, 56.3125, 103.1875, 40.25, 108.8125, 83.6875, 27.65625, 54.15625, 100.0, 83.25, 61.28125, 89.875, 163.375, 154.75, 42.1875, 93.625, 89.125, 155.625, 43.28125, 41.0625, 77.375, 158.125, 55.53125, 124.625, 156.375, 85.1875, 24.40625, 83.1875, 135.125, 100.25, 92.9375, 124.375, 108.75, 105.25, 103.1875, 82.3125, 26.578125, 160.625, 31.765625, 132.25, 97.4375, 70.4375, 55.9375, 100.9375, 125.3125, 43.1875, 116.0], [109.375, 179.0, 135.0, 76.5625, 0.0, 50.59375, 211.625, 48.40625, 157.375, 131.0, 182.5, 14.2109375, 165.625, 107.5, 119.1875, 142.0, 47.875, 55.46875, 38.28125, 156.125, 173.25, 193.0, 105.875, 155.375, 116.25, 119.0, 95.6875, 119.5, 152.375, 195.125, 226.375, 61.34375, 51.875, 36.0625, 126.875, 111.5625, 101.4375, 46.375, 147.875, 130.25, 98.3125, 47.0625, 156.625, 157.0, 118.1875, 13.4140625, 185.625, 175.625, 103.25, 158.375, 53.25, 224.5, 119.625, 62.0, 154.0, 230.875, 130.25, 163.25, 173.5, 158.25, 99.625, 78.75, 165.25, 120.0, 94.875, 193.625, 158.375, 166.5, 163.5, 158.625, 51.09375, 178.5, 50.96875, 200.25, 171.125, 125.25, 21.21875, 175.5, 201.25, 116.5, 126.125], [63.25, 131.75, 127.5625, 48.375, 50.59375, 0.0, 166.875, 28.421875, 115.3125, 123.125, 134.0, 39.3125, 117.0, 69.0625, 87.8125, 95.5, 36.0625, 42.0, 31.390625, 142.0, 123.5625, 146.375, 56.15625, 107.1875, 88.0625, 71.4375, 49.03125, 78.25, 111.8125, 151.875, 183.0, 37.375, 33.0, 53.84375, 76.8125, 101.9375, 63.59375, 51.625, 97.875, 79.6875, 57.9375, 6.32421875, 106.5, 114.25, 69.1875, 60.8125, 140.5, 130.75, 56.84375, 110.125, 41.0, 176.75, 83.9375, 65.75, 118.625, 185.5, 102.25, 113.5625, 130.0, 132.25, 63.5625, 40.375, 117.25, 73.5625, 54.375, 146.5, 107.8125, 117.0625, 151.125, 125.1875, 27.453125, 134.75, 47.375, 152.5, 127.875, 75.5, 33.0, 146.625, 161.125, 91.0, 83.75], [103.5625, 144.0, 153.25, 138.5, 211.625, 166.875, 0.0, 163.875, 171.0, 151.5, 133.75, 197.5, 129.375, 174.375, 103.5, 145.625, 166.875, 200.375, 197.0, 136.5, 117.125, 25.171875, 134.125, 64.0625, 110.5, 96.0, 117.8125, 167.125, 62.1875, 18.6875, 19.109375, 190.5, 192.75, 220.25, 121.0625, 147.75, 175.25, 178.375, 115.4375, 105.9375, 113.4375, 172.75, 79.0625, 55.21875, 100.5, 224.125, 161.75, 160.25, 110.0, 62.03125, 200.5, 31.3125, 97.125, 174.5, 72.5625, 19.71875, 103.3125, 117.125, 167.875, 99.0625, 114.0625, 173.125, 136.375, 147.25, 168.375, 28.0, 93.125, 64.625, 143.25, 75.3125, 161.0, 168.5, 170.0, 30.359375, 41.0625, 97.9375, 190.375, 86.6875, 31.78125, 115.125, 163.75], [63.96875, 153.25, 100.9375, 28.640625, 48.40625, 28.421875, 163.875, 0.0, 140.875, 96.5625, 154.0, 34.21875, 137.0, 96.6875, 71.5625, 118.625, 8.0625, 66.75, 51.34375, 117.5, 141.375, 146.5, 76.1875, 110.5, 69.5625, 74.4375, 51.53125, 104.875, 104.0625, 147.125, 178.25, 64.375, 58.1875, 68.75, 94.625, 75.4375, 91.4375, 25.296875, 115.375, 93.125, 50.4375, 32.25, 115.4375, 109.0, 75.6875, 61.625, 163.75, 154.375, 58.3125, 113.625, 65.25, 178.5, 71.25, 37.65625, 105.8125, 183.375, 83.8125, 131.5, 154.5, 113.0, 51.21875, 68.5625, 138.25, 97.3125, 81.8125, 147.375, 120.6875, 123.375, 126.125, 110.9375, 3.162109375, 159.125, 19.421875, 154.5, 123.1875, 83.9375, 27.453125, 129.375, 152.875, 70.8125, 109.75], [113.8125, 37.65625, 222.875, 145.125, 157.375, 115.3125, 171.0, 140.875, 0.0, 218.5, 48.25, 150.875, 43.1875, 50.15625, 161.0, 29.0625, 149.0, 106.0, 119.8125, 227.25, 57.28125, 146.0, 69.375, 114.75, 166.625, 108.5625, 111.0625, 37.84375, 152.25, 167.0, 190.0, 97.25, 106.5, 135.0, 62.25, 199.5, 56.21875, 165.875, 56.875, 76.9375, 129.625, 115.125, 93.875, 146.125, 99.625, 161.75, 32.3125, 23.328125, 112.3125, 115.125, 108.0, 159.5, 150.375, 177.875, 171.375, 181.75, 176.125, 54.34375, 17.46875, 201.0, 140.25, 78.625, 36.40625, 44.8125, 62.59375, 143.0, 78.1875, 107.375, 237.25, 180.375, 138.75, 22.359375, 160.125, 142.25, 151.875, 93.5, 146.125, 206.375, 186.25, 172.75, 31.625], [106.8125, 217.375, 4.47265625, 77.0, 131.0, 123.125, 151.5, 96.5625, 218.5, 0.0, 213.5, 120.125, 198.375, 184.125, 62.625, 191.0, 91.0, 163.375, 147.5, 28.296875, 196.25, 148.5, 149.375, 134.125, 55.0625, 115.125, 107.5, 188.375, 97.3125, 133.25, 156.25, 160.375, 154.75, 161.75, 158.75, 21.1875, 180.125, 85.0, 174.0, 148.0, 89.125, 128.125, 152.5, 107.6875, 123.0, 143.375, 232.5, 224.875, 106.9375, 136.625, 161.875, 179.0, 74.25, 69.0625, 80.0, 169.625, 52.625, 188.375, 227.875, 54.71875, 78.5625, 160.125, 202.625, 174.25, 169.75, 151.75, 166.5, 150.875, 33.25, 76.25, 96.4375, 231.625, 82.625, 160.75, 117.4375, 131.5, 116.5, 72.5, 124.75, 48.375, 191.125], [107.4375, 11.3984375, 217.5, 149.0, 182.5, 134.0, 133.75, 154.0, 48.25, 213.5, 0.0, 173.0, 17.125, 85.0, 151.625, 42.375, 161.625, 138.625, 148.25, 216.125, 18.59375, 110.1875, 78.3125, 88.8125, 158.625, 98.5, 110.875, 71.5625, 130.875, 133.75, 152.125, 128.375, 136.375, 167.625, 59.65625, 197.125, 90.0625, 179.125, 40.3125, 66.1875, 126.5625, 136.0, 66.375, 122.4375, 90.9375, 189.625, 28.15625, 28.859375, 108.6875, 87.9375, 140.25, 117.0, 140.0, 187.5, 151.875, 141.375, 164.75, 25.234375, 37.375, 184.625, 136.5, 106.75, 17.71875, 63.15625, 91.75, 106.5, 49.6875, 76.0625, 226.0, 160.5, 151.25, 36.34375, 171.875, 103.5625, 124.0625, 82.125, 167.0, 185.625, 154.5, 165.375, 64.4375], [95.6875, 170.25, 124.1875, 62.4375, 14.2109375, 39.3125, 197.5, 34.21875, 150.875, 120.125, 173.0, 0.0, 156.0, 101.8125, 105.1875, 133.5, 34.0, 54.5, 36.125, 144.375, 162.875, 179.25, 95.4375, 141.875, 102.4375, 105.5, 82.125, 113.0625, 138.25, 181.0, 212.125, 57.96875, 48.8125, 42.4375, 116.125, 100.0, 95.875, 35.125, 137.125, 118.375, 84.125, 37.0, 143.875, 142.875, 105.125, 27.453125, 177.875, 168.0, 89.5625, 144.875, 52.34375, 210.75, 105.4375, 51.625, 139.875, 216.875, 116.5, 152.875, 166.5, 144.875, 85.4375, 72.4375, 156.0, 111.4375, 88.3125, 179.875, 146.625, 153.375, 152.0, 144.625, 36.875, 171.375, 38.3125, 186.625, 157.0, 112.375, 7.2109375, 161.875, 187.125, 102.875, 119.3125], [91.8125, 19.109375, 202.375, 132.375, 165.625, 117.0, 129.375, 137.0, 43.1875, 198.375, 17.125, 156.0, 0.0, 71.0, 137.0, 28.015625, 144.5, 123.0625, 132.0, 202.25, 14.3203125, 104.8125, 61.21875, 78.25, 143.875, 83.4375, 94.4375, 58.0, 119.25, 127.125, 148.25, 112.5625, 120.3125, 151.875, 42.71875, 181.5, 75.6875, 162.0, 24.40625, 50.46875, 110.625, 119.125, 55.9375, 111.5, 75.4375, 173.125, 36.0625, 31.625, 92.6875, 77.875, 124.625, 116.375, 125.5, 170.625, 139.875, 139.125, 150.75, 12.6484375, 38.625, 172.0, 120.75, 90.8125, 7.0, 47.125, 76.3125, 101.5, 39.0, 67.75, 212.125, 148.75, 134.125, 39.84375, 154.75, 100.0, 114.75, 67.0, 150.0, 174.125, 147.25, 150.375, 51.21875], [89.625, 78.125, 188.625, 107.4375, 107.5, 69.0625, 174.375, 96.6875, 50.15625, 184.125, 85.0, 101.8125, 71.0, 0.0, 133.75, 43.03125, 104.625, 56.09375, 69.75, 197.625, 83.4375, 149.625, 43.0, 110.875, 137.625, 89.1875, 81.25, 13.6015625, 138.125, 165.125, 193.125, 47.09375, 56.3125, 85.3125, 53.5, 163.625, 6.08203125, 120.6875, 65.625, 68.4375, 99.75, 67.625, 96.375, 135.125, 81.0, 111.5625, 80.375, 70.4375, 85.625, 112.5625, 58.03125, 171.75, 125.0, 134.375, 153.5, 189.25, 149.625, 75.0625, 67.0, 177.875, 109.75, 29.546875, 67.5625, 28.296875, 14.8671875, 147.75, 86.625, 110.875, 207.5, 162.0, 95.0, 72.0, 116.0625, 150.125, 144.875, 79.3125, 97.6875, 187.25, 181.25, 142.75, 20.875], [47.1875, 156.125, 66.25, 42.96875, 119.1875, 87.8125, 103.5, 71.5625, 161.0, 62.625, 151.625, 105.1875, 137.0, 133.75, 0.0, 132.5, 71.375, 129.5, 118.4375, 66.25, 134.0, 93.375, 93.9375, 72.25, 8.0625, 53.75, 52.5625, 135.125, 41.75, 85.0, 114.0625, 123.0, 120.5, 138.875, 99.375, 49.65625, 131.0, 78.5, 112.6875, 87.0, 34.21875, 94.0625, 89.9375, 50.8125, 62.25, 132.625, 171.875, 164.75, 49.25, 74.9375, 128.625, 125.9375, 11.6640625, 71.875, 35.375, 123.0625, 15.8125, 126.375, 168.625, 45.1875, 25.078125, 115.4375, 141.625, 118.3125, 120.875, 95.875, 103.9375, 89.0, 76.1875, 39.4375, 69.4375, 172.0, 70.9375, 104.6875, 63.59375, 70.0625, 98.8125, 58.84375, 85.25, 14.5625, 136.5], [85.25, 37.125, 195.125, 119.25, 142.0, 95.5, 145.625, 118.625, 29.0625, 191.0, 42.375, 133.5, 28.015625, 43.03125, 132.5, 0.0, 126.5, 96.3125, 106.6875, 198.625, 41.0, 120.4375, 43.40625, 86.8125, 138.25, 79.625, 83.625, 30.0, 123.375, 140.125, 164.625, 86.125, 94.375, 125.375, 33.28125, 172.375, 47.84375, 143.875, 30.15625, 47.9375, 101.8125, 96.625, 67.0, 117.4375, 70.75, 148.375, 45.21875, 35.84375, 84.1875, 87.4375, 98.0, 137.25, 121.625, 154.375, 142.375, 157.875, 147.375, 33.84375, 37.1875, 172.0, 112.4375, 64.75, 24.703125, 22.09375, 49.46875, 117.75, 52.625, 81.125, 208.625, 151.25, 116.125, 41.34375, 137.375, 118.0625, 123.8125, 64.4375, 128.0, 177.25, 158.75, 144.5, 23.34375], [68.9375, 161.0, 95.3125, 29.0625, 47.875, 36.0625, 166.875, 8.0625, 149.0, 91.0, 161.625, 34.0, 144.5, 104.625, 71.375, 126.5, 0.0, 72.8125, 56.5, 113.0625, 148.625, 150.25, 83.9375, 115.3125, 68.4375, 79.6875, 57.28125, 112.875, 106.125, 149.625, 180.5, 71.1875, 64.5, 72.0625, 102.125, 70.0625, 99.375, 17.46875, 122.6875, 100.0, 53.84375, 39.40625, 121.375, 111.6875, 81.5625, 61.28125, 171.75, 162.375, 63.59375, 118.5, 71.1875, 182.625, 72.375, 29.734375, 106.25, 186.375, 82.4375, 138.875, 162.5, 111.0, 53.0625, 76.375, 146.0, 105.3125, 89.8125, 151.375, 127.3125, 128.75, 121.4375, 110.8125, 10.4375, 167.125, 11.3984375, 158.75, 125.875, 90.125, 28.15625, 127.9375, 154.375, 68.9375, 117.8125], [99.0, 133.0, 167.75, 90.25, 55.46875, 42.0, 200.375, 66.75, 106.0, 163.375, 138.625, 54.5, 123.0625, 56.09375, 129.5, 96.3125, 72.8125, 0.0, 18.390625, 183.5, 133.375, 177.875, 71.6875, 137.375, 130.0, 104.6875, 85.4375, 69.375, 150.0, 187.0, 217.625, 10.8203125, 9.0, 29.28125, 91.8125, 142.125, 50.15625, 83.875, 110.625, 101.1875, 98.0625, 36.125, 130.875, 150.875, 99.875, 56.75, 136.5, 126.5, 92.875, 140.0, 2.236328125, 205.625, 124.75, 100.25, 158.875, 218.0, 144.125, 123.9375, 123.0625, 174.125, 104.8125, 32.65625, 120.875, 75.9375, 46.84375, 177.25, 127.0, 143.625, 192.375, 165.875, 66.9375, 128.0, 82.75, 182.0, 163.625, 103.4375, 53.25, 188.125, 198.5, 133.0, 76.5], [93.75, 143.75, 151.875, 77.25, 38.28125, 31.390625, 197.0, 51.34375, 119.8125, 147.5, 148.25, 36.125, 132.0, 69.75, 118.4375, 106.6875, 56.5, 18.390625, 0.0, 168.875, 141.125, 175.75, 75.5625, 135.75, 118.0625, 101.0625, 79.625, 82.25, 143.125, 182.5, 213.625, 23.09375, 13.6015625, 23.34375, 96.6875, 126.5, 63.625, 66.1875, 116.8125, 103.4375, 89.3125, 25.078125, 132.25, 145.25, 97.625, 42.0, 149.0, 139.0, 87.375, 138.625, 16.28125, 205.125, 115.125, 82.75, 149.875, 215.375, 132.375, 131.25, 136.375, 162.25, 94.625, 42.0625, 130.75, 85.1875, 58.0, 175.5, 130.75, 144.0, 177.5, 156.375, 52.09375, 141.375, 65.8125, 181.0, 158.625, 102.625, 35.0, 177.25, 192.375, 120.4375, 89.0625], [113.4375, 221.375, 26.25, 93.875, 156.125, 142.0, 136.5, 117.5, 227.25, 28.296875, 216.125, 144.375, 202.25, 197.625, 66.25, 198.625, 113.0625, 183.5, 168.875, 0.0, 198.125, 137.75, 159.5, 131.25, 60.75, 119.6875, 117.5, 200.25, 90.3125, 119.0625, 138.25, 179.25, 174.625, 185.0, 165.5, 44.71875, 194.25, 109.75, 178.25, 152.875, 98.625, 147.5, 151.875, 100.625, 128.375, 168.875, 237.625, 230.75, 115.125, 133.25, 182.125, 165.875, 77.25, 94.75, 70.0, 153.0, 51.625, 191.125, 234.75, 37.65625, 88.1875, 176.125, 207.125, 184.125, 184.0, 141.5, 167.25, 147.5, 10.0, 63.59375, 116.8125, 238.0, 106.125, 150.375, 107.5, 135.875, 140.0, 51.34375, 107.0, 55.0625, 202.0], [90.875, 27.203125, 200.0, 133.875, 173.25, 123.5625, 117.125, 141.375, 57.28125, 196.25, 18.59375, 162.875, 14.3203125, 83.4375, 134.0, 41.0, 148.625, 133.375, 141.125, 198.125, 0.0, 92.9375, 67.5, 70.1875, 141.25, 81.4375, 95.625, 70.8125, 112.3125, 116.0625, 135.75, 122.75, 130.0, 161.75, 47.0, 180.25, 87.6875, 166.0, 26.015625, 50.28125, 110.3125, 126.3125, 47.8125, 103.8125, 74.3125, 181.5, 45.21875, 43.1875, 92.6875, 69.3125, 134.875, 102.6875, 122.3125, 173.375, 133.25, 126.0, 146.875, 10.046875, 51.0, 166.25, 119.9375, 100.875, 20.875, 57.71875, 87.25, 89.4375, 31.140625, 57.6875, 207.875, 142.0, 138.5, 51.34375, 158.375, 87.25, 105.5625, 65.3125, 156.5, 167.0, 136.625, 147.875, 64.375], [83.75, 120.0625, 150.875, 123.0, 193.0, 146.375, 25.171875, 146.5, 146.0, 148.5, 110.1875, 179.25, 104.8125, 149.625, 93.375, 120.4375, 150.25, 177.875, 175.75, 137.75, 92.9375, 0.0, 110.0, 40.5, 101.125, 74.9375, 97.75, 142.125, 52.15625, 25.0, 44.28125, 167.75, 170.625, 199.0, 96.1875, 141.25, 150.625, 163.25, 90.25, 81.375, 96.375, 152.0, 53.9375, 42.59375, 78.25, 205.25, 138.0, 136.0, 90.0, 38.09375, 178.25, 32.90625, 84.875, 161.375, 68.75, 40.3125, 97.0, 92.4375, 143.375, 100.3125, 98.875, 149.625, 111.75, 122.25, 144.125, 4.2421875, 68.0, 39.46875, 145.75, 74.1875, 143.375, 144.125, 154.75, 12.6484375, 31.0625, 74.625, 172.0, 92.125, 46.03125, 106.6875, 138.625], [47.75, 77.125, 153.75, 76.0, 105.875, 56.15625, 134.125, 76.1875, 69.375, 149.375, 78.3125, 95.4375, 61.21875, 43.0, 93.9375, 43.40625, 83.9375, 71.6875, 75.5625, 159.5, 67.5, 110.0, 0.0, 70.0, 98.8125, 46.28125, 42.1875, 41.4375, 95.0625, 123.5, 152.5, 60.96875, 66.3125, 97.75, 21.1875, 130.125, 42.28125, 101.375, 41.96875, 29.828125, 61.03125, 58.84375, 59.65625, 92.1875, 38.0, 114.5625, 88.25, 79.1875, 44.71875, 72.0625, 72.625, 135.375, 84.1875, 111.25, 110.8125, 150.25, 109.5625, 57.4375, 80.4375, 136.75, 71.625, 40.46875, 62.15625, 24.84375, 34.46875, 108.6875, 55.46875, 73.25, 169.5, 119.4375, 73.5, 84.75, 94.5625, 112.375, 102.4375, 36.875, 89.125, 145.0, 138.75, 104.5625, 42.53125], [46.53125, 96.375, 137.375, 90.5, 155.375, 107.1875, 64.0625, 110.5, 114.75, 134.125, 88.8125, 141.875, 78.25, 110.875, 72.25, 86.8125, 115.3125, 137.375, 135.75, 131.25, 70.1875, 40.5, 70.0, 0.0, 80.25, 36.34375, 59.6875, 104.6875, 42.4375, 54.4375, 82.5625, 127.3125, 130.25, 159.125, 58.3125, 121.8125, 111.375, 130.0, 57.96875, 42.59375, 62.8125, 112.625, 22.46875, 33.59375, 38.1875, 167.0, 114.125, 109.6875, 52.34375, 3.162109375, 137.75, 69.5, 61.1875, 131.0, 63.65625, 80.75, 81.9375, 65.75, 115.875, 97.1875, 68.375, 109.1875, 84.5625, 84.5625, 104.375, 39.8125, 39.4375, 16.765625, 140.625, 72.125, 107.375, 117.8125, 121.4375, 45.34375, 37.09375, 34.125, 134.625, 96.8125, 72.125, 86.8125, 102.125], [53.0625, 162.875, 58.84375, 41.21875, 116.25, 88.0625, 110.5, 69.5625, 166.625, 55.0625, 158.625, 102.4375, 143.875, 137.625, 8.0625, 138.25, 68.4375, 130.0, 118.0625, 60.75, 141.25, 101.125, 98.8125, 80.25, 0.0, 60.4375, 56.8125, 139.625, 49.25, 91.9375, 120.4375, 124.125, 121.0625, 137.75, 105.4375, 41.59375, 134.5, 74.0, 119.5, 93.625, 38.0, 94.1875, 97.6875, 58.5625, 68.6875, 129.75, 178.5, 171.125, 54.40625, 83.0, 129.125, 133.5, 19.3125, 66.0625, 40.59375, 130.0, 14.3203125, 133.5, 174.75, 44.1875, 27.859375, 117.875, 148.25, 123.4375, 124.3125, 103.6875, 111.4375, 97.0, 70.75, 43.28125, 67.75, 178.25, 66.875, 112.5625, 71.0625, 76.8125, 96.375, 59.78125, 91.0, 6.70703125, 141.375], [11.046875, 102.4375, 119.0625, 57.03125, 119.0, 71.4375, 96.0, 74.4375, 108.5625, 115.125, 98.5, 105.5, 83.4375, 89.1875, 53.75, 79.625, 79.6875, 104.6875, 101.0625, 119.6875, 81.4375, 74.9375, 46.28125, 36.34375, 60.4375, 0.0, 23.328125, 87.125, 49.0, 82.3125, 113.0, 95.25, 96.875, 124.3125, 46.3125, 98.8125, 88.0, 95.125, 59.03125, 33.25, 30.265625, 77.125, 43.0, 47.3125, 8.9453125, 130.75, 118.125, 111.0625, 16.15625, 39.4375, 104.8125, 105.625, 42.4375, 98.0625, 64.75, 114.3125, 68.125, 73.25, 115.125, 92.5625, 38.90625, 79.8125, 87.875, 68.3125, 79.1875, 75.0625, 53.15625, 49.03125, 129.625, 73.5, 71.3125, 118.3125, 86.6875, 81.375, 59.25, 16.40625, 98.25, 99.3125, 94.9375, 67.0, 87.0], [14.2109375, 112.6875, 111.75, 38.3125, 95.6875, 49.03125, 117.8125, 51.53125, 111.0625, 107.5, 110.875, 82.125, 94.4375, 81.25, 52.5625, 83.625, 57.28125, 85.4375, 79.625, 117.5, 95.625, 97.75, 42.1875, 59.6875, 56.8125, 23.328125, 0.0, 82.75, 64.5, 102.875, 134.0, 76.9375, 77.0625, 102.625, 52.46875, 88.75, 78.5625, 73.4375, 70.5625, 45.34375, 18.875, 55.0, 64.125, 65.75, 24.328125, 107.625, 126.5, 118.25, 7.80859375, 62.78125, 85.25, 128.75, 43.9375, 78.4375, 75.1875, 136.5, 68.375, 86.3125, 120.75, 96.75, 29.40625, 65.0, 97.5, 67.0, 68.6875, 98.0625, 71.0625, 71.875, 127.4375, 83.0, 48.375, 124.625, 65.1875, 104.625, 79.0625, 33.0625, 74.9375, 107.375, 113.1875, 62.4375, 84.625], [89.1875, 64.5, 192.75, 112.5625, 119.5, 78.25, 167.125, 104.875, 37.84375, 188.375, 71.5625, 113.0625, 58.0, 13.6015625, 135.125, 30.0, 112.875, 69.375, 82.25, 200.25, 70.8125, 142.125, 41.4375, 104.6875, 139.625, 87.125, 82.75, 0.0, 135.25, 159.125, 186.125, 60.0, 69.0, 98.625, 46.375, 168.375, 19.234375, 129.5, 55.0625, 62.1875, 101.625, 77.625, 88.3125, 131.25, 78.4375, 124.1875, 67.125, 57.125, 86.0, 106.0625, 71.25, 162.5, 125.5625, 142.25, 151.875, 181.25, 150.75, 62.96875, 54.15625, 178.125, 112.0, 40.78125, 54.21875, 20.09375, 24.734375, 140.0, 76.9375, 102.875, 210.125, 160.5, 102.875, 59.125, 124.25, 141.625, 140.0, 75.25, 108.4375, 186.25, 176.125, 145.125, 7.28125], [51.40625, 137.875, 100.0, 77.25, 152.375, 111.8125, 62.1875, 104.0625, 152.25, 97.3125, 130.875, 138.25, 119.25, 138.125, 41.75, 123.375, 106.125, 150.0, 143.125, 90.3125, 112.3125, 52.15625, 95.0625, 42.4375, 49.25, 49.0, 64.5, 135.25, 0.0, 44.09375, 74.5, 141.375, 141.5, 165.625, 91.1875, 89.0625, 137.0, 116.625, 97.0625, 75.5625, 54.65625, 118.0625, 64.5625, 10.4375, 57.09375, 165.375, 155.375, 150.125, 57.28125, 43.9375, 149.75, 84.375, 35.0, 112.3125, 21.265625, 81.875, 45.09375, 107.0625, 155.625, 55.0, 53.03125, 127.875, 125.1875, 115.75, 128.125, 55.0, 81.1875, 57.8125, 99.375, 29.734375, 101.3125, 158.0, 108.4375, 64.0, 21.84375, 60.21875, 131.25, 54.90625, 49.40625, 54.59375, 134.375], [88.75, 143.25, 135.0, 121.0625, 195.125, 151.875, 18.6875, 147.125, 167.0, 133.25, 133.75, 181.0, 127.125, 165.125, 85.0, 140.125, 149.625, 187.0, 182.5, 119.0625, 116.0625, 25.0, 123.5, 54.4375, 91.9375, 82.3125, 102.875, 159.125, 44.09375, 0.0, 31.234375, 177.5, 179.125, 205.5, 112.75, 129.125, 165.375, 160.625, 110.3125, 97.0, 96.875, 157.875, 73.1875, 38.1875, 87.875, 208.0, 161.25, 158.625, 95.125, 53.15625, 187.125, 46.875, 79.0625, 156.25, 53.9375, 38.09375, 84.625, 114.5625, 165.75, 81.5, 96.6875, 161.125, 134.0, 139.0, 158.0, 29.203125, 88.9375, 59.6875, 126.3125, 57.03125, 144.25, 166.875, 152.375, 36.125, 24.078125, 86.6875, 174.0, 70.5, 21.09375, 96.4375, 156.5], [119.875, 162.5, 157.5, 151.75, 226.375, 183.0, 19.109375, 178.25, 190.0, 156.25, 152.125, 212.125, 148.25, 193.125, 114.0625, 164.625, 180.5, 217.625, 213.625, 138.25, 135.75, 44.28125, 152.5, 82.5625, 120.4375, 113.0, 134.0, 186.125, 74.5, 31.234375, 0.0, 208.0, 209.875, 236.625, 140.0, 155.0, 193.875, 191.0, 134.5, 124.75, 128.0, 189.0, 98.125, 69.375, 118.0625, 239.125, 180.25, 178.875, 126.25, 80.625, 217.875, 42.0, 109.1875, 185.875, 80.5, 17.5, 111.5, 136.0, 186.625, 102.125, 127.5, 191.125, 155.25, 166.125, 186.875, 47.03125, 112.1875, 83.75, 144.0, 81.25, 175.375, 187.125, 182.875, 48.5, 55.3125, 116.0625, 205.125, 87.0, 31.578125, 124.3125, 182.875], [90.125, 123.0, 164.75, 85.5, 61.34375, 37.375, 190.5, 64.375, 97.25, 160.375, 128.375, 57.96875, 112.5625, 47.09375, 123.0, 86.125, 71.1875, 10.8203125, 23.09375, 179.25, 122.75, 167.75, 60.96875, 127.3125, 124.125, 95.25, 76.9375, 60.0, 141.375, 177.5, 208.0, 0.0, 9.484375, 39.28125, 81.0, 139.125, 41.0625, 84.0, 99.875, 90.5, 90.6875, 32.3125, 120.1875, 141.875, 90.0625, 64.5, 127.125, 117.125, 84.125, 129.875, 12.0859375, 195.25, 117.625, 99.875, 151.25, 208.0, 138.0, 113.1875, 114.0625, 168.0, 98.0625, 21.9375, 110.625, 65.4375, 36.6875, 167.0, 116.1875, 133.25, 188.5, 158.5, 64.0625, 119.0625, 81.8125, 171.625, 154.375, 93.25, 55.4375, 181.375, 189.625, 127.5625, 67.0625], [90.8125, 131.375, 159.125, 81.3125, 51.875, 33.0, 192.75, 58.1875, 106.5, 154.75, 136.375, 48.8125, 120.3125, 56.3125, 120.5, 94.375, 64.5, 9.0, 13.6015625, 174.625, 130.0, 170.625, 66.3125, 130.25, 121.0625, 96.875, 77.0625, 69.0, 141.5, 179.125, 209.875, 9.484375, 0.0, 31.78125, 86.9375, 133.5, 50.25, 76.25, 106.4375, 95.25, 89.25, 27.171875, 124.625, 142.75, 92.4375, 55.21875, 136.0, 126.0, 84.5625, 132.875, 8.25, 198.875, 115.9375, 92.4375, 150.125, 210.625, 135.125, 120.3125, 123.125, 165.125, 95.875, 29.609375, 118.6875, 73.25, 45.1875, 170.125, 121.75, 137.125, 183.625, 157.125, 58.25, 128.125, 74.6875, 175.125, 155.625, 96.4375, 46.6875, 179.25, 190.25, 124.0625, 76.0], [116.8125, 162.25, 166.0, 96.5625, 36.0625, 53.84375, 220.25, 68.75, 135.0, 161.75, 167.625, 42.4375, 151.875, 85.3125, 138.875, 125.375, 72.0625, 29.28125, 23.34375, 185.0, 161.75, 199.0, 97.75, 159.125, 137.75, 124.3125, 102.625, 98.625, 165.625, 205.5, 236.625, 39.28125, 31.78125, 0.0, 118.625, 141.25, 79.375, 77.25, 138.25, 126.25, 111.375, 47.71875, 155.25, 168.125, 120.9375, 31.625, 165.625, 155.75, 110.4375, 162.0, 27.453125, 228.375, 136.5, 93.9375, 171.375, 238.625, 152.125, 152.125, 152.125, 181.625, 115.875, 61.03125, 149.875, 104.6875, 75.9375, 198.875, 153.125, 167.25, 193.125, 177.5, 70.1875, 157.125, 79.25, 204.375, 181.625, 125.9375, 45.28125, 197.375, 215.0, 139.5, 105.8125], [52.34375, 60.40625, 162.875, 89.9375, 126.875, 76.8125, 121.0625, 94.625, 62.25, 158.75, 59.65625, 116.125, 42.71875, 53.5, 99.375, 33.28125, 102.125, 91.8125, 96.6875, 165.5, 47.0, 96.1875, 21.1875, 58.3125, 105.4375, 46.3125, 52.46875, 46.375, 91.1875, 112.75, 140.0, 81.0, 86.9375, 118.625, 0.0, 140.75, 55.0, 119.5, 21.09375, 16.03125, 69.8125, 79.8125, 42.96875, 86.125, 37.4375, 135.75, 74.0625, 66.0625, 51.84375, 59.6875, 92.9375, 118.6875, 88.4375, 127.875, 109.5625, 135.75, 114.1875, 37.0, 69.3125, 138.75, 80.25, 59.65625, 45.1875, 26.3125, 50.0, 94.25, 35.375, 57.375, 175.5, 118.5, 91.8125, 72.875, 112.1875, 96.6875, 94.0625, 31.390625, 109.6875, 144.5, 130.0, 111.75, 44.0], [89.6875, 200.25, 25.625, 56.3125, 111.5625, 101.9375, 147.75, 75.4375, 199.5, 21.1875, 197.125, 100.0, 181.5, 163.625, 49.65625, 172.375, 70.0625, 142.125, 126.5, 44.71875, 180.25, 141.25, 130.125, 121.8125, 41.59375, 98.8125, 88.75, 168.375, 89.0625, 129.125, 155.0, 139.125, 133.5, 141.25, 140.75, 0.0, 159.5, 65.1875, 157.125, 131.0, 71.0, 106.875, 138.5, 99.0, 106.1875, 124.1875, 214.875, 206.875, 89.0625, 124.5625, 140.625, 173.0, 60.625, 50.0, 75.1875, 166.625, 44.5625, 171.875, 209.5, 58.25, 60.75, 139.125, 185.25, 154.875, 149.25, 144.125, 151.375, 138.5, 52.03125, 73.75, 75.3125, 213.375, 62.0625, 153.0, 110.4375, 115.0, 96.0625, 77.3125, 123.875, 35.21875, 171.375], [87.6875, 83.5, 184.5, 103.1875, 101.4375, 63.59375, 175.25, 91.4375, 56.21875, 180.125, 90.0625, 95.875, 75.6875, 6.08203125, 131.0, 47.84375, 99.375, 50.15625, 63.625, 194.25, 87.6875, 150.625, 42.28125, 111.375, 134.5, 88.0, 78.5625, 19.234375, 137.0, 165.375, 193.875, 41.0625, 50.25, 79.375, 55.0, 159.5, 0.0, 115.1875, 68.6875, 69.3125, 96.75, 61.90625, 97.9375, 134.5, 80.125, 105.5, 86.3125, 76.3125, 83.375, 113.25, 52.09375, 173.625, 122.5, 129.125, 151.75, 190.5, 146.75, 79.0, 73.0, 175.375, 106.625, 23.703125, 72.5, 31.140625, 10.296875, 148.875, 89.0625, 112.3125, 204.0, 160.125, 89.875, 78.0, 110.75, 151.625, 144.625, 79.0625, 91.8125, 185.25, 181.0, 139.5, 26.46875], [84.1875, 178.5, 89.0625, 40.25, 46.375, 51.625, 178.375, 25.296875, 165.875, 85.0, 179.125, 35.125, 162.0, 120.6875, 78.5, 143.875, 17.46875, 83.875, 66.1875, 109.75, 166.0, 163.25, 101.375, 130.0, 74.0, 95.125, 73.4375, 129.5, 116.625, 160.625, 191.0, 84.0, 76.25, 77.25, 119.5, 65.1875, 115.1875, 0.0, 140.0, 117.0625, 67.4375, 53.8125, 137.5, 123.1875, 97.75, 59.21875, 189.125, 179.625, 79.25, 133.125, 82.0, 195.875, 81.8125, 16.765625, 113.875, 198.0, 87.0625, 156.125, 179.75, 113.625, 64.5, 91.8125, 163.5, 122.5625, 105.9375, 164.625, 144.125, 144.125, 117.1875, 117.3125, 27.890625, 184.375, 8.546875, 172.375, 137.25, 106.5, 32.28125, 131.625, 163.5, 72.9375, 134.625], [67.4375, 43.40625, 178.0, 108.8125, 147.875, 97.875, 115.4375, 115.375, 56.875, 174.0, 40.3125, 137.125, 24.40625, 65.625, 112.6875, 30.15625, 122.6875, 110.625, 116.8125, 178.25, 26.015625, 90.25, 41.96875, 57.96875, 119.5, 59.03125, 70.5625, 55.0625, 97.0625, 110.3125, 134.5, 99.875, 106.4375, 138.25, 21.09375, 157.125, 68.6875, 140.0, 0.0, 26.078125, 86.375, 100.8125, 37.125, 90.0625, 51.03125, 156.5, 59.46875, 53.25, 68.4375, 58.25, 111.875, 107.9375, 101.25, 147.75, 117.125, 127.875, 126.5625, 16.125, 58.59375, 148.625, 96.375, 78.0625, 29.0, 37.53125, 66.0625, 87.5625, 22.5625, 51.0, 188.125, 126.0625, 112.4375, 61.0625, 132.5, 88.0625, 95.0625, 42.625, 130.75, 151.875, 129.375, 126.0625, 50.15625], [41.34375, 69.375, 152.0, 83.6875, 130.25, 79.6875, 105.9375, 93.125, 76.9375, 148.0, 66.1875, 118.375, 50.46875, 68.4375, 87.0, 47.9375, 100.0, 101.1875, 103.4375, 152.875, 50.28125, 81.375, 29.828125, 42.59375, 93.625, 33.25, 45.34375, 62.1875, 75.5625, 97.0, 124.75, 90.5, 95.25, 126.25, 16.03125, 131.0, 69.3125, 117.0625, 26.078125, 0.0, 60.375, 83.75, 29.828125, 70.1875, 25.0, 140.25, 84.875, 77.875, 42.53125, 44.15625, 102.0, 105.6875, 75.6875, 123.5, 94.4375, 121.3125, 101.25, 41.21875, 82.1875, 124.5625, 70.3125, 70.3125, 54.65625, 42.09375, 63.0625, 79.6875, 28.15625, 43.5625, 162.75, 103.375, 90.0625, 85.25, 109.1875, 82.875, 78.0, 17.03125, 111.5625, 129.375, 114.0625, 100.125, 60.03125], [19.640625, 129.375, 93.375, 27.65625, 98.3125, 57.9375, 113.4375, 50.4375, 129.625, 89.125, 126.5625, 84.125, 110.625, 99.75, 34.21875, 101.8125, 53.84375, 98.0625, 89.3125, 98.625, 110.3125, 96.375, 61.03125, 62.8125, 38.0, 30.265625, 18.875, 101.625, 54.65625, 96.875, 128.0, 90.6875, 89.25, 111.375, 69.8125, 71.0, 96.75, 67.4375, 86.375, 60.375, 0.0, 64.25, 73.125, 58.6875, 36.0625, 111.125, 143.75, 135.875, 18.03125, 66.0, 97.5, 128.875, 27.015625, 68.5, 60.875, 132.875, 50.0, 101.5625, 138.75, 79.0625, 10.6328125, 81.5, 114.25, 85.8125, 86.6875, 97.5, 83.1875, 77.625, 108.5625, 67.875, 47.5, 142.5, 58.875, 105.125, 72.8125, 45.21875, 77.0625, 91.0, 104.0, 43.5625, 103.4375], [69.1875, 133.25, 132.5, 54.15625, 47.0625, 6.32421875, 172.75, 32.25, 115.125, 128.125, 136.0, 37.0, 119.125, 67.625, 94.0625, 96.625, 39.40625, 36.125, 25.078125, 147.5, 126.3125, 152.0, 58.84375, 112.625, 94.1875, 77.125, 55.0, 77.625, 118.0625, 157.875, 189.0, 32.3125, 27.171875, 47.71875, 79.8125, 106.875, 61.90625, 53.8125, 100.8125, 83.75, 64.25, 0.0, 111.125, 120.4375, 74.5, 56.46875, 141.25, 131.375, 62.8125, 115.5, 35.0, 182.125, 90.25, 68.75, 124.9375, 191.375, 108.375, 116.25, 130.25, 138.375, 69.875, 38.28125, 119.0, 74.5625, 53.21875, 152.0, 111.8125, 122.0625, 156.5, 131.5, 31.78125, 135.125, 50.4375, 158.0, 134.0, 80.4375, 31.40625, 152.875, 167.375, 97.0, 83.5], [54.0, 73.9375, 156.125, 100.0, 156.625, 106.5, 79.0625, 115.4375, 93.875, 152.5, 66.375, 143.875, 55.9375, 96.375, 89.9375, 67.0, 121.375, 130.875, 132.25, 151.875, 47.8125, 53.9375, 59.65625, 22.46875, 97.6875, 43.0, 64.125, 88.3125, 64.5625, 73.1875, 98.125, 120.1875, 124.625, 155.25, 42.96875, 138.5, 97.9375, 137.5, 37.125, 29.828125, 73.125, 111.125, 0.0, 56.03125, 39.8125, 167.25, 91.6875, 87.4375, 58.3125, 21.9375, 131.5, 76.0, 78.375, 141.0, 85.625, 93.0, 101.375, 43.375, 93.9375, 118.8125, 80.875, 100.125, 62.40625, 68.625, 92.4375, 51.65625, 17.0, 14.5625, 161.375, 94.25, 112.3125, 95.625, 129.125, 53.71875, 58.875, 31.625, 136.875, 119.1875, 92.375, 104.375, 84.75], [51.90625, 129.875, 110.4375, 83.25, 157.0, 114.25, 55.21875, 109.0, 146.125, 107.6875, 122.4375, 142.875, 111.5, 135.125, 50.8125, 117.4375, 111.6875, 150.875, 145.25, 100.625, 103.8125, 42.59375, 92.1875, 33.59375, 58.5625, 47.3125, 65.75, 131.25, 10.4375, 38.1875, 69.375, 141.875, 142.75, 168.125, 86.125, 99.0, 134.5, 123.1875, 90.0625, 70.1875, 58.6875, 120.4375, 56.03125, 0.0, 54.4375, 169.75, 147.5, 142.625, 58.125, 34.71875, 150.75, 75.1875, 42.71875, 119.9375, 31.0625, 74.875, 55.3125, 99.125, 148.5, 64.875, 58.8125, 127.125, 117.625, 111.4375, 126.0, 45.1875, 72.9375, 48.15625, 109.5625, 39.0625, 106.125, 150.75, 114.8125, 54.09375, 14.2109375, 56.03125, 135.75, 63.25, 47.75, 64.1875, 129.875], [16.546875, 94.375, 127.0, 61.28125, 118.1875, 69.1875, 100.5, 75.6875, 99.625, 123.0, 90.9375, 105.125, 75.4375, 81.0, 62.25, 70.75, 81.5625, 99.875, 97.625, 128.375, 74.3125, 78.25, 38.0, 38.1875, 68.6875, 8.9453125, 24.328125, 78.4375, 57.09375, 87.875, 118.0625, 90.0625, 92.4375, 120.9375, 37.4375, 106.1875, 80.125, 97.75, 51.03125, 25.0, 36.0625, 74.5, 39.8125, 54.4375, 0.0, 129.5, 109.8125, 102.5625, 19.109375, 41.03125, 100.125, 107.625, 51.09375, 102.0625, 73.5, 118.25, 76.8125, 65.75, 106.375, 101.5625, 45.625, 73.375, 79.625, 59.46875, 71.5625, 77.875, 47.53125, 48.3125, 138.25, 82.25, 72.5625, 109.6875, 89.4375, 83.5, 65.5, 9.21875, 97.9375, 108.1875, 101.625, 75.1875, 78.1875], [121.5, 185.5, 147.25, 89.875, 13.4140625, 60.8125, 224.125, 61.625, 161.75, 143.375, 189.625, 27.453125, 173.125, 111.5625, 132.625, 148.375, 61.28125, 56.75, 42.0, 168.875, 181.5, 205.25, 114.5625, 167.0, 129.75, 130.75, 107.625, 124.1875, 165.375, 208.0, 239.125, 64.5, 55.21875, 31.625, 135.75, 124.1875, 105.5, 59.21875, 156.5, 140.25, 111.125, 56.46875, 167.25, 169.75, 129.5, 0.0, 191.0, 181.0, 115.25, 170.125, 54.5625, 236.375, 132.875, 74.3125, 167.25, 243.375, 143.625, 171.5, 178.375, 171.625, 112.8125, 84.0, 172.125, 126.6875, 100.0, 205.625, 168.25, 177.625, 176.0, 172.0, 64.1875, 183.375, 64.1875, 212.25, 183.875, 136.25, 34.21875, 189.0, 214.5, 129.875, 131.125], [125.75, 18.03125, 236.625, 163.375, 185.625, 140.5, 161.75, 163.75, 32.3125, 232.5, 28.15625, 177.875, 36.0625, 80.375, 171.875, 45.21875, 171.75, 136.5, 149.0, 237.625, 45.21875, 138.0, 88.25, 114.125, 178.5, 118.125, 126.5, 67.125, 155.375, 161.25, 180.25, 127.125, 136.0, 165.625, 74.0625, 214.875, 86.3125, 189.125, 59.46875, 84.875, 143.75, 141.25, 91.6875, 147.5, 109.8125, 191.0, 0.0, 10.0, 125.8125, 113.625, 138.375, 145.0, 160.5, 199.5, 175.875, 169.5, 186.0, 48.375, 15.265625, 207.875, 154.25, 107.0625, 30.484375, 66.9375, 91.0, 134.375, 74.6875, 102.6875, 247.5, 184.75, 161.25, 11.3125, 182.625, 131.625, 150.25, 101.8125, 172.625, 210.25, 181.875, 185.0, 60.03125], [118.1875, 17.46875, 229.0, 154.75, 175.625, 130.75, 160.25, 154.375, 23.328125, 224.875, 28.859375, 168.0, 31.625, 70.4375, 164.75, 35.84375, 162.375, 126.5, 139.0, 230.75, 43.1875, 136.0, 79.1875, 109.6875, 171.125, 111.0625, 118.25, 57.125, 150.125, 158.625, 178.875, 117.125, 126.0, 155.75, 66.0625, 206.875, 76.3125, 179.625, 53.25, 77.875, 135.875, 131.375, 87.4375, 142.625, 102.5625, 181.0, 10.0, 0.0, 117.9375, 109.375, 128.375, 145.25, 153.5, 190.25, 170.375, 169.0, 179.125, 44.28125, 8.546875, 201.875, 146.375, 97.0625, 25.078125, 57.28125, 81.0, 132.5, 70.5625, 99.3125, 240.625, 179.25, 151.875, 8.25, 173.25, 130.5, 146.375, 94.9375, 162.75, 205.0, 178.875, 177.5, 50.03125], [6.40234375, 111.3125, 111.125, 42.1875, 103.25, 56.84375, 110.0, 58.3125, 112.3125, 106.9375, 108.6875, 89.5625, 92.6875, 85.625, 49.25, 84.1875, 63.59375, 92.875, 87.375, 115.125, 92.6875, 90.0, 44.71875, 52.34375, 54.40625, 16.15625, 7.80859375, 86.0, 57.28125, 95.125, 126.25, 84.125, 84.5625, 110.4375, 51.84375, 89.0625, 83.375, 79.25, 68.4375, 42.53125, 18.03125, 62.8125, 58.3125, 58.125, 19.109375, 115.25, 125.8125, 117.9375, 0.0, 55.46875, 92.6875, 121.25, 39.5625, 83.0, 69.0, 128.75, 64.875, 83.75, 120.9375, 92.375, 28.421875, 71.25, 96.25, 69.125, 73.6875, 90.4375, 66.625, 65.125, 125.125, 77.125, 55.15625, 124.625, 70.875, 97.0625, 71.375, 28.28125, 82.375, 101.9375, 105.6875, 60.4375, 87.25], [49.65625, 95.75, 139.875, 93.625, 158.375, 110.125, 62.03125, 113.625, 115.125, 136.625, 87.9375, 144.875, 77.875, 112.5625, 74.9375, 87.4375, 118.5, 140.0, 138.625, 133.25, 69.3125, 38.09375, 72.0625, 3.162109375, 83.0, 39.4375, 62.78125, 106.0625, 43.9375, 53.15625, 80.625, 129.875, 132.875, 162.0, 59.6875, 124.5625, 113.25, 133.125, 58.25, 44.15625, 66.0, 115.5, 21.9375, 34.71875, 41.03125, 170.125, 113.625, 109.375, 55.46875, 0.0, 140.375, 66.625, 63.9375, 134.125, 65.1875, 78.375, 84.3125, 65.3125, 115.75, 98.875, 71.4375, 111.5, 84.3125, 86.0, 106.375, 37.1875, 38.90625, 14.3203125, 142.625, 73.5625, 110.5, 117.5625, 124.625, 42.4375, 37.0, 36.625, 137.75, 97.9375, 71.375, 89.5, 103.3125], [98.875, 134.75, 166.25, 89.125, 53.25, 41.0, 200.5, 65.25, 108.0, 161.875, 140.25, 52.34375, 124.625, 58.03125, 128.625, 98.0, 71.1875, 2.236328125, 16.28125, 182.125, 134.875, 178.25, 72.625, 137.75, 129.125, 104.8125, 85.25, 71.25, 149.75, 187.125, 217.875, 12.0859375, 8.25, 27.453125, 92.9375, 140.625, 52.09375, 82.0, 111.875, 102.0, 97.5, 35.0, 131.5, 150.75, 100.125, 54.5625, 138.375, 128.375, 92.6875, 140.375, 0.0, 206.25, 124.125, 98.4375, 158.375, 218.375, 143.25, 125.3125, 125.0, 173.25, 104.0625, 34.0, 122.5, 77.5, 48.5, 177.625, 128.0, 144.25, 191.0, 165.375, 65.5, 130.0, 81.0, 182.5, 163.625, 103.875, 51.21875, 187.375, 198.375, 132.0, 78.4375], [115.125, 128.0, 181.125, 155.625, 224.5, 176.75, 31.3125, 178.5, 159.5, 179.0, 117.0, 210.75, 116.375, 171.75, 125.9375, 137.25, 182.625, 205.625, 205.125, 165.875, 102.6875, 32.90625, 135.375, 69.5, 133.5, 105.625, 128.75, 162.5, 84.375, 46.875, 42.0, 195.25, 198.875, 228.375, 118.6875, 173.0, 173.625, 195.875, 107.9375, 105.6875, 128.875, 182.125, 76.0, 75.1875, 107.625, 236.375, 145.0, 145.25, 121.25, 66.625, 206.25, 0.0, 117.75, 194.25, 99.0, 26.40625, 128.5, 105.3125, 153.375, 128.25, 131.75, 175.75, 123.3125, 143.5, 168.375, 31.3125, 85.625, 62.1875, 173.125, 103.25, 175.5, 153.125, 187.375, 24.203125, 62.65625, 102.5625, 203.625, 117.1875, 63.0625, 138.875, 158.0], [36.71875, 144.625, 77.875, 43.28125, 119.625, 83.9375, 97.125, 71.25, 150.375, 74.25, 140.0, 105.4375, 125.5, 125.0, 11.6640625, 121.625, 72.375, 124.75, 115.125, 77.25, 122.3125, 84.875, 84.1875, 61.1875, 19.3125, 42.4375, 43.9375, 125.5625, 35.0, 79.0625, 109.1875, 117.625, 115.9375, 136.5, 88.4375, 60.625, 122.5, 81.8125, 101.25, 75.6875, 27.015625, 90.25, 78.375, 42.71875, 51.09375, 132.875, 160.5, 153.5, 39.5625, 63.9375, 124.125, 117.75, 0.0, 77.375, 34.9375, 116.875, 25.8125, 114.8125, 157.5, 52.875, 20.609375, 108.3125, 130.125, 108.25, 112.5625, 87.125, 92.3125, 77.875, 87.1875, 41.21875, 68.8125, 160.75, 73.75, 95.6875, 56.375, 58.6875, 98.75, 64.0, 82.0625, 26.0, 126.5625], [87.0625, 187.875, 73.0, 41.0625, 62.0, 65.75, 174.5, 37.65625, 177.875, 69.0625, 187.5, 51.625, 170.625, 134.375, 71.875, 154.375, 29.734375, 100.25, 82.75, 94.75, 173.375, 161.375, 111.25, 131.0, 66.0625, 98.0625, 78.4375, 142.25, 112.3125, 156.25, 185.875, 99.875, 92.4375, 93.9375, 127.875, 50.0, 129.125, 16.765625, 147.75, 123.5, 68.5, 68.75, 141.0, 119.9375, 102.0625, 74.3125, 199.5, 190.25, 83.0, 134.125, 98.4375, 194.25, 77.375, 0.0, 106.6875, 194.125, 77.8125, 163.75, 191.0, 102.0625, 63.0625, 106.125, 172.625, 133.75, 119.5, 163.25, 149.375, 146.125, 101.6875, 108.9375, 39.40625, 195.5, 18.390625, 171.375, 133.75, 111.1875, 49.03125, 120.6875, 157.0, 63.625, 147.0], [64.125, 158.625, 82.25, 77.375, 154.0, 118.625, 72.5625, 105.8125, 171.375, 80.0, 151.875, 139.875, 139.875, 153.5, 35.375, 142.375, 106.25, 158.875, 149.875, 70.0, 133.25, 68.75, 110.8125, 63.65625, 40.59375, 64.75, 75.1875, 151.875, 21.265625, 53.9375, 80.5, 151.25, 150.125, 171.375, 109.5625, 75.1875, 151.75, 113.875, 117.125, 94.4375, 60.875, 124.9375, 85.625, 31.0625, 73.5, 167.25, 175.875, 170.375, 69.0, 65.1875, 158.375, 99.0, 34.9375, 106.6875, 0.0, 91.5, 31.015625, 127.8125, 175.625, 33.84375, 55.53125, 140.125, 145.625, 133.0, 142.375, 72.1875, 102.1875, 79.0, 78.75, 8.9453125, 103.4375, 178.25, 106.3125, 81.1875, 37.84375, 78.1875, 133.25, 34.9375, 50.46875, 43.90625, 151.625], [122.375, 152.125, 171.0, 158.125, 230.875, 185.5, 19.71875, 183.375, 181.75, 169.625, 141.375, 216.875, 139.125, 189.25, 123.0625, 157.875, 186.375, 218.0, 215.375, 153.0, 126.0, 40.3125, 150.25, 80.75, 130.0, 114.3125, 136.5, 181.25, 81.875, 38.09375, 17.5, 208.0, 210.625, 238.625, 135.75, 166.625, 190.5, 198.0, 127.875, 121.3125, 132.875, 191.375, 93.0, 74.875, 118.25, 243.375, 169.5, 169.0, 128.75, 78.375, 218.375, 26.40625, 116.875, 194.125, 91.5, 0.0, 122.4375, 127.5, 177.0, 116.125, 133.75, 189.875, 146.125, 161.625, 184.375, 41.625, 105.3125, 78.4375, 159.25, 93.5625, 180.375, 177.125, 189.75, 39.8125, 60.75, 114.9375, 209.75, 102.25, 46.09375, 134.5, 177.375], [62.4375, 169.75, 55.65625, 55.53125, 130.25, 102.25, 103.3125, 83.8125, 176.125, 52.625, 164.75, 116.5, 150.75, 149.625, 15.8125, 147.375, 82.4375, 144.125, 132.375, 51.625, 146.875, 97.0, 109.5625, 81.9375, 14.3203125, 68.125, 68.375, 150.75, 45.09375, 84.625, 111.5, 138.0, 135.125, 152.125, 114.1875, 44.5625, 146.75, 87.0625, 126.5625, 101.25, 50.0, 108.375, 101.375, 55.3125, 76.8125, 143.625, 186.0, 179.125, 64.875, 84.3125, 143.25, 128.5, 25.8125, 77.8125, 31.015625, 122.4375, 0.0, 139.75, 183.25, 30.015625, 40.59375, 131.0, 155.625, 133.875, 136.625, 100.0, 116.25, 98.625, 61.5625, 31.40625, 82.0, 186.5, 80.25, 109.0625, 66.0625, 84.25, 110.5, 45.53125, 81.0, 14.2109375, 152.125], [82.3125, 30.8125, 192.25, 124.625, 163.25, 113.5625, 117.125, 131.5, 54.34375, 188.375, 25.234375, 152.875, 12.6484375, 75.0625, 126.375, 33.84375, 138.875, 123.9375, 131.25, 191.125, 10.046875, 92.4375, 57.4375, 65.75, 133.5, 73.25, 86.3125, 62.96875, 107.0625, 114.5625, 136.0, 113.1875, 120.3125, 152.125, 37.0, 171.875, 79.0, 156.125, 16.125, 41.21875, 101.5625, 116.25, 43.375, 99.125, 65.75, 171.5, 48.375, 44.28125, 83.75, 65.3125, 125.3125, 105.3125, 114.8125, 163.75, 127.8125, 127.