{"name": "LZB_n80_16", "n": 80, "m": 10, "times": [[0.0, 14.3203125, 117.4375, 86.25, 15.5546875, 57.375, 5.0, 60.53125, 113.4375, 50.59375, 98.0, 112.375, 14.2109375, 71.3125, 109.625, 21.59375, 103.8125, 134.375, 77.375, 68.125, 60.0, 108.0, 57.71875, 67.25, 40.21875, 94.875, 53.3125, 88.0625, 61.28125, 125.75, 44.09375, 99.25, 103.25, 88.8125, 8.6015625, 50.125, 40.375, 58.6875, 84.5, 110.1875, 111.5, 72.8125, 38.3125, 74.0, 108.4375, 88.9375, 63.65625, 84.75, 25.5, 63.875, 95.4375, 50.0, 48.25, 56.03125, 84.625, 87.0625, 75.0, 66.75, 35.46875, 95.625, 67.5, 77.25, 64.8125, 9.8515625, 42.0625, 86.5, 106.375, 114.3125, 37.6875, 84.5, 15.1328125, 82.125, 109.625, 97.25, 100.25, 58.25, 136.5, 35.125, 89.0625, 106.0625, 53.3125], [14.3203125, 0.0, 125.5, 73.25, 28.65625, 50.21875, 10.0, 66.75, 126.1875, 42.8125, 105.125, 102.625, 26.921875, 57.28125, 102.625, 7.28125, 117.8125, 127.4375, 63.625, 75.9375, 49.09375, 99.0625, 65.3125, 54.40625, 32.1875, 90.3125, 67.4375, 92.5625, 53.15625, 114.875, 49.96875, 93.1875, 96.625, 95.5, 9.8515625, 36.625, 52.625, 51.78125, 70.25, 105.1875, 120.9375, 76.3125, 25.296875, 74.6875, 104.1875, 85.0, 72.6875, 98.0, 14.8671875, 56.21875, 101.9375, 64.3125, 35.375, 67.1875, 71.0, 87.4375, 89.0, 80.9375, 25.625, 107.875, 70.25, 63.0625, 72.25, 15.6171875, 56.0, 99.875, 93.625, 109.5625, 51.875, 81.125, 29.015625, 68.0, 121.75, 83.75, 107.5, 50.59375, 129.25, 21.84375, 87.875, 92.4375, 42.4375], [117.4375, 125.5, 0.0, 156.25, 118.8125, 174.625, 118.125, 162.375, 159.125, 167.625, 188.75, 228.0, 120.0, 158.0, 227.0, 129.625, 129.625, 251.75, 158.125, 49.59375, 174.25, 224.5, 156.125, 176.625, 157.0, 211.625, 110.75, 189.75, 114.3125, 161.5, 150.75, 216.625, 220.75, 31.78125, 116.125, 139.125, 127.0625, 108.5, 181.625, 227.125, 14.8671875, 57.5625, 149.25, 70.0625, 224.875, 94.0625, 53.90625, 68.0, 120.9375, 181.0, 26.921875, 104.375, 134.125, 139.875, 161.125, 198.375, 83.1875, 108.5, 119.0625, 50.625, 176.125, 176.625, 53.25, 126.75, 91.6875, 69.125, 167.375, 231.0, 109.1875, 90.0, 106.0625, 182.0, 164.125, 168.875, 19.3125, 175.375, 253.875, 145.625, 77.125, 177.25, 167.75], [86.25, 73.25, 156.25, 0.0, 101.625, 91.375, 81.25, 134.625, 199.5, 85.8125, 172.5, 111.625, 100.0, 22.5625, 127.125, 66.625, 189.375, 147.625, 14.140625, 115.0625, 74.75, 114.125, 135.125, 62.1875, 81.4375, 128.125, 138.875, 155.75, 42.28125, 48.84375, 118.875, 124.125, 124.0, 125.125, 78.25, 36.78125, 125.875, 48.25, 42.0625, 138.125, 158.5, 98.8125, 63.28125, 86.375, 140.5, 69.875, 117.125, 157.25, 61.0625, 92.625, 129.25, 134.625, 38.0, 140.125, 8.546875, 141.375, 153.375, 151.625, 52.8125, 160.625, 132.0, 43.40625, 111.0, 88.625, 122.375, 159.5, 20.515625, 143.125, 123.3125, 71.1875, 98.0, 46.3125, 194.875, 13.0, 137.125, 89.875, 147.375, 63.25, 85.0, 22.09375, 73.375], [15.5546875, 28.65625, 118.8125, 101.625, 0.0, 60.375, 20.515625, 49.09375, 97.9375, 54.78125, 85.0, 116.75, 2.0, 85.875, 110.625, 35.78125, 89.3125, 135.0, 92.3125, 71.125, 67.25, 111.4375, 45.09375, 77.0, 45.59375, 93.375, 39.28125, 77.4375, 76.3125, 141.25, 33.96875, 99.375, 104.0, 92.5625, 24.078125, 65.1875, 24.84375, 73.375, 97.0625, 108.875, 111.125, 80.4375, 49.375, 84.0, 106.3125, 101.875, 65.1875, 77.25, 41.03125, 67.0625, 99.3125, 37.125, 63.59375, 40.8125, 99.625, 80.5, 65.3125, 53.15625, 51.0, 90.5625, 59.125, 89.625, 68.4375, 15.1328125, 33.625, 78.75, 121.8125, 112.5625, 24.1875, 97.0625, 13.6015625, 94.1875, 94.0625, 112.375, 103.0625, 61.75, 137.375, 46.6875, 100.25, 121.0625, 60.8125], [57.375, 50.21875, 174.625, 91.375, 60.375, 0.0, 56.59375, 55.53125, 133.875, 7.6171875, 87.9375, 56.46875, 58.59375, 68.9375, 52.5, 48.3125, 137.125, 77.3125, 77.5, 125.1875, 18.4375, 51.09375, 59.78125, 33.96875, 18.03125, 41.5, 93.5625, 67.9375, 93.0625, 140.0, 46.375, 43.03125, 46.40625, 145.375, 58.90625, 62.0, 70.4375, 94.125, 62.375, 55.53125, 168.875, 126.5, 33.375, 123.875, 55.375, 129.5, 121.0, 137.5, 60.0, 6.70703125, 151.875, 94.125, 65.0625, 75.4375, 84.875, 50.15625, 124.625, 107.1875, 68.0, 150.875, 45.46875, 55.59375, 121.6875, 48.59375, 93.9375, 138.875, 110.3125, 60.15625, 81.625, 126.625, 70.4375, 57.3125, 125.875, 96.1875, 157.125, 2.236328125, 79.25, 35.90625, 135.375, 102.0625, 18.03125], [5.0, 10.0, 118.125, 81.25, 20.515625, 56.59375, 0.0, 64.125, 118.4375, 49.53125, 101.9375, 110.6875, 19.109375, 66.5, 109.0625, 17.125, 108.6875, 133.875, 72.4375, 68.5625, 57.71875, 106.6875, 61.6875, 64.0, 38.9375, 95.1875, 58.1875, 91.25, 56.8125, 120.875, 47.53125, 99.0, 102.8125, 88.875, 4.125, 45.1875, 45.28125, 54.4375, 80.25, 110.375, 112.8125, 71.5625, 34.9375, 71.8125, 108.9375, 85.5, 64.6875, 88.125, 20.515625, 62.9375, 95.4375, 54.71875, 43.28125, 60.8125, 79.625, 89.0625, 79.0, 71.5, 30.609375, 98.375, 70.125, 73.0625, 65.125, 12.0, 46.0, 89.9375, 101.375, 114.5625, 42.53125, 81.125, 19.03125, 78.0, 114.5625, 92.3125, 100.5625, 57.28125, 135.875, 31.578125, 86.375, 101.125, 51.0], [60.53125, 66.75, 162.375, 134.625, 49.09375, 55.53125, 64.125, 0.0, 79.25, 56.09375, 38.46875, 103.0, 49.0, 114.1875, 86.875, 71.1875, 87.5, 107.5625, 122.3125, 117.625, 72.5625, 95.0625, 7.2109375, 87.6875, 55.21875, 64.5625, 56.59375, 28.4375, 119.875, 180.0, 16.765625, 74.5, 80.4375, 139.125, 68.25, 98.8125, 35.5, 118.125, 115.0, 78.5625, 152.5, 129.25, 71.6875, 133.0, 73.8125, 149.5, 110.75, 107.5, 81.625, 60.09375, 145.75, 60.96875, 99.375, 27.78125, 130.125, 39.21875, 91.3125, 66.875, 92.375, 124.875, 17.46875, 107.625, 115.5, 52.40625, 70.6875, 108.1875, 155.0, 80.5, 53.34375, 145.0, 62.40625, 110.4375, 70.625, 142.625, 148.5, 57.78125, 111.0, 71.375, 149.0, 150.125, 69.0625], [113.4375, 126.1875, 159.125, 199.5, 97.9375, 133.875, 118.4375, 79.25, 0.0, 133.125, 65.4375, 181.5, 99.5, 182.5, 163.0, 133.0, 31.046875, 180.5, 189.5, 132.875, 149.625, 173.25, 74.1875, 163.75, 129.5, 140.0, 64.625, 84.1875, 172.125, 238.375, 88.25, 151.0, 157.0, 149.875, 121.8125, 162.75, 73.625, 168.125, 189.125, 151.75, 145.0, 154.125, 141.875, 164.625, 146.0, 189.875, 124.625, 91.0625, 139.0, 139.0, 155.125, 71.0, 161.5, 60.8125, 197.0, 109.4375, 76.8125, 56.875, 148.625, 109.0625, 94.25, 181.625, 133.25, 111.0, 87.8125, 90.0, 219.75, 152.375, 78.75, 184.375, 104.0, 185.25, 11.1796875, 209.875, 153.75, 136.125, 184.375, 140.25, 182.5, 218.375, 145.0], [50.59375, 42.8125, 167.625, 85.8125, 54.78125, 7.6171875, 49.53125, 56.09375, 133.125, 0.0, 90.5, 62.1875, 52.9375, 63.5625, 59.8125, 40.71875, 134.625, 84.625, 72.0625, 118.0625, 16.546875, 57.4375, 59.5, 31.625, 10.6328125, 49.03125, 89.5625, 71.375, 85.6875, 134.125, 44.9375, 50.59375, 53.8125, 138.125, 51.65625, 55.15625, 67.0, 86.6875, 59.46875, 63.15625, 162.125, 119.0, 26.078125, 116.25, 62.9375, 122.0, 114.125, 132.0, 52.40625, 13.453125, 144.625, 89.625, 58.0, 73.5625, 79.625, 55.65625, 119.625, 103.375, 60.4375, 144.875, 48.15625, 52.3125, 114.5625, 42.1875, 88.375, 133.5, 105.125, 67.75, 76.875, 119.125, 64.125, 54.65625, 125.5625, 91.3125, 150.0, 7.80859375, 86.4375, 28.4375, 127.8125, 97.625, 13.453125], [98.0, 105.125, 188.75, 172.5, 85.0, 87.9375, 101.9375, 38.46875, 65.4375, 90.5, 0.0, 124.0625, 85.3125, 151.625, 102.4375, 109.6875, 86.625, 117.0, 159.875, 148.375, 106.1875, 115.25, 40.25, 121.75, 91.8125, 79.8125, 78.125, 22.140625, 158.125, 218.375, 55.15625, 91.25, 97.0625, 169.375, 106.0625, 137.0, 65.0625, 156.25, 149.875, 89.1875, 177.25, 163.0, 109.3125, 168.375, 83.125, 186.75, 140.75, 126.5625, 120.0, 90.8125, 175.75, 84.5, 137.75, 49.65625, 167.625, 48.28125, 109.5625, 82.75, 130.75, 145.375, 42.53125, 142.875, 146.875, 90.4375, 98.625, 126.6875, 192.75, 89.0, 81.75, 182.0, 97.4375, 145.0, 54.40625, 180.0, 177.375, 90.125, 121.0, 109.3125, 185.125, 187.125, 103.9375], [112.375, 102.625, 228.0, 111.625, 116.75, 56.46875, 110.6875, 103.0, 181.5, 62.1875, 124.0625, 0.0, 114.9375, 91.6875, 25.453125, 98.5, 189.625, 37.0625, 98.5, 178.5, 53.8125, 8.9453125, 109.0625, 55.21875, 72.1875, 44.78125, 149.25, 101.9375, 131.75, 157.75, 99.3125, 33.53125, 28.296875, 197.625, 112.1875, 98.25, 125.625, 134.875, 69.875, 41.71875, 223.375, 176.125, 79.1875, 170.75, 47.5, 169.25, 175.25, 194.0, 108.1875, 49.78125, 203.875, 150.25, 102.9375, 127.75, 103.1875, 75.875, 181.0, 162.5, 112.9375, 207.125, 87.25, 68.4375, 174.75, 104.3125, 150.375, 195.375, 124.375, 45.34375, 137.875, 167.75, 126.25, 65.3125, 172.0, 109.5625, 209.75, 55.03125, 36.0625, 82.75, 178.875, 111.0, 60.3125], [14.2109375, 26.921875, 120.0, 100.0, 2.0, 58.59375, 19.109375, 49.0, 99.5, 52.9375, 85.3125, 114.9375, 0.0, 84.0625, 109.0, 34.0, 91.1875, 133.375, 90.5625, 72.0625, 65.3125, 109.6875, 45.28125, 75.0, 43.6875, 91.9375, 41.21875, 77.25, 75.3125, 140.0, 33.53125, 97.8125, 102.4375, 93.5, 22.796875, 63.5, 26.171875, 72.4375, 95.125, 107.5, 112.5, 80.8125, 47.375, 84.0625, 105.0, 101.4375, 66.3125, 79.125, 39.59375, 65.3125, 100.1875, 39.125, 62.0, 41.875, 97.9375, 79.6875, 67.25, 55.09375, 49.6875, 92.3125, 58.53125, 87.6875, 69.3125, 13.15625, 35.46875, 80.625, 120.25, 111.1875, 26.171875, 96.6875, 14.3203125, 92.25, 95.4375, 110.6875, 104.125, 59.9375, 135.875, 44.71875, 100.125, 119.375, 58.84375], [71.3125, 57.28125, 158.0, 22.5625, 85.875, 68.9375, 66.5, 114.1875, 182.5, 63.5625, 151.625, 91.6875, 84.0625, 0.0, 105.5625, 50.09375, 175.0, 126.875, 8.546875, 112.8125, 52.1875, 93.375, 115.25, 40.0, 59.90625, 105.6875, 124.625, 134.125, 45.8125, 71.375, 99.0, 102.0, 102.125, 126.3125, 64.1875, 22.203125, 109.0625, 50.78125, 25.453125, 116.0, 158.25, 100.75, 42.53125, 90.5625, 118.1875, 80.8125, 113.3125, 149.375, 48.0625, 70.0625, 131.25, 121.125, 26.0, 122.1875, 16.125, 119.0625, 143.25, 138.0, 43.0, 155.25, 110.4375, 23.703125, 108.6875, 71.6875, 110.875, 151.375, 41.59375, 121.0, 109.0, 80.625, 84.75, 28.015625, 177.25, 28.421875, 138.75, 67.375, 126.875, 43.125, 93.5, 36.125, 50.90625], [109.625, 102.625, 227.0, 127.125, 110.625, 52.5, 109.0625, 86.875, 163.0, 59.8125, 102.4375, 25.453125, 109.0, 105.5625, 0.0, 100.125, 174.375, 24.84375, 113.3125, 177.625, 58.3125, 17.203125, 93.625, 65.9375, 70.4375, 23.0, 138.25, 80.625, 140.5, 175.0, 86.9375, 12.3671875, 6.70703125, 197.875, 111.375, 107.1875, 114.5625, 142.625, 87.25, 16.28125, 220.875, 178.625, 82.75, 175.25, 22.203125, 177.875, 173.25, 186.125, 111.3125, 46.40625, 204.375, 140.375, 111.3125, 113.625, 119.0625, 54.34375, 171.75, 150.75, 118.0625, 200.75, 69.875, 84.0, 174.125, 100.4375, 143.375, 187.25, 142.25, 20.0, 129.0, 175.75, 121.9375, 82.125, 153.0, 127.1875, 209.625, 52.0, 26.90625, 85.9375, 185.625, 130.0, 63.5], [21.59375, 7.28125, 129.625, 66.625, 35.78125, 48.3125, 17.125, 71.1875, 133.0, 40.71875, 109.6875, 98.5, 34.0, 50.09375, 100.125, 0.0, 125.0, 124.875, 56.59375, 80.1875, 44.6875, 95.5, 70.3125, 48.46875, 30.46875, 89.3125, 74.6875, 96.0625, 49.65625, 109.3125, 54.5625, 91.3125, 94.3125, 99.0625, 16.125, 29.828125, 59.40625, 49.03125, 63.125, 103.8125, 125.6875, 78.625, 19.71875, 75.5625, 103.25, 83.375, 77.5, 104.6875, 12.1640625, 53.84375, 105.375, 71.5625, 29.0625, 73.5625, 64.0625, 89.0, 96.0625, 88.25, 22.09375, 114.0, 73.1875, 56.0, 76.375, 22.015625, 63.0625, 106.5625, 87.0625, 108.3125, 59.125, 79.875, 36.125, 61.0, 128.375, 76.875, 111.3125, 48.375, 126.375, 16.125, 87.625, 85.4375, 38.21875], [103.8125, 117.8125, 129.625, 189.375, 89.3125, 137.125, 108.6875, 87.5, 31.046875, 134.625, 86.625, 189.625, 91.1875, 175.0, 174.375, 125.0, 0.0, 194.375, 181.125, 108.25, 150.375, 182.125, 80.875, 163.0, 128.75, 151.875, 50.53125, 101.0625, 157.25, 224.0, 91.0, 162.0, 167.875, 123.375, 111.375, 153.875, 68.4375, 152.625, 185.75, 165.25, 115.25, 131.0, 137.625, 142.875, 160.0, 169.875, 100.25, 61.96875, 128.375, 143.0, 128.125, 54.90625, 151.625, 62.03125, 188.25, 123.625, 49.78125, 38.0, 136.875, 79.1875, 104.5625, 178.125, 109.25, 104.0625, 69.4375, 60.65625, 209.0, 166.625, 66.1875, 164.25, 91.4375, 182.375, 39.34375, 200.875, 125.875, 139.125, 198.0, 135.375, 160.625, 209.75, 144.875], [134.375, 127.4375, 251.75, 147.625, 135.0, 77.3125, 133.875, 107.5625, 180.5, 84.625, 117.0, 37.0625, 133.375, 126.875, 24.84375, 124.875, 194.375, 0.0, 134.125, 202.375, 82.3125, 33.53125, 114.5625, 88.25, 95.25, 43.375, 161.0, 96.4375, 164.0, 194.375, 109.6875, 35.59375, 31.109375, 222.625, 136.25, 130.5, 137.375, 166.375, 106.375, 29.125, 245.5, 203.375, 107.1875, 199.75, 34.53125, 201.5, 198.0, 209.75, 135.875, 71.1875, 229.25, 163.625, 134.875, 135.0, 139.25, 71.1875, 195.0, 173.125, 142.375, 224.875, 90.125, 104.25, 199.0, 125.1875, 167.375, 210.875, 161.25, 28.15625, 152.5, 199.5, 146.5, 101.625, 170.0, 146.25, 234.5, 76.8125, 4.125, 110.4375, 209.75, 148.0, 87.8125], [77.375, 63.625, 158.125, 14.140625, 92.3125, 77.5, 72.4375, 122.3125, 189.5, 72.0625, 159.875, 98.5, 90.5625, 8.546875, 113.3125, 56.59375, 181.125, 134.125, 0.0, 114.25, 60.625, 100.625, 123.1875, 48.09375, 68.25, 114.0, 130.625, 142.5, 44.28125, 62.96875, 106.875, 110.0625, 110.0, 126.5, 69.875, 27.3125, 115.9375, 49.78125, 30.015625, 124.0625, 159.125, 100.5625, 50.59375, 89.5, 126.375, 77.125, 115.375, 153.0, 53.15625, 78.5625, 131.25, 126.875, 30.078125, 129.5, 7.80859375, 127.5625, 147.75, 143.75, 46.6875, 158.0, 118.875, 30.078125, 110.1875, 78.5, 115.8125, 155.125, 33.125, 129.0, 114.9375, 77.4375, 90.25, 33.625, 184.5, 20.515625, 138.875, 75.875, 134.0, 51.0, 90.8125, 28.84375, 59.46875], [68.125, 75.9375, 49.59375, 115.0625, 71.125, 125.1875, 68.5625, 117.625, 132.875, 118.0625, 148.375, 178.5, 72.0625, 112.8125, 177.625, 80.1875, 108.25, 202.375, 114.25, 0.0, 124.8125, 175.0, 112.0625, 127.75, 107.5, 162.75, 73.1875, 145.875, 73.0, 131.875, 104.375, 167.375, 171.375, 21.546875, 66.5, 92.375, 83.75, 67.0, 135.0, 178.25, 46.09375, 24.078125, 99.875, 38.28125, 176.25, 67.4375, 8.25, 52.40625, 72.0625, 131.5, 28.234375, 66.125, 87.625, 98.75, 118.5, 151.625, 58.84375, 76.375, 71.5, 48.09375, 129.875, 129.5, 4.125, 77.625, 50.03125, 54.5625, 129.5, 182.25, 66.625, 61.90625, 57.8125, 134.875, 134.875, 128.0, 32.1875, 125.875, 204.375, 96.25, 54.5, 137.0, 118.25], [60.0, 49.09375, 174.25, 74.75, 67.25, 18.4375, 57.71875, 72.5625, 149.625, 16.546875, 106.1875, 53.8125, 65.3125, 52.1875, 58.3125, 44.6875, 150.375, 82.3125, 60.625, 124.8125, 0.0, 51.21875, 76.0625, 15.5546875, 22.015625, 54.0, 104.0625, 86.375, 82.25, 123.5625, 61.34375, 51.96875, 53.4375, 143.75, 58.84375, 49.25, 82.25, 84.3125, 43.9375, 65.75, 170.0, 122.5625, 25.5, 117.875, 67.125, 119.625, 121.75, 144.0, 54.5625, 18.03125, 150.0, 103.5, 53.15625, 89.75, 67.75, 68.0, 132.625, 118.0, 60.21875, 155.625, 63.6875, 37.1875, 121.0625, 53.15625, 100.4375, 145.625, 93.0, 70.6875, 90.5625, 117.375, 74.6875, 38.90625, 142.125, 78.5625, 156.0, 16.40625, 83.375, 29.0, 127.5, 84.0625, 6.70703125], [108.0, 99.0625, 224.5, 114.125, 111.4375, 51.09375, 106.6875, 95.0625, 173.25, 57.4375, 115.25, 8.9453125, 109.6875, 93.375, 17.203125, 95.5, 182.125, 33.53125, 100.625, 175.0, 51.21875, 0.0, 101.3125, 55.15625, 67.8125, 35.84375, 142.625, 93.125, 131.5, 161.125, 92.1875, 24.59375, 19.421875, 194.5, 108.4375, 97.9375, 118.9375, 134.25, 73.0625, 33.3125, 219.5, 173.75, 76.6875, 169.0, 38.90625, 169.0, 171.375, 188.25, 105.75, 44.40625, 200.875, 144.0, 102.4375, 120.375, 105.8125, 67.0625, 174.875, 155.75, 111.25, 201.875, 79.0625, 70.6875, 171.375, 99.5625, 144.875, 189.75, 128.0, 37.1875, 131.875, 167.25, 121.5, 68.1875, 163.75, 113.0625, 206.5, 49.9375, 33.53125, 80.125, 178.0, 115.1875, 57.375], [57.71875, 65.3125, 156.125, 135.125, 45.09375, 59.78125, 61.6875, 7.2109375, 74.1875, 59.5, 40.25, 109.0625, 45.28125, 115.25, 93.625, 70.3125, 80.875, 114.5625, 123.1875, 112.0625, 76.0625, 101.3125, 0.0, 90.8125, 57.4375, 71.5, 49.5, 33.84375, 118.125, 179.625, 16.28125, 81.25, 87.125, 133.5, 65.8125, 98.8125, 29.0625, 116.0625, 117.625, 85.625, 146.0, 124.5625, 72.8125, 129.0, 80.9375, 146.5, 105.0, 100.4375, 80.125, 64.75, 140.125, 54.03125, 99.0, 20.59375, 131.0, 46.40625, 84.1875, 59.625, 90.875, 117.9375, 24.59375, 110.125, 110.125, 50.34375, 64.375, 101.125, 155.625, 87.6875, 46.96875, 141.875, 58.0, 113.1875, 66.125, 143.625, 142.625, 61.96875, 118.0, 72.1875, 145.375, 151.375, 72.0625], [67.25, 54.40625, 176.625, 62.1875, 77.0, 33.96875, 64.0, 87.6875, 163.75, 31.625, 121.75, 55.21875, 75.0, 40.0, 65.9375, 48.46875, 163.0, 88.25, 48.09375, 127.75, 15.5546875, 55.15625, 90.8125, 0.0, 34.46875, 66.125, 115.25, 101.9375, 76.5625, 110.875, 75.625, 62.0, 62.1875, 145.375, 64.1875, 43.03125, 94.5625, 79.625, 28.421875, 76.0, 173.625, 122.5625, 29.125, 116.125, 78.3125, 114.0625, 125.6875, 152.0, 55.75, 32.75, 151.375, 114.0, 47.71875, 103.4375, 54.59375, 83.0, 141.75, 129.375, 58.71875, 162.25, 79.25, 21.953125, 123.8125, 62.125, 109.0625, 153.75, 79.3125, 81.0, 101.0, 112.5, 82.375, 23.34375, 156.625, 64.5625, 157.875, 31.890625, 88.625, 32.5625, 123.6875, 69.4375, 18.78125], [40.21875, 32.1875, 157.0, 81.4375, 45.59375, 18.03125, 38.9375, 55.21875, 129.5, 10.6328125, 91.8125, 72.1875, 43.6875, 59.90625, 70.4375, 30.46875, 128.75, 95.25, 68.25, 107.5, 22.015625, 67.8125, 57.4375, 34.46875, 0.0, 58.875, 82.0, 74.3125, 77.125, 128.875, 41.6875, 61.0625, 64.375, 127.5, 41.03125, 48.28125, 60.40625, 77.625, 60.21875, 73.375, 151.625, 108.4375, 18.6875, 106.0, 72.8125, 112.8125, 103.5625, 122.6875, 42.375, 24.078125, 134.0, 81.5, 50.5, 68.9375, 76.0, 61.8125, 110.875, 96.0, 51.0, 135.125, 50.59375, 52.6875, 103.9375, 32.1875, 79.0625, 124.25, 101.375, 77.875, 68.5625, 109.6875, 54.125, 55.9375, 122.5625, 88.25, 139.375, 18.4375, 97.0625, 20.09375, 117.9375, 95.25, 16.125], [94.875, 90.3125, 211.625, 128.125, 93.375, 41.5, 95.1875, 64.5625, 140.0, 49.03125, 79.8125, 44.78125, 91.9375, 105.6875, 23.0, 89.3125, 151.875, 43.375, 114.0, 162.75, 54.0, 35.84375, 71.5, 66.125, 58.875, 0.0, 117.75, 57.875, 134.375, 176.875, 66.375, 11.3984375, 17.265625, 183.625, 98.125, 102.5, 94.125, 135.625, 92.0, 15.5546875, 204.5, 166.5, 74.75, 164.75, 13.9296875, 171.0, 157.75, 166.75, 101.25, 37.34375, 190.25, 120.4375, 105.9375, 91.75, 120.6875, 31.578125, 151.75, 129.75, 109.5, 182.25, 47.3125, 87.0625, 159.625, 85.1875, 124.9375, 167.75, 145.375, 19.421875, 109.625, 168.125, 105.625, 86.625, 130.0, 130.5, 195.0, 41.96875, 46.625, 77.375, 176.75, 134.75, 57.21875], [53.3125, 67.4375, 110.75, 138.875, 39.28125, 93.5625, 58.1875, 56.59375, 64.625, 89.5625, 78.125, 149.25, 41.21875, 124.625, 138.25, 74.6875, 50.53125, 161.0, 130.625, 73.1875, 104.0625, 142.625, 49.5, 115.25, 82.0, 117.75, 0.0, 81.25, 108.1875, 174.875, 51.4375, 126.125, 131.625, 93.0625, 60.8125, 103.3125, 23.765625, 103.9375, 136.375, 132.75, 99.1875, 91.9375, 88.4375, 101.0, 128.75, 125.375, 65.0625, 51.0, 77.875, 100.0, 99.1875, 7.0703125, 101.125, 30.234375, 137.75, 95.6875, 34.71875, 14.0390625, 86.5625, 68.8125, 73.25, 128.875, 72.5625, 54.34375, 24.046875, 51.625, 158.625, 135.375, 15.65625, 119.9375, 41.0625, 133.375, 63.96875, 150.25, 100.0, 95.375, 164.125, 85.9375, 118.875, 159.25, 98.0], [88.0625, 92.5625, 189.75, 155.75, 77.4375, 67.9375, 91.25, 28.4375, 84.1875, 71.375, 22.140625, 101.9375, 77.25, 134.125, 80.625, 96.0625, 101.0625, 96.4375, 142.5, 145.875, 86.375, 93.125, 33.84375, 101.9375, 74.3125, 57.875, 81.25, 0.0, 145.5, 202.75, 44.0, 69.25, 75.125, 167.375, 95.3125, 121.4375, 62.78125, 144.375, 130.25, 68.0, 179.375, 157.625, 92.5625, 161.25, 62.0625, 176.75, 138.875, 132.0, 107.25, 70.0625, 174.0, 86.625, 122.75, 51.03125, 150.25, 26.3125, 115.25, 89.1875, 117.875, 150.125, 23.703125, 123.4375, 143.875, 79.3125, 98.0625, 132.5, 175.625, 68.25, 80.625, 172.375, 90.8125, 125.25, 73.5625, 162.25, 176.5, 70.0625, 100.3125, 93.125, 177.0, 168.875, 84.8125], [61.28125, 53.15625, 114.3125, 42.28125, 76.3125, 93.0625, 56.8125, 119.875, 172.125, 85.6875, 158.125, 131.75, 75.3125, 45.8125, 140.5, 49.65625, 157.25, 164.0, 44.28125, 73.0, 82.25, 131.5, 118.125, 76.5625, 77.125, 134.375, 108.1875, 145.5, 0.0, 66.6875, 103.0625, 133.875, 135.625, 83.0, 52.78125, 33.53125, 100.9375, 6.0, 71.0625, 147.5, 116.25, 56.75, 59.6875, 45.1875, 148.125, 37.5625, 75.6875, 117.9375, 38.3125, 97.0625, 87.375, 102.75, 29.15625, 117.125, 46.84375, 138.125, 116.25, 119.3125, 27.65625, 119.5, 122.8125, 67.875, 69.0625, 67.75, 88.0, 120.1875, 56.875, 152.375, 93.375, 36.0625, 68.125, 72.875, 169.5, 55.21875, 95.0625, 92.375, 164.75, 57.3125, 48.09375, 64.0625, 77.625], [125.75, 114.875, 161.5, 48.84375, 141.25, 140.0, 120.875, 180.0, 238.375, 134.125, 218.375, 157.75, 140.0, 71.375, 175.0, 109.3125, 224.0, 194.375, 62.96875, 131.875, 123.5625, 161.125, 179.625, 110.875, 128.875, 176.875, 174.875, 202.75, 66.6875, 0.0, 163.625, 172.625, 172.25, 134.375, 117.125, 81.375, 166.125, 71.375, 88.0625, 186.625, 168.0, 109.875, 110.3125, 95.0625, 189.125, 67.625, 136.75, 181.625, 100.625, 141.5, 136.375, 169.375, 80.625, 181.625, 56.3125, 189.75, 181.75, 186.0, 90.25, 180.0, 179.125, 91.0625, 128.5, 130.375, 154.625, 183.75, 33.375, 191.625, 159.875, 72.1875, 134.375, 93.0, 235.125, 48.15625, 144.25, 138.5, 193.75, 109.6875, 84.375, 47.8125, 122.0], [44.09375, 49.96875, 150.75, 118.875, 33.96875, 46.375, 47.53125, 16.765625, 88.25, 44.9375, 55.15625, 99.3125, 33.53125, 99.0, 86.9375, 54.5625, 91.0, 109.6875, 106.875, 104.375, 61.34375, 92.1875, 16.28125, 75.625, 41.6875, 66.375, 51.4375, 44.0, 103.0625, 163.625, 0.0, 74.75, 80.25, 125.9375, 51.625, 82.6875, 27.78125, 101.375, 101.875, 81.5625, 141.875, 114.3125, 56.59375, 117.375, 77.8125, 133.0, 97.9375, 100.625, 64.875, 52.09375, 132.625, 54.09375, 83.0, 29.0625, 114.6875, 47.71875, 85.4375, 63.90625, 75.625, 116.75, 25.5, 94.3125, 101.9375, 35.6875, 60.3125, 101.625, 139.375, 84.375, 43.875, 128.5, 47.53125, 97.625, 80.9375, 127.375, 136.0, 48.5, 112.6875, 55.90625, 133.0, 135.0, 56.875], [99.25, 93.1875, 216.625, 124.125, 99.375, 43.03125, 99.0, 74.5, 151.0, 50.59375, 91.25, 33.53125, 97.8125, 102.0, 12.3671875, 91.3125, 162.0, 35.59375, 110.0625, 167.375, 51.96875, 24.59375, 81.25, 62.0, 61.0625, 11.3984375, 126.125, 69.25, 133.875, 172.625, 74.75, 0.0, 6.0, 187.875, 101.625, 101.1875, 102.4375, 135.625, 86.125, 14.0, 210.0, 169.5, 75.0, 166.875, 17.09375, 171.125, 162.75, 174.25, 102.875, 37.5625, 194.5, 128.375, 105.0, 101.25, 116.375, 42.96875, 159.75, 138.5, 110.3125, 189.25, 57.5625, 81.875, 164.0, 89.875, 131.875, 175.5, 140.375, 19.0, 117.125, 168.625, 111.0625, 80.8125, 141.0, 125.4375, 199.5, 42.9375, 38.28125, 78.0, 177.875, 129.125, 56.3125], [103.25, 96.625, 220.75, 124.0, 104.0, 46.40625, 102.8125, 80.4375, 157.0, 53.8125, 97.0625, 28.296875, 102.4375, 102.125, 6.70703125, 94.3125, 167.875, 31.109375, 110.0, 171.375, 53.4375, 19.421875, 87.125, 62.1875, 64.375, 17.265625, 131.625, 75.125, 135.625, 172.25, 80.25, 6.0, 0.0, 191.625, 105.25, 102.625, 107.8125, 137.625, 85.0, 15.234375, 214.375, 172.75, 77.375, 169.625, 20.0, 173.0, 166.875, 179.375, 105.6875, 40.5, 198.25, 133.75, 106.625, 107.0, 116.0625, 48.84375, 165.0, 144.125, 112.75, 194.125, 63.5, 81.25, 167.875, 94.0625, 136.75, 180.625, 139.75, 19.921875, 122.3125, 170.625, 115.4375, 79.75, 147.0, 124.6875, 203.375, 46.03125, 33.40625, 80.5, 180.375, 127.875, 58.3125], [88.8125, 95.5, 31.78125, 125.125, 92.5625, 145.375, 88.875, 139.125, 149.875, 138.125, 169.375, 197.625, 93.5, 126.3125, 197.875, 99.0625, 123.375, 222.625, 126.5, 21.546875, 143.75, 194.5, 133.5, 145.375, 127.5, 183.625, 93.0625, 167.375, 83.0, 134.375, 125.9375, 187.875, 191.625, 0.0, 86.4375, 107.3125, 105.0, 77.125, 149.875, 199.0, 34.0, 26.3125, 118.4375, 40.0, 197.25, 66.9375, 28.640625, 63.125, 89.8125, 151.5, 6.70703125, 86.0625, 102.4375, 119.6875, 129.75, 173.125, 73.6875, 94.625, 87.4375, 52.3125, 151.375, 144.875, 24.1875, 98.5, 70.6875, 65.0, 137.25, 203.125, 87.6875, 62.15625, 79.1875, 150.25, 152.875, 137.875, 12.53125, 145.875, 224.5, 114.875, 50.90625, 146.5, 137.25], [8.6015625, 9.8515625, 116.125, 78.25, 24.078125, 58.90625, 4.125, 68.25, 121.8125, 51.65625, 106.0625, 112.1875, 22.796875, 64.1875, 111.375, 16.125, 111.375, 136.25, 69.875, 66.5, 58.84375, 108.4375, 65.8125, 64.1875, 41.03125, 98.125, 60.8125, 95.3125, 52.78125, 117.125, 51.625, 101.625, 105.25, 86.4375, 0.0, 42.53125, 48.90625, 50.34375, 79.0, 113.1875, 111.25, 68.4375, 35.125, 68.125, 111.875, 81.375, 63.0, 88.5625, 17.203125, 65.125, 92.9375, 57.0, 40.3125, 64.625, 76.9375, 92.75, 80.125, 73.9375, 26.90625, 98.0625, 74.0625, 72.0, 62.9375, 16.03125, 47.25, 90.4375, 98.25, 117.5, 45.1875, 77.125, 20.609375, 77.0625, 118.125, 89.5, 98.3125, 59.46875, 138.125, 31.625, 82.5, 98.375, 52.15625], [50.125, 36.625, 139.125, 36.78125, 65.1875, 62.0, 45.1875, 98.8125, 162.75, 55.15625, 137.0, 98.25, 63.5, 22.203125, 107.1875, 29.828125, 153.875, 130.5, 27.3125, 92.375, 49.25, 97.9375, 98.8125, 43.03125, 48.28125, 102.5, 103.3125, 121.4375, 33.53125, 81.375, 82.6875, 101.1875, 102.625, 107.3125, 42.53125, 0.0, 89.1875, 36.625, 42.71875, 114.9375, 138.25, 82.6875, 29.609375, 74.4375, 116.0, 71.125, 92.1875, 127.1875, 25.96875, 65.1875, 112.75, 99.5625, 5.0, 103.3125, 34.46875, 110.0, 121.0, 116.5, 21.21875, 133.5, 97.875, 37.59375, 88.25, 51.84375, 88.75, 129.25, 57.28125, 119.875, 87.6875, 69.4375, 62.96875, 42.9375, 158.125, 47.15625, 119.875, 61.0, 131.125, 28.453125, 80.8125, 55.9375, 45.28125], [40.375, 52.625, 127.0625, 125.875, 24.84375, 70.4375, 45.28125, 35.5, 73.625, 67.0, 65.0625, 125.625, 26.171875, 109.0625, 114.5625, 59.40625, 68.4375, 137.375, 115.9375, 83.75, 82.25, 118.9375, 29.0625, 94.5625, 60.40625, 94.125, 23.765625, 62.78125, 100.9375, 166.125, 27.78125, 102.4375, 107.8125, 105.0, 48.90625, 89.1875, 0.0, 97.75, 117.625, 109.3125, 117.0, 98.0, 69.625, 104.0625, 105.4375, 124.625, 76.375, 73.125, 65.75, 76.8125, 111.5625, 26.40625, 87.9375, 16.765625, 123.4375, 73.5625, 57.6875, 36.875, 75.8125, 89.8125, 50.9375, 110.0625, 82.0625, 37.4375, 35.34375, 74.0, 146.25, 112.0625, 17.890625, 119.5625, 34.1875, 114.1875, 69.3125, 136.25, 113.8125, 72.3125, 140.5, 67.625, 121.1875, 144.75, 76.5], [58.6875, 51.78125, 108.5, 48.25, 73.375, 94.125, 54.4375, 118.125, 168.125, 86.6875, 156.25, 134.875, 72.4375, 50.78125, 142.625, 49.03125, 152.625, 166.375, 49.78125, 67.0, 84.3125, 134.25, 116.0625, 79.625, 77.625, 135.625, 103.9375, 144.375, 6.0, 71.375, 101.375, 135.625, 137.625, 77.125, 50.34375, 36.625, 97.75, 0.0, 75.8125, 149.0, 110.3125, 50.96875, 60.875, 39.8125, 149.375, 35.4375, 69.75, 112.25, 37.21875, 98.5, 81.625, 98.3125, 31.90625, 114.125, 52.625, 138.0, 110.9375, 114.75, 27.0, 113.625, 121.9375, 72.25, 63.0625, 65.8125, 83.25, 114.5, 62.8125, 153.875, 89.375, 33.09375, 64.375, 77.3125, 165.75, 61.21875, 89.3125, 93.625, 167.25, 58.25, 44.21875, 70.0625, 79.375], [84.5, 70.25, 181.625, 42.0625, 97.0625, 62.375, 80.25, 115.0, 189.125, 59.46875, 149.875, 69.875, 95.125, 25.453125, 87.25, 63.125, 185.75, 106.375, 30.015625, 135.0, 43.9375, 73.0625, 117.625, 28.421875, 60.21875, 92.0, 136.375, 130.25, 71.0625, 88.0625, 101.875, 86.125, 85.0, 149.875, 79.0, 42.71875, 117.625, 75.8125, 0.0, 99.8125, 181.0, 124.8125, 48.09375, 115.375, 103.0625, 106.1875, 134.625, 167.25, 65.5, 61.03125, 155.125, 134.0, 47.53125, 128.375, 33.53125, 111.25, 159.125, 150.25, 63.59375, 175.0, 107.5, 7.6171875, 130.875, 82.0, 126.1875, 169.125, 55.0, 104.75, 121.1875, 106.0625, 99.25, 5.38671875, 182.625, 40.0, 162.375, 60.3125, 105.8125, 50.4375, 118.9375, 42.96875, 46.09375], [110.1875, 105.1875, 227.125, 138.125, 108.875, 55.53125, 110.375, 78.5625, 151.75, 63.15625, 89.1875, 41.71875, 107.5, 116.0, 16.28125, 103.8125, 165.25, 29.125, 124.0625, 178.25, 65.75, 33.3125, 85.625, 76.0, 73.375, 15.5546875, 132.75, 68.0, 147.5, 186.625, 81.5625, 14.0, 15.234375, 199.0, 113.1875, 114.9375, 109.3125, 149.0, 99.8125, 0.0, 220.0, 181.5, 88.25, 179.375, 6.32421875, 184.5, 173.25, 182.0, 115.5625, 50.59375, 205.625, 135.625, 118.6875, 106.125, 130.25, 42.28125, 167.0, 144.5, 123.375, 197.75, 61.09375, 95.75, 175.0, 100.625, 140.5, 183.125, 154.25, 5.0, 125.0, 181.875, 121.1875, 94.5625, 141.375, 139.25, 210.375, 55.71875, 32.75, 91.0625, 190.875, 142.75, 69.875], [111.5, 120.9375, 14.8671875, 158.5, 111.125, 168.875, 112.8125, 152.5, 145.0, 162.125, 177.25, 223.375, 112.5, 158.25, 220.875, 125.6875, 115.25, 245.5, 159.125, 46.09375, 170.0, 219.5, 146.0, 173.625, 151.625, 204.5, 99.1875, 179.375, 116.25, 168.0, 141.875, 210.0, 214.375, 34.0, 111.25, 138.25, 117.0, 110.3125, 181.0, 220.0, 0.0, 60.0625, 145.375, 74.0, 217.375, 100.4375, 48.25, 54.09375, 118.0625, 175.375, 31.78125, 93.125, 133.5, 128.875, 162.75, 189.5, 69.875, 95.8125, 117.5625, 36.125, 167.0, 175.5, 50.15625, 120.4375, 81.8125, 55.0, 171.125, 223.625, 99.125, 95.875, 99.0, 180.875, 150.375, 171.375, 24.046875, 169.75, 247.75, 141.875, 83.9375, 180.125, 163.375], [72.8125, 76.3125, 57.5625, 98.8125, 80.4375, 126.5, 71.5625, 129.25, 154.125, 119.0, 163.0, 176.125, 80.8125, 100.75, 178.625, 78.625, 131.0, 203.375, 100.5625, 24.078125, 122.5625, 173.75, 124.5625, 122.5625, 108.4375, 166.5, 91.9375, 157.625, 56.75, 109.875, 114.3125, 169.5, 172.75, 26.3125, 68.4375, 82.6875, 98.0, 50.96875, 124.8125, 181.5, 60.0625, 0.0, 97.0625, 14.8671875, 180.25, 43.84375, 31.234375, 76.5, 68.0, 132.25, 30.671875, 84.875, 77.6875, 114.1875, 103.5625, 159.75, 82.1875, 97.3125, 63.875, 71.125, 139.25, 120.25, 22.015625, 82.625, 67.9375, 78.625, 111.0625, 185.75, 82.5, 38.46875, 66.9375, 125.5625, 155.25, 111.625, 38.3125, 126.75, 205.0, 93.625, 30.40625, 120.1875, 116.375], [38.3125, 25.296875, 149.25, 63.28125, 49.375, 33.375, 34.9375, 71.6875, 141.875, 26.078125, 109.3125, 79.1875, 47.375, 42.53125, 82.75, 19.71875, 137.625, 107.1875, 50.59375, 99.875, 25.5, 76.6875, 72.8125, 29.125, 18.6875, 74.75, 88.4375, 92.5625, 59.6875, 110.3125, 56.59375, 75.0, 77.375, 118.4375, 35.125, 29.609375, 69.625, 60.875, 48.09375, 88.25, 145.375, 97.0625, 0.0, 92.625, 88.5, 96.3125, 97.25, 123.0, 29.0625, 37.65625, 124.625, 86.5, 32.0625, 81.125, 58.40625, 80.4375, 113.1875, 102.4375, 35.34375, 133.125, 68.875, 40.53125, 96.0, 34.25, 80.3125, 124.75, 83.5, 93.0, 73.5625, 93.625, 53.46875, 44.90625, 135.875, 70.9375, 130.75, 32.75, 108.4375, 3.60546875, 102.9375, 78.5, 19.421875], [74.0, 74.6875, 70.0625, 86.375, 84.0, 123.875, 71.8125, 133.0, 164.625, 116.25, 168.375, 170.75, 84.0625, 90.5625, 175.25, 75.5625, 142.875, 199.75, 89.5, 38.28125, 117.875, 169.0, 129.0, 116.125, 106.0, 164.75, 101.0, 161.25, 45.1875, 95.0625, 117.375, 166.875, 169.625, 40.0, 68.125, 74.4375, 104.0625, 39.8125, 115.375, 179.375, 74.0, 14.8671875, 92.625, 0.0, 178.75, 29.15625, 44.6875, 90.4375, 64.0, 129.25, 43.28125, 94.125, 69.4375, 120.6875, 91.75, 160.875, 94.9375, 107.8125, 57.8125, 85.875, 141.375, 111.375, 35.59375, 83.5625, 77.0625, 92.625, 97.4375, 183.875, 90.0, 23.703125, 71.0625, 116.625, 164.875, 98.9375, 51.25, 123.875, 201.125, 89.375, 17.890625, 107.25, 112.0625], [108.4375, 104.1875, 224.875, 140.5, 106.3125, 55.375, 108.9375, 73.8125, 146.0, 62.9375, 83.125, 47.5, 105.0, 118.1875, 22.203125, 103.25, 160.0, 34.53125, 126.375, 176.25, 67.125, 38.90625, 80.9375, 78.3125, 72.8125, 13.9296875, 128.75, 62.0625, 148.125, 189.125, 77.8125, 17.09375, 20.0, 197.25, 111.875, 116.0, 105.4375, 149.375, 103.0625, 6.32421875, 217.375, 180.25, 88.5, 178.75, 0.0, 184.875, 171.0, 178.375, 115.1875, 51.0, 203.875, 131.875, 119.5, 101.5, 132.875, 36.6875, 163.125, 140.125, 123.375, 194.375, 56.375, 98.625, 173.125, 98.75, 137.25, 179.375, 157.125, 6.70703125, 121.5, 182.0, 118.875, 97.75, 135.5, 142.25, 208.375, 55.78125, 38.3125, 91.1875, 190.75, 146.0, 70.6875], [88.9375, 85.0, 94.0625, 69.875, 101.875, 129.5, 85.5, 149.5, 189.875, 122.0, 186.75, 169.25, 101.4375, 80.8125, 177.875, 83.375, 169.875, 201.5, 77.125, 67.4375, 119.625, 169.0, 146.5, 114.0625, 112.8125, 171.0, 125.375, 176.75, 37.5625, 67.625, 133.0, 171.125, 173.0, 66.9375, 81.375, 71.125, 124.625, 35.4375, 106.1875, 184.5, 100.4375, 43.84375, 96.3125, 29.15625, 184.875, 0.0, 73.625, 119.375, 71.25, 133.875, 68.75, 118.875, 66.6875, 141.375, 77.0, 172.25, 123.0625, 133.75, 61.8125, 114.9375, 155.125, 104.0, 64.625, 97.4375, 102.0625, 121.625, 75.875, 189.25, 112.75, 5.65625, 90.4375, 108.6875, 189.25, 81.0, 76.625, 129.0, 202.25, 93.625, 17.03125, 88.125, 114.8125], [63.65625, 72.6875, 53.90625, 117.125, 65.1875, 121.0, 64.6875, 110.75, 124.625, 114.125, 140.75, 175.25, 66.3125, 113.3125, 173.25, 77.5, 100.25, 198.0, 115.375, 8.25, 121.75, 171.375, 105.0, 125.6875, 103.5625, 157.75, 65.0625, 138.875, 75.6875, 136.75, 97.9375, 162.75, 166.875, 28.640625, 63.0, 92.1875, 76.375, 69.75, 134.625, 173.25, 48.25, 31.234375, 97.25, 44.6875, 171.0, 73.625, 0.0, 45.8125, 70.375, 127.5, 35.15625, 58.03125, 87.6875, 91.0625, 120.0625, 145.375, 51.03125, 68.125, 71.0625, 43.9375, 123.4375, 128.75, 9.21875, 72.875, 42.1875, 48.0, 132.5, 177.125, 59.03125, 68.0, 52.1875, 134.125, 126.625, 130.125, 38.0, 121.8125, 200.125, 93.625, 61.5625, 139.125, 115.125], [84.75, 98.0, 68.0, 157.25, 77.25, 137.5, 88.125, 107.5, 91.0625, 132.0, 126.5625, 194.0, 79.125, 149.375, 186.125, 104.6875, 61.96875, 209.75, 153.0, 52.40625, 144.0, 188.25, 100.4375, 152.0, 122.6875, 166.75, 51.0, 132.0, 117.9375, 181.625, 100.625, 174.25, 179.375, 63.125, 88.5625, 127.1875, 73.125, 112.25, 167.25, 182.0, 54.09375, 76.5, 123.0, 90.4375, 178.375, 119.375, 45.8125, 0.0, 102.0, 144.125, 67.125, 46.75, 123.375, 81.0625, 158.875, 146.375, 17.0, 43.84375, 106.5, 18.96875, 123.8125, 160.375, 54.8125, 90.8125, 43.65625, 2.236328125, 174.5, 185.0, 57.125, 113.8125, 69.625, 165.5, 96.25, 170.0, 64.1875, 138.875, 212.5, 119.6875, 106.875, 179.25, 137.375], [25.5, 14.8671875, 120.9375, 61.0625, 41.03125, 60.0, 20.515625, 81.625, 139.0, 52.40625, 120.0, 108.1875, 39.59375, 48.0625, 111.3125, 12.1640625, 128.375, 135.875, 53.15625, 72.0625, 54.5625, 105.75, 80.125, 55.75, 42.375, 101.25, 77.875, 107.25, 38.3125, 100.625, 64.875, 102.875, 105.6875, 89.8125, 17.203125, 25.96875, 65.75, 37.21875, 65.5, 115.5625, 118.0625, 68.0, 29.0625, 64.0, 115.1875, 71.25, 70.375, 102.0, 0.0, 65.3125, 95.875, 73.8125, 23.265625, 81.0625, 60.0, 101.0625, 95.1875, 90.8125, 10.7734375, 109.5, 84.6875, 59.03125, 68.125, 30.015625, 62.8125, 104.0, 81.0, 120.125, 62.25, 67.75, 37.15625, 64.3125, 135.0, 72.4375, 102.1875, 59.9375, 137.25, 25.609375, 75.5625, 81.4375, 48.40625], [63.875, 56.21875, 181.0, 92.625, 67.0625, 6.70703125, 62.9375, 60.09375, 139.0, 13.453125, 90.8125, 49.78125, 65.3125, 70.0625, 46.40625, 53.84375, 143.0, 71.1875, 78.5625, 131.5, 18.03125, 44.40625, 64.75, 32.75, 24.078125, 37.34375, 100.0, 70.0625, 97.0625, 141.5, 52.09375, 37.5625, 40.5, 151.5, 65.125, 65.1875, 76.8125, 98.5, 61.03125, 50.59375, 175.375, 132.25, 37.65625, 129.25, 51.0, 133.875, 127.5, 144.125, 65.3125, 0.0, 158.0, 100.6875, 68.5625, 81.125, 85.75, 50.25, 131.25, 113.625, 72.8125, 157.5, 48.5625, 54.71875, 128.0, 55.21875, 100.625, 145.625, 111.0, 55.375, 88.25, 131.25, 77.125, 55.8125, 130.625, 96.5625, 163.375, 5.65625, 73.0, 40.5, 140.375, 102.0, 20.0], [95.4375, 101.9375, 26.921875, 129.25, 99.3125, 151.875, 95.4375, 145.75, 155.125, 144.625, 175.75, 203.875, 100.1875, 131.25, 204.375, 105.375, 128.125, 229.25, 131.25, 28.234375, 150.0, 200.875, 140.125, 151.375, 134.0, 190.25, 99.1875, 174.0, 87.375, 136.375, 132.625, 194.5, 198.25, 6.70703125, 92.9375, 112.75, 111.5625, 81.625, 155.125, 205.625, 31.78125, 30.671875, 124.625, 43.28125, 203.875, 68.75, 35.15625, 67.125, 95.875, 158.0, 0.0, 92.25, 107.8125, 126.125, 134.25, 179.75, 78.5625, 100.3125, 93.1875, 54.8125, 158.125, 150.375, 30.890625, 105.125, 77.125, 68.875, 140.75, 209.75, 94.125, 64.25, 85.875, 155.75, 158.375, 142.0, 8.0, 152.375, 231.0, 121.0625, 52.1875, 150.5, 143.625], [50.0, 64.3125, 104.375, 134.625, 37.125, 94.125, 54.71875, 60.96875, 71.0, 89.625, 84.5, 150.25, 39.125, 121.125, 140.375, 71.5625, 54.90625, 163.625, 126.875, 66.125, 103.5, 144.0, 54.03125, 114.0, 81.5, 120.4375, 7.0703125, 86.625, 102.75, 169.375, 54.09375, 128.375, 133.75, 86.0625, 57.0, 99.5625, 26.40625, 98.3125, 134.0, 135.625, 93.125, 84.875, 86.5, 94.125, 131.875, 118.875, 58.03125, 46.75, 73.8125, 100.6875, 92.25, 0.0, 97.0625, 35.78125, 133.875, 99.6875, 31.390625, 17.0, 82.0, 63.875, 77.125, 126.5625, 65.5, 52.25, 17.09375, 47.625, 154.125, 138.5, 13.0, 113.375, 36.6875, 131.25, 70.75, 146.25, 93.1875, 95.8125, 166.625, 83.75, 112.0, 155.25, 97.25], [48.25, 35.375, 134.125, 38.0, 63.59375, 65.0625, 43.28125, 99.375, 161.5, 58.0, 137.75, 102.9375, 62.0, 26.0, 111.3125, 29.0625, 151.625, 134.875, 30.078125, 87.625, 53.15625, 102.4375, 99.0, 47.71875, 50.5, 105.9375, 101.125, 122.75, 29.15625, 80.625, 83.0, 105.0, 106.625, 102.4375, 40.3125, 5.0, 87.9375, 31.90625, 47.53125, 118.6875, 133.5, 77.6875, 32.0625, 69.4375, 119.5, 66.6875, 87.6875, 123.375, 23.265625, 68.5625, 107.8125, 97.0625, 0.0, 102.5625, 36.78125, 112.3125, 117.6875, 114.0625, 17.0, 129.25, 99.3125, 42.53125, 83.5, 50.90625, 85.75, 125.5, 58.25, 123.5625, 85.5, 64.875, 60.40625, 47.875, 157.125, 49.1875, 114.9375, 64.1875, 135.625, 30.40625, 76.0, 58.1875, 48.84375], [56.03125, 67.1875, 139.875, 140.125, 40.8125, 75.4375, 60.8125, 27.78125, 60.8125, 73.5625, 49.65625, 127.75, 41.875, 122.1875, 113.625, 73.5625, 62.03125, 135.0, 129.5, 98.75, 89.75, 120.375, 20.59375, 103.4375, 68.9375, 91.75, 30.234375, 51.03125, 117.125, 181.625, 29.0625, 101.25, 107.0, 119.6875, 64.625, 103.3125, 16.765625, 114.125, 128.375, 106.125, 128.875, 114.1875, 81.125, 120.6875, 101.5, 141.375, 91.0625, 81.0625, 81.0625, 81.125, 126.125, 35.78125, 102.5625, 0.0, 137.125, 66.875, 64.4375, 39.21875, 91.375, 99.0625, 45.1875, 120.75, 97.3125, 51.625, 49.03125, 81.5625, 160.625, 108.25, 32.125, 136.25, 50.90625, 124.5, 55.0, 149.875, 127.8125, 77.5, 138.375, 79.625, 137.875, 158.25, 84.75], [84.625, 71.0, 161.125, 8.546875, 99.625, 84.875, 79.625, 130.125, 197.0, 79.625, 167.625, 103.1875, 97.9375, 16.125, 119.0625, 64.0625, 188.25, 139.25, 7.80859375, 118.5, 67.75, 105.8125, 131.0, 54.59375, 76.0, 120.6875, 137.75, 150.25, 46.84375, 56.3125, 114.6875, 116.375, 116.0625, 129.75, 76.9375, 34.46875, 123.4375, 52.625, 33.53125, 130.25, 162.75, 103.5625, 58.40625, 91.75, 132.875, 77.0, 120.0625, 158.875, 60.0, 85.75, 134.25, 133.875, 36.78125, 137.125, 0.0, 135.0, 154.0, 150.75, 52.875, 163.125, 126.5625, 35.125, 114.4375, 86.0, 122.375, 161.0, 25.5, 135.25, 122.0625, 77.9375, 97.1875, 37.84375, 192.125, 12.8046875, 141.875, 83.1875, 138.875, 58.78125, 91.5625, 21.46875, 66.875], [87.0625, 87.4375, 198.375, 141.375, 80.5, 50.15625, 89.0625, 39.21875, 109.4375, 55.65625, 48.28125, 75.875, 79.6875, 119.0625, 54.34375, 89.0, 123.625, 71.1875, 127.5625, 151.625, 68.0, 67.0625, 46.40625, 83.0, 61.8125, 31.578125, 95.6875, 26.3125, 138.125, 189.75, 47.71875, 42.96875, 48.84375, 173.125, 92.75, 110.0, 73.5625, 138.0, 111.25, 42.28125, 189.5, 159.75, 80.4375, 160.875, 36.6875, 172.25, 145.375, 146.375, 101.0625, 50.25, 179.75, 99.6875, 112.3125, 66.875, 135.0, 0.0, 130.375, 106.0, 111.0, 163.375, 22.671875, 104.9375, 149.0, 77.375, 107.8125, 147.125, 160.5, 43.1875, 90.9375, 168.625, 94.0, 105.9375, 99.125, 146.375, 183.375, 51.90625, 74.9375, 81.875, 175.125, 152.125, 68.125], [75.0, 89.0, 83.1875, 153.375, 65.3125, 124.625, 79.0, 91.3125, 76.8125, 119.625, 109.5625, 181.0, 67.25, 143.25, 171.75, 96.0625, 49.78125, 195.0, 147.75, 58.84375, 132.625, 174.875, 84.1875, 141.75, 110.875, 151.75, 34.71875, 115.25, 116.25, 181.75, 85.4375, 159.75, 165.0, 73.6875, 80.125, 121.0, 57.6875, 110.9375, 159.125, 167.0, 69.875, 82.1875, 113.1875, 94.9375, 163.125, 123.0625, 51.03125, 17.0, 95.1875, 131.25, 78.5625, 31.390625, 117.6875, 64.4375, 154.0, 130.375, 0.0, 26.828125, 101.125, 35.84375, 107.9375, 152.0, 60.21875, 79.75, 33.0, 17.203125, 171.625, 169.75, 43.09375, 117.375, 60.0, 157.0, 81.0, 165.75, 76.9375, 126.1875, 198.0, 110.125, 112.3125, 175.0, 126.125], [66.75, 80.9375, 108.5, 151.625, 53.15625, 107.1875, 71.5, 66.875, 56.875, 103.375, 82.75, 162.5, 55.09375, 138.0, 150.75, 88.25, 38.0, 173.125, 143.75, 76.375, 118.0, 155.75