{"name": "LZB_n80_19", "n": 80, "m": 10, "times": [[0.0, 44.5625, 56.46875, 50.78125, 79.6875, 67.0625, 89.0, 63.625, 94.9375, 88.75, 118.375, 92.0625, 82.75, 64.5625, 91.9375, 93.5, 63.125, 44.78125, 38.0, 63.15625, 4.47265625, 55.0625, 4.2421875, 79.625, 80.1875, 83.125, 87.6875, 50.625, 90.625, 78.75, 56.875, 106.75, 45.6875, 100.4375, 6.40234375, 98.375, 90.5, 85.6875, 51.625, 93.4375, 43.40625, 87.125, 90.625, 99.25, 79.1875, 81.25, 13.9296875, 82.375, 109.25, 46.0625, 102.4375, 99.875, 86.125, 78.0, 88.875, 112.1875, 40.3125, 31.40625, 91.5625, 74.4375, 86.375, 24.0, 111.4375, 93.0625, 48.3125, 56.59375, 56.8125, 80.625, 93.375, 83.9375, 91.25, 55.46875, 107.9375, 22.84375, 74.6875, 117.375, 116.5, 63.78125, 77.625, 114.625, 64.4375], [44.5625, 0.0, 30.078125, 93.4375, 123.3125, 108.1875, 93.5625, 27.3125, 89.5625, 114.0625, 152.5, 89.1875, 127.25, 105.125, 49.65625, 62.46875, 89.0625, 29.421875, 62.25, 54.4375, 48.25, 57.5625, 48.0625, 123.0625, 45.1875, 57.71875, 46.75, 56.09375, 131.5, 102.8125, 62.625, 150.5, 43.59375, 132.0, 48.03125, 124.625, 103.875, 81.625, 37.0625, 134.25, 59.0625, 112.1875, 48.25, 111.0, 37.0, 76.1875, 43.84375, 105.9375, 138.5, 89.5, 137.5, 55.3125, 41.75, 43.375, 117.6875, 145.375, 41.03125, 40.59375, 103.0, 30.015625, 69.0625, 21.1875, 91.4375, 98.0, 82.8125, 37.21875, 46.25, 53.71875, 76.9375, 103.25, 132.875, 81.625, 140.0, 54.8125, 119.1875, 98.625, 151.875, 19.234375, 41.125, 89.0, 36.21875], [56.46875, 30.078125, 0.0, 95.125, 125.375, 123.5, 123.0, 54.09375, 119.625, 97.8125, 173.625, 119.1875, 134.5, 102.9375, 65.875, 37.21875, 113.1875, 13.0, 53.4375, 84.4375, 60.9375, 36.0625, 58.1875, 134.875, 70.1875, 86.0, 65.8125, 84.375, 128.375, 128.0, 41.71875, 152.125, 72.5, 154.375, 62.15625, 108.375, 132.0, 111.625, 12.8046875, 130.75, 45.625, 137.125, 64.5, 139.625, 31.90625, 106.25, 47.84375, 89.25, 123.6875, 93.0, 127.5625, 58.59375, 52.0, 68.875, 141.25, 167.0, 69.125, 33.125, 131.5, 37.1875, 98.625, 35.59375, 120.0, 127.5, 76.9375, 8.9453125, 76.1875, 25.453125, 46.84375, 130.0, 130.5, 105.5, 127.3125, 74.625, 126.5625, 68.875, 172.125, 33.84375, 23.09375, 116.0, 65.125], [50.78125, 93.4375, 95.125, 0.0, 30.40625, 53.84375, 123.375, 114.375, 135.125, 62.625, 111.375, 131.0, 42.15625, 16.15625, 142.25, 127.75, 82.875, 82.125, 45.34375, 108.875, 48.59375, 73.0625, 46.65625, 51.625, 130.875, 132.25, 138.25, 92.375, 40.3125, 96.125, 70.5625, 57.5, 92.125, 101.25, 50.4375, 68.4375, 117.0625, 126.1875, 85.0625, 43.125, 56.03125, 101.0625, 140.875, 125.9375, 123.9375, 122.8125, 50.0, 60.8125, 73.0, 6.32421875, 58.53125, 147.5, 135.125, 128.75, 96.875, 107.9375, 87.0625, 62.03125, 119.875, 122.125, 132.875, 72.25, 157.625, 126.5, 26.40625, 91.0625, 104.0625, 113.75, 115.1875, 105.6875, 40.59375, 77.875, 67.75, 58.8125, 35.34375, 137.375, 107.0625, 112.25, 118.1875, 162.75, 114.8125], [79.6875, 123.3125, 125.375, 30.40625, 0.0, 55.90625, 140.75, 143.125, 155.25, 74.25, 106.125, 150.625, 22.84375, 26.0, 171.625, 157.25, 96.625, 112.4375, 74.25, 133.0, 76.9375, 101.25, 75.75, 42.4375, 159.0, 158.375, 167.375, 115.25, 23.015625, 106.875, 98.0625, 27.203125, 117.3125, 102.0, 78.3125, 76.0, 130.75, 146.875, 115.0, 25.015625, 84.5625, 109.375, 170.25, 139.125, 154.375, 144.125, 80.25, 75.9375, 73.9375, 33.84375, 52.625, 177.75, 165.125, 156.75, 102.4375, 104.8125, 112.625, 92.25, 134.25, 152.375, 157.0, 102.125, 181.0, 143.25, 52.1875, 121.0, 129.375, 143.25, 142.375, 117.75, 20.09375, 93.625, 65.125, 83.125, 22.015625, 163.5, 100.6875, 142.375, 148.5, 187.625, 142.375], [67.0625, 108.1875, 123.5, 53.84375, 55.90625, 0.0, 90.5625, 118.3125, 107.8125, 116.4375, 57.96875, 102.75, 38.9375, 66.5, 148.5, 160.375, 45.25, 111.5, 88.4375, 94.6875, 62.625, 114.625, 65.375, 20.609375, 130.25, 123.0625, 142.75, 75.9375, 78.5, 52.34375, 114.125, 72.5625, 83.1875, 47.84375, 61.6875, 121.8125, 77.375, 100.625, 117.625, 80.75, 98.5, 53.75, 147.375, 85.0625, 144.75, 99.3125, 76.9375, 114.5625, 124.4375, 49.1875, 106.0625, 162.25, 147.0, 128.125, 46.53125, 54.125, 80.25, 95.0, 81.25, 137.875, 116.75, 90.0, 138.125, 92.1875, 77.6875, 123.0, 93.9375, 147.125, 156.5, 63.625, 75.9375, 45.21875, 117.4375, 54.03125, 34.78125, 180.25, 54.21875, 126.6875, 144.5, 147.625, 112.8125], [89.0, 93.5625, 123.0, 123.375, 140.75, 90.5625, 0.0, 79.875, 20.390625, 176.25, 94.5625, 15.1328125, 128.75, 139.5, 101.5625, 155.375, 45.34375, 118.0, 127.0, 40.46875, 87.0625, 139.875, 92.0, 111.0, 78.25, 59.5, 94.875, 40.03125, 160.5, 42.0625, 143.0, 162.0, 50.6875, 73.5, 84.0625, 185.125, 20.03125, 18.6875, 126.5, 163.25, 131.5, 47.4375, 101.25, 21.546875, 123.4375, 22.359375, 102.1875, 170.625, 193.875, 117.0625, 181.875, 125.625, 110.125, 77.125, 58.53125, 86.6875, 54.71875, 115.75, 16.03125, 110.375, 43.96875, 92.4375, 54.75, 4.47265625, 133.625, 128.75, 48.0, 147.25, 169.375, 31.953125, 159.25, 47.15625, 190.25, 68.5, 123.0, 191.875, 97.75, 101.6875, 132.875, 68.125, 67.1875], [63.625, 27.3125, 54.09375, 114.375, 143.125, 118.3125, 79.875, 0.0, 70.8125, 140.875, 154.25, 71.875, 143.625, 127.625, 30.15625, 78.5625, 89.0, 56.3125, 88.4375, 39.6875, 66.1875, 84.75, 67.75, 135.75, 18.03125, 32.0625, 24.734375, 50.34375, 154.0, 100.0625, 89.875, 170.0, 38.3125, 132.625, 64.875, 151.375, 94.375, 64.375, 63.34375, 156.75, 86.0625, 109.375, 29.0625, 100.0, 44.09375, 59.1875, 67.25, 132.875, 165.0, 109.6875, 162.625, 47.9375, 31.78125, 16.125, 117.0, 146.625, 39.3125, 67.4375, 92.4375, 30.609375, 46.1875, 44.5625, 66.0, 84.1875, 107.5, 62.40625, 33.28125, 73.5625, 99.5, 97.5, 154.75, 82.75, 166.0, 64.9375, 135.625, 119.125, 154.75, 23.40625, 55.71875, 62.15625, 13.0390625], [94.9375, 89.5625, 119.625, 135.125, 155.25, 107.8125, 20.390625, 70.8125, 0.0, 183.625, 114.9375, 5.38671875, 145.0, 151.125, 87.875, 148.875, 62.8125, 116.75, 132.25, 35.5, 93.875, 141.25, 98.5, 128.375, 65.0625, 44.6875, 81.375, 44.375, 173.75, 61.84375, 145.0, 177.75, 51.0, 93.875, 90.9375, 193.0, 40.3125, 9.21875, 125.125, 176.5, 135.25, 67.75, 87.8125, 40.1875, 114.9375, 14.0, 106.9375, 177.25, 203.0, 128.875, 192.875, 113.125, 98.5, 64.375, 78.75, 107.0625, 56.09375, 118.0, 36.125, 101.25, 27.796875, 93.125, 34.375, 22.0, 142.0, 126.375, 43.75, 142.5, 166.5, 52.1875, 172.75, 62.9375, 200.375, 77.25, 138.75, 187.875, 118.125, 93.9375, 126.125, 48.0, 57.8125], [88.75, 114.0625, 97.8125, 62.625, 74.25, 116.4375, 176.25, 140.875, 183.625, 0.0, 173.625, 180.625, 96.0625, 51.625, 161.5, 115.1875, 141.25, 88.4375, 53.21875, 151.5, 89.8125, 62.0, 85.125, 111.625, 158.875, 167.75, 159.875, 139.25, 58.84375, 155.875, 56.40625, 89.6875, 134.125, 163.875, 92.75, 10.6328125, 174.0, 174.375, 85.0625, 59.53125, 55.0, 161.75, 160.125, 183.0, 129.5, 170.0, 77.8125, 8.6015625, 26.078125, 67.75, 38.125, 156.375, 149.25, 157.0, 158.625, 170.5, 128.75, 73.5, 176.125, 134.375, 173.875, 97.5, 198.75, 180.0, 43.0, 89.625, 144.5, 102.875, 89.0625, 164.25, 62.96875, 135.0, 32.0, 107.8125, 92.0625, 104.0, 169.0, 128.25, 117.3125, 199.875, 146.75], [118.375, 152.5, 173.625, 111.375, 106.125, 57.96875, 94.5625, 154.25, 114.9375, 173.625, 0.0, 109.6875, 83.875, 122.5625, 182.75, 210.875, 65.25, 162.875, 145.375, 119.8125, 114.0, 170.375, 117.9375, 63.78125, 161.0, 147.25, 176.25, 104.375, 128.875, 56.09375, 170.5, 112.125, 115.9375, 22.09375, 112.1875, 178.25, 74.75, 111.625, 170.0, 130.5, 155.0, 48.03125, 182.0, 77.1875, 189.375, 113.1875, 130.5, 172.25, 179.125, 107.0625, 158.625, 201.875, 185.75, 159.125, 38.125, 8.0, 115.4375, 148.875, 79.0625, 179.75, 135.0, 138.25, 149.25, 93.375, 135.625, 174.875, 123.0, 198.625, 211.25, 63.28125, 125.4375, 71.8125, 171.0, 99.125, 84.375, 235.125, 6.32421875, 168.75, 192.375, 162.375, 144.875], [92.0625, 89.1875, 119.1875, 131.0, 150.625, 102.75, 15.1328125, 71.875, 5.38671875, 180.625, 109.6875, 0.0, 140.125, 147.125, 90.4375, 149.375, 57.625, 115.75, 129.625, 34.78125, 90.8125, 139.625, 95.5, 123.3125, 67.375, 47.4375, 83.875, 41.4375, 169.5, 56.46875, 143.25, 173.0, 49.15625, 88.5, 87.875, 189.875, 35.125, 7.6171875, 124.1875, 172.125, 133.0, 62.375, 90.25, 35.5, 115.9375, 13.0, 104.375, 174.375, 199.625, 124.75, 189.125, 115.375, 100.4375, 66.5, 73.375, 101.8125, 54.03125, 116.125, 31.015625, 102.4375, 30.890625, 91.5625, 39.625, 17.125, 138.75, 125.6875, 43.0, 142.5, 166.0, 46.84375, 168.375, 58.0, 196.75, 73.6875, 134.0, 187.75, 112.8125, 94.6875, 126.6875, 53.03125, 58.8125], [82.75, 127.25, 134.5, 42.15625, 22.84375, 38.9375, 128.75, 143.625, 145.0, 96.0625, 83.875, 140.125, 0.0, 45.28125, 173.25, 168.75, 83.4375, 121.5, 87.25, 127.3125, 79.0625, 115.125, 79.375, 21.21875, 158.0, 154.375, 168.25, 108.75, 45.125, 91.3125, 112.75, 33.625, 113.1875, 81.625, 79.625, 98.5, 116.3125, 137.25, 125.4375, 46.6875, 98.0, 92.3125, 172.0, 124.0625, 161.125, 135.25, 87.0, 96.875, 96.75, 42.1875, 75.3125, 182.625, 168.75, 155.75, 84.125, 83.125, 109.125, 101.9375, 120.125, 157.125, 150.625, 106.5625, 173.5, 130.625, 68.0, 131.375, 124.9375, 154.75, 157.25, 102.5625, 41.59375, 82.0625, 87.9375, 79.6875, 8.0625, 179.5, 78.25, 146.5, 157.25, 181.75, 140.75], [64.5625, 105.125, 102.9375, 16.15625, 26.0, 66.5, 139.5, 127.625, 151.125, 51.625, 122.5625, 147.125, 45.28125, 0.0, 154.5, 133.0, 98.625, 90.25, 50.15625, 124.375, 62.9375, 76.25, 60.3125, 60.03125, 144.625, 147.125, 151.0, 108.25, 26.421875, 111.5625, 72.6875, 50.03125, 107.4375, 114.3125, 65.0625, 55.71875, 133.0, 142.25, 91.8125, 29.15625, 60.0, 116.0625, 153.125, 141.75, 133.25, 138.75, 61.28125, 51.75, 58.21875, 22.46875, 42.4375, 157.875, 146.375, 142.375, 111.25, 119.875, 102.3125, 70.0625, 135.875, 132.75, 148.375, 84.25, 173.25, 142.625, 27.015625, 97.75, 119.3125, 119.0, 116.6875, 121.3125, 27.859375, 93.875, 52.15625, 74.625, 40.59375, 137.625, 117.8125, 123.5, 125.9375, 178.0, 129.0], [91.9375, 49.65625, 65.875, 142.25, 171.625, 148.5, 101.5625, 30.15625, 87.875, 161.5, 182.75, 90.4375, 173.25, 154.5, 0.0, 76.0, 117.6875, 73.25, 111.3125, 64.25, 94.9375, 101.25, 95.875, 165.875, 23.328125, 43.1875, 6.70703125, 78.4375, 181.0, 127.625, 106.8125, 198.75, 67.375, 160.875, 93.9375, 172.125, 118.5, 83.8125, 77.9375, 183.75, 106.8125, 136.625, 1.4140625, 122.8125, 40.4375, 79.3125, 93.3125, 153.125, 186.75, 137.875, 187.0, 26.078125, 16.03125, 24.59375, 145.0, 175.0, 69.0, 89.1875, 115.875, 29.15625, 60.15625, 70.3125, 70.6875, 105.375, 132.375, 74.8125, 59.90625, 76.5, 103.9375, 123.6875, 182.125, 111.875, 188.875, 95.0625, 165.25, 119.0625, 183.625, 33.3125, 55.90625, 60.71875, 37.84375], [93.5, 62.46875, 37.21875, 127.75, 157.25, 160.375, 155.375, 78.5625, 148.875, 115.1875, 210.875, 149.375, 168.75, 133.0, 76.0, 0.0, 149.75, 48.84375, 83.0625, 115.25, 97.9375, 57.4375, 94.9375, 170.75, 90.0, 109.5, 79.1875, 118.5625, 156.625, 164.25, 61.96875, 183.0, 106.0625, 191.5, 99.3125, 124.8125, 166.375, 141.875, 43.40625, 158.75, 73.0, 173.625, 75.0, 173.375, 36.34375, 136.5, 83.8125, 106.75, 141.0, 126.5625, 150.0, 56.03125, 60.0, 89.5, 178.0, 204.125, 103.5, 66.9375, 165.375, 50.0, 124.625, 72.6875, 142.375, 159.75, 106.0, 37.65625, 107.375, 14.0390625, 32.1875, 165.5, 159.375, 142.125, 146.875, 111.75, 161.0, 43.03125, 209.375, 55.15625, 22.84375, 135.125, 91.375], [63.125, 89.0625, 113.1875, 82.875, 96.625, 45.25, 45.34375, 89.0, 62.8125, 141.25, 65.25, 57.625, 83.4375, 98.625, 117.6875, 149.75, 0.0, 104.0625, 98.375, 56.09375, 59.46875, 118.1875, 64.375, 65.8125, 96.3125, 84.5, 111.3125, 39.3125, 117.375, 15.65625, 119.875, 116.8125, 50.6875, 43.65625, 56.8125, 149.0, 34.46875, 56.09375, 112.0625, 120.0, 105.6875, 24.203125, 116.875, 43.1875, 125.3125, 55.46875, 76.9375, 137.0, 155.5, 76.625, 141.0, 136.625, 120.5, 94.4375, 28.65625, 57.5625, 50.34375, 94.3125, 37.6875, 115.0625, 75.0, 77.8125, 94.375, 47.1875, 98.4375, 116.0625, 58.21875, 138.625, 155.25, 23.0, 115.6875, 7.80859375, 150.625, 40.5, 77.9375, 179.125, 65.9375, 104.1875, 129.875, 105.125, 79.875], [44.78125, 29.421875, 13.0, 82.125, 112.4375, 111.5, 118.0, 56.3125, 116.75, 88.4375, 162.875, 115.75, 121.5, 90.25, 73.25, 48.84375, 104.0625, 0.0, 41.21875, 81.1875, 49.25, 28.640625, 46.09375, 122.25, 73.75, 87.125, 72.125, 78.375, 115.8125, 119.1875, 34.0, 139.125, 67.375, 144.125, 50.78125, 99.0625, 125.3125, 108.25, 8.546875, 118.3125, 34.40625, 128.25, 71.8125, 133.25, 43.46875, 102.9375, 35.15625, 80.0, 113.875, 80.0, 116.3125, 69.4375, 60.875, 72.125, 131.5, 156.375, 63.3125, 20.21875, 125.25, 46.09375, 98.0, 26.625, 120.8125, 122.4375, 64.5, 12.0390625, 73.0, 35.84375, 51.96875, 122.0625, 117.875, 96.25, 116.8125, 64.4375, 113.625, 75.4375, 161.125, 40.0, 36.0625, 118.375, 65.625], [38.0, 62.25, 53.4375, 45.34375, 74.25, 88.4375, 127.0, 88.4375, 132.25, 53.21875, 145.375, 129.625, 87.25, 50.15625, 111.3125, 83.0625, 98.375, 41.21875, 0.0, 98.9375, 40.3125, 27.859375, 35.21875, 93.3125, 106.375, 114.5, 108.875, 88.25, 74.9375, 113.875, 26.078125, 100.0, 81.8125, 130.375, 43.28125, 63.53125, 127.875, 123.0625, 41.78125, 77.375, 10.7734375, 121.4375, 109.875, 136.75, 84.6875, 118.375, 25.3125, 45.875, 76.625, 45.3125, 75.8125, 110.5, 100.6875, 104.375, 121.25, 140.25, 76.5, 22.203125, 129.25, 86.3125, 120.8125, 44.40625, 145.625, 131.0, 23.53125, 47.6875, 91.75, 69.0, 70.25, 120.3125, 77.25, 91.0625, 77.8125, 59.84375, 80.0625, 93.125, 142.25, 78.4375, 76.1875, 146.625, 93.625], [63.15625, 54.4375, 84.4375, 108.875, 133.0, 94.6875, 40.46875, 39.6875, 35.5, 151.5, 119.8125, 34.78125, 127.3125, 124.375, 64.25, 115.25, 56.09375, 81.1875, 98.9375, 0.0, 63.0625, 106.0, 67.125, 114.5625, 41.5, 28.640625, 57.59375, 18.78125, 148.875, 63.9375, 110.0, 158.0, 17.46875, 97.75, 60.40625, 161.25, 54.90625, 27.203125, 89.625, 151.75, 101.0, 72.75, 63.6875, 60.3125, 83.0, 21.84375, 73.75, 144.625, 172.375, 102.9375, 164.625, 86.625, 70.75, 39.84375, 81.75, 111.875, 22.84375, 83.1875, 52.8125, 70.0, 24.078125, 58.0, 48.8125, 44.8125, 111.375, 90.9375, 8.25, 107.8125, 131.25, 59.46875, 148.625, 51.78125, 170.875, 50.25, 120.125, 153.0, 121.25, 61.21875, 92.625, 54.65625, 27.453125], [4.47265625, 48.25, 60.9375, 48.59375, 76.9375, 62.625, 87.0625, 66.1875, 93.875, 89.8125, 114.0, 90.8125, 79.0625, 62.9375, 94.9375, 97.9375, 59.46875, 49.25, 40.3125, 63.0625, 0.0, 58.84375, 5.09765625, 75.4375, 82.375, 84.25, 90.5, 49.46875, 88.75, 75.125, 60.375, 103.875, 45.65625, 96.1875, 3.0, 99.1875, 87.6875, 84.625, 56.03125, 91.5625, 46.5, 83.375, 93.625, 96.5, 83.3125, 80.375, 17.5, 83.75, 109.5625, 43.5625, 101.8125, 103.5625, 89.625, 80.125, 84.8125, 107.8125, 40.3125, 35.46875, 88.9375, 78.25, 86.625, 28.078125, 111.625, 91.0, 48.46875, 61.0625, 57.125, 85.0625, 97.5625, 80.625, 89.1875, 51.90625, 107.8125, 19.640625, 71.0, 121.625, 112.0625, 67.5, 82.0, 115.4375, 66.25], [55.0625, 57.5625, 36.0625, 73.0625, 101.25, 114.625, 139.875, 84.75, 141.25, 62.0, 170.375, 139.625, 115.125, 76.25, 101.25, 57.4375, 118.1875, 28.640625, 27.859375, 106.0, 58.84375, 0.0, 54.09375, 120.8125, 102.3125, 115.0, 100.5, 99.8125, 99.25, 133.875, 5.65625, 126.25, 90.4375, 154.0, 61.40625, 72.5, 144.25, 132.375, 23.4375, 101.375, 17.09375, 142.125, 99.875, 152.75, 67.5, 127.25, 41.34375, 53.40625, 88.0, 73.1875, 93.75, 94.375, 87.9375, 100.6875, 143.5, 164.875, 85.6875, 24.359375, 144.875, 73.125, 124.8125, 48.09375, 148.25, 144.125, 49.25, 27.65625, 98.0, 43.75, 42.5, 138.75, 102.0625, 110.5625, 92.3125, 77.8125, 107.9375, 65.75, 167.75, 68.25, 55.5625, 146.625, 93.375], [4.2421875, 48.0625, 58.1875, 46.65625, 75.75, 65.375, 92.0, 67.75, 98.5, 85.125, 117.9375, 95.5, 79.375, 60.3125, 95.875, 94.9375, 64.375, 46.09375, 35.21875, 67.125, 5.09765625, 54.09375, 0.0, 77.125, 84.375, 87.3125, 91.6875, 54.125, 86.375, 80.0625, 55.46875, 102.875, 49.65625, 100.4375, 8.0625, 94.625, 92.75, 89.25, 52.46875, 89.1875, 41.4375, 88.1875, 94.5625, 101.625, 82.0, 84.875, 12.8046875, 78.9375, 105.3125, 42.0625, 98.25, 103.25, 89.75, 82.1875, 89.375, 111.875, 44.28125, 31.109375, 94.0625, 77.8125, 90.4375, 27.171875, 115.5, 96.0, 44.28125, 57.71875, 60.90625, 81.8125, 93.375, 85.6875, 87.0625, 56.875, 103.8125, 24.734375, 71.375, 117.4375, 115.8125, 67.25, 79.8125, 118.8125, 68.6875], [79.625, 123.0625, 134.875, 51.625, 42.4375, 20.609375, 111.0, 135.75, 128.375, 111.625, 63.78125, 123.3125, 21.21875, 60.03125, 165.875, 170.75, 65.8125, 122.25, 93.3125, 114.5625, 75.4375, 120.8125, 77.125, 0.0, 148.625, 142.625, 160.5, 95.75, 65.375, 71.875, 119.375, 53.84375, 102.125, 60.40625, 75.1875, 115.375, 97.1875, 121.1875, 127.4375, 67.1875, 103.9375, 72.0, 164.75, 104.5625, 158.75, 119.875, 87.0625, 111.25, 115.4375, 49.03125, 94.9375, 178.0, 163.25, 146.5, 63.3125, 62.40625, 98.75, 104.0625, 101.1875, 153.0, 137.0, 103.5, 158.625, 112.5625, 77.8125, 133.125, 113.3125, 157.125, 163.25, 83.25, 62.125, 65.8125, 107.1875, 70.875, 20.609375, 186.375, 58.53125, 142.0, 156.875, 168.0, 131.25], [80.1875, 45.1875, 70.1875, 130.875, 159.0, 130.25, 78.25, 18.03125, 65.0625, 158.875, 161.0, 67.375, 158.0, 144.625, 23.328125, 90.0, 96.3125, 73.75, 106.375, 41.5, 82.375, 102.3125, 84.375, 148.625, 0.0, 20.8125, 16.640625, 57.09375, 170.75, 105.3125, 107.5625, 185.625, 47.25, 138.875, 80.75, 169.5, 95.25, 60.59375, 80.375, 173.625, 104.125, 114.25, 23.015625, 99.5, 53.84375, 56.03125, 84.875, 151.0, 183.0, 125.9375, 180.375, 48.09375, 33.84375, 2.236328125, 123.0, 153.0, 50.0, 85.4375, 92.5625, 40.03125, 37.65625, 62.375, 52.40625, 82.125, 125.1875, 78.875, 38.125, 87.125, 114.0, 100.875, 171.5, 91.0, 183.875, 78.4375, 150.25, 132.125, 162.125, 37.0625, 67.75, 46.03125, 17.46875], [83.125, 57.71875, 86.0, 132.25, 158.375, 123.0625, 59.5, 32.0625, 44.6875, 167.75, 147.25, 47.4375, 154.375, 147.125, 43.1875, 109.5, 84.5, 87.125, 114.5, 28.640625, 84.25, 115.0, 87.3125, 142.625, 20.8125, 0.0, 36.78125, 47.125, 172.625, 91.125, 119.8125, 184.125, 41.34375, 125.125, 82.0625, 178.0, 77.8125, 41.1875, 94.625, 175.375, 114.0, 99.5, 43.125, 81.0, 73.75, 37.15625, 90.75, 160.125, 190.5, 126.75, 185.375, 68.6875, 54.65625, 20.59375, 109.125, 139.25, 45.8125, 95.25, 74.6875, 59.8125, 16.96875, 70.25, 34.0, 63.0625, 130.625, 94.125, 29.53125, 105.375, 131.5, 85.1875, 172.75, 80.4375, 190.25, 75.4375, 147.0, 150.875, 149.0, 54.90625, 86.8125, 32.1875, 21.59375], [87.6875, 46.75, 65.8125, 138.25, 167.375, 142.75, 94.875, 24.734375, 81.375, 159.875, 176.25, 83.875, 168.25, 151.0, 6.70703125, 79.1875, 111.3125, 72.125, 108.875, 57.59375, 90.5, 100.5, 91.6875, 160.5, 16.640625, 36.78125, 0.0, 72.0, 177.375, 121.0625, 106.0, 194.375, 61.125, 154.375, 89.3125, 170.5, 111.8125, 77.1875, 77.4375, 180.125, 105.0, 130.125, 6.40234375, 116.125, 43.0, 72.6875, 89.875, 151.625, 184.875, 133.75, 184.25, 32.0, 19.640625, 17.890625, 138.5, 168.5, 63.0, 87.0, 109.1875, 30.40625, 53.75, 66.875, 65.375, 98.75, 129.5, 74.75, 53.375, 78.5, 105.9375, 117.0625, 178.375, 105.5625, 186.625, 89.625, 160.375, 122.0625, 177.25, 32.25, 58.125, 56.28125, 31.40625], [50.625, 56.09375, 84.375, 92.375, 115.25, 75.9375, 40.03125, 50.34375, 44.375, 139.25, 104.375, 41.4375, 108.75, 108.25, 78.4375, 118.5625, 39.3125, 78.375, 88.25, 18.78125, 49.46875, 99.8125, 54.125, 95.75, 57.09375, 47.125, 72.0, 0.0, 132.0, 49.78125, 103.125, 139.875, 12.8046875, 82.4375, 46.5625, 148.625, 47.8125, 35.15625, 86.9375, 134.75, 92.0625, 59.09375, 77.6875, 55.21875, 89.8125, 31.015625, 63.0625, 133.0, 158.75, 86.25, 149.375, 98.25, 82.0625, 55.15625, 66.75, 96.5625, 15.265625, 75.8125, 47.15625, 78.25, 42.0, 52.5, 65.8125, 44.375, 97.75, 89.4375, 19.0, 109.3125, 130.125, 48.0, 131.5, 34.0, 156.375, 33.625, 101.625, 153.125, 105.25, 68.0, 96.875, 73.0, 40.59375], [90.625, 131.5, 128.375, 40.3125, 23.015625, 78.5, 160.5, 154.0, 173.75, 58.84375, 128.875, 169.5, 45.125, 26.421875, 181.0, 156.625, 117.375, 115.8125, 74.9375, 148.875, 88.75, 99.25, 86.375, 65.375, 170.75, 172.625, 177.375, 132.0, 0.0, 128.625, 95.0625, 30.890625, 132.375, 125.0, 90.6875, 58.0625, 151.875, 165.0, 116.6875, 2.828125, 84.0, 131.625, 179.625, 160.375, 159.125, 162.0, 87.6875, 62.65625, 53.0, 46.0, 30.46875, 184.0, 172.625, 168.625, 125.0, 127.75, 127.3125, 95.8125, 155.125, 159.0, 173.0, 110.625, 197.625, 163.25, 51.40625, 122.5625, 144.25, 142.75, 137.5, 139.125, 4.2421875, 113.75, 43.375, 98.6875, 45.03125, 156.75, 123.375, 149.875, 151.125, 203.0, 154.875], [78.75, 102.8125, 128.0, 96.125, 106.875, 52.34375, 42.0625, 100.0625, 61.84375, 155.875, 56.09375, 56.46875, 91.3125, 111.5625, 127.625, 164.25, 15.65625, 119.1875, 113.875, 63.9375, 75.125, 133.875, 80.0625, 71.875, 105.3125, 91.125, 121.0625, 49.78125, 128.625, 0.0, 135.5, 124.9375, 62.15625, 34.0, 72.5, 163.25, 25.5, 57.0, 127.3125, 131.0, 121.3125, 9.4375, 126.9375, 32.75, 138.5, 57.875, 92.5625, 151.75, 169.125, 90.0625, 153.625, 148.0, 131.875, 103.5625, 18.0, 48.09375, 62.78125, 109.9375, 29.703125, 127.5625, 79.3125, 92.75, 95.5, 42.4375, 113.125, 131.125, 67.75, 153.5, 170.625, 11.3984375, 126.5, 23.328125, 163.75, 56.09375, 86.8125, 194.5, 58.0625, 117.0, 143.875, 107.6875, 89.875], [56.875, 62.625, 41.71875, 70.5625, 98.0625, 114.125, 143.0, 89.875, 145.0, 56.40625, 170.5, 143.25, 112.75, 72.6875, 106.8125, 61.96875, 119.875, 34.0, 26.078125, 110.0, 60.375, 5.65625, 55.46875, 119.375, 107.5625, 119.8125, 106.0, 103.125, 95.0625, 135.5, 0.0, 122.5625, 94.125, 154.625, 63.0625, 66.8125, 146.75, 136.125, 29.0625, 97.125, 15.6171875, 143.625, 105.4375, 155.375, 73.125, 131.0, 42.96875, 47.8125, 82.4375, 71.125, 88.625, 100.0, 93.625, 105.875, 144.5, 165.125, 89.25, 27.296875, 147.5, 78.75, 129.25, 52.0, 153.0, 147.375, 45.90625, 33.3125, 102.0625, 48.5, 44.59375, 140.75, 98.0, 112.25, 86.8125, 79.6875, 105.6875, 67.125, 167.625, 73.8125, 61.0625, 151.5, 98.25], [106.75, 150.5, 152.125, 57.5, 27.203125, 72.5625, 162.0, 170.0, 177.75, 89.6875, 112.125, 173.0, 33.625, 50.03125, 198.75, 183.0, 116.8125, 139.125, 100.0, 158.0, 103.875, 126.25, 102.875, 53.84375, 185.625, 184.125, 194.375, 139.875, 30.890625, 124.9375, 122.5625, 0.0, 142.875, 113.25, 105.125, 88.4375, 149.875, 169.75, 141.375, 30.234375, 110.0, 125.6875, 197.375, 157.625, 181.375, 167.625, 107.4375, 93.5, 81.375, 61.03125, 58.0625, 205.0, 192.25, 183.375, 117.1875, 112.75, 138.375, 118.9375, 153.75, 179.5, 181.875, 129.375, 205.25, 164.0, 77.0625, 147.375, 154.875, 169.0, 166.25, 136.25, 26.828125, 115.125, 70.9375, 108.75, 39.0625, 186.25, 106.0625, 169.5, 175.125, 212.75, 168.875], [45.6875, 43.59375, 72.5, 92.125, 117.3125, 83.1875, 50.6875, 38.3125, 51.0, 134.125, 115.9375, 49.15625, 113.1875, 107.4375, 67.375, 106.0625, 50.6875, 67.375, 81.8125, 17.46875, 45.65625, 90.4375, 49.65625, 102.125, 47.25, 41.34375, 61.125, 12.8046875, 132.375, 62.15625, 94.125, 142.875, 0.0, 94.25, 43.03125, 143.875, 60.3125, 42.0, 75.875, 135.125, 84.3125, 71.5625, 66.5, 67.4375, 77.0, 37.0, 56.5, 127.375, 155.0, 86.3125, 147.375, 86.0625, 69.875, 45.1875, 78.75, 108.25, 5.38671875, 67.0, 59.40625, 65.5, 41.0625, 42.4375, 66.0625, 55.15625, 93.9375, 78.0, 12.0390625, 97.125, 118.6875, 60.8125, 132.25, 44.5625, 153.375, 34.21875, 105.6875, 141.375, 116.5, 55.21875, 84.25, 70.75, 30.015625], [100.4375, 132.0, 154.375, 101.25, 102.0, 47.84375, 73.5, 132.625, 93.875, 163.875, 22.09375, 88.5, 81.625, 114.3125, 160.875, 191.5, 43.65625, 144.125, 130.375, 97.75, 96.1875, 154.0, 100.4375, 60.40625, 138.875, 125.125, 154.375, 82.4375, 125.0, 34.0, 154.625, 113.25, 94.25, 0.0, 94.0625, 169.5, 54.09375, 90.125, 151.625, 127.0, 139.375, 26.3125, 160.125, 57.71875, 168.625, 91.4375, 113.1875, 161.375, 172.25, 96.125, 153.5, 180.25, 164.125, 137.125, 16.03125, 14.140625, 94.0, 131.5, 58.53125, 158.625, 113.1875, 118.8125, 128.125, 72.75, 123.5625, 156.25, 101.0, 179.625, 193.75, 41.78125, 122.0625, 50.5625, 165.125, 79.8125, 80.0, 217.75, 24.328125, 147.75, 172.375, 140.875, 123.0], [6.40234375, 48.03125, 62.15625, 50.4375, 78.3125, 61.6875, 84.0625, 64.875, 90.9375, 92.75, 112.1875, 87.875, 79.625, 65.0625, 93.9375, 99.3125, 56.8125, 50.78125, 43.28125, 60.40625, 3.0, 61.40625, 8.0625, 75.1875, 80.75, 82.0625, 89.3125, 46.5625, 90.6875, 72.5, 63.0625, 105.125, 43.03125, 94.0625, 0.0, 102.125, 84.75, 81.75, 57.8125, 93.5, 49.34375, 80.75, 92.625, 93.5625, 83.625, 77.5, 20.125, 86.6875, 112.375, 45.21875, 104.3125, 103.3125, 89.125, 78.5625, 82.4375, 105.875, 37.75, 37.8125, 86.0, 78.0625, 84.0625, 28.4375, 109.0625, 88.0, 51.25, 62.6875, 54.65625, 86.625, 99.75, 77.8125, 91.0625, 49.1875, 110.4375, 16.765625, 71.5625, 123.75, 110.375, 67.1875, 82.875, 113.0625, 64.375], [98.375, 124.625, 108.375, 68.4375, 76.0, 121.8125, 185.125, 151.375, 193.0, 10.6328125, 178.25, 189.875, 98.5, 55.71875, 172.125, 124.8125, 149.0, 99.0625, 63.53125, 161.25, 99.1875, 72.5, 94.625, 115.375, 169.5, 178.0, 170.5, 148.625, 58.0625, 163.25, 66.8125, 88.4375, 143.875, 169.5, 102.125, 0.0, 182.125, 183.875, 95.5625, 58.25, 65.625, 168.875, 170.75, 191.125, 140.0, 179.5, 87.875, 19.109375, 16.15625, 74.0, 32.90625, 166.875, 159.75, 167.5, 165.25, 175.5, 138.5, 84.0625, 184.375, 145.0, 183.875, 107.9375, 208.75, 188.75, 51.46875, 100.125, 154.5, 112.75, 97.8125, 172.0, 62.28125, 143.0, 24.0, 116.75, 95.3125, 111.4375, 173.5, 138.875, 127.625, 210.25, 157.125], [90.5, 103.875, 132.0, 117.0625, 130.75, 77.375, 20.03125, 94.375, 40.3125, 174.0, 74.75, 35.125, 116.3125, 133.0, 118.5, 166.375, 34.46875, 125.3125, 127.875, 54.90625, 87.6875, 144.25, 92.75, 97.1875, 95.25, 77.8125, 111.8125, 47.8125, 151.875, 25.5, 146.75, 149.875, 60.3125, 54.09375, 84.75, 182.125, 0.0, 38.21875, 133.75, 154.375, 133.875, 28.65625, 118.0625, 9.0, 136.5, 41.0, 104.3125, 169.125, 189.375, 110.8125, 175.375, 141.5, 125.625, 93.9375, 39.8125, 66.9375, 63.0, 119.875, 4.47265625, 124.1875, 63.15625, 98.8125, 74.6875, 18.6875, 131.0, 136.75, 61.21875, 157.0, 177.25, 14.140625, 150.0, 39.3125, 184.75, 68.0625, 111.4375, 200.5, 78.1875, 114.625, 144.5, 88.125, 82.375], [85.6875, 81.625, 111.625, 126.1875, 146.875, 100.625, 18.6875, 64.375, 9.21875, 174.375, 111.625, 7.6171875, 137.25, 142.25, 83.8125, 141.875, 56.09375, 108.25, 123.0625, 27.203125, 84.625, 132.375, 89.25, 121.1875, 60.59375, 41.1875, 77.1875, 35.15625, 165.0, 57.0, 136.125, 169.75, 42.0, 90.125, 81.75, 183.875, 38.21875, 0.0, 116.6875, 167.875, 126.125, 63.78125, 83.625, 40.15625, 108.4375, 5.38671875, 97.75, 168.125, 193.875, 119.9375, 183.875, 108.4375, 93.375, 59.65625, 74.5, 103.6875, 47.0, 109.0, 34.53125, 95.0, 25.296875, 84.3125, 38.625, 21.9375, 132.875, 118.125, 35.4375, 134.875, 158.5, 48.375, 164.25, 55.4375, 191.25, 68.125, 130.875, 180.125, 114.4375, 87.125, 119.0625, 50.8125, 51.40625], [51.625, 37.0625, 12.8046875, 85.0625, 115.0, 117.625, 126.5, 63.34375, 125.125, 85.0625, 170.0, 124.1875, 125.4375, 91.8125, 77.9375, 43.40625, 112.0625, 8.546875, 41.78125, 89.625, 56.03125, 23.4375, 52.46875, 127.4375, 80.375, 94.625, 77.4375, 86.9375, 116.6875, 127.3125, 29.0625, 141.375, 75.875, 151.625, 57.8125, 95.5625, 133.75, 116.6875, 0.0, 119.125, 33.25, 136.25, 76.5625, 141.75, 44.65625, 111.375, 40.71875, 76.5, 110.875, 83.5, 114.9375, 71.375, 64.5625, 78.875, 139.25, 163.625, 71.875, 23.53125, 133.75, 49.6875, 106.0, 35.0, 128.5, 131.0, 65.3125, 6.0, 81.375, 29.734375, 43.5625, 130.375, 119.0625, 104.25, 114.5625, 72.125, 117.6875, 67.1875, 168.125, 45.1875, 34.46875, 125.5, 73.25], [93.4375, 134.25, 130.75, 43.125, 25.015625, 80.75, 163.25, 156.75, 176.5, 59.53125, 130.5, 172.125, 46.6875, 29.15625, 183.75, 158.75, 120.0, 118.3125, 77.375, 151.75, 91.5625, 101.375, 89.1875, 67.1875, 173.625, 175.375, 180.125, 134.75, 2.828125, 131.0, 97.125, 30.234375, 135.125, 127.0, 93.5, 58.25, 154.375, 167.875, 119.125, 0.0, 86.3125, 134.0, 182.375, 162.875, 161.625, 164.75, 90.4375, 63.6875, 52.4375, 48.84375, 29.53125, 186.625, 175.375, 171.375, 127.25, 129.5, 130.125, 98.375, 157.625, 161.625, 175.875, 113.375, 200.375, 166.0, 53.84375, 124.9375, 147.125, 145.0, 139.375, 141.625, 5.09765625, 116.375, 42.53125, 101.5625, 47.0, 158.375, 124.9375, 152.5, 153.5, 205.875, 157.75], [43.40625, 59.0625, 45.625, 56.03125, 84.5625, 98.5, 131.5, 86.0625, 135.25, 55.0, 155.0, 133.0, 98.0, 60.0, 106.8125, 73.0, 105.6875, 34.40625, 10.7734375, 101.0, 46.5, 17.09375, 41.4375, 103.9375, 104.125, 114.0, 105.0, 92.0625, 84.0, 121.3125, 15.6171875, 110.0, 84.3125, 139.375, 49.34375, 65.625, 133.875, 126.125, 33.25, 86.3125, 0.0, 129.25, 105.375, 142.625, 77.4375, 121.25, 29.609375, 46.875, 79.9375, 56.09375, 82.0, 103.75, 95.125, 102.1875, 129.625, 149.625, 79.1875, 18.78125, 134.875, 80.4375, 121.75, 43.96875, 146.125, 135.75, 33.0, 38.90625, 93.375, 59.03125, 59.5, 127.125, 86.5625, 98.25, 82.4375, 66.125, 90.8125, 82.5, 152.0, 73.5625, 67.6875, 146.125, 92.6875], [87.125, 112.1875, 137.125, 101.0625, 109.375, 53.75, 47.4375, 109.375, 67.75, 161.75, 48.03125, 62.375, 92.3125, 116.0625, 136.625, 173.625, 24.203125, 128.25, 121.4375, 72.75, 83.375, 142.125, 88.1875, 72.0, 114.25, 99.5, 130.125, 59.09375, 131.625, 9.4375, 143.625, 125.6875, 71.5625, 26.3125, 80.75, 168.875, 28.65625, 63.78125, 136.25, 134.0, 129.25, 0.0, 136.0, 33.96875, 147.875, 65.1875, 100.875, 158.125, 174.0, 95.125, 157.625, 157.25, 141.125, 112.5625, 11.1796875, 40.0625, 72.1875, 118.4375, 33.125, 137.0, 87.0, 101.875, 101.875, 47.0, 119.4375, 140.125, 76.875, 162.625, 179.5, 15.5234375, 129.25, 32.0, 168.125, 64.625, 88.5625, 203.375, 50.625, 126.375, 153.25, 114.5625, 99.0], [90.625, 48.25, 64.5, 140.875, 170.25, 147.375, 101.25, 29.0625, 87.8125, 160.125, 182.0, 90.25, 172.0, 153.125, 1.4140625, 75.0, 116.875, 71.8125, 109.875, 63.6875, 93.625, 99.875, 94.5625, 164.75, 23.015625, 43.125, 6.40234375, 77.6875, 179.625, 126.9375, 105.4375, 197.375, 66.5, 160.125, 92.625, 170.75, 118.0625, 83.625, 76.5625, 182.375, 105.375, 136.0, 0.0, 122.4375, 39.3125, 79.0625, 91.9375, 151.75, 185.25, 136.625, 185.5, 25.8125, 15.0, 24.1875, 144.25, 174.25, 68.0625, 87.8125, 115.5, 27.859375, 60.09375, 68.9375, 71.125, 105.125, 131.0, 73.4375, 59.1875, 75.3125, 102.75, 123.125, 180.75, 111.0, 187.5, 93.875, 164.0, 118.0, 182.875, 31.890625, 54.75, 61.40625, 37.09375], [99.25, 111.0, 139.625, 125.9375, 139.125, 85.0625, 21.546875, 100.0, 40.1875, 183.0, 77.1875, 35.5, 124.0625, 141.75, 122.8125, 173.375, 43.1875, 133.25, 136.75, 60.3125, 96.5, 152.75, 101.625, 104.5625, 99.5, 81.0, 116.125, 55.21875, 160.375, 32.75, 155.375, 157.625, 67.4375, 57.71875, 93.5625, 191.125, 9.0, 40.15625, 141.75, 162.875, 142.625, 33.96875, 122.4375, 0.0, 142.875, 43.875, 113.0, 178.125, 198.375, 119.6875, 184.125, 146.5, 130.75, 98.25, 44.8125, 69.625, 70.5, 128.375, 8.0625, 130.125, 65.4375, 106.9375, 74.0, 18.4375, 140.0, 144.5, 67.1875, 164.5, 185.125, 21.46875, 158.5, 48.25, 193.625, 76.9375, 119.4375, 208.25, 81.125, 120.9375, 151.375, 88.0625, 87.625], [79.1875, 37.0, 31.90625, 123.9375, 154.375, 144.75, 123.4375, 44.09375, 114.9375, 129.5, 189.375, 115.9375, 161.125, 133.25, 40.4375, 36.34375, 125.3125, 43.46875, 84.6875, 83.0, 83.3125, 67.5, 82.0, 158.75, 53.84375, 73.75, 43.0, 89.8125, 159.125, 138.5, 73.125, 181.375, 77.0, 168.625, 83.625, 140.0, 136.5, 108.4375, 44.65625, 161.625, 77.4375, 147.875, 39.3125, 142.875, 0.0, 103.25, 74.4375, 120.875, 155.375, 121.0625, 159.375, 26.90625, 24.515625, 53.4375, 154.0, 182.125, 75.6875, 63.25, 135.0, 13.9296875, 89.5, 55.21875, 106.25, 127.75, 107.9375, 39.8125, 75.6875, 36.125, 63.5625, 137.75, 161.0, 118.0625, 159.25, 91.75, 153.125, 79.0625, 188.875, 21.9375, 15.5234375, 98.75, 57.125], [81.25, 76.1875, 106.25, 122.8125, 144.125, 99.3125, 22.359375, 59.1875, 14.0, 170.0, 113.1875, 13.0, 135.25, 138.75, 79.3125, 136.5, 55.46875, 102.9375, 118.375, 21.84375, 80.375, 127.25, 84.875, 119.875, 56.03125, 37.15625, 72.6875, 31.015625, 162.0, 57.875, 131.0, 167.625, 37.0, 91.4375, 77.5, 179.5, 41.0, 5.38671875, 111.375, 164.75, 121.25, 65.1875, 79.0625, 43.875, 103.25, 0.0, 93.0625, 163.625, 189.75, 116.625, 180.25, 103.6875, 88.4375, 55.0, 75.6875, 105.25, 42.09375, 104.0, 37.65625, 89.8125, 22.203125, 79.1875, 38.9375, 26.078125, 128.75, 112.8125, 30.078125, 129.5, 153.125, 50.0, 161.25, 54.09375, 187.375, 64.375, 128.75, 174.75, 115.75, 81.8125, 113.75, 50.0, 46.21875], [13.9296875, 43.84375, 47.84375, 50.0, 80.25, 76.9375, 102.1875, 67.25, 106.9375, 77.8125, 130.5, 104.375, 87.0, 61.28125, 93.3125, 83.8125, 76.9375, 35.15625, 25.3125, 73.75, 17.5, 41.34375, 12.8046875, 87.0625, 84.875, 90.75, 89.875, 63.0625, 87.6875, 92.5625, 42.96875, 107.4375, 56.5, 113.1875, 20.125, 87.875, 104.3125, 97.75, 40.71875, 90.4375, 29.609375, 100.875, 91.9375, 113.0, 74.4375, 93.0625, 0.0, 70.875, 99.875, 46.6875, 95.5, 97.5, 85.25, 82.75, 102.1875, 124.5, 51.1875, 18.4375, 105.3125, 72.125, 96.0, 23.015625, 120.9375, 106.3125, 40.375, 46.25, 66.75, 70.375, 80.75, 97.875, 89.0, 69.3125, 99.625, 36.78125, 79.0625, 104.75, 128.25, 62.40625, 70.375, 122.8125, 70.625], [82.375, 105.9375, 89.25, 60.8125, 75.9375, 114.5625, 170.625, 132.875, 177.25, 8.6015625, 172.25, 174.375, 96.875, 51.75, 153.125, 106.75, 137.0, 80.0, 45.875, 144.625, 83.75, 53.40625, 78.9375, 111.25, 151.0, 160.125, 151.625, 133.0, 62.65625, 151.75, 47.8125, 93.5, 127.375, 161.375, 86.6875, 19.109375, 169.125, 168.125, 76.5, 63.6875, 46.875, 158.125, 151.75, 178.125, 120.875, 163.625, 70.875, 0.0, 34.65625, 65.375, 45.03125, 147.75, 140.75, 149.0, 155.5, 168.625, 122.0, 65.5, 171.0, 125.875, 166.75, 89.875, 191.5, 174.375, 38.625, 81.0625, 137.625, 94.375, 81.1875, 159.75, 66.625, 130.5, 40.15625, 102.1875, 92.3125, 97.0625, 167.875, 119.875, 108.75, 192.375, 139.125], [109.25, 138.5, 123.6875, 73.0, 73.9375, 124.4375, 193.875, 165.0, 203.0, 26.078125, 179.125, 199.625, 96.75, 58.21875, 186.75, 141.0, 155.5, 113.875, 76.625, 172.375, 109.5625, 88.0, 105.3125, 115.4375, 183.0, 190.5, 184.875, 158.75, 53.0, 169.125, 82.4375, 81.375, 155.0, 172.25, 112.375, 16.15625, 189.375, 193.875, 110.875, 52.4375, 79.9375, 174.0, 185.25, 198.375, 155.375, 189.75, 99.875, 34.65625, 0.0, 79.0625, 23.34375, 182.25, 174.75, 181.0, 169.375, 177.0, 149.625, 97.9375, 191.875, 160.0, 195.5, 120.9375, 220.5, 197.25, 61.09375, 115.625, 166.0, 128.875, 113.875, 178.5, 57.125, 150.125, 10.8203125, 125.9375, 94.875, 127.0, 174.0, 153.5, 143.375, 222.625, 170.0], [46.0625, 89.5, 93.0, 6.32421875, 33.84375, 49.1875, 117.0625, 109.6875, 128.875, 67.75, 107.0625, 124.75, 42.1875, 22.46875, 137.875, 126.5625, 76.625, 80.0, 45.3125, 102.9375, 43.5625, 73.1875, 42.0625, 49.03125, 125.9375, 126.75, 133.75, 86.25, 46.0, 90.0625, 71.125, 61.03125, 86.3125, 96.125, 45.21875, 74.0, 110.8125, 119.9375, 83.5, 48.84375, 56.09375, 95.125, 136.625, 119.6875, 121.0625, 116.625, 46.6875, 65.375, 79.0625, 0.0, 64.875, 144.125, 131.25, 123.6875, 91.25, 103.3125, 81.3125, 60.125, 113.5625, 118.625, 127.0, 68.3125, 151.625, 120.1875, 29.0625, 89.4375, 98.3125, 112.625, 115.5625, 99.5, 46.0, 71.5625, 74.0, 52.8125, 34.78125, 138.25, 102.9375, 108.5, 116.0, 157.0, 109.625], [102.4375, 137.5, 127.5625, 58.53125, 52.625, 106.0625, 181.875, 162.625, 192.875, 38.125, 158.625, 189.125, 75.3125, 42.4375, 187.0, 150.0, 141.0, 116.3125, 75.8125, 164.625, 101.8125, 93.75, 98.25, 94.9375, 180.375, 185.375, 184.25, 149.375, 30.46875, 153.625, 88.625, 58.0625, 147.375, 153.5, 104.3125, 32.90625, 175.375, 183.875, 114.9375, 29.53125, 82.0, 157.625, 185.5, 184.125, 159.375, 180.25, 95.5, 45.03125, 23.34375, 64.875, 0.0, 185.75, 176.5, 178.25, 152.0, 157.125, 142.0, 98.0, 178.25, 162.0, 188.375, 118.0625, 213.375, 185.0, 55.1875, 120.3125, 158.875, 136.875, 126.0, 163.625, 34.4375, 136.25, 13.0390625, 115.8125, 74.3125, 142.0, 153.25, 154.25, 149.0, 217.0, 166.0], [99.875, 55.3125, 58.59375, 147.5, 177.75, 162.25, 125.625, 47.9375, 113.125, 156.375, 201.875, 115.375, 182.625, 157.875, 26.078125, 56.03125, 136.625, 69.4375, 110.5, 86.625, 103.5625, 94.375, 103.25, 178.0, 48.09375, 68.6875, 32.0, 98.25, 184.0, 148.0, 100.0, 205.0, 86.0625, 180.25, 103.3125, 166.875, 141.5, 108.4375, 71.375, 186.625, 103.75, 157.25, 25.8125, 146.5, 26.90625, 103.6875, 97.5, 147.75, 182.25, 144.125, 185.75, 0.0, 16.15625, 48.84375, 164.75, 194.125, 86.375, 88.5625, 139.25, 25.5, 85.625, 76.125, 96.625, 129.625, 133.375, 66.6875, 80.9375, 60.40625, 86.9375, 145.375, 185.75, 130.125, 185.875, 108.3125, 174.5, 98.5, 202.125, 36.125, 40.8125, 86.1875, 59.15625], [86.125, 41.75, 52.0, 135.125, 165.125, 147.0, 110.125, 31.78125, 98.5, 149.25, 185.75, 100.4375, 168.75, 146.375, 16.03125, 60.0, 120.5, 60.875, 100.6875, 70.75, 89.625, 87.9375, 89.75, 163.25, 33.84375, 54.65625, 19.640625, 82.0625, 172.625, 131.875, 93.625, 192.25, 69.875, 164.125, 89.125, 159.75, 125.625, 93.375, 64.5625, 175.375, 95.125, 141.125, 15.0, 130.75, 24.515625, 88.4375, 85.25, 140.75, 174.75, 131.25, 176.5, 16.15625, 0.0, 34.21875, 148.625, 178.125, 70.3125, 78.5, 123.4375, 14.8671875, 71.375, 62.9375, 84.875, 114.1875, 122.8125, 60.8125, 64.875, 60.625, 88.0625, 129.25, 174.125, 114.0, 177.625, 93.0, 160.625, 103.0, 186.0, 22.84375, 40.03125, 75.9375, 43.28125], [78.0, 43.375, 68.875, 128.75, 156.75, 128.125, 77.125, 16.125, 64.375, 157.0, 159.125, 66.5, 155.75, 142.375, 24.59375, 89.5, 94.4375, 72.125, 104.375, 39.84375, 80.125, 100.6875, 82.1875, 146.5, 2.236328125, 20.59375, 17.890625, 55.15625, 168.625, 103.5625, 105.875, 183.375, 45.1875, 137.125, 78.5625, 167.5, 93.9375, 59.65625, 78.875, 171.375, 102.1875, 112.5625, 24.1875, 98.25, 53.4375, 55.0, 82.75, 149.0, 181.0, 123.6875, 178.25, 48.84375, 34.21875, 0.0, 121.1875, 151.25, 47.84375, 83.5, 91.3125, 39.5625, 37.1875, 60.3125, 52.9375, 81.0, 123.0625, 77.4375, 36.21875, 86.3125, 113.0, 99.3125, 169.25, 89.0625, 181.875, 76.1875, 148.0, 131.375, 160.25, 36.0, 67.0625, 47.15625, 15.296875], [88.875, 117.6875, 141.25, 96.875, 102.4375, 46.53125, 58.53125, 117.0, 78.75, 158.625, 38.125, 73.375, 84.125, 111.25, 145.0, 178.0, 28.65625, 131.5, 121.25, 81.75, 84.8125, 143.5, 89.375, 63.3125, 123.0, 109.125, 138.5, 66.75, 125.0, 18.0, 144.5, 117.1875, 78.75, 16.03125, 82.4375, 165.25, 39.8125, 74.5, 139.25, 127.25, 129.625, 11.1796875, 144.25, 44.8125, 154.0, 75.6875, 102.1875, 155.5, 169.375, 91.25, 152.0, 164.75, 148.625, 121.1875, 0.0, 30.15625, 78.8125, 120.25, 44.28125, 143.625, 97.25, 105.625, 112.8125, 58.1875, 117.0625, 143.625, 85.125, 166.625, 182.0, 26.578125, 122.5, 36.0625, 163.0, 67.1875, 81.0, 206.0, 40.125, 132.875, 158.375, 125.3125, 107.1875], [112.1875, 145.375, 167.0, 107.9375, 104.8125, 54.125, 86.6875, 146.625, 107.0625, 170.5, 8.0, 101.8125, 83.125, 119.875, 175.0, 204.125, 57.5625, 156.375, 140.25, 111.875, 107.8125, 164.875, 111.875, 62.40625, 153.0, 139.25, 168.5, 96.5625, 127.75, 48.09375, 165.125, 112.75, 108.25, 14.140625, 105.875, 175.5, 66.9375, 103.6875, 163.625, 129.5, 149.625, 40.0625, 174.25, 69.625, 182.125, 105.25, 124.5, 168.625, 177.0, 103.3125, 157.125, 194.125, 178.125, 151.25, 30.15625, 0.0, 107.8125, 143.0, 71.3125, 172.375, 127.0625, 131.5, 141.375, 85.625, 131.625, 168.375, 115.125, 192.0, 205.25, 55.3125, 124.5, 64.25, 169.25, 92.375, 82.875, 229.25, 11.6640625, 161.375, 185.375, 154.375, 137.125], [40.3125, 41.03125, 69.125, 87.0625, 112.625, 80.25, 54.71875, 39.3125, 56.09375, 128.75, 115.4375, 54.03125, 109.125, 102.3125, 69.0, 103.5, 50.34375, 63.3125, 76.5, 22.84375, 40.3125, 85.6875, 44.28125, 98.75, 50.0, 45.8125, 63.0, 15.265625, 127.3125, 62.78125, 89.25, 138.375, 5.38671875, 94.0, 37.75, 138.5, 63.0, 47.0, 71.875, 130.125, 79.1875, 72.1875, 68.0625, 70.5, 75.6875, 42.09375, 51.1875, 122.0, 149.625, 81.3125, 142.0, 86.375, 70.3125, 47.84375, 78.8125, 107.8125, 0.0, 62.0625, 62.4375, 64.875, 46.3125, 37.84375, 71.375, 59.125, 88.5625, 74.25, 17.03125, 94.0625, 114.9375, 62.375, 127.3125, 43.6875, 148.0, 29.6875, 101.5625, 137.875, 115.6875, 54.21875, 82.0625, 75.75, 32.5625], [31.40625, 40.59375, 33.125, 62.03125, 92.25, 95.0, 115.75, 67.4375, 118.0, 73.5, 148.875, 116.125, 101.9375, 70.0625, 89.1875, 66.9375, 94.3125, 20.21875, 22.203125, 83.1875, 35.46875, 24.359375, 31.109375, 104.0625, 85.4375, 95.25, 87.0, 75.8125, 95.8125, 109.9375, 27.296875, 118.9375, 67.0, 131.5, 37.8125, 84.0625, 119.875, 109.0, 23.53