{"name": "LZB_n60_1", "n": 60, "m": 8, "times": [[0.0, 77.0, 111.0, 89.0625, 98.0625, 52.09375, 78.5, 101.25, 65.125, 107.4375, 109.625, 63.65625, 109.6875, 108.5625, 66.3125, 60.625, 129.5, 66.625, 83.75, 94.375, 115.9375, 58.25, 99.0, 77.9375, 77.625, 59.09375, 96.625, 84.375, 65.8125, 89.25, 52.84375, 125.1875, 65.75, 73.25, 112.4375, 89.1875, 76.0625, 106.0, 25.234375, 53.15625, 113.125, 102.0, 63.1875, 110.4375, 98.3125, 87.0625, 89.8125, 61.125, 64.5625, 51.875, 54.34375, 129.25, 47.15625, 119.3125, 59.625, 15.03125, 48.0, 43.3125, 101.4375, 41.625, 47.25], [77.0, 0.0, 180.25, 128.25, 21.84375, 25.5, 138.25, 101.9375, 82.75, 160.75, 178.625, 130.125, 162.75, 68.25, 28.84375, 87.6875, 194.5, 64.375, 90.4375, 160.25, 94.75, 106.75, 174.125, 99.25, 123.875, 133.5, 167.875, 42.28125, 51.875, 102.3125, 39.21875, 92.5625, 34.65625, 90.8125, 178.5, 163.25, 127.9375, 158.375, 92.9375, 91.375, 177.5, 95.875, 104.625, 159.0, 112.875, 119.6875, 128.125, 96.4375, 25.0, 124.9375, 104.625, 189.25, 75.625, 94.0, 63.6875, 92.0625, 29.0625, 76.25, 68.0, 114.0, 30.8125], [111.0, 180.25, 0.0, 80.0625, 202.125, 158.625, 133.75, 202.625, 114.0625, 158.625, 123.125, 116.3125, 160.375, 177.375, 158.5, 160.0, 146.0, 133.125, 186.125, 22.09375, 163.25, 142.0, 90.0, 107.5, 153.125, 92.125, 15.8125, 166.625, 142.75, 117.375, 143.875, 234.5, 154.5, 112.625, 12.53125, 94.75, 62.8125, 159.5, 88.5625, 148.875, 138.625, 141.875, 151.0, 60.21875, 116.375, 172.0, 81.375, 154.875, 174.0, 59.40625, 138.75, 158.375, 151.375, 227.375, 128.375, 99.1875, 153.75, 147.125, 211.875, 102.4375, 154.875], [89.0625, 128.25, 80.0625, 0.0, 148.25, 114.625, 154.0, 189.375, 46.3125, 184.0, 166.375, 135.375, 186.125, 103.4375, 100.625, 149.625, 190.25, 66.75, 172.0, 59.03125, 84.5, 144.125, 139.875, 32.5625, 162.0, 116.375, 77.6875, 100.625, 79.0625, 39.0, 89.125, 206.375, 95.1875, 40.3125, 71.0625, 137.25, 22.203125, 183.5, 66.1875, 141.875, 177.25, 63.1875, 150.625, 32.3125, 36.40625, 174.75, 1.4140625, 149.75, 132.625, 68.5625, 140.125, 196.75, 135.875, 202.625, 65.1875, 88.0625, 109.8125, 132.125, 180.625, 112.0, 113.25], [98.0625, 21.84375, 202.125, 148.25, 0.0, 46.0, 154.5, 106.25, 102.1875, 174.875, 196.375, 148.125, 176.875, 75.5, 47.625, 100.375, 211.0, 82.75, 97.75, 182.0, 105.3125, 122.125, 193.875, 118.125, 137.75, 153.25, 189.75, 54.59375, 70.0, 119.875, 60.03125, 86.6875, 53.15625, 109.6875, 200.125, 182.625, 149.125, 172.375, 114.75, 106.0, 194.125, 110.125, 118.6875, 179.5, 130.125, 130.75, 148.0, 109.9375, 38.625, 146.75, 120.4375, 204.375, 90.3125, 90.6875, 83.125, 113.0625, 50.15625, 91.8125, 65.4375, 133.5, 51.0], [52.09375, 25.5, 158.625, 114.625, 46.0, 0.0, 114.25, 90.8125, 72.4375, 138.25, 153.625, 105.1875, 140.25, 79.3125, 30.359375, 67.6875, 170.125, 58.46875, 76.375, 139.5, 99.875, 83.75, 148.625, 89.4375, 101.8125, 108.0625, 145.5, 51.09375, 48.15625, 95.5, 29.609375, 93.75, 34.53125, 81.4375, 157.875, 137.75, 110.625, 136.0, 70.25, 69.3125, 153.125, 95.3125, 82.75, 143.5, 106.3125, 100.375, 114.8125, 75.3125, 18.03125, 101.625, 81.1875, 165.625, 53.90625, 92.1875, 55.03125, 67.0, 5.0, 53.75, 67.75, 88.5, 5.38671875], [78.5, 138.25, 133.75, 154.0, 154.5, 114.25, 0.0, 88.5625, 142.25, 30.078125, 45.0, 19.0, 32.28125, 185.375, 139.0, 58.3125, 56.46875, 145.125, 77.9375, 129.125, 194.375, 33.0, 60.46875, 152.625, 26.0, 42.1875, 118.3125, 159.125, 143.375, 164.875, 128.0, 133.375, 140.125, 149.5, 142.0, 48.40625, 134.5, 29.421875, 91.0625, 49.46875, 39.5625, 180.0, 39.0625, 164.125, 172.75, 46.53125, 155.25, 48.15625, 115.9375, 89.0, 34.1875, 51.75, 64.5, 123.0, 138.125, 70.25, 112.625, 62.78125, 121.0, 42.1875, 109.0], [101.25, 101.9375, 202.625, 189.375, 106.25, 90.8125, 88.5625, 0.0, 156.25, 92.0, 132.25, 96.25, 93.0625, 168.625, 120.8125, 42.8125, 136.125, 147.0, 17.46875, 190.375, 190.625, 63.25, 147.625, 172.25, 62.65625, 116.625, 187.0, 140.75, 138.25, 181.125, 119.125, 47.09375, 125.3125, 165.5, 207.25, 135.125, 177.25, 89.0, 126.125, 53.8125, 121.8125, 185.0, 54.09375, 211.625, 191.5, 43.40625, 190.125, 48.15625, 78.1875, 145.25, 65.625, 123.125, 54.125, 36.0, 142.125, 107.1875, 93.3125, 58.125, 45.8125, 101.1875, 88.25], [65.125, 82.75, 114.0625, 46.3125, 102.1875, 72.4375, 142.25, 156.25, 0.0, 171.875, 166.625, 125.5625, 174.0, 63.5, 54.5625, 121.125, 188.875, 20.609375, 139.625, 92.0, 56.40625, 123.25, 147.125, 17.0, 142.75, 113.4375, 106.1875, 55.03125, 32.75, 25.0, 44.40625, 166.125, 49.03125, 9.21875, 108.3125, 140.75, 52.46875, 170.625, 53.25, 116.125, 173.5, 38.40625, 127.5, 78.3125, 35.21875, 150.75, 46.03125, 124.0625, 90.375, 76.1875, 119.375, 191.125, 106.0625, 163.875, 19.109375, 72.0625, 68.0, 103.1875, 140.125, 101.5625, 72.25], [107.4375, 160.75, 158.625, 184.0, 174.875, 138.25, 30.078125, 92.0, 171.875, 0.0, 47.625, 48.65625, 2.236328125, 212.375, 164.875, 74.6875, 44.5625, 173.75, 86.6875, 156.25, 223.125, 54.5, 75.6875, 182.625, 37.21875, 70.0, 143.875, 185.5, 171.25, 194.75, 154.875, 139.0, 166.5, 179.25, 167.875, 66.1875, 164.25, 3.0, 121.125, 69.375, 32.65625, 209.375, 56.3125, 193.0, 202.75, 49.5, 185.125, 65.0, 137.0, 118.125, 57.28125, 31.40625, 85.1875, 128.0, 166.875, 100.0625, 137.25, 84.625, 132.0, 72.25, 133.125], [109.625, 178.625, 123.125, 166.375, 196.375, 153.625, 45.0, 132.25, 166.625, 47.625, 0.0, 48.46875, 48.15625, 218.0, 174.875, 103.125, 24.046875, 174.125, 122.6875, 126.125, 222.125, 77.3125, 33.375, 173.5, 69.875, 53.15625, 110.0625, 193.875, 175.125, 186.25, 162.25, 177.875, 175.0, 172.25, 134.0, 29.828125, 144.75, 50.0, 113.375, 93.625, 17.0, 205.0, 84.0, 167.875, 192.25, 89.0, 167.75, 93.0625, 157.875, 97.9375, 77.8125, 35.5, 107.875, 167.375, 167.0, 97.1875, 151.25, 105.5625, 166.0, 68.0, 148.25], [63.65625, 130.125, 116.3125, 135.375, 148.125, 105.1875, 19.0, 96.25, 125.5625, 48.65625, 48.46875, 0.0, 50.8125, 172.0, 127.3125, 59.4375, 66.25, 130.0, 83.0, 110.625, 179.0, 33.84375, 52.1875, 135.125, 37.65625, 24.171875, 100.75, 146.875, 129.375, 147.625, 115.25, 138.25, 127.8125, 132.375, 124.0625, 39.5625, 115.625, 48.25, 73.4375, 48.5, 49.59375, 163.625, 42.53125, 145.125, 155.125, 57.96875, 136.5, 50.28125, 109.625, 70.0, 32.75, 65.8125, 61.03125, 128.5, 122.9375, 53.53125, 102.875, 58.21875, 122.625, 24.171875, 99.8125], [109.6875, 162.75, 160.375, 186.125, 176.875, 140.25, 32.28125, 93.0625, 174.0, 2.236328125, 48.15625, 50.8125, 0.0, 214.625, 167.0, 76.5625, 43.9375, 176.0, 88.0625, 158.125, 225.375, 56.59375, 76.875, 184.75, 39.125, 72.0, 145.5, 187.625, 173.5, 197.0, 157.125, 140.125, 168.625, 181.5, 169.625, 67.5625, 166.375, 4.47265625, 123.3125, 71.375, 32.75, 211.5, 58.25, 195.0, 205.0, 50.8125, 187.25, 66.875, 139.0, 120.1875, 59.40625, 30.15625, 87.1875, 129.0, 169.125, 102.3125, 139.375, 86.6875, 133.375, 74.4375, 135.25], [108.5625, 68.25, 177.375, 103.4375, 75.5, 79.3125, 185.375, 168.625, 63.5, 212.375, 218.0, 172.0, 214.625, 0.0, 49.1875, 146.25, 238.125, 46.8125, 155.25, 155.25, 31.625, 158.625, 203.75, 71.375, 177.875, 166.125, 169.75, 28.234375, 43.0, 65.25, 57.5, 160.0, 46.3125, 65.0, 171.0, 195.625, 115.0, 210.5, 108.6875, 146.125, 221.625, 44.78125, 159.5, 135.125, 72.25, 179.0, 102.5625, 153.0, 90.5, 137.0, 155.375, 236.875, 131.75, 162.125, 53.3125, 121.0, 78.25, 130.75, 136.125, 150.125, 83.1875], [66.3125, 28.84375, 158.5, 100.625, 47.625, 30.359375, 139.0, 120.8125, 54.5625, 164.875, 174.875, 127.3125, 167.0, 49.1875, 0.0, 97.125, 193.375, 35.59375, 106.75, 137.5, 70.125, 110.5625, 165.125, 70.75, 129.5, 125.375, 147.375, 21.09375, 23.015625, 73.5, 15.0, 118.875, 5.83203125, 62.25, 155.375, 155.5, 102.4375, 162.75, 75.1875, 97.4375, 176.625, 68.125, 110.8125, 132.0, 84.0625, 129.875, 100.4375, 104.0, 44.0, 107.0, 107.5625, 190.625, 82.6875, 118.9375, 35.46875, 80.625, 29.0625, 81.8125, 93.375, 107.375, 34.0], [60.625, 87.6875, 160.0, 149.625, 100.375, 67.6875, 58.3125, 42.8125, 121.125, 74.6875, 103.125, 59.4375, 76.5625, 146.25, 97.125, 0.0, 113.5, 115.75, 26.171875, 147.625, 163.125, 26.078125, 111.5625, 136.0, 37.5625, 76.5, 144.25, 118.1875, 109.4375, 146.125, 90.8125, 79.3125, 100.1875, 130.0, 164.5, 98.9375, 136.0, 72.0625, 84.75, 11.6640625, 97.0625, 154.0, 19.421875, 170.125, 156.0, 32.75, 150.5, 10.1953125, 63.125, 102.4375, 26.6875, 104.9375, 15.296875, 70.25, 109.8125, 64.875, 68.125, 18.0, 63.375, 59.40625, 63.28125], [129.5, 194.5, 146.0, 190.25, 211.0, 170.125, 56.46875, 136.125, 188.875, 44.5625, 24.046875, 66.25, 43.9375, 238.125, 193.375, 113.5, 0.0, 195.25, 129.375, 149.875, 243.75, 89.1875, 56.03125, 196.375, 76.9375, 75.6875, 133.5, 213.0, 195.375, 209.125, 181.5, 183.0, 194.0, 194.875, 157.25, 53.84375, 168.625, 47.53125, 135.625, 105.625, 17.0, 227.25, 94.125, 191.875, 215.375, 93.0, 191.625, 103.3125, 172.375, 121.75, 90.625, 17.6875, 120.875, 172.125, 188.125, 118.125, 168.25, 119.25, 174.25, 88.375, 164.875], [66.625, 64.375, 133.125, 66.75, 82.75, 58.46875, 145.125, 147.0, 20.609375, 173.75, 174.125, 130.0, 176.0, 46.8125, 35.59375, 115.75, 195.25, 0.0, 131.125, 111.25, 49.40625, 122.125, 157.875, 35.46875, 141.875, 121.375, 124.25, 34.46875, 12.7265625, 38.09375, 28.859375, 151.75, 29.828125, 27.015625, 128.0, 150.25, 72.5625, 172.125, 62.4375, 112.5625, 179.125, 38.3125, 125.0, 98.8125, 48.75, 147.125, 66.375, 120.1875, 75.5625, 90.125, 118.5625, 195.625, 100.4375, 150.625, 7.0703125, 77.0625, 54.75, 98.25, 125.875, 106.8125, 59.53125], [83.75, 90.4375, 186.125, 172.0, 97.75, 76.375, 77.9375, 17.46875, 139.625, 86.6875, 122.6875, 83.0, 88.0625, 155.25, 106.75, 26.171875, 129.375, 131.125, 0.0, 173.375, 175.875, 49.25, 135.125, 155.375, 53.03125, 101.875, 170.5, 127.125, 122.9375, 164.5, 103.8125, 55.53125, 110.875, 148.75, 190.375, 122.4375, 159.875, 83.75, 108.6875, 37.65625, 114.0, 169.375, 40.5, 194.125, 174.875, 37.375, 172.75, 33.125, 65.75, 128.25, 51.0, 118.0625, 36.6875, 45.53125, 126.0, 89.875, 78.4375, 40.71875, 45.34375, 85.4375, 73.375], [94.375, 160.25, 22.09375, 59.03125, 182.0, 139.5, 129.125, 190.375, 92.0, 156.25, 126.125, 110.625, 158.125, 155.25, 137.5, 147.625, 149.875, 111.25, 173.375, 0.0, 141.375, 132.375, 94.625, 85.5, 145.625, 86.875, 19.84375, 145.0, 121.0625, 95.625, 123.0625, 219.25, 133.375, 90.5625, 18.359375, 96.5, 40.78125, 156.75, 70.4375, 137.0, 140.25, 120.0625, 141.0, 44.40625, 95.0625, 163.25, 60.375, 143.75, 155.5, 45.21875, 128.875, 160.375, 137.625, 212.875, 106.6875, 84.25, 134.625, 133.375, 195.75, 93.125, 136.125], [115.9375, 94.75, 163.25, 84.5, 105.3125, 99.875, 194.375, 190.625, 56.40625, 223.125, 222.125, 179.0, 225.375, 31.625, 70.125, 163.125, 243.75, 49.40625, 175.875, 141.375, 0.0, 171.25, 203.5, 56.3125, 191.0, 169.0, 158.125, 52.46875, 53.75, 45.90625, 72.5625, 187.25, 65.375, 53.25, 155.25, 196.875, 100.6875, 221.625, 108.9375, 161.0, 227.875, 21.375, 173.75, 114.0625, 49.0, 195.25, 83.375, 168.375, 114.0625, 132.25, 167.75, 244.75, 148.0, 188.375, 56.3125, 125.75, 97.5, 146.125, 162.5, 155.625, 102.5625], [58.25, 106.75, 142.0, 144.125, 122.125, 83.75, 33.0, 63.25, 123.25, 54.5, 77.3125, 33.84375, 56.59375, 158.625, 110.5625, 26.078125, 89.1875, 122.125, 49.25, 132.375, 171.25, 0.0, 86.0, 136.125, 19.703125, 53.40625, 126.25, 131.375, 118.3125, 147.5, 101.25, 104.375, 112.4375, 131.5, 148.0, 73.375, 127.5625, 52.3125, 78.0, 16.5, 72.4375, 159.125, 9.21875, 160.375, 156.5, 31.328125, 145.125, 16.5, 83.625, 87.875, 4.0, 82.5, 31.78125, 94.6875, 115.5625, 56.09375, 82.75, 30.53125, 89.4375, 39.65625, 78.625], [99.0, 174.125, 90.0, 139.875, 193.875, 148.625, 60.46875, 147.625, 147.125, 75.6875, 33.375, 52.1875, 76.875, 203.75, 165.125, 111.5625, 56.03125, 157.875, 135.125, 94.625, 203.5, 86.0, 0.0, 151.375, 86.0625, 40.59375, 77.5, 182.125, 161.0, 164.125, 151.125, 190.375, 164.125, 151.5, 101.1875, 12.6484375, 117.6875, 77.4375, 95.4375, 100.4375, 49.71875, 184.875, 94.5625, 137.625, 168.75, 106.875, 141.25, 102.5, 156.5, 73.0, 84.875, 68.875, 111.75, 180.625, 151.0, 84.5, 145.375, 108.4375, 174.5, 60.40625, 143.375], [77.9375, 99.25, 107.5, 32.5625, 118.125, 89.4375, 152.625, 172.25, 17.0, 182.625, 173.5, 135.125, 184.75, 71.375, 70.75, 136.0, 196.375, 35.46875, 155.375, 85.5, 56.3125, 136.125, 151.375, 0.0, 155.375, 120.625, 101.8125, 68.5, 48.15625, 12.8046875, 61.28125, 183.125, 65.0625, 8.484375, 100.25, 146.25, 44.71875, 181.5, 61.75, 130.25, 181.625, 35.34375, 141.0, 64.875, 20.390625, 164.625, 31.953125, 138.25, 107.375, 78.5625, 132.25, 200.0, 121.125, 180.75, 35.59375, 82.5625, 85.0, 118.0, 157.125, 111.0, 89.1875], [77.625, 123.875, 153.125, 162.0, 137.75, 101.8125, 26.0, 62.65625, 142.75, 37.21875, 69.875, 37.65625, 39.125, 177.875, 129.5, 37.5625, 76.9375, 141.875, 53.03125, 145.625, 191.0, 19.703125, 86.0625, 155.375, 0.0, 61.28125, 137.375, 150.375, 137.875, 166.875, 120.625, 108.0625, 131.625, 150.875, 160.125, 73.8125, 144.5, 34.65625, 96.1875, 32.5625, 61.125, 178.875, 19.203125, 176.375, 175.75, 20.8125, 163.0, 27.78125, 99.875, 102.375, 23.40625, 67.4375, 48.28125, 97.5, 135.25, 74.1875, 101.25, 48.09375, 97.4375, 52.875, 96.875], [59.09375, 133.5, 92.125, 116.375, 153.25, 108.0625, 42.1875, 116.625, 113.4375, 70.0, 53.15625, 24.171875, 72.0, 166.125, 125.375, 76.5, 75.6875, 121.375, 101.875, 86.875, 169.0, 53.40625, 40.59375, 120.625, 61.28125, 0.0, 76.5625, 143.125, 123.125, 133.375, 111.8125, 155.625, 124.75, 119.1875, 99.9375, 30.078125, 95.5625, 70.1875, 60.21875, 64.875, 61.28125, 151.875, 62.625, 123.125, 139.75, 81.0625, 117.625, 68.8125, 116.125, 48.65625, 51.03125, 80.4375, 73.75, 146.75, 114.3125, 45.28125, 104.8125, 70.0625, 137.625, 20.0, 102.75], [96.625, 167.875, 15.8125, 77.6875, 189.75, 145.5, 118.3125, 187.0, 106.1875, 143.875, 110.0625, 100.75, 145.5, 169.75, 147.375, 144.25, 133.5, 124.25, 170.5, 19.84375, 158.125, 126.25, 77.5, 101.8125, 137.375, 76.5625, 0.0, 157.0, 133.0, 112.75, 132.5, 219.25, 143.75, 106.0, 24.1875, 81.0625, 57.78125, 144.5, 75.25, 133.125, 125.0625, 137.0, 135.25, 64.0625, 113.125, 156.25, 79.0625, 139.125, 160.375, 44.78125, 123.0, 145.0, 136.0, 212.0, 119.0625, 84.3125, 140.75, 131.75, 197.0, 86.625, 141.5], [84.375, 42.28125, 166.625, 100.625, 54.59375, 51.09375, 159.125, 140.75, 55.03125, 185.5, 193.875, 146.875, 187.625, 28.234375, 21.09375, 118.1875, 213.0, 34.46875, 127.125, 145.0, 52.46875, 131.375, 182.125, 68.5, 150.375, 143.125, 157.0, 0.0, 24.015625, 67.5, 31.625, 134.875, 19.109375, 60.375, 162.125, 173.125, 106.9375, 183.5, 89.0, 118.4375, 196.25, 55.5625, 131.875, 132.875, 77.125, 151.0, 100.1875, 125.125, 62.8125, 119.6875, 128.375, 210.875, 103.75, 136.0, 38.3125, 97.9375, 50.125, 102.875, 110.125, 125.9375, 55.0], [65.8125, 51.875, 142.75, 79.0625, 70.0, 48.15625, 143.375, 138.25, 32.75, 171.25, 175.125, 129.375, 173.5, 43.0, 23.015625, 109.4375, 195.375, 12.7265625, 122.9375, 121.0625, 53.75, 118.3125, 161.0, 48.15625, 137.875, 123.125, 133.0, 24.015625, 0.0, 50.46875, 19.109375, 140.5, 17.203125, 39.6875, 138.25, 152.625, 83.5, 169.5, 66.5, 107.4375, 178.875, 47.15625, 120.3125, 111.0, 61.0625, 141.5, 78.75, 114.75, 64.5625, 96.3125, 114.9375, 194.625, 94.25, 139.875, 14.5625, 78.0, 45.0, 92.5, 114.75, 107.1875, 50.0], [89.25, 102.3125, 117.375, 39.0, 119.875, 95.5, 164.875, 181.125, 25.0, 194.75, 186.25, 147.625, 197.0, 65.25, 73.5, 146.125, 209.125, 38.09375, 164.5, 95.625, 45.90625, 147.5, 164.125, 12.8046875, 166.875, 133.375, 112.75, 67.5, 50.46875, 0.0, 66.3125, 189.25, 67.6875, 16.125, 109.3125, 159.0, 55.03125, 193.75, 74.25, 140.875, 194.25, 24.515625, 152.125, 70.0625, 10.7734375, 175.5, 38.0, 148.875, 113.0625, 91.25, 143.625, 212.625, 131.0, 187.5, 40.5, 94.6875, 91.375, 128.125, 163.25, 123.4375, 95.875], [52.84375, 39.21875, 143.875, 89.125, 60.03125, 29.609375, 128.0, 119.125, 44.40625, 154.875, 162.25, 115.25, 157.125, 57.5, 15.0, 90.8125, 181.5, 28.859375, 103.8125, 123.0625, 72.5625, 101.25, 151.125, 61.28125, 120.625, 111.8125, 132.5, 31.625, 19.109375, 66.3125, 0.0, 123.0625, 13.0, 53.0, 141.0, 141.75, 89.0625, 153.0, 60.21875, 89.5, 164.75, 66.0, 102.5625, 119.8125, 77.0625, 123.1875, 89.125, 96.625, 46.8125, 92.0, 98.0, 179.625, 75.75, 121.75, 25.9375, 66.6875, 26.078125, 74.25, 97.0625, 94.3125, 31.015625], [125.1875, 92.5625, 234.5, 206.375, 86.6875, 93.75, 133.375, 47.09375, 166.125, 139.0, 177.875, 138.25, 140.125, 160.0, 118.875, 79.3125, 183.0, 151.75, 55.53125, 219.25, 187.25, 104.375, 190.375, 183.125, 108.0625, 155.625, 219.25, 134.875, 140.5, 189.25, 123.0625, 0.0, 124.4375, 175.125, 237.125, 177.75, 198.625, 136.0, 150.125, 90.875, 168.375, 187.0, 95.875, 232.875, 200.0, 90.0625, 206.625, 87.9375, 76.1875, 175.125, 105.6875, 170.25, 83.75, 11.1796875, 148.75, 135.375, 98.0625, 87.9375, 26.0, 137.875, 93.9375], [65.75, 34.65625, 154.5, 95.1875, 53.15625, 34.53125, 140.125, 125.3125, 49.03125, 166.5, 175.0, 127.8125, 168.625, 46.3125, 5.83203125, 100.1875, 194.0, 29.828125, 110.875, 133.375, 65.375, 112.4375, 164.125, 65.0625, 131.625, 124.75, 143.75, 19.109375, 17.203125, 67.6875, 13.0, 124.4375, 0.0, 56.5625, 151.125, 154.75, 97.6875, 164.5, 72.6875, 99.875, 177.25, 62.59375, 113.1875, 126.75, 78.25, 132.875, 95.0, 106.6875, 49.15625, 104.25, 109.3125, 191.75, 85.5, 124.3125, 30.0, 79.6875, 32.5625, 84.375, 98.8125, 107.1875, 37.65625], [73.25, 90.8125, 112.625, 40.3125, 109.6875, 81.4375, 149.5, 165.5, 9.21875, 179.25, 172.25, 132.375, 181.5, 65.0, 62.25, 130.0, 194.875, 27.015625, 148.75, 90.5625, 53.25, 131.5, 151.5, 8.484375, 150.875, 119.1875, 106.0, 60.375, 39.6875, 16.125, 53.0, 175.125, 56.5625, 0.0, 106.0, 145.75, 50.03125, 178.125, 59.375, 124.8125, 179.75, 33.40625, 136.0, 72.625, 26.078125, 159.375, 39.8125, 132.75, 99.3125, 79.375, 127.5625, 197.75, 115.0, 173.0, 27.203125, 79.1875, 77.0625, 112.0625, 149.125, 108.3125, 81.375], [112.4375, 178.5, 12.53125, 71.0625, 200.125, 157.875, 142.0, 207.25, 108.3125, 167.875, 134.0, 124.0625, 169.625, 171.0, 155.375, 164.5, 157.25, 128.0, 190.375, 18.359375, 155.25, 148.0, 101.1875, 100.25, 160.125, 99.9375, 24.1875, 162.125, 138.25, 109.3125, 141.0, 237.125, 151.125, 106.0, 0.0, 105.1875, 56.0, 168.625, 88.75, 153.625, 149.125, 133.875, 156.75, 48.59375, 107.4375, 178.5, 72.25, 160.125, 173.875, 62.28125, 144.625, 169.125, 155.0, 230.5, 123.8125, 101.8125, 153.0, 150.75, 213.875, 108.4375, 154.375], [89.1875, 163.25, 94.75, 137.25, 182.625, 137.75, 48.40625, 135.125, 140.75, 66.1875, 29.828125, 39.5625, 67.5625, 195.625, 155.5, 98.9375, 53.84375, 150.25, 122.4375, 96.5, 196.875, 73.375, 12.6484375, 146.25, 73.8125, 30.078125, 81.0625, 173.125, 152.625, 159.0, 141.75, 177.75, 154.75, 145.75, 105.1875, 0.0, 115.375, 67.625, 88.0625, 87.875, 44.0, 178.875, 81.9375, 138.0, 164.375, 94.5625, 138.625, 89.875, 145.0, 69.125, 72.25, 64.0, 99.4375, 168.0, 143.25, 75.125, 134.625, 96.1875, 162.0, 49.25, 132.5], [76.0625, 127.9375, 62.8125, 22.203125, 149.125, 110.625, 134.5, 177.25, 52.46875, 164.25, 144.75, 115.625, 166.375, 115.0, 102.4375, 136.0, 168.625, 72.5625, 159.875, 40.78125, 100.6875, 127.5625, 117.6875, 44.71875, 144.5, 95.5625, 57.78125, 106.9375, 83.5, 55.03125, 89.0625, 198.625, 97.6875, 50.03125, 56.0, 115.375, 0.0, 163.875, 51.25, 127.1875, 155.875, 79.375, 134.75, 34.46875, 55.5625, 158.625, 23.59375, 134.875, 128.125, 47.125, 123.625, 175.625, 123.1875, 193.875, 68.9375, 72.0625, 105.625, 119.25, 173.5, 93.0, 108.25], [106.0, 158.375, 159.5, 183.5, 172.375, 136.0, 29.421875, 89.0, 170.625, 3.0, 50.0, 48.25, 4.47265625, 210.5, 162.75, 72.0625, 47.53125, 172.125, 83.75, 156.75, 221.625, 52.3125, 77.4375, 181.5, 34.65625, 70.1875, 144.5, 183.5, 169.5, 193.75, 153.0, 136.0, 164.5, 178.125, 168.625, 67.625, 163.875, 0.0, 120.1875, 67.0, 35.34375, 208.0, 53.8125, 193.0, 201.75, 46.53125, 184.625, 62.4375, 134.5, 118.0625, 55.21875, 34.375, 82.8125, 125.0, 165.375, 99.0, 135.125, 82.3125, 129.125, 71.5625, 130.875], [25.234375, 92.9375, 88.5625, 66.1875, 114.75, 70.25, 91.0625, 126.125, 53.25, 121.125, 113.375, 73.4375, 123.3125, 108.6875, 75.1875, 84.75, 135.625, 62.4375, 108.6875, 70.4375, 108.9375, 78.0, 95.4375, 61.75, 96.1875, 60.21875, 75.25, 89.0, 66.5, 74.25, 60.21875, 150.125, 72.6875, 59.375, 88.75, 88.0625, 51.25, 120.1875, 0.0, 76.1875, 120.375, 91.6875, 84.5, 85.5, 81.6875, 108.5625, 67.125, 83.9375, 85.4375, 32.125, 74.0, 138.375, 72.0, 144.5, 55.5625, 22.015625, 65.4375, 68.0, 125.875, 49.25, 66.3125], [53.15625, 91.375, 148.875, 141.875, 106.0, 69.3125, 49.46875, 53.8125, 116.125, 69.375, 93.625, 48.5, 71.375, 146.125, 97.4375, 11.6640625, 105.625, 112.5625, 37.65625, 137.0, 161.0, 16.5, 100.4375, 130.25, 32.5625, 64.875, 133.125, 118.4375, 107.4375, 140.875, 89.5, 90.875, 99.875, 124.8125, 153.625, 87.875, 127.1875, 67.0, 76.1875, 0.0, 88.875, 150.375, 13.453125, 161.0, 150.5, 34.71875, 142.75, 8.0, 67.75, 91.8125, 16.0, 98.4375, 15.8125, 81.875, 106.3125, 55.375, 68.875, 15.6171875, 74.125, 47.8125, 64.4375], [113.125, 177.5, 138.625, 177.25, 194.125, 153.125, 39.5625, 121.8125, 173.5, 32.65625, 17.0, 49.59375, 32.75, 221.625, 176.625, 97.0625, 17.0, 179.125, 114.0, 140.25, 227.875, 72.4375, 49.71875, 181.625, 61.125, 61.28125, 125.0625, 196.25, 178.875, 194.25, 164.75, 168.375, 177.25, 179.75, 149.125, 44.0, 155.875, 35.34375, 120.375, 88.875, 0.0, 211.875, 77.6875, 180.875, 201.0, 78.4375, 178.5, 86.875, 155.5, 108.8125, 73.75, 20.09375, 104.0625, 157.5, 172.125, 102.1875, 151.25, 102.3125, 158.5, 72.375, 147.875], [102.0, 95.875, 141.875, 63.1875, 110.125, 95.3125, 180.0, 185.0, 38.40625, 209.375, 205.0, 163.625, 211.5, 44.78125, 68.125, 154.0, 227.25, 38.3125, 169.375, 120.0625, 21.375, 159.125, 184.875, 35.34375, 178.875, 151.875, 137.0, 55.5625, 47.15625, 24.515625, 66.0, 187.0, 62.59375, 33.40625, 133.875, 178.875, 79.375, 208.0, 91.6875, 150.375, 211.875, 0.0, 162.5, 93.25, 28.4375, 185.125, 62.125, 158.125, 111.4375, 112.8125, 155.5, 229.375, 138.625, 186.75, 44.15625, 110.125, 92.0625, 136.375, 161.375, 139.75, 97.0625], [63.1875, 104.625, 151.0, 150.625, 118.6875, 82.75, 39.0625, 54.09375, 127.5, 56.3125, 84.0, 42.53125, 58.25, 159.5, 110.8125, 19.421875, 94.125, 125.0, 40.5, 141.0, 173.75, 9.21875, 94.5625, 141.0, 19.203125, 62.625, 135.25, 131.875, 120.3125, 152.125, 102.5625, 95.875, 113.1875, 136.0, 156.75, 81.9375, 134.75, 53.8125, 84.5, 13.453125, 77.6875, 162.5, 0.0, 167.875, 161.375, 24.078125, 151.5, 9.21875, 80.6875, 96.1875, 12.203125, 85.9375, 29.0625, 86.0625, 118.625, 62.8125, 82.3125, 29.0625, 82.0625, 48.59375, 77.875], [110.4375, 159.0, 60.21875, 32.3125, 179.5, 143.5, 164.125, 211.625, 78.3125, 193.0, 167.875, 145.125, 195.0, 135.125, 132.0, 170.125, 191.875, 98.8125, 194.125, 44.40625, 114.0625, 160.375, 137.625, 64.875, 176.375, 123.125, 64.0625, 132.875, 111.0, 70.0625, 119.8125, 232.875, 126.75, 72.625, 48.59375, 138.0, 34.46875, 193.0, 85.5, 161.0, 180.875, 93.25, 167.875, 0.0, 65.0, 191.625, 32.90625, 168.5, 161.25, 75.0625, 156.5, 200.875, 157.5, 228.25, 96.875, 105.625, 138.625, 153.5, 207.625, 123.9375, 141.5], [98.3125, 112.875, 116.375, 36.40625, 130.125, 106.3125, 172.75, 191.5, 35.21875, 202.75, 192.25, 155.125, 205.0, 72.25, 84.0625, 156.0, 215.375, 48.75, 174.875, 95.0625, 49.0, 156.5, 168.75, 20.390625, 175.75, 139.75, 113.125, 77.125, 61.0625, 10.7734375, 77.0625, 200.0, 78.25, 26.078125, 107.4375, 164.375, 55.5625, 201.75, 81.6875, 150.5, 201.0, 28.4375, 161.375, 65.0, 0.0, 185.0, 35.15625, 158.5, 123.875, 95.75, 152.625, 219.625, 141.0, 198.25, 51.25, 102.8125, 102.125, 138.0, 174.0, 130.875, 106.625], [87.0625, 119.6875, 172.0, 174.75, 130.75, 100.375, 46.53125, 43.40625, 150.75, 49.5, 89.0, 57.96875, 50.8125, 179.0, 129.875, 32.75, 93.0, 147.125, 37.375, 163.25, 195.25, 31.328125, 106.875, 164.625, 20.8125, 81.0625, 156.25, 151.0, 141.5, 175.5, 123.1875, 90.0625, 132.875, 159.375, 178.5, 94.5625, 158.625, 46.53125, 108.5625, 34.71875, 78.4375, 185.125, 24.078125, 191.625, 185.0, 0.0, 175.625, 26.921875, 94.8125, 119.0625, 35.15625, 80.875, 47.4375, 79.1875, 141.0, 86.8125, 100.875, 49.03125, 82.6875, 70.1875, 96.0625], [89.8125, 128.125, 81.375, 1.4140625, 148.0, 114.8125, 155.25, 190.125, 46.03125, 185.125, 167.75, 136.5, 187.25, 102.5625, 100.4375, 150.5, 191.625, 66.375, 172.75, 60.375, 83.375, 145.125, 141.25, 31.953125, 163.0, 117.625, 79.0625, 100.1875, 78.75, 38.0, 89.125, 206.625, 95.0, 39.8125, 72.25, 138.625, 23.59375, 184.625, 67.125, 142.75, 178.5, 62.125, 151.5, 32.90625, 35.15625, 175.625, 0.0, 150.625, 132.75, 69.875, 141.125, 198.0, 136.5, 203.125, 65.0, 89.0625, 110.0, 132.875, 181.0, 113.125, 113.4375], [61.125, 96.4375, 154.875, 149.75, 109.9375, 75.3125, 48.15625, 48.15625, 124.0625, 65.0, 93.0625, 50.28125, 66.875, 153.0, 104.0, 10.1953125, 103.3125, 120.1875, 33.125, 143.75, 168.375, 16.5, 102.5, 138.25, 27.78125, 68.8125, 139.125, 125.125, 114.75, 148.875, 96.625, 87.9375, 106.6875, 132.75, 160.125, 89.875, 134.875, 62.4375, 83.9375, 8.0, 86.875, 158.125, 9.21875, 168.5, 158.5, 26.921875, 150.625, 0.0, 72.1875, 98.625, 17.890625, 94.9375, 21.40625, 78.375, 114.0, 62.9375, 75.1875, 22.359375, 73.1875, 53.03125, 70.625], [64.5625, 25.0, 174.0, 132.625, 38.625, 18.03125, 115.9375, 78.1875, 90.375, 137.0, 157.875, 109.625, 139.0, 90.5, 44.0, 63.125, 172.375, 75.5625, 65.75, 155.5, 114.0625, 83.625, 156.5, 107.375, 99.875, 116.125, 160.375, 62.8125, 64.5625, 113.0625, 46.8125, 76.1875, 49.15625, 99.3125, 173.875, 145.0, 128.125, 134.5, 85.4375, 67.75, 155.5, 111.4375, 80.6875, 161.25, 123.875, 94.8125, 132.75, 72.1875, 0.0, 115.875, 81.875, 166.125, 51.96875, 75.3125, 72.625, 78.875, 22.796875, 53.21875, 50.28125, 96.1875, 19.84375], [51.875, 124.9375, 59.40625, 68.5625, 146.75, 101.625, 89.0, 145.25, 76.1875, 118.125, 97.9375, 70.0, 120.1875, 137.0, 107.0, 102.4375, 121.75, 90.125, 128.25, 45.21875, 132.25, 87.875, 73.0, 78.5625, 102.375, 48.65625, 44.78125, 119.6875, 96.3125, 91.25, 92.0, 175.125, 104.25, 79.375, 62.28125, 69.125, 47.125, 118.0625, 32.125, 91.8125, 108.8125, 112.8125, 96.1875, 75.0625, 95.75, 119.0625, 69.875, 98.625, 115.875, 0.0, 84.1875, 128.5, 92.6875, 168.375, 83.8125, 39.8125, 97.0, 88.4375, 152.375, 49.46875, 97.4375], [54.34375, 104.625, 138.75, 140.125, 120.4375, 81.1875, 34.1875, 65.625, 119.375, 57.28125, 77.8125, 32.75, 59.40625, 155.375, 107.5625, 26.6875, 90.625, 118.5625, 51.0, 128.875, 167.75, 4.0, 84.875, 132.25, 23.40625, 51.03125, 123.0, 128.375, 114.9375, 143.625, 98.0, 105.6875, 109.3125, 127.5625, 144.625, 72.25, 123.625, 55.21875, 74.0, 16.0, 73.75, 155.5, 12.203125, 156.5, 152.625, 35.15625, 141.125, 17.890625, 81.875, 84.1875, 0.0, 84.625, 30.359375, 96.25, 111.875, 52.09375, 80.0625, 28.640625, 89.9375, 36.40625, 76.0625], [129.25, 189.25, 158.375, 196.75, 204.375, 165.625, 51.75, 123.125, 191.125, 31.40625, 35.5, 65.8125, 30.15625, 236.875, 190.625, 104.9375, 17.6875, 195.625, 118.0625, 160.375, 244.75, 82.5, 68.875, 200.0, 67.4375, 80.4375, 145.0, 210.875, 194.625, 212.625, 179.625, 170.25, 191.75, 197.75, 169.125, 64.0, 175.625, 34.375, 138.375, 98.4375, 20.09375, 229.375, 85.9375, 200.875, 219.625, 80.875, 198.0, 94.9375, 166.125, 128.5, 84.625, 0.0, 114.125, 159.125, 188.625, 119.25, 164.25, 113.0, 163.375, 89.5625, 160.375], [47.15625, 75.625, 151.375, 135.875, 90.3125, 53.90625, 64.5, 54.125, 106.0625, 85.1875, 107.875, 61.03125, 87.1875, 131.75, 82.6875, 15.296875, 120.875, 100.4375, 36.6875, 137.625, 148.0, 31.78125, 111.75, 121.125, 48.28125, 73.75, 136.0, 103.75, 94.25, 131.0, 75.75, 83.75, 85.5, 115.0, 155.0, 99.4375, 123.1875, 82.8125, 72.0, 15.8125, 104.0625, 138.625, 29.0625, 157.5, 141.0, 47.4375, 136.5, 21.40625, 51.96875, 92.6875, 30.359375, 114.125, 0.0, 76.0625, 94.5625, 53.59375, 53.8125, 4.2421875, 63.90625, 54.78125, 49.21875], [119.3125, 94.0, 227.375, 202.625, 90.6875, 92.1875, 123.0, 36.0, 163.875, 128.0, 167.375, 128.5, 129.0, 162.125, 118.9375, 70.25, 172.125, 150.625, 45.53125, 212.875, 188.375, 94.6875, 180.625, 180.75, 97.5, 146.75, 212.0, 136.0, 139.875, 187.5, 121.75, 11.1796875, 124.3125, 173.0, 230.5, 168.0, 193.875, 125.0, 144.5, 81.875, 157.5, 186.75, 86.0625, 228.25, 198.25, 79.1875, 203.125, 78.375, 75.3125, 168.375, 96.25, 159.125, 76.0625, 0.0, 147.125, 128.75, 96.1875, 80.25, 26.015625, 129.375, 91.6875], [59.625, 63.6875, 128.375, 65.1875, 83.125, 55.03125, 138.125, 142.125, 19.109375, 166.875, 167.0, 122.9375, 169.125, 53.3125, 35.46875, 109.8125, 188.125, 7.0703125, 126.0, 106.6875, 56.3125, 115.5625, 151.0, 35.59375, 135.25, 114.3125, 119.0625, 38.3125, 14.5625, 40.5, 25.9375, 148.75, 30.0, 27.203125, 123.8125, 143.25, 68.9375, 165.375, 55.5625, 106.3125, 172.125, 44.15625, 118.625, 96.875, 51.25, 141.0, 65.0, 114.0, 72.625, 83.8125, 111.875, 188.625, 94.5625, 147.125, 0.0, 70.0, 50.96875, 92.1875, 122.75, 99.75, 55.53125], [15.03125, 92.0625, 99.1875, 88.0625, 113.0625, 67.0, 70.25, 107.1875, 72.0625, 100.0625, 97.1875, 53.53125, 102.3125, 121.0, 80.625, 64.875, 118.125, 77.0625, 89.875, 84.25, 125.75, 56.09375, 84.5, 82.5625, 74.1875, 45.28125, 84.3125, 97.9375, 78.0, 94.6875, 66.6875, 135.375, 79.6875, 79.1875, 101.8125, 75.125, 72.0625, 99.0, 22.015625, 55.375, 102.1875, 110.125, 62.8125, 105.625, 102.8125, 86.8125, 89.0625, 62.9375, 78.875, 39.8125, 52.09375, 119.25, 53.59375, 128.75, 70.0, 0.0, 63.0, 49.40625, 112.625, 29.828125, 62.125], [48.0, 29.0625, 153.75, 109.8125, 50.15625, 5.0, 112.625, 93.3125, 68.0, 137.25, 151.25, 102.875, 139.375, 78.25, 29.0625, 68.125, 168.25, 54.75, 78.4375, 134.625, 97.5, 82.75, 145.375, 85.0, 101.25, 104.8125, 140.75, 50.125, 45.0, 91.375, 26.078125, 98.0625, 32.5625, 77.0625, 153.0, 134.625, 105.625, 135.125, 65.4375, 68.875, 151.25, 92.0625, 82.3125, 138.625, 102.125, 100.875, 110.0, 75.1875, 22.796875, 97.0, 80.0625, 164.25, 53.8125, 96.1875, 50.96875, 63.0, 0.0, 53.25, 72.0625, 85.4375, 5.09765625], [43.3125, 76.25, 147.125, 132.125, 91.8125, 53.75, 62.78125, 58.125, 103.1875, 84.625, 105.5625, 58.21875, 86.6875, 130.75, 81.8125, 18.0, 119.25, 98.25, 40.71875, 133.375, 146.125, 30.53125, 108.4375, 118.0, 48.09375, 70.0625, 131.75, 102.875, 92.5, 128.125, 74.25, 87.9375, 84.375, 112.0625, 150.75, 96.1875, 119.25, 82.3125, 68.0, 15.6171875, 102.3125, 136.375, 29.0625, 153.5, 138.0, 49.03125, 132.875, 22.359375, 53.21875, 88.4375, 28.640625, 113.0, 4.2421875, 80.25, 92.1875, 49.40625, 53.25, 0.0, 67.75, 50.90625, 48.84375], [101.4375, 68.0, 211.875, 180.625, 65.4375, 67.75, 121.0, 45.8125, 140.125, 132.0, 166.0, 122.625, 133.375, 136.125, 93.375, 63.375, 174.25, 125.875, 45.34375, 195.75, 162.5, 89.4375, 174.5, 157.125, 97.4375, 137.625, 197.0, 110.125, 114.75, 163.25, 97.0625, 26.0, 98.8125, 149.125, 213.875, 162.0, 173.5, 129.125, 125.875, 74.125, 158.5, 161.375, 82.0625, 207.625, 174.0, 82.6875, 181.0, 73.1875, 50.28125, 152.375, 89.9375, 163.375, 63.90625, 26.015625, 122.75, 112.625, 72.0625, 67.75, 0.0, 118.6875, 68.0], [41.625, 114.0, 102.4375, 112.0, 133.5, 88.5, 42.1875, 101.1875, 101.5625, 72.25, 68.0, 24.171875, 74.4375, 150.125, 107.375, 59.40625, 88.375, 106.8125, 85.4375, 93.125, 155.625, 39.65625, 60.40625, 111.0, 52.875, 20.0, 86.625, 125.9375, 107.1875, 123.4375, 94.3125, 137.875, 107.1875, 108.3125, 108.4375, 49.25, 93.0, 71.5625, 49.25, 47.8125, 72.375, 139.75, 48.59375, 123.9375, 130.875, 70.1875, 113.125, 53.03125, 96.1875, 49.46875, 36.40625, 89.5625, 54.78125, 129.375, 99.75, 29.828125, 85.4375, 50.90625, 118.6875, 0.0, 83.1875], [47.25, 30.8125, 154.875, 113.25, 51.0, 5.38671875, 109.0, 88.25, 72.25, 133.125, 148.25, 99.8125, 135.25, 83.1875, 34.0, 63.28125, 164.875, 59.53125, 73.375, 136.125, 102.5625, 78.625, 143.375, 89.1875, 96.875, 102.75, 141.5, 55.0, 50.0, 95.875, 31.015625, 93.9375, 37.65625, 81.375, 154.375, 132.5, 108.25, 130.875, 66.3125, 64.4375, 147.875, 97.0625, 77.875, 141.5, 106.625, 96.0625, 113.4375, 70.625, 19.84375, 97.4375, 76.0625, 160.375, 49.21875, 91.6875, 55.53125, 62.125, 5.09765625, 48.84375, 68.0, 83.1875, 0.0]], "angleGap": [[0.0, 2.5546875, 1.759765625, 0.064453125, 0.083984375, 2.193359375, 1.189453125, 1.232421875, 2.103515625, 2.544921875, 2.361328125, 2.103515625, 0.673828125, 0.376953125, 1.365234375, 2.431640625, 0.919921875, 1.193359375, 2.412109375, 0.94921875, 1.806640625, 2.849609375, 1.3896484375, 1.857421875, 2.75, 2.619140625, 0.521484375, 0.7265625, 1.318359375, 0.48828125, 0.830078125, 0.46484375, 1.2958984375, 2.443359375, 2.763671875, 1.978515625, 2.080078125, 2.1328125, 1.521484375, 2.39453125, 1.09765625, 1.677734375, 2.00390625, 1.380859375, 1.630859375, 1.74609375, 1.533203125, 0.306640625, 2.634765625, 1.822265625, 2.294921875, 1.228515625, 0.908203125, 0.9375, 3.1015625, 0.025390625, 1.267578125, 0.736328125, 2.552734375, 0.134765625], [2.5546875, 0.0, 0.794921875, 2.62109375, 2.638671875, 1.5361328125, 2.537109375, 1.322265625, 1.6259765625, 1.18359375, 1.3681640625, 1.626953125, 1.880859375, 2.177734375, 2.36328125, 1.296875, 1.634765625, 2.53515625, 0.14208984375, 1.60546875, 1.923828125, 0.87890625, 1.1650390625, 1.87109375, 0.978515625, 0.064453125, 2.033203125, 1.828125, 1.236328125, 2.06640625, 2.900390625, 2.08984375, 1.2587890625, 0.111328125, 0.9638671875, 0.576171875, 1.650390625, 0.42236328125, 2.20703125, 1.333984375, 1.45703125, 2.05078125, 0.55078125, 1.173828125, 2.09765625, 0.80859375, 2.197265625, 2.86328125, 0.07958984375, 1.908203125, 1.43359375, 2.5, 2.822265625, 1.6171875, 0.626953125, 2.580078125, 2.4609375, 2.994140625, 1.17578125, 2.6875], [1.759765625, 0.794921875, 0.0, 1.826171875, 1.845703125, 2.33203125, 2.951171875, 0.52734375, 2.421875, 1.978515625, 2.1640625, 2.421875, 1.0859375, 1.3828125, 3.123046875, 2.091796875, 0.83984375, 2.951171875, 0.65283203125, 0.810546875, 2.71875, 1.673828125, 0.3701171875, 2.666015625, 1.7734375, 0.859375, 1.23828125, 1.033203125, 0.44140625, 1.271484375, 2.587890625, 1.294921875, 0.4638671875, 0.68359375, 1.7587890625, 0.21875, 2.4453125, 0.37255859375, 3.001953125, 2.12890625, 0.662109375, 2.84765625, 0.244140625, 0.37890625, 2.890625, 0.013671875, 2.9921875, 2.068359375, 0.87451171875, 2.703125, 2.228515625, 2.98828125, 2.666015625, 0.822265625, 1.421875, 1.78515625, 3.029296875, 2.494140625, 1.970703125, 1.892578125], [0.064453125, 2.62109375, 1.826171875, 0.0, 0.017578125, 2.125, 1.125, 1.298828125, 2.03515625, 2.478515625, 2.29296875, 2.03515625, 0.740234375, 0.443359375, 1.2978515625, 2.365234375, 0.986328125, 1.1259765625, 2.478515625, 1.017578125, 1.73828125, 2.783203125, 1.455078125, 1.791015625, 2.68359375, 2.685546875, 0.587890625, 0.791015625, 1.384765625, 0.556640625, 0.76171875, 0.533203125, 1.361328125, 2.509765625, 2.69921875, 2.044921875, 2.01171875, 2.197265625, 1.455078125, 2.328125, 1.166015625, 1.6103515625, 2.072265625, 1.447265625, 1.5654296875, 1.814453125, 1.46484375, 0.2421875, 2.701171875, 1.75390625, 2.228515625, 1.162109375, 0.83984375, 1.001953125, 3.03515625, 0.040985107421875, 1.2021484375, 0.66796875, 2.486328125, 0.06640625], [0.083984375, 2.638671875, 1.845703125, 0.017578125, 0.0, 2.109375, 1.107421875, 1.314453125, 2.01953125, 2.4609375, 2.27734375, 2.017578125, 0.759765625, 0.462890625, 1.2802734375, 2.34765625, 1.001953125, 1.1083984375, 2.49609375, 1.033203125, 1.720703125, 2.765625, 1.474609375, 1.7734375, 2.666015625, 2.703125, 0.603515625, 0.810546875, 1.400390625, 0.572265625, 0.744140625, 0.548828125, 1.380859375, 2.52734375, 2.6796875, 2.064453125, 1.994140625, 2.216796875, 1.4375, 2.310546875, 1.181640625, 1.5927734375, 2.087890625, 1.462890625, 1.5478515625, 1.830078125, 1.447265625, 0.224609375, 2.71875, 1.736328125, 2.2109375, 1.14453125, 0.822265625, 1.021484375, 3.017578125, 0.056610107421875, 1.1845703125, 0.650390625, 2.46875, 0.048828125], [2.193359375, 1.5361328125, 2.33203125, 2.125, 2.109375, 0.0, 1.0009765625, 2.859375, 0.08984375, 0.35205078125, 0.16796875, 0.0908203125, 2.865234375, 2.568359375, 0.828125, 0.2392578125, 3.111328125, 1.0, 1.677734375, 3.140625, 0.3876953125, 0.6572265625, 2.701171875, 0.3349609375, 0.5576171875, 1.4716796875, 2.712890625, 2.919921875, 2.7734375, 2.681640625, 1.3642578125, 2.658203125, 2.794921875, 1.6474609375, 0.572265625, 2.11328125, 0.1142578125, 1.958984375, 0.6708984375, 0.20263671875, 2.9921875, 0.515625, 2.0859375, 2.7109375, 0.560546875, 2.34375, 0.6611328125, 1.8837890625, 1.45703125, 0.3720703125, 0.1025390625, 0.9638671875, 1.2861328125, 3.130859375, 0.9091796875, 2.166015625, 0.923828125, 1.4580078125, 0.36083984375, 2.05859375], [1.189453125, 2.537109375, 2.951171875, 1.125, 1.107421875, 1.0009765625, 0.0, 2.423828125, 0.9111328125, 1.353515625, 1.1689453125, 0.91015625, 1.865234375, 1.568359375, 0.1728515625, 1.240234375, 2.111328125, 0.0009765625, 2.6796875, 2.142578125, 0.61328125, 1.658203125, 2.580078125, 0.666015625, 1.55859375, 2.47265625, 1.712890625, 1.916015625, 2.509765625, 1.681640625, 0.36328125, 1.658203125, 2.486328125, 2.6484375, 1.5732421875, 3.11328125, 0.88671875, 2.958984375, 0.330078125, 1.203125, 2.2890625, 0.4853515625, 3.087890625, 2.572265625, 0.4404296875, 2.9375, 0.33984375, 0.8828125, 2.45703125, 0.62890625, 1.103515625, 0.037109375, 0.28515625, 2.126953125, 1.91015625, 1.166015625, 0.0771484375, 0.45703125, 1.361328125, 1.05859375], [1.232421875, 1.322265625, 0.52734375, 1.298828125, 1.314453125, 2.859375, 2.423828125, 0.0, 2.94921875, 2.505859375, 2.69140625, 2.94921875, 0.55859375, 0.85546875, 2.595703125, 2.619140625, 0.3125, 2.423828125, 1.1796875, 0.283203125, 3.037109375, 2.201171875, 0.1572265625, 3.08984375, 2.30078125, 1.38671875, 0.7109375, 0.505859375, 0.0859375, 0.744140625, 2.060546875, 0.767578125, 0.0634765625, 1.2109375, 2.28515625, 0.74609375, 2.97265625, 0.89990234375, 2.75390625, 2.65625, 0.134765625, 2.908203125, 0.771484375, 0.1484375, 2.865234375, 0.513671875, 2.763671875, 1.541015625, 1.40234375, 3.052734375, 2.755859375, 2.4609375, 2.138671875, 0.294921875, 1.94921875, 1.2578125, 2.501953125, 1.966796875, 2.498046875, 1.365234375], [2.103515625, 1.6259765625, 2.421875, 2.03515625, 2.01953125, 0.08984375, 0.9111328125, 2.94921875, 0.0, 0.44189453125, 0.2578125, 0.0009765625, 2.775390625, 2.478515625, 0.73828125, 0.3291015625, 3.021484375, 0.91015625, 1.767578125, 3.052734375, 0.2978515625, 0.7470703125, 2.791015625, 0.2451171875, 0.6474609375, 1.5615234375, 2.623046875, 2.830078125, 2.86328125, 2.591796875, 1.2744140625, 2.568359375, 2.884765625, 1.7373046875, 0.662109375, 2.203125, 0.0244140625, 2.048828125, 0.5810546875, 0.29248046875, 3.08203125, 0.42578125, 2.17578125, 2.80078125, 0.470703125, 2.43359375, 0.5712890625, 1.7939453125, 1.546875, 0.2822265625, 0.1923828125, 0.8740234375, 1.1962890625, 3.041015625, 0.9990234375, 2.076171875, 0.833984375, 1.3681640625, 0.45068359375, 1.9697265625], [2.544921875, 1.18359375, 1.978515625, 2.478515625, 2.4609375, 0.35205078125, 1.353515625, 2.505859375, 0.44189453125, 0.0, 0.18408203125, 0.44287109375, 3.064453125, 2.921875, 1.1796875, 0.11279296875, 2.818359375, 1.3515625, 1.326171875, 2.7890625, 0.73974609375, 0.304931640625, 2.349609375, 0.68701171875, 0.205322265625, 1.119140625, 3.06640625, 3.01171875, 2.419921875, 3.033203125, 1.716796875, 3.009765625, 2.443359375, 1.294921875, 0.22021484375, 1.759765625, 0.46630859375, 1.6064453125, 1.0234375, 0.1494140625, 2.640625, 0.86767578125, 1.734375, 2.357421875, 0.91259765625, 1.9921875, 1.013671875, 2.236328125, 1.1044921875, 0.72412109375, 0.24951171875, 1.31640625, 1.638671875, 2.80078125, 0.55712890625, 2.51953125, 1.275390625, 1.810546875, 0.0087890625, 2.412109375], [2.361328125, 1.3681640625, 2.1640625, 2.29296875, 2.27734375, 0.16796875, 1.1689453125, 2.69140625, 0.2578125, 0.18408203125, 0.0, 0.2587890625, 3.033203125, 2.736328125, 0.99609375, 0.0712890625, 3.00390625, 1.16796875, 1.509765625, 2.97265625, 0.5556640625, 0.489013671875, 2.533203125, 0.5029296875, 0.389404296875, 1.3037109375, 2.880859375, 3.087890625, 2.60546875, 2.849609375, 1.5322265625, 2.826171875, 2.626953125, 1.4794921875, 0.404296875, 1.9443359375, 0.2822265625, 1.791015625, 0.8388671875, 0.03466796875, 2.82421875, 0.68359375, 1.9189453125, 2.54296875, 0.728515625, 2.17578125, 0.8291015625, 2.05078125, 1.2890625, 0.5400390625, 0.