{"name": "LZB_n60_4", "n": 60, "m": 8, "times": [[0.0, 6.40234375, 15.234375, 79.3125, 73.875, 35.0, 100.1875, 97.75, 127.4375, 61.28125, 92.1875, 71.25, 105.375, 69.0, 98.0, 42.71875, 109.0, 136.5, 43.90625, 47.0, 55.3125, 56.5625, 101.375, 103.5, 85.0625, 24.703125, 76.0625, 101.25, 78.875, 92.5625, 53.0, 80.6875, 90.25, 77.25, 51.40625, 95.6875, 18.4375, 105.125, 85.125, 140.0, 99.1875, 38.59375, 107.9375, 116.8125, 40.375, 66.8125, 24.078125, 60.03125, 69.375, 97.125, 85.0, 53.15625, 58.71875, 95.625, 59.46875, 88.4375, 76.5, 76.3125, 29.734375, 88.4375, 56.28125], [6.40234375, 0.0, 9.21875, 85.6875, 72.8125, 29.0625, 99.0, 92.375, 129.0, 62.78125, 98.625, 67.875, 99.0, 73.125, 102.1875, 36.6875, 102.625, 135.75, 45.3125, 42.28125, 51.0, 52.09375, 107.625, 102.5625, 87.6875, 30.8125, 82.375, 99.0, 79.0625, 88.5, 51.65625, 74.625, 85.0625, 81.0, 54.4375, 96.1875, 12.203125, 98.8125, 89.0, 146.375, 94.0, 41.21875, 114.0, 123.25, 33.96875, 68.5, 19.109375, 65.0, 69.4375, 92.0, 79.1875, 47.125, 60.0, 92.625, 60.8125, 84.0, 72.1875, 82.4375, 30.8125, 88.0625, 59.40625], [15.234375, 9.21875, 0.0, 93.875, 68.25, 24.328125, 102.0625, 83.1875, 135.375, 61.84375, 107.0625, 68.0, 91.375, 76.125, 105.0625, 27.515625, 95.25, 131.25, 44.71875, 33.71875, 42.71875, 50.34375, 114.875, 97.8125, 95.0625, 38.1875, 91.25, 100.625, 76.0625, 80.375, 47.0, 68.4375, 76.0, 83.375, 56.03125, 101.4375, 8.25, 89.875, 91.5625, 154.25, 85.0, 49.03125, 120.8125, 131.625, 26.40625, 75.1875, 10.7734375, 74.125, 74.3125, 83.0, 73.75, 37.9375, 66.375, 85.5, 67.25, 75.5, 63.78125, 91.5625, 37.5625, 84.3125, 61.03125], [79.3125, 85.6875, 93.875, 0.0, 116.125, 113.1875, 143.75, 169.0, 138.25, 88.0, 15.1328125, 134.875, 184.625, 62.09375, 73.4375, 120.125, 188.125, 163.25, 82.375, 118.0625, 123.3125, 127.9375, 28.078125, 137.875, 96.1875, 56.03125, 18.78125, 153.0, 109.3125, 154.25, 104.375, 158.75, 160.625, 69.3125, 71.0625, 125.0625, 97.625, 182.75, 70.6875, 60.875, 168.625, 77.5, 38.0, 38.09375, 119.6875, 95.25, 99.5625, 55.0, 110.5, 166.375, 161.875, 130.125, 94.375, 149.125, 94.1875, 153.5, 142.0, 27.734375, 84.5625, 120.5, 71.0], [73.875, 72.8125, 68.25, 116.125, 0.0, 86.3125, 170.25, 71.25, 201.25, 28.859375, 131.25, 133.75, 122.3125, 60.15625, 77.25, 64.3125, 128.125, 63.03125, 36.125, 47.0625, 41.0625, 114.0625, 122.8125, 29.703125, 158.375, 74.6875, 124.5, 167.75, 15.65625, 45.34375, 21.265625, 114.625, 63.28125, 59.15625, 45.09375, 169.0, 75.8125, 101.0, 65.1875, 165.125, 67.625, 112.1875, 123.125, 151.125, 78.75, 140.75, 59.0625, 126.875, 142.125, 65.625, 123.1875, 65.375, 132.5, 34.1875, 133.25, 49.03125, 42.5, 129.375, 103.375, 17.46875, 45.71875], [35.0, 29.0625, 24.328125, 113.1875, 86.3125, 0.0, 86.25, 81.0, 127.75, 84.6875, 125.25, 47.5, 72.0, 100.4375, 129.375, 26.625, 75.0625, 148.125, 68.125, 42.4375, 51.625, 27.859375, 136.25, 114.9375, 92.75, 59.6875, 107.625, 81.8125, 96.4375, 86.8125, 65.9375, 45.8125, 75.5625, 107.6875, 80.25, 91.25, 17.09375, 77.875, 115.875, 174.125, 84.5, 51.96875, 142.875, 150.0, 12.3671875, 71.0, 28.640625, 82.875, 64.5, 82.875, 50.09375, 34.1875, 61.8125, 96.25, 62.8125, 80.125, 69.875, 106.25, 38.84375, 103.375, 85.1875], [100.1875, 99.0, 102.0625, 143.75, 170.25, 86.25, 0.0, 161.125, 57.0625, 161.5, 148.125, 42.5, 120.0625, 165.25, 192.875, 112.625, 118.4375, 233.0, 144.0, 128.75, 137.875, 62.125, 171.875, 199.625, 56.59375, 115.25, 128.125, 16.546875, 177.875, 172.25, 149.0, 91.9375, 157.625, 174.375, 150.75, 26.171875, 94.375, 144.5, 181.5, 196.125, 165.875, 70.875, 181.5, 169.0, 97.1875, 48.65625, 111.1875, 89.4375, 34.125, 164.625, 85.3125, 118.375, 50.0, 182.5, 50.0, 165.0, 155.625, 121.0625, 72.125, 186.375, 155.5], [97.75, 92.375, 83.1875, 169.0, 71.25, 81.0, 161.125, 0.0, 208.125, 94.75, 183.625, 118.6875, 65.8125, 125.625, 147.375, 57.09375, 71.8125, 106.0, 90.125, 51.65625, 45.6875, 99.3125, 183.375, 82.25, 173.625, 114.8125, 170.875, 152.0, 86.8125, 29.609375, 69.0, 75.6875, 8.6015625, 127.3125, 105.1875, 170.875, 85.0, 35.125, 134.375, 225.625, 6.32421875, 130.25, 186.125, 206.875, 68.6875, 152.0, 73.6875, 157.375, 144.875, 7.0, 84.9375, 47.375, 142.75, 47.6875, 143.75, 22.84375, 29.703125, 172.75, 117.4375, 84.125, 108.25], [127.4375, 129.0, 135.375, 138.25, 201.25, 127.75, 57.0625, 208.125, 0.0, 185.25, 136.5, 94.3125, 175.125, 179.125, 202.75, 153.875, 174.0, 263.75, 169.0, 167.375, 176.75, 110.4375, 164.625, 230.875, 45.21875, 132.5, 119.625, 73.25, 205.125, 213.75, 180.375, 145.5, 203.125, 188.625, 170.875, 37.65625, 129.5, 196.625, 194.25, 177.0, 212.0, 89.25, 175.125, 151.25, 140.0, 60.59375, 146.0, 86.75, 63.3125, 210.5, 140.0, 161.875, 69.0625, 220.75, 68.25, 207.625, 196.75, 110.875, 98.25, 215.375, 174.625], [61.28125, 62.78125, 61.84375, 88.0, 28.859375, 84.6875, 161.5, 94.75, 185.25, 0.0, 103.0, 129.75, 136.0, 31.765625, 53.25, 69.875, 141.375, 80.625, 17.46875, 55.96875, 54.59375, 112.0, 93.9375, 50.96875, 140.75, 53.40625, 97.6875, 161.75, 22.140625, 72.1875, 26.921875, 122.0625, 86.25, 32.53125, 17.46875, 156.0, 70.0625, 120.125, 39.8125, 136.25, 92.1875, 96.5625, 94.5625, 122.3125, 81.0, 125.625, 56.21875, 105.125, 130.375, 90.0, 129.5, 75.0, 118.375, 62.9375, 119.0, 74.1875, 65.0625, 103.3125, 90.4375, 33.53125, 17.03125], [92.1875, 98.625, 107.0625, 15.1328125, 131.25, 125.25, 148.125, 183.625, 136.5, 103.0, 0.0, 143.125, 197.125, 76.3125, 84.75, 133.75, 200.375, 177.375, 97.5, 132.5, 138.0, 138.0, 29.0625, 152.5, 97.0, 69.8125, 20.25, 158.5, 124.125, 169.375, 119.4375, 170.375, 175.375, 83.0, 86.125, 127.5, 110.25, 196.5, 83.5625, 50.25, 183.5, 85.5, 39.40625, 24.765625, 132.5, 99.4375, 113.375, 58.6875, 115.8125, 181.25, 172.875, 143.875, 99.9375, 164.25, 99.625, 168.375, 156.875, 27.171875, 94.0625, 135.25, 86.0], [71.25, 67.875, 68.0, 134.875, 133.75, 47.5, 42.5, 118.6875, 94.3125, 129.75, 143.125, 0.0, 81.0625, 140.125, 169.125, 72.5, 80.5, 195.625, 112.5625, 89.375, 98.25, 20.515625, 161.625, 162.375, 73.9375, 92.25, 123.1875, 34.71875, 143.375, 131.0, 113.1875, 51.15625, 115.375, 148.5, 122.3125, 57.0, 59.78125, 102.8125, 156.375, 193.375, 123.5, 57.71875, 170.125, 166.875, 56.84375, 54.375, 75.25, 87.625, 38.09375, 122.3125, 46.1875, 77.125, 48.28125, 142.375, 49.03125, 123.4375, 114.5625, 118.4375, 50.96875, 150.75, 127.25], [105.375, 99.0, 91.375, 184.625, 122.3125, 72.0, 120.0625, 65.8125, 175.125, 136.0, 197.125, 81.0625, 0.0, 161.0, 188.0, 68.625, 6.08203125, 169.75, 123.9375, 80.0625, 82.4375, 69.375, 206.25, 142.0, 152.375, 129.5, 179.625, 106.5, 137.25, 92.375, 109.75, 30.8125, 68.6875, 166.0, 139.125, 138.0, 87.0, 33.0, 174.125, 245.375, 72.125, 120.75, 211.875, 221.875, 65.0625, 131.0, 88.25, 153.0, 117.375, 72.4375, 35.0, 61.3125, 122.8125, 109.875, 123.75, 84.0, 83.0, 178.125, 108.3125, 138.75, 143.5], [69.0, 73.125, 76.125, 62.09375, 60.15625, 100.4375, 165.25, 125.625, 179.125, 31.765625, 76.3125, 140.125, 161.0, 0.0, 29.0625, 92.625, 165.875, 101.125, 37.4375, 82.125, 83.0, 125.1875, 63.15625, 77.0, 134.0, 50.0, 75.5625, 168.75, 49.65625, 103.9375, 56.625, 143.0, 117.0625, 9.4375, 21.953125, 154.875, 83.75, 148.625, 16.28125, 105.0625, 123.375, 95.25, 62.96875, 93.0625, 100.3125, 123.0, 74.625, 93.625, 131.875, 121.1875, 149.25, 99.875, 117.5625, 94.3125, 117.9375, 105.6875, 96.0625, 82.875, 93.375, 60.21875, 17.796875], [98.0, 102.1875, 105.0625, 73.4375, 77.25, 129.375, 192.875, 147.375, 202.75, 53.25, 84.75, 169.125, 188.0, 29.0625, 0.0, 120.1875, 193.125, 100.0625, 64.25, 108.25, 107.6875, 154.25, 62.375, 84.5, 157.875, 77.9375, 90.5625, 197.0, 63.0, 122.5625, 80.125, 171.25, 139.0, 22.140625, 49.71875, 181.0, 112.75, 173.375, 13.9296875, 99.0, 144.25, 122.25, 57.4375, 94.625, 128.75, 149.0, 103.0625, 116.125, 159.125, 142.125, 177.75, 126.6875, 144.25, 109.875, 144.5, 125.875, 117.6875, 99.0, 121.5, 70.6875, 44.9375], [42.71875, 36.6875, 27.515625, 120.125, 64.3125, 26.625, 112.625, 57.09375, 153.875, 69.875, 133.75, 72.5, 68.625, 92.625, 120.1875, 0.0, 73.375, 123.9375, 55.96875, 17.46875, 25.8125, 52.0, 139.375, 91.3125, 117.125, 64.0625, 118.5625, 107.1875, 76.625, 60.21875, 46.09375, 52.25, 50.625, 98.0625, 70.75, 117.75, 28.015625, 62.78125, 106.3125, 179.875, 59.6875, 73.1875, 144.375, 158.125, 15.6171875, 95.875, 20.609375, 100.8125, 90.8125, 57.875, 60.0, 10.4375, 86.6875, 70.0, 87.625, 53.65625, 43.28125, 119.0625, 60.40625, 81.75, 75.375], [109.0, 102.625, 95.25, 188.125, 128.125, 75.0625, 118.4375, 71.8125, 174.0, 141.375, 200.375, 80.5, 6.08203125, 165.875, 193.125, 73.375, 0.0, 175.75, 129.0, 85.375, 88.0625, 70.25, 210.125, 148.0, 152.75, 133.25, 182.625, 104.375, 143.0, 98.5, 115.25, 31.78125, 74.75, 171.125, 144.0, 137.25, 90.5625, 38.59375, 179.25, 248.875, 78.125, 122.6875, 216.0, 225.125, 68.875, 131.625, 92.625, 155.0, 117.5, 78.4375, 34.375, 66.5, 123.625, 116.0, 124.625, 90.125, 89.0, 180.75, 110.4375, 144.625, 148.5], [136.5, 135.75, 131.25, 163.25, 63.03125, 148.125, 233.0, 106.0, 263.75, 80.625, 177.375, 195.625, 169.75, 101.125, 100.0625, 123.9375, 175.75, 0.0, 95.1875, 106.5625, 98.375, 175.5, 160.5, 33.40625, 220.0, 133.75, 175.875, 229.875, 59.0625, 77.4375, 84.3125, 169.875, 101.375, 94.5625, 97.5, 232.0, 138.625, 141.125, 95.4375, 199.0, 100.0, 174.375, 157.0, 192.25, 139.25, 203.25, 121.8125, 185.75, 205.125, 99.0, 179.0, 122.25, 195.25, 59.84375, 196.0, 85.6875, 88.0625, 182.375, 166.125, 48.40625, 95.3125], [43.90625, 45.3125, 44.71875, 82.375, 36.125, 68.125, 144.0, 90.125, 169.0, 17.46875, 97.5, 112.5625, 123.9375, 37.4375, 64.25, 55.96875, 129.0, 95.1875, 0.0, 44.65625, 45.96875, 95.0625, 93.5, 63.53125, 124.9375, 38.90625, 89.0, 144.25, 36.25, 72.125, 22.140625, 107.5, 81.5625, 42.15625, 15.6171875, 139.0, 52.9375, 111.375, 50.34375, 136.0, 88.6875, 79.9375, 95.9375, 118.9375, 65.5, 109.0, 40.0625, 91.25, 113.1875, 86.4375, 114.4375, 62.625, 101.5625, 67.0625, 102.1875, 72.0625, 61.28125, 93.5625, 73.25, 46.875, 19.71875], [47.0, 42.28125, 33.71875, 118.0625, 47.0625, 42.4375, 128.75, 51.65625, 167.375, 55.96875, 132.5, 89.375, 80.0625, 82.125, 108.25, 17.46875, 85.375, 106.5625, 44.65625, 0.0, 9.4375, 69.0625, 134.375, 73.8125, 128.375, 63.25, 119.25, 124.0, 60.0625, 46.8125, 30.265625, 68.0, 43.75, 86.375, 60.21875, 132.0, 38.09375, 67.1875, 94.375, 176.125, 52.46875, 82.6875, 138.25, 156.125, 32.75, 107.9375, 23.1875, 107.0625, 104.875, 50.34375, 76.3125, 19.234375, 98.875, 54.03125, 99.8125, 41.78125, 30.078125, 121.0625, 70.8125, 64.5625, 64.375], [55.3125, 51.0, 42.71875, 123.3125, 41.0625, 51.625, 137.875, 45.6875, 176.75, 54.59375, 138.0, 98.25, 82.4375, 83.0, 107.6875, 25.8125, 88.0625, 98.375, 45.96875, 9.4375, 0.0, 77.8125, 138.125, 66.125, 137.625, 69.625, 125.625, 132.875, 55.21875, 37.65625, 27.734375, 73.6875, 37.34375, 86.25, 61.53125, 141.5, 47.4375, 65.8125, 94.0625, 180.25, 45.59375, 91.75, 141.375, 161.125, 41.40625, 117.25, 32.0, 115.25, 114.25, 43.40625, 82.375, 24.515625, 108.25, 44.6875, 109.1875, 33.125, 21.21875, 127.875, 80.0625, 58.3125, 65.1875], [56.5625, 52.09375, 50.34375, 127.9375, 114.0625, 27.859375, 62.125, 99.3125, 110.4375, 112.0, 138.0, 20.515625, 69.375, 125.1875, 154.25, 52.0, 70.25, 175.5, 95.0625, 69.0625, 77.8125, 0.0, 153.375, 142.375, 83.1875, 79.8125, 118.6875, 55.21875, 124.3125, 110.5625, 93.75, 38.59375, 95.5, 133.0, 106.0625, 72.75, 42.1875, 86.5, 141.0, 188.125, 103.8125, 54.5625, 161.125, 162.375, 36.40625, 61.625, 56.3125, 86.8125, 49.0, 102.5625, 37.21875, 56.625, 53.4375, 121.8125, 54.40625, 103.0625, 94.0625, 115.3125, 44.03125, 131.125, 111.0625], [101.375, 107.625, 114.875, 28.078125, 122.8125, 136.25, 171.875, 183.375, 164.625, 93.9375, 29.0625, 161.625, 206.25, 63.15625, 62.375, 139.375, 210.125, 160.5, 93.5, 134.375, 138.125, 153.375, 0.0, 139.625, 123.6875, 76.8125, 45.40625, 180.875, 112.8125, 164.875, 115.375, 182.0, 174.75, 67.125, 79.3125, 153.0, 119.8125, 201.0, 65.125, 42.53125, 182.125, 104.8125, 10.4375, 32.28125, 141.25, 123.3125, 118.8125, 83.0, 138.5, 179.875, 185.875, 148.75, 122.3125, 156.875, 122.1875, 165.5, 154.75, 53.9375, 110.875, 123.1875, 77.5], [103.5, 102.5625, 97.8125, 137.875, 29.703125, 114.9375, 199.625, 82.25, 230.875, 50.96875, 152.5, 162.375, 142.0, 77.0, 84.5, 91.3125, 148.0, 33.40625, 63.53125, 73.8125, 66.125, 142.375, 139.625, 0.0, 187.625, 102.4375, 148.5, 196.625, 28.859375, 52.625, 50.9375, 139.0, 75.9375, 72.5625, 68.4375, 198.75, 105.25, 116.125, 75.9375, 180.5, 76.9375, 141.625, 137.875, 170.0, 106.4375, 170.25, 88.4375, 154.75, 171.875, 75.4375, 148.0, 90.4375, 162.25, 34.78125, 162.875, 59.84375, 59.03125, 154.25, 133.0, 17.46875, 67.25], [85.0625, 87.6875, 95.0625, 96.1875, 158.375, 92.75, 56.59375, 173.625, 45.21875, 140.75, 97.0, 73.9375, 152.375, 134.0, 157.875, 117.125, 152.75, 220.0, 124.9375, 128.375, 137.625, 83.1875, 123.6875, 187.625, 0.0, 87.6875, 78.3125, 71.0625, 161.25, 175.25, 137.875, 121.625, 167.75, 143.375, 125.9375, 31.953125, 90.4375, 168.125, 149.0, 142.375, 176.75, 46.53125, 134.0, 115.4375, 105.0625, 22.0, 105.875, 42.375, 35.84375, 175.0, 118.6875, 126.3125, 31.0625, 180.25, 30.0625, 169.875, 158.375, 70.0625, 57.59375, 171.625, 129.625], [24.703125, 30.8125, 38.1875, 56.03125, 74.6875, 59.6875, 115.25, 114.8125, 132.5, 53.40625, 69.8125, 92.25, 129.5, 50.0, 77.9375, 64.0625, 133.25, 133.75, 38.90625, 63.25, 69.625, 79.8125, 76.8125, 102.4375, 87.6875, 0.0, 56.03125, 119.0625, 74.625, 104.0625, 56.875, 105.375, 106.75, 59.125, 38.28125, 105.5625, 43.0, 126.75, 66.25, 116.1875, 115.1875, 45.625, 83.1875, 94.0625, 64.4375, 74.125, 43.5625, 52.3125, 81.9375, 113.0, 109.6875, 74.125, 68.0, 102.9375, 68.4375, 101.6875, 89.8125, 58.40625, 43.5625, 85.5625, 42.1875], [76.0625, 82.375, 91.25, 18.78125, 124.5, 107.625, 128.125, 170.875, 119.625, 97.6875, 20.25, 123.1875, 179.625, 75.5625, 90.5625, 118.5625, 182.625, 175.875, 89.0, 119.25, 125.625, 118.6875, 45.40625, 148.5, 78.3125, 56.03125, 0.0, 138.375, 119.625, 159.125, 110.125, 152.125, 162.75, 83.75, 80.25, 108.0625, 93.5, 181.125, 86.25, 70.25, 171.25, 65.5, 55.71875, 43.84375, 115.6875, 79.4375, 98.625, 38.625, 95.625, 169.0, 154.125, 128.875, 79.6875, 156.0, 79.375, 157.375, 145.5, 8.9453125, 74.625, 131.0, 81.25], [101.25, 99.0, 100.625, 153.0, 167.75, 81.8125, 16.546875, 152.0, 73.25, 161.75, 158.5, 34.71875, 106.5, 168.75, 197.0, 107.1875, 104.375, 229.875, 144.25, 124.0, 132.875, 55.21875, 180.875, 196.625, 71.0625, 119.0625, 138.375, 0.0, 176.625, 165.5, 146.875, 79.875, 149.25, 177.5, 152.625, 42.1875, 92.5625, 132.75, 185.0, 207.5, 157.0, 77.125, 190.25, 180.375, 91.5625, 59.625, 108.8125, 99.9375, 42.71875, 156.0, 72.4375, 111.75, 58.6875, 177.0, 58.9375, 157.875, 149.25, 131.875, 75.5625, 184.5, 157.375], [78.875, 79.0625, 76.0625, 109.3125, 15.65625, 96.4375, 177.875, 86.8125, 205.125, 22.140625, 124.125, 143.375, 137.25, 49.65625, 63.0, 76.625, 143.0, 59.0625, 36.25, 60.0625, 55.21875, 124.3125, 112.8125, 28.859375, 161.25, 74.625, 119.625, 176.625, 0.0, 60.15625, 30.8125, 128.125, 78.875, 46.8125, 39.5625, 174.5, 84.0625, 116.625, 51.875, 154.5, 83.0, 116.0, 112.0625, 142.375, 90.25, 145.0, 68.125, 126.75, 148.25, 81.0, 136.375, 79.0, 137.25, 46.875, 138.0, 64.375, 58.125, 125.4375, 108.5625, 11.3984375, 38.46875], [92.5625, 88.5, 80.375, 154.25, 45.34375, 86.8125, 172.25, 29.609375, 213.75, 72.1875, 169.375, 131.0, 92.375, 103.9375, 122.5625, 60.21875, 98.5, 77.4375, 72.125, 46.8125, 37.65625, 110.5625, 164.875, 52.625, 175.25, 104.0625, 159.125, 165.5, 60.15625, 0.0, 50.0, 95.75, 24.015625, 104.0625, 85.625, 177.875, 84.875, 64.0625, 110.4375, 207.5, 24.359375, 129.375, 166.375, 191.125, 75.1875, 154.75, 69.625, 152.25, 150.875, 22.796875, 105.1875, 53.90625, 145.625, 18.109375, 146.5, 8.546875, 17.0, 162.375, 117.625, 55.75, 87.6875], [53.0, 51.65625, 47.0, 104.375, 21.265625, 65.9375, 149.0, 69.0, 180.375, 26.921875, 119.4375, 113.1875, 109.75, 56.625, 80.125, 46.09375, 115.25, 84.3125, 22.140625, 30.265625, 27.734375, 93.75, 115.375, 50.9375, 137.875, 56.875, 110.125, 146.875, 30.8125, 50.0, 0.0, 98.0, 60.4375, 59.03125, 36.34375, 147.75, 54.65625, 93.1875, 66.625, 157.875, 67.125, 91.5, 117.5, 141.125, 59.4375, 119.8125, 38.09375, 108.1875, 120.9375, 64.875, 106.0625, 49.5, 111.5, 46.1875, 112.3125, 50.09375, 39.65625, 114.0625, 82.3125, 37.59375, 39.21875], [80.6875, 74.625, 68.4375, 158.75, 114.625, 45.8125, 91.9375, 75.6875, 145.5, 122.0625, 170.375, 51.15625, 30.8125, 143.0, 171.25, 52.25, 31.78125, 169.875, 107.5, 68.0, 73.6875, 38.59375, 182.0, 139.0, 121.625, 105.375, 152.125, 79.875, 128.125, 95.75, 98.0, 0.0, 75.0, 149.25, 121.5625, 108.125, 62.4375, 52.9375, 157.375, 219.625, 81.4375, 91.0625, 188.625, 195.125, 42.71875, 100.1875, 68.3125, 123.5, 86.6875, 80.9375, 9.4375, 49.25, 92.0625, 111.0625, 93.0, 87.3125, 82.0625, 149.875, 79.0625, 132.0, 126.375], [90.25, 85.0625, 76.0, 160.625, 63.28125, 75.5625, 157.625, 8.6015625, 203.125, 86.25, 175.375, 115.375, 68.6875, 117.0625, 139.0, 50.625, 74.75, 101.375, 81.5625, 43.75, 37.34375, 95.5, 174.75, 75.9375, 167.75, 106.75, 162.75, 149.25, 78.875, 24.015625, 60.4375, 75.0, 0.0, 118.8125, 96.625, 166.25, 78.3125, 40.1875, 125.9375, 217.125, 9.0546875, 123.6875, 177.5, 198.375, 63.25, 146.25, 66.1875, 150.125, 139.875, 7.28125, 84.375, 41.5, 137.0, 42.0, 138.0, 16.125, 21.265625, 164.75, 111.0, 76.6875, 99.625], [77.25, 81.0, 83.375, 69.3125, 59.15625, 107.6875, 174.375, 127.3125, 188.625, 32.53125, 83.0, 148.5, 166.0, 9.4375, 22.140625, 98.0625, 171.125, 94.5625, 42.15625, 86.375, 86.25, 133.0, 67.125, 72.5625, 143.375, 59.125, 83.75, 177.5, 46.8125, 104.0625, 59.03125, 149.25, 118.8125, 0.0, 27.65625, 164.25, 91.1875, 152.0, 8.25, 108.0625, 124.625, 104.5625, 65.5, 98.125, 106.75, 132.375, 81.0, 102.9375, 141.0, 122.5, 155.75, 104.6875, 126.875, 93.0, 127.25, 106.5, 97.5625, 91.25, 102.375, 56.5, 22.796875], [51.40625, 54.4375, 56.03125, 71.0625, 45.09375, 80.25, 150.75, 105.1875, 170.875, 17.46875, 86.125, 122.3125, 139.125, 21.953125, 49.71875, 70.75, 144.0, 97.5, 15.6171875, 60.21875, 61.53125, 106.0625, 79.3125, 68.4375, 125.9375, 38.28125, 80.25, 152.625, 39.5625, 85.625, 36.34375, 121.5625, 96.625, 27.65625, 0.0, 143.25, 64.0, 127.0, 35.90625, 121.875, 103.4375, 83.1875, 81.125, 106.3125, 79.0625, 112.0625, 53.375, 88.8125, 118.5, 101.25, 128.125, 77.875, 105.5, 78.4375, 106.0, 86.375, 76.0, 85.875, 78.8125, 50.96875, 5.0], [95.6875, 96.1875, 101.4375, 125.0625, 169.0, 91.25, 26.171875, 170.875, 37.65625, 156.0, 127.5, 57.0, 138.0, 154.875, 181.0, 117.75, 137.25, 232.0, 139.0, 132.0, 141.5, 72.75, 153.0, 198.75, 31.953125, 105.5625, 108.0625, 42.1875, 174.5, 177.875, 147.75, 108.125, 166.25, 164.25, 143.25, 0.0, 94.8125, 159.0, 170.75, 174.0, 174.875, 60.03125, 163.125, 146.875, 103.3125, 31.953125, 111.6875, 70.0625, 27.203125, 173.5, 103.0625, 125.25, 37.75, 185.875, 37.21875, 171.375, 160.875, 100.3125, 65.9375, 184.0, 147.5], [18.4375, 12.203125, 8.25, 97.625, 75.8125, 17.09375, 94.375, 85.0, 129.5, 70.0625, 110.25, 59.78125, 87.0, 83.75, 112.75, 28.015625, 90.5625, 138.625, 52.9375, 38.09375, 47.4375, 42.1875, 119.8125, 105.25, 90.4375, 43.0, 93.5, 92.5625, 84.0625, 84.875, 54.65625, 62.4375, 78.3125, 91.1875, 64.0, 94.8125, 0.0, 88.375, 99.3125, 158.375, 87.375, 45.40625, 126.1875, 135.0, 22.203125, 69.875, 16.96875, 73.0, 67.625, 85.5, 67.125, 38.21875, 60.84375, 91.25, 61.75, 79.375, 68.0, 93.0, 33.0, 92.125, 69.0], [105.125, 98.8125, 89.875, 182.75, 101.0, 77.875, 144.5, 35.125, 196.625, 120.125, 196.5, 102.8125, 33.0, 148.625, 173.375, 62.78125, 38.59375, 141.125, 111.375, 67.1875, 65.8125, 86.5, 201.0, 116.125, 168.125, 126.75, 181.125, 132.75, 116.625, 64.0625, 93.1875, 52.9375, 40.1875, 152.0, 127.0, 159.0, 88.375, 0.0, 159.75, 242.25, 41.3125, 129.875, 205.25, 220.75, 67.0625, 146.125, 83.1875, 160.5, 135.25, 42.09375, 60.8125, 52.6875, 137.125, 82.125, 138.125, 56.3125, 58.8125, 181.25, 116.6875, 115.8125, 130.875], [85.125, 89.0, 91.5625, 70.6875, 65.1875, 115.875, 181.5, 134.375, 194.25, 39.8125, 83.5625, 156.375, 174.125, 16.28125, 13.9296875, 106.3125, 179.25, 95.4375, 50.34375, 94.375, 94.0625, 141.0, 65.125, 75.9375, 149.0, 66.25, 86.25, 185.0, 51.875, 110.4375, 66.625, 157.375, 125.9375, 8.25, 35.90625, 170.75, 99.3125, 159.75, 0.0, 104.8125, 131.5, 111.3125, 62.28125, 96.875, 115.0, 138.75, 89.25, 108.0, 148.0, 129.375, 164.0, 112.8125, 133.5, 98.625, 133.875, 113.25, 104.6875, 94.1875, 109.6875, 60.75, 31.046875], [140.0, 146.375, 154.25, 60.875, 165.125, 174.125, 196.125, 225.625, 177.0, 136.25, 50.25, 193.375, 245.375, 105.0625, 99.0, 179.875, 248.875, 199.0, 136.0, 176.125, 180.25, 188.125, 42.53125, 180.5, 142.375, 116.1875, 70.25, 207.5, 154.5, 207.5, 157.875, 219.625, 217.125, 108.0625, 121.875, 174.0, 158.375, 242.25, 104.8125, 0.0, 224.5, 135.75, 42.59375, 27.203125, 180.375, 148.0, 159.25, 107.6875, 164.875, 222.25, 222.5, 189.625, 149.25, 199.25, 148.875, 208.0, 197.25, 75.75, 144.25, 164.5, 120.0], [99.1875, 94.0, 85.0, 168.625, 67.625, 84.5, 165.875, 6.32421875, 212.0, 92.1875, 183.5, 123.5, 72.125, 123.375, 144.25, 59.6875, 78.125, 100.0, 88.6875, 52.46875, 45.59375, 103.8125, 182.125, 76.9375, 176.75, 115.1875, 171.25, 157.0, 83.0, 24.359375, 67.125, 81.4375, 9.0546875, 124.625, 103.4375, 174.875, 87.375, 41.3125, 131.5, 224.5, 0.0, 132.75, 184.5, 206.375, 72.125, 155.25, 75.125, 159.0, 148.625, 2.236328125, 90.8125, 50.4375, 146.0, 42.1875, 147.0, 18.59375, 27.453125, 173.375, 120.0625, 79.625, 106.25], [38.59375, 41.21875, 49.03125, 77.5, 112.1875, 51.96875, 70.875, 130.25, 89.25, 96.5625, 85.5, 57.71875, 120.75, 95.25, 122.25, 73.1875, 122.6875, 174.375, 79.9375, 82.6875, 91.75, 54.5625, 104.8125, 141.625, 46.53125, 45.625, 65.5, 77.125, 116.0, 129.375, 91.5, 91.0625, 123.6875, 104.5625, 83.1875, 60.03125, 45.40625, 129.875, 111.3125, 135.75, 132.75, 0.0, 113.75, 109.3125, 63.375, 29.0625, 59.78125, 32.4375, 36.875, 130.875, 91.375, 83.0, 22.359375, 133.875, 22.828125, 124.4375, 112.8125, 61.21875, 13.15625, 126.0625, 87.4375], [107.9375, 114.0, 120.8125, 38.0, 123.125, 142.875, 181.5, 186.125, 175.125, 94.5625, 39.40625, 170.125, 211.875, 62.96875, 57.4375, 144.375, 216.0, 157.0, 95.9375, 138.25, 141.375, 161.125, 10.4375, 137.875, 134.0, 83.1875, 55.71875, 190.25, 112.0625, 166.375, 117.5, 188.625, 177.5, 65.5, 81.125, 163.125, 126.1875, 205.25, 62.28125, 42.59375, 184.5, 113.75, 0.0, 38.9375, 147.25, 133.125, 124.0, 93.0, 148.0, 182.375, 192.75, 153.5, 131.875, 157.25, 131.75, 167.5, 157.125, 64.3125, 119.1875, 122.0, 78.6875], [116.8125, 123.25, 131.625, 38.09375, 151.125, 150.0, 169.0, 206.875, 151.25, 122.3125, 24.765625, 166.875, 221.875, 93.0625, 94.625, 158.125, 225.125, 192.25, 118.9375, 156.125, 161.125, 162.375, 32.28125, 170.0, 115.4375, 94.0625, 43.84375, 180.375, 142.375, 191.125, 141.125, 195.125, 198.375, 98.125, 106.3125, 146.875, 135.0, 220.75, 96.875, 27.203125, 206.375, 109.3125, 38.9375, 0.0, 157.125, 120.8125, 137.625, 80.625, 137.75, 204.125, 197.625, 168.125, 122.25, 184.75, 121.875, 190.75, 179.375, 48.75, 118.375, 153.25, 105.375], [40.375, 33.96875, 26.40625, 119.6875, 78.75, 12.3671875, 97.1875, 68.6875, 140.0, 81.0, 132.5, 56.84375, 65.0625, 100.3125, 128.75, 15.6171875, 68.875, 139.25, 65.5, 32.75, 41.40625, 36.40625, 141.25, 106.4375, 105.0625, 64.4375, 115.6875, 91.5625, 90.25, 75.1875, 59.4375, 42.71875, 63.25, 106.75, 79.0625, 103.3125, 22.203125, 67.0625, 115.0, 180.375, 72.125, 63.375, 147.25, 157.125, 0.0, 83.375, 25.703125, 93.4375, 76.6875, 70.5, 49.03125, 21.9375, 74.125, 85.5625, 75.125, 68.25, 58.40625, 115.0, 50.25, 96.125, 83.9375], [66.8125, 68.5, 75.1875, 95.25, 140.75, 71.0, 48.65625, 152.0, 60.59375, 125.625, 99.4375, 54.375, 131.0, 123.0, 149.0, 95.875, 131.625, 203.25, 109.0, 107.9375, 117.25, 61.625, 123.3125, 170.25, 22.0, 74.125, 79.4375, 59.625, 145.0, 154.75, 119.8125, 100.1875, 146.25, 132.375, 112.0625, 31.953125, 69.875, 146.125, 138.75, 148.0, 155.25, 29.0625, 133.125, 120.8125, 83.375, 0.0, 85.875, 40.78125, 17.796875, 153.5, 97.75, 104.8125, 9.21875, 160.625, 8.25, 149.0, 137.75, 72.5625, 37.75, 154.875, 116.1875], [24.078125, 19.109375, 10.7734375, 99.5625, 59.0625, 28.640625, 111.1875, 73.6875, 146.0, 56.21875, 113.375, 75.25, 88.25, 74.625, 103.0625, 20.609375, 92.625, 121.8125, 40.0625, 23.1875, 32.0, 56.3125, 118.8125, 88.4375, 105.875, 43.5625, 98.625, 108.8125, 68.125, 69.625, 38.09375, 68.3125, 66.1875, 81.0, 53.375, 111.6875, 16.96875, 83.1875, 89.25, 159.25, 75.125, 59.78125, 124.0, 137.625, 25.703125, 85.875, 0.0, 84.0, 84.5, 73.0625, 74.75, 30.53125, 77.0, 74.8125, 77.875, 64.9375, 53.15625, 99.625, 48.34375, 75.6875, 58.25], [60.03125, 65.0, 74.125, 55.0, 126.875, 82.875, 89.4375, 157.375, 86.75, 105.125, 58.6875, 87.625, 153.0, 93.625, 116.125, 100.8125, 155.0, 185.75, 91.25, 107.0625, 115.25, 86.8125, 83.0, 154.75, 42.375, 52.3125, 38.625, 99.9375, 126.75, 152.25, 108.1875, 123.5, 150.125, 102.9375, 88.8125, 70.0625, 73.0, 160.5, 108.0, 107.6875, 159.0, 32.4375, 93.0, 80.625, 93.4375, 40.78125, 84.0, 0.0, 57.25, 157.0, 123.8125, 111.1875, 41.625, 153.5, 41.21875, 148.375, 136.5, 31.953125, 44.71875, 137.875, 91.8125], [69.375, 69.4375, 74.3125, 110.5, 142.125, 64.5, 34.125, 144.875, 63.3125, 130.375, 115.8125, 38.09375, 117.375, 131.875, 159.125, 90.8125, 117.5, 205.125, 113.1875, 104.875, 114.25, 49.0, 138.5, 171.875, 35.84375, 81.9375, 95.625, 42.71875, 148.25, 150.875, 120.9375, 86.6875, 139.875, 141.0, 118.5, 27.203125, 67.625, 135.25, 148.0, 164.875, 148.625, 36.875, 148.0, 137.75, 76.6875, 17.796875, 84.5, 57.25, 0.0, 147.125, 83.1875, 98.625, 16.125, 158.625, 16.28125, 144.5, 133.875, 89.1875, 39.96875, 157.5, 123.0], [97.125, 92.0, 83.0, 166.375, 65.625, 82.875, 164.625, 7.0, 210.5, 90.0, 181.25, 122.3125, 72.4375, 121.1875, 142.125, 57.875, 78.4375, 99.0, 86.4375, 50.34375, 43.40625, 102.5625, 179.875, 75.4375, 175.0, 113.0, 169.0, 156.0, 81.0, 22.796875, 64.875, 80.9375, 7.28125, 122.5, 101.25, 173.5, 85.5, 42.09375, 129.375, 222.25, 2.236328125, 130.875, 182.375, 204.125, 70.5, 153.5, 73.0625, 157.0, 147.125, 0.0, 90.25, 48.75, 144.25, 40.78125, 145.25, 16.640625, 25.234375, 171.25, 118.25, 77.8125, 104.0625], [85.0, 79.1875, 73.75, 161.875, 123.1875, 50.09375, 85.3125, 84.9375, 140.0, 129.5, 172.875, 46.1875, 35.0, 149.25, 177.75, 60.0, 34.375, 179.0, 114.4375, 76.3125, 82.375, 37.21875, 185.875, 148.0, 118.6875, 109.6875, 154.125, 72.4375, 136.375, 105.1875, 106.0625, 9.4375, 84.375, 155.75, 128.125, 103.0625, 67.125, 60.8125, 164.0, 222.5, 90.8125, 91.375, 192.75, 197.625, 49.03125, 97.75, 74.75, 123.8125, 83.1875, 90.25, 0.0, 57.875, 90.0625, 120.4375, 91.0, 96.75, 91.375, 151.375, 80.0625, 140.625, 133.0], [53.15625, 47.125, 37.9375, 130.125, 65.375, 34.1875, 118.375, 47.375, 161.875, 75.0, 143.875, 77.125, 61.3125, 99.875, 126.6875, 10.4375, 66.5, 122.25, 62.625, 19.234375, 24.515625, 56.625, 148.75, 90.4375, 126.3125, 74.125, 128.875, 111.75, 79.0, 53.90625, 49.5, 49.25, 41.5, 104.6875, 77.875, 125.25, 38.21875, 52.6875, 112.8125, 189.625, 50.4375, 83.0, 153.5, 168.125, 21.9375, 104.8125, 30.53125, 111.1875, 98.625, 48.75, 57.875, 0.0, 95.5625, 65.8125, 96.5625, 46.625, 37.46875, 129.5, 70.125, 82.75, 82.3125], [58.71875, 60.0, 66.375, 94.375, 132.5, 61.8125, 50.0, 142.75, 69.0625, 118.375, 99.9375, 48.28125, 122.8125, 117.5625, 144.25, 86.6875, 123.625, 195.25, 101.5625, 98.875, 108.25, 53.4375, 122.3125, 162.25, 31.0625, 68.0, 79.6875, 58.6875, 137.25, 145.625, 111.5, 92.0625, 137.0, 126.875, 105.5, 37.75, 60.84375, 137.125, 133.5, 149.25, 146.0, 22.359375, 131.875, 122.25, 74.125, 9.21875, 77.0, 41.625, 16.125, 144.25, 90.0625, 95.5625, 0.0, 151.875, 1.0, 139.875, 128.75, 73.5625, 29.203125, 147.125, 109.75], [95.625, 92.625, 85.5, 149.125, 34.1875, 96.25, 182.5, 47.6875, 220.75, 62.9375, 164.25, 142.375, 109.875, 94.3125, 109.875, 70.0, 116.0, 59.84375, 67.0625, 54.03125, 44.6875, 121.8125, 156.875, 34.78125, 180.25, 102.9375, 156.0, 177.0, 46.875, 18.109375, 46.1875, 111.0625, 42.0, 93.0, 78.4375, 185.875, 91.25, 82.125, 98.625, 199.25, 42.1875, 133.875, 157.25, 184.75, 85.5625, 160.625, 74.8125, 153.5, 158.625, 40.78125, 120.4375, 65.8125, 151.875, 0.0, 152.75, 26.015625, 29.0625, 160.125, 123.0, 40.3125, 79.5625], [59.46875, 60.8125, 67.25, 94.1875, 133.25, 62.8125, 50.0, 143.75, 68.25, 119.0, 99.625, 49.03125, 123.75, 117.9375, 144.5, 87.625, 124.625, 196.0, 102.1875, 99.8125, 109.1875, 54.40625, 122.1875, 162.875, 30.0625, 68.4375, 79.375, 58.9375, 138.0, 146.5, 112.3125, 93.0, 138.0, 127.25, 106.0, 37.21875, 61.75, 138.125, 133.875, 148.875, 147.0, 22.828125, 131.75, 121.875, 75.125, 8.25, 77.875, 41.21875, 16.28125, 145.25, 91.0, 96.5625, 1.0, 152.75, 0.0, 140.75, 129.625, 73.1875, 30.0, 147.75, 110.25], [88.4375, 84.0, 75.5, 153.5, 49.03125, 80.125, 165.0, 22.84375, 207.625, 74.1875, 168.375, 123.4375, 84.0, 105.6875, 125.875, 53.65625, 90.125, 85.6875, 72.0625, 41.78125, 33.125, 103.0625, 165.5, 59.84375, 169.875, 101.6875, 157.375, 157.875, 64.375, 8.546875, 50.09375, 87.3125, 16.125, 106.5, 86.375, 171.375, 79.375, 56.3125, 113.25, 208.0, 18.59375, 124.4375, 167.5, 190.75, 68.25, 149.0, 64.9375, 148.375, 144.5, 16.640625, 96.75, 46.625, 139.875, 26.015625, 140.75, 0.0, 12.0, 160.125, 112.375, 61.28125, 88.8125], [76.5, 72.1875, 63.78125, 142.0, 42.5, 69.875, 155.625, 29.703125, 196.75, 65.0625, 156.875, 114.5625, 83.0, 96.0625, 117.6875, 43.28125, 89.0, 88.0625, 61.28125, 30.078125, 21.21875, 94.0625, 154.75, 59.03125, 158.375, 89.8125, 145.5, 149.25, 58.125, 17.0, 39.65625, 82.0625, 21.265625, 97.5625, 76.0, 160.875, 68.0, 58.8125, 104.6875, 197.25, 27.453125, 112.8125, 157.125, 179.375, 58.40625, 137.75, 53.15625, 136.5, 133.875, 25.234375, 91.375, 37.46875, 128.75, 29.0625, 129.625, 12.0, 0.0, 148.25, 100.875, 57.0, 78.8125], [76.3125, 82.4375, 91.5625, 27.734375, 129.375, 106.25, 121.0625, 172.75, 110.875, 103.3125, 27.171875, 118.4375, 178.125, 82.875, 99.0, 119.0625, 180.75, 182.375, 93.5625, 121.0625, 127.875, 115.3125, 53.9375, 154.25, 70.0625, 58.40625, 8.9453125, 131.875, 125.4375, 162.375, 114.0625, 149.875, 164.75, 91.25, 85.875, 100.3125, 93.0, 181.25, 94.1875, 75.75, 173.375, 61.21875, 64.3125, 48.75, 115.0, 72.5625, 99.625, 31.953125, 89.1875, 171.25, 151.375, 129.5, 73.5625, 160.125, 73.1875, 160.125, 148.25, 0.0, 71.4375, 136.875, 87.25], [29.734375, 30.8125, 37.5625, 84.5625, 103.375, 38.84375, 72.125, 117.4375, 98.25, 90.4375, 94.0625, 50.96875, 108.3125, 93.375, 121.5, 60.40625, 110.4375, 166.125, 73.25, 70.8125, 80.0625, 44.03125, 110.875, 133.0, 57.59375, 43.5625, 74.625, 75.5625, 108.5625, 117.625, 82.3125, 79.0625, 111.0, 102.375, 78.8125, 65.9375, 33.0, 116.6875, 109.6875, 144.25, 120.0625, 13.15625, 119.1875, 118.375, 50.25, 37.75, 48.34375, 44.71875, 39.96875, 118.25, 80.0625, 70.125, 29.203125, 123.0, 30.0, 112.375, 100.875, 71.4375, 0.0, 118.125, 83.375], [88.4375, 88.0625, 84.3125, 120.5, 17.46875, 103.375, 186.375, 84.125, 215.375, 33.53125, 135.25, 150.75, 138.75, 60.21875, 70.6875, 81.75, 144.625, 48.40625, 46.875, 64.5625, 58.3125, 131.125, 123.1875, 17.46875, 171.625, 85.5625, 131.0, 184.5, 11.3984375, 55.75, 37.59375, 132.0, 76.6875, 56.5, 50.96875, 184.0, 92.125, 115.8125, 60.75, 164.5, 79.625, 126.0625, 122.0, 153.25, 96.125, 154.875, 75.6875, 137.875, 157.5, 77.8125, 140.625, 82.75, 147.125, 40.3125, 147.75, 61.28125, 57.0, 136.875, 118.125, 0.0, 49.8125], [56.28125, 59.40625, 61.03125, 71.0, 45.71875, 85.1875, 155.5, 108.25, 174.625, 17.03125, 86.0, 127.25, 143.5, 17.796875, 44.9375, 75.375, 148.5, 95.3125, 19.71875, 64.375, 65.1875, 111.0625, 77.5, 67.25, 129.625, 42.1875, 81.25, 157.375, 38.46875, 87.6875, 39.21875, 126.375, 99.625, 22.796875, 5.0, 147.5, 69.0, 130.875, 31.046875, 120.0, 106.25, 87.4375, 78.6875, 105.375, 83.9375, 116.1875, 58.25, 91.8125, 123.0, 104.0625, 133.0, 82.3125, 109.75, 79.5625, 110.25, 88.8125, 78.8125, 87.25, 83.375, 49.8125, 0.0]], "angleGap": [[0.0, 0.2705078125, 3.0859375, 1.365234375, 0.35546875, 1.349609375, 0.5517578125, 1.798828125, 1.7529296875, 3.10546875, 0.978515625, 0.103515625, 2.232421875, 2.255859375, 0.31640625, 0.1484375, 1.4345703125, 1.720703125, 0.6962890625, 0.7841796875, 0.75390625, 2.890625, 1.392578125, 1.947265625, 2.80078125, 2.958984375, 1.185546875, 1.5595703125, 0.8603515625, 1.2998046875, 0.3046875, 0.59765625, 2.16796875, 2.009765625, 1.615234375, 0.1875, 0.2109375, 2.19921875, 3.041015625, 0.615234375, 1.923828125, 2.8125, 3.130859375, 0.056640625, 1.787109375, 0.591796875, 2.431640625, 1.525390625, 0.6240234375, 0.40625, 0.330078125, 1.716796875, 1.0498046875, 1.728515625, 0.77734375, 0.79296875, 2.841796875, 1.634765625, 1.484375, 2.03125], [0.2705078125, 0.0, 2.814453125, 1.09375, 0.6259765625, 1.619140625, 0.28125, 2.068359375, 1.482421875, 2.90625, 1.251953125, 0.3740234375, 1.9609375, 1.9853515625, 0.0458984375, 0.4189453125, 1.1640625, 1.451171875, 0.42578125, 0.513671875, 1.0244140625, 2.62109375, 1.12109375, 2.220703125, 2.529296875, 3.0546875, 1.455078125, 1.2890625, 0.58984375, 1.029296875, 0.5751953125, 0.3271484375, 1.8974609375, 1.740234375, 1.884765625, 0.4580078125, 0.0595703125, 1.9287109375, 2.771484375, 0.3447265625, 2.193359375, 2.54296875, 2.8828125, 0.3271484375, 2.056640625, 0.3212890625, 2.703125, 1.798828125, 0.353515625, 0.6767578125, 0.0595703125, 1.986328125, 0.779296875, 1.998046875, 0.5068359375, 0.5224609375, 3.111328125, 1.904296875, 1.21484375, 1.7607421875], [3.0859375, 2.814453125, 0.0, 1.720703125, 2.841796875, 1.8486328125, 2.533203125, 1.4013671875, 1.33203125, 0.0927734375, 2.21875, 3.095703125, 0.853515625, 0.82861328125, 2.76953125, 3.048828125, 1.650390625, 1.36328125, 2.388671875, 2.30078125, 2.443359375, 0.193359375, 1.693359375, 1.2490234375, 0.28466796875, 0.2392578125, 2.01171875, 1.525390625, 2.224609375, 1.78515625, 2.892578125, 2.48828125, 0.91650390625, 1.07421875, 1.5830078125, 3.009765625, 2.875, 0.8857421875, 0.04345703125, 2.46875, 1.2763671875, 0.271484375, 0.06787109375, 3.140625, 1.4111328125, 2.4921875, 0.765625, 1.6708984375, 2.4609375, 2.791015625, 2.75390625, 1.4814453125, 2.03515625, 1.4697265625, 2.30859375, 2.29296875, 0.3564453125, 1.5654296875, 1.599609375, 1.0537109375], [1.365234375, 1.09375, 1.720703125, 0.0, 1.720703125, 2.71484375, 0.81298828125, 3.12109375, 0.388427734375, 1.8125, 2.345703125, 1.46875, 0.86669921875, 0.8916015625, 1.048828125, 1.513671875, 0.06982421875, 0.3564453125, 0.66845703125, 0.58056640625, 2.119140625, 1.52734375, 0.02734375, 2.96875, 1.435546875, 1.958984375, 2.55078125, 0.19482421875, 0.50439453125, 0.06494140625, 1.669921875, 0.76708984375, 0.8037109375, 0.6455078125, 2.98046875, 1.552734375, 1.154296875, 0.83447265625, 1.6767578125, 0.74951171875, 2.99609375, 1.44921875, 1.7880859375, 1.421875, 3.130859375, 0.77294921875, 2.486328125, 2.892578125, 0.74072265625, 1.771484375, 1.03515625, 3.08203125, 0.31494140625, 3.09375, 0.58740234375, 0.57177734375, 2.076171875, 2.998046875, 0.1201171875, 0.66650390625], [0.35546875, 0.6259765625, 2.841796875, 1.720703125, 0.0, 0.994140625, 0.9072265625, 1.439453125, 2.109375, 2.75, 0.626953125, 0.251953125, 2.587890625, 2.611328125, 0.671875, 0.20703125, 1.7900390625, 2.076171875, 1.0517578125, 1.1396484375, 0.3984375, 3.037109375, 1.748046875, 1.595703125, 3.126953125, 2.603515625, 0.830078125, 1.9150390625, 1.2158203125, 1.6552734375, 0.05078125, 0.953125, 2.5234375, 2.365234375, 1.259765625, 0.16796875, 0.56640625, 2.5546875, 2.88671875, 0.970703125, 1.564453125, 3.115234375, 2.775390625, 0.298828125, 1.431640625, 0.947265625, 2.076171875, 1.173828125, 0.9794921875, 0.05078125, 0.685546875, 1.361328125, 1.4052734375, 1.373046875, 1.1328125, 1.1484375, 2.486328125, 1.275390625, 1.83984375, 2.38671875], [1.349609375, 1.619140625, 1.8486328125, 2.71484375, 0.994140625, 0.0, 1.900390625, 0.447265625, 3.103515625, 1.755859375, 0.369140625, 1.244140625, 2.701171875, 2.677734375, 1.666015625, 1.201171875, 2.783203125, 3.0703125, 2.044921875, 2.134765625, 0.595703125, 2.04296875, 2.7421875, 0.599609375, 2.1328125, 1.609375, 0.1640625, 2.908203125, 2.208984375, 2.650390625, 1.044921875, 1.947265625, 2.765625, 2.923828125, 0.265625, 1.162109375, 1.560546875, 2.734375, 1.892578125, 1.962890625, 0.572265625, 2.12109375, 1.78125, 1.291015625, 0.4375, 1.939453125, 1.0830078125, 0.177734375, 1.974609375, 0.943359375, 1.681640625, 0.3671875, 2.400390625, 0.37890625, 2.126953125, 2.142578125, 1.4921875, 0.283203125, 2.833984375, 2.90234375], [0.5517578125, 0.28125, 2.533203125, 0.81298828125, 0.9072265625, 1.900390625, 0.0, 2.349609375, 1.201171875, 2.625, 1.533203125, 0.6552734375, 1.6796875, 1.7041015625, 0.2353515625, 0.7001953125, 0.8828125, 1.169921875, 0.14453125, 0.232421875, 1.3056640625, 2.33984375, 0.84033203125, 2.501953125, 2.248046875, 2.7734375, 1.736328125, 1.0078125, 0.30859375, 0.748046875, 0.8564453125, 0.0458984375, 1.6162109375, 1.458984375, 2.166015625, 0.7392578125, 0.3408203125, 1.6474609375, 2.490234375, 0.0634765625, 2.474609375, 2.26171875, 2.6015625, 0.6083984375, 2.337890625, 0.0400390625, 2.984375, 2.080078125, 0.072265625, 0.9580078125, 0.2216796875, 2.267578125, 0.498046875, 2.279296875, 0.2255859375, 0.2412109375, 2.890625, 2.185546875, 0.93310546875, 1.4794921875], [1.798828125, 2.068359375, 1.4013671875, 3.12109375, 1.439453125, 0.447265625, 2.349609375, 0.0, 2.732421875, 1.30859375, 0.81640625, 1.693359375, 2.25390625, 2.23046875, 2.111328125, 1.650390625, 3.05078125, 2.765625, 2.494140625, 2.580078125, 1.041015625, 1.5947265625, 3.09375, 0.15234375, 1.685546875, 1.162109375, 0.611328125, 2.92578125, 2.658203125, 3.095703125, 1.494140625, 2.39453125, 2.318359375, 2.4765625, 0.181640625, 1.611328125, 2.009765625, 2.287109375, 1.4453125, 2.412109375, 0.125, 1.6728515625, 1.333984375, 1.740234375, 0.009765625, 2.388671875, 0.6357421875, 0.26953125, 2.419921875, 1.392578125, 2.126953125, 0.080078125, 2.845703125, 0.068359375, 2.57421875, 2.58984375, 1.044921875, 0.1640625, 3.001953125, 2.455078125], [1.7529296875, 1.482421875, 1.33203125, 0.388427734375, 2.109375, 3.103515625, 1.201171875, 2.732421875, 0.0, 1.4248046875, 2.734375, 1.8564453125, 0.478515625, 0.5029296875, 1.4365234375, 1.9013671875, 0.318603515625, 0.031982421875, 1.056640625, 0.96875, 2.5078125, 1.138671875, 0.361083984375, 2.580078125, 1.046875, 1.5712890625, 2.939453125, 0.193603515625, 0.892578125, 0.453369140625, 2.05859375, 1.1552734375, 0.4150390625, 0.25732421875, 2.9140625, 1.9404296875, 1.5419921875, 0.44580078125, 1.2880859375, 1.1376953125, 2.607421875, 1.060546875, 1.3994140625, 1.8095703125, 2.7421875, 1.1611328125, 2.09765625, 3.001953125, 1.12890625, 2.16015625, 1.4228515625, 2.8125, 0.703125, 2.80078125, 0.9755859375, 0.9599609375, 1.6884765625, 2.896484375, 0.268310546875, 0.278076171875], [3.10546875, 2.90625, 0.0927734375, 1.8125, 2.75, 1.755859375, 2.625, 1.30859375, 1.4248046875, 0.0, 2.125, 3.001953125, 0.9462890625, 0.92138671875, 2.861328125, 2.95703125, 1.7431640625, 1.45703125, 2.48046875, 2.39453125, 2.3515625, 0.2861328125, 1.78515625, 1.15625, 0.37744140625, 0.146484375, 1.919921875, 1.6181640625, 2.31640625, 1.8779296875, 2.80078125, 2.580078125, 1.009765625, 1.1669921875, 1.490234375, 2.91796875, 2.966796875, 0.978515625, 0.13623046875, 2.5625, 1.18359375, 0.3642578125, 0.02490234375, 3.048828125, 1.318359375, 2.5859375, 0.6728515625, 1.578125, 2.5546875, 2.69921875, 2.84765625, 1.388671875, 2.12890625, 1.376953125, 2.400390625, 2.384765625, 0.263671875, 1.47265625, 1.693359375, 1.146484375], [0.978515625, 1.251953125, 2.21875, 2.345703125, 0.626953125, 0.369140625, 1.533203125, 0.81640625, 2.734375, 2.125, 0.0, 0.876953125, 3.0703125, 3.046875, 1.298828125, 0.830078125, 2.416015625, 2.701171875, 1.677734375, 1.763671875, 0.228515625, 2.41015625, 2.373046875, 0.96875, 2.501953125, 1.978515625, 0.205078125, 2.541015625, 1.841796875, 2.279296875, 0.673828125, 1.580078125, 3.134765625, 2.990234375, 0.634765625, 0.791015625, 1.189453125, 3.103515625, 2.26171875, 1.595703125, 0.94140625, 2.48828125, 2.150390625, 0.923828125, 0.806640625, 1.572265625, 1.4521484