{"name": "LZB_n60_5", "n": 60, "m": 8, "times": [[0.0, 89.375, 84.5625, 101.8125, 108.6875, 102.0625, 67.625, 82.0, 59.40625, 54.21875, 5.0, 10.0, 126.5625, 56.375, 29.734375, 91.8125, 93.0625, 96.3125, 87.9375, 14.2109375, 46.0625, 118.25, 54.65625, 74.4375, 82.625, 84.5, 46.625, 56.8125, 94.0, 110.375, 84.0, 91.1875, 111.875, 20.25, 43.40625, 95.5, 20.875, 98.6875, 46.03125, 118.8125, 109.6875, 120.4375, 89.0, 62.59375, 110.75, 91.375, 87.6875, 91.9375, 39.0625, 62.8125, 75.0, 93.8125, 79.75, 113.1875, 92.625, 101.625, 60.0, 85.25, 98.4375, 103.5, 110.4375], [89.375, 0.0, 144.5, 81.8125, 59.40625, 182.125, 153.625, 82.75, 67.1875, 46.09375, 86.8125, 84.5, 197.0, 87.8125, 75.25, 175.875, 160.625, 74.0, 44.0, 79.8125, 130.625, 102.25, 131.125, 152.125, 7.28125, 160.75, 54.4375, 43.375, 136.75, 74.3125, 159.25, 137.25, 92.0625, 70.0, 105.625, 166.0, 109.875, 152.875, 123.875, 190.0, 188.25, 92.0, 102.1875, 150.125, 185.0, 165.75, 173.75, 155.0, 102.4375, 150.125, 112.1875, 64.3125, 37.75, 182.625, 91.375, 28.234375, 149.25, 161.0, 133.0, 99.375, 170.25], [84.5625, 144.5, 0.0, 184.25, 184.625, 147.0, 109.8125, 165.875, 142.0, 98.5, 89.5, 94.4375, 53.59375, 140.875, 113.5625, 130.625, 157.125, 177.875, 115.0, 97.75, 54.03125, 201.875, 120.25, 131.375, 137.375, 33.40625, 90.75, 101.125, 173.0, 114.1875, 141.625, 169.25, 194.875, 89.375, 43.28125, 26.46875, 83.1875, 171.75, 113.75, 173.75, 155.5, 111.375, 62.96875, 64.875, 46.1875, 32.1875, 121.4375, 160.0, 119.875, 63.90625, 38.0, 173.625, 113.5, 39.625, 176.875, 167.25, 77.875, 141.75, 37.8125, 82.4375, 26.875], [101.8125, 81.8125, 184.25, 0.0, 31.890625, 149.125, 136.625, 23.09375, 42.4375, 102.125, 96.875, 91.9375, 228.375, 52.40625, 72.125, 150.625, 116.4375, 8.0, 121.0, 87.6875, 146.375, 21.03125, 106.5, 122.0625, 82.625, 186.125, 104.6875, 101.4375, 77.1875, 153.0, 124.125, 80.25, 11.3984375, 95.125, 141.0, 197.375, 113.25, 98.0, 103.75, 144.0, 152.0, 170.0, 165.375, 158.375, 212.375, 193.125, 153.375, 107.8125, 81.0, 158.875, 164.125, 17.46875, 112.0625, 215.0, 19.421875, 60.8125, 150.375, 126.125, 188.25, 169.875, 210.875], [108.6875, 59.40625, 184.625, 31.890625, 0.0, 173.75, 156.0, 48.09375, 53.9375, 92.125, 104.1875, 99.75, 233.0, 72.0, 81.375, 173.0, 143.375, 27.296875, 102.625, 94.8125, 154.75, 47.875, 127.125, 145.125, 62.59375, 192.25, 97.1875, 90.5625, 107.0, 133.625, 148.75, 109.5625, 38.28125, 96.375, 141.75, 201.375, 124.4375, 127.25, 122.6875, 172.0, 177.625, 151.25, 155.25, 169.875, 218.25, 198.625, 174.375, 135.375, 98.75, 170.25, 159.0, 20.390625, 94.9375, 219.0, 49.75, 33.25, 164.125, 150.75, 182.25, 156.0, 211.5], [102.0625, 182.125, 147.0, 149.125, 173.75, 0.0, 38.46875, 127.0, 122.8125, 155.625, 101.8125, 101.8125, 155.625, 102.25, 106.9375, 17.0, 36.25, 149.0, 189.625, 105.375, 95.0625, 152.25, 51.0, 30.078125, 176.625, 121.5625, 148.5, 158.0, 79.6875, 212.125, 25.015625, 74.9375, 152.875, 121.1875, 127.4375, 137.5, 83.5, 61.28125, 58.65625, 29.828125, 8.546875, 221.0, 182.75, 82.5625, 138.25, 128.375, 27.015625, 45.6875, 80.0625, 83.5625, 161.0, 153.5, 181.0, 149.0, 130.25, 183.625, 69.125, 23.015625, 178.5, 200.375, 162.125], [67.625, 153.625, 109.8125, 136.625, 156.0, 38.46875, 0.0, 113.625, 102.3125, 121.8125, 68.4375, 69.625, 125.1875, 84.9375, 79.75, 24.765625, 51.25, 134.625, 155.375, 74.0, 56.90625, 145.0, 30.46875, 25.078125, 147.375, 87.1875, 114.0625, 124.4375, 83.5, 175.875, 33.71875, 78.5625, 143.0, 87.6875, 89.0625, 103.1875, 47.4375, 72.5625, 33.375, 63.9375, 46.96875, 183.875, 144.5, 47.03125, 107.1875, 94.4375, 20.25, 57.28125, 57.3125, 48.03125, 122.5625, 136.75, 147.375, 116.5625, 120.0, 159.75, 33.0, 33.375, 140.25, 162.375, 127.0], [82.0, 82.75, 165.875, 23.09375, 48.09375, 127.0, 113.625, 0.0, 25.0, 92.0625, 77.0, 72.0, 208.0, 29.53125, 52.4375, 127.875, 95.5, 22.015625, 116.3125, 68.25, 125.1875, 36.25, 83.4375, 99.4375, 81.5625, 165.5, 92.75, 92.0, 59.53125, 148.125, 102.0, 61.75, 30.8125, 78.375, 123.1875, 177.375, 91.5625, 79.3125, 80.625, 123.9375, 130.375, 164.25, 153.375, 136.25, 191.625, 172.625, 130.375, 87.3125, 58.125, 136.875, 149.0, 27.859375, 106.6875, 194.875, 11.3984375, 68.625, 127.75, 104.0, 173.375, 160.25, 192.25], [59.40625, 67.1875, 142.0, 42.4375, 53.9375, 122.8125, 102.3125, 25.0, 0.0, 68.125, 54.5, 49.59375, 186.0, 21.46875, 29.828125, 120.3125, 96.1875, 37.0, 94.875, 45.25, 104.375, 60.03125, 74.125, 93.1875, 64.1875, 143.875, 68.1875, 68.375, 69.5, 126.125, 98.25, 70.0, 52.8125, 53.65625, 99.0, 154.875, 72.0625, 85.9375, 69.0625, 125.6875, 127.625, 141.625, 128.625, 117.625, 170.125, 150.75, 121.0, 89.5625, 45.03125, 118.125, 124.0625, 35.84375, 85.0625, 172.5, 36.40625, 61.46875, 110.875, 100.1875, 148.375, 136.0, 168.625], [54.21875, 46.09375, 98.5, 102.125, 92.125, 155.625, 121.8125, 92.0625, 68.125, 0.0, 53.8125, 53.90625, 150.875, 81.3125, 55.9375, 146.0, 142.0, 94.375, 34.0625, 50.90625, 88.1875, 122.8125, 106.125, 126.875, 38.90625, 115.1875, 9.0, 3.0, 130.5, 60.8125, 135.875, 129.375, 113.5, 34.40625, 59.90625, 120.0, 74.6875, 141.5, 97.75, 169.75, 162.875, 74.625, 63.6875, 108.75, 139.125, 119.9375, 141.875, 138.75, 82.1875, 108.6875, 67.875, 87.0, 25.546875, 136.625, 103.1875, 69.5, 110.375, 137.25, 90.4375, 68.25, 124.5625], [5.0, 86.8125, 89.5, 96.875, 104.1875, 101.8125, 68.4375, 77.0, 54.5, 53.8125, 0.0, 5.0, 131.5, 51.46875, 24.765625, 92.3125, 91.0625, 91.4375, 87.8125, 9.4375, 50.59375, 113.25, 53.25, 73.5625, 80.25, 89.375, 46.75, 56.3125, 90.125, 111.375, 82.875, 87.4375, 106.875, 19.421875, 48.09375, 100.5, 23.09375, 95.625, 44.6875, 117.4375, 109.25, 122.0625, 92.1875, 66.5, 115.625, 96.25, 88.625, 89.5, 35.34375, 66.75, 79.125, 89.0625, 79.3125, 118.125, 87.6875, 98.0, 63.125, 84.25, 102.6875, 106.0625, 115.4375], [10.0, 84.5, 94.4375, 91.9375, 99.75, 101.8125, 69.625, 72.0, 49.59375, 53.90625, 5.0, 0.0, 136.5, 46.625, 19.796875, 93.0, 89.3125, 86.5625, 87.9375, 5.09765625, 55.21875, 108.25, 52.3125, 73.0, 78.125, 94.25, 47.4375, 56.21875, 86.375, 112.625, 82.0, 83.875, 101.9375, 19.84375, 52.8125, 105.5, 26.078125, 92.625, 43.875, 116.25, 109.0, 123.8125, 95.5, 70.5, 120.5, 101.1875, 89.875, 87.25, 32.0, 70.8125, 83.3125, 84.3125, 79.1875, 123.125, 82.6875, 94.5, 66.5, 83.4375, 107.0625, 108.8125, 120.4375], [126.5625, 197.0, 53.59375, 228.375, 233.0, 155.625, 125.1875, 208.0, 186.0, 150.875, 131.5, 136.5, 0.0, 180.375, 156.25, 138.75, 176.375, 222.875, 168.625, 140.75, 83.625, 244.25, 145.875, 150.0, 189.75, 42.8125, 142.75, 153.625, 202.625, 166.125, 158.875, 198.125, 238.375, 136.625, 92.3125, 31.625, 117.8125, 196.125, 141.75, 185.25, 163.375, 161.25, 114.0, 79.875, 18.03125, 35.46875, 128.625, 181.875, 155.125, 78.9375, 90.9375, 219.875, 167.0, 14.3203125, 218.25, 218.5, 93.3125, 158.375, 82.625, 132.125, 33.53125], [56.375, 87.8125, 140.875, 52.40625, 72.0, 102.25, 84.9375, 29.53125, 21.46875, 81.3125, 51.46875, 46.625, 180.375, 0.0, 29.28125, 101.0, 74.75, 49.71875, 111.375, 43.96875, 97.0, 64.5625, 55.3125, 73.1875, 84.1875, 137.625, 79.25, 82.25, 50.25, 141.5, 77.4375, 50.0, 60.21875, 58.21875, 99.375, 150.25, 62.9375, 65.0625, 51.65625, 104.1875, 106.75, 156.0, 137.0, 107.0, 163.625, 145.0, 102.5625, 68.125, 28.640625, 107.625, 128.5, 52.15625, 101.5, 167.625, 38.28125, 82.875, 98.25, 79.4375, 152.625, 147.0, 166.625], [29.734375, 75.25, 113.5625, 72.125, 81.375, 106.9375, 79.75, 52.4375, 29.828125, 55.9375, 24.765625, 19.796875, 156.25, 29.28125, 0.0, 100.9375, 87.75, 66.8125, 88.625, 15.8125, 74.625, 88.625, 55.9375, 76.9375, 69.75, 114.0, 52.1875, 57.46875, 75.3125, 116.75, 84.375, 73.75, 82.125, 29.015625, 71.125, 125.25, 43.09375, 85.5625, 48.71875, 116.5, 113.1875, 130.0, 108.0625, 88.625, 140.25, 120.9375, 99.625, 83.625, 27.796875, 89.0625, 99.25, 65.0, 79.0, 142.875, 63.28125, 80.125, 83.0, 86.0625, 123.4375, 118.875, 139.75], [91.8125, 175.875, 130.625, 150.625, 173.0, 17.0, 24.765625, 127.875, 120.3125, 146.0, 92.3125, 93.0, 138.75, 101.0, 100.9375, 0.0, 45.96875, 149.625, 179.75, 97.0625, 79.625, 156.0, 46.28125, 28.640625, 170.0, 104.6875, 138.375, 148.5, 86.9375, 200.625, 29.6875, 82.0, 155.5, 111.625, 113.25, 120.625, 72.0, 70.9375, 52.40625, 46.53125, 25.171875, 208.625, 168.75, 66.0, 121.25, 111.375, 10.046875, 54.65625, 75.8125, 66.9375, 146.25, 153.125, 171.5, 132.0, 132.625, 179.875, 52.8125, 28.015625, 162.875, 187.0, 145.25], [93.0625, 160.625, 157.125, 116.4375, 143.375, 36.25, 51.25, 95.5, 96.1875, 142.0, 91.0625, 89.3125, 176.375, 74.75, 87.75, 45.96875, 0.0, 117.375, 175.625, 91.375, 103.0625, 117.5, 39.21875, 26.46875, 156.0, 137.625, 136.375, 143.875, 43.6875, 201.875, 17.890625, 39.0625, 119.0, 109.0625, 128.375, 153.5, 79.6875, 25.234375, 47.53125, 29.53125, 36.6875, 213.125, 180.875, 97.5, 158.375, 145.0, 54.03125, 9.484375, 60.09375, 98.5, 162.75, 123.0, 166.25, 167.5, 97.1875, 157.625, 83.5625, 18.875, 183.375, 196.375, 176.5], [96.3125, 74.0, 177.875, 8.0, 27.296875, 149.0, 134.625, 22.015625, 37.0, 94.375, 91.4375, 86.5625, 222.875, 49.71875, 66.8125, 149.625, 117.375, 0.0, 113.0, 82.125, 141.375, 29.015625, 104.75, 121.25, 74.6875, 180.75, 97.125, 93.625, 79.875, 145.0, 124.0, 82.5625, 19.234375, 88.625, 134.625, 191.625, 108.75, 100.25, 101.375, 145.5, 152.375, 162.0, 157.75, 154.125, 207.0, 187.625, 151.875, 109.0625, 78.125, 154.75, 157.0, 9.8515625, 104.0625, 209.375, 22.46875, 53.84375, 146.75, 126.0, 181.125, 162.0, 204.625], [87.9375, 44.0, 115.0, 121.0, 102.625, 189.625, 155.375, 116.3125, 94.875, 34.0625, 87.8125, 87.9375, 168.625, 111.375, 88.625, 179.75, 175.625, 113.0, 0.0, 84.875, 117.375, 142.0, 140.125, 161.0, 40.03125, 138.125, 41.34375, 31.828125, 161.5, 32.0625, 169.875, 160.75, 132.0, 68.4375, 84.3125, 139.625, 108.0625, 173.875, 131.75, 203.625, 197.0, 49.09375, 62.1875, 138.5, 159.5, 141.5, 175.25, 172.125, 115.625, 138.25, 78.4375, 104.0625, 9.8515625, 154.625, 126.5625, 72.25, 141.75, 171.375, 95.5, 56.03125, 138.5], [14.2109375, 79.8125, 97.75, 87.6875, 94.8125, 105.375, 74.0, 68.25, 45.25, 50.90625, 9.4375, 5.09765625, 140.75, 43.96875, 15.8125, 97.0625, 91.375, 82.125, 84.875, 0.0, 60.03125, 104.375, 55.3125, 76.1875, 73.5, 98.6875, 45.0, 53.0625, 86.0, 110.4375, 84.9375, 83.75, 97.8125, 17.890625, 55.53125, 109.625, 31.140625, 93.4375, 47.0, 118.875, 112.4375, 122.1875, 95.75, 75.5625, 124.9375, 105.5625, 94.25, 88.8125, 32.6875, 75.875, 84.875, 79.625, 75.9375, 127.3125, 79.0625, 89.4375, 71.5625, 86.4375, 108.875, 108.25, 124.0], [46.0625, 130.625, 54.03125, 146.375, 154.75, 95.0625, 56.90625, 125.1875, 104.375, 88.1875, 50.59375, 55.21875, 83.625, 97.0, 74.625, 79.625, 103.0625, 141.375, 117.375, 60.03125, 0.0, 161.25, 66.75, 77.4375, 123.5, 40.8125, 79.25, 91.1875, 121.4375, 130.625, 87.6875, 117.3125, 155.75, 61.625, 36.625, 54.5625, 34.21875, 118.375, 60.875, 120.5625, 103.625, 135.125, 91.25, 21.1875, 66.625, 48.25, 71.375, 106.1875, 71.5625, 20.875, 67.1875, 139.5, 111.625, 71.375, 135.125, 146.25, 28.3125, 87.9375, 83.375, 110.4375, 74.9375], [118.25, 102.25, 201.875, 21.03125, 47.875, 152.25, 145.0, 36.25, 60.03125, 122.8125, 113.25, 108.25, 244.25, 64.5625, 88.625, 156.0, 117.5, 29.015625, 142.0, 104.375, 161.25, 0.0, 114.5625, 127.5, 103.375, 201.625, 125.0, 122.1875, 75.0, 174.0, 127.875, 79.0, 10.1953125, 113.625, 159.0, 213.625, 127.375, 96.0625, 113.25, 143.0, 154.0, 191.0, 185.875, 171.5, 227.75, 208.75, 160.0, 108.3125, 92.4375, 172.125, 183.625, 38.125, 133.0, 231.125, 26.25, 79.6875, 162.25, 129.875, 207.875, 190.75, 228.375], [54.65625, 131.125, 120.25, 106.5, 127.125, 51.0, 30.46875, 83.4375, 74.125, 106.125, 53.25, 52.3125, 145.875, 55.3125, 55.9375, 46.28125, 39.21875, 104.75, 140.125, 55.3125, 66.75, 114.5625, 0.0, 21.09375, 125.6875, 104.6875, 99.75, 108.375, 56.9375, 164.625, 29.703125, 52.34375, 112.625, 72.125, 89.25, 119.9375, 40.53125, 51.625, 8.6015625, 64.1875, 57.46875, 175.125, 141.75, 66.1875, 127.9375, 112.25, 47.25, 40.1875, 29.609375, 67.0625, 123.6875, 107.4375, 131.25, 135.375, 89.5625, 133.75, 53.53125, 31.140625, 144.625, 157.375, 141.625], [74.4375, 152.125, 131.375, 122.0625, 145.125, 30.078125, 25.078125, 99.4375, 93.1875, 126.875, 73.5625, 73.0, 150.0, 73.1875, 76.9375, 28.640625, 26.46875, 121.25, 161.0, 76.1875, 77.4375, 127.5, 21.09375, 0.0, 146.625, 111.1875, 120.25, 129.25, 60.4375, 184.75, 10.4375, 55.4375, 126.875, 92.6875, 105.125, 127.0, 57.8125, 47.71875, 29.203125, 45.1875, 36.34375, 194.625, 159.25, 71.0, 132.0, 118.5625, 33.125, 32.1875, 49.96875, 72.0, 139.5, 125.0, 152.125, 141.0, 103.9375, 153.75, 57.0625, 11.1796875, 159.125, 175.75, 150.25], [82.625, 7.28125, 137.375, 82.625, 62.59375, 176.625, 147.375, 81.5625, 64.1875, 38.90625, 80.25, 78.125, 189.75, 84.1875, 69.75, 170.0, 156.0, 74.6875, 40.03125, 73.5, 123.5, 103.375, 125.6875, 146.625, 0.0, 153.5, 47.15625, 36.25, 133.625, 71.375, 154.0, 134.0, 93.25, 63.0625, 98.375, 158.75, 103.25, 149.25, 118.1875, 185.25, 183.0, 88.8125, 96.1875, 143.0, 177.75, 158.375, 167.625, 150.75, 97.25, 143.125, 105.4375, 65.25, 32.6875, 175.5, 90.75, 33.28125, 142.375, 155.75, 126.5625, 94.375, 163.25], [84.5, 160.75, 33.40625, 186.125, 192.25, 121.5625, 87.1875, 165.5, 143.875, 115.1875, 89.375, 94.25, 42.8125, 137.625, 114.0, 104.6875, 137.625, 180.75, 138.125, 98.6875, 40.8125, 201.625, 104.6875, 111.1875, 153.5, 0.0, 106.5, 118.125, 160.875, 142.625, 120.6875, 156.5, 195.875, 96.25, 55.3125, 16.0, 75.0, 155.75, 99.9375, 150.125, 129.875, 142.0, 93.625, 40.1875, 26.25, 7.6171875, 94.875, 142.25, 112.3125, 39.21875, 67.375, 178.25, 134.75, 30.875, 175.625, 180.0, 54.21875, 120.5, 71.1875, 113.625, 40.59375], [46.625, 54.4375, 90.75, 104.6875, 97.1875, 148.5, 114.0625, 92.75, 68.1875, 9.0, 46.75, 47.4375, 142.75, 79.25, 52.1875, 138.375, 136.375, 97.125, 41.34375, 45.0, 79.25, 125.0, 99.75, 120.25, 47.15625, 106.5, 0.0, 12.0, 127.4375, 65.4375, 129.375, 125.9375, 116.0625, 27.59375, 51.25, 111.625, 66.75, 137.25, 91.25, 163.625, 156.0, 77.875, 60.875, 99.875, 130.625, 111.3125, 134.0, 133.75, 77.1875, 99.75, 61.84375, 90.375, 33.625, 128.375, 104.0625, 76.625, 101.625, 130.875, 85.125, 68.0625, 117.0625], [56.8125, 43.375, 101.125, 101.4375, 90.5625, 158.0, 124.4375, 92.0, 68.375, 3.0, 56.3125, 56.21875, 153.625, 82.25, 57.46875, 148.5, 143.875, 93.625, 31.828125, 53.0625, 91.1875, 122.1875, 108.375, 129.25, 36.25, 118.125, 12.0, 0.0, 131.75, 59.5, 138.0, 130.625, 112.8125, 36.90625, 62.8125, 122.75, 77.375, 143.0, 100.0, 171.875, 165.25, 73.75, 64.875, 111.75, 142.0, 122.8125, 144.5, 140.625, 84.0, 111.625, 70.0625, 86.0, 23.015625, 139.375, 103.0625, 67.25, 113.25, 139.5, 92.3125, 68.5625, 127.125], [94.0, 136.75, 173.0, 77.1875, 107.0, 79.6875, 83.5, 59.53125, 69.5, 130.5, 90.125, 86.375, 202.625, 50.25, 75.3125, 86.9375, 43.6875, 79.875, 161.5, 86.0, 121.4375, 75.0, 56.9375, 60.4375, 133.625, 160.875, 127.4375, 131.75, 0.0, 191.25, 57.3125, 5.0, 77.8125, 103.1875, 136.25, 175.625, 89.8125, 21.09375, 60.9375, 68.0, 80.25, 205.0, 181.75, 123.0625, 184.75, 168.5, 93.25, 34.21875, 55.0, 123.9375, 169.0, 87.1875, 151.625, 191.75, 57.875, 127.1875, 110.4375, 59.0625, 192.125, 193.875, 196.125], [110.375, 74.3125, 114.1875, 153.0, 133.625, 212.125, 175.875, 148.125, 126.125, 60.8125, 111.375, 112.625, 166.125, 141.5, 116.75, 200.625, 201.875, 145.0, 32.0625, 110.4375, 130.625, 174.0, 164.625, 184.75, 71.375, 142.625, 65.4375, 59.5, 191.25, 0.0, 194.25, 190.125, 164.0, 92.8125, 94.4375, 140.375, 128.875, 202.375, 156.125, 228.75, 219.875, 17.71875, 52.25, 151.625, 160.25, 144.375, 195.125, 199.125, 142.625, 151.125, 76.25, 136.0, 41.4375, 153.0, 158.5, 102.125, 157.375, 195.625, 85.6875, 36.78125, 133.625], [84.0, 159.25, 141.625, 124.125, 148.75, 25.015625, 33.71875, 102.0, 98.25, 135.875, 82.875, 82.0, 158.875, 77.4375, 84.375, 29.6875, 17.890625, 124.0, 169.875, 84.9375, 87.6875, 127.875, 29.703125, 10.4375, 154.0, 120.6875, 129.375, 138.0, 57.3125, 194.25, 0.0, 52.34375, 128.125, 101.8125, 115.5, 136.625, 68.0, 41.71875, 38.21875, 35.0, 29.40625, 204.375, 169.5, 80.5, 140.875, 128.0, 36.78125, 25.5, 56.8125, 81.5, 150.0, 128.5, 160.875, 150.25, 105.5, 159.375, 66.5, 2.0, 169.5, 185.875, 160.125], [91.1875, 137.25, 169.25, 80.25, 109.5625, 74.9375, 78.5625, 61.75, 70.0, 129.375, 87.4375, 83.875, 198.125, 50.0, 73.75, 82.0, 39.0625, 82.5625, 160.75, 83.75, 117.3125, 79.0, 52.34375, 55.4375, 134.0, 156.5, 125.9375, 130.625, 5.0, 190.125, 52.34375, 0.0, 81.375, 101.125, 133.125, 171.5, 86.125, 17.71875, 56.65625, 64.1875, 75.6875, 203.75, 179.375, 118.5625, 180.25, 164.125, 88.25, 29.609375, 52.15625, 119.4375, 166.125, 89.5625, 151.0, 187.375, 60.875, 128.75, 105.8125, 54.125, 189.0, 191.875, 192.125], [111.875, 92.0625, 194.875, 11.3984375, 38.28125, 152.875, 143.0, 30.8125, 52.8125, 113.5, 106.875, 101.9375, 238.375, 60.21875, 82.125, 155.5, 119.0, 19.234375, 132.0, 97.8125, 155.75, 10.1953125, 112.625, 126.875, 93.25, 195.875, 116.0625, 112.8125, 77.8125, 164.0, 128.125, 81.375, 0.0, 106.0, 151.75, 207.375, 122.3125, 98.875, 110.5625, 145.625, 155.25, 181.125, 176.875, 167.0, 222.125, 203.0, 158.875, 110.0, 88.6875, 167.625, 175.375, 28.015625, 123.125, 225.0, 23.09375, 69.625, 158.5, 130.125, 199.5, 181.25, 221.375], [20.25, 70.0, 89.375, 95.125, 96.375, 121.1875, 87.6875, 78.375, 53.65625, 34.40625, 19.421875, 19.84375, 136.625, 58.21875, 29.015625, 111.625, 109.0625, 88.625, 68.4375, 17.890625, 61.625, 113.625, 72.125, 92.6875, 63.0625, 96.25, 27.59375, 36.90625, 103.1875, 92.8125, 101.8125, 101.125, 106.0, 0.0, 46.09375, 105.0, 41.125, 111.25, 63.625, 136.125, 128.5, 104.3125, 79.125, 80.3125, 122.125, 102.375, 107.8125, 106.6875, 50.5625, 80.375, 70.875, 84.25, 59.90625, 122.625, 89.6875, 84.75, 79.3125, 103.25, 95.1875, 90.6875, 116.1875], [43.40625, 105.625, 43.28125, 141.0, 141.75, 127.4375, 89.0625, 123.1875, 99.0, 59.90625, 48.09375, 52.8125, 92.3125, 99.375, 71.125, 113.25, 128.375, 134.625, 84.3125, 55.53125, 36.625, 159.0, 89.25, 105.125, 98.375, 55.3125, 51.25, 62.8125, 136.25, 94.4375, 115.5, 133.125, 151.75, 46.09375, 0.0, 60.8125, 48.84375, 138.5, 81.375, 150.125, 135.875, 98.5, 55.59375, 57.3125, 79.5, 60.09375, 105.875, 129.25, 81.5, 56.8125, 34.46875, 130.25, 80.0, 78.0625, 134.25, 126.1875, 64.5625, 116.25, 56.03125, 74.25, 70.0625], [95.5, 166.0, 26.46875, 197.375, 201.375, 137.5, 103.1875, 177.375, 154.875, 120.0, 100.5, 105.5, 31.625, 150.25, 125.25, 120.625, 153.5, 191.625, 139.625, 109.625, 54.5625, 213.625, 119.9375, 127.0, 158.75, 16.0, 111.625, 122.75, 175.625, 140.375, 136.625, 171.5, 207.375, 105.0, 60.8125, 0.0, 88.3125, 171.25, 114.8125, 166.125, 145.75, 137.875, 89.4375, 56.15625, 20.03125, 9.484375, 110.75, 157.875, 125.875, 55.15625, 64.1875, 188.375, 137.375, 17.6875, 187.75, 187.0, 70.1875, 136.5, 62.625, 108.9375, 25.0], [20.875, 109.875, 83.1875, 113.25, 124.4375, 83.5, 47.4375, 91.5625, 72.0625, 74.6875, 23.09375, 26.078125, 117.8125, 62.9375, 43.09375, 72.0, 79.6875, 108.75, 108.0625, 31.140625, 34.21875, 127.375, 40.53125, 57.8125, 103.25, 75.0, 66.75, 77.375, 89.8125, 128.875, 68.0, 86.125, 122.3125, 41.125, 48.84375, 88.3125, 0.0, 90.0625, 32.5625, 102.9375, 91.4375, 137.5, 101.5625, 45.625, 100.75, 82.4375, 67.25, 80.4375, 37.59375, 46.0625, 83.1875, 107.8125, 100.1875, 105.375, 101.125, 120.625, 40.4375, 68.9375, 104.5625, 118.0, 107.0], [98.6875, 152.875, 171.75, 98.0, 127.25, 61.28125, 72.5625, 79.3125, 85.9375, 141.5, 95.625, 92.625, 196.125, 65.0625, 85.5625, 70.9375, 25.234375, 100.25, 173.875, 93.4375, 118.375, 96.0625, 51.625, 47.71875, 149.25, 155.75, 137.25, 143.0, 21.09375, 202.375, 41.71875, 17.71875, 98.875, 111.25, 138.5, 171.25, 90.0625, 0.0, 58.0625, 47.0, 60.75, 215.125, 187.75, 116.375, 178.125, 163.375, 78.5, 16.28125, 60.75, 117.3125, 172.375, 107.125, 164.25, 186.25, 78.5625, 145.625, 102.875, 43.125, 194.5, 201.375, 193.25], [46.03125, 123.875, 113.75, 103.75, 122.6875, 58.65625, 33.375, 80.625, 69.0625, 97.75, 44.6875, 43.875, 141.75, 51.65625, 48.71875, 52.40625, 47.53125, 101.375, 131.75, 47.0, 60.875, 113.25, 8.6015625, 29.203125, 118.1875, 99.9375, 91.25, 100.0, 60.9375, 156.125, 38.21875, 56.65625, 110.5625, 63.625, 81.375, 114.8125, 32.5625, 58.0625, 0.0, 72.8125, 65.4375, 166.5, 133.375, 62.6875, 123.9375, 107.5625, 52.03125, 47.84375, 24.015625, 63.5, 115.75, 103.4375, 122.9375, 130.75, 87.6875, 127.5625, 51.0, 39.59375, 137.0, 148.875, 135.875], [118.8125, 190.0, 173.75, 144.0, 172.0, 29.828125, 63.9375, 123.9375, 125.6875, 169.75, 117.4375, 116.25, 185.25, 104.1875, 116.5, 46.53125, 29.53125, 145.5, 203.625, 118.875, 120.5625, 143.0, 64.1875, 45.1875, 185.25, 150.125, 163.625, 171.875, 68.0, 228.75, 35.0, 64.1875, 145.625, 136.125, 150.125, 166.125, 102.9375, 47.0, 72.8125, 0.0, 23.265625, 239.25, 204.375, 110.375, 167.625, 157.0, 56.5625, 36.6875, 88.75, 111.375, 184.375, 151.625, 194.5, 178.125, 124.625, 187.0, 96.5, 34.0, 203.375, 220.875, 190.375], [109.6875, 188.25, 155.5, 152.0, 177.625, 8.546875, 46.96875, 130.375, 127.625, 162.875, 109.25, 109.0, 163.375, 106.75, 113.1875, 25.171875, 36.6875, 152.375, 197.0, 112.4375, 103.625, 154.0, 57.46875, 36.34375, 183.0, 129.875, 156.0, 165.25, 80.25, 219.875, 29.40625, 75.6875, 155.25, 128.5, 135.875, 145.75, 91.4375, 60.75, 65.4375, 23.265625, 0.0, 229.0, 191.125, 91.0, 146.125, 136.5, 35.0625, 46.09375, 85.9375, 92.0, 169.5, 157.25, 188.25, 157.0, 133.0, 188.75, 77.625, 27.515625, 187.0, 208.625, 170.375], [120.4375, 92.0, 111.375, 170.0, 151.25, 221.0, 183.875, 164.25, 141.625, 74.625, 122.0625, 123.8125, 161.25, 156.0, 130.0, 208.625, 213.125, 162.0, 49.09375, 122.1875, 135.125, 191.0, 175.125, 194.625, 88.8125, 142.0, 77.875, 73.75, 205.0, 17.71875, 204.375, 203.75, 181.125, 104.3125, 98.5, 137.875, 137.5, 215.125, 166.5, 239.25, 229.0, 0.0, 48.5, 155.625, 157.375, 142.875, 202.375, 211.0, 154.75, 155.125, 74.625, 153.125, 58.0, 148.875, 174.875, 119.8125, 162.75, 205.625, 79.0, 29.15625, 128.0], [89.0, 102.1875, 62.96875, 165.375, 155.25, 182.75, 144.5, 153.375, 128.625, 63.6875, 92.1875, 95.5, 114.0, 137.0, 108.0625, 168.75, 180.875, 157.75, 62.1875, 95.75, 91.25, 185.875, 141.75, 159.25, 96.1875, 93.625, 60.875, 64.875, 181.75, 52.25, 169.5, 179.375, 176.875, 79.125, 55.59375, 89.4375, 101.5625, 187.75, 133.375, 204.375, 191.125, 48.5, 0.0, 110.625, 109.0625, 94.375, 161.5, 180.625, 127.5, 110.0, 26.40625, 150.625, 65.0625, 101.0625, 164.75, 129.375, 119.5, 170.375, 34.1875, 20.125, 81.375], [62.59375, 150.125, 64.875, 158.375, 169.875, 82.5625, 47.03125, 136.25, 117.625, 108.75, 66.5, 70.5, 79.875, 107.0, 88.625, 66.0, 97.5, 154.125, 138.5, 75.5625, 21.1875, 171.5, 66.1875, 71.0, 143.0, 40.1875, 99.875, 111.75, 123.0625, 151.625, 80.5, 118.5625, 167.0, 80.3125, 57.3125, 56.15625, 45.625, 116.375, 62.6875, 110.375, 91.0, 155.625, 110.625, 0.0, 61.84375, 47.53125, 56.625, 102.375, 79.3125, 1.0, 85.5625, 153.375, 132.625, 70.0625, 145.25, 164.125, 14.0390625, 80.3125, 98.8125, 130.25, 80.0625], [110.75, 185.0, 46.1875, 212.375, 218.25, 138.25, 107.1875, 191.625, 170.125, 139.125, 115.625, 120.5, 18.03125, 163.625, 140.25, 121.25, 158.375, 207.0, 159.5, 124.9375, 66.625, 227.75, 127.9375, 132.0, 177.75, 26.25, 130.625, 142.0, 184.75, 160.25, 140.875, 180.25, 222.125, 122.125, 79.5, 20.03125, 100.75, 178.125, 123.9375, 167.625, 146.125, 157.375, 109.0625, 61.84375, 0.0, 19.71875, 111.25, 163.875, 137.75, 60.9375, 84.125, 204.5, 157.125, 13.0390625, 201.625, 205.25, 75.25, 140.5, 80.625, 128.25, 35.46875], [91.375, 165.75, 32.1875, 193.125, 198.625, 128.375, 94.4375, 172.625, 150.75, 119.9375, 96.25, 101.1875, 35.46875, 145.0, 120.9375, 111.375, 145.0, 187.625, 141.5, 105.5625, 48.25, 208.75, 112.25, 118.5625, 158.375, 7.6171875, 111.3125, 122.8125, 168.5, 144.375, 128.0, 164.125, 203.0, 102.375, 60.09375, 9.484375, 82.4375, 163.375, 107.5625, 157.0, 136.5, 142.875, 94.375, 47.53125, 19.71875, 0.0, 101.5, 149.625, 119.8125, 46.53125, 68.4375, 184.875, 138.625, 23.265625, 182.75, 185.625, 61.53125, 127.75, 69.625, 114.1875, 34.46875], [87.6875, 173.75, 121.4375, 153.375, 174.375, 27.015625, 20.25, 130.375, 121.0, 141.875, 88.625, 89.875, 128.625, 102.5625, 99.625, 10.046875, 54.03125, 151.875, 175.25, 94.25, 71.375, 160.0, 47.25, 33.125, 167.625, 94.875, 134.0, 144.5, 93.25, 195.125, 36.78125, 88.25, 158.875, 107.8125, 105.875, 110.75, 67.25, 78.5, 52.03125, 56.5625, 35.0625, 202.375, 161.5, 56.625, 111.25, 101.5, 0.0, 62.25, 76.0, 57.5625, 138.375, 154.75, 167.375, 122.0, 135.875, 179.375, 43.875, 35.375, 154.25, 180.0, 135.5], [91.9375, 155.0, 160.0, 107.8125, 135.375, 45.6875, 57.28125, 87.3125, 89.5625, 138.75, 89.5, 87.25, 181.875, 68.125, 83.625, 54.65625, 9.484375, 109.0625, 172.125, 88.8125, 106.1875, 108.3125, 40.1875, 32.1875, 150.75, 142.25, 133.75, 140.625, 34.21875, 199.125, 25.5, 29.609375, 110.0, 106.6875, 129.25, 157.875, 80.4375, 16.28125, 47.84375, 36.6875, 46.09375, 211.0, 180.625, 102.375, 163.875, 149.625, 62.25, 0.0, 56.625, 103.3125, 163.625, 115.0, 162.625, 172.5, 88.4375, 150.75, 88.625, 26.875, 184.875, 195.375, 180.5], [39.0625, 102.4375, 119.875, 81.0, 98.75, 80.0625, 57.3125, 58.125, 45.03125, 82.1875, 35.34375, 32.0, 155.125, 28.640625, 27.796875, 75.8125, 60.09375, 78.125, 115.625, 32.6875, 71.5625, 92.4375, 29.609375, 49.96875, 97.25, 112.3125, 77.1875, 84.0, 55.0, 142.625, 56.8125, 52.15625, 88.6875, 50.5625, 81.5, 125.875, 37.59375, 60.75, 24.015625, 88.75, 85.9375, 154.75, 127.5, 79.3125, 137.75, 119.8125, 76.0, 56.625, 0.0, 80.0, 114.0, 79.625, 106.1875, 142.875, 66.3125, 104.125, 69.875, 58.59375, 137.125, 140.75, 144.25], [62.8125, 150.125, 63.90625, 158.875, 170.25, 83.5625, 48.03125, 136.875, 118.125, 108.6875, 66.75, 70.8125, 78.9375, 107.625, 89.0625, 66.9375, 98.5, 154.75, 138.25, 75.875, 20.875, 172.125, 67.0625, 72.0, 143.125, 39.21875, 99.75, 111.625, 123.9375, 151.125, 81.5, 119.4375, 167.625, 80.375, 56.8125, 55.15625, 46.0625, 117.3125, 63.5, 111.375, 92.0, 155.125, 110.0, 1.0, 60.9375, 46.53125, 57.5625, 103.3125, 80.0, 0.0, 84.875, 153.875, 132.375, 69.125, 145.875, 164.375, 15.03125, 81.3125, 97.9375, 129.625, 79.0625], [75.0, 112.1875, 38.0, 164.125, 159.0, 161.0, 122.5625, 149.0, 124.0625, 67.875, 79.125, 83.3125, 90.9375, 128.5, 99.25, 146.25, 162.75, 157.0, 78.4375, 84.875, 67.1875, 183.625, 123.6875, 139.5, 105.4375, 67.375, 61.84375, 70.0625, 169.0, 76.25, 150.0, 166.125, 175.375, 70.875, 34.46875, 64.1875, 83.1875, 172.375, 115.75, 184.375, 169.5, 74.625, 26.40625, 85.5625, 84.125, 68.4375, 138.375, 163.625, 114.0, 84.875, 0.0, 151.125, 78.25, 77.3125, 160.375, 137.25, 95.4375, 150.625, 24.359375, 46.53125, 60.09375], [93.8125, 64.3125, 173.625, 17.46875, 20.390625, 153.5, 136.75, 27.859375, 35.84375, 87.0, 89.0625, 84.3125, 219.875, 52.15625, 65.0, 153.125, 123.0, 9.8515625, 104.0625, 79.625, 139.5, 38.125, 107.4375, 125.0, 65.25, 178.25, 90.375, 86.0, 87.1875, 136.0, 128.5, 89.5625, 28.015625, 84.25, 130.25, 188.375, 107.8125, 107.125, 103.4375, 151.625, 157.25, 153.125, 150.625, 153.375, 204.5, 184.875, 154.75, 115.0, 79.625, 153.875, 151.125, 0.0, 95.25, 206.125, 31.140625, 44.09375, 146.75, 130.5, 175.0, 154.0, 200.375], [79.75, 37.75, 113.5, 112.0625, 94.9375, 181.0, 147.375, 106.6875, 85.0625, 25.546875, 79.3125, 79.1875, 167.0, 101.5, 79.0, 171.5, 166.25, 104.0625, 9.8515625, 75.9375, 111.625, 133.0, 131.25, 152.125, 32.6875, 134.75, 33.625, 23.015625, 151.625, 41.4375, 160.875, 151.0, 123.125, 59.90625, 80.0, 137.375, 100.1875, 164.25, 122.9375, 194.5, 188.25, 58.0, 65.0625, 132.625, 157.125, 138.625, 167.375, 162.625, 106.1875, 132.375, 78.25, 95.25, 0.0, 152.875, 117.125, 65.75, 135.0, 162.375, 97.1875, 61.71875, 138.0], [113.1875, 182.625, 39.625, 215.0, 219.0, 149.0, 116.5625, 194.875, 172.5, 136.625, 118.125, 123.125, 14.3203125, 167.625, 142.875, 132.0, 167.5, 209.375, 154.625, 127.3125, 71.375, 231.125, 135.375, 141.0, 175.5, 30.875, 128.375, 139.375, 191.75, 153.0, 150.25, 187.375, 225.0, 122.625, 78.0625, 17.6875, 105.375, 186.25, 130.75, 178.125, 157.0, 148.875, 101.0625, 70.0625, 13.0390625, 23.265625, 122.0, 172.5, 142.875, 69.125, 77.3125, 206.125, 152.875, 0.0, 205.25, 204.125, 83.9375, 149.875, 70.8125, 119.6875, 23.328125], [92.625, 91.375, 176.875, 19.421875, 49.75, 130.25, 120.0, 11.3984375, 36.40625, 103.1875, 87.6875, 82.6875, 218.25, 38.28125, 63.28125, 132.625, 97.1875, 22.46875, 126.5625, 79.0625, 135.125, 26.25, 89.5625, 103.9375, 90.75, 175.625, 104.0625, 103.0625, 57.875, 158.5, 105.5, 60.875, 23.09375, 89.6875, 134.25, 187.75, 101.125, 78.5625, 87.6875, 124.625, 133.0, 174.875, 164.75, 145.25, 201.625, 182.75, 135.875, 88.4375, 66.3125, 145.875, 160.375, 31.140625, 117.125, 205.25, 0.0, 74.625, 136.125, 107.4375, 184.75, 171.375, 203.0], [101.625, 28.234375, 167.25, 60.8125, 33.25, 183.625, 159.75, 68.625, 61.46875, 69.5, 98.0, 94.5, 218.5, 82.875, 80.125, 179.875, 157.625, 53.84375, 72.25, 89.4375, 146.25, 79.6875, 133.75, 153.75, 33.28125, 180.0, 76.625, 67.25, 127.1875, 102.125, 159.375, 128.75, 69.625, 84.75, 126.1875, 187.0, 120.625, 145.625, 127.5625, 187.0, 188.75, 119.8125, 129.375, 164.125, 205.25, 185.625, 179.375, 150.75, 104.125, 164.375, 137.25, 44.09375, 65.75, 204.125, 74.625, 0.0, 161.0, 161.25, 159.125, 127.5, 193.625], [60.0, 149.25, 77.875, 150.375, 164.125, 69.125, 33.0, 127.75, 110.875, 110.375, 63.125, 66.5, 93.3125, 98.25, 83.0, 52.8125, 83.5625, 146.75, 141.75, 71.5625, 28.3125, 162.25, 53.53125, 57.0625, 142.375, 54.21875, 101.625, 113.25, 110.4375, 157.375, 66.5, 105.8125, 158.5, 79.3125, 64.5625, 70.1875, 40.4375, 102.875, 51.0, 96.5, 77.625, 162.75, 119.5, 14.0390625, 75.25, 61.53125, 43.875, 88.625, 69.875, 15.03125, 95.4375, 146.75, 135.0, 83.9375, 136.125, 161.0, 0.0, 66.25, 110.5, 138.625, 94.0], [85.25, 161.0, 141.75, 126.125, 150.75, 23.015625, 33.375, 104.0, 100.1875, 137.25, 84.25, 83.4375, 158.375, 79.4375, 86.0625, 28.015625, 18.875, 126.0, 171.375, 86.4375, 87.9375, 129.875, 31.140625, 11.1796875, 155.75, 120.5, 130.875, 139.5, 59.0625, 195.625, 2.0, 54.125, 130.125, 103.25, 116.25, 136.5, 68.9375, 43.125, 39.59375, 34.0, 27.515625, 205.625, 170.375, 80.3125, 140.5, 127.75, 35.375, 26.875, 58.59375, 81.3125, 150.625, 130.5, 162.375, 149.875, 107.4375, 161.25, 66.25, 0.0, 170.0, 187.0, 160.0], [98.4375, 133.0, 37.8125, 188.25, 182.25, 178.5, 140.25, 173.375, 148.375, 90.4375, 102.6875, 107.0625, 82.625, 152.625, 123.4375, 162.875, 183.375, 181.125, 95.5, 108.875, 83.375, 207.875, 144.625, 159.125, 126.5625, 71.1875, 85.125, 92.3125, 192.125, 85.6875, 169.5, 189.0, 199.5, 95.1875, 56.03125, 62.625, 104.5625, 194.5, 137.0, 203.375, 187.0, 79.0, 34.1875, 98.8125, 80.625, 69.625, 154.25, 184.875, 137.125, 97.9375, 24.359375, 175.0, 97.1875, 70.8125, 184.75, 159.125, 110.5, 170.0, 0.0, 50.09375, 49.15625], [103.5, 99.375, 82.4375, 169.875, 156.0, 200.375, 162.375, 160.25, 136.0, 68.25, 106.0625, 108.8125, 132.125, 147.0, 118.875, 187.0, 196.375, 162.0, 56.03125, 108.25, 110.4375, 190.75, 157.375, 175.75, 94.375, 113.625, 68.0625, 68.5625, 193.875, 36.78125, 185.875, 191.875, 181.25, 90.6875, 74.25, 108.9375, 118.0, 201.375, 148.875, 220.875, 208.625, 29.15625, 20.125, 130.25, 128.25, 114.1875, 180.0, 195.375, 140.75, 129.625, 46.53125, 154.0, 61.71875, 119.6875, 171.375, 127.5, 138.625, 187.0, 50.09375, 0.0, 99.0], [110.4375, 170.25, 26.875, 210.875, 211.5, 162.125, 127.0, 192.25, 168.625, 124.5625, 115.4375, 120.4375, 33.53125, 166.625, 139.75, 145.25, 176.5, 204.625, 138.5, 124.0, 74.9375, 228.375, 141.625, 150.25, 163.25, 40.59375, 117.0625, 127.125, 196.125, 133.625, 160.125, 192.125, 221.375, 116.1875, 70.0625, 25.0, 107.0, 193.25, 135.875, 190.375, 170.375, 128.0, 81.375, 80.0625, 35.46875, 34.46875, 135.5, 180.5, 144.25, 79.0625, 60.09375, 200.375, 138.0, 23.328125, 203.0, 193.625, 94.0, 160.0, 49.15625, 99.0, 0.0]], "angleGap": [[0.0, 1.962890625, 0.875, 0.578125, 2.515625, 2.720703125, 1.00390625, 0.85107421875, 0.431640625, 1.0166015625, 1.0166015625, 2.283203125, 1.220703125, 0.92236328125, 2.65625, 2.15234375, 0.81591796875, 0.501953125, 0.77490234375, 2.578125, 0.99462890625, 2.263671875, 2.37890625, 0.0322265625, 2.359375, 0.529296875, 0.40625, 1.681640625, 0.734375, 2.328125, 1.7255859375, 0.92529296875, 0.263671875, 1.736328125, 2.228515625, 2.939453125, 1.8955078125, 2.259765625, 2.2890625, 2.478515625, 0.861328125, 1.220703125, 2.826171875, 2.35546875, 2.3203125, 2.7578125, 2.05078125, 1.7109375, 2.810546875, 1.494140625, 0.7158203125, 0.435546875, 2.244140625, 1.05078125, 0.267578125, 3.052734375, 2.345703125, 1.572265625, 1.07421875, 2.033203125], [1.962890625, 0.0, 2.8359375, 2.5390625, 1.8076171875, 1.6015625, 2.96484375, 2.8125, 1.529296875, 2.978515625, 2.978515625, 0.322265625, 3.1015625, 2.8828125, 1.6669921875, 2.169921875, 2.77734375, 1.458984375, 2.736328125, 0.6171875, 2.955078125, 2.05859375, 1.943359375, 1.927734375, 0.3984375, 1.431640625, 1.556640625, 2.640625, 1.228515625, 1.994140625, 2.595703125, 2.88671875, 1.697265625, 0.22265625, 0.26953125, 1.3828125, 2.427734375, 2.0625, 2.03125, 1.84375, 1.099609375, 0.740234375, 0.865234375, 0.39453125, 0.359375, 1.5654296875, 2.271484375, 2.611328125, 0.8505859375, 0.466796875, 2.677734375, 1.525390625, 0.28125, 3.01171875, 2.228515625, 1.091796875, 1.9765625, 0.388671875, 0.884765625, 0.07421875], [0.875, 2.8359375, 0.0, 0.296875, 1.6396484375, 1.845703125, 0.12939453125, 0.02392578125, 1.306640625, 0.1416015625, 0.1416015625, 3.125, 0.34521484375, 0.04736328125, 1.7802734375, 1.27734375, 0.05908203125, 1.376953125, 0.10009765625, 2.830078125, 0.11962890625, 1.388671875, 1.50390625, 0.9072265625, 3.048828125, 1.404296875, 1.28125, 0.806640625, 1.609375, 1.453125, 0.85107421875, 0.05029296875, 1.138671875, 2.61328125, 3.10546875, 2.064453125, 1.0205078125, 1.384765625, 1.4150390625, 1.603515625, 1.736328125, 2.095703125, 2.58203125, 3.052734375, 3.087890625, 1.8818359375, 1.17578125, 0.83642578125, 2.59765625, 2.369140625, 0.1591796875, 1.310546875, 3.1171875, 0.17626953125, 0.607421875, 2.35546875, 1.470703125, 2.447265625, 1.94921875, 2.91015625], [0.578125, 2.5390625, 0.296875, 0.0, 1.9365234375, 2.142578125, 0.42626953125, 0.27294921875, 1.009765625, 0.4384765625, 0.4384765625, 2.861328125, 0.64208984375, 0.34423828125, 2.078125, 1.57421875, 0.23779296875, 1.080078125, 0.19677734375, 3.126953125, 0.41650390625, 1.685546875, 1.80078125, 0.6103515625, 2.9375, 1.107421875, 0.984375, 1.103515625, 1.3125, 1.75, 1.1474609375, 0.34716796875, 0.841796875, 2.31640625, 2.80859375, 2.361328125, 1.3173828125, 1.681640625, 1.7119140625, 1.900390625, 1.439453125, 1.798828125, 2.87890625, 2.93359375, 2.8984375, 2.1796875, 1.47265625, 1.1328125, 2.89453125, 2.072265625, 0.1376953125, 1.013671875, 2.8203125, 0.47314453125, 0.310546875, 2.65234375, 1.767578125, 2.150390625, 1.65234375, 2.61328125], [2.515625, 1.8076171875, 1.6396484375, 1.9365234375, 0.0, 0.2060546875, 1.509765625, 1.6640625, 2.9453125, 1.498046875, 1.498046875, 1.4853515625, 1.294921875, 1.591796875, 0.140625, 0.362060546875, 1.69921875, 3.015625, 1.740234375, 1.1904296875, 1.51953125, 0.25146484375, 0.1357421875, 2.546875, 1.4091796875, 3.04296875, 2.921875, 0.8330078125, 3.033203125, 0.18701171875, 0.78857421875, 1.58984375, 2.77734375, 2.03125, 1.5380859375, 0.4248046875, 0.619140625, 0.25439453125, 0.224609375, 0.03662109375, 2.908203125, 2.548828125, 0.9423828125, 1.4130859375, 1.4482421875, 0.2421875, 0.4638671875, 0.80322265625, 0.95703125, 2.2734375, 1.798828125, 2.94921875, 1.5263671875, 1.462890625, 2.24609375, 0.7158203125, 0.1689453125, 2.1953125, 2.693359375, 1.7333984375], [2.720703125, 1.6015625, 1.845703125, 2.142578125, 0.2060546875, 0.0, 1.716796875, 1.869140625, 3.130859375, 1.7041015625, 1.7041015625, 1.279296875, 1.5, 1.798828125, 0.0654296875, 0.568359375, 1.904296875, 3.060546875, 1.9453125, 0.984375, 1.7265625, 0.45751953125, 0.341796875, 2.75390625, 1.203125, 3.033203125, 3.126953125, 1.0390625, 2.828125, 0.39306640625, 0.99462890625, 1.794921875, 2.984375, 1.82421875, 1.33203125, 0.21875, 0.8251953125, 0.46044921875, 0.4306640625, 0.24267578125, 2.701171875, 2.341796875, 0.736328125, 1.20703125, 1.2421875, 0.0361328125, 0.669921875, 1.009765625, 0.7509765625, 2.068359375, 2.00390625, 3.126953125, 1.3203125, 1.669921875, 2.453125, 0.509765625, 0.375, 1.990234375, 2.48828125, 1.52734375], [1.00390625, 2.96484375, 0.12939453125, 0.42626953125, 1.509765625, 1.716796875, 0.0, 0.1533203125, 1.435546875, 0.01220703125, 0.01220703125, 2.99609375, 0.2158203125, 0.08203125, 1.650390625, 1.1484375, 0.1884765625, 1.505859375, 0.2294921875, 2.701171875, 0.009765625, 1.2587890625, 1.375, 1.037109375, 2.919921875, 1.533203125, 1.41015625, 0.67724609375, 1.73828125, 1.3232421875, 0.7216796875, 0.0791015625, 1.267578125, 2.7421875, 3.048828125, 1.935546875, 0.890625, 1.255859375, 1.28515625, 1.4736328125, 1.865234375, 2.224609375, 2.453125, 2.923828125, 2.958984375, 1.751953125, 1.046875, 0.70703125, 2.466796875, 2.498046875, 0.28857421875, 1.439453125, 3.037109375, 0.046875, 0.73681640625, 2.2265625, 1.341796875, 2.576171875, 2.078125, 3.0390625], [0.85107421875, 2.8125, 0.02392578125, 0.27294921875, 1.6640625, 1.869140625, 0.1533203125, 0.0, 1.283203125, 0.16552734375, 0.16552734375, 3.134765625, 0.369140625, 0.0712890625, 1.8046875, 1.3017578125, 0.03515625, 1.353515625, 0.076171875, 2.853515625, 0.1435546875, 1.412109375, 1.52734375, 0.88330078125, 3.072265625, 1.380859375, 1.2578125, 0.83056640625, 1.5859375, 1.4765625, 0.875, 0.07421875, 1.115234375, 2.58984375, 3.08203125, 2.087890625, 1.0439453125, 1.4091796875, 1.439453125, 1.626953125, 1.712890625, 2.072265625, 2.60546875, 3.076171875, 3.111328125, 1.90625, 1.19921875, 0.8603515625, 2.62109375, 2.345703125, 0.13525390625, 1.287109375, 3.09375, 0.2001953125, 0.58349609375, 2.37890625, 1.494140625, 2.423828125, 1.92578125, 2.88671875], [0.431640625, 1.529296875, 1.306640625, 1.009765625, 2.9453125, 3.130859375, 1.435546875, 1.283203125, 0.0, 1.4482421875, 1.4482421875, 1.853515625, 1.65234375, 1.353515625, 3.0859375, 2.583984375, 1.248046875, 0.0703125, 1.20703125, 2.146484375, 1.42578125, 2.6953125, 2.810546875, 0.3994140625, 1.927734375, 0.09765625, 0.025390625, 2.11328125, 0.302734375, 2.759765625, 2.158203125, 1.357421875, 0.16796875, 1.306640625, 1.798828125, 2.912109375, 2.326171875, 2.69140625, 2.72265625, 2.91015625, 0.4296875, 0.7890625, 2.39453125, 1.923828125, 1.888671875, 3.095703125, 2.482421875, 2.142578125, 2.380859375, 1.064453125, 1.1474609375, 0.00390625, 1.810546875, 1.482421875, 0.69921875, 2.62109375, 2.77734375, 1.142578125, 0.642578125, 1.603515625], [1.0166015625, 2.978515625, 0.1416015625, 0.4384765625, 1.498046875, 1.7041015625, 0.01220703125, 0.16552734375, 1.4482421875, 0.0, 0.0, 2.984375, 0.20361328125, 0.09423828125, 1.638671875, 1.1357421875, 0.20068359375, 1.5185546875, 0.24169921875, 2.6875, 0.02197265625, 1.24609375, 1.3623046875, 1.048828125, 2.90625, 1.5458984375, 1.4228515625, 0.6650390625, 1.7509765625, 1.310546875, 0.70947265625, 0.09130859375, 1.2802734375, 2.755859375, 3.03515625, 1.9228515625, 0.87890625, 1.244140625, 1.2734375, 1.4609375, 1.8779296875, 2.23828125, 2.44140625, 2.91015625, 2.9453125, 1.740234375, 1.0341796875, 0.69482421875, 2.455078125, 2.509765625, 0.30078125, 1.4521484375, 3.0234375, 0.03466796875, 0.7490234375, 2.21484375, 1.3291015625, 2.587890625, 2.08984375, 3.052734375], [1.0166015625, 2.978515625, 0.1416015625, 0.4384765625, 1.498046875, 1.7041015625, 0.01220703125, 0.16552734375, 1.4482421875, 0.0, 0.0, 2.984375, 0.20361328125, 0.09423828125, 1.638671875, 1.1357421875, 0.20068359375, 1.5185546875, 0.24169921875, 2.6875, 0.02197265625, 1.24609375, 1.3623046875, 1.048828125, 2.90625, 1.5458984375, 1.4228515625, 0.6650390625, 1.7509765625, 1.310546875, 0.70947265625, 0.09130859375, 1.2802734375, 2.755859375, 3.03515625, 1.9228515625, 0.87890625, 1.244140625, 1.2734375, 1.4609375, 1.8779296875, 2.23828125, 2.44140625, 2.91015625, 2.9453125, 1.740234375, 1.0341796875, 0.69482421875, 2.455078125, 2.509765625, 0.30078125, 1.4521484375, 3.0234375, 0.03466796875, 0.7490234375, 2.21484375, 1.329101