{"name": "LZB_n60_10", "n": 60, "m": 8, "times": [[0.0, 6.70703125, 42.9375, 95.5, 107.1875, 109.3125, 108.625, 81.375, 26.6875, 93.3125, 94.0, 129.5, 95.625, 104.6875, 38.84375, 106.25, 31.015625, 126.0, 91.6875, 129.75, 99.0, 103.1875, 55.03125, 30.8125, 92.9375, 85.0625, 117.375, 70.25, 62.8125, 95.0, 62.0625, 77.5, 99.0625, 91.8125, 103.4375, 105.25, 79.0625, 30.875, 37.21875, 99.3125, 54.03125, 57.125, 71.6875, 127.25, 38.3125, 112.8125, 108.25, 82.3125, 99.5, 97.0, 88.125, 102.875, 64.3125, 43.0, 28.15625, 59.90625, 45.1875, 124.625, 52.5, 9.8515625, 95.3125], [6.70703125, 0.0, 43.3125, 89.125, 106.25, 103.5625, 102.0, 87.875, 32.125, 99.9375, 91.375, 123.0625, 89.0, 108.6875, 43.3125, 112.0625, 37.6875, 128.5, 85.0, 131.5, 96.3125, 97.4375, 48.34375, 29.96875, 87.5, 88.0625, 114.0625, 67.0, 56.875, 89.0625, 56.3125, 82.25, 93.1875, 88.1875, 96.75, 108.25, 85.0, 35.4375, 43.0, 92.625, 60.59375, 63.375, 65.625, 125.3125, 43.09375, 106.3125, 106.125, 82.625, 105.625, 99.3125, 92.1875, 99.0, 57.71875, 46.28125, 34.53125, 59.46875, 45.875, 130.75, 46.0, 15.03125, 99.0], [42.9375, 43.3125, 0.0, 114.9375, 65.125, 135.75, 122.875, 102.625, 63.65625, 109.4375, 133.875, 146.625, 111.125, 142.375, 28.0, 93.1875, 55.9375, 167.0, 101.375, 171.875, 138.75, 129.375, 68.0, 73.1875, 76.1875, 49.96875, 82.875, 108.875, 89.8125, 83.625, 54.65625, 56.09375, 86.375, 129.25, 113.25, 145.625, 107.125, 70.0625, 39.46875, 112.625, 62.125, 84.1875, 96.5625, 87.1875, 30.015625, 129.125, 69.125, 39.40625, 91.6875, 58.3125, 125.875, 72.4375, 69.1875, 19.640625, 59.40625, 17.6875, 3.162109375, 114.0625, 74.75, 51.03125, 63.5], [95.5, 89.125, 114.9375, 0.0, 152.125, 27.859375, 18.03125, 169.625, 112.375, 183.875, 76.3125, 34.0625, 10.6328125, 161.75, 129.375, 200.375, 124.625, 163.125, 25.9375, 157.25, 78.3125, 23.328125, 47.0, 84.125, 82.25, 164.75, 132.5, 63.125, 34.875, 71.875, 69.375, 167.5, 75.25, 62.25, 25.8125, 151.0, 160.875, 110.5625, 131.75, 16.40625, 149.375, 144.125, 25.5, 157.375, 129.75, 18.390625, 140.375, 143.875, 194.625, 171.125, 149.125, 114.3125, 49.5, 128.5, 119.0625, 121.4375, 118.125, 219.625, 43.1875, 99.625, 178.5], [107.1875, 106.25, 65.125, 152.125, 0.0, 178.125, 152.75, 160.5, 128.75, 163.625, 191.75, 176.75, 144.5, 207.0, 86.5625, 122.0625, 119.5, 232.125, 130.125, 236.75, 196.375, 172.125, 109.875, 136.0, 78.1875, 61.0, 41.875, 166.375, 138.5, 90.5, 83.0, 87.8125, 90.0625, 184.5, 139.5, 210.75, 168.375, 135.125, 99.0, 143.125, 118.0625, 146.125, 142.125, 26.3125, 88.75, 160.5, 19.203125, 30.46875, 127.3125, 51.0, 190.5, 48.8125, 103.0, 76.25, 123.9375, 47.5, 63.625, 141.5, 122.375, 115.875, 72.5625], [109.3125, 103.5625, 135.75, 27.859375, 178.125, 0.0, 38.90625, 175.375, 120.9375, 190.5, 61.03125, 36.21875, 38.0, 156.75, 146.25, 215.5, 135.5, 152.125, 53.71875, 144.125, 61.40625, 6.32421875, 69.5625, 90.5625, 110.0625, 185.625, 160.125, 57.375, 46.96875, 99.75, 95.0625, 185.125, 103.0625, 47.0, 51.40625, 143.375, 164.25, 117.5, 146.5, 42.71875, 161.5, 150.625, 39.21875, 184.625, 146.25, 33.0, 167.25, 167.625, 208.375, 193.25, 146.125, 141.875, 75.0625, 146.875, 128.875, 144.375, 138.875, 233.625, 61.03125, 111.1875, 198.625], [108.625, 102.0, 122.875, 18.03125, 152.75, 38.90625, 0.0, 185.125, 127.5, 199.0, 93.625, 24.359375, 13.0390625, 179.625, 140.125, 211.5, 138.625, 181.125, 22.796875, 175.125, 95.25, 36.625, 55.96875, 100.3125, 78.1875, 171.875, 128.5, 81.125, 51.25, 66.5, 72.4375, 177.25, 69.0625, 79.375, 14.3203125, 169.0, 177.25, 126.1875, 143.625, 10.296875, 162.625, 159.625, 42.1875, 155.0, 140.75, 8.0625, 139.25, 148.0, 206.5, 176.75, 166.75, 111.125, 54.125, 138.0, 133.625, 127.0625, 125.9375, 231.25, 56.3125, 113.75, 186.125], [81.375, 87.875, 102.625, 169.625, 160.5, 175.375, 185.125, 0.0, 57.9375, 15.8125, 134.0, 203.0, 172.25, 66.125, 75.5625, 77.1875, 51.15625, 100.8125, 171.125, 113.125, 138.125, 170.25, 135.5, 85.75, 172.0, 108.5625, 185.375, 120.9375, 134.75, 175.5, 142.5, 82.0625, 179.375, 140.375, 182.375, 81.0, 18.03125, 59.0625, 63.3125, 176.875, 42.5, 25.5, 144.125, 185.75, 73.375, 187.875, 169.625, 130.125, 64.3125, 124.0625, 56.03125, 174.75, 145.5, 85.6875, 53.375, 118.3125, 102.375, 83.0625, 129.625, 73.5, 107.625], [26.6875, 32.125, 63.65625, 112.375, 128.75, 120.9375, 127.5, 57.9375, 0.0, 71.5625, 91.1875, 146.125, 114.5, 79.3125, 47.53125, 100.25, 17.265625, 103.5625, 113.1875, 109.3125, 96.0625, 115.25, 77.875, 30.609375, 119.5, 95.5, 142.75, 71.5625, 77.6875, 121.1875, 88.4375, 80.0625, 125.3125, 93.125, 124.4375, 82.0625, 53.09375, 7.28125, 38.625, 119.0, 43.09375, 32.5625, 87.0625, 150.625, 45.875, 130.5, 132.0, 101.1875, 90.875, 109.5625, 62.6875, 129.0, 88.6875, 55.9375, 9.21875, 81.375, 65.0625, 115.8125, 71.6875, 17.125, 102.5625], [93.3125, 99.9375, 109.4375, 183.875, 163.625, 190.5, 199.0, 15.8125, 71.5625, 0.0, 149.875, 217.5, 186.125, 78.0625, 81.625, 68.4375, 62.375, 113.0625, 184.25, 126.0625, 154.0, 185.25, 148.0, 100.4375, 181.625, 108.25, 191.25, 136.5, 149.0, 186.0, 153.0, 80.4375, 189.625, 156.125, 195.625, 94.25, 32.5625, 73.5, 70.125, 190.5, 47.375, 40.0, 158.5, 189.375, 79.5, 202.0, 174.125, 133.25, 55.46875, 123.4375, 69.875, 181.875, 157.625, 91.25, 65.9375, 123.9375, 108.75, 71.0, 143.125, 86.1875, 105.125], [94.0, 91.375, 133.875, 76.3125, 191.75, 61.03125, 93.625, 134.0, 91.1875, 149.875, 0.0, 97.1875, 85.9375, 100.1875, 132.125, 191.375, 108.4375, 91.4375, 97.4375, 83.125, 5.0, 59.53125, 88.0, 64.1875, 142.375, 179.125, 186.625, 25.296875, 59.46875, 135.75, 116.1875, 169.25, 140.0, 14.3203125, 101.5625, 84.75, 119.1875, 85.0625, 127.125, 92.1875, 134.125, 112.375, 61.84375, 205.75, 131.25, 90.5, 186.5, 172.25, 181.5, 190.625, 92.625, 168.625, 100.125, 137.0, 100.4375, 148.25, 136.625, 206.125, 73.25, 90.25, 189.125], [129.5, 123.0625, 146.625, 34.0625, 176.75, 36.21875, 24.359375, 203.0, 146.125, 217.5, 97.1875, 0.0, 35.5, 190.875, 162.75, 234.0, 158.625, 188.0, 47.125, 180.25, 97.625, 38.0625, 79.0625, 117.3125, 101.0625, 196.0, 151.0, 90.8125, 68.5, 89.0, 96.8125, 200.375, 91.0625, 83.0625, 37.34375, 178.375, 193.625, 144.0, 165.5, 34.53125, 183.5, 177.625, 59.0625, 178.125, 163.25, 17.5, 162.75, 172.375, 228.5, 201.0, 179.25, 134.0, 78.3125, 161.25, 153.0, 151.25, 149.75, 253.375, 77.0625, 133.625, 210.0], [95.625, 89.0, 111.125, 10.6328125, 144.5, 38.0, 13.0390625, 172.25, 114.5, 186.125, 85.9375, 35.5, 0.0, 168.25, 127.5625, 198.875, 125.625, 171.125, 15.8125, 165.875, 88.125, 33.84375, 43.59375, 87.625, 72.75, 160.5, 123.1875, 71.0, 38.84375, 61.96875, 62.59375, 165.0, 65.1875, 72.0, 15.65625, 158.25, 164.5, 113.3125, 130.875, 6.32421875, 149.625, 146.75, 30.15625, 148.625, 128.125, 18.03125, 132.0, 137.875, 193.75, 166.0, 154.875, 105.25, 43.3125, 125.8125, 120.5625, 116.25, 114.25, 218.5, 43.28125, 100.6875, 174.5], [104.6875, 108.6875, 142.375, 161.75, 207.0, 156.75, 179.625, 66.125, 79.3125, 78.0625, 100.1875, 190.875, 168.25, 0.0, 121.625, 143.125, 87.6875, 35.0, 173.125, 48.5, 102.5, 153.25, 144.5, 87.3125, 194.5, 165.125, 221.875, 100.0, 130.0, 193.875, 162.875, 141.875, 198.25, 111.8125, 182.0, 18.875, 48.75, 73.9375, 109.8125, 174.125, 97.75, 64.375, 138.125, 229.625, 119.5625, 179.5, 211.25, 178.25, 130.25, 180.375, 16.640625, 207.5, 157.5, 131.5, 83.125, 160.125, 143.5, 148.75, 133.0, 94.875, 167.625], [38.84375, 43.3125, 28.0, 129.375, 86.5625, 146.25, 140.125, 75.5625, 47.53125, 81.625, 132.125, 162.75, 127.5625, 121.625, 0.0, 71.4375, 34.21875, 149.5, 120.3125, 156.25, 137.125, 140.0, 84.1875, 68.0, 103.0625, 48.28125, 109.875, 108.875, 99.3125, 109.4375, 78.25, 39.0, 112.5625, 130.5, 132.375, 127.625, 82.0, 54.78125, 12.53125, 130.125, 34.25, 59.625, 107.5625, 110.9375, 2.236328125, 145.5, 94.125, 56.84375, 67.4375, 62.03125, 105.5625, 100.3125, 89.0, 10.296875, 40.3125, 42.71875, 27.171875, 91.4375, 86.5625, 42.0, 57.0], [106.25, 112.0625, 93.1875, 200.375, 122.0625, 215.5, 211.5, 77.1875, 100.25, 68.4375, 191.375, 234.0, 198.875, 143.125, 71.4375, 0.0, 83.1875, 177.5, 191.75, 189.0, 196.125, 209.375, 155.625, 129.5, 168.125, 61.125, 159.125, 171.375, 168.875, 176.5, 147.625, 38.09375, 179.0, 193.125, 203.75, 156.875, 94.375, 106.3125, 69.0625, 201.5, 57.28125, 85.0, 177.625, 148.0, 70.75, 216.75, 137.875, 95.1875, 13.0, 72.3125, 131.5, 156.0, 160.125, 74.8125, 91.0625, 99.0, 90.75, 21.03125, 157.25, 105.125, 50.34375], [31.015625, 37.6875, 55.9375, 124.625, 119.5, 135.5, 138.625, 51.15625, 17.265625, 62.375, 108.4375, 158.625, 125.625, 87.6875, 34.21875, 83.1875, 0.0, 115.375, 122.5625, 122.5625, 113.25, 129.625, 86.0, 46.53125, 121.0, 80.625, 138.125, 88.25, 90.625, 124.375, 91.375, 63.28125, 128.25, 109.9375, 134.125, 93.5, 51.9375, 24.015625, 23.265625, 129.625, 26.421875, 28.859375, 99.875, 142.875, 32.1875, 142.375, 125.0625, 90.5, 74.25, 95.25, 71.4375, 125.9375, 95.1875, 43.875, 8.0625, 73.25, 56.59375, 99.375, 82.375, 25.0, 86.5625], [126.0, 128.5, 167.0, 163.125, 232.125, 152.125, 181.125, 100.8125, 103.5625, 113.0625, 91.4375, 188.0, 171.125, 35.0, 149.5, 177.5, 115.375, 0.0, 179.0, 15.265625, 92.0625, 150.0, 155.875, 102.0625, 209.375, 195.25, 242.375, 100.125, 135.625, 206.75, 178.25, 173.75, 211.25, 105.1875, 186.125, 21.953125, 83.1875, 97.0, 138.5, 177.375, 129.5, 96.0, 142.25, 253.25, 147.5, 179.375, 234.25, 204.75, 164.75, 210.25, 46.5, 226.625, 169.25, 158.75, 109.375, 184.625, 168.625, 183.75, 142.5, 116.6875, 199.0], [91.6875, 85.0, 101.375, 25.9375, 130.125, 53.71875, 22.796875, 171.125, 113.1875, 184.25, 97.4375, 47.125, 15.8125, 173.125, 120.3125, 191.75, 122.5625, 179.0, 0.0, 174.875, 100.125, 49.25, 36.90625, 88.9375, 57.0625, 149.875, 107.5, 79.6875, 43.5625, 46.1875, 49.78125, 156.5, 49.40625, 84.0625, 12.0390625, 164.625, 164.875, 113.0625, 125.0, 13.0390625, 145.125, 145.75, 37.0, 133.25, 121.1875, 30.40625, 117.0, 125.375, 187.5, 154.25, 159.0, 89.6875, 32.1875, 117.4375, 118.3125, 104.6875, 104.375, 211.75, 41.96875, 98.0625, 164.25], [129.75, 131.5, 171.875, 157.25, 236.75, 144.125, 175.125, 113.125, 109.3125, 126.0625, 83.125, 180.25, 165.875, 48.5, 156.25, 189.0, 122.5625, 15.265625, 174.875, 0.0, 83.0, 142.5, 154.375, 103.5, 208.875, 203.0, 244.5, 95.1875, 132.0, 205.375, 178.375, 182.875, 209.875, 97.25, 181.25, 32.125, 95.1875, 102.3125, 145.75, 172.25, 138.875, 105.75, 137.875, 256.75, 154.375, 172.875, 237.625, 210.25, 176.375, 217.75, 57.4375, 228.125, 167.875, 165.125, 116.0, 189.25, 173.625, 196.125, 140.375, 120.875, 207.75], [99.0, 96.3125, 138.75, 78.3125, 196.375, 61.40625, 95.25, 138.125, 96.0625, 154.0, 5.0, 97.625, 88.125, 102.5, 137.125, 196.125, 113.25, 92.0625, 100.125, 83.0, 0.0, 60.40625, 92.0625, 69.1875, 146.25, 184.125, 190.875, 30.078125, 63.25, 139.375, 120.4375, 174.25, 143.5, 16.125, 103.75, 86.5625, 123.0625, 89.875, 132.125, 94.375, 138.875, 116.75, 65.125, 210.25, 136.25, 91.75, 191.0, 177.125, 186.25, 195.625, 95.625, 172.75, 104.0, 142.0, 105.25, 153.0, 141.625, 210.75, 77.375, 95.25, 194.125], [103.1875, 97.4375, 129.375, 23.328125, 172.125, 6.32421875, 36.625, 170.25, 115.25, 185.25, 59.53125, 38.0625, 33.84375, 153.25, 140.0, 209.375, 129.625, 150.0, 49.25, 142.5, 60.40625, 0.0, 63.375, 85.0625, 105.0, 179.375, 154.75, 53.4375, 40.71875, 94.9375, 89.125, 178.875, 98.4375, 45.28125, 48.09375, 140.375, 159.375, 112.0625, 140.375, 39.0625, 155.625, 145.25, 32.90625, 179.125, 140.125, 31.78125, 161.5, 161.375, 202.375, 187.0, 142.25, 136.5, 69.1875, 140.625, 123.0625, 138.125, 132.625, 227.625, 54.71875, 105.25, 192.375], [55.03125, 48.34375, 68.0, 47.0, 109.875, 69.5625, 55.96875, 135.5, 77.875, 148.0, 88.0, 79.0625, 43.59375, 144.5, 84.1875, 155.625, 86.0, 155.875, 36.90625, 154.375, 92.0625, 63.375, 0.0, 57.4375, 55.3125, 117.8125, 99.0, 64.375, 29.546875, 51.0, 28.640625, 121.375, 55.46875, 77.875, 48.8125, 138.875, 130.5, 78.625, 88.25, 45.96875, 108.25, 110.375, 32.25, 119.875, 84.875, 61.625, 101.25, 98.0, 150.875, 124.3125, 129.25, 80.75, 13.4140625, 82.1875, 82.25, 74.9375, 71.125, 175.375, 14.8671875, 61.96875, 131.5], [30.8125, 29.96875, 73.1875, 84.125, 136.0, 90.5625, 100.3125, 85.75, 30.609375, 100.4375, 64.1875, 117.3125, 87.625, 87.3125, 68.0, 129.5, 46.53125, 102.0625, 88.9375, 103.5, 69.1875, 85.0625, 57.4375, 0.0, 107.9375, 115.4375, 141.0, 42.0625, 49.25, 106.625, 76.5, 105.25, 111.0, 63.875, 99.25, 83.1875, 76.875, 27.015625, 63.15625, 92.75, 72.9375, 60.46875, 58.59375, 154.25, 67.0625, 102.4375, 135.0, 112.5625, 120.75, 127.75, 71.875, 124.8125, 70.1875, 73.4375, 39.125, 89.4375, 75.625, 145.875, 47.15625, 26.078125, 125.0], [92.9375, 87.5, 76.1875, 82.25, 78.1875, 110.0625, 78.1875, 172.0, 119.5, 181.625, 142.375, 101.0625, 72.75, 194.5, 103.0625, 168.125, 121.0, 209.375, 57.0625, 208.875, 146.25, 105.0, 55.3125, 107.9375, 0.0, 114.5, 50.5, 119.5, 83.0, 12.3671875, 31.625, 130.125, 12.203125, 131.25, 64.0, 191.125, 171.75, 122.8125, 112.625, 69.75, 135.625, 149.25, 82.125, 77.0, 104.8125, 86.1875, 62.375, 82.8125, 167.75, 113.875, 178.375, 33.0, 42.4375, 95.8125, 120.4375, 69.625, 78.1875, 189.125, 70.0625, 102.4375, 129.375], [85.0625, 88.0625, 49.96875, 164.75, 61.0, 185.625, 171.875, 108.5625, 95.5, 108.25, 179.125, 196.0, 160.5, 165.125, 48.28125, 61.125, 80.625, 195.25, 149.875, 203.0, 184.125, 179.375, 117.8125, 115.4375, 114.5, 0.0, 98.5, 155.0, 139.5, 124.5625, 101.0, 28.234375, 126.25, 176.25, 161.5, 173.25, 120.3125, 102.8125, 57.375, 161.625, 68.0, 100.8125, 146.5, 87.125, 49.71875, 178.5, 76.8125, 34.78125, 66.5, 15.5546875, 149.75, 97.1875, 117.8125, 42.0625, 87.6875, 46.09375, 46.8125, 81.0625, 124.625, 89.8125, 14.8671875], [117.375, 114.0625, 82.875, 132.5, 41.875, 160.125, 128.5, 185.375, 142.75, 191.25, 186.625, 151.0, 123.1875, 221.875, 109.875, 159.125, 138.125, 242.375, 107.5, 244.5, 190.875, 154.75, 99.0, 141.0, 50.5, 98.5, 0.0, 162.25, 128.375, 62.125, 70.5, 122.5, 60.0, 176.875, 114.375, 222.25, 189.875, 148.0, 122.0, 120.1875, 144.0, 166.75, 129.375, 28.453125, 112.0625, 136.625, 22.828125, 63.9375, 162.625, 91.1875, 205.25, 18.390625, 88.125, 100.0, 140.5, 67.25, 83.0, 179.5, 113.5625, 127.125, 111.6875], [70.25, 67.0, 108.875, 63.125, 166.375, 57.375, 81.125, 120.9375, 71.5625, 136.5, 25.296875, 90.8125, 71.0, 100.0, 108.875, 171.375, 88.25, 100.125, 79.6875, 95.1875, 30.078125, 53.4375, 64.375, 42.0625, 119.5, 155.0, 162.25, 0.0, 37.75, 113.875, 92.0, 146.875, 118.25, 21.84375, 86.125, 88.0625, 108.25, 66.375, 105.0, 77.25, 114.5625, 97.1875, 42.71875, 180.75, 108.1875, 80.0625, 161.5, 147.125, 162.375, 166.25, 88.875, 144.375, 77.125, 113.125, 80.5, 123.0, 111.75, 187.375, 49.53125, 67.6875, 165.625], [62.8125, 56.875, 89.8125, 34.875, 138.5, 46.96875, 51.25, 134.75, 77.6875, 149.0, 59.46875, 68.5, 38.84375, 130.0, 99.3125, 168.875, 90.625, 135.625, 43.5625, 132.0, 63.25, 40.71875, 29.546875, 49.25, 83.0, 139.5, 128.375, 37.75, 0.0, 76.5, 58.1875, 138.25, 80.8125, 48.5625, 52.0, 121.0625, 126.0625, 75.6875, 99.875, 44.40625, 116.0, 109.25, 9.4375, 149.375, 99.375, 53.21875, 130.625, 124.0, 162.25, 148.0, 116.375, 110.125, 40.8125, 100.0625, 84.625, 100.125, 92.9375, 187.375, 16.125, 65.75, 152.125], [95.0, 89.0625, 83.625, 71.875, 90.5, 99.75, 66.5, 175.5, 121.1875, 186.0, 135.75, 89.0, 61.96875, 193.875, 109.4375, 176.5, 124.375, 206.75, 46.1875, 205.375, 139.375, 94.9375, 51.0, 106.625, 12.3671875, 124.5625, 62.125, 113.875, 76.5, 0.0, 33.0625, 138.75, 4.47265625, 123.9375, 52.25, 189.25, 174.0, 123.8125, 118.125, 58.46875, 140.875, 152.0, 74.4375, 89.125, 111.0, 74.5625, 74.75, 93.875, 175.375, 124.875, 178.0, 45.09375, 37.59375, 102.9375, 123.0, 79.0, 85.875, 197.5, 65.1875, 104.125, 139.5], [62.0625, 56.3125, 54.65625, 69.375, 83.0, 95.0625, 72.4375, 142.5, 88.4375, 153.0, 116.1875, 96.8125, 62.59375, 162.875, 78.25, 147.625, 91.375, 178.25, 49.78125, 178.375, 120.4375, 89.125, 28.640625, 76.5, 31.625, 101.0, 70.5, 92.0, 58.1875, 33.0625, 0.0, 110.75, 37.0, 106.5, 60.8125, 159.625, 141.125, 91.4375, 86.0625, 62.3125, 108.5, 119.0, 60.15625, 91.375, 79.625, 79.6875, 73.0, 75.625, 145.25, 104.6875, 146.75, 52.4375, 20.0, 72.9375, 90.0, 55.21875, 57.375, 168.375, 43.03125, 71.375, 115.625], [77.5, 82.25, 56.09375, 167.5, 87.8125, 185.125, 177.25, 82.0625, 80.0625, 80.4375, 169.25, 200.375, 165.0, 141.875, 39.0, 38.09375, 63.28125, 173.75, 156.5, 182.875, 174.25, 178.875, 121.375, 105.25, 130.125, 28.234375, 122.5, 146.875, 138.25, 138.75, 110.75, 0.0, 141.125, 168.625, 168.5, 151.875, 95.1875, 87.125, 42.1875, 167.125, 44.28125, 77.8125, 146.25, 114.125, 39.21875, 183.0, 102.0, 59.0, 40.125, 43.03125, 127.5, 118.375, 124.5, 39.21875, 71.1875, 60.9375, 53.40625, 59.09375, 125.0625, 79.25, 25.8125], [99.0625, 93.1875, 86.375, 75.25, 90.0625, 103.0625, 69.0625, 179.375, 125.3125, 189.625, 140.0, 91.0625, 65.1875, 198.25, 112.5625, 179.0, 128.25, 211.25, 49.40625, 209.875, 143.5, 98.4375, 55.46875, 111.0, 12.203125, 126.25, 60.0, 118.25, 80.8125, 4.47265625, 37.0, 141.125, 0.0, 128.125, 54.75, 193.75, 178.125, 128.0, 121.5, 61.40625, 144.375, 156.0, 78.5625, 87.4375, 114.1875, 77.125, 73.75, 94.9375, 178.125, 126.0, 182.375, 43.5625, 42.0625, 105.875, 127.0, 81.0, 88.5625, 200.0, 69.625, 108.25, 141.125], [91.8125, 88.1875, 129.25, 62.25, 184.5, 47.0, 79.375, 140.375, 93.125, 156.125, 14.3203125, 83.0625, 72.0, 111.8125, 130.5, 193.125, 109.9375, 105.1875, 84.0625, 97.25, 16.125, 45.28125, 77.875, 63.875, 131.25, 176.25, 176.875, 21.84375, 48.5625, 123.9375, 106.5, 168.625, 128.125, 0.0, 87.6875, 97.25, 126.5625, 87.6875, 126.875, 78.25, 136.125, 117.4375, 49.53125, 197.125, 129.875, 76.1875, 178.125, 166.75, 184.0, 187.0, 102.9375, 158.625, 89.3125, 134.5, 102.1875, 142.5, 132.125, 208.875, 63.5, 89.5, 187.125], [103.4375, 96.75, 113.25, 25.8125, 139.5, 51.40625, 14.3203125, 182.375, 124.4375, 195.625, 101.5625, 37.34375, 15.65625, 182.0, 132.375, 203.75, 134.125, 186.125, 12.0390625, 181.25, 103.75, 48.09375, 48.8125, 99.25, 64.0, 161.5, 114.375, 86.125, 52.0, 52.25, 60.8125, 168.5, 54.75, 87.6875, 0.0, 172.625, 175.625, 123.9375, 137.0, 9.4375, 157.0, 157.0, 44.1875, 141.0, 133.25, 22.359375, 125.5, 136.125, 199.5, 165.5, 168.25, 97.0, 44.03125, 129.5, 129.75, 116.0, 116.1875, 223.75, 52.8125, 109.5625, 175.875], [105.25, 108.25, 145.625, 151.0, 210.75, 143.375, 169.0, 81.0, 82.0625, 94.25, 84.75, 178.375, 158.25, 18.875, 127.625, 156.875, 93.5, 21.953125, 164.625, 32.125, 86.5625, 140.375, 138.875, 83.1875, 191.125, 173.25, 222.25, 88.0625, 121.0625, 189.25, 159.625, 151.875, 193.75, 97.25, 172.625, 0.0, 63.0625, 75.6875, 116.5, 164.25, 107.6875, 74.3125, 128.5, 232.25, 125.6875, 168.125, 213.375, 183.125, 144.25, 188.25, 25.3125, 206.875, 152.125, 137.0, 87.625, 163.375, 147.125, 164.125, 126.125, 95.75, 177.25], [79.0625, 85.0, 107.125, 160.875, 168.375, 164.25, 177.25, 18.03125, 53.09375, 32.5625, 119.1875, 193.625, 164.5, 48.75, 82.0, 94.375, 51.9375, 83.1875, 164.875, 95.1875, 123.0625, 159.375, 130.5, 76.875, 171.75, 120.3125, 189.875, 108.25, 126.0625, 174.0, 141.125, 95.1875, 178.125, 126.5625, 175.625, 63.0625, 0.0, 51.96875, 69.4375, 169.5, 52.3125, 23.09375, 135.375, 192.875, 79.75, 179.25, 175.75, 138.375, 81.5625, 135.875, 38.0, 177.875, 141.75, 92.3125, 51.34375, 123.9375, 107.4375, 101.0, 123.0, 70.0, 121.0], [30.875, 35.4375, 70.0625, 110.5625, 135.125, 117.5, 126.1875, 59.0625, 7.28125, 73.5, 85.0625, 144.0, 113.3125, 73.9375, 54.78125, 106.3125, 24.015625, 97.0, 113.0625, 102.3125, 89.875, 112.0625, 78.625, 27.015625, 122.8125, 102.8125, 148.0, 66.375, 75.6875, 123.8125, 91.4375, 87.125, 128.0, 87.6875, 123.9375, 75.6875, 51.96875, 0.0, 45.90625, 118.125, 49.03125, 33.625, 85.0625, 156.625, 53.15625, 128.875, 137.875, 108.0, 96.5625, 116.8125, 57.3125, 133.75, 90.0625, 63.0625, 16.0, 87.6875, 71.5625, 121.3125, 71.1875, 21.03125, 109.8125], [37.21875, 43.0, 39.46875, 131.75, 99.0, 146.5, 143.625, 63.3125, 38.625, 70.125, 127.125, 165.5, 130.875, 109.8125, 12.53125, 69.0625, 23.265625, 138.5, 125.0, 145.75, 132.125, 140.375, 88.25, 63.15625, 112.625, 57.375, 122.0, 105.0, 99.875, 118.125, 86.0625, 42.1875, 121.5, 126.875, 137.0, 116.5, 69.4375, 45.90625, 0.0, 134.0, 23.09375, 47.1875, 108.625, 123.5, 10.296875, 148.5, 106.625, 69.1875, 62.9375, 72.0, 93.875, 111.875, 94.6875, 22.828125, 30.359375, 55.03125, 39.0625, 87.875, 88.5, 37.375, 63.9375], [99.3125, 92.625, 112.625, 16.40625, 143.125, 42.71875, 10.296875, 176.875, 119.0, 190.5, 92.1875, 34.53125, 6.32421875, 174.125, 130.125, 201.5, 129.625, 177.375, 13.0390625, 172.25, 94.375, 39.0625, 45.96875, 92.75, 69.75, 161.625, 120.1875, 77.25, 44.40625, 58.46875, 62.3125, 167.125, 61.40625, 78.25, 9.4375, 164.25, 169.5, 118.125, 134.0, 0.0, 153.25, 151.375, 36.0, 146.25, 130.875, 17.46875, 130.0, 137.875, 196.75, 166.5, 160.75, 102.5, 43.84375, 127.9375, 124.8125, 116.75, 115.6875, 221.375, 47.40625, 104.8125, 175.75], [54.03125, 60.59375, 62.125, 149.375, 118.0625, 161.5, 162.625, 42.5, 43.09375, 47.375, 134.125, 183.5, 149.625, 97.75, 34.25, 57.28125, 26.421875, 129.5, 145.125, 138.875, 138.875, 155.625, 108.25, 72.9375, 135.625, 68.0, 144.0, 114.5625, 116.0, 140.875, 108.5, 44.28125, 144.375, 136.125, 157.0, 107.6875, 52.3125, 49.03125, 23.09375, 153.25, 0.0, 33.53125, 125.1875, 143.375, 32.125, 166.875, 127.4375, 87.6875, 47.84375, 83.5625, 83.1875, 134.5, 115.8125, 43.9375, 34.0, 76.6875, 61.40625, 72.9375, 106.5, 50.34375, 69.8125], [57.125, 63.375, 84.1875, 144.125, 146.125, 150.625, 159.625, 25.5, 32.5625, 40.0, 112.375, 177.625, 146.75, 64.375, 59.625, 85.0, 28.859375, 96.0, 145.75, 105.75, 116.75, 145.25, 110.375, 60.46875, 149.25, 100.8125, 166.75, 97.1875, 109.25, 152.0, 119.0, 77.8125, 156.0, 117.4375, 157.0, 74.3125, 23.09375, 33.625, 47.1875, 151.375, 33.53125, 0.0, 118.6875, 170.25, 57.4375, 162.375, 153.0, 116.375, 73.25, 116.1875, 49.65625, 154.75, 120.8125, 69.875, 29.015625, 101.0625, 84.5, 96.125, 104.1875, 48.65625, 103.375], [71.6875, 65.625, 96.5625, 25.5, 142.125, 39.21875, 42.1875, 144.125, 87.0625, 158.5, 61.84375, 59.0625, 30.15625, 138.125, 107.5625, 177.625, 99.875, 142.25, 37.0, 137.875, 65.125, 32.90625, 32.25, 58.59375, 82.125, 146.5, 129.375, 42.71875, 9.4375, 74.4375, 60.15625, 146.25, 78.5625, 49.53125, 44.1875, 128.5, 135.375, 85.0625, 108.625, 36.0, 125.1875, 118.6875, 0.0, 151.5, 107.6875, 43.875, 133.125, 129.375, 171.125, 154.375, 124.8125, 111.0, 41.21875, 107.8125, 94.0, 105.8125, 99.75, 196.25, 21.84375, 75.0, 159.375], [127.25, 125.3125, 87.1875, 157.375, 26.3125, 184.625, 155.0, 185.75, 150.625, 189.375, 205.75, 178.125, 148.625, 229.625, 110.9375, 148.0, 142.875, 253.25, 133.25, 256.75, 210.25, 179.125, 119.875, 154.25, 77.0, 87.125, 28.453125, 180.75, 149.375, 89.125, 91.375, 114.125, 87.4375, 197.125, 141.0, 232.25, 192.875, 156.625, 123.5, 146.25, 143.375, 170.25, 151.5, 0.0, 113.1875, 163.0, 19.421875, 56.3125, 153.5, 76.25, 213.0, 44.03125, 110.625, 100.625, 146.625, 69.625, 86.25, 167.25, 133.75, 136.5, 98.125], [38.3125, 43.09375, 30.015625, 129.75, 88.75, 146.25, 140.75, 73.375, 45.875, 79.5, 131.25, 163.25, 128.125, 119.5625, 2.236328125, 70.75, 32.1875, 147.5, 121.1875, 154.375, 136.25, 140.125, 84.875, 67.0625, 104.8125, 49.71875, 112.0625, 108.1875, 99.375, 111.0, 79.625, 39.21875, 114.1875, 129.875, 133.25, 125.6875, 79.75, 53.15625, 10.296875, 130.875, 32.125, 57.4375, 107.6875, 113.1875, 0.0, 146.0, 96.375, 59.03125, 66.375, 63.6875, 103.5, 102.375, 90.0, 12.53125, 38.46875, 44.9375, 29.28125, 90.625, 86.8125, 41.0, 58.03125], [112.8125, 106.3125, 129.125, 18.390625, 160.5, 33.0, 8.0625, 187.875, 130.5, 202.0, 90.5, 17.5, 18.03125, 179.5, 145.5, 216.75, 142.375, 179.375, 30.40625, 172.875, 91.75, 31.78125, 61.625, 102.4375, 86.1875, 178.5, 136.625, 80.0625, 53.21875, 74.5625, 79.6875, 183.0, 77.125, 76.1875, 22.359375, 168.125, 179.25, 128.875, 148.5, 17.46875, 166.875, 162.375, 43.875, 163.0, 146.0, 0.0, 147.125, 155.25, 211.375, 183.75, 167.125, 119.125, 60.9375, 143.75, 137.0, 133.875, 132.25, 236.25, 60.3125, 117.4375, 192.5], [108.25, 106.125, 69.125, 140.375, 19.203125, 167.25, 139.25, 169.625, 132.0, 174.125, 186.5, 162.75, 132.0, 211.25, 94.125, 137.875, 125.0625, 234.25, 117.0, 237.625, 191.0, 161.5, 101.25, 135.0, 62.375, 76.8125, 22.828125, 161.5, 130.625, 74.75, 73.0, 102.0, 73.75, 178.125, 125.5, 213.375, 175.75, 137.875, 106.625, 130.0, 127.4375, 153.0, 133.125, 19.421875, 96.375, 147.125, 0.0, 43.0, 142.0, 68.625, 194.625, 30.875, 92.5625, 83.9375, 128.375, 51.875, 68.5, 157.875, 114.8125, 117.5625, 89.5], [82.3125, 82.625, 39.40625, 143.875, 30.46875, 167.625, 148.0, 130.125, 101.1875, 133.25, 172.25, 172.375, 137.875, 178.25, 56.84375, 95.1875, 90.5, 204.75, 125.375, 210.25, 177.125, 161.375, 98.0, 112.5625, 82.8125, 34.78125, 63.9375, 147.125, 124.0, 93.875, 75.625, 59.0, 94.9375, 166.75, 136.125, 183.125, 138.375, 108.0, 69.1875, 137.875, 87.6875, 116.375, 129.375, 56.3125, 59.03125, 155.25, 43.0, 0.0, 99.0625, 31.109375, 161.875, 62.625, 94.625, 46.75, 95.5625, 24.1875, 37.125, 115.5, 108.0625, 90.0625, 48.75], [99.5, 105.625, 91.6875, 194.625, 127.3125, 208.375, 206.5, 64.3125, 90.875, 55.46875, 181.5, 228.5, 193.75, 130.25, 67.4375, 13.0, 74.25, 164.75, 187.5, 176.375, 186.25, 202.375, 150.875, 120.75, 167.75, 66.5, 162.625, 162.375, 162.25, 175.375, 145.25, 40.125, 178.125, 184.0, 199.5, 144.25, 81.5625, 96.5625, 62.9375, 196.75, 47.84375, 73.25, 171.125, 153.5, 66.375, 211.375, 142.0, 99.0625, 0.0, 79.3125, 118.9375, 158.125, 156.375, 72.5, 81.875, 99.75, 89.5625, 25.234375, 151.375, 97.375, 57.875], [97.0, 99.3125, 58.3125, 171.125, 51.0, 193.25, 176.75, 124.0625, 109.5625, 123.4375, 190.625, 201.0, 166.0, 180.375, 62.03125, 72.3125, 95.25, 210.25, 154.25, 217.75, 195.625, 187.0, 124.3125, 127.75, 113.875, 15.5546875, 91.1875, 166.25, 148.0, 124.875, 104.6875, 43.03125, 126.0, 187.0, 165.5, 188.25, 135.875, 116.8125, 72.0, 166.5, 83.5625, 116.1875, 154.375, 76.25, 63.6875, 183.75, 68.625, 31.109375, 79.3125, 0.0, 165.0, 92.625, 122.75, 54.5625, 102.0625, 49.78125, 55.21875, 91.0, 132.625, 102.625, 22.015625], [88.125, 92.1875, 125.875, 149.125, 190.5, 146.125, 166.75, 56.03125, 62.6875, 69.875, 92.625, 179.25, 154.875, 16.640625, 105.5625, 131.5, 71.4375, 46.5, 159.0, 57.4375, 95.625, 142.25, 129.25, 71.875, 178.375, 149.75, 205.25, 88.875, 116.375, 178.0, 146.75, 127.5, 182.375, 102.9375, 168.25, 25.3125, 38.0, 57.3125, 93.875, 160.75, 83.1875, 49.65625, 124.8125, 213.0, 103.5, 167.125, 194.625, 161.875, 118.9375, 165.0, 0.0, 191.0, 142.0, 115.3125, 66.625, 143.5, 127.0, 139.0, 118.1875, 78.3125, 153.0], [102.875, 99.0, 72.4375, 114.3125, 48.8125, 141.875, 111.125, 174.75, 129.0, 181.875, 168.625, 134.0, 105.25, 207.5, 100.3125, 156.0, 125.9375, 226.625, 89.6875, 228.125, 172.75, 136.5, 80.75, 124.8125, 33.0, 97.1875, 18.390625, 144.375, 110.125, 45.09375, 52.4375, 118.375, 43.5625, 158.625, 97.0, 206.875, 177.875, 133.75, 111.875, 102.5, 134.5, 154.75, 111.0, 44.03125, 102.375, 119.125, 30.875, 62.625, 158.125, 92.625, 191.0, 0.0, 69.75, 91.0625, 127.5, 59.125, 73.1875, 176.875, 95.4375, 112.6875, 111.375], [64.3125, 57.71875, 69.1875, 49.5, 103.0, 75.0625, 54.125, 145.5, 88.6875, 157.625, 100.125, 78.3125, 43.3125, 157.5, 89.0, 160.125, 95.1875, 169.25, 32.1875, 167.875, 104.0, 69.1875, 13.4140625, 70.1875, 42.4375, 117.8125, 88.125, 77.125, 40.8125, 37.59375, 20.0, 124.5, 42.0625, 89.3125, 44.03125, 152.125, 141.75, 90.0625, 94.6875, 43.84375, 115.8125, 120.8125, 41.21875, 110.625, 90.0, 60.9375, 92.5625, 94.625, 156.375, 122.75, 142.0, 69.75, 0.0, 85.5625, 92.1875, 73.0, 72.1875, 180.375, 27.796875, 72.1875, 132.125], [43.0, 46.28125, 19.640625, 128.5, 76.25, 146.875, 138.0, 85.6875, 55.9375, 91.25, 137.0, 161.25, 125.8125, 131.5, 10.296875, 74.8125, 43.875, 158.75, 117.4375, 165.125, 142.0, 140.625, 82.1875, 73.4375, 95.8125, 42.0625, 100.0, 113.125, 100.0625, 102.9375, 72.9375, 39.21875, 105.875, 134.5, 129.5, 137.0, 92.3125, 63.0625, 22.828125, 127.9375, 43.9375, 69.875, 107.8125, 100.625, 12.53125, 143.75, 83.9375, 46.75, 72.5, 54.5625, 115.3125, 91.0625, 85.5625, 0.0, 49.40625, 32.75, 18.109375, 95.4375, 86.3125, 48.0625, 52.78125], [28.15625, 34.53125, 59.40625, 119.0625, 123.9375, 128.875, 133.625, 53.375, 9.21875, 65.9375, 100.4375, 153.0, 120.5625, 83.125, 40.3125, 91.0625, 8.0625, 109.375, 118.3125, 116.0, 105.25, 123.0625, 82.25, 39.125, 120.4375, 87.6875, 140.5, 80.5, 84.625, 123.0, 90.0, 71.1875, 127.0, 102.1875, 129.75, 87.625, 51.34375, 16.0, 30.359375, 124.8125, 34.0, 29.015625, 94.0, 146.625, 38.46875, 137.0, 128.375, 95.5625, 81.875, 102.0625, 66.625, 127.5, 92.1875, 49.40625, 0.0, 77.0, 60.4375, 106.875, 77.4375, 20.25, 94.125], [59.90625, 59.46875, 17.6875, 121.4375, 47.5, 144.375, 127.0625, 118.3125, 81.375, 123.9375, 148.25, 151.25, 116.25, 160.125, 42.71875, 99.0, 73.25, 184.625, 104.6875, 189.25, 153.0, 138.125, 74.9375, 89.4375, 69.625, 46.09375, 67.25, 123.0, 100.125, 79.0, 55.21875, 60.9375, 81.0, 142.5, 116.0, 163.375, 123.9375, 87.6875, 55.03125, 116.75, 76.6875, 101.0625, 105.8125, 69.625, 44.9375, 133.875, 51.875, 24.1875, 99.75, 49.78125, 143.5, 59.125, 73.0, 32.75, 77.0, 0.0, 16.640625, 120.0, 84.3125, 68.4375, 60.875], [45.1875, 45.875, 3.162109375, 118.125, 63.625, 138.875, 125.9375, 102.375, 65.0625, 108.75, 136.625, 149.75, 114.25, 143.5, 27.171875, 90.75, 56.59375, 168.625, 104.375, 173.625, 141.625, 132.625, 71.125, 75.625, 78.1875, 46.8125, 83.0, 111.75, 92.9375, 85.875, 57.375, 53.40625, 88.5625, 132.125, 116.1875, 147.125, 107.4375, 71.5625, 39.0625, 115.6875, 61.40625, 84.5, 99.75, 86.25, 29.28125, 132.25, 68.5, 37.125, 89.5625, 55.21875, 127.0, 73.1875, 72.1875, 18.109375, 60.4375, 16.640625, 0.0, 111.625, 77.875, 53.0, 60.375], [124.625, 130.75, 114.0625, 219.625, 141.5, 233.625, 231.25, 83.0625, 115.8125, 71.0, 206.125, 253.375, 218.5, 148.75, 91.4375, 21.03125, 99.375, 183.75, 211.75, 196.125, 210.75, 227.625, 175.375, 145.875, 189.125, 81.0625, 179.5, 187.375, 187.375, 197.5, 168.375, 59.09375, 200.0, 208.875, 223.75, 164.125, 101.0, 121.3125, 87.875, 221.375, 72.9375, 96.125, 196.25, 167.25, 90.625, 236.25, 157.875, 115.5, 25.234375, 91.0, 139.0, 176.875, 180.375, 95.4375, 106.875, 120.0, 111.625, 0.0, 176.375, 122.5625, 69.0625], [52.5, 46.0, 74.75, 43.1875, 122.375, 61.03125, 56.3125, 129.625, 71.6875, 143.125, 73.25, 77.0625, 43.28125, 133.0, 86.5625, 157.25, 82.375, 142.5, 41.96875, 140.375, 77.375, 54.71875, 14.8671875, 47.15625, 70.0625, 124.625, 113.5625, 49.53125, 16.125, 65.1875, 43.03125, 125.0625, 69.625, 63.5, 52.8125, 126.125, 123.0, 71.1875, 88.5, 47.40625, 106.5, 104.1875, 21.84375, 133.75, 86.8125, 60.3125, 114.8125, 108.0625, 151.375, 132.625, 118.1875, 95.4375, 27.796875, 86.3125, 77.4375, 84.3125, 77.875, 176.375, 0.0, 57.46875, 137.625], [9.8515625, 15.03125, 51.03125, 99.625, 115.875, 111.1875, 113.75, 73.5, 17.125, 86.1875, 90.25, 133.625, 100.6875, 94.875, 42.0, 105.125, 25.0, 116.6875, 98.0625, 120.875, 95.25, 105.25, 61.96875, 26.078125, 102.4375, 89.8125, 127.125, 67.6875, 65.75, 104.125, 71.375, 79.25, 108.25, 89.5, 109.5625, 95.75, 70.0, 21.03125, 37.375, 104.8125, 50.34375, 48.65625, 75.0, 136.5, 41.0, 117.4375, 117.5625, 90.0625, 97.375, 102.625, 78.3125, 112.6875, 72.1875, 48.0625, 20.25, 68.4375, 53.0, 122.5625, 57.46875, 0.0, 99.0], [95.3125, 99.0, 63.5, 178.5, 72.5625, 198.625, 186.125, 107.625, 102.5625, 105.125, 189.125, 210.0, 174.5, 167.625, 57.0, 50.34375, 86.5625, 199.0, 164.25, 207.75, 194.125, 192.375, 131.5, 125.0, 129.375, 14.8671875, 111.6875, 165.625, 152.125, 139.5, 115.625, 25.8125, 141.125, 187.125, 175.875, 177.25, 121.0, 109.8125, 63.9375, 175.75, 69.8125, 103.375, 159.375, 98.125, 58.03125, 192.5, 89.5, 48.75, 57.875, 22.015625, 153.0, 111.375, 132.125, 52.78125, 94.125, 60.875, 60.375, 69.0625, 137.625, 99.0, 0.0]], "angleGap": [[0.0, 1.55078125, 0.298828125, 1.3955078125, 0.537109375, 0.177734375, 2.861328125, 2.451171875, 2.982421875, 1.126953125, 0.283203125, 0.1875, 2.181640625, 2.2421875, 2.61328125, 3.041015625, 1.939453125, 0.0234375, 1.822265625, 1.126953125, 0.521484375, 0.033203125, 1.337890625, 0.6044921875, 2.0, 1.03125, 1.021484375, 0.45703125, 0.474609375, 0.5126953125, 2.3359375, 0.4951171875, 0.974609375, 0.05078125, 2.001953125, 2.638671875, 2.244140625, 2.5703125, 0.134765625, 2.92578125, 2.748046875, 0.41015625, 1.25, 2.298828125, 0.240234375, 1.216796875, 1.58203125, 2.720703125, 1.890625, 2.193359375, 0.927734375, 0.1962890625, 2.01171875, 2.783203125, 1.451171875, 1.6015625, 2.701171875, 0.240234375, 2.259765625, 2.119140625], [1.55078125, 0.0, 1.849609375, 0.1552734375, 2.087890625, 1.728515625, 1.8701171875, 2.28125, 1.75, 2.677734375, 1.833984375, 1.73828125, 2.552734375, 0.69189453125, 1.0625, 1.6923828125, 2.794921875, 1.57421875, 2.912109375, 2.677734375, 2.072265625, 1.517578125, 2.88671875, 0.9462890625, 0.44921875, 0.51953125, 2.572265625, 2.0078125, 1.076171875, 1.0380859375, 0.78564453125, 1.0556640625, 2.525390625, 1.6015625, 2.732421875, 2.09375, 2.490234375, 1.01953125, 1.685546875, 1.375, 1.9853515625, 1.9609375, 0.30078125, 0.748046875, 1.791015625, 0.33349609375, 0.031494140625, 1.169921875, 0.339599609375, 2.5390625, 0.623046875, 1.3544921875, 0.461181640625, 1.9482421875, 0.09912109375, 0.050537109375, 1.150390625, 1.791015625, 2.47265625, 0.568359375], [0.298828125, 1.849609375, 0.0, 1.6943359375, 0.23828125, 0.12109375, 2.564453125, 2.150390625, 2.68359375, 0.830078125, 0.015625, 0.111328125, 1.880859375, 2.541015625, 2.912109375, 2.740234375, 1.638671875, 0.275390625, 1.521484375, 0.830078125, 0.22265625, 0.33203125, 1.037109375, 0.9033203125, 2.298828125, 1.330078125, 0.72265625, 0.158203125, 0.7734375, 0.8115234375, 2.634765625, 0.7939453125, 0.67578125, 0.248046875, 1.701171875, 2.341796875, 1.943359375, 2.869140625, 0.1640625, 3.05859375, 2.447265625, 0.111328125, 1.548828125, 2.59765625, 0.05859375, 1.515625, 1.880859375, 3.01953125, 2.189453125, 1.892578125, 1.2265625, 0.4951171875, 2.310546875, 2.486328125, 1.75, 1.900390625, 3.0, 0.05859375, 1.958984375, 2.41796875], [1.3955078125, 0.1552734375, 1.6943359375, 0.0, 1.9326171875, 1.5732421875, 2.025390625, 2.4375, 1.9052734375, 2.521484375, 1.6787109375, 1.5830078125, 2.70703125, 0.84716796875, 1.216796875, 1.84765625, 2.94921875, 1.4189453125, 3.06640625, 2.521484375, 1.9169921875, 1.3623046875, 2.732421875, 0.791015625, 0.6044921875, 0.3642578125, 2.41796875, 1.8525390625, 0.9208984375, 0.8828125, 0.94091796875, 0.900390625, 2.37109375, 1.4462890625, 2.88671875, 2.248046875, 2.64453125, 1.17578125, 1.5302734375, 1.529296875, 2.140625, 1.8056640625, 0.1455078125, 0.9033203125, 1.6357421875, 0.17822265625, 0.186767578125, 1.3251953125, 0.494873046875, 2.6953125, 0.4677734375, 1.19921875, 0.6162109375, 2.103515625, 0.05615234375, 0.205810546875, 1.3056640625, 1.6357421875, 2.62890625, 0.7236328125], [0.537109375, 2.087890625, 0.23828125, 1.9326171875, 0.0, 0.359375, 2.326171875, 1.912109375, 2.4453125, 0.587890625, 0.25390625, 0.349609375, 1.642578125, 2.779296875, 3.1328125, 2.501953125, 1.400390625, 0.513671875, 1.283203125, 0.587890625, 0.015625, 0.5703125, 0.798828125, 1.1416015625, 2.537109375, 1.568359375, 0.484375, 0.080078125, 1.01171875, 1.0498046875, 2.873046875, 1.0322265625, 0.4375, 0.486328125, 1.462890625, 2.103515625, 1.705078125, 3.107421875, 0.40234375, 2.8203125, 2.208984375, 0.126953125, 1.787109375, 2.8359375, 0.296875, 1.75390625, 2.119140625, 3.025390625, 2.427734375, 1.658203125, 1.46484375, 0.7333984375, 2.548828125, 2.248046875, 1.98828125, 2.138671875, 3.044921875, 0.296875, 1.720703125, 2.65625], [0.177734375, 1.728515625, 0.12109375, 1.5732421875, 0.359375, 0.0, 2.685546875, 2.271484375, 2.8046875, 0.947265625, 0.10546875, 0.009765625, 2.001953125, 2.419921875, 2.791015625, 2.861328125, 1.759765625, 0.154296875, 1.642578125, 0.947265625, 0.34375, 0.2109375, 1.158203125, 0.7822265625, 2.177734375, 1.208984375, 0.84375, 0.279296875, 0.65234375, 0.6904296875, 2.513671875, 0.6728515625, 0.796875, 0.126953125, 1.822265625, 2.462890625, 2.064453125, 2.748046875, 0.04296875, 3.103515625, 2.568359375, 0.232421875, 1.427734375, 2.4765625, 0.0625, 1.39453125, 1.759765625, 2.8984375, 2.068359375, 2.017578125, 1.10546875, 0.3740234375, 2.189453125, 2.607421875, 1.62890625, 1.779296875, 2.87890625, 0.0625, 2.080078125, 2.296875], [2.861328125, 1.8701171875, 2.564453125, 2.025390625, 2.326171875, 2.685546875, 0.0, 0.412109375, 0.1201171875, 1.7353515625, 2.580078125, 2.673828125, 0.6826171875, 1.177734375, 0.80810546875, 0.177734375, 0.9248046875, 2.837890625, 1.0419921875, 1.7353515625, 2.341796875, 2.896484375, 1.5263671875, 2.81640625, 1.4208984375, 2.390625, 1.841796875, 2.404296875, 2.9453125, 2.908203125, 1.083984375, 2.92578125, 1.888671875, 2.810546875, 0.8623046875, 0.22265625, 0.6201171875, 0.85009765625, 2.728515625, 0.49560546875, 0.115234375, 2.451171875, 2.171875, 1.1220703125, 2.623046875, 2.203125, 1.8388671875, 0.7001953125, 1.5302734375, 0.6689453125, 2.4921875, 3.05859375, 1.4091796875, 0.078125, 1.96875, 1.8193359375, 0.7197265625, 2.623046875, 0.603515625, 1.3017578125], [2.451171875, 2.28125, 2.150390625, 2.4375, 1.912109375, 2.271484375, 0.412109375, 0.0, 0.5322265625, 1.3232421875, 2.166015625, 2.263671875, 0.2705078125, 1.58984375, 1.220703125, 0.58984375, 0.5126953125, 2.427734375, 0.6298828125, 1.3232421875, 1.927734375, 2.482421875, 1.1142578125, 3.0546875, 1.8330078125, 2.80078125, 1.427734375, 1.994140625, 2.923828125, 2.962890625, 1.49609375, 2.9453125, 1.474609375, 2.400390625, 0.4501953125, 0.189453125, 0.2080078125, 1.26171875, 2.314453125, 0.90771484375, 0.296875, 2.041015625, 2.58203125, 1.5341796875, 2.208984375, 2.615234375, 2.25, 1.1123046875, 1.9423828125, 0.2568359375, 2.90625, 2.646484375, 1.8212890625, 0.333984375, 2.380859375, 2.232421875, 1.1318359375, 2.208984375, 0.19140625, 1.7138671875], [2.982421875, 1.75, 2.68359375, 1.9052734375, 2.4453125, 2.8046875, 0.1201171875, 0.5322265625, 0.0, 1.85546875, 2.69921875, 2.794921875, 0.802734375, 1.05859375, 0.68798828125, 0.0576171875, 1.044921875, 2.958984375, 1.162109375, 1.85546875, 2.4609375, 3.015625, 1.646484375, 2.6953125, 1.30078125, 2.26953125, 1.962890625, 2.525390625, 2.826171875, 2.7890625, 0.96435546875, 2.8046875, 2.009765625, 2.931640625, 0.982421875, 0.3427734375, 0.740234375, 0.72998046875, 2.84765625, 0.37548828125, 0.2353515625, 2.572265625, 2.05078125, 1.001953125, 2.7421875, 2.083984375, 1.71875, 0.580078125, 1.41015625, 0.7890625, 2.373046875, 3.10546875, 1.2890625, 0.1982421875, 1.849609375, 1.69921875, 0.599609375, 2.7421875, 0.7236328125, 1.181640625], [1.126953125, 2.677734375, 0.830078125, 2.521484375, 0.587890625, 0.947265625, 1.7353515625, 1.3232421875, 1.85546875, 0.0, 0.845703125, 0.939453125, 1.052734375, 2.9140625, 2.54296875, 1.9130859375, 0.810546875, 1.103515625, 0.693359375, 0.0, 0.603515625, 1.158203125, 0.208984375, 1.732421875, 3.126953125, 2.158203125, 0.103515625, 0.669921875, 1.603515625, 1.638671875, 2.8203125, 1.623046875, 0.150390625, 1.076171875, 0.873046875, 1.5126953125, 1.115234375, 2.5859375, 0.994140625, 2.23046875, 1.6201171875, 0.716796875, 2.376953125, 2.857421875, 0.884765625, 2.34375, 2.708984375, 2.435546875, 3.017578125, 1.06640625, 2.056640625, 1.322265625, 3.138671875, 1.6572265625, 2.578125, 2.728515625, 2.455078125, 0.884765625, 1.1318359375, 3.037109375], [0.283203125, 1.833984375, 0.015625, 1.6787109375, 0.25390625, 0.10546875, 2.580078125, 2.166015625, 2.69921875, 0.845703125, 0.0, 0.095703125, 1.896484375, 2.525390625, 2.896484375, 2.755859375, 1.654296875, 0.259765625, 1.537109375, 0.845703125, 0.23828125, 0.31640625, 1.052734375, 0.8876953125, 2.283203125, 1.314453125, 0.73828125, 0.173828125, 0.7578125, 0.7958984375, 2.619140625, 0.7783203125, 0.69140625, 0.232421875, 1.716796875, 2.357421875, 1.958984375, 2.853515625, 0.1484375, 3.07421875, 2.462890625, 0.126953125, 1.533203125, 2.58203125, 0.04296875, 1.5, 1.865234375, 3.00390625, 2.173828125, 1.908203125, 1.2109375, 0.4794921875, 2.294921875, 2.501953125, 1.734375, 1.884765625, 2.984375, 0.04296875, 1.974609375, 2.40234375], [0.1875, 1.