{"name": "LZB_n60_3", "n": 60, "m": 8, "times": [[0.0, 48.875, 79.9375, 90.6875, 104.6875, 107.1875, 36.0, 65.125, 84.3125, 48.5, 69.625, 114.625, 25.171875, 37.0, 91.8125, 33.96875, 69.8125, 80.125, 17.796875, 85.625, 137.875, 29.0, 90.1875, 93.625, 54.09375, 108.25, 110.375, 97.5, 86.125, 37.9375, 61.96875, 76.0, 97.0, 90.4375, 38.59375, 67.6875, 71.5, 118.75, 99.4375, 106.5, 71.6875, 33.96875, 75.3125, 22.359375, 102.4375, 69.3125, 97.3125, 107.0625, 24.703125, 60.0, 128.875, 63.6875, 111.25, 102.1875, 94.875, 98.25, 40.375, 95.6875, 85.25, 43.125, 54.5625], [48.875, 0.0, 94.375, 100.375, 70.0, 155.625, 73.5, 89.75, 130.125, 37.1875, 110.375, 128.5, 70.5, 67.0625, 69.3125, 67.25, 90.125, 125.375, 54.125, 37.46875, 185.5, 28.171875, 41.34375, 99.8125, 11.3984375, 141.625, 111.0, 72.8125, 66.1875, 79.0625, 103.9375, 87.0, 60.40625, 108.25, 10.296875, 91.25, 47.4375, 78.1875, 98.3125, 88.25, 69.4375, 19.234375, 70.0, 41.34375, 96.75, 91.8125, 49.59375, 151.5, 24.84375, 106.8125, 128.125, 68.1875, 124.875, 123.6875, 108.0625, 80.9375, 15.8125, 129.125, 48.03125, 73.1875, 30.0], [79.9375, 94.375, 0.0, 170.625, 90.125, 142.75, 112.5625, 144.0, 138.125, 57.9375, 137.0, 35.34375, 67.1875, 116.3125, 63.90625, 112.6875, 13.0390625, 81.4375, 62.25, 111.1875, 175.5, 98.3125, 120.8125, 18.6875, 105.5625, 60.15625, 189.5, 69.4375, 58.53125, 56.3125, 60.09375, 155.875, 154.75, 14.3203125, 89.0625, 146.75, 64.0, 110.75, 32.25, 178.5, 32.125, 96.0625, 35.6875, 99.625, 179.75, 148.5, 117.125, 161.375, 87.8125, 116.125, 207.875, 142.25, 31.828125, 180.5, 174.75, 57.46875, 78.75, 51.09375, 86.125, 39.5625, 68.6875], [90.6875, 100.375, 170.625, 0.0, 170.125, 133.125, 63.40625, 33.625, 98.125, 128.125, 70.4375, 205.25, 108.875, 55.875, 168.25, 60.09375, 160.375, 149.0, 108.4375, 128.125, 149.0, 78.1875, 124.75, 183.5, 93.0, 192.0, 24.734375, 172.5, 164.25, 123.0625, 141.25, 14.765625, 88.0, 181.0, 96.6875, 31.015625, 145.875, 175.5, 187.5, 55.46875, 158.25, 84.9375, 160.875, 72.0, 31.015625, 28.796875, 139.125, 105.5625, 88.5625, 91.0625, 41.1875, 32.25, 202.0, 31.828125, 9.4375, 178.5, 107.6875, 180.125, 148.125, 133.25, 126.875], [104.6875, 70.0, 90.125, 170.125, 0.0, 206.875, 137.875, 158.875, 188.375, 57.6875, 173.875, 111.0, 115.0, 133.875, 26.46875, 133.0, 95.75, 158.625, 97.9375, 49.25, 239.25, 96.1875, 58.25, 81.5, 77.3125, 150.25, 178.75, 22.0, 31.625, 115.25, 134.5, 157.0, 108.8125, 102.8125, 75.8125, 160.5, 34.84375, 20.609375, 70.0, 148.75, 59.09375, 87.6875, 54.78125, 107.6875, 163.0, 161.25, 45.28125, 211.5, 88.5, 163.875, 194.75, 138.0, 108.0625, 193.625, 178.0, 37.125, 67.1875, 140.375, 22.0, 99.25, 50.15625], [107.1875, 155.625, 142.75, 133.125, 206.875, 0.0, 89.3125, 102.25, 35.0, 149.25, 63.03125, 162.75, 91.8125, 99.9375, 187.875, 96.9375, 130.0, 65.0, 109.25, 192.75, 33.09375, 130.75, 196.875, 161.375, 158.875, 116.125, 157.5, 194.25, 181.5, 93.125, 82.6875, 126.1875, 191.875, 142.375, 145.375, 104.125, 172.0, 223.375, 174.25, 180.75, 157.375, 138.375, 162.375, 117.8125, 162.125, 106.0625, 204.5, 37.65625, 130.75, 50.5625, 171.0, 131.625, 161.0, 114.75, 128.75, 189.25, 147.25, 111.0625, 189.875, 111.375, 158.625], [36.0, 73.5, 112.5625, 63.40625, 137.875, 89.3125, 0.0, 32.1875, 58.8125, 83.75, 36.90625, 145.875, 46.875, 11.046875, 127.125, 7.6171875, 101.0625, 87.0625, 51.40625, 110.625, 115.6875, 45.59375, 112.5625, 127.75, 73.5625, 128.5, 86.625, 132.625, 121.6875, 60.59375, 77.8125, 50.25, 102.5, 121.25, 64.5, 35.0, 106.125, 149.875, 134.75, 96.3125, 107.5625, 54.40625, 111.3125, 32.1875, 83.8125, 37.0, 122.8125, 78.5, 50.09375, 38.90625, 104.3125, 46.53125, 142.625, 68.0, 65.0625, 134.125, 70.9375, 116.875, 117.1875, 73.375, 88.0625], [65.125, 89.75, 144.0, 33.625, 158.875, 102.25, 32.1875, 0.0, 67.5, 109.3125, 39.3125, 177.75, 79.0625, 28.15625, 152.0, 31.390625, 132.875, 115.625, 82.0625, 123.6875, 121.75, 62.65625, 123.0, 158.625, 85.8125, 160.0, 58.1875, 157.0, 147.125, 92.8125, 109.0625, 24.0, 98.875, 153.125, 83.0, 2.828125, 130.0, 167.875, 164.5, 79.0625, 136.375, 71.1875, 139.625, 52.0, 60.03125, 5.0, 135.625, 79.3125, 71.0625, 57.71875, 74.6875, 33.0, 174.5, 37.09375, 33.40625, 160.5, 92.25, 148.5, 137.125, 105.1875, 111.0625], [84.3125, 130.125, 138.125, 98.125, 188.375, 35.0, 58.8125, 67.5, 0.0, 131.0, 28.15625, 164.25, 76.25, 68.625, 172.75, 66.3125, 125.0625, 73.8125, 91.375, 167.625, 56.9375, 103.3125, 170.5, 156.375, 131.75, 126.6875, 122.5, 178.875, 166.625, 82.75, 82.1875, 91.375, 160.125, 141.25, 120.4375, 69.25, 154.25, 203.0, 167.375, 146.375, 145.75, 111.75, 150.375, 89.9375, 127.125, 71.1875, 179.75, 23.765625, 105.5625, 24.59375, 136.25, 97.8125, 161.875, 81.0, 93.875, 176.5, 124.375, 118.625, 169.5, 101.25, 138.625], [48.5, 37.1875, 57.9375, 128.125, 57.6875, 149.25, 83.75, 109.3125, 131.0, 0.0, 118.125, 91.4375, 57.5, 82.0, 43.40625, 80.125, 55.59375, 105.1875, 40.21875, 56.21875, 181.625, 49.96875, 65.0, 62.625, 48.59375, 110.0, 142.625, 49.03125, 38.0625, 59.40625, 81.375, 113.625, 97.125, 72.125, 34.21875, 111.4375, 23.265625, 74.25, 62.0, 124.5, 32.5625, 44.28125, 33.84375, 57.5625, 130.125, 112.625, 64.75, 154.375, 39.5625, 106.4375, 160.625, 96.5625, 87.8125, 146.0, 134.375, 51.25, 22.671875, 98.125, 41.21875, 46.25, 12.1640625], [69.625, 110.375, 137.0, 70.4375, 173.875, 63.03125, 36.90625, 39.3125, 28.15625, 118.125, 0.0, 167.0, 70.25, 44.5625, 161.25, 43.40625, 124.3125, 87.6875, 81.375, 147.375, 83.375, 82.4375, 149.0, 154.0, 110.125, 137.875, 95.0625, 167.125, 155.5, 80.8125, 88.5625, 63.1875, 134.0, 142.875, 101.375, 41.125, 141.125, 186.5, 163.125, 118.25, 138.25, 91.25, 142.5, 69.0625, 99.0625, 43.03125, 159.625, 42.8125, 86.8125, 25.5, 109.625, 70.25, 164.25, 57.125, 66.9375, 167.0, 107.375, 127.9375, 153.5, 97.75, 123.6875], [114.625, 128.5, 35.34375, 205.25, 111.0, 162.75, 145.875, 177.75, 164.25, 91.4375, 167.0, 0.0, 99.3125, 150.375, 85.0625, 146.625, 44.9375, 97.875, 96.8125, 141.125, 194.125, 133.625, 151.125, 30.8125, 139.875, 56.3125, 224.625, 89.0, 81.375, 86.75, 82.25, 190.625, 188.5, 24.59375, 123.8125, 180.5, 92.4375, 131.125, 41.125, 213.75, 61.09375, 131.25, 62.65625, 134.875, 215.125, 182.375, 145.375, 186.5, 123.125, 144.375, 243.0, 177.5, 3.60546875, 213.75, 209.125, 74.1875, 113.1875, 54.4375, 112.8125, 72.5625, 101.0625], [25.171875, 70.5, 67.1875, 108.875, 115.0, 91.8125, 46.875, 79.0625, 76.25, 57.5, 70.25, 99.3125, 0.0, 53.03125, 97.0625, 48.84375, 55.03125, 55.4375, 17.796875, 105.125, 124.25, 54.09375, 111.0625, 83.875, 77.4375, 84.75, 130.625, 103.3125, 90.8125, 14.2109375, 36.875, 94.8125, 122.0625, 74.75, 60.4375, 81.8125, 80.1875, 131.625, 93.0, 130.75, 69.625, 58.21875, 74.1875, 46.84375, 124.5625, 83.8125, 116.125, 100.0, 48.375, 52.1875, 148.875, 85.4375, 96.25, 114.5, 111.5, 100.25, 58.59375, 72.375, 98.3125, 27.65625, 67.1875], [37.0, 67.0625, 116.3125, 55.875, 133.875, 99.9375, 11.046875, 28.15625, 68.625, 82.0, 44.5625, 150.375, 53.03125, 0.0, 125.125, 4.47265625, 105.5, 97.0625, 54.125, 103.4375, 125.5625, 38.90625, 104.625, 130.5, 65.8125, 136.625, 78.0, 130.375, 120.0, 67.1875, 86.3125, 41.875, 91.9375, 125.9375, 58.875, 30.671875, 103.5, 144.625, 136.375, 85.5, 108.25, 47.84375, 111.625, 26.25, 73.9375, 32.3125, 115.6875, 87.125, 45.34375, 49.71875, 96.0625, 35.90625, 147.125, 65.25, 58.8125, 133.125, 66.6875, 124.625, 112.625, 77.9375, 84.875], [91.8125, 69.3125, 63.90625, 168.25, 26.46875, 187.875, 127.125, 152.0, 172.75, 43.40625, 161.25, 85.0625, 97.0625, 125.125, 0.0, 123.375, 70.3125, 135.75, 81.375, 62.8125, 220.75, 90.6875, 73.0, 55.15625, 79.1875, 124.0625, 180.25, 6.40234375, 6.40234375, 94.875, 111.75, 154.25, 119.75, 76.375, 71.5625, 154.0, 22.359375, 47.0625, 44.40625, 155.5, 33.84375, 83.375, 29.15625, 100.0, 166.0, 155.125, 63.5, 196.25, 81.125, 148.25, 197.5, 136.125, 82.0, 188.375, 175.25, 13.6015625, 60.65625, 114.5625, 31.0625, 77.4375, 41.4375], [33.96875, 67.25, 112.6875, 60.09375, 133.0, 96.9375, 7.6171875, 31.390625, 66.3125, 80.125, 43.40625, 146.625, 48.84375, 4.47265625, 123.375, 0.0, 101.6875, 92.625, 50.6875, 104.0625, 123.1875, 39.125, 105.625, 127.25, 66.6875, 132.25, 82.4375, 128.75, 118.125, 62.9375, 81.8125, 46.21875, 94.9375, 122.125, 58.59375, 34.0, 101.9375, 144.25, 133.375, 89.6875, 105.5625, 48.03125, 109.0625, 25.9375, 78.375, 35.78125, 116.25, 85.5625, 44.59375, 46.5, 100.4375, 40.25, 143.375, 68.3125, 62.8125, 131.0, 65.8125, 120.25, 111.9375, 74.125, 83.5625], [69.8125, 90.125, 13.0390625, 160.375, 95.75, 130.0, 101.0625, 132.875, 125.0625, 55.59375, 124.3125, 44.9375, 55.03125, 105.5, 70.3125, 101.6875, 0.0, 69.625, 52.0, 111.0625, 162.875, 90.625, 120.25, 31.578125, 101.0, 55.71875, 180.0, 76.3125, 64.4375, 43.5625, 47.53125, 145.75, 150.375, 20.609375, 83.6875, 135.625, 66.3125, 116.0625, 44.375, 171.5, 36.6875, 89.375, 41.1875, 90.5, 171.125, 137.375, 118.1875, 148.375, 80.4375, 103.25, 198.5, 133.0, 41.6875, 169.125, 164.25, 65.9375, 74.3125, 44.9375, 88.8125, 27.734375, 67.25], [80.125, 125.375, 81.4375, 149.0, 158.625, 65.0, 87.0625, 115.625, 73.8125, 105.1875, 87.6875, 97.875, 55.4375, 97.0625, 135.75, 92.625, 69.625, 0.0, 71.3125, 158.25, 96.3125, 109.0625, 165.125, 99.75, 132.875, 53.15625, 173.125, 142.125, 129.5, 46.8125, 24.203125, 136.875, 177.0, 78.75, 115.5, 118.3125, 124.875, 177.625, 113.625, 181.5, 102.5625, 113.625, 107.5625, 100.1875, 170.875, 120.5625, 168.5, 93.0, 103.8125, 62.21875, 190.125, 132.875, 96.3125, 143.875, 148.75, 134.125, 112.25, 46.375, 146.0, 59.625, 116.75], [17.796875, 54.125, 62.25, 108.4375, 97.9375, 109.25, 51.40625, 82.0625, 91.375, 40.21875, 81.375, 96.8125, 17.796875, 54.125, 81.375, 50.6875, 52.0, 71.3125, 0.0, 87.6875, 141.375, 42.375, 94.0, 76.5625, 62.125, 92.6875, 128.125, 87.4375, 75.25, 25.078125, 50.09375, 93.8125, 108.875, 72.625, 44.40625, 84.6875, 63.28125, 114.125, 83.375, 122.5625, 57.0, 44.40625, 61.125, 39.21875, 119.875, 86.375, 98.5, 114.9375, 34.375, 66.875, 146.625, 81.3125, 93.5, 118.9375, 112.5, 85.9375, 41.21875, 80.0625, 80.6875, 25.609375, 49.5], [85.625, 37.46875, 111.1875, 128.125, 49.25, 192.75, 110.625, 123.6875, 167.625, 56.21875, 147.375, 141.125, 105.125, 103.4375, 62.8125, 104.0625, 111.0625, 158.25, 87.6875, 0.0, 222.875, 65.0, 10.296875, 110.375, 38.0, 166.125, 133.125, 62.96875, 63.28125, 111.4375, 135.375, 116.5, 59.53125, 125.4375, 47.4375, 124.8125, 48.71875, 48.15625, 103.8125, 100.3125, 80.25, 56.21875, 78.4375, 78.4375, 116.625, 125.0, 12.203125, 188.875, 62.25, 144.25, 148.25, 97.3125, 137.625, 155.0, 136.75, 76.375, 46.53125, 154.375, 31.890625, 101.4375, 44.09375], [137.875, 185.5, 175.5, 149.0, 239.25, 33.09375, 115.6875, 121.75, 56.9375, 181.625, 83.375, 194.125, 124.25, 125.5625, 220.75, 123.1875, 162.875, 96.3125, 141.375, 222.875, 0.0, 159.5, 226.375, 194.125, 187.875, 145.0, 172.0, 227.125, 214.375, 126.1875, 115.4375, 144.75, 216.875, 174.625, 175.5, 123.0625, 204.5, 255.375, 207.125, 200.625, 190.5, 167.625, 195.5, 146.25, 179.5, 124.75, 234.875, 43.40625, 160.75, 78.75, 183.0, 153.625, 192.625, 125.0, 142.875, 222.25, 178.25, 141.375, 221.75, 144.5, 190.5], [29.0, 28.171875, 98.3125, 78.1875, 96.1875, 130.75, 45.59375, 62.65625, 103.3125, 49.96875, 82.4375, 133.625, 54.09375, 38.90625, 90.6875, 39.125, 90.625, 109.0625, 42.375, 65.0, 159.5, 0.0, 67.1875, 108.4375, 28.421875, 135.125, 93.125, 95.25, 86.3125, 66.125, 90.6875, 63.78125, 68.0, 110.75, 20.390625, 64.375, 68.375, 105.9375, 110.625, 81.0, 81.0, 8.9453125, 83.1875, 13.453125, 81.8125, 65.1875, 77.1875, 124.0, 10.8203125, 80.8125, 111.3125, 46.625, 130.125, 98.0, 84.75, 100.4375, 30.0625, 122.4375, 74.5, 67.0625, 49.25], [90.1875, 41.34375, 120.8125, 124.75, 58.25, 196.875, 112.5625, 123.0, 170.5, 65.0, 149.0, 151.125, 111.0625, 104.625, 73.0, 105.625, 120.25, 165.125, 94.0, 10.296875, 226.375, 67.1875, 0.0, 120.5, 38.9375, 175.0, 128.0, 73.0, 73.5625, 118.3125, 142.625, 113.875, 51.09375, 135.125, 51.625, 123.875, 58.875, 54.5625, 114.0625, 93.1875, 90.25, 58.78125, 88.5625, 80.625, 111.0625, 123.9375, 15.1328125, 191.0, 66.0, 147.625, 142.375, 94.875, 147.75, 152.75, 133.625, 86.625, 52.8125, 163.125, 42.0, 109.3125, 53.03125], [93.625, 99.8125, 18.6875, 183.5, 81.5, 161.375, 127.75, 158.625, 156.375, 62.625, 154.0, 30.8125, 83.875, 130.5, 55.15625, 127.25, 31.578125, 99.75, 76.5625, 110.375, 194.125, 108.4375, 120.5, 0.0, 111.1875, 72.9375, 201.125, 59.6875, 51.0, 74.0, 78.75, 168.75, 159.25, 24.203125, 96.1875, 161.125, 61.6875, 101.9375, 14.8671875, 186.75, 30.890625, 104.8125, 31.953125, 111.625, 190.25, 162.875, 114.5625, 179.75, 97.625, 134.0, 219.375, 154.0, 27.453125, 195.5, 188.25, 45.59375, 85.0625, 65.875, 82.0625, 56.3125, 71.375], [54.09375, 11.3984375, 105.5625, 93.0, 77.3125, 158.875, 73.5625, 85.8125, 131.75, 48.59375, 110.125, 139.875, 77.4375, 65.8125, 79.1875, 66.6875, 101.0, 132.875, 62.125, 38.0, 187.875, 28.421875, 38.9375, 111.1875, 0.0, 151.625, 101.875, 82.25, 76.5625, 87.1875, 112.1875, 80.3125, 49.40625, 119.4375, 18.109375, 87.0, 57.8125, 83.0, 109.625, 77.1875, 80.8125, 20.59375, 81.3125, 41.78125, 87.0, 87.25, 50.125, 152.125, 29.40625, 109.1875, 118.625, 61.125, 136.25, 118.0625, 101.125, 91.3125, 26.828125, 139.125, 55.4375, 82.875, 41.125], [108.25, 141.625, 60.15625, 192.0, 150.25, 116.125, 128.5, 160.0, 126.6875, 110.0, 137.875, 56.3125, 84.75, 136.625, 124.0625, 132.25, 55.71875, 53.15625, 92.6875, 166.125, 145.0, 135.125, 175.0, 72.9375, 151.625, 0.0, 214.625, 129.625, 118.625, 70.6875, 50.9375, 178.375, 200.375, 48.875, 133.5, 162.75, 122.0, 170.75, 87.6875, 214.75, 91.5, 136.375, 95.5, 130.625, 209.25, 165.0, 173.75, 146.125, 126.5, 112.625, 232.625, 170.125, 56.40625, 192.0, 193.375, 117.1875, 126.0, 12.6484375, 144.5, 68.875, 122.0625], [110.375, 111.0, 189.5, 24.734375, 178.75, 157.5, 86.625, 58.1875, 122.5, 142.625, 95.0625, 224.625, 130.625, 78.0, 180.25, 82.4375, 180.0, 173.125, 128.125, 133.125, 172.0, 93.125, 128.0, 201.125, 101.875, 214.625, 0.0, 183.75, 176.875, 144.75, 164.25, 36.34375, 83.9375, 200.625, 109.375, 55.65625, 158.125, 181.375, 203.75, 43.03125, 174.125, 98.4375, 176.25, 89.8125, 17.71875, 53.4375, 143.0, 128.5, 103.9375, 115.8125, 18.4375, 47.1875, 221.125, 49.03125, 29.0625, 191.5, 120.9375, 202.625, 157.125, 153.5, 139.625], [97.5, 72.8125, 69.4375, 172.5, 22.0, 194.25, 132.625, 157.0, 178.875, 49.03125, 167.125, 89.0, 103.3125, 130.375, 6.40234375, 128.75, 76.3125, 142.125, 87.4375, 62.96875, 227.125, 95.25, 73.0, 59.6875, 82.25, 129.625, 183.75, 0.0, 12.8046875, 101.25, 118.0625, 158.5, 121.0625, 81.625, 75.8125, 159.0, 27.0, 42.28125, 48.0, 158.0, 40.0, 87.6875, 35.21875, 105.0, 169.25, 160.0, 62.4375, 202.375, 86.0, 154.375, 200.75, 140.25, 86.0625, 193.125, 179.625, 15.296875, 65.1875, 120.3125, 31.109375, 83.875, 46.03125], [86.125, 66.1875, 58.53125, 164.25, 31.625, 181.5, 121.6875, 147.125, 166.625, 38.0625, 155.5, 81.375, 90.8125, 120.0, 6.40234375, 118.125, 64.4375, 129.5, 75.25, 63.28125, 214.375, 86.3125, 73.5625, 51.0, 76.5625, 118.625, 176.875, 12.8046875, 0.0, 88.5, 105.375, 150.0, 118.8125, 71.375, 67.75, 149.25, 18.78125, 52.1875, 41.5, 153.375, 27.78125, 79.3125, 23.265625, 95.1875, 163.0, 150.375, 65.1875, 190.25, 76.5, 142.125, 194.25, 132.125, 78.25, 183.625, 171.0, 14.765625, 56.5, 108.875, 32.3125, 71.0625, 37.375], [37.9375, 79.0625, 56.3125, 123.0625, 115.25, 93.125, 60.59375, 92.8125, 82.75, 59.40625, 80.8125, 86.75, 14.2109375, 67.1875, 94.875, 62.9375, 43.5625, 46.8125, 25.078125, 111.4375, 126.1875, 66.125, 118.3125, 74.0, 87.1875, 70.6875, 144.75, 101.25, 88.5, 0.0, 25.015625, 109.0, 133.5, 62.3125, 69.4375, 95.625, 80.625, 133.25, 84.5625, 144.25, 64.5, 69.125, 69.375, 60.15625, 138.625, 97.625, 121.75, 106.375, 59.0625, 60.0, 163.0, 99.5625, 83.8125, 127.75, 125.5, 96.125, 65.5, 58.3125, 100.625, 18.6875, 70.5], [61.96875, 103.9375, 60.09375, 141.25, 134.5, 82.6875, 77.8125, 109.0625, 82.1875, 81.375, 88.5625, 82.25, 36.875, 86.3125, 111.75, 81.8125, 47.53125, 24.203125, 50.09375, 135.375, 115.4375, 90.6875, 142.625, 78.75, 112.1875, 50.9375, 164.25, 118.0625, 105.375, 25.015625, 0.0, 127.875, 158.375, 60.21875, 94.4375, 111.875, 100.6875, 153.5, 91.9375, 167.25, 78.75, 94.0625, 83.75, 83.6875, 159.75, 114.0, 145.25, 104.3125, 84.0, 64.0625, 182.0, 120.75, 80.0625, 141.375, 142.375, 110.4375, 90.0, 39.8125, 121.9375, 35.5, 93.125], [76.0, 87.0, 155.875, 14.765625, 157.0, 126.1875, 50.25, 24.0, 91.375, 113.625, 63.1875, 190.625, 94.8125, 41.875, 154.25, 46.21875, 145.75, 136.875, 93.8125, 116.5, 144.75, 63.78125, 113.875, 168.75, 80.3125, 178.375, 36.34375, 158.5, 150.0, 109.0, 127.875, 0.0, 81.5625, 166.375, 82.75, 22.09375, 131.875, 163.25, 172.75, 55.96875, 143.5, 70.875, 146.125, 57.28125, 36.0625, 20.21875, 127.8125, 101.8125, 74.0625, 81.1875, 54.21875, 19.234375, 187.25, 39.0, 21.09375, 164.25, 93.5625, 166.5, 135.0, 118.6875, 112.8125], [97.0, 60.40625, 154.75, 88.0, 108.8125, 191.875, 102.5, 98.875, 160.125, 97.125, 134.0, 188.5, 122.0625, 91.9375, 119.75, 94.9375, 150.375, 177.0, 108.875, 59.53125, 216.875, 68.0, 51.09375, 159.25, 49.40625, 200.375, 83.9375, 121.0625, 118.8125, 133.5, 158.375, 81.5625, 0.0, 168.625, 67.0625, 98.625, 101.25, 105.3125, 156.0, 44.0, 128.375, 64.5, 128.25, 77.625, 66.25, 97.75, 65.8125, 176.5, 74.5625, 141.375, 95.5, 65.9375, 185.0, 119.25, 97.4375, 133.0, 76.1875, 187.75, 90.1875, 131.5, 87.9375], [90.4375, 108.25, 14.3203125, 181.0, 102.8125, 142.375, 121.25, 153.125, 141.25, 72.125, 142.875, 24.59375, 74.75, 125.9375, 76.375, 122.125, 20.609375, 78.75, 72.625, 125.4375, 174.625, 110.75, 135.125, 24.203125, 119.4375, 48.875, 200.625, 81.625, 71.375, 62.3125, 60.21875, 166.375, 168.625, 0.0, 102.5625, 155.875, 78.0625, 123.4375, 39.0625, 191.375, 46.0, 109.0625, 49.15625, 111.0625, 191.625, 157.75, 131.25, 164.0, 100.4375, 120.6875, 219.125, 153.625, 21.546875, 189.125, 184.75, 68.5625, 92.5625, 41.71875, 100.0, 48.03125, 83.0], [38.59375, 10.296875, 89.0625, 96.6875, 75.8125, 145.375, 64.5, 83.0, 120.4375, 34.21875, 101.375, 123.8125, 60.4375, 58.875, 71.5625, 58.59375, 83.6875, 115.5, 44.40625, 47.4375, 175.5, 20.390625, 51.625, 96.1875, 18.109375, 133.5, 109.375, 75.8125, 67.75, 69.4375, 94.4375, 82.75, 67.0625, 102.5625, 0.0, 84.6875, 49.25, 85.8125, 96.1875, 90.5, 66.6875, 12.0, 68.0, 32.6875, 96.25, 85.5, 59.40625, 142.0, 14.8671875, 96.875, 127.0625, 64.5625, 120.1875, 118.0625, 103.8125, 82.25, 11.6640625, 121.0, 54.125, 64.75, 30.359375], [67.6875, 91.25, 146.75, 31.015625, 160.5, 104.125, 35.0, 2.828125, 69.25, 111.4375, 41.125, 180.5, 81.8125, 30.671875, 154.0, 34.0, 135.625, 118.3125, 84.6875, 124.8125, 123.0625, 64.375, 123.875, 161.125, 87.0, 162.75, 55.65625, 159.0, 149.25, 95.625, 111.875, 22.09375, 98.625, 155.875, 84.6875, 0.0, 132.0, 169.25, 167.0, 77.625, 138.75, 72.8125, 142.0, 54.03125, 58.0, 2.236328125, 136.75, 80.4375, 73.0, 60.15625, 72.0, 32.65625, 177.25, 34.71875, 30.609375, 162.75, 94.125, 151.375, 138.75, 107.9375, 113.0], [71.5, 47.4375, 64.0, 145.875, 34.84375, 172.0, 106.125, 130.0, 154.25, 23.265625, 141.125, 92.4375, 80.1875, 103.5, 22.359375, 101.9375, 66.3125, 124.875, 63.28125, 48.71875, 204.5, 68.375, 58.875, 61.6875, 57.8125, 122.0, 158.125, 27.0, 18.78125, 80.625, 100.6875, 131.875, 101.25, 78.0625, 49.25, 132.0, 0.0, 52.8125, 55.5625, 134.75, 32.125, 61.0, 29.828125, 78.0, 144.125, 133.0, 53.34375, 177.625, 59.0, 129.75, 175.5, 113.75, 89.0, 166.125, 152.875, 33.53125, 38.3125, 111.0625, 22.5625, 65.1875, 19.109375], [118.75, 78.1875, 110.75, 175.5, 20.609375, 223.375, 149.875, 167.875, 203.0, 74.25, 186.5, 131.125, 131.625, 144.625, 47.0625, 144.25, 116.0625, 177.625, 114.125, 48.15625, 255.375, 105.9375, 54.5625, 101.9375, 83.0, 170.75, 181.375, 42.28125, 52.1875, 133.25, 153.5, 163.25, 105.3125, 123.4375, 85.8125, 169.25, 52.8125, 0.0, 90.0625, 147.75, 79.5, 97.0625, 75.25, 118.5, 164.75, 169.75, 39.5625, 225.75, 99.8125, 178.625, 196.375, 144.0, 128.375, 201.125, 183.875, 57.03125, 79.1875, 160.875, 33.59375, 118.0, 64.8125], [99.4375, 98.3125, 32.25, 187.5, 70.0, 174.25, 134.75, 164.5, 167.375, 62.0, 163.125, 41.125, 93.0, 136.375, 44.40625, 133.375, 44.375, 113.625, 83.375, 103.8125, 207.125, 110.625, 114.0625, 14.8671875, 109.625, 87.6875, 203.75, 48.0, 41.5, 84.5625, 91.9375, 172.75, 156.0, 39.0625, 96.1875, 167.0, 55.5625, 90.0625, 0.0, 186.375, 29.6875, 105.9375, 28.3125, 115.5625, 191.875, 168.625, 106.5625, 190.875, 99.875, 144.375, 221.875, 157.0, 38.3125, 201.625, 193.0, 33.0625, 84.625, 80.75, 73.6875, 66.1875, 68.625], [106.5, 88.25, 178.5, 55.46875, 148.75, 180.75, 96.3125, 79.0625, 146.375, 124.5, 118.25, 213.75, 130.75, 85.5, 155.5, 89.6875, 171.5, 181.5, 122.5625, 100.3125, 200.625, 81.0, 93.1875, 186.75, 77.1875, 214.75, 43.03125, 158.0, 153.375, 144.25, 167.25, 55.96875, 44.0, 191.375, 90.5, 77.625, 134.75, 147.75, 186.375, 0.0, 157.125, 82.4375, 158.0, 84.1875, 26.25, 75.9375, 108.25, 157.75, 91.0, 133.0, 51.96875, 50.0, 210.125, 86.8125, 64.1875, 168.125, 101.875, 202.25, 128.5, 147.875, 118.25], [71.6875, 69.4375, 32.125, 158.25, 59.09375, 157.375, 107.5625, 136.375, 145.75, 32.5625, 138.25, 61.09375, 69.625, 108.25, 33.84375, 105.5625, 36.6875, 102.5625, 57.0, 80.25, 190.5, 81.0, 90.25, 30.890625, 80.8125, 91.5, 174.125, 40.0, 27.78125, 64.5, 78.75, 143.5, 128.375, 46.0, 66.6875, 138.75, 32.125, 79.5, 29.6875, 157.125, 0.0, 76.25, 5.0, 86.375, 162.25, 140.125, 85.5, 169.5, 70.25, 121.8125, 192.25, 127.4375, 57.59375, 173.5, 163.875, 31.90625, 55.21875, 81.375, 54.03125, 46.0625, 40.5], [33.96875, 19.234375, 96.0625, 84.9375, 87.6875, 138.375, 54.40625, 71.1875, 111.75, 44.28125, 91.25, 131.25, 58.21875, 47.84375, 83.375, 48.03125, 89.375, 113.625, 44.40625, 56.21875, 167.625, 8.9453125, 58.78125, 104.8125, 20.59375, 136.375, 98.4375, 87.6875, 79.3125, 69.125, 94.0625, 70.875, 64.5, 109.0625, 12.0, 72.8125, 61.0, 97.0625, 105.9375, 82.4375, 76.25, 0.0, 78.0625, 22.203125, 86.0, 73.5625, 68.4375, 132.625, 10.046875, 88.875, 116.3125, 52.875, 127.6875, 106.0625, 91.9375, 93.6875, 22.796875, 123.75, 65.9375, 67.6875, 41.96875], [75.3125, 70.0, 35.6875, 160.875, 54.78125, 162.375, 111.3125, 139.625, 150.375, 33.84375, 142.5, 62.65625, 74.1875, 111.625, 29.15625, 109.0625, 41.1875, 107.5625, 61.125, 78.4375, 195.5, 83.1875, 88.5625, 31.953125, 81.3125, 95.5, 176.25, 35.21875, 23.265625, 69.375, 83.75, 146.125, 128.25, 49.15625, 68.0, 142.0, 29.828125, 75.25, 28.3125, 158.0, 5.0, 78.0625, 0.0, 89.1875, 164.0, 143.375, 83.0, 174.125, 72.5, 126.375, 194.25, 129.75, 59.1875, 176.75, 166.625, 26.921875, 56.40625, 85.625, 51.03125, 51.0, 40.46875], [22.359375, 41.34375, 99.625, 72.0, 107.6875, 117.8125, 32.1875, 52.0, 89.9375, 57.5625, 69.0625, 134.875, 46.84375, 26.25, 100.0, 25.9375, 90.5, 100.1875, 39.21875, 78.4375, 146.25, 13.453125, 80.625, 111.625, 41.78125, 130.625, 89.8125, 105.0, 95.1875, 60.15625, 83.6875, 57.28125, 77.625, 111.0625, 32.6875, 54.03125, 78.0, 118.5, 115.5625, 84.1875, 86.375, 22.203125, 89.1875, 0.0, 80.75, 55.15625, 90.625, 110.5625, 19.234375, 67.6875, 108.25, 42.625, 131.375, 88.4375, 77.5, 108.75, 40.59375, 118.0625, 86.375, 64.8125, 59.125], [102.4375, 96.75, 179.75, 31.015625, 163.0, 162.125, 83.8125, 60.03125, 127.125, 130.125, 99.0625, 215.125, 124.5625, 73.9375, 166.0, 78.375, 171.125, 170.875, 119.875, 116.625, 179.5, 81.8125, 111.0625, 190.25, 87.0, 209.25, 17.71875, 169.25, 163.0, 138.625, 159.75, 36.0625, 66.25, 191.625, 96.25, 58.0, 144.125, 164.75, 191.875, 26.25, 162.25, 86.0, 164.0, 80.75, 0.0, 56.0, 126.125, 136.125, 92.625, 117.125, 31.78125, 39.125, 211.625, 61.28125, 38.9375, 177.75, 107.9375, 197.0, 141.625, 145.5, 126.125], [69.3125, 91.8125, 148.5, 28.796875, 161.25, 106.0625, 37.0, 5.0, 71.1875, 112.625, 43.03125, 182.375, 83.8125, 32.3125, 155.125, 35.78125, 137.375, 120.5625, 86.375, 125.0, 124.75, 65.1875, 123.9375, 162.875, 87.25, 165.0, 53.4375, 160.0, 150.375, 97.625, 114.0, 20.21875, 97.75, 157.75, 85.5, 2.236328125, 133.0, 169.75, 168.625, 75.9375, 140.125, 73.5625, 143.375, 55.15625, 56.0, 0.0, 136.875, 81.9375, 74.0, 62.375, 69.75, 31.828125, 179.125, 33.375, 28.421875, 163.875, 95.0625, 153.5, 139.5, 109.75, 114.0], [97.3125, 49.59375, 117.125, 139.125, 45.28125, 204.5, 122.8125, 135.625, 179.75, 64.75, 159.625, 145.375, 116.125, 115.6875, 63.5, 116.25, 118.1875, 168.5, 98.5, 12.203125, 234.875, 77.1875, 15.1328125, 114.5625, 50.125, 173.75, 143.0, 62.4375, 65.1875, 121.75, 145.25, 127.8125, 65.8125, 131.25, 59.40625, 136.75, 53.34375, 39.5625, 106.5625, 108.25, 85.5, 68.4375, 83.0, 90.625, 126.125, 136.875, 0.0, 201.0, 74.25, 156.25, 157.5, 108.6875, 142.0, 166.5, 147.875, 76.9375, 57.6875, 162.25, 32.90625, 110.75, 52.625], [107.0625, 151.5, 161.375, 105.5625, 211.5, 37.65625, 78.5, 79.3125, 23.765625, 154.375, 42.8125, 186.5, 100.0, 87.125, 196.25, 85.5625, 148.375, 93.0, 114.9375, 188.875, 43.40625, 124.0, 191.0, 179.75, 152.125, 146.125, 128.5, 202.375, 190.25, 106.375, 104.3125, 101.8125, 176.5, 164.0, 142.0, 80.4375, 177.625, 225.75, 190.875, 157.75, 169.5, 132.625, 174.125, 110.5625, 136.125, 81.9375, 201.0, 0.0, 127.1875, 48.09375, 140.0, 111.8125, 184.375, 82.125, 99.5, 200.25, 146.75, 139.0, 192.25, 124.9375, 161.5], [24.703125, 24.84375, 87.8125, 88.5625, 88.5, 130.75, 50.09375, 71.0625, 105.5625, 39.5625, 86.8125, 123.125, 48.375, 45.34375, 81.125, 44.59375, 80.4375, 103.8125, 34.375, 62.25, 160.75, 10.8203125, 66.0, 97.625, 29.40625, 126.5, 103.9375, 86.0, 76.5, 59.0625, 84.0, 74.0625, 74.5625, 100.4375, 14.8671875, 73.0, 59.0, 99.8125, 99.875, 91.0, 70.25, 10.046875, 72.5, 19.234375, 92.625, 74.0, 74.25, 127.1875, 0.0, 82.0625, 122.125, 57.28125, 119.5625, 107.1875, 94.8125, 90.4375, 21.375, 113.875, 67.375, 57.9375, 40.0], [60.0, 106.8125, 116.125, 91.0625, 163.875, 50.5625, 38.90625, 57.71875, 24.59375, 106.4375, 25.5, 144.375, 52.1875, 49.71875, 148.25, 46.5, 103.25, 62.21875, 66.875, 144.25, 78.75, 80.8125, 147.625, 134.0, 109.1875, 112.625, 115.8125, 154.375, 142.125, 60.0, 64.0625, 81.1875, 141.375, 120.6875, 96.875, 60.15625, 129.75, 178.625, 144.375, 133.0, 121.8125, 88.875, 126.375, 67.6875, 117.125, 62.375, 156.25, 48.09375, 82.0625, 0.0, 131.625, 83.125, 141.75, 82.0, 89.1875, 152.25, 100.25, 102.9375, 145.0, 78.1875, 114.0625], [128.875, 128.125, 207.875, 41.1875, 194.75, 171.0, 104.3125, 74.6875, 136.25, 160.625, 109.625, 243.0, 148.875, 96.0625, 197.5, 100.4375, 198.5, 190.125, 146.625, 148.25, 183.0, 111.3125, 142.375, 219.375, 118.625, 232.625, 18.4375, 200.75, 194.25, 163.0, 182.0, 54.21875, 95.5, 219.125, 127.0625, 72.0, 175.5, 196.375, 221.875, 51.96875, 192.25, 116.3125, 194.25, 108.25, 31.78125, 69.75, 157.5, 140.0, 122.125, 131.625, 0.0, 65.625, 239.625, 58.0625, 42.71875, 208.875, 138.625, 220.625, 173.375, 171.875, 157.125], [63.6875, 68.1875, 142.25, 32.25, 138.0, 131.625, 46.53125, 33.0, 97.8125, 96.5625, 70.25, 177.5, 85.4375, 35.90625, 136.125, 40.25, 133.0, 132.875, 81.3125, 97.3125, 153.625, 46.625, 94.875, 154.0, 61.125, 170.125, 47.1875, 140.25, 132.125, 99.5625, 120.75, 19.234375, 65.9375, 153.625, 64.5625, 32.65625, 113.75, 144.0, 157.0, 50.0, 127.4375, 52.875, 129.75, 42.625, 39.125, 31.828125, 108.6875, 111.8125, 57.28125, 83.125, 65.625, 0.0, 174.0, 57.875, 40.0, 146.625, 75.6875, 157.875, 116.0625, 106.8125, 94.8125], [111.25, 124.875, 31.828125, 202.0, 108.0625, 161.0, 142.625, 174.5, 161.875, 87.8125, 164.25, 3.60546875, 96.25, 147.125, 82.0, 143.375, 41.6875, 96.3125, 93.5, 137.625, 192.625, 130.125, 147.75, 27.453125, 136.25, 56.40625, 221.125, 86.0625, 78.25, 83.8125, 80.0625, 187.25, 185.0, 21.546875, 120.1875, 177.25, 89.0, 128.375, 38.3125, 210.125, 57.59375, 127.6875, 59.1875, 131.375, 211.625, 179.125, 142.0, 184.375, 119.5625, 141.75, 239.625, 174.0, 0.0, 210.625, 205.875, 71.375, 109.5625, 53.71875, 109.5, 69.375, 97.5], [102.1875, 123.6875, 180.5, 31.828125, 193.625, 114.75, 68.0, 37.09375, 81.0, 146.0, 57.125, 213.75, 114.5, 65.25, 188.375, 68.3125, 169.125, 143.875, 118.9375, 155.0, 125.0, 98.0, 152.75, 195.5, 118.0625, 192.0, 49.03125, 193.125, 183.625, 127.75, 141.375, 39.0, 119.25, 189.125, 118.0625, 34.71875, 166.125, 201.125, 201.625, 86.8125, 173.5, 106.0625, 176.75, 88.4375, 61.28125, 33.375, 166.5, 82.125, 107.1875, 82.0, 58.0625, 57.875, 210.625, 0.0, 22.671875, 197.25, 128.0, 181.125, 171.625, 141.375, 147.125], [94.875, 108.0625, 174.75, 9.4375, 178.0, 128.75, 65.0625, 33.40625, 93.875, 134.375, 66.9375, 209.125, 111.5, 58.8125, 175.25, 62.8125, 164.25, 148.75, 112.5, 136.75, 142.875, 84.75, 133.625, 188.25, 101.125, 193.375, 29.0625, 179.625, 171.0, 125.5, 142.375, 21.09375, 97.4375, 184.75, 103.8125, 30.609375, 152.875, 183.875, 193.0, 64.1875, 163.875, 91.9375, 166.625, 77.5, 38.9375, 28.421875, 147.875, 99.5, 94.8125, 89.1875, 42.71875, 40.0, 205.875, 22.671875, 0.0, 185.125, 114.5625, 181.75, 156.0, 136.75, 133.875], [98.25, 80.9375, 57.46875, 178.5, 37.125, 189.25, 134.125, 160.5, 176.5, 51.25, 167.0, 74.1875, 100.25, 133.125, 13.6015625, 131.0, 65.9375, 134.125, 85.9375, 76.375, 222.25, 100.4375, 86.625, 45.59375, 91.3125, 117.1875, 191.5, 15.296875, 14.765625, 96.125, 110.4375, 164.25, 133.0, 68.5625, 82.25, 162.75, 33.53125, 57.03125, 33.0625, 168.125, 31.90625, 93.6875, 26.921875, 108.75, 177.75, 163.875, 76.9375, 200.25, 90.4375, 152.25, 208.875, 146.625, 71.375, 197.25, 185.125, 0.0, 70.875, 108.5625, 44.65625, 77.875, 51.875], [40.375, 15.8125, 78.75, 107.6875, 67.1875, 147.25, 70.9375, 92.25, 124.375, 22.671875, 107.375, 113.1875, 58.59375, 66.6875, 60.65625, 65.8125, 74.3125, 112.25, 41.21875, 46.53125, 178.25, 30.0625, 52.8125, 85.0625, 26.828125, 126.0, 120.9375, 65.1875, 56.5, 65.5, 90.0, 93.5625, 76.1875, 92.5625, 11.6640625, 94.125, 38.3125, 79.1875, 84.625, 101.875, 55.21875, 22.796875, 56.40625, 40.59375, 107.9375, 95.0625, 57.6875, 146.75, 21.375, 100.25, 138.625, 75.6875, 109.5625, 128.0, 114.5625, 70.875, 0.0, 113.625, 46.25, 58.0, 19.234375], [95.6875, 129.125, 51.09375, 180.125, 140.375, 111.0625, 116.875, 148.5, 118.625, 98.125, 127.9375, 54.4375, 72.375, 124.625, 114.5625, 120.25, 44.9375, 46.375, 80.0625, 154.375, 141.375, 122.4375, 163.125, 65.875, 139.125, 12.6484375, 202.625, 120.3125, 108.875, 58.3125, 39.8125, 166.5, 187.75, 41.71875, 121.0, 151.375, 111.0625, 160.875, 80.75, 202.25, 81.375, 123.75, 85.625, 118.0625, 197.0, 153.5, 162.25, 139.0, 113.875, 102.9375, 220.625, 157.875, 53.71875, 181.125, 181.75, 108.5625, 113.625, 0.0, 133.625, 56.28125, 110.25], [85.25, 48.03125, 86.125, 148.125, 22.0, 189.875, 117.1875, 137.125, 169.5, 41.21875, 153.5, 112.8125, 98.3125, 112.625, 31.0625, 111.9375, 88.8125, 146.0, 80.6875, 31.890625, 221.75, 74.5, 42.0, 82.0625, 55.4375, 144.5, 157.125, 31.109375, 32.3125, 100.625, 121.9375, 135.0, 90.1875, 100.0, 54.125, 138.75, 22.5625, 33.59375, 73.6875, 128.5, 54.03125, 65.9375, 51.03125, 86.375, 141.625, 139.5, 32.90625, 192.25, 67.375, 145.0, 173.375, 116.0625, 109.5, 171.625, 156.0, 44.65625, 46.25, 133.625, 0.0, 86.4375, 31.234375], [43.125, 73.1875, 39.5625, 133.25, 99.25, 111.375, 73.375, 105.1875, 101.25, 46.25, 97.75, 72.5625, 27.65625, 77.9375, 77.4375, 74.125, 27.734375, 59.625, 25.609375, 101.4375, 144.5, 67.0625, 109.3125, 56.3125, 82.875, 68.875, 153.5, 83.875, 71.0625, 18.6875, 35.5, 118.6875, 131.5, 48.03125, 64.75, 107.9375, 65.1875, 118.0, 66.1875, 147.875, 46.0625, 67.6875, 51.0, 64.8125, 145.5, 109.75, 110.75, 124.9375, 57.9375, 78.1875, 171.875, 106.8125, 69.375, 141.375, 136.75, 77.875, 58.0, 56.28125, 86.4375, 0.0, 58.1875], [54.5625, 30.0, 68.6875, 126.875, 50.15625, 158.625, 88.0625, 111.0625, 138.625, 12.1640625, 123.6875, 101.0625, 67.1875, 84.875, 41.4375, 83.5625, 67.25, 116.75, 49.5, 44.09375, 190.5, 49.25, 53.03125, 71.375, 41.125, 122.0625, 139.625, 46.03125, 37.375, 70.5, 93.125, 112.8125, 87.9375, 83.0, 30.359375, 113.0, 19.109375, 64.8125, 68.625, 118.25, 40.5, 41.96875, 40.46875, 59.125, 126.125, 114.0, 52.625, 161.5, 40.0, 114.0625, 157.125, 94.8125, 97.5, 147.125, 133.875, 51.875, 19.234375, 110.25, 31.234375, 58.1875, 0.0]], "angleGap": [[0.0, 1.587890625, 1.509765625, 0.599609375, 2.978515625, 2.080078125, 1.794921875, 2.69921875, 0.78515625, 2.3828125, 1.658203125, 2.486328125, 1.77734375, 0.8359375, 1.869140625, 1.697265625, 2.654296875, 1.697265625, 0.1171875, 2.876953125, 0.537109375, 0.01171875, 1.439453125, 0.197265625, 2.166015625, 1.3603515625, 0.806640625, 0.87109375, 2.283203125, 2.427734375, 1.490234375, 0.537109375, 1.701171875, 0.0078125, 1.7763671875, 0.720703125, 0.46484375, 1.298828125, 0.962890625, 1.173828125, 0.298828125, 1.126953125, 1.0, 1.2109375, 1.75390625, 0.154296875, 2.625, 0.1640625, 2.75, 1.365234375, 1.27734375, 1.646484375, 1.8203125, 1.6015625, 0.962890625, 0.30078125, 2.150390625, 0.4921875, 1.837890625, 0.578125], [1.587890625, 0.0, 3.09765625, 0.986328125, 1.716796875, 2.615234375, 2.900390625, 1.99609375, 0.802734375, 2.3125, 0.0703125, 0.8974609375, 2.91796875, 0.751953125, 2.826171875, 0.109375, 1.0673828125, 0.111328125, 1.470703125, 1.818359375, 2.126953125, 1.576171875, 0.146484375, 1.783203125, 0.578125, 2.947265625, 0.783203125, 0.716796875, 0.6953125, 0.8388671875, 3.078125, 2.126953125, 0.11328125, 1.580078125, 2.91796875, 0.869140625, 1.123046875, 0.2890625, 2.55078125, 0.4140625, 1.884765625, 0.4609375, 2.587890625, 2.798828125, 2.94140625, 1.431640625, 2.0703125, 1.751953125, 1.9443359375, 2.953125, 2.865234375, 0.05859375, 2.875, 3.09375, 0.626953125, 1.287109375, 0.5625, 1.095703125, 0.248046875, 1.009765625], [1.509765625, 3.09765625, 0.0, 2.109375, 1.46875, 0.5693359375, 0.28515625, 1.1884765625, 2.294921875, 0.87353515625, 3.115234375, 2.287109375, 0.266845703125, 2.345703125, 0.359375, 3.076171875, 2.1171875, 3.07421875, 1.626953125, 1.3671875, 0.97314453125, 1.521484375, 2.951171875, 1.3125, 2.607421875, 0.14990234375, 2.31640625, 2.380859375, 2.490234375, 2.345703125, 0.02001953125, 0.97314453125, 3.072265625, 1.517578125, 0.26611328125, 2.23046875, 1.974609375, 2.80859375, 0.54736328125, 2.68359375, 1.2109375, 2.63671875, 0.51025390625, 0.298828125, 0.243408203125, 1.6640625, 1.115234375, 1.345703125, 1.240234375, 0.14453125, 0.232421875, 3.126953125, 0.3095703125, 0.09130859375, 2.47265625, 1.810546875, 2.623046875, 2.001953125, 2.9375, 2.087890625], [0.599609375, 0.986328125, 2.109375, 0.0, 2.705078125, 2.6796875, 2.39453125, 2.984375, 0.185546875, 2.984375, 1.056640625, 1.884765625, 2.376953125, 0.236328125, 2.46875, 1.095703125, 2.056640625, 1.099609375, 0.482421875, 2.806640625, 1.13671875, 0.587890625, 0.841796875, 0.796875, 1.564453125, 1.9599609375, 0.20703125, 0.271484375, 1.681640625, 1.826171875, 2.08984375, 1.13671875, 1.103515625, 0.591796875, 2.375, 0.12109375, 0.134765625, 0.697265625, 1.5625, 0.572265625, 0.8984375, 0.525390625, 1.599609375, 1.810546875, 2.353515625, 0.4453125, 3.05859375, 0.763671875, 2.931640625, 1.96484375, 1.876953125, 1.048828125, 2.419921875, 2.201171875, 0.36328125, 0.298828125, 1.548828125, 0.107421875, 1.236328125, 0.021484375], [2.978515625, 1.716796875, 1.46875, 2.705078125, 0.0, 0.89892578125, 1.18359375, 0.27978515625, 2.51953125, 0.5947265625, 1.646484375, 0.8193359375, 1.201171875, 2.46875, 1.109375, 1.607421875, 0.6494140625, 1.60546875, 3.095703125, 0.10107421875, 2.44140625, 2.990234375, 1.86328125, 2.78125, 1.138671875, 1.6181640625, 2.498046875, 2.43359375, 1.021484375, 0.8779296875, 1.48828125, 2.44140625, 1.603515625, 2.986328125, 1.2021484375, 2.583984375, 2.83984375, 2.005859375, 2.015625, 2.130859375, 2.6796875, 2.177734375, 1.978515625, 1.767578125, 1.224609375, 3.1328125, 0.35302734375, 2.814453125, 0.2275390625, 1.61328125, 1.701171875, 1.658203125, 1.158203125, 1.376953125, 2.341796875, 3.00390625, 1.154296875, 2.8125, 1.46875, 2.7265625], [2.080078125, 2.615234375, 0.5693359375, 2.6796875, 0.89892578125, 0.0, 0.2841796875, 0.619140625, 2.865234375, 0.30419921875, 2.544921875, 1.7177734375, 0.302490234375, 2.916015625, 0.2099609375, 2.505859375, 1.5478515625, 2.50390625, 2.197265625, 0.7978515625, 1.54296875, 2.091796875, 2.76171875, 1.8828125, 2.037109375, 0.71923828125, 2.88671875, 2.951171875, 1.919921875, 1.7763671875, 0.58935546875, 1.54296875, 2.501953125, 2.087890625, 0.30322265625, 2.80078125, 2.544921875, 2.904296875, 1.1171875, 3.029296875, 1.78125, 3.076171875, 1.080078125, 0.8681640625, 0.325927734375, 2.234375, 0.5458984375, 1.916015625, 0.67138671875, 0.7138671875, 0.8017578125, 2.556640625, 0.259765625, 0.47802734375, 3.04296875, 2.380859375, 2.052734375, 2.572265625, 2.3671875, 2.658203125], [1.794921875, 2.900390625, 0.28515625, 2.39453125, 1.18359375, 0.2841796875, 0.0, 0.9033203125, 2.580078125, 0.58837890625, 2.830078125, 2.001953125, 0.018310546875, 2.630859375, 0.07421875, 2.791015625, 1.83203125, 2.7890625, 1.912109375, 1.08203125, 1.2578125, 1.806640625, 3.046875, 1.59765625, 2.322265625, 0.43505859375, 2.6015625, 2.666015625, 2.205078125, 2.060546875, 0.30517578125, 1.2578125, 2.787109375, 1.802734375, 0.01904296875, 2.515625, 2.259765625, 3.09375, 0.83251953125, 2.96875, 1.49609375, 2.921875, 0.79541015625, 0.583984375, 0.041748046875, 1.94921875, 0.830078125, 1.630859375, 0.95556640625, 0.4296875, 0.517578125, 2.841796875, 0.0244140625, 0.19384765625, 2.7578125, 2.095703125, 2.337890625, 2.287109375, 2.65234375, 2.373046875], [2.69921875, 1.99609375, 1.1884765625, 2.984375, 0.27978515625, 0.619140625, 0.9033203125, 0.0, 2.798828125, 0.31494140625, 1.92578125, 1.099609375, 0.921875, 2.748046875, 0.8291015625, 1.88671875, 0.92919921875, 1.884765625, 2.81640625, 0.1787109375, 2.162109375, 2.7109375, 2.142578125, 2.501953125, 1.41796875, 1.337890625, 2.77734375, 2.712890625, 1.30078125, 1.158203125, 1.208984375, 2.162109375, 1.8828125, 2.70703125, 0.92236328125, 2.86328125, 3.119140625, 2.28515625, 1.736328125, 2.41015625, 2.400390625, 2.45703125, 1.69921875, 1.4873046875, 0.9453125, 2.853515625, 0.0732421875, 2.53515625, 0.05224609375, 1.3330078125, 1.4208984375, 1.9375, 0.87890625, 1.09765625, 2.62109375, 3.0, 1.43359375, 3.091796875, 1.748046875, 3.005859375], [0.78515625, 0.802734375, 2.294921875, 0.185546875, 2.51953125, 2.865234375, 2.580078125, 2.798828125, 0.0, 3.115234375, 0.873046875, 1.701171875, 2.5625, 0.05078125, 2.654296875, 0.912109375, 1.869140625, 0.916015625, 0.66796875, 2.62109375, 1.322265625, 0.7734375, 0.658203125, 0.982421875, 1.380859375, 2.14453125, 0.021484375, 0.0859375, 1.498046875, 1.642578125, 2.275390625, 1.322265625, 0.916015625, 0.77734375, 2.5625, 0.064453125, 0.3203125, 0.513671875, 1.748046875, 0.388671875, 1.083984375, 0.341796875, 1.78515625, 1.99609375, 2.5390625, 0.630859375, 2.873046875, 0.94921875, 2.748046875, 2.150390625, 2.0625, 0.861328125, 2.60546875, 2.38671875, 0.177734375, 0.484375, 1.365234375, 0.29296875, 1.048828125, 0.20703125], [2.3828125, 2.3125, 0.87353515625, 2.984375, 0.5947265625, 0.30419921875, 0.58837890625, 0.31494140625, 3.115234375, 0.0, 2.2421875, 1.4140625, 0.6064453125, 3.064453125, 0.51416015625, 2.203125, 1.244140625, 2.19921875, 2.5, 0.49365234375, 1.8466796875, 2.39453125, 2.45703125, 2.1875, 1.7333984375, 1.0234375, 3.091796875, 3.029296875, 1.6162109375, 1.47265625, 0.8935546875, 1.8466796875, 2.19921875, 2.390625, 0.607421875, 3.10546875, 2.84765625, 2.6015625, 1.4208984375, 2.7265625, 2.0859375, 2.7734375, 1.3837890625, 1.171875, 0.6298828125, 2.5390625, 0.24169921875, 2.21875, 0.3671875, 1.017578125, 1.10546875, 2.25390625, 0.56396484375, 0.7822265625, 2.935546875, 2.68359375, 1.7490234375, 2.875, 2.0625, 2.9609375], [1.658203125, 0.0703125, 3.115234375, 1.056640625, 1.646484375, 2.544921875, 2.830078125, 1.92578125, 0.873046875, 2.2421875, 0.0, 0.8271484375, 2.84765625, 0.822265625, 2.755859375, 0.0390625, 0.9970703125, 0.041015625, 1.541015625, 1.748046875, 2.197265625, 1.646484375, 0.216796875, 1.853515625, 0.5078125, 3.017578125, 0.853515625, 0.787109375, 0.625, 0.7685546875, 3.134765625, 2.197265625, 0.04296875, 1.650390625, 2.84765625, 0.939453125, 1.193359375, 0.359375, 2.62109375, 0.484375, 1.955078125, 0.53125, 2.658203125, 2.869140625, 2.87109375, 1.501953125, 2.0, 1.8222656