{"name": "LZB_n60_9", "n": 60, "m": 8, "times": [[0.0, 101.8125, 43.09375, 96.125, 92.375, 80.9375, 41.21875, 111.0, 52.4375, 91.0, 98.625, 76.6875, 76.5, 82.0, 91.0625, 122.9375, 30.890625, 87.6875, 64.0625, 72.875, 60.03125, 76.0, 56.875, 84.875, 70.25, 55.0, 30.46875, 120.9375, 77.8125, 101.5625, 115.375, 102.1875, 98.3125, 56.09375, 38.09375, 65.75, 83.4375, 77.8125, 92.0, 32.4375, 25.9375, 82.8125, 26.40625, 86.1875, 93.0625, 26.40625, 32.375, 101.625, 29.96875, 115.375, 87.6875, 52.1875, 38.28125, 107.8125, 87.25, 71.6875, 95.3125, 42.4375, 47.0, 94.9375, 93.0], [101.8125, 0.0, 60.0625, 171.0, 39.40625, 50.34375, 129.25, 100.4375, 144.0, 191.875, 189.0, 175.875, 82.125, 182.75, 69.5625, 59.21875, 96.625, 157.0, 85.0, 140.75, 159.25, 177.0, 134.875, 85.875, 39.0625, 142.25, 121.4375, 205.875, 179.0, 203.0, 208.875, 198.75, 95.5, 59.46875, 119.8125, 36.21875, 67.875, 63.125, 188.5, 81.8125, 119.625, 161.5, 98.8125, 149.25, 61.125, 121.0625, 132.75, 194.25, 113.3125, 194.125, 145.375, 59.21875, 71.25, 69.75, 183.125, 66.875, 40.59375, 77.9375, 104.8125, 193.0, 101.125], [43.09375, 60.0625, 0.0, 128.375, 50.9375, 42.1875, 77.8125, 102.3125, 91.5625, 131.875, 138.25, 119.4375, 69.125, 122.8125, 73.5625, 82.875, 49.75, 104.5625, 45.53125, 87.9375, 99.125, 117.125, 78.375, 77.1875, 37.1875, 91.9375, 68.125, 158.5, 120.875, 144.5, 156.375, 144.25, 91.375, 20.21875, 61.40625, 24.015625, 51.1875, 59.53125, 134.0, 36.40625, 65.0, 106.0, 49.40625, 111.875, 71.1875, 61.0, 72.8125, 135.375, 54.125, 139.5, 96.9375, 15.1328125, 14.2109375, 72.5, 123.5, 56.46875, 64.625, 40.3125, 51.40625, 133.0, 74.125], [96.125, 171.0, 128.375, 0.0, 178.375, 170.625, 55.09375, 109.6875, 48.0, 109.8125, 36.6875, 62.6875, 96.6875, 106.0625, 117.5625, 210.75, 78.8125, 165.75, 160.125, 156.0, 105.75, 101.5, 138.0, 98.6875, 132.0, 42.4375, 65.8125, 38.09375, 76.5625, 89.875, 55.53125, 59.15625, 101.0, 147.0, 124.5625, 142.375, 177.125, 114.125, 54.65625, 93.25, 70.625, 154.0, 79.0625, 25.5, 125.8125, 107.4375, 96.0, 145.875, 119.375, 177.375, 173.0, 142.125, 130.625, 200.375, 129.0, 108.0625, 142.375, 94.0625, 141.25, 126.25, 189.125], [92.375, 39.40625, 50.9375, 178.375, 0.0, 15.03125, 128.75, 130.0, 142.375, 175.25, 189.125, 169.0, 103.9375, 166.375, 98.0, 32.4375, 99.625, 126.125, 52.625, 110.875, 141.75, 161.25, 109.0625, 110.0, 57.4375, 142.875, 119.0, 209.375, 169.125, 191.875, 207.125, 194.5, 122.3125, 37.15625, 97.6875, 38.28125, 30.015625, 87.375, 184.25, 85.1875, 115.75, 133.375, 99.875, 160.125, 91.25, 104.0625, 118.3125, 170.25, 93.125, 164.25, 112.375, 40.3125, 54.59375, 31.78125, 161.75, 88.3125, 73.75, 85.9375, 78.125, 173.0, 62.8125], [80.9375, 50.34375, 42.1875, 170.625, 15.03125, 0.0, 119.125, 132.0, 132.25, 161.25, 178.875, 157.0, 103.125, 152.375, 100.3125, 42.0, 91.9375, 111.1875, 37.65625, 95.875, 127.75, 147.5, 94.125, 110.0, 58.5625, 133.25, 109.0, 200.0, 156.375, 178.875, 196.25, 183.0, 123.125, 24.84375, 83.1875, 37.0625, 17.796875, 88.25, 172.875, 78.25, 105.375, 118.3125, 91.5, 153.875, 94.625, 90.5, 105.125, 155.375, 79.0625, 149.25, 97.75, 29.0, 42.625, 31.046875, 147.125, 88.0, 79.3125, 80.625, 63.1875, 158.5, 50.9375], [41.21875, 129.25, 77.8125, 55.09375, 128.75, 119.125, 0.0, 102.5625, 14.8671875, 84.5625, 60.59375, 50.0, 74.125, 77.1875, 94.4375, 160.5, 32.90625, 116.1875, 105.3125, 104.375, 65.1875, 71.0, 86.5, 80.5, 91.75, 14.2109375, 10.7734375, 80.9375, 58.0625, 81.375, 79.75, 69.875, 90.25, 94.625, 71.0625, 95.9375, 123.6875, 85.0, 59.78125, 47.4375, 15.5234375, 106.75, 30.40625, 49.03125, 100.0, 54.21875, 45.875, 110.3125, 65.0625, 135.0, 120.9375, 90.125, 77.4375, 147.625, 93.375, 78.0, 110.3125, 52.875, 86.3125, 95.8125, 134.125], [111.0, 100.4375, 102.3125, 109.6875, 130.0, 132.0, 102.5625, 0.0, 113.8125, 187.0, 142.0, 149.5, 35.0, 179.375, 32.0, 157.875, 81.6875, 197.625, 147.875, 181.875, 163.875, 173.125, 167.25, 26.40625, 73.4375, 107.25, 103.4375, 147.5, 159.75, 181.75, 163.0, 161.0, 12.8046875, 120.1875, 148.125, 95.0625, 147.5, 43.9375, 152.75, 79.5, 106.0, 193.75, 86.6875, 84.3125, 39.46875, 137.25, 138.375, 208.875, 139.75, 226.375, 194.375, 115.75, 114.9375, 161.25, 192.75, 45.875, 59.90625, 69.8125, 148.75, 197.125, 175.625], [52.4375, 144.0, 91.5625, 48.0, 142.375, 132.25, 14.8671875, 113.8125, 0.0, 75.1875, 46.6875, 36.21875, 87.375, 68.75, 108.0625, 174.0, 47.75, 118.25, 115.875, 108.0625, 61.28125, 62.96875, 90.0, 93.1875, 106.625, 7.80859375, 23.4375, 68.5, 45.875, 68.25, 65.1875, 55.03125, 101.9375, 107.5625, 76.8125, 110.4375, 135.75, 99.25, 44.9375, 62.25, 26.90625, 107.1875, 45.1875, 49.25, 114.0625, 59.6875, 48.03125, 105.0, 72.0625, 132.875, 125.0, 103.25, 90.0, 160.125, 87.8125, 92.25, 124.9375, 67.75, 94.5625, 88.375, 143.75], [91.0, 191.875, 131.875, 109.8125, 175.25, 161.25, 84.5625, 187.0, 75.1875, 0.0, 80.625, 47.15625, 156.875, 9.0546875, 175.625, 201.25, 109.625, 85.25, 129.75, 86.375, 33.53125, 15.03125, 74.8125, 164.0, 161.125, 82.8125, 84.125, 103.5625, 33.28125, 31.578125, 79.25, 62.65625, 174.5, 138.5, 78.8125, 155.625, 156.125, 164.25, 59.78125, 119.5, 82.5625, 69.4375, 105.0, 121.625, 179.75, 71.5625, 59.125, 40.0625, 82.25, 77.25, 100.8125, 136.375, 122.375, 180.25, 27.203125, 157.375, 185.25, 128.5, 101.0625, 18.109375, 147.25], [98.625, 189.0, 138.25, 36.6875, 189.125, 178.875, 60.59375, 142.0, 46.6875, 80.625, 0.0, 36.0625, 123.375, 79.0625, 144.75, 220.625, 92.4375, 150.0, 160.875, 143.375, 86.125, 75.9375, 126.125, 127.125, 150.75, 46.875, 70.0625, 25.3125, 48.84375, 55.8125, 21.21875, 22.796875, 132.0, 154.125, 117.0, 156.5, 182.0, 138.625, 21.03125, 107.375, 73.5625, 136.25, 90.6875, 59.03125, 152.125, 100.625, 86.1875, 119.5625, 114.0625, 154.375, 160.375, 149.875, 136.5, 206.375, 103.75, 131.875, 166.0, 111.375, 137.25, 98.375, 187.5], [76.6875, 175.875, 119.4375, 62.6875, 169.0, 157.0, 50.0, 149.5, 36.21875, 47.15625, 36.0625, 0.0, 123.5625, 44.0, 144.25, 199.0, 81.875, 114.5625, 133.75, 109.125, 50.5, 40.25, 92.5, 129.375, 140.0, 42.1875, 55.09375, 61.03125, 13.890625, 32.28125, 43.375, 27.203125, 137.75, 132.25, 86.0, 140.75, 157.25, 135.0, 18.390625, 95.3125, 56.3125, 100.5, 78.4375, 76.1875, 150.0, 71.0625, 55.59375, 84.4375, 84.625, 118.5625, 125.9375, 128.75, 114.5625, 182.0, 68.125, 128.0, 160.0, 102.125, 107.8125, 63.96875, 158.25], [76.5, 82.125, 69.125, 96.6875, 103.9375, 103.125, 74.125, 35.0, 87.375, 156.875, 123.375, 123.5625, 0.0, 148.75, 21.375, 134.5, 48.375, 162.625, 114.5625, 146.875, 131.5, 142.5, 132.375, 8.6015625, 46.84375, 82.0, 72.75, 134.25, 132.25, 155.375, 144.5, 139.375, 22.828125, 88.125, 113.25, 66.375, 117.125, 19.203125, 130.125, 44.59375, 74.4375, 159.125, 53.34375, 72.0625, 29.15625, 102.8125, 105.125, 176.0, 104.8125, 191.875, 159.5, 83.375, 81.0, 133.625, 160.25, 15.8125, 46.875, 34.84375, 113.875, 165.5, 143.125], [82.0, 182.75, 122.8125, 106.0625, 166.375, 152.375, 77.1875, 179.375, 68.75, 9.0546875, 79.0625, 44.0, 148.75, 0.0, 167.375, 192.625, 101.25, 80.0625, 121.25, 79.8125, 24.703125, 6.32421875, 67.25, 156.0, 152.25, 76.5, 76.1875, 102.9375, 30.359375, 35.34375, 80.0625, 63.0, 166.875, 129.5, 70.1875, 146.625, 147.625, 155.75, 58.6875, 110.8125, 74.3125, 64.5, 96.5625, 116.25, 171.25, 62.59375, 50.09375, 40.53125, 73.375, 76.0625, 94.875, 127.375, 113.375, 171.75, 25.015625, 148.875, 176.5, 119.875, 92.6875, 20.25, 139.5], [91.0625, 69.5625, 73.5625, 117.5625, 98.0, 100.3125, 94.4375, 32.0, 108.0625, 175.625, 144.75, 144.25, 21.375, 167.375, 0.0, 126.125, 66.125, 174.0, 118.5, 157.625, 148.75, 161.0, 144.75, 19.421875, 41.78125, 103.0, 92.0, 155.375, 152.375, 175.875, 165.875, 160.625, 26.0, 90.0625, 125.75, 63.5625, 116.1875, 14.2109375, 151.25, 58.65625, 93.125, 172.125, 70.8125, 92.625, 9.21875, 117.375, 121.6875, 192.375, 117.3125, 205.375, 168.875, 85.9375, 87.0625, 129.25, 177.25, 19.421875, 30.015625, 48.75, 122.8125, 183.25, 145.25], [122.9375, 59.21875, 82.875, 210.75, 32.4375, 42.0, 160.5, 157.875, 174.0, 201.25, 220.625, 199.0, 134.5, 192.625, 126.125, 0.0, 132.0, 142.0, 72.5625, 128.625, 168.0, 188.0, 130.75, 140.0, 87.625, 174.75, 150.625, 241.375, 198.125, 220.25, 238.25, 225.0, 151.375, 66.8125, 122.5625, 70.1875, 45.59375, 116.9375, 214.875, 117.625, 147.125, 152.0, 132.125, 192.625, 118.5, 131.5, 146.5, 191.625, 119.4375, 180.0, 126.0625, 70.8125, 84.625, 25.3125, 185.125, 118.6875, 99.0, 118.3125, 100.875, 197.0, 68.875], [30.890625, 96.625, 49.75, 78.8125, 99.625, 91.9375, 32.90625, 81.6875, 47.75, 109.625, 92.4375, 81.875, 48.375, 101.25, 66.125, 132.0, 0.0, 118.5, 86.5625, 103.75, 83.1875, 94.9375, 87.6875, 56.3125, 58.875, 45.65625, 27.015625, 110.5625, 88.0, 112.0625, 112.25, 102.8125, 68.875, 68.9375, 68.9375, 64.5625, 99.75, 54.75, 92.625, 15.0, 27.296875, 113.0625, 5.0, 62.625, 70.1875, 56.09375, 56.875, 127.625, 60.8125, 145.0, 118.3125, 63.96875, 53.84375, 122.0625, 111.875, 47.84375, 78.25, 20.21875, 75.6875, 117.375, 116.625], [87.6875, 157.0, 104.5625, 165.75, 126.125, 111.1875, 116.1875, 197.625, 118.25, 85.25, 150.0, 114.5625, 162.625, 80.0625, 174.0, 142.0, 118.5, 0.0, 73.5625, 16.640625, 64.125, 79.5, 30.890625, 171.125, 141.75, 124.9375, 107.8125, 175.25, 104.3125, 115.375, 156.625, 139.5, 185.125, 97.6875, 49.65625, 125.6875, 98.3125, 159.875, 132.625, 118.0625, 103.125, 15.8125, 113.875, 165.125, 173.625, 63.5625, 70.625, 56.625, 58.0, 38.21875, 17.890625, 98.8125, 90.4375, 117.25, 59.1875, 154.875, 169.25, 127.75, 53.34375, 71.6875, 75.5], [64.0625, 85.0, 45.53125, 160.125, 52.625, 37.65625, 105.3125, 147.875, 115.875, 129.75, 160.875, 133.75, 114.5625, 121.25, 118.5, 72.5625, 86.5625, 73.5625, 0.0, 58.3125, 96.75, 117.0, 58.25, 122.6875, 79.0625, 119.0, 94.5625, 184.25, 130.375, 151.0, 175.75, 160.75, 136.875, 29.203125, 51.09375, 58.78125, 26.921875, 104.6875, 151.125, 77.0, 89.9375, 81.0, 84.1875, 148.25, 115.25, 62.96875, 78.5, 119.375, 49.6875, 111.625, 60.53125, 32.75, 34.25, 50.53125, 112.625, 101.9375, 105.0, 83.625, 28.640625, 124.625, 30.0625], [72.875, 140.75, 87.9375, 156.0, 110.875, 95.875, 104.375, 181.875, 108.0625, 86.375, 143.375, 109.125, 146.875, 79.8125, 157.625, 128.625, 103.75, 16.640625, 58.3125, 0.0, 59.9375, 77.9375, 18.03125, 155.375, 125.125, 114.25, 95.3125, 168.625, 100.3125, 114.5625, 152.125, 135.25, 169.375, 81.375, 34.9375, 109.125, 84.0, 143.5, 127.4375, 102.4375, 90.5, 23.34375, 99.3125, 153.375, 157.25, 50.4375, 60.0, 64.625, 42.9375, 53.59375, 17.125, 82.375, 73.8125, 104.375, 62.8125, 138.625, 152.5, 112.0, 36.71875, 75.625, 64.625], [60.03125, 159.25, 99.125, 105.75, 141.75, 127.75, 65.1875, 163.875, 61.28125, 33.53125, 86.125, 50.5, 131.5, 24.703125, 148.75, 168.0, 83.1875, 64.125, 96.75, 59.9375, 0.0, 20.25, 45.0, 139.25, 130.125, 68.9375, 61.0625, 111.375, 40.5, 55.90625, 92.75, 75.5625, 151.125, 105.0, 45.65625, 123.0625, 123.0, 136.375, 68.4375, 90.75, 58.0, 50.09375, 78.25, 110.5625, 151.875, 38.3125, 27.65625, 45.34375, 48.71875, 71.875, 76.3125, 102.9375, 89.125, 147.25, 28.84375, 129.75, 155.375, 100.3125, 68.25, 34.9375, 116.125], [76.0, 177.0, 117.125, 101.5, 161.25, 147.5, 71.0, 173.125, 62.96875, 15.03125, 75.9375, 40.25, 142.5, 6.32421875, 161.0, 188.0, 94.9375, 79.5, 117.0, 77.9375, 20.25, 0.0, 64.375, 149.75, 146.125, 70.75, 69.875, 100.3125, 27.171875, 36.625, 78.5, 61.28125, 160.5, 124.3125, 65.875, 140.75, 143.125, 149.375, 56.09375, 104.5625, 68.0, 64.1875, 90.25, 110.875, 164.875, 57.28125, 44.28125, 44.375, 68.5625, 78.5, 93.5625, 122.0, 107.9375, 167.5, 27.890625, 142.625, 170.25, 113.5625, 88.5, 25.5, 136.125], [56.875, 134.875, 78.375, 138.0, 109.0625, 94.125, 86.5, 167.25, 90.0, 74.8125, 126.125, 92.5, 132.375, 67.25, 144.75, 130.75, 87.6875, 30.890625, 58.25, 18.03125, 45.0, 64.375, 0.0, 140.875, 114.9375, 96.25, 77.625, 151.375, 84.625, 100.75, 135.75, 119.0, 154.625, 75.8125, 19.109375, 101.1875, 85.125, 130.75, 110.875, 87.8125, 72.8125, 27.78125, 83.0, 135.5, 145.0, 32.90625, 42.0, 61.28125, 27.59375, 61.40625, 35.0, 75.6875, 64.875, 107.8125, 54.78125, 125.375, 142.25, 97.625, 31.0, 67.125, 72.4375], [84.875, 85.875, 77.1875, 98.6875, 110.0, 110.0, 80.5, 26.40625, 93.1875, 164.0, 127.125, 129.375, 8.6015625, 156.0, 19.421875, 140.0, 56.3125, 171.125, 122.6875, 155.375, 139.25, 149.75, 140.875, 0.0, 52.625, 87.4375, 79.875, 136.625, 138.5, 161.5, 148.375, 144.0, 14.3203125, 95.875, 121.8125, 73.0, 124.5, 23.09375, 135.0, 53.15625, 81.875, 167.625, 61.28125, 73.5625, 28.421875, 111.1875, 113.1875, 183.875, 113.375, 200.25, 168.125, 91.25, 89.3125, 140.25, 168.125, 22.0, 48.28125, 43.40625, 122.4375, 173.125, 151.125], [70.25, 39.0625, 37.1875, 132.0, 57.4375, 58.5625, 91.75, 73.4375, 106.625, 161.125, 150.75, 140.0, 46.84375, 152.25, 41.78125, 87.625, 58.875, 141.75, 79.0625, 125.125, 130.125, 146.125, 114.9375, 52.625, 0.0, 104.25, 84.875, 167.0, 144.5, 168.75, 170.875, 161.625, 65.0, 49.9375, 97.1875, 21.84375, 74.4375, 30.015625, 151.5, 44.65625, 83.75, 142.75, 61.6875, 110.375, 36.78125, 93.625, 102.5625, 169.625, 89.3125, 176.25, 134.0, 46.40625, 51.40625, 88.0, 156.5, 31.046875, 27.453125, 39.34375, 88.625, 164.875, 104.25], [55.0, 142.25, 91.9375, 42.4375, 142.875, 133.25, 14.2109375, 107.25, 7.80859375, 82.8125, 46.875, 42.1875, 82.0, 76.5, 103.0, 174.75, 45.65625, 124.9375, 119.0, 114.25, 68.9375, 70.75, 96.25, 87.4375, 104.25, 0.0, 24.703125, 66.6875, 52.8125, 74.4375, 66.625, 58.25, 95.5625, 108.875, 82.25, 109.625, 137.875, 94.875, 48.5, 60.53125, 29.0625, 114.3125, 43.84375, 41.59375, 109.375, 65.125, 54.4375, 112.8125, 76.9375, 140.5, 131.125, 104.375, 91.625, 161.875, 95.625, 87.9375, 121.25, 65.0, 98.9375, 96.1875, 147.5], [30.46875, 121.4375, 68.125, 65.8125, 119.0, 109.0, 10.7734375, 103.4375, 23.4375, 84.125, 70.0625, 55.09375, 72.75, 76.1875, 92.0, 150.625, 27.015625, 107.8125, 94.5625, 95.3125, 61.0625, 69.875, 77.625, 79.875, 84.875, 24.703125, 0.0, 91.1875, 61.0, 85.0, 88.5, 77.375, 90.8125, 84.375, 61.40625, 87.3125, 113.1875, 81.375, 67.125, 40.25, 5.0, 99.3125, 23.34375, 58.3125, 96.75, 44.90625, 38.59375, 106.375, 55.0, 128.75, 111.625, 80.0, 67.0, 137.25, 89.8125, 74.4375, 105.25, 47.15625, 75.8125, 93.625, 123.3125], [120.9375, 205.875, 158.5, 38.09375, 209.375, 200.0, 80.9375, 147.5, 68.5, 103.5625, 25.3125, 61.03125, 134.25, 102.9375, 155.375, 241.375, 110.5625, 175.25, 184.25, 168.625, 111.375, 100.3125, 151.375, 136.625, 167.0, 66.6875, 91.1875, 0.0, 73.1875, 75.75, 27.796875, 41.4375, 139.0, 175.5, 141.75, 175.125, 204.25, 151.25, 44.28125, 125.5, 95.1875, 161.5, 109.625, 63.5625, 163.375, 125.1875, 111.0, 143.25, 138.375, 178.75, 185.75, 171.0, 158.25, 228.375, 127.875, 144.875, 179.375, 128.0, 161.5, 121.625, 211.5], [77.8125, 179.0, 120.875, 76.5625, 169.125, 156.375, 58.0625, 159.75, 45.875, 33.28125, 48.84375, 13.890625, 132.25, 30.359375, 152.375, 198.125, 88.0, 104.3125, 130.375, 100.3125, 40.5, 27.171875, 84.625, 138.5, 144.5, 52.8125, 61.0, 73.1875, 0.0, 24.1875, 52.40625, 35.15625, 147.75, 132.0, 80.75, 143.25, 155.0, 142.25, 29.0, 100.375, 61.125, 89.625, 84.0625, 89.25, 157.5, 67.5, 52.0, 70.875, 80.75, 105.6875, 116.8125, 128.75, 114.5, 179.75, 54.90625, 135.25, 166.125, 108.0625, 103.25, 50.15625, 153.125], [101.5625, 203.0, 144.5, 89.875, 191.875, 178.875, 81.375, 181.75, 68.25, 31.578125, 55.8125, 32.28125, 155.375, 35.34375, 175.875, 220.25, 112.0625, 115.375, 151.0, 114.5625, 55.90625, 36.625, 100.75, 161.5, 168.75, 74.4375, 85.0, 75.75, 24.1875, 0.0, 49.46875, 34.4375, 170.0, 154.75, 100.25, 167.125, 176.375, 166.125, 35.375, 124.5625, 85.3125, 99.8125, 108.1875, 106.875, 181.25, 88.8125, 73.8125, 71.125, 101.5, 108.6875, 130.0, 151.75, 137.5, 201.125, 58.6875, 159.125, 190.25, 132.125, 123.0625, 49.15625, 171.875], [115.375, 208.875, 156.375, 55.53125, 207.125, 196.25, 79.75, 163.0, 65.1875, 79.25, 21.21875, 43.375, 144.5, 80.0625, 165.875, 238.25, 112.25, 156.625, 175.75, 152.125, 92.75, 78.5, 135.75, 148.375, 170.875, 66.625, 88.5, 27.796875, 52.40625, 49.46875, 0.0, 17.265625, 153.125, 171.375, 129.125, 175.625, 198.125, 159.625, 25.0625, 127.0625, 91.375, 142.0, 110.125, 79.375, 173.25, 113.75, 98.5, 119.25, 127.3125, 156.0, 168.875, 167.375, 153.625, 222.75, 105.0, 152.875, 186.875, 131.625, 150.625, 97.3125, 201.125], [102.1875, 198.75, 144.25, 59.15625, 194.5, 183.0, 69.875, 161.0, 55.03125, 62.65625, 22.796875, 27.203125, 139.375, 63.0, 160.625, 225.0, 102.8125, 139.5, 160.75, 135.25, 75.5625, 61.28125, 119.0, 144.0, 161.625, 58.25, 77.375, 41.4375, 35.15625, 34.4375, 17.265625, 0.0, 150.375, 158.25, 113.1875, 164.625, 183.875, 153.0, 10.296875, 117.1875, 79.625, 124.75, 100.0625, 80.0, 167.375, 98.25, 82.8125, 102.5625, 111.8125, 139.0, 151.875, 154.375, 140.375, 208.75, 88.0, 146.125, 179.5, 122.6875, 135.0, 80.75, 185.375], [98.3125, 95.5, 91.375, 101.0, 122.3125, 123.125, 90.25, 12.8046875, 101.9375, 174.5, 132.0, 137.75, 22.828125, 166.875, 26.0, 151.375, 68.875, 185.125, 136.875, 169.375, 151.125, 160.5, 154.625, 14.3203125, 65.0, 95.5625, 90.8125, 139.0, 147.75, 170.0, 153.125, 150.375, 0.0, 109.875, 135.625, 86.0625, 138.0, 35.0, 141.75, 67.0, 93.3125, 181.125, 73.875, 75.5, 34.875, 124.4375, 125.625, 196.125, 127.125, 213.625, 182.25, 105.25, 103.625, 153.0, 180.0, 35.5, 55.90625, 57.4375, 136.75, 184.5, 165.125], [56.09375, 59.46875, 20.21875, 147.0, 37.15625, 24.84375, 94.625, 120.1875, 107.5625, 138.5, 154.125, 132.25, 88.125, 129.5, 90.0625, 66.8125, 68.9375, 97.6875, 29.203125, 81.375, 105.0, 124.3125, 75.8125, 95.875, 49.9375, 108.875, 84.375, 175.5, 132.0, 154.75, 171.375, 158.25, 109.875, 0.0, 62.0625, 29.703125, 31.046875, 76.5625, 148.0, 56.3125, 80.6875, 102.125, 68.0, 131.5, 86.375, 67.0625, 81.125, 136.125, 56.71875, 134.75, 87.125, 5.09765625, 17.796875, 53.34375, 126.3125, 74.4375, 75.8125, 60.53125, 45.34375, 137.0, 55.375], [38.09375, 119.8125, 61.40625, 124.5625, 97.6875, 83.1875, 71.0625, 148.125, 76.8125, 78.8125, 117.0, 86.0, 113.25, 70.1875, 125.75, 122.5625, 68.9375, 49.65625, 51.09375, 34.9375, 45.65625, 65.875, 19.109375, 121.8125, 97.1875, 82.25, 61.40625, 141.75, 80.75, 100.25, 129.125, 113.1875, 135.625, 62.0625, 0.0, 84.9375, 77.375, 111.8125, 104.125, 68.6875, 56.4375, 46.40625, 64.4375, 119.6875, 126.25, 17.125, 30.875, 74.4375, 8.484375, 79.875, 50.4375, 61.03125, 48.65625, 101.625, 64.25, 106.375, 124.3125, 78.5, 22.796875, 75.3125, 72.5], [65.75, 36.21875, 24.015625, 142.375, 38.28125, 37.0625, 95.9375, 95.0625, 110.4375, 155.625, 156.5, 140.75, 66.375, 146.625, 63.5625, 70.1875, 64.5625, 125.6875, 58.78125, 109.125, 123.0625, 140.75, 101.1875, 73.0, 21.84375, 109.625, 87.3125, 175.125, 143.25, 167.125, 175.625, 164.625, 86.0625, 29.703125, 84.9375, 0.0, 52.625, 51.25, 154.25, 49.59375, 85.0, 128.5, 65.8125, 122.875, 58.53125, 85.0, 96.5, 159.125, 77.9375, 161.75, 116.25, 27.203125, 36.40625, 67.25, 147.5, 51.03125, 46.21875, 48.59375, 72.4375, 157.0, 82.75], [83.4375, 67.875, 51.1875, 177.125, 30.015625, 17.796875, 123.6875, 147.5, 135.75, 156.125, 182.0, 157.25, 117.125, 147.625, 116.1875, 45.59375, 99.75, 98.3125, 26.921875, 84.0, 123.0, 143.125, 85.125, 124.5, 74.4375, 137.875, 113.1875, 204.25, 155.0, 176.375, 198.125, 183.875, 138.0, 31.046875, 77.375, 52.625, 0.0, 103.5625, 174.0, 87.375, 109.0625, 107.125, 98.5, 162.375, 111.0, 87.6875, 103.0, 146.125, 74.9375, 136.5, 83.5625, 36.125, 46.53125, 24.84375, 139.5, 102.5625, 96.625, 91.4375, 55.375, 151.5, 33.25], [77.8125, 63.125, 59.53125, 114.125, 87.375, 88.25, 85.0, 43.9375, 99.25, 164.25, 138.625, 135.0, 19.203125, 155.75, 14.2109375, 116.9375, 54.75, 159.875, 104.6875, 143.5, 136.375, 149.375, 130.75, 23.09375, 30.015625, 94.875, 81.375, 151.25, 142.25, 166.125, 159.625, 153.0, 35.0, 76.5625, 111.8125, 51.25, 103.5625, 0.0, 143.375, 45.6875, 82.0625, 158.25, 59.21875, 90.125, 15.5234375, 103.9375, 109.0, 179.375, 103.4375, 191.625, 154.625, 72.25, 72.9375, 118.0, 164.5, 7.0, 28.296875, 36.0625, 108.5625, 171.125, 131.875], [92.0, 188.5, 134.0, 54.65625, 184.25, 172.875, 59.78125, 152.75, 44.9375, 59.78125, 21.03125, 18.390625, 130.125, 58.6875, 151.25, 214.875, 92.625, 132.625, 151.125, 127.4375, 68.4375, 56.09375, 110.875, 135.0, 151.5, 48.5, 67.125, 44.28125, 29.0, 35.375, 25.0625, 10.296875, 141.75, 148.0, 104.125, 154.25, 174.0, 143.375, 0.0, 107.0, 69.375, 118.25, 89.875, 73.4375, 157.875, 88.8125, 73.5, 99.0625, 102.4375, 134.5, 144.25, 144.25, 130.25, 198.75, 83.625, 136.5, 169.625, 112.625, 125.6875, 77.625, 176.125], [32.4375, 81.8125, 36.40625, 93.25, 85.1875, 78.25, 47.4375, 79.5, 62.25, 119.5, 107.375, 95.3125, 44.59375, 110.8125, 58.65625, 117.625, 15.0, 118.0625, 77.0, 102.4375, 90.75, 104.5625, 87.8125, 53.15625, 44.65625, 60.53125, 40.25, 125.5, 100.375, 124.5625, 127.0625, 117.1875, 67.0, 56.3125, 68.6875, 49.59375, 87.375, 45.6875, 107.0, 0.0, 39.3125, 114.5625, 17.09375, 75.5625, 61.09375, 58.8125, 63.3125, 133.75, 60.21875, 147.5, 115.625, 51.25, 43.03125, 108.875, 118.875, 39.34375, 66.0625, 10.0, 70.75, 125.5625, 107.0], [25.9375, 119.625, 65.0, 70.625, 115.75, 105.375, 15.5234375, 106.0, 26.90625, 82.5625, 73.5625, 56.3125, 74.4375, 74.3125, 93.125, 147.125, 27.296875, 103.125, 89.9375, 90.5, 58.0, 68.0, 72.8125, 81.875, 83.75, 29.0625, 5.0, 95.1875, 61.125, 85.3125, 91.375, 79.625, 93.3125, 80.6875, 56.4375, 85.0, 109.0625, 82.0625, 69.375, 39.3125, 0.0, 94.8125, 23.015625, 63.28125, 97.5, 40.03125, 34.40625, 103.25, 50.0, 124.625, 106.6875, 76.375, 63.125, 133.25, 86.8125, 75.125, 105.0, 47.0, 70.875, 91.25, 118.625], [82.8125, 161.5, 106.0, 154.0, 133.375, 118.3125, 106.75, 193.75, 107.1875, 69.4375, 136.25, 100.5, 159.125, 64.5, 172.125, 152.0, 113.0625, 15.8125, 81.0, 23.34375, 50.09375, 64.1875, 27.78125, 167.625, 142.75, 114.3125, 99.3125, 161.5, 89.625, 99.8125, 142.0, 124.75, 181.125, 102.125, 46.40625, 128.5, 107.125, 158.25, 118.25, 114.5625, 94.8125, 0.0, 108.25, 155.25, 172.625, 57.0, 60.9375, 42.0625, 54.8125, 33.625, 32.65625, 102.5, 92.3125, 127.75, 43.40625, 152.75, 170.125, 124.5, 56.75, 55.96875, 87.625], [26.40625, 98.8125, 49.40625, 79.0625, 99.875, 91.5, 30.40625, 86.6875, 45.1875, 105.0, 90.6875, 78.4375, 53.34375, 96.5625, 70.8125, 132.125, 5.0, 113.875, 84.1875, 99.3125, 78.25, 90.25, 83.0, 61.28125, 61.6875, 43.84375, 23.34375, 109.625, 84.0625, 108.1875, 110.125, 100.0625, 73.875, 68.0, 64.4375, 65.8125, 98.5, 59.21875, 89.875, 17.09375, 23.015625, 108.25, 0.0, 64.3125, 74.75, 51.21875, 51.875, 122.625, 56.375, 140.125, 114.0, 63.125, 52.1875, 121.3125, 106.9375, 52.40625, 82.0625, 24.0, 72.0, 112.5625, 114.125], [86.1875, 149.25, 111.875, 25.5, 160.125, 153.875, 49.03125, 84.3125, 49.25, 121.625, 59.03125, 76.1875, 72.0625, 116.25, 92.625, 192.625, 62.625, 165.125, 148.25, 153.375, 110.5625, 110.875, 135.5, 73.5625, 110.375, 41.59375, 58.3125, 63.5625, 89.25, 106.875, 79.375, 80.0, 75.5, 131.5, 119.6875, 122.875, 162.375, 90.125, 73.4375, 75.5625, 63.28125, 155.25, 64.3125, 0.0, 101.0625, 103.125, 94.625, 154.0, 113.1875, 182.0, 169.875, 126.4375, 116.375, 184.375, 136.75, 84.375, 118.4375, 74.3125, 133.125, 136.375, 178.125], [93.0625, 61.125, 71.1875, 125.8125, 91.25, 94.625, 100.0, 39.46875, 114.0625, 179.75, 152.125, 150.0, 29.15625, 171.25, 9.21875, 118.5, 70.1875, 173.625, 115.25, 157.25, 151.875, 164.875, 145.0, 28.421875, 36.78125, 109.375, 96.75, 163.375, 157.5, 181.25, 173.25, 167.375, 34.875, 86.375, 126.25, 58.53125, 111.0, 15.5234375, 157.875, 61.09375, 97.5, 172.625, 74.75, 101.0625, 0.0, 119.0, 124.4375, 194.625, 117.875, 206.125, 167.625, 82.5, 85.125, 122.8125, 180.0, 22.359375, 21.03125, 51.53125, 121.625, 186.625, 141.0], [26.40625, 121.0625, 61.0, 107.4375, 104.0625, 90.5, 54.21875, 137.25, 59.6875, 71.5625, 100.625, 71.0625, 102.8125, 62.59375, 117.375, 131.5, 56.09375, 63.5625, 62.96875, 50.4375, 38.3125, 57.28125, 32.90625, 111.1875, 93.625, 65.125, 44.90625, 125.1875, 67.5, 88.8125, 113.75, 98.25, 124.4375, 67.0625, 17.125, 85.0, 87.6875, 103.9375, 88.8125, 58.8125, 40.03125, 57.0, 51.21875, 103.125, 119.0, 0.0, 15.5546875, 76.1875, 13.6015625, 89.125, 66.75, 64.75, 50.8125, 112.4375, 62.96875, 97.9375, 119.875, 68.8125, 36.90625, 72.0625, 87.375], [32.375, 132.75, 72.8125, 96.0, 118.3125, 105.125, 45.875, 138.375, 48.03125, 59.125, 86.1875, 55.59375, 105.125, 50.09375, 121.6875, 146.5, 56.875, 70.625, 78.5, 60.0, 27.65625, 44.28125, 42.0, 113.1875, 102.5625, 54.4375, 38.59375, 111.0, 52.0, 73.8125, 98.5, 82.8125, 125.625, 81.125, 30.875, 96.5, 103.0, 109.0, 73.5, 63.3125, 34.40625, 60.9375, 51.875, 94.625, 124.4375, 15.5546875, 0.0, 70.8125, 29.0625, 90.1875, 77.0, 78.4375, 64.1875, 127.8125, 55.53125, 102.5625, 127.6875, 73.0, 52.1875, 62.59375, 102.625], [101.625, 194.25, 135.375, 145.875, 170.25, 155.375, 110.3125, 208.875, 105.0, 40.0625, 119.5625, 84.4375, 176.0, 40.53125, 192.375, 191.625, 127.625, 56.625, 119.375, 64.625, 45.34375, 44.375, 61.28125, 183.875, 169.625, 112.8125, 106.375, 143.25, 70.875, 71.125, 119.25, 102.5625, 196.125, 136.125, 74.4375, 159.125, 146.125, 179.375, 99.0625, 133.75, 103.25, 42.0625, 122.625, 154.0, 194.625, 76.1875, 70.8125, 0.0, 81.1875, 37.84375, 74.3125, 135.375, 123.0625, 168.125, 17.203125, 173.125, 196.0, 143.5, 92.1875, 22.0, 129.25], [29.96875, 113.3125, 54.125, 119.375, 93.125, 79.0625, 65.0625, 139.75, 72.0625, 82.25, 114.0625, 84.625, 104.8125, 73.375, 117.3125, 119.4375, 60.8125, 58.0, 49.6875, 42.9375, 48.71875, 68.5625, 27.59375, 113.375, 89.3125, 76.9375, 55.0, 138.375, 80.75, 101.5, 127.3125, 111.8125, 127.125, 56.71875, 8.484375, 77.9375, 74.9375, 103.4375, 102.4375, 60.21875, 50.0, 54.8125, 56.375, 113.1875, 117.875, 13.6015625, 29.0625, 81.1875, 0.0, 88.25, 57.875, 55.15625, 42.0625, 99.5625, 70.0, 97.9375, 116.375, 70.0625, 23.328125, 80.375, 73.8125], [115.375, 194.125, 139.5, 177.375, 164.25, 149.25, 135.0, 226.375, 132.875, 77.25, 154.375, 118.5625, 191.875, 76.0625, 205.375, 180.0, 145.0, 38.21875, 111.625, 53.59375, 71.875, 78.5, 61.40625, 200.25, 176.25, 140.5, 128.75, 178.75, 105.6875, 108.6875, 156.0, 139.0, 213.625, 134.75, 79.875, 161.75, 136.5, 191.625, 134.5, 147.5, 124.625, 33.625, 140.125, 182.0, 206.125, 89.125, 90.1875, 37.84375, 88.25, 0.0, 54.15625, 135.375, 125.6875, 155.0, 51.03125, 186.0, 203.625, 157.5, 89.5625, 59.53125, 112.5625], [87.6875, 145.375, 96.9375, 173.0, 112.375, 97.75, 120.9375, 194.375, 125.0, 100.8125, 160.375, 125.9375, 159.5, 94.875, 168.875, 126.0625, 118.3125, 17.890625, 60.53125, 17.125, 76.3125, 93.5625, 35.0, 168.125, 134.0, 131.125, 111.625, 185.75, 116.8125, 130.0, 168.875, 151.875, 182.25, 87.125, 50.4375, 116.25, 83.5625, 154.625, 144.25, 115.625, 106.6875, 32.65625, 114.0, 169.875, 167.625, 66.75, 77.0, 74.3125, 57.875, 54.15625, 0.0, 89.0625, 82.75, 101.0, 75.6875, 150.25, 161.25, 124.875, 46.09375, 88.375, 58.40625], [52.1875, 59.21875, 15.1328125, 142.125, 40.3125, 29.0, 90.125, 115.75, 103.25, 136.375, 149.875, 128.75, 83.375, 127.375, 85.9375, 70.8125, 63.96875, 98.8125, 32.75, 82.375, 102.9375, 122.0, 75.6875, 91.25, 46.40625, 104.375, 80.0, 171.0, 128.75, 151.75, 167.375, 154.375, 105.25, 5.09765625, 61.03125, 27.203125, 36.125, 72.25, 144.25, 51.25, 76.375, 102.5, 63.125, 126.4375, 82.5, 64.75, 78.4375, 135.375, 55.15625, 135.375, 89.0625, 0.0, 14.3203125, 58.1875, 125.0625, 69.9375, 72.8125, 55.4375, 45.875, 135.5, 59.90625], [38.28125, 71.25, 14.2109375, 130.625, 54.59375, 42.625, 77.4375, 114.9375, 90.0, 122.375, 136.5, 114.5625, 81.0, 113.375, 87.0625, 84.625, 53.84375, 90.4375, 34.25, 73.8125, 89.125, 107.9375, 64.875, 89.3125, 51.40625, 91.625, 67.0, 158.25, 114.5, 137.5, 153.625, 140.375, 103.625, 17.796875, 48.65625, 36.40625, 46.53125, 72.9375, 130.25, 43.03125, 63.125, 92.3125, 52.1875, 116.375, 85.125, 50.8125, 64.1875, 123.0625, 42.0625, 125.6875, 82.75, 14.3203125, 0.0, 70.1875, 112.0, 69.375, 78.8125, 49.375, 37.1875, 122.125, 64.0], [107.8125, 69.75, 72.5, 200.375, 31.78125, 31.046875, 147.625, 161.25, 160.125, 180.25, 206.375, 182.0, 133.625, 171.75, 129.25, 25.3125, 122.0625, 117.25, 50.53125, 104.375, 147.25, 167.5, 107.8125, 140.25, 88.0, 161.875, 137.25, 228.375, 179.75, 201.125, 222.75, 208.75, 153.0, 53.34375, 101.625, 67.25, 24.84375, 118.0, 198.75, 108.875, 133.25, 127.75, 121.3125, 184.375, 122.8125, 112.4375, 127.8125, 168.125, 99.5625, 155.0, 101.0, 58.1875, 70.1875, 0.0, 162.625, 118.25, 105.5625, 111.625, 79.1875, 174.75, 43.5625], [87.25, 183.125, 123.5, 129.0, 161.75, 147.125, 93.375, 192.75, 87.8125, 27.203125, 103.75, 68.125, 160.25, 25.015625, 177.25, 185.125, 111.875, 59.1875, 112.625, 62.8125, 28.84375, 27.890625, 54.78125, 168.125, 156.5, 95.625, 89.8125, 127.875, 54.90625, 58.6875, 105.0, 88.0, 180.0, 126.3125, 64.25, 147.5, 139.5, 164.5, 83.625, 118.875, 86.8125, 43.40625, 106.9375, 136.75, 180.0, 62.96875, 55.53125, 17.203125, 70.0, 51.03125, 75.6875, 125.0625, 112.0, 162.625, 0.0, 158.125, 182.375, 128.5, 84.375, 12.8046875, 126.25], [71.6875, 66.875, 56.46875, 108.0625, 88.3125, 88.0, 78.0, 45.875, 92.25, 157.375, 131.875, 128.0, 15.8125, 148.875, 19.421875, 118.6875, 47.84375, 154.875, 101.9375, 138.625, 129.75, 142.625, 125.375, 22.0, 31.046875, 87.9375, 74.4375, 144.875, 135.25, 159.125, 152.875, 146.125, 35.5, 74.4375, 106.375, 51.03125, 102.5625, 7.0, 136.5, 39.34375, 75.125, 152.75, 52.40625, 84.375, 22.359375, 97.9375, 102.5625, 173.125, 97.9375, 186.0, 150.25, 69.9375, 69.375, 118.25, 158.125, 0.0, 34.4375, 29.546875, 104.1875, 164.5, 129.75], [95.3125, 40.59375, 64.625, 142.375, 73.75, 79.3125, 110.3125, 59.90625, 124.9375, 185.25, 166.0, 160.0, 46.875, 176.5, 30.015625, 99.0, 78.25, 169.25, 105.0, 152.5, 155.375, 170.25, 142.25, 48.28125, 27.453125, 121.25, 105.25, 179.375, 166.125, 190.25, 186.875, 179.5, 55.90625, 75.8125, 124.3125, 46.21875, 96.625, 28.296875, 169.625, 66.0625, 105.0, 170.125, 82.0625, 118.4375, 21.03125, 119.875, 127.6875, 196.0, 116.375, 203.625, 161.25, 72.8125, 78.8125, 105.5625, 182.375, 34.4375, 0.0, 58.0625, 116.0, 190.25, 128.25], [42.4375, 77.9375, 40.3125, 94.0625, 85.9375, 80.625, 52.875, 69.8125, 67.75, 128.5, 111.375, 102.125, 34.84375, 119.875, 48.75, 118.3125, 20.21875, 127.75, 83.625, 112.0, 100.3125, 113.5625, 97.625, 43.40625, 39.34375, 65.0, 47.15625, 128.0, 108.0625, 132.125, 131.625, 122.6875, 57.4375, 60.53125, 78.5, 48.59375, 91.4375, 36.0625, 112.625, 10.0, 47.0, 124.5, 24.0, 74.3125, 51.53125, 68.8125, 73.0, 143.5, 70.0625, 157.5, 124.875, 55.4375, 49.375, 111.625, 128.5, 29.546875, 58.0625, 0.0, 79.625, 135.0, 113.3125], [47.0, 104.8125, 51.40625, 141.25, 78.125, 63.1875, 86.3125, 148.75, 94.5625, 101.0625, 137.25, 107.8125, 113.875, 92.6875, 122.8125, 100.875, 75.6875, 53.34375, 28.640625, 36.71875, 68.25, 88.5, 31.0, 122.4375, 88.625, 98.9375, 75.8125, 161.5, 103.25, 123.0625, 150.625, 135.0, 136.75, 45.34375, 22.796875, 72.4375, 55.375, 108.5625, 125.6875, 70.75, 70.875, 56.75, 72.0, 133.125, 121.625, 36.90625, 52.1875, 92.1875, 23.328125, 89.5625, 46.09375, 45.875, 37.1875, 79.1875, 84.375, 104.1875, 116.0, 79.625, 0.0, 96.1875, 50.46875], [94.9375, 193.0, 133.0, 126.25, 173.0, 158.5, 95.8125, 197.125, 88.375, 18.109375, 98.375, 63.96875, 165.5, 20.25, 183.25, 197.0, 117.375, 71.6875, 124.625, 75.625, 34.9375, 25.5, 67.125, 173.125, 164.875, 96.1875, 93.625, 121.625, 50.15625, 49.15625, 97.3125, 80.75, 184.5, 137.0, 75.3125, 157.0, 151.5, 171.125, 77.625, 125.5625, 91.25, 55.96875, 112.5625, 136.375, 186.625, 72.0625, 62.59375, 22.0, 80.375, 59.53125, 88.375, 135.5, 122.125, 174.75, 12.8046875, 164.5, 190.25, 135.0, 96.1875, 0.0, 138.875], [93.0, 101.125, 74.125, 189.125, 62.8125, 50.9375, 134.125, 175.625, 143.75, 147.25, 187.5, 158.25, 143.125, 139.5, 145.25, 68.875, 116.625, 75.5, 30.0625, 64.625, 116.125, 136.125, 72.4375, 151.125, 104.25, 147.5, 123.3125, 211.5, 153.125, 171.875, 201.125, 185.375, 165.125, 55.375, 72.5, 82.75, 33.25, 131.875, 176.125, 107.0, 118.625, 87.625, 114.125, 178.125, 141.0, 87.375, 102.625, 129.25, 73.8125, 112.5625, 58.40625, 59.90625, 64.0, 43.5625, 126.25, 129.75, 128.25, 113.3125, 50.46875, 138.875, 0.0]], "angleGap": [[0.0, 0.1923828125, 2.087890625, 0.39697265625, 0.509765625, 2.158203125, 0.98046875, 2.3671875, 2.94140625, 2.46484375, 2.794921875, 0.91796875, 2.9296875, 0.73046875, 0.49951171875, 1.251953125, 1.94921875, 0.98193359375, 1.8525390625, 2.76953125, 2.953125, 1.98046875, 0.939453125, 0.2734375, 2.228515625, 2.166015625, 2.35546875, 2.974609375, 3.029296875, 2.587890625, 2.689453125, 0.994140625, 0.50927734375, 1.9052734375, 0.0419921875, 0.72509765625, 0.66796875, 2.67578125, 0.775390625, 2.240234375, 2.125, 1.328125, 1.830078125, 0.6328125, 2.302734375, 2.798828125, 2.5390625, 1.83203125, 2.2109375, 1.744140625, 0.44775390625, 0.5234375, 0.67626953125, 2.638671875, 0.71484375, 0.41015625, 0.7890625, 1.404296875, 2.751953125, 1.087890625], [0.1923828125, 0.0, 2.279296875, 0.20458984375, 0.3173828125, 2.349609375, 1.1728515625, 2.560546875, 2.75, 2.658203125, 2.986328125, 1.1103515625, 2.73828125, 0.9228515625, 0.30712890625, 1.4443359375, 1.755859375, 0.78955078125, 1.66015625, 2.578125, 2.76171875, 1.7880859375, 1.1318359375, 0.4658203125, 2.423828125, 2.357421875, 2.548828125, 3.115234375, 3.0625, 2.779296875, 2.880859375, 1.1865234375, 0.31689453125, 1.712890625, 0.150390625, 0.53271484375, 0.8603515625, 2.869140625, 0.9677734375, 2.431640625, 1.93359375, 1.5205078125, 2.021484375, 0.8251953125, 2.109375, 2.60546875, 2.345703125, 1.638671875, 2.01953125, 1.5517578125, 0.25537109375, 0.3310546875, 0.48388671875, 2.4453125, 0.9072265625, 0.6025390625, 0.9814453125, 1.2119140625, 2.55859375, 0.89599609375], [2.087890625, 2.279296875, 0.0, 2.484375, 2.59765625, 0.0703125, 1.107421875, 0.279296875, 1.2529296875, 0.376953125, 0.70703125, 1.169921875, 1.265625, 1.357421875, 2.587890625, 0.837890625, 2.24609375, 3.0703125, 2.34375, 1.42578125, 1.2421875, 2.21484375, 1.150390625, 1.814453125, 0.142578125, 0.076171875, 0.267578125, 0.8876953125, 0.94140625, 0.5, 0.6015625, 1.095703125, 2.59765625, 2.2890625, 2.130859375, 2.8125, 1.419921875, 0.587890625, 1.314453125, 0.15234375, 2.0703125, 0.759765625, 0.259765625, 1.455078125, 1.892578125, 1.396484375, 1.6572265625, 2.36328125, 1.984375, 2.451171875, 2.53515625, 2.611328125, 2.763671875, 1.556640625, 1.373046875, 1.677734375, 1.298828125, 2.791015625, 1.443359375, 3.107421875], [0.39697265625, 0.20458984375, 2.484375, 0.0, 0.11279296875, 2.5546875, 1.376953125, 2.763671875, 2.544921875, 2.861328125, 3.091796875, 1.314453125, 2.533203125, 1.126953125, 0.1025390625, 1.6484375, 1.5517578125, 0.5849609375, 1.455078125, 2.373046875, 2.556640625, 1.583984375, 1.3359375, 0.67041015625, 2.626953125, 2.560546875, 2.751953125, 2.91015625, 2.857421875, 2.984375, 3.0859375, 1.390625, 0.1123046875, 1.5078125, 0.35498046875, 0.328125, 1.064453125, 3.072265625, 1.171875, 2.63671875, 1.728515625, 1.724609375, 2.224609375, 1.029296875, 1.90625, 2.40234375, 2.140625, 1.4345703125, 1.814453125, 1.34765625, 0.05078125, 0.12646484375, 0.279296875, 2.2421875, 1.111328125, 0.80712890625, 1.185546875, 1.0068359375, 2.35546875, 0.69140625], [0.509765625, 0.3173828125, 2.59765625, 0.11279296875, 0.0, 2.66796875, 1.490234375, 2.876953125, 2.43359375, 2.974609375, 2.978515625, 1.427734375, 2.419921875, 1.240234375, 0.01025390625, 1.76171875, 1.439453125, 0.47216796875, 1.3427734375, 2.259765625, 2.443359375, 1.470703125, 1.44921875, 0.783203125, 2.740234375, 2.673828125, 2.865234375, 2.796875, 2.744140625, 3.09765625, 3.083984375, 1.50390625, 0.00048828125, 1.3955078125, 0.4677734375, 0.21533203125, 1.177734375, 3.09765625, 1.28515625, 2.75, 1.615234375, 1.837890625, 2.337890625, 1.142578125, 1.79296875, 2.2890625, 2.02734375, 1.322265625, 1.701171875, 1.234375, 0.06201171875, 0.013671875, 0.16650390625, 2.12890625, 1.224609375, 0.919921875, 1.298828125, 0.89453125, 2.2421875, 0.57861328125], [2.158203125, 2.349609375, 0.0703125, 2.5546875, 2.66796875, 0.0, 1.177734375, 0.208984375, 1.1826171875, 0.306640625, 0.63671875, 1.240234375, 1.1953125, 1.427734375, 2.658203125, 0.908203125, 2.17578125, 3.140625, 2.2734375, 1.35546875, 1.171875, 2.14453125, 1.220703125, 1.884765625, 0.072265625, 0.005859375, 0.197265625, 0.8173828125, 0.87109375, 0.4296875, 0.53125, 1.166015625, 2.66796875, 2.21875, 2.201171875, 2.8828125, 1.490234375, 0.517578125, 1.384765625, 0.08203125, 2.0, 0.830078125, 0.330078125, 1.525390625, 1.822265625, 1.326171875, 1.5869140625, 2.29296875, 1.9140625, 2.380859375, 2.60546875, 2.681640625, 2.833984375, 1.486328125, 1.443359375, 1.748046875, 1.369140625, 2.720703125, 1.373046875, 3.037109375], [0.98046875, 1.1728515625, 1.107421875, 1.376953125, 1.490234375, 1.177734375, 0.0, 1.384765625, 2.361328125, 1.486328125, 1.814453125, 0.0625, 2.373046875, 0.25, 1.48046875, 0.271484375, 2.9296875, 1.962890625, 2.83203125, 2.533203125, 2.349609375, 2.9609375, 0.041015625, 0.70703125, 1.251953125, 1.181640625, 1.376953125, 1.994140625, 2.048828125, 1.607421875, 1.708984375, 0.013671875, 1.490234375, 2.88671875, 1.0224609375, 1.705078125, 0.3125, 1.697265625, 0.205078125, 1.259765625, 3.10546875, 0.34765625, 0.845703125, 0.34765625, 3.0, 2.50390625, 2.763671875, 2.8125, 3.091796875, 2.724609375, 1.427734375, 1.50390625, 1.65625, 2.6640625, 0.265625, 0.5703125, 0.19140625, 2.384765625, 2.55078125, 2.068359375], [2.3671875, 2.560546875, 0.279296875, 2.763671875, 2.876953125, 0.208984375, 1.384765625, 0.0, 0.9736328125, 0.09765625, 0.427734375, 1.447265625, 0.986328125, 1.634765625, 2.8671875, 1.115234375, 1.966796875, 2.93359375, 2.0625, 1.146484375, 0.962890625, 1.935546875, 1.427734375, 2.095703125, 0.13671875, 0.203125, 0.01171875, 0.6083984375, 0.662109375, 0.220703125, 0.322265625, 1.373046875, 2.876953125, 2.01171875, 2.408203125, 3.091796875, 1.697265625, 0.30859375, 1.591796875, 0.126953125, 1.791015625, 1.041015625, 0.5390625, 1.736328125, 1.61328125, 1.1171875, 1.3779296875, 2.083984375, 1.705078125, 2.171875, 2.814453125, 2.890625, 3.04296875, 1.27734375, 1.650390625, 1.955078125, 1.580078125, 2.51171875, 1.1640625, 2.828125], [2.94140625, 2.75, 1.2529296875, 2.544921875, 2.43359375, 1.1826171875, 2.361328125, 0.9736328125, 0.0, 0.8759765625, 0.5458984375, 2.423828125, 0.0126953125, 2.611328125, 2.443359375, 2.087890625, 0.99365234375, 1.9609375, 1.08984375, 0.1728515625, 0.0107421875, 0.9619140625, 2.400390625, 3.068359375, 1.1103515625, 1.1767578125, 0.9853515625, 0.365234375, 0.3115234375, 0.7529296875, 0.6513671875, 2.345703125, 2.43359375, 1.037109375, 2.900390625, 2.216796875, 2.673828125, 0.6650390625, 2.564453125, 1.1005859375, 0.81689453125, 2.013671875, 1.5126953125, 2.708984375, 0.6396484375, 0.1435546875, 0.404296875, 1.111328125, 0.7314453125, 1.1982421875, 2.494140625, 2.41796875, 2.265625, 0.3037109375, 2.626953125, 2.931640625, 2.552734375, 1.5380859375, 0.1904296875, 1.853515625], [2.46484375, 2.658203125, 0.376953125, 2.861328125, 2.974609375, 0.306640625, 1.486328125, 0.09765625, 0.8759765625, 0.0, 0.330078125, 1.548828125, 0.888671875, 1.736328125, 2.96484375, 1.212890625, 1.869140625, 2.8359375, 1.9658203125, 1.048828125, 0.865234375, 1.837890625, 1.525390625, 2.189453125, 0.234375, 0.30078125, 0.109375, 0.5107421875, 0.564453125, 0.123046875, 0.224609375, 1.470703125, 2.974609375, 1.9130859375, 2.505859375, 3.09375, 1.798828125, 0.2109375, 1.689453125, 0.224609375, 1.693359375, 1.134765625, 0.63671875, 1.830078125, 1.515625, 1.01953125, 1.2802734375, 1.986328125, 1.607421875, 2.07421875, 2.912109375, 2.98828125, 3.140625, 1.1796875, 1.751953125, 2.056640625, 1.673828125, 2.4140625, 1.06640625, 2.73046875], [2.794921875, 2.986328125, 0.70703125, 3.091796875, 2.978515625, 0.63671875, 1.814453125, 0.427734375, 0.5458984375, 0.330078125, 0.0, 1.876953125, 0.55859375, 2.064453125, 2.98828125, 1.541015625, 1.5390625, 2.505859375, 1.6357421875, 0.71875, 0.53515625, 1.5078125, 1.853515625, 2.521484375, 0.564453125, 0.630859375, 0.439453125, 0.1806640625, 0.234375, 0.20703125, 0.10546875, 1.798828125, 2.978515625, 1.5830078125, 2.837890625, 2.763671875, 2.126953125, 0.119140625, 2.017578125, 0.5546875, 1.36328125, 1.466796875, 0.966796875, 2.162109375, 1.185546875, 0.6