{"name": "LZB_n60_2", "n": 60, "m": 8, "times": [[0.0, 34.65625, 69.75, 85.4375, 10.0, 111.5, 30.8125, 40.25, 61.71875, 28.453125, 38.46875, 86.75, 92.375, 78.125, 34.0, 117.0625, 124.5, 64.375, 86.3125, 38.40625, 88.0, 92.625, 102.4375, 73.25, 123.0625, 113.4375, 59.15625, 124.4375, 70.5625, 79.625, 46.375, 51.09375, 44.09375, 32.3125, 43.3125, 73.0625, 25.3125, 26.40625, 56.84375, 65.5, 35.84375, 31.953125, 113.875, 64.875, 90.1875, 68.8125, 97.375, 13.0390625, 82.3125, 28.84375, 69.6875, 101.625, 121.25, 101.5, 101.6875, 119.75, 68.6875, 102.1875, 109.6875, 116.0, 99.0], [34.65625, 0.0, 67.4375, 52.40625, 28.296875, 114.25, 57.5625, 72.0625, 72.5625, 61.59375, 69.3125, 83.875, 66.5, 88.875, 64.0625, 83.25, 129.125, 90.625, 54.5625, 55.0, 122.0625, 112.0625, 102.0625, 51.25, 127.75, 123.625, 59.9375, 159.125, 41.0, 45.65625, 72.5625, 20.03125, 50.6875, 36.34375, 20.25, 106.8125, 56.9375, 60.875, 91.375, 56.625, 56.3125, 36.5, 148.375, 31.953125, 71.5625, 70.6875, 131.375, 27.734375, 91.375, 63.25, 81.5, 123.0625, 87.125, 121.3125, 69.0625, 121.8125, 92.4375, 115.1875, 142.375, 119.9375, 83.625], [69.75, 67.4375, 0.0, 76.5, 74.625, 47.0, 56.0, 103.9375, 130.375, 72.0625, 103.8125, 17.203125, 129.75, 32.6875, 64.125, 128.0, 62.15625, 65.5, 111.0625, 39.0, 117.9375, 162.125, 167.0, 117.75, 60.84375, 182.625, 123.3125, 161.75, 103.25, 96.5, 114.8125, 59.125, 26.6875, 96.0625, 49.1875, 126.1875, 91.75, 85.1875, 107.1875, 123.3125, 45.0, 38.09375, 146.375, 66.625, 138.375, 8.6015625, 146.0, 77.125, 150.875, 79.25, 30.609375, 76.9375, 129.25, 72.5, 84.75, 185.875, 60.59375, 171.875, 163.75, 183.0, 38.46875], [85.4375, 52.40625, 76.5, 0.0, 80.5, 117.8125, 100.0, 124.3125, 119.125, 109.0625, 121.6875, 86.125, 71.8125, 108.25, 108.3125, 52.625, 133.25, 127.75, 47.4375, 89.875, 169.0, 160.875, 137.125, 71.3125, 132.125, 166.125, 102.125, 208.75, 51.09375, 32.1875, 124.625, 34.40625, 78.25, 85.5, 44.5625, 158.5, 109.125, 111.75, 142.0, 91.5625, 94.0625, 70.8125, 196.625, 20.59375, 89.5625, 84.1875, 182.75, 80.125, 135.125, 112.4375, 103.875, 150.875, 53.03125, 147.25, 16.765625, 157.25, 126.5625, 160.125, 194.625, 157.375, 65.375], [10.0, 28.296875, 74.625, 80.5, 0.0, 118.125, 40.59375, 43.84375, 55.75, 38.09375, 41.21875, 91.8125, 82.5625, 86.0, 44.0, 108.8125, 131.625, 74.3125, 77.4375, 46.65625, 96.625, 90.0, 94.5, 63.28125, 130.125, 108.0625, 50.8125, 131.75, 61.3125, 71.6875, 46.1875, 46.8125, 50.25, 23.328125, 41.1875, 78.625, 28.65625, 33.40625, 63.65625, 55.96875, 44.78125, 36.625, 121.8125, 59.9375, 80.25, 74.625, 103.25, 3.162109375, 76.25, 37.5625, 77.6875, 111.3125, 113.25, 111.0, 97.0625, 112.4375, 78.4375, 97.5, 114.125, 109.0625, 100.875], [111.5, 114.25, 47.0, 117.8125, 118.125, 0.0, 89.0, 139.125, 173.25, 104.6875, 140.0, 32.28125, 176.5, 37.65625, 94.5625, 170.375, 15.5234375, 79.3125, 156.875, 74.3125, 132.0, 200.75, 212.25, 164.75, 14.3203125, 224.75, 168.375, 174.875, 150.0, 141.75, 152.875, 105.6875, 67.875, 140.75, 96.1875, 152.875, 129.625, 120.3125, 134.625, 169.625, 78.875, 82.0625, 158.0, 111.6875, 185.375, 44.03125, 167.875, 120.9375, 193.875, 112.3125, 45.3125, 64.875, 170.75, 58.59375, 122.0, 230.5, 71.125, 213.125, 187.75, 227.125, 58.25], [30.8125, 57.5625, 56.0, 100.0, 40.59375, 89.0, 0.0, 50.15625, 88.4375, 16.28125, 51.0, 70.6875, 121.3125, 52.4375, 8.9453125, 140.125, 100.125, 34.0, 112.0625, 17.0, 69.5, 111.8125, 131.375, 103.0, 98.75, 137.875, 89.0625, 111.3125, 97.6875, 102.6875, 64.0625, 67.125, 30.59375, 62.9375, 55.59375, 70.375, 41.21875, 31.3125, 51.34375, 96.3125, 11.046875, 29.828125, 97.8125, 81.0, 120.6875, 51.46875, 91.1875, 43.75, 108.5625, 23.765625, 44.09375, 70.875, 143.5, 70.9375, 114.5625, 147.625, 37.84375, 125.5, 108.0625, 143.25, 92.375], [40.25, 72.0625, 103.9375, 124.3125, 43.84375, 139.125, 50.15625, 0.0, 50.625, 34.46875, 4.125, 119.8125, 115.0, 102.0625, 44.9375, 149.25, 149.75, 70.9375, 116.25, 66.125, 65.375, 62.625, 95.3125, 94.4375, 148.375, 92.4375, 61.65625, 92.125, 99.375, 113.375, 17.46875, 90.5, 77.25, 48.25, 83.5, 36.125, 15.234375, 18.96875, 26.46875, 75.9375, 60.75, 69.0, 85.25, 103.75, 105.3125, 100.6875, 60.8125, 44.40625, 67.4375, 26.921875, 93.9375, 110.0, 154.125, 112.1875, 140.875, 107.6875, 78.5, 79.0, 70.3125, 102.0625, 137.0], [61.71875, 72.5625, 130.375, 119.125, 55.75, 173.25, 88.4375, 50.625, 0.0, 77.0, 46.875, 147.625, 81.0625, 139.375, 87.125, 125.25, 186.125, 117.1875, 92.1875, 99.6875, 115.0, 42.4375, 44.9375, 62.4375, 184.75, 52.34375, 20.25, 134.375, 76.5625, 96.3125, 34.0, 92.0625, 105.625, 36.40625, 91.75, 78.625, 49.1875, 61.75, 76.0625, 37.0, 96.25, 92.375, 131.25, 101.0625, 64.6875, 130.25, 99.9375, 53.34375, 20.609375, 71.125, 130.875, 156.625, 131.0, 157.75, 135.5, 59.375, 123.6875, 42.71875, 100.1875, 54.8125, 154.75], [28.453125, 61.59375, 72.0625, 109.0625, 38.09375, 104.6875, 16.28125, 34.46875, 77.0, 0.0, 35.8125, 87.0, 120.625, 67.625, 10.6328125, 144.75, 115.25, 40.3125, 114.625, 33.125, 60.59375, 96.8125, 121.25, 101.125, 113.875, 124.5625, 80.75, 99.8125, 99.0, 107.1875, 49.59375, 74.9375, 46.09375, 57.09375, 64.6875, 54.90625, 28.015625, 16.28125, 36.125, 90.4375, 27.296875, 42.15625, 87.6875, 89.125, 117.0625, 67.75, 76.875, 40.78125, 96.5, 7.6171875, 59.46875, 79.625, 148.75, 80.75, 124.5, 136.375, 46.65625, 111.75, 92.75, 131.5, 107.8125], [38.46875, 69.3125, 103.8125, 121.6875, 41.21875, 140.0, 51.0, 4.125, 46.875, 35.8125, 0.0, 119.9375, 111.0, 103.25, 46.40625, 145.625, 151.0, 73.4375, 112.625, 66.5, 69.4375, 61.03125, 91.6875, 90.4375, 149.625, 89.8125, 57.5625, 96.0625, 95.6875, 110.0, 14.421875, 88.0, 77.125, 44.40625, 81.5, 39.8125, 13.15625, 19.71875, 30.59375, 71.8125, 61.3125, 68.1875, 89.3125, 101.125, 101.1875, 100.875, 64.4375, 41.59375, 64.0625, 28.421875, 95.0, 112.625, 150.625, 114.625, 138.25, 104.375, 80.8125, 76.5625, 73.25, 98.8125, 136.25], [86.75, 83.875, 17.203125, 86.125, 91.8125, 32.28125, 70.6875, 119.8125, 147.625, 87.0, 119.9375, 0.0, 144.5, 33.59375, 78.25, 138.625, 47.8125, 74.0, 124.625, 53.9375, 127.875, 178.875, 184.125, 133.5, 46.5625, 199.75, 140.5, 171.875, 118.0625, 109.5, 131.375, 73.8125, 43.09375, 113.25, 64.875, 140.0, 108.1875, 100.875, 121.0625, 140.125, 59.6875, 55.21875, 155.875, 79.375, 154.25, 19.234375, 158.625, 94.3125, 168.125, 94.375, 35.84375, 76.5625, 139.125, 71.1875, 91.6875, 203.125, 67.625, 188.875, 177.125, 200.25, 33.40625], [92.375, 66.5, 129.75, 71.8125, 82.5625, 176.5, 121.3125, 115.0, 81.0625, 120.625, 111.0, 144.5, 0.0, 154.75, 126.125, 48.5, 191.875, 155.25, 24.703125, 121.25, 177.25, 121.0625, 76.4375, 20.59375, 190.5, 112.0625, 60.96875, 207.0, 26.578125, 39.6875, 105.1875, 70.75, 116.875, 67.125, 80.9375, 150.375, 103.5, 113.1875, 140.5, 44.03125, 122.0, 102.9375, 199.875, 66.875, 22.015625, 134.75, 174.5, 79.8125, 87.6875, 119.375, 147.625, 189.375, 54.59375, 187.75, 82.375, 95.0, 158.0, 111.0625, 178.75, 97.3125, 133.25], [78.125, 88.875, 32.6875, 108.25, 86.0, 37.65625, 52.4375, 102.0625, 139.375, 67.625, 103.25, 33.59375, 154.75, 0.0, 57.25, 158.625, 47.71875, 43.1875, 138.625, 39.6875, 97.1875, 164.25, 180.375, 140.125, 46.3125, 189.875, 136.875, 140.75, 128.5, 125.0625, 116.5, 86.1875, 38.28125, 109.3125, 74.5625, 115.3125, 93.625, 83.5, 97.0, 140.5, 43.1875, 52.9375, 124.4375, 96.0625, 160.125, 24.359375, 131.125, 89.0625, 159.75, 75.1875, 8.484375, 44.40625, 160.25, 39.8125, 117.3125, 197.875, 35.6875, 177.75, 150.75, 193.875, 66.5], [34.0, 64.0625, 64.125, 108.3125, 44.0, 94.5625, 8.9453125, 44.9375, 87.125, 10.6328125, 46.40625, 78.25, 126.125, 57.25, 0.0, 147.125, 104.8125, 31.046875, 118.25, 25.3125, 60.875, 107.4375, 131.0, 107.25, 103.4375, 135.125, 89.8125, 102.375, 103.3125, 109.5625, 60.21875, 75.0, 39.28125, 64.9375, 63.78125, 62.0625, 38.40625, 26.90625, 43.03125, 98.5, 19.234375, 38.59375, 89.0, 89.0, 124.125, 59.0625, 82.4375, 47.0, 106.8125, 18.03125, 49.25, 69.875, 150.75, 70.6875, 123.0625, 146.5, 36.6875, 122.3125, 99.625, 141.75, 101.0], [117.0625, 83.25, 128.0, 52.625, 108.8125, 170.375, 140.125, 149.25, 125.25, 144.75, 145.625, 138.625, 48.5, 158.625, 147.125, 0.0, 185.875, 171.75, 33.59375, 134.125, 205.0, 166.875, 124.875, 63.15625, 184.75, 160.375, 105.125, 240.25, 50.4375, 37.59375, 143.375, 74.75, 124.9375, 102.0, 87.0625, 185.375, 135.375, 142.25, 172.125, 89.1875, 137.0, 114.1875, 230.625, 62.8125, 70.4375, 135.125, 210.125, 107.0, 134.75, 145.875, 153.25, 199.5, 6.08203125, 196.5, 52.78125, 143.25, 172.125, 158.75, 217.625, 145.75, 117.0625], [124.5, 129.125, 62.15625, 133.25, 131.625, 15.5234375, 100.125, 149.75, 186.125, 115.25, 151.0, 47.8125, 191.875, 47.71875, 104.8125, 185.875, 0.0, 85.875, 172.375, 86.5625, 136.5, 211.875, 226.0, 179.875, 1.4140625, 237.25, 182.125, 178.0, 165.375, 157.25, 164.25, 121.0625, 81.5625, 154.5, 111.375, 160.625, 141.25, 131.25, 143.0, 184.0, 90.625, 96.0625, 161.0, 127.1875, 200.5, 58.53125, 174.0, 134.5, 206.75, 122.8125, 56.03125, 64.125, 186.125, 57.875, 137.0, 244.0, 77.375, 225.25, 194.375, 240.375, 72.4375], [64.375, 90.625, 65.5, 127.75, 74.3125, 79.3125, 34.0, 70.9375, 117.1875, 40.3125, 73.4375, 74.0, 155.25, 43.1875, 31.046875, 171.75, 85.875, 0.0, 145.125, 38.0, 54.125, 133.0, 161.5, 137.0, 84.625, 163.25, 120.8125, 98.0, 131.25, 134.75, 87.8125, 97.3125, 50.0, 95.875, 85.0625, 75.0, 68.0, 55.5625, 58.1875, 129.375, 34.78125, 57.78125, 81.9375, 110.5, 154.5, 57.71875, 88.5625, 77.4375, 136.375, 46.15625, 38.3125, 39.4375, 174.75, 41.21875, 140.625, 176.375, 8.546875, 149.875, 108.6875, 171.375, 103.8125], [86.3125, 54.5625, 111.0625, 47.4375, 77.4375, 156.875, 112.0625, 116.25, 92.1875, 114.625, 112.625, 124.625, 24.703125, 138.625, 118.25, 33.59375, 172.375, 145.125, 0.0, 108.75, 174.125, 134.25, 97.125, 31.40625, 171.125, 130.625, 72.25, 207.75, 16.96875, 15.8125, 109.875, 52.46875, 102.0, 68.5625, 64.125, 152.375, 102.8125, 110.4375, 139.875, 57.0, 110.625, 89.25, 198.875, 45.3125, 44.65625, 116.875, 177.0, 75.3125, 103.0625, 114.9375, 132.125, 176.25, 39.125, 174.0, 57.71875, 116.625, 146.625, 127.6875, 184.125, 118.125, 110.375], [38.40625, 55.0, 39.0, 89.875, 46.65625, 74.3125, 17.0, 66.125, 99.6875, 33.125, 66.5, 53.9375, 121.25, 39.6875, 25.3125, 134.125, 86.5625, 38.0, 108.75, 0.0, 83.1875, 126.5625, 140.75, 104.5625, 85.125, 150.75, 97.375, 126.125, 96.0, 97.5, 78.6875, 59.46875, 14.3203125, 70.0, 47.15625, 87.25, 55.46875, 47.125, 68.25, 102.0625, 6.08203125, 19.921875, 111.8125, 72.5, 123.6875, 34.71875, 107.6875, 49.75, 120.25, 40.4375, 31.234375, 68.0625, 137.0, 66.625, 103.25, 158.125, 38.09375, 138.75, 124.875, 154.25, 75.6875], [88.0, 122.0625, 117.9375, 169.0, 96.625, 132.0, 69.5, 65.375, 115.0, 60.59375, 69.4375, 127.875, 177.25, 97.1875, 60.875, 205.0, 136.5, 54.125, 174.125, 83.1875, 0.0, 112.1875, 158.625, 156.875, 135.375, 147.625, 127.0, 43.96875, 157.875, 167.5, 81.0, 135.25, 97.4375, 110.375, 124.4375, 41.625, 74.0625, 64.0625, 39.0625, 140.75, 77.6875, 99.375, 28.65625, 149.375, 169.75, 110.75, 40.8125, 98.8125, 129.125, 59.15625, 92.4375, 76.5625, 209.125, 81.75, 183.875, 168.25, 61.53125, 133.75, 61.78125, 161.875, 156.375], [92.625, 112.0625, 162.125, 160.875, 90.0, 200.75, 111.8125, 62.625, 42.4375, 96.8125, 61.03125, 178.875, 121.0625, 164.25, 107.4375, 166.875, 211.875, 133.0, 134.25, 126.5625, 112.1875, 0.0, 60.8125, 103.8125, 210.5, 36.34375, 62.03125, 117.0, 118.875, 138.75, 47.875, 132.0, 135.75, 76.0, 129.875, 70.5625, 71.125, 80.6875, 78.5, 77.8125, 121.8125, 124.625, 119.1875, 142.125, 102.1875, 160.25, 83.3125, 88.4375, 34.65625, 89.375, 155.875, 171.375, 172.75, 174.0, 177.375, 61.65625, 140.75, 23.0, 74.9375, 54.4375, 190.875], [102.4375, 102.0625, 167.0, 137.125, 94.5, 212.25, 131.375, 95.3125, 44.9375, 121.25, 91.6875, 184.125, 76.4375, 180.375, 131.0, 124.875, 226.0, 161.5, 97.125, 140.75, 158.625, 60.8125, 0.0, 66.75, 224.5, 37.59375, 43.875, 173.25, 86.6875, 107.5, 78.25, 118.625, 144.375, 71.5, 122.3125, 120.0625, 93.75, 106.375, 120.0625, 46.53125, 138.125, 130.125, 172.375, 123.3125, 54.4375, 168.25, 138.625, 91.5625, 30.15625, 115.6875, 172.0, 200.875, 131.0, 201.75, 151.375, 20.25, 167.75, 41.78125, 134.125, 21.0, 185.375], [73.25, 51.25, 117.75, 71.3125, 63.28125, 164.75, 103.0, 94.4375, 62.4375, 101.125, 90.4375, 133.5, 20.59375, 140.125, 107.25, 63.15625, 179.875, 137.0, 31.40625, 104.5625, 156.875, 103.8125, 66.75, 0.0, 178.5, 99.3125, 42.1875, 186.375, 20.25, 40.78125, 84.8125, 60.4375, 101.8125, 46.625, 68.625, 129.875, 83.0, 93.0, 119.9375, 26.0, 104.6875, 87.375, 179.375, 60.59375, 20.8125, 121.6875, 154.0, 60.40625, 71.8125, 99.4375, 132.625, 172.25, 69.0625, 171.125, 84.875, 86.6875, 140.25, 96.3125, 158.625, 87.5625, 126.625], [123.0625, 127.75, 60.84375, 132.125, 130.125, 14.3203125, 98.75, 148.375, 184.75, 113.875, 149.625, 46.5625, 190.5, 46.3125, 103.4375, 184.75, 1.4140625, 84.625, 171.125, 85.125, 135.375, 210.5, 224.5, 178.5, 0.0, 235.875, 180.75, 177.0, 164.0, 156.0, 162.75, 119.75, 80.125, 153.0, 110.0, 159.375, 139.875, 129.875, 141.75, 182.625, 89.1875, 94.625, 160.0, 125.9375, 199.125, 57.125, 172.75, 133.0, 205.25, 121.4375, 54.65625, 63.34375, 185.0, 57.0625, 136.0, 242.625, 76.1875, 223.875, 193.125, 239.0, 71.5625], [113.4375, 123.625, 182.625, 166.125, 108.0625, 224.75, 137.875, 92.4375, 52.34375, 124.5625, 89.8125, 199.75, 112.0625, 189.875, 135.125, 160.375, 237.25, 163.25, 130.625, 150.75, 147.625, 36.34375, 37.59375, 99.3125, 235.875, 0.0, 64.5625, 153.125, 118.0, 139.0, 75.4375, 142.5, 157.5, 88.25, 143.375, 106.3125, 96.875, 108.375, 112.25, 75.0, 146.75, 144.625, 155.625, 149.875, 90.5, 182.25, 119.625, 105.6875, 32.3125, 117.6875, 181.5, 202.375, 166.5, 204.5, 181.5, 28.65625, 170.5, 13.9296875, 110.25, 21.640625, 206.75], [59.15625, 59.9375, 123.3125, 102.125, 50.8125, 168.375, 89.0625, 61.65625, 20.25, 80.75, 57.5625, 140.5, 60.96875, 136.875, 89.8125, 105.125, 182.125, 120.8125, 72.25, 97.375, 127.0, 62.03125, 43.875, 42.1875, 180.75, 64.5625, 0.0, 150.625, 57.0, 77.25, 47.75, 78.125, 100.5625, 27.65625, 80.0625, 94.0, 55.21875, 67.625, 88.125, 16.96875, 95.0, 86.25, 145.875, 85.3125, 45.78125, 124.4375, 116.75, 47.8125, 33.0625, 76.3125, 128.5, 159.5, 110.9375, 159.875, 118.0, 62.625, 126.3125, 58.0, 118.8125, 60.21875, 143.5], [124.4375, 159.125, 161.75, 208.75, 131.75, 174.875, 111.3125, 92.125, 134.375, 99.8125, 96.0625, 171.875, 207.0, 140.75, 102.375, 240.25, 178.0, 98.0, 207.75, 126.125, 43.96875, 117.0, 173.25, 186.375, 177.0, 153.125, 150.625, 0.0, 191.0, 203.375, 102.9375, 174.375, 140.375, 140.375, 164.5, 56.8125, 105.0, 98.375, 68.125, 166.375, 120.375, 140.875, 17.03125, 188.5, 196.0, 154.625, 34.71875, 133.25, 143.25, 96.3125, 136.25, 115.4375, 244.75, 121.25, 224.25, 178.25, 105.125, 140.0, 44.65625, 171.125, 200.125], [70.5625, 41.0, 103.25, 51.09375, 61.3125, 150.0, 97.6875, 99.375, 76.5625, 99.0, 95.6875, 118.0625, 26.578125, 128.5, 103.3125, 50.4375, 165.375, 131.25, 16.96875, 96.0, 157.875, 118.875, 86.6875, 20.25, 164.0, 118.0, 57.0, 191.0, 0.0, 21.03125, 92.9375, 44.28125, 90.8125, 51.625, 54.40625, 135.5, 86.0, 94.0, 123.125, 43.09375, 97.25, 77.1875, 182.375, 41.71875, 39.21875, 108.1875, 160.125, 59.03125, 88.9375, 98.875, 121.5, 164.0, 55.8125, 162.25, 64.75, 106.75, 133.375, 113.875, 167.125, 107.375, 108.3125], [79.625, 45.65625, 96.5, 32.1875, 71.6875, 141.75, 102.6875, 113.375, 96.3125, 107.1875, 110.0, 109.5, 39.6875, 125.0625, 109.5625, 37.59375, 157.25, 134.75, 15.8125, 97.5, 167.5, 138.75, 107.5, 40.78125, 156.0, 139.0, 77.25, 203.375, 21.03125, 0.0, 109.3125, 39.0625, 89.4375, 67.75, 51.25, 149.25, 99.0, 105.125, 135.25, 64.0, 100.0, 77.6875, 193.375, 30.078125, 57.6875, 102.6875, 174.0, 70.0625, 109.6875, 108.4375, 119.0, 164.125, 41.625, 161.5, 44.28125, 127.5, 135.625, 134.625, 182.75, 128.25, 94.5625], [46.375, 72.5625, 114.8125, 124.625, 46.1875, 152.875, 64.0625, 17.46875, 34.0, 49.59375, 14.421875, 131.375, 105.1875, 116.5, 60.21875, 143.375, 164.25, 87.8125, 109.875, 78.6875, 81.0, 47.875, 78.25, 84.8125, 162.75, 75.4375, 47.75, 102.9375, 92.9375, 109.3125, 0.0, 92.1875, 88.25, 41.625, 87.375, 46.25, 23.265625, 33.3125, 42.0625, 63.5, 73.9375, 77.875, 98.25, 104.375, 93.0625, 112.5625, 69.4375, 45.53125, 49.96875, 42.4375, 108.1875, 127.0625, 148.625, 129.0, 141.375, 90.25, 95.125, 62.28125, 74.25, 84.5625, 145.375], [51.09375, 20.03125, 59.125, 34.40625, 46.8125, 105.6875, 67.125, 90.5, 92.0625, 74.9375, 88.0, 73.8125, 70.75, 86.1875, 75.0, 74.75, 121.0625, 97.3125, 52.46875, 59.46875, 135.25, 132.0, 118.625, 60.4375, 119.75, 142.5, 78.125, 174.375, 44.28125, 39.0625, 92.1875, 0.0, 50.5, 56.15625, 12.3671875, 124.1875, 75.25, 77.375, 107.625, 72.1875, 62.65625, 39.5625, 162.625, 14.140625, 81.1875, 64.5625, 148.375, 46.84375, 110.375, 78.125, 80.0, 125.1875, 77.5, 122.5, 50.59375, 138.625, 97.4375, 134.5, 160.5, 137.375, 67.1875], [44.09375, 50.6875, 26.6875, 78.25, 50.25, 67.875, 30.59375, 77.25, 105.625, 46.09375, 77.125, 43.09375, 116.875, 38.28125, 39.28125, 124.9375, 81.5625, 50.0, 102.0, 14.3203125, 97.4375, 135.75, 144.375, 101.8125, 80.125, 157.5, 100.5625, 140.375, 90.8125, 89.4375, 88.25, 50.5, 0.0, 72.9375, 38.21875, 100.8125, 65.125, 58.5625, 81.875, 102.9375, 20.25, 14.765625, 126.0625, 62.375, 121.8125, 24.703125, 121.75, 53.03125, 126.1875, 53.0, 30.8125, 74.6875, 127.375, 72.125, 90.6875, 162.625, 48.3125, 146.25, 138.625, 159.25, 61.8125], [32.3125, 36.34375, 96.0625, 85.5, 23.328125, 140.75, 62.9375, 48.25, 36.40625, 57.09375, 44.40625, 113.25, 67.125, 109.3125, 64.9375, 102.0, 154.5, 95.875, 68.5625, 70.0, 110.375, 76.0, 71.5, 46.625, 153.0, 88.25, 27.65625, 140.375, 51.625, 67.75, 41.625, 56.15625, 72.9375, 0.0, 55.375, 84.1875, 36.40625, 46.875, 73.375, 33.53125, 68.0, 58.6875, 132.875, 66.25, 60.3125, 96.875, 108.6875, 20.25, 55.9375, 54.15625, 100.9375, 133.75, 107.1875, 133.75, 102.1875, 89.9375, 100.6875, 79.125, 115.625, 87.0, 118.5], [43.3125, 20.25, 49.1875, 44.5625, 41.1875, 96.1875, 55.59375, 83.5, 91.75, 64.6875, 81.5, 64.875, 80.9375, 74.5625, 63.78125, 87.0625, 111.375, 85.0625, 64.125, 47.15625, 124.4375, 129.875, 122.3125, 68.625, 110.0, 143.375, 80.0625, 164.5, 54.40625, 51.25, 87.375, 12.3671875, 38.21875, 55.375, 0.0, 115.8125, 68.4375, 68.875, 98.625, 76.6875, 50.53125, 27.3125, 152.125, 25.546875, 89.375, 53.75, 139.625, 42.0, 111.0625, 68.5, 68.0625, 112.875, 89.8125, 110.3125, 59.8125, 142.0, 85.0625, 134.5, 152.875, 140.125, 63.5], [73.0625, 106.8125, 126.1875, 158.5, 78.625, 152.875, 70.375, 36.125, 78.625, 54.90625, 39.8125, 140.0, 150.375, 115.3125, 62.0625, 185.375, 160.625, 75.0, 152.375, 87.25, 41.625, 70.5625, 120.0625, 129.875, 159.375, 106.3125, 94.0, 56.8125, 135.5, 149.25, 46.25, 124.1875, 100.8125, 84.1875, 115.8125, 0.0, 50.34375, 46.96875, 19.03125, 109.6875, 81.25, 96.5625, 52.625, 137.875, 139.25, 121.0, 24.765625, 79.625, 90.0, 48.75, 108.3125, 108.75, 190.25, 112.6875, 174.75, 128.0, 83.5625, 92.4375, 37.84375, 121.3125, 162.625], [25.3125, 56.9375, 91.75, 109.125, 28.65625, 129.625, 41.21875, 15.234375, 49.1875, 28.015625, 13.15625, 108.1875, 103.5, 93.625, 38.40625, 135.375, 141.25, 68.0, 102.8125, 55.46875, 74.0625, 71.125, 93.75, 83.0, 139.875, 96.875, 55.21875, 105.0, 86.0, 99.0, 23.265625, 75.25, 65.125, 36.40625, 68.4375, 50.34375, 0.0, 12.6484375, 37.21875, 67.375, 50.78125, 55.4375, 96.625, 88.5625, 95.875, 89.3125, 75.0625, 29.40625, 68.5, 21.9375, 85.1875, 107.4375, 140.125, 108.75, 125.6875, 108.4375, 74.625, 84.3125, 85.5, 103.4375, 123.375], [26.40625, 60.875, 85.1875, 111.75, 33.40625, 120.3125, 31.3125, 18.96875, 61.75, 16.28125, 19.71875, 100.875, 113.1875, 83.5, 26.90625, 142.25, 131.25, 55.5625, 110.4375, 47.125, 64.0625, 80.6875, 106.375, 93.0, 129.875, 108.375, 67.625, 98.375, 94.0, 105.125, 33.3125, 77.375, 58.5625, 46.875, 68.875, 46.96875, 12.6484375, 0.0, 30.484375, 79.0625, 41.78125, 51.25, 88.5, 91.25, 107.0625, 81.75, 71.0, 35.21875, 80.75, 9.4375, 75.3125, 95.0, 146.625, 96.5, 127.9375, 120.8125, 62.4375, 95.4375, 84.125, 115.75, 119.0], [56.84375, 91.375, 107.1875, 142.0, 63.65625, 134.625, 51.34375, 26.46875, 76.0625, 36.125, 30.59375, 121.0625, 140.5, 97.0, 43.03125, 172.125, 143.0, 58.1875, 139.875, 68.25, 39.0625, 78.5, 120.0625, 119.9375, 141.75, 112.25, 88.125, 68.125, 123.125, 135.25, 42.0625, 107.625, 81.875, 73.375, 98.625, 19.03125, 37.21875, 30.484375, 0.0, 102.375, 62.1875, 78.125, 59.46875, 121.625, 131.625, 102.0, 41.15625, 65.1875, 91.0, 30.46875, 89.8125, 94.25, 176.75, 97.625, 158.125, 130.75, 66.625, 98.375, 56.71875, 124.625, 143.75], [65.5, 56.625, 123.3125, 91.5625, 55.96875, 169.625, 96.3125, 75.9375, 37.0, 90.4375, 71.8125, 140.125, 44.03125, 140.5, 98.5, 89.1875, 184.0, 129.375, 57.0, 102.0625, 140.75, 77.8125, 46.53125, 26.0, 182.625, 75.0, 16.96875, 166.375, 43.09375, 64.0, 63.5, 72.1875, 102.9375, 33.53125, 76.6875, 109.6875, 67.375, 79.0625, 102.375, 0.0, 100.6875, 88.1875, 161.0, 76.875, 29.546875, 125.625, 132.875, 52.8125, 46.09375, 87.0, 132.375, 167.125, 95.0625, 167.0, 106.6875, 66.6875, 134.125, 70.875, 135.625, 66.125, 139.25], [35.84375, 56.3125, 45.0, 94.0625, 44.78125, 78.875, 11.046875, 60.75, 96.25, 27.296875, 61.3125, 59.6875, 122.0, 43.1875, 19.234375, 137.0, 90.625, 34.78125, 110.625, 6.08203125, 77.6875, 121.8125, 138.125, 104.6875, 89.1875, 146.75, 95.0, 120.375, 97.25, 100.0, 73.9375, 62.65625, 20.25, 68.0, 50.53125, 81.25, 50.78125, 41.78125, 62.1875, 100.6875, 0.0, 23.328125, 106.25, 76.0625, 123.375, 40.4375, 101.625, 47.9375, 116.6875, 34.71875, 34.71875, 67.625, 140.0, 66.6875, 107.8125, 155.125, 36.125, 134.625, 118.8125, 151.0, 81.8125], [31.953125, 36.5, 38.09375, 70.8125, 36.625, 82.0625, 29.828125, 69.0, 92.375, 42.15625, 68.1875, 55.21875, 102.9375, 52.9375, 38.59375, 114.1875, 96.0625, 57.78125, 89.25, 19.921875, 99.375, 124.625, 130.125, 87.375, 94.625, 144.625, 86.25, 140.875, 77.1875, 77.6875, 77.875, 39.5625, 14.765625, 58.6875, 27.3125, 96.5625, 55.4375, 51.25, 78.125, 88.1875, 23.328125, 0.0, 127.625, 52.78125, 107.25, 38.21875, 119.0625, 39.21875, 112.875, 47.8125, 45.21875, 87.0625, 117.0625, 85.0625, 84.875, 148.625, 57.96875, 133.75, 134.375, 145.5, 68.0625], [113.875, 148.375, 146.375, 196.625, 121.8125, 158.0, 97.8125, 85.25, 131.25, 87.6875, 89.3125, 155.875, 199.875, 124.4375, 89.0, 230.625, 161.0, 81.9375, 198.875, 111.8125, 28.65625, 119.1875, 172.375, 179.375, 160.0, 155.625, 145.875, 17.03125, 182.375, 193.375, 98.25, 162.625, 126.0625, 132.875, 152.125, 52.625, 96.625, 88.5, 59.46875, 161.0, 106.25, 127.625, 0.0, 176.75, 190.375, 139.125, 36.40625, 123.6875, 142.25, 85.125, 120.1875, 98.4375, 235.0, 104.25, 211.875, 179.125, 88.75, 142.0, 52.6875, 172.25, 184.875], [64.875, 31.953125, 66.625, 20.59375, 59.9375, 111.6875, 81.0, 103.75, 101.0625, 89.125, 101.125, 79.375, 66.875, 96.0625, 89.0, 62.8125, 127.1875, 110.5, 45.3125, 72.5, 149.375, 142.125, 123.3125, 60.59375, 125.9375, 149.875, 85.3125, 188.5, 41.71875, 30.078125, 104.375, 14.140625, 62.375, 66.25, 25.546875, 137.875, 88.5625, 91.25, 121.625, 76.875, 76.0625, 52.78125, 176.75, 0.0, 80.75, 73.125, 162.25, 59.625, 118.25, 92.1875, 90.5625, 136.75, 65.0, 133.625, 37.15625, 143.5, 110.125, 142.875, 174.0, 143.0, 66.625], [90.1875, 71.5625, 138.375, 89.5625, 80.25, 185.375, 120.6875, 105.3125, 64.6875, 117.0625, 101.1875, 154.25, 22.015625, 160.125, 124.125, 70.4375, 200.5, 154.5, 44.65625, 123.6875, 169.75, 102.1875, 54.4375, 20.8125, 199.125, 90.5, 45.78125, 196.0, 39.21875, 57.6875, 93.0625, 81.1875, 121.8125, 60.3125, 89.375, 139.25, 95.875, 107.0625, 131.625, 29.546875, 123.375, 107.25, 190.375, 80.75, 0.0, 142.25, 162.375, 77.1875, 67.9375, 114.4375, 152.375, 190.875, 76.5, 190.0, 101.75, 73.0, 158.375, 90.375, 164.5, 75.3125, 147.125], [68.8125, 70.6875, 8.6015625, 84.1875, 74.625, 44.03125, 51.46875, 100.6875, 130.25, 67.75, 100.875, 19.234375, 134.75, 24.359375, 59.0625, 135.125, 58.53125, 57.71875, 116.875, 34.71875, 110.75, 160.25, 168.25, 121.6875, 57.125, 182.25, 124.4375, 154.625, 108.1875, 102.6875, 112.5625, 64.5625, 24.703125, 96.875, 53.75, 121.0, 89.3125, 81.75, 102.0, 125.625, 40.4375, 38.21875, 139.125, 73.125, 142.25, 0.0, 140.0, 77.3125, 150.75, 75.125, 22.015625, 68.4375, 136.5, 64.0625, 93.0, 186.75, 52.4375, 171.0, 158.25, 183.625, 46.15625], [97.375, 131.375, 146.0, 182.75, 103.25, 167.875, 91.1875, 60.8125, 99.9375, 76.875, 64.4375, 158.625, 174.5, 131.125, 82.4375, 210.125, 174.0, 88.5625, 177.0, 107.6875, 40.8125, 83.3125, 138.625, 154.0, 172.75, 119.625, 116.75, 34.71875, 160.125, 174.0, 69.4375, 148.375, 121.75, 108.6875, 139.625, 24.765625, 75.0625, 71.0, 41.15625, 132.875, 101.625, 119.0625, 36.40625, 162.25, 162.375, 140.0, 0.0, 104.375, 108.5, 71.5625, 125.0, 116.625, 215.0, 121.5, 199.0, 144.0, 96.875, 106.25, 21.03125, 137.0, 183.375], [13.0390625, 27.734375, 77.125, 80.125, 3.162109375, 120.9375, 43.75, 44.40625, 53.34375, 40.78125, 41.59375, 94.3125, 79.8125, 89.0625, 47.0, 107.0, 134.5, 77.4375, 75.3125, 49.75, 98.8125, 88.4375, 91.5625, 60.40625, 133.0, 105.6875, 47.8125, 133.25, 59.03125, 70.0625, 45.53125, 46.84375, 53.03125, 20.25, 42.0, 79.625, 29.40625, 35.21875, 65.1875, 52.8125, 47.9375, 39.21875, 123.6875, 59.625, 77.1875, 77.3125, 104.375, 0.0, 73.8125, 39.9375, 80.6875, 114.5, 111.5, 114.1875, 96.75, 109.625, 81.5625, 95.3125, 114.75, 106.3125, 102.625], [82.3125, 91.375, 150.875, 135.125, 76.25, 193.875, 108.5625, 67.4375, 20.609375, 96.5, 64.0625, 168.125, 87.6875, 159.75, 106.8125, 134.75, 206.75, 136.375, 103.0625, 120.25, 129.125, 34.65625, 30.15625, 71.8125, 205.25, 32.3125, 33.0625, 143.25, 88.9375, 109.6875, 49.96875, 110.375, 126.1875, 55.9375, 111.0625, 90.0, 68.5, 80.75, 91.0, 46.09375, 116.6875, 112.875, 142.25, 118.25, 67.9375, 150.75, 108.5, 73.8125, 0.0, 90.1875, 151.375, 175.75, 140.75, 177.25, 151.0, 40.3125, 143.125, 25.015625, 104.75, 35.0, 174.375], [28.84375, 63.25, 79.25, 112.4375, 37.5625, 112.3125, 23.765625, 26.921875, 71.125, 7.6171875, 28.421875, 94.375, 119.375, 75.1875, 18.03125, 145.875, 122.8125, 46.15625, 114.9375, 40.4375, 59.15625, 89.375, 115.6875, 99.4375, 121.4375, 117.6875, 76.3125, 96.3125, 98.875, 108.4375, 42.4375, 78.125, 53.0, 54.15625, 68.5, 48.75, 21.9375, 9.4375, 30.46875, 87.0, 34.71875, 47.8125, 85.125, 92.1875, 114.4375, 75.125, 71.5625, 39.9375, 90.1875, 0.0, 67.0625, 85.5625, 150.125, 87.0625, 128.25, 130.25, 53.0, 104.6875, 86.5625, 125.1875, 114.4375], [69.6875, 81.5, 30.609375, 103.875, 77.6875, 45.3125, 44.09375, 93.9375, 130.875, 59.46875, 95.0, 35.84375, 147.625, 8.484375, 49.25, 153.25, 56.03125, 38.3125, 132.125, 31.234375, 92.4375, 155.875, 172.0, 132.625, 54.65625, 181.5, 128.5, 136.25, 121.5, 119.0, 108.1875, 80.0, 30.8125, 100.9375, 68.0625, 108.3125, 85.1875, 75.3125, 89.8125, 132.375, 34.71875, 45.21875, 120.1875, 90.5625, 152.375, 22.015625, 125.0, 80.6875, 151.375, 67.0625, 0.0, 47.15625, 155.25, 43.40625, 113.875, 189.375, 31.78125, 169.25, 144.25, 185.5, 67.1875], [101.625, 123.0625, 76.9375, 150.875, 111.3125, 64.875, 70.875, 110.0, 156.625, 79.625, 112.625, 76.5625, 189.375, 44.40625, 69.875, 199.5, 64.125, 39.4375, 176.25, 68.0625, 76.5625, 171.375, 200.875, 172.25, 63.34375, 202.375, 159.5, 115.4375, 164.0, 164.125, 127.0625, 125.1875, 74.6875, 133.75, 112.875, 108.75, 107.4375, 95.0, 94.25, 167.125, 67.625, 87.0625, 98.4375, 136.75, 190.875, 68.4375, 116.625, 114.5, 175.75, 85.5625, 47.15625, 0.0, 201.625, 6.32421875, 161.0, 215.875, 33.25, 189.0, 137.625, 210.75, 110.0], [121.25, 87.125, 129.25, 53.03125, 113.25, 170.75, 143.5, 154.125, 131.0, 148.75, 150.625, 139.125, 54.59375, 160.25, 150.75, 6.08203125, 186.125, 174.75, 39.125, 137.0, 209.125, 172.75, 131.0, 69.0625, 185.0, 166.5, 110.9375, 244.75, 55.8125, 41.625, 148.625, 77.5, 127.375, 107.1875, 89.8125, 190.25, 140.125, 146.625, 176.75, 95.0625, 140.0, 117.0625, 235.0, 65.0, 76.5, 136.5, 215.0, 111.5, 140.75, 150.125, 155.25, 201.625, 0.0, 198.5, 51.25, 149.25, 174.875, 164.875, 222.75, 151.875, 116.4375], [101.5, 121.3125, 72.5, 147.25, 111.0, 58.59375, 70.9375, 112.1875, 157.75, 80.75, 114.625, 71.1875, 187.75, 39.8125, 70.6875, 196.5, 57.875, 41.21875, 174.0, 66.625, 81.75, 174.0, 201.75, 171.125, 57.0625, 204.5, 159.875, 121.25, 162.25, 161.5, 129.0, 122.5, 72.125, 133.75, 110.3125, 112.6875, 108.75, 96.5, 97.625, 167.0, 66.6875, 85.0625, 104.25, 133.625, 190.0, 64.0625, 121.5, 114.1875, 177.25, 87.0625, 43.40625, 6.32421875, 198.5, 0.0, 157.0, 217.125, 34.125, 191.125, 142.5, 212.25, 104.625], [101.6875, 69.0625, 84.75, 16.765625, 97.0625, 122.0, 114.5625, 140.875, 135.5, 124.5, 138.25, 91.6875, 82.375, 117.3125, 123.0625, 52.78125, 137.0, 140.625, 57.71875, 103.25, 183.875, 177.375, 151.375, 84.875, 136.0, 181.5, 118.0, 224.25, 64.75, 44.28125, 141.375, 50.59375, 90.6875, 102.1875, 59.8125, 174.75, 125.6875, 127.9375, 158.125, 106.6875, 107.8125, 84.875, 211.875, 37.15625, 101.75, 93.0, 199.0, 96.75, 151.0, 128.25, 113.875, 161.0, 51.25, 157.0, 0.0, 171.5, 138.75, 176.0, 211.125, 172.0, 65.75], [119.75, 121.8125, 185.875, 157.25, 112.4375, 230.5, 147.625, 107.6875, 59.375, 136.375, 104.375, 203.125, 95.0, 197.875, 146.5, 143.25, 244.0, 176.375, 116.625, 158.125, 168.25, 61.65625, 20.25, 86.6875, 242.625, 28.65625, 62.625, 178.25, 106.75, 127.5, 90.25, 138.625, 162.625, 89.9375, 142.0, 128.0, 108.4375, 120.8125, 130.75, 66.6875, 155.125, 148.625, 179.125, 143.5, 73.0, 186.75, 144.0, 109.625, 40.3125, 130.25, 189.375, 215.875, 149.25, 217.125, 171.5, 0.0, 183.0, 39.0625, 136.625, 7.28125, 205.25], [68.6875, 92.4375, 60.59375, 126.5625, 78.4375, 71.125, 37.84375, 78.5, 123.6875, 46.65625, 80.8125, 67.625, 158.0, 35.6875, 36.6875, 172.125, 77.375, 8.546875, 146.625, 38.09375, 61.53125, 140.75, 167.75, 140.25, 76.1875, 170.5, 126.3125, 105.125, 133.375, 135.625, 95.125, 97.4375, 48.3125, 100.6875, 85.0625, 83.5625, 74.625, 62.4375, 66.625, 134.125, 36.125, 57.96875, 88.75, 110.125, 158.375, 52.4375, 96.875, 81.5625, 143.125, 53.0, 31.78125, 33.25, 174.875, 34.125, 138.75, 183.0, 0.0, 157.375, 117.0625, 178.125, 98.5], [102.1875, 115.1875, 171.875, 160.125, 97.5, 213.125, 125.5, 79.0, 42.71875, 111.75, 76.5625, 188.875, 111.0625, 177.75, 122.3125, 158.75, 225.25, 149.875, 127.6875, 138.75, 133.75, 23.0, 41.78125, 96.3125, 223.875, 13.9296875, 58.0, 140.0, 113.875, 134.625, 62.28125, 134.5, 146.25, 79.125, 134.5, 92.4375, 84.3125, 95.4375, 98.375, 70.875, 134.625, 133.75, 142.0, 142.875, 90.375, 171.0, 106.25, 95.3125, 25.015625, 104.6875, 169.25, 189.0, 164.875, 191.125, 176.0, 39.0625, 157.375, 0.0, 97.75, 31.78125, 197.375], [109.6875, 142.375, 163.75, 194.625, 114.125, 187.75, 108.0625, 70.3125, 100.1875, 92.75, 73.25, 177.125, 178.75, 150.75, 99.625, 217.625, 194.375, 108.6875, 184.125, 124.875, 61.78125, 74.9375, 134.125, 158.625, 193.125, 110.25, 118.8125, 44.65625, 167.125, 182.75, 74.25, 160.5, 138.625, 115.625, 152.875, 37.84375, 85.5, 84.125, 56.71875, 135.625, 118.8125, 134.375, 52.6875, 174.0, 164.5, 158.25, 21.03125, 114.75, 104.75, 86.5625, 144.25, 137.625, 222.75, 142.5, 211.125, 136.625, 117.0625, 97.75, 0.0, 129.375, 200.375], [116.0, 119.9375, 183.0, 157.375, 109.0625, 227.125, 143.25, 102.0625, 54.8125, 131.5, 98.8125, 200.25, 97.3125, 193.875, 141.75, 145.75, 240.375, 171.375, 118.125, 154.25, 161.875, 54.4375, 21.0, 87.5625, 239.0, 21.640625, 60.21875, 171.125, 107.375, 128.25, 84.5625, 137.375, 159.25, 87.0, 140.125, 121.3125, 103.4375, 115.75, 124.625, 66.125, 151.0, 145.5, 172.25, 143.0, 75.3125, 183.625, 137.0, 106.3125, 35.0, 125.1875, 185.5, 210.75, 151.875, 212.25, 172.0, 7.28125, 178.125, 31.78125, 129.375, 0.0, 203.625], [99.0, 83.625, 38.46875, 65.375, 100.875, 58.25, 92.375, 137.0, 154.75, 107.8125, 136.25, 33.40625, 133.25, 66.5, 101.0, 117.0625, 72.4375, 103.8125, 110.375, 75.6875, 156.375, 190.875, 185.375, 126.625, 71.5625, 206.75, 143.5, 200.125, 108.3125, 94.5625, 145.375, 67.1875, 61.8125, 118.5, 63.5, 162.625, 123.375, 119.0, 143.75, 139.25, 81.8125, 68.0625, 184.875, 66.625, 147.125, 46.15625, 183.375, 102.625, 174.375, 114.4375, 67.1875, 110.0, 116.4375, 104.625, 65.75, 205.25, 98.5, 197.375, 200.375, 203.625, 0.0]], "angleGap": [[0.0, 1.25, 0.2373046875, 0.7646484375, 1.49609375, 2.1484375, 2.587890625, 1.6298828125, 2.69921875, 2.494140625, 1.28515625, 0.5908203125, 1.681640625, 2.40625, 0.1865234375, 1.568359375, 2.267578125, 0.322265625, 1.701171875, 2.92578125, 2.01953125, 1.3916015625, 0.68359375, 1.568359375, 1.7255859375, 1.2958984375, 3.123046875, 0.4033203125, 0.1494140625, 2.20703125, 0.27197265625, 1.380859375, 1.1455078125, 0.4765625, 2.865234375, 2.494140625, 2.986328125, 3.021484375, 1.04296875, 1.8505859375, 1.1572265625, 3.05078125, 0.2177734375, 0.83203125, 1.373046875, 2.923828125, 0.841796875, 1.6357421875, 2.96484375, 1.693359375, 2.107421875, 0.14990234375, 2.044921875, 0.2802734375, 1.4853515625, 2.15625, 1.8017578125, 2.759765625, 1.5380859375, 0.947265625], [1.25, 0.0, 1.0126953125, 2.015625, 0.24560546875, 0.8974609375, 2.4453125, 2.87890625, 1.4482421875, 2.5390625, 0.03466796875, 1.8408203125, 0.431640625, 1.15625, 1.4365234375, 0.318359375, 1.017578125, 1.572265625, 0.45166015625, 1.6767578125, 3.013671875, 2.640625, 1.93359375, 0.31787109375, 2.9765625, 2.546875, 1.9111328125, 1.6533203125, 1.3994140625, 2.826171875, 0.97802734375, 0.130859375, 2.39453125, 0.7734375, 2.16796875, 2.5390625, 2.046875, 2.01171875, 2.29296875, 0.6005859375, 0.0927734375, 1.7998046875, 1.0322265625, 2.08203125, 0.12353515625, 2.109375, 2.091796875, 2.88671875, 1.7138671875, 0.44287109375, 0.857421875, 1.400390625, 0.794921875, 0.9697265625, 2.734375, 0.90625, 3.05078125, 2.2734375, 2.7890625, 0.302490234375], [0.2373046875, 1.0126953125, 0.0, 1.001953125, 1.2578125, 1.91015625, 2.82421875, 1.8671875, 2.4609375, 2.73046875, 1.046875, 0.828125, 1.4443359375, 2.16796875, 0.423828125, 1.3310546875, 2.03125, 0.5595703125, 1.46484375, 2.689453125, 2.255859375, 1.62890625, 0.9208984375, 1.330078125, 1.962890625, 1.533203125, 2.923828125, 0.640625, 0.38671875, 2.443359375, 0.03466796875, 1.1435546875, 1.3828125, 0.2392578125, 3.103515625, 2.732421875, 3.05859375, 3.0234375, 1.2802734375, 1.61328125, 0.919921875, 2.8125, 0.01953125, 1.0693359375, 1.13671875, 3.12109375, 1.0791015625, 1.873046875, 2.7265625, 1.455078125, 1.8701171875, 0.38720703125, 1.8076171875, 0.04296875, 1.72265625, 1.9189453125, 2.0390625, 2.99609375, 1.775390625, 0.7099609375], [0.7646484375, 2.015625, 1.001953125, 0.0, 2.259765625, 2.912109375, 1.822265625, 0.865234375, 2.8203125, 1.728515625, 2.048828125, 0.173828125, 2.4453125, 3.111328125, 0.578125, 2.33203125, 3.03125, 0.4423828125, 2.466796875, 2.591796875, 1.25390625, 0.626953125, 0.0810546875, 2.33203125, 0.9609375, 0.53125, 2.357421875, 0.361328125, 0.615234375, 1.44140625, 1.037109375, 2.14453125, 0.380859375, 1.2412109375, 2.103515625, 1.728515625, 2.220703125, 2.259765625, 0.2783203125, 2.615234375, 1.921875, 2.46875, 0.982421875, 0.0673828125, 2.138671875, 2.158203125, 0.0771484375, 0.87109375, 2.5546875, 2.45703125, 2.87109375, 0.61474609375, 2.80859375, 1.044921875, 0.720703125, 2.921875, 1.037109375, 1.994140625, 0.7734375, 1.7119140625], [1.49609375, 0.24560546875, 1.2578125, 2.259765625, 0.0, 0.65185546875, 2.201171875, 3.125, 1.203125, 2.294921875, 0.2109375, 2.0859375, 0.18603515625, 0.91064453125, 1.681640625, 0.07275390625, 0.77197265625, 1.818359375, 0.2060546875, 1.431640625, 2.76953125, 2.88671875, 2.1796875, 0.072265625, 3.0625, 2.791015625, 1.666015625, 1.8984375, 1.64453125, 2.58203125, 1.2236328125, 0.11474609375, 2.640625, 1.01953125, 1.921875, 2.29296875, 1.80078125, 1.765625, 2.5390625, 0.35498046875, 0.33837890625, 1.5546875, 1.27734375, 2.328125, 0.1220703125, 1.86328125, 2.337890625, 3.130859375, 1.46875, 0.197265625, 0.61181640625, 1.6455078125, 0.54931640625, 1.21484375, 2.98046875, 0.66064453125, 2.986328125, 2.029296875, 3.033203125, 0.5478515625], [2.1484375, 0.8974609375, 1.91015625, 2.912109375, 0.65185546875, 0.0, 1.548828125, 2.505859375, 0.55078125, 1.642578125, 0.86279296875, 2.73828125, 0.4658203125, 0.2587890625, 2.333984375, 0.5791015625, 0.1201171875, 2.46875, 0.44580078125, 0.779296875, 2.119140625, 2.744140625, 2.83203125, 0.57958984375, 2.41015625, 2.83984375, 1.013671875, 2.55078125, 2.296875, 1.931640625, 1.875, 0.7666015625, 2.990234375, 1.6708984375, 1.26953125, 1.640625, 1.1484375, 1.11328125, 3.091796875, 0.296875, 0.990234375, 0.90234375, 1.9296875, 2.98046875, 0.77392578125, 1.2109375, 2.98828125, 2.5, 0.81640625, 0.45458984375, 0.0400390625, 2.296875, 0.1025390625, 1.8671875, 2.650390625, 0.0087890625, 2.333984375, 1.376953125, 2.59765625, 1.2001953125], [2.587890625, 2.4453125, 2.82421875, 1.822265625, 2.201171875, 1.548828125, 0.0, 0.955078125, 0.998046875, 0.09375, 2.412109375, 1.994140625, 2.015625, 1.2900390625, 2.400390625, 2.12890625, 1.4287109375, 2.263671875, 1.994140625, 0.76953125, 0.568359375, 1.197265625, 1.904296875, 2.12890625, 0.861328125, 1.291015625, 0.53515625, 2.181640625, 2.4375, 0.380859375, 2.859375, 2.31640625, 1.439453125, 3.064453125, 0.279296875, 0.091796875, 0.400390625, 0.435546875, 1.544921875, 1.845703125, 2.5390625, 0.646484375, 2.8046875, 1.755859375, 2.322265625, 0.337890625, 1.744140625, 0.951171875, 0.732421875, 2.00390625, 1.5888671875, 2.4375, 1.6513671875, 2.8671875, 1.103515625, 1.5400390625, 0.783203125, 0.171875, 1.048828125, 2.748046875], [1.6298828125, 2.87890625, 1.8671875, 0.865234375, 3.125, 2.505859375, 0.955078125, 0.0, 1.955078125, 0.861328125, 2.9140625, 1.0390625, 2.970703125, 2.248046875, 1.443359375, 3.083984375, 2.384765625, 1.3076171875, 2.951171875, 1.728515625, 0.388671875, 0.23828125, 0.9462890625, 3.0859375, 0.095703125, 0.333984375, 1.494140625, 1.2265625, 1.48046875, 0.576171875, 1.90234375, 3.01171875, 0.484375, 2.10546875, 1.236328125, 0.865234375, 1.357421875, 1.392578125, 0.5869140625, 2.802734375, 2.787109375, 1.603515625, 1.84765625, 0.7978515625, 3.00390625, 1.294921875, 0.7880859375, 0.005859375, 1.689453125, 2.9609375, 2.544921875, 1.48046875, 2.607421875, 1.91015625, 0.14453125, 2.498046875, 0.171875, 1.126953125, 0.091796875, 2.578125], [2.69921875, 1.4482421875, 2.4609375, 2.8203125, 1.203125, 0.55078125, 0.998046875, 1.955078125, 0.0, 1.091796875, 1.4140625, 2.994140625, 1.0166015625, 0.2919921875, 2.884765625, 1.1298828125, 0.4306640625, 3.01953125, 0.99658203125, 0.228515625, 1.564453125, 2.193359375, 2.900390625, 1.130859375, 1.861328125, 2.2890625, 0.462890625, 3.1015625, 2.84765625, 1.376953125, 2.42578125, 1.3173828125, 2.439453125, 2.22265625, 0.71875, 1.08984375, 0.59765625, 0.5625, 2.541015625, 0.84765625, 1.541015625, 0.3515625, 2.48046875, 2.751953125, 1.32421875, 0.66015625, 2.744140625, 1.947265625, 0.265625, 1.005859375, 0.5908203125, 2.84765625, 0.6533203125, 2.41796875, 2.099609375, 0.5419921875, 1.783203125, 0.826171875, 2.048828125, 1.7509765625], [2.494140625, 2.5390625, 2.73046875, 1.728515625, 2.294921875, 1.642578125, 0.09375, 0.861328125, 1.091796875, 0.0, 2.505859375, 1.900390625, 2.109375, 1.3837890625, 2.306640625, 2.22265625, 1.5224609375, 2.169921875, 2.087890625, 0.86328125, 0.474609375, 1.103515625, 1.810546875, 2.22265625, 0.767578125, 1.197265625, 0.62890625, 2.087890625, 2.34375, 0.287109375, 2.765625, 2.41015625, 1.345703125, 2.970703125, 0.373046875, 0.001953125, 0.494140625, 0.529296875, 1.451171875, 1.939453125, 2.6328125, 0.740234375, 2.7109375, 1.662109375, 2.416015625, 0.431640625, 1.650390625, 0.857421875, 0.826171875, 2.09765625, 1.6826171875, 2.34375, 1.7451171875, 2.7734375, 1.009765625, 1.6337890625, 0.689453125, 0.265625, 0.955078125, 2.841796875], [1.28515625, 0.03466796875, 1.046875, 2.048828125, 0.2109375, 0.86279296875, 2.412109375, 2.9140625, 1.4140625, 2.505859375, 0.0, 1.875, 0.39697265625, 1.12109375, 1.470703125, 0.28369140625, 0.98291015625, 1.607421875, 0.4169921875, 1.642578125, 2.98046875, 2.67578125, 1.96875, 0.283203125, 3.009765625, 2.580078125, 1.876953125, 1.6875, 1.43359375, 2.79296875, 1.0126953125, 0.09619140625, 2.4296875, 0.80810546875, 2.1328125, 2.50390625, 2.01171875, 1