{"name": "LZB_n60_8", "n": 60, "m": 8, "times": [[0.0, 97.625, 85.75, 77.4375, 89.4375, 118.25, 53.15625, 92.4375, 77.125, 36.34375, 55.46875, 71.375, 55.75, 118.3125, 76.0, 47.0625, 97.0625, 62.40625, 123.875, 115.25, 101.0, 48.0, 90.9375, 89.4375, 117.375, 52.9375, 100.375, 104.1875, 29.15625, 95.25, 77.9375, 53.34375, 74.3125, 36.78125, 25.171875, 56.40625, 87.8125, 94.4375, 98.5, 99.9375, 41.03125, 76.5, 124.1875, 89.1875, 30.875, 88.75, 9.8515625, 24.078125, 107.5625, 61.71875, 88.5, 124.9375, 127.0, 52.1875, 15.6171875, 50.0, 71.5625, 11.3984375, 106.9375, 51.84375, 62.0], [97.625, 0.0, 182.375, 112.3125, 185.125, 20.8125, 137.375, 94.8125, 127.75, 128.0, 150.75, 53.0, 152.75, 150.625, 115.125, 140.125, 58.1875, 90.9375, 27.859375, 161.125, 179.0, 72.5625, 96.3125, 177.75, 154.0, 51.90625, 151.875, 38.9375, 77.875, 163.375, 55.3125, 150.125, 136.5, 134.375, 114.375, 153.5, 175.0, 79.375, 163.25, 193.375, 108.25, 129.0, 166.5, 80.0625, 112.75, 101.625, 88.625, 80.1875, 164.5, 44.65625, 180.0, 163.25, 164.375, 116.125, 99.8125, 141.5, 86.0, 88.0625, 200.875, 149.25, 67.625], [85.75, 182.375, 0.0, 136.0, 8.6015625, 203.25, 77.4375, 144.625, 99.4375, 68.5625, 49.25, 154.75, 30.015625, 134.125, 110.875, 44.21875, 168.125, 132.875, 209.25, 118.25, 64.875, 118.875, 142.125, 71.375, 129.375, 138.25, 133.75, 189.125, 106.0625, 80.625, 160.5, 32.4375, 110.8125, 50.15625, 78.5625, 39.0, 74.0625, 170.875, 86.6875, 58.0, 84.75, 97.3125, 126.9375, 149.875, 73.4375, 155.375, 94.0625, 107.8125, 101.0, 142.125, 27.296875, 161.25, 163.5, 104.0625, 89.3125, 63.125, 144.375, 94.375, 59.0625, 40.3125, 142.25], [77.4375, 112.3125, 136.0, 0.0, 143.125, 126.5, 59.53125, 159.0, 154.125, 68.5625, 87.125, 59.40625, 111.0, 194.5, 151.375, 114.5, 146.5, 22.5625, 126.625, 192.625, 173.375, 111.75, 158.375, 89.9375, 194.125, 66.5, 39.8125, 89.6875, 95.25, 171.25, 58.6875, 110.5, 33.59375, 92.1875, 63.25, 97.0, 85.9375, 47.5, 175.0, 112.3125, 118.25, 153.625, 201.5, 150.75, 107.9375, 21.953125, 80.0, 61.0625, 184.75, 105.9375, 150.875, 53.75, 55.375, 32.125, 62.4375, 73.125, 26.6875, 82.0625, 119.875, 96.125, 45.0], [89.4375, 185.125, 8.6015625, 143.125, 0.0, 205.875, 85.0, 142.75, 96.0625, 75.125, 56.875, 159.375, 34.46875, 129.0, 108.1875, 45.34375, 168.0, 139.0, 212.125, 112.4375, 57.59375, 119.625, 140.125, 80.0, 124.0, 142.25, 142.0, 193.375, 107.9375, 74.5625, 165.375, 36.40625, 118.6875, 55.09375, 84.375, 46.28125, 82.6875, 176.75, 80.625, 66.25, 84.375, 93.875, 120.9375, 148.75, 74.25, 162.125, 97.25, 112.1875, 94.875, 143.875, 19.921875, 169.5, 171.75, 111.0, 94.25, 70.5625, 150.5, 97.4375, 66.875, 47.0, 147.5], [118.25, 20.8125, 203.25, 126.5, 205.875, 0.0, 156.5, 109.5625, 146.375, 147.875, 170.875, 67.4375, 173.5, 166.25, 133.125, 160.875, 69.875, 106.3125, 9.21875, 178.125, 198.875, 92.375, 111.375, 196.75, 170.125, 70.75, 166.25, 41.96875, 98.625, 182.625, 67.875, 170.875, 153.125, 155.0, 134.375, 174.0, 193.75, 88.1875, 182.25, 213.0, 128.5, 147.625, 183.0, 94.5, 133.5, 113.1875, 109.3125, 100.125, 182.75, 64.625, 200.75, 175.125, 176.125, 133.75, 119.875, 161.25, 99.8125, 108.875, 220.625, 169.75, 83.1875], [53.15625, 137.375, 77.4375, 59.53125, 85.0, 156.5, 0.0, 145.125, 121.8125, 19.234375, 28.15625, 94.0625, 55.9375, 164.0, 124.625, 65.9375, 148.875, 61.78125, 159.875, 156.375, 123.6875, 101.0625, 143.5, 40.3125, 161.75, 85.75, 59.6875, 130.125, 82.0, 127.375, 97.75, 56.34375, 34.1875, 41.78125, 28.015625, 38.84375, 37.5625, 100.1875, 132.25, 58.0625, 87.875, 120.5625, 165.75, 142.375, 73.375, 80.25, 62.0, 58.53125, 144.375, 110.625, 95.5, 87.3125, 89.5625, 29.15625, 41.4375, 14.5625, 73.375, 64.0, 65.875, 39.21875, 78.5625], [92.4375, 94.8125, 144.625, 159.0, 142.75, 109.5625, 145.125, 0.0, 50.9375, 127.0, 140.0, 118.5625, 122.8125, 57.0, 36.25, 103.0625, 41.3125, 137.875, 118.6875, 71.3125, 109.625, 47.40625, 2.828125, 178.125, 61.28125, 99.0, 189.875, 129.0, 65.5625, 88.0625, 125.25, 119.625, 165.125, 115.1875, 117.5, 135.625, 177.25, 151.75, 85.1875, 182.875, 62.65625, 53.0625, 74.6875, 15.03125, 77.3125, 161.25, 84.75, 98.8125, 80.5, 60.21875, 128.625, 211.625, 213.5, 141.875, 106.625, 139.375, 141.375, 82.5625, 188.5, 130.5, 122.4375], [77.125, 127.75, 99.4375, 154.125, 96.0625, 146.375, 121.8125, 50.9375, 0.0, 102.5625, 107.875, 131.875, 83.5, 42.1875, 15.0, 63.78125, 86.8125, 137.0, 154.875, 38.9375, 58.78125, 57.21875, 48.09375, 146.625, 40.46875, 110.0625, 176.375, 153.75, 63.6875, 38.09375, 139.125, 80.625, 149.625, 83.1875, 97.8125, 100.4375, 146.75, 162.25, 36.40625, 146.0, 36.0625, 2.236328125, 47.4375, 61.625, 48.8125, 163.125, 74.375, 94.875, 37.0, 84.0, 79.875, 201.75, 203.875, 128.875, 92.625, 111.875, 144.25, 72.4375, 150.375, 95.8125, 129.375], [36.34375, 128.0, 68.5625, 68.5625, 75.125, 147.875, 19.234375, 127.0, 102.5625, 0.0, 23.59375, 90.125, 42.4375, 144.75, 105.5, 48.5625, 133.375, 64.3125, 152.25, 137.375, 107.375, 84.1875, 125.3125, 53.15625, 142.625, 77.8125, 76.8125, 126.0, 65.5, 109.3125, 95.0, 41.96875, 50.21875, 24.59375, 13.6015625, 30.359375, 51.46875, 102.625, 114.0, 65.5, 68.6875, 101.375, 146.875, 125.0, 54.125, 87.0, 45.90625, 47.8125, 125.875, 96.8125, 82.375, 104.0625, 106.25, 36.5, 28.296875, 13.9296875, 75.9375, 47.6875, 72.9375, 28.28125, 76.0625], [55.46875, 150.75, 49.25, 87.125, 56.875, 170.875, 28.15625, 140.0, 107.875, 23.59375, 0.0, 113.75, 30.484375, 149.125, 113.75, 45.65625, 151.5, 86.3125, 175.375, 138.75, 99.375, 101.125, 138.0, 38.84375, 146.0, 101.125, 86.0, 149.625, 83.5, 106.1875, 118.5, 31.828125, 61.84375, 25.171875, 36.78125, 11.1796875, 38.90625, 124.9375, 111.625, 44.59375, 78.25, 106.25, 148.125, 140.125, 63.125, 107.1875, 65.3125, 70.75, 124.8125, 117.1875, 68.4375, 113.75, 115.9375, 55.59375, 51.0, 14.0390625, 98.0, 66.6875, 51.46875, 13.453125, 99.5], [71.375, 53.0, 154.75, 59.40625, 159.375, 67.4375, 94.0625, 118.5625, 131.875, 90.125, 113.75, 0.0, 125.0, 165.875, 123.6875, 118.4375, 95.1875, 38.90625, 68.5625, 170.25, 170.0, 76.9375, 118.875, 133.375, 167.375, 21.84375, 99.125, 36.125, 68.6875, 160.25, 7.28125, 123.0625, 86.0, 104.5625, 77.5, 119.5625, 130.125, 33.25, 162.125, 152.0, 101.0, 132.25, 177.75, 106.75, 98.0, 49.46875, 66.1875, 47.53125, 167.875, 58.6875, 159.875, 110.4375, 111.625, 68.25, 65.375, 101.8125, 33.0, 67.0625, 159.875, 116.3125, 16.125], [55.75, 152.75, 30.015625, 111.0, 34.46875, 173.5, 55.9375, 122.8125, 83.5, 42.4375, 30.484375, 125.0, 0.0, 123.0, 92.0625, 20.03125, 141.875, 105.25, 179.375, 110.6875, 68.875, 91.5625, 120.4375, 65.75, 119.25, 108.25, 115.4375, 159.25, 77.3125, 76.5625, 130.875, 3.162109375, 90.0625, 20.609375, 50.25, 19.84375, 66.875, 142.5, 82.125, 62.5, 60.4375, 81.625, 120.0, 125.875, 47.0, 129.0, 64.1875, 77.875, 95.75, 113.375, 40.03125, 143.125, 145.375, 78.9375, 59.78125, 41.59375, 116.5, 64.6875, 67.0, 17.203125, 113.0625], [118.3125, 150.625, 134.125, 194.5, 129.0, 166.25, 164.0, 57.0, 42.1875, 144.75, 149.125, 165.875, 123.0, 0.0, 43.40625, 104.0625, 98.1875, 176.125, 175.375, 20.8125, 78.1875, 89.0, 55.0, 187.5, 6.40234375, 144.5, 218.25, 182.25, 100.8125, 56.09375, 173.125, 120.3125, 191.625, 124.875, 139.875, 141.0, 188.0, 198.0, 50.4375, 185.125, 77.625, 43.40625, 19.234375, 72.0, 91.0, 201.875, 114.5625, 134.125, 38.09375, 111.3125, 110.3125, 243.25, 245.375, 170.375, 134.0, 153.875, 182.375, 112.4375, 188.875, 136.625, 165.875], [76.0, 115.125, 110.875, 151.375, 108.1875, 133.125, 124.625, 36.25, 15.0, 105.5, 113.75, 123.6875, 92.0625, 43.40625, 0.0, 72.0, 72.0, 132.75, 141.75, 47.0625, 73.75, 47.125, 33.40625, 152.625, 43.90625, 102.0625, 176.375, 143.0, 57.4375, 53.0, 130.875, 89.0, 150.125, 88.625, 98.875, 107.4375, 152.375, 155.25, 51.0, 154.125, 36.78125, 17.03125, 54.09375, 46.625, 51.53125, 158.375, 71.5, 90.6875, 49.65625, 72.3125, 93.0, 200.875, 202.875, 128.25, 91.625, 116.0625, 139.0, 69.375, 159.0, 102.5625, 122.8125], [47.0625, 140.125, 44.21875, 114.5, 45.34375, 160.875, 65.9375, 103.0625, 63.78125, 48.5625, 45.65625, 118.4375, 20.03125, 104.0625, 72.0, 0.0, 124.0, 104.8125, 167.375, 93.0625, 59.09375, 74.625, 100.6875, 83.5625, 100.6875, 99.625, 125.1875, 150.875, 62.625, 61.53125, 124.9375, 17.0, 98.75, 24.203125, 51.25, 37.0, 84.1875, 140.0, 66.625, 82.3125, 41.21875, 61.96875, 102.5, 106.75, 29.203125, 130.25, 53.5, 71.0, 79.375, 98.5, 41.5, 152.5, 154.75, 83.375, 56.03125, 53.0625, 115.375, 53.3125, 87.0, 32.6875, 108.4375], [97.0625, 58.1875, 168.125, 146.5, 168.0, 69.875, 148.875, 41.3125, 86.8125, 133.375, 151.5, 95.1875, 141.875, 98.1875, 72.0, 124.0, 0.0, 123.9375, 79.0625, 112.375, 144.75, 50.6875, 43.5625, 186.5, 102.5625, 80.4375, 182.375, 95.8125, 68.125, 124.9375, 100.6875, 138.75, 160.75, 128.875, 121.1875, 150.0, 184.75, 127.625, 123.0, 196.125, 83.625, 88.6875, 116.0, 26.6875, 95.0, 143.125, 87.5, 93.0625, 120.1875, 40.78125, 157.125, 200.25, 201.75, 137.5, 107.4375, 147.125, 124.0625, 85.6875, 202.75, 145.0, 103.875], [62.40625, 90.9375, 132.875, 22.5625, 139.0, 106.3125, 61.78125, 137.875, 137.0, 64.3125, 86.3125, 38.90625, 105.25, 176.125, 132.75, 104.8125, 123.9375, 0.0, 107.3125, 175.875, 162.25, 91.0625, 137.375, 98.5, 176.25, 43.9375, 61.0625, 72.375, 75.6875, 157.625, 39.8125, 104.0625, 47.40625, 85.0, 55.03125, 94.625, 94.875, 38.625, 160.875, 119.0625, 101.6875, 136.75, 184.5, 129.0, 93.25, 26.40625, 62.78125, 42.1875, 169.5, 83.5625, 144.0, 76.25, 77.8125, 33.0, 49.25, 72.8125, 11.703125, 64.6875, 126.8125, 92.5625, 23.34375], [123.875, 27.859375, 209.25, 126.625, 212.125, 9.21875, 159.875, 118.6875, 154.875, 152.25, 175.375, 68.5625, 179.375, 175.375, 141.75, 167.375, 79.0625, 107.3125, 0.0, 187.125, 206.875, 100.3125, 120.5, 200.0, 179.125, 74.5, 166.375, 39.0, 105.5625, 190.875, 68.0, 176.875, 154.5, 160.5, 138.75, 179.0, 196.875, 86.0625, 190.625, 216.875, 136.125, 156.125, 192.0, 103.6875, 140.375, 112.0, 115.1875, 104.6875, 191.375, 72.4375, 207.625, 173.875, 174.625, 136.125, 124.4375, 165.25, 100.0, 114.875, 224.625, 174.875, 84.5625], [115.25, 161.125, 118.25, 192.625, 112.4375, 178.125, 156.375, 71.3125, 38.9375, 137.375, 138.75, 170.25, 110.6875, 20.8125, 47.0625, 93.0625, 112.375, 175.875, 187.125, 0.0, 58.84375, 94.125, 68.875, 176.25, 14.421875, 148.375, 213.0, 190.125, 102.4375, 38.0, 177.5, 108.3125, 186.125, 115.6875, 134.375, 129.75, 177.125, 201.0, 32.0, 171.75, 74.375, 39.125, 9.4375, 85.6875, 85.5625, 202.0, 113.1875, 133.75, 18.25, 119.1875, 93.0625, 239.0, 241.125, 166.25, 130.625, 145.0, 183.25, 111.25, 174.875, 125.6875, 168.25], [101.0, 179.0, 64.875, 173.375, 57.59375, 198.875, 123.6875, 109.625, 58.78125, 107.375, 99.375, 170.0, 68.875, 78.1875, 73.75, 59.09375, 144.75, 162.25, 206.875, 58.84375, 0.0, 106.5625, 106.8125, 132.125, 72.25, 149.125, 183.375, 198.5, 104.0625, 22.828125, 177.0, 67.8125, 157.25, 82.75, 110.125, 88.5, 134.0, 195.375, 27.859375, 122.3125, 71.375, 56.71875, 66.1875, 120.25, 72.0, 188.25, 104.125, 124.5625, 40.59375, 134.375, 37.6875, 211.0, 213.125, 142.5, 113.0, 109.875, 172.25, 103.0625, 123.875, 86.0625, 162.625], [48.0, 72.5625, 118.875, 111.75, 119.625, 92.375, 101.0625, 47.40625, 57.21875, 84.1875, 101.125, 76.9375, 91.5625, 89.0, 47.125, 74.625, 50.6875, 91.0625, 100.3125, 94.125, 106.5625, 0.0, 46.65625, 137.0, 90.5, 55.5625, 142.625, 96.5, 19.109375, 91.0625, 84.125, 88.5, 118.3125, 78.1875, 73.0, 99.375, 135.625, 109.0625, 91.375, 145.625, 36.90625, 58.0625, 101.1875, 41.59375, 45.46875, 115.25, 39.125, 51.4375, 94.1875, 27.890625, 111.0625, 164.25, 166.125, 94.875, 60.65625, 97.625, 95.4375, 37.0625, 152.125, 94.3125, 77.625], [90.9375, 96.3125, 142.125, 158.375, 140.125, 111.375, 143.5, 2.828125, 48.09375, 125.3125, 138.0, 118.875, 120.4375, 55.0, 33.40625, 100.6875, 43.5625, 137.375, 120.5, 68.875, 106.8125, 46.65625, 0.0, 176.125, 59.125, 99.0625, 188.875, 130.0, 64.5, 85.25, 125.625, 117.25, 164.0, 113.0625, 115.9375, 133.5, 175.375, 152.0, 82.4375, 180.75, 60.40625, 50.25, 72.4375, 17.03125, 75.1875, 161.0, 83.5, 98.0, 77.8125, 60.75, 125.875, 210.875, 212.75, 140.75, 105.3125, 137.625, 141.125, 81.25, 186.25, 128.375, 122.375], [89.4375, 177.75, 71.375, 89.9375, 80.0, 196.75, 40.3125, 178.125, 146.625, 53.15625, 38.84375, 133.375, 65.75, 187.5, 152.625, 83.5625, 186.5, 98.5, 200.0, 176.25, 132.125, 137.0, 176.125, 0.0, 184.25, 126.0625, 71.125, 169.25, 118.5625, 142.125, 136.5, 68.0, 56.875, 63.9375, 65.8125, 46.625, 4.125, 135.375, 147.875, 23.34375, 116.8125, 144.875, 185.625, 177.25, 101.6875, 111.875, 99.0625, 98.5, 161.5, 149.625, 96.875, 96.3125, 98.4375, 65.75, 80.3125, 39.46875, 109.5, 100.8125, 30.359375, 50.90625, 117.5625], [117.375, 154.0, 129.375, 194.125, 124.0, 170.125, 161.75, 61.28125, 40.46875, 142.625, 146.0, 167.375, 119.25, 6.40234375, 43.90625, 100.6875, 102.5625, 176.25, 179.125, 14.421875, 72.25, 90.5, 59.125, 184.25, 0.0, 145.75, 216.75, 184.875, 101.25, 50.5, 174.5, 116.6875, 190.125, 122.0625, 138.25, 137.625, 184.75, 199.0, 44.71875, 181.125, 76.4375, 41.40625, 13.6015625, 76.1875, 89.1875, 202.0, 114.125, 134.0, 31.953125, 113.75, 105.0625, 242.125, 244.25, 169.25, 133.0, 151.25, 182.75, 112.0625, 184.75, 133.375, 166.75], [52.9375, 51.90625, 138.25, 66.5, 142.25, 70.75, 85.75, 99.0, 110.0625, 77.8125, 101.125, 21.84375, 108.25, 144.5, 102.0625, 99.625, 80.4375, 43.9375, 74.5, 148.375, 149.125, 55.5625, 99.0625, 126.0625, 145.75, 0.0, 104.1875, 51.25, 46.875, 138.75, 29.125, 106.0, 86.0, 88.3125, 64.375, 105.4375, 123.1875, 53.53125, 140.375, 142.375, 79.375, 110.4375, 156.0, 88.25, 77.3125, 63.28125, 46.3125, 30.8125, 146.0, 40.8125, 141.125, 120.0625, 121.5625, 64.5625, 50.4375, 90.8125, 43.84375, 46.875, 150.125, 101.625, 23.859375], [100.375, 151.875, 133.75, 39.8125, 142.0, 166.25, 59.6875, 189.875, 176.375, 76.8125, 86.0, 99.125, 115.4375, 218.25, 176.375, 125.1875, 182.375, 61.0625, 166.375, 213.0, 183.375, 142.625, 188.875, 71.125, 216.75, 104.1875, 0.0, 129.0, 124.375, 186.125, 98.5, 116.0, 26.875, 101.0, 78.625, 97.1875, 67.0625, 84.5625, 190.75, 94.3125, 140.625, 175.375, 222.25, 183.5, 127.6875, 56.8125, 106.0625, 91.4375, 202.375, 141.625, 154.375, 27.734375, 29.96875, 48.375, 84.875, 73.8125, 66.5, 108.3125, 100.8125, 98.375, 84.3125], [104.1875, 38.9375, 189.125, 89.6875, 193.375, 41.96875, 130.125, 129.0, 153.75, 126.0, 149.625, 36.125, 159.25, 182.25, 143.0, 150.875, 95.8125, 72.375, 39.0, 190.125, 198.5, 96.5, 130.0, 169.25, 184.875, 51.25, 129.0, 0.0, 94.4375, 186.0, 32.8125, 157.125, 119.6875, 139.125, 113.1875, 155.125, 165.875, 47.09375, 187.0, 188.125, 127.375, 154.5, 196.5, 114.9375, 127.5, 73.5625, 97.4375, 81.375, 190.625, 71.0625, 192.25, 135.125, 135.875, 103.6875, 100.375, 137.875, 63.5, 97.8125, 195.875, 151.625, 51.65625], [29.15625, 77.875, 106.0625, 95.25, 107.9375, 98.625, 82.0, 65.5625, 63.6875, 65.5, 83.5, 68.6875, 77.3125, 100.8125, 57.4375, 62.625, 68.125, 75.6875, 105.5625, 102.4375, 104.0625, 19.109375, 64.5, 118.5625, 101.25, 46.875, 124.375, 94.4375, 0.0, 92.125, 75.9375, 74.4375, 99.625, 61.78125, 54.0, 82.75, 116.9375, 98.625, 93.625, 128.125, 33.0, 63.90625, 110.5, 60.65625, 34.875, 101.0625, 20.03125, 34.21875, 99.1875, 36.0625, 102.0625, 146.875, 148.75, 76.3125, 41.59375, 79.0625, 81.625, 18.0, 134.875, 77.8125, 65.75], [95.25, 163.375, 80.625, 171.25, 74.5625, 182.625, 127.375, 88.0625, 38.09375, 109.3125, 106.1875, 160.25, 76.5625, 56.09375, 53.0, 61.53125, 124.9375, 157.625, 190.875, 38.0, 22.828125, 91.0625, 85.25, 142.125, 50.5, 138.75, 186.125, 186.0, 92.125, 0.0, 167.5, 74.625, 159.5, 85.5625, 109.3125, 96.25, 143.375, 188.0, 6.08203125, 135.5, 59.3125, 36.25, 46.375, 99.5625, 64.5, 184.0, 96.3125, 117.4375, 20.390625, 118.875, 55.09375, 213.25, 215.375, 142.0, 109.1875, 114.5625, 166.625, 94.8125, 138.25, 92.8125, 154.75], [77.9375, 55.3125, 160.5, 58.6875, 165.375, 67.875, 97.75, 125.25, 139.125, 95.0, 118.5, 7.28125, 130.875, 173.125, 130.875, 124.9375, 100.6875, 39.8125, 68.0, 177.5, 177.0, 84.125, 125.625, 136.5, 174.5, 29.125, 98.5, 32.8125, 75.9375, 167.5, 0.0, 129.0, 87.25, 110.375, 82.75, 124.75, 133.125, 27.015625, 169.375, 155.75, 108.1875, 139.5, 185.0, 113.1875, 105.0, 46.28125, 73.0625, 53.9375, 175.125, 65.1875, 166.25, 108.0625, 109.125, 70.9375, 71.1875, 106.25, 32.0, 74.0, 163.625, 121.6875, 19.203125], [53.34375, 150.125, 32.4375, 110.5, 36.40625, 170.875, 56.34375, 119.625, 80.625, 41.96875, 31.828125, 123.0625, 3.162109375, 120.3125, 89.0, 17.0, 138.75, 104.0625, 176.875, 108.3125, 67.8125, 88.5, 117.25, 68.0, 116.6875, 106.0, 116.0, 157.125, 74.4375, 74.625, 129.0, 0.0, 90.375, 19.109375, 49.03125, 21.640625, 68.9375, 141.125, 80.125, 65.375, 57.28125, 78.75, 117.6875, 122.6875, 43.875, 128.25, 61.625, 75.75, 93.625, 110.4375, 40.4375, 143.625, 145.875, 78.4375, 57.96875, 42.1875, 115.25, 62.0, 70.0, 18.390625, 111.3125], [74.3125, 136.5, 110.8125, 33.59375, 118.6875, 153.125, 34.1875, 165.125, 149.625, 50.21875, 61.84375, 86.0, 90.0625, 191.625, 150.125, 98.75, 160.75, 47.40625, 154.5, 186.125, 157.25, 118.3125, 164.0, 56.875, 190.125, 86.0, 26.875, 119.6875, 99.625, 159.5, 87.25, 90.375, 0.0, 74.625, 51.84375, 72.8125, 52.8125, 80.625, 164.0, 79.6875, 114.0625, 148.625, 195.375, 159.625, 100.875, 55.46875, 80.625, 68.0625, 175.5, 120.25, 129.75, 53.8125, 56.03125, 23.53125, 59.03125, 48.71875, 56.625, 82.875, 87.0625, 73.375, 70.0], [36.78125, 134.375, 50.15625, 92.1875, 55.09375, 155.0, 41.78125, 115.1875, 83.1875, 24.59375, 25.171875, 104.5625, 20.609375, 124.875, 88.625, 24.203125, 128.875, 85.0, 160.5, 115.6875, 82.75, 78.1875, 113.0625, 63.9375, 122.0625, 88.3125, 101.0, 139.125, 61.78125, 85.5625, 110.375, 19.109375, 74.625, 0.0, 30.0, 21.1875, 63.78125, 122.0625, 90.5, 68.0625, 53.09375, 81.6875, 125.125, 115.9375, 38.0, 109.375, 46.0, 57.71875, 102.9375, 97.0625, 59.125, 128.375, 130.625, 60.4375, 39.21875, 29.40625, 96.1875, 46.875, 74.1875, 16.15625, 92.4375], [25.171875, 114.375, 78.5625, 63.25, 84.375, 134.375, 28.015625, 117.5, 97.8125, 13.6015625, 36.78125, 77.5, 50.25, 139.875, 98.875, 51.25, 121.1875, 55.03125, 138.75, 134.375, 110.125, 73.0, 115.9375, 65.8125, 138.25, 64.375, 78.625, 113.1875, 54.0, 109.3125, 82.75, 49.03125, 51.84375, 30.0, 0.0, 42.0625, 63.78125, 92.375, 113.4375, 79.0625, 62.4375, 96.8125, 143.625, 114.375, 49.03125, 79.5, 34.0, 34.21875, 124.3125, 83.8125, 89.0625, 104.75, 106.875, 32.75, 14.765625, 27.296875, 66.25, 36.0, 86.5625, 39.0, 64.0625], [56.40625, 153.5, 39.0, 97.0, 46.28125, 174.0, 38.84375, 135.625, 100.4375, 30.359375, 11.1796875, 119.5625, 19.84375, 141.0, 107.4375, 37.0, 150.0, 94.625, 179.0, 129.75, 88.5, 99.375, 133.5, 46.625, 137.625, 105.4375, 97.1875, 155.125, 82.75, 96.25, 124.75, 21.640625, 72.8125, 21.1875, 42.0625, 0.0, 47.40625, 133.0, 101.8125, 47.25, 73.125, 98.6875, 139.125, 136.875, 58.3125, 116.5, 66.0, 74.625, 115.25, 117.6875, 57.28125, 124.875, 127.125, 65.0625, 55.0, 24.328125, 106.25, 67.125, 53.15625, 5.09765625, 106.0], [87.8125, 175.0, 74.0625, 85.9375, 82.6875, 193.75, 37.5625, 177.25, 146.75, 51.46875, 38.90625, 130.125, 66.875, 188.0, 152.375, 84.1875, 184.75, 94.875, 196.875, 177.125, 134.0, 135.625, 175.375, 4.125, 184.75, 123.1875, 67.0625, 165.875, 116.9375, 143.375, 133.125, 68.9375, 52.8125, 63.78125, 63.78125, 47.40625, 0.0, 131.625, 149.0, 27.453125, 116.375, 145.125, 186.5, 176.125, 101.25, 107.9375, 97.3125, 96.0, 162.625, 147.5, 99.1875, 92.4375, 94.5, 62.25, 78.1875, 38.0625, 105.75, 99.125, 34.46875, 51.46875, 114.1875], [94.4375, 79.375, 170.875, 47.5, 176.75, 88.1875, 100.1875, 151.75, 162.25, 102.625, 124.9375, 33.25, 142.5, 198.0, 155.25, 140.0, 127.625, 38.625, 86.0625, 201.0, 195.375, 109.0625, 152.0, 135.375, 199.0, 53.53125, 84.5625, 47.09375, 98.625, 188.0, 27.015625, 141.125, 80.625, 122.0625, 92.375, 133.0, 131.625, 0.0, 190.375, 156.75, 129.375, 162.5, 208.875, 140.0, 123.9375, 27.734375, 91.8125, 70.875, 197.375, 91.9375, 180.375, 88.125, 88.8125, 71.125, 84.0625, 111.4375, 26.921875, 93.1875, 164.5, 130.75, 33.25], [98.5, 163.25, 86.6875, 175.0, 80.625, 182.25, 132.25, 85.1875, 36.40625, 114.0, 111.625, 162.125, 82.125, 50.4375, 51.0, 66.625, 123.0, 160.875, 190.625, 32.0, 27.859375, 91.375, 82.4375, 147.875, 44.71875, 140.375, 190.75, 187.0, 93.625, 6.08203125, 169.375, 80.125, 164.0, 90.5, 113.4375, 101.8125, 149.0, 190.375, 0.0, 141.5, 61.1875, 34.78125, 40.3125, 97.25, 67.625, 187.25, 99.0, 120.1875, 14.3203125, 118.9375, 61.125, 217.75, 219.875, 146.125, 112.6875, 119.6875, 169.625, 97.4375, 144.25, 98.25, 157.125], [99.9375, 193.375, 58.0, 112.3125, 66.25, 213.0, 58.0625, 182.875, 146.0, 65.5, 44.59375, 152.0, 62.5, 185.125, 154.125, 82.3125, 196.125, 119.0625, 216.875, 171.75, 122.3125, 145.625, 180.75, 23.34375, 181.125, 142.375, 94.3125, 188.125, 128.125, 135.5, 155.75, 65.375, 79.6875, 68.0625, 79.0625, 47.25, 27.453125, 156.75, 141.5, 0.0, 120.3125, 144.125, 180.875, 184.0, 105.5625, 134.125, 109.75, 113.1875, 155.625, 161.5, 85.125, 119.0625, 121.125, 86.0, 93.8125, 51.875, 130.375, 111.25, 7.80859375, 52.34375, 136.625], [41.03125, 108.25, 84.75, 118.25, 84.375, 128.5, 87.875, 62.65625, 36.0625, 68.6875, 78.25, 101.0, 60.4375, 77.625, 36.78125, 41.21875, 83.625, 101.6875, 136.125, 74.375, 71.375, 36.90625, 60.40625, 116.8125, 76.4375, 79.375, 140.625, 127.375, 33.0, 59.3125, 108.1875, 57.28125, 114.0625, 53.09375, 62.4375, 73.125, 116.375, 129.375, 61.1875, 120.3125, 0.0, 35.46875, 83.25, 65.5625, 15.1328125, 128.0, 38.9375, 59.9375, 68.125, 63.96875, 74.4375, 165.75, 167.875, 92.875, 56.5625, 79.5625, 109.5625, 37.125, 125.875, 68.0625, 96.1875], [76.5, 129.0, 97.3125, 153.625, 93.875, 147.625, 120.5625, 53.0625, 2.236328125, 101.375, 106.25, 132.25, 81.625, 43.40625, 17.03125, 61.96875, 88.6875, 136.75, 156.125, 39.125, 56.71875, 58.0625, 50.25, 144.875, 41.40625, 110.4375, 175.375, 154.5, 63.90625, 36.25, 139.5, 78.75, 148.625, 81.6875, 96.8125, 98.6875, 145.125, 162.5, 34.78125, 144.125, 35.46875, 0.0, 47.8125, 63.59375, 47.8125, 162.875, 74.0625, 94.6875, 36.125, 85.125, 77.625, 201.0, 203.0, 128.0, 91.9375, 110.5, 144.125, 72.125, 148.5, 94.125, 129.5], [124.1875, 166.5, 126.9375, 201.5, 120.9375, 183.0, 165.75, 74.6875, 47.4375, 146.875, 148.125, 177.75, 120.0, 19.234375, 54.09375, 102.5, 116.0, 184.5, 192.0, 9.4375, 66.1875, 101.1875, 72.4375, 185.625, 13.6015625, 156.0, 222.25, 196.5, 110.5, 46.375, 185.0, 117.6875, 195.375, 125.125, 143.625, 139.125, 186.5, 208.875, 40.3125, 180.875, 83.25, 47.8125, 0.0, 89.4375, 94.75, 210.5, 121.8125, 142.25, 26.078125, 125.5, 101.375, 248.25, 250.375, 175.375, 139.625, 154.5, 191.625, 119.875, 183.875, 135.125, 176.25], [89.1875, 80.0625, 149.875, 150.75, 148.75, 94.5, 142.375, 15.03125, 61.625, 125.0, 140.125, 106.75, 125.875, 72.0, 46.625, 106.75, 26.6875, 129.0, 103.6875, 85.6875, 120.25, 41.59375, 17.03125, 177.25, 76.1875, 88.25, 183.5, 114.9375, 60.65625, 99.5625, 113.1875, 122.6875, 159.625, 115.9375, 114.375, 136.875, 176.125, 140.0, 97.25, 184.0, 65.5625, 63.59375, 89.4375, 0.0, 79.125, 151.25, 80.625, 92.0, 93.75, 48.09375, 136.0, 204.0, 205.75, 136.125, 102.25, 138.0, 131.5, 78.5, 190.0, 131.75, 112.0], [30.875, 112.75, 73.4375, 107.9375, 74.25, 133.5, 73.375, 77.3125, 48.8125, 54.125, 63.125, 98.0, 47.0, 91.0, 51.53125, 29.203125, 95.0, 93.25, 140.375, 85.5625, 72.0, 45.46875, 75.1875, 101.6875, 89.1875, 77.3125, 127.6875, 127.5, 34.875, 64.5, 105.0, 43.875, 100.875, 38.0, 49.03125, 58.3125, 101.25, 123.9375, 67.625, 105.5625, 15.1328125, 47.8125, 94.75, 79.125, 0.0, 119.625, 32.25, 53.15625, 76.875, 70.0, 67.25, 153.5, 155.625, 80.6875, 45.5, 64.5625, 102.125, 31.0625, 111.3125, 53.25, 90.9375], [88.75, 101.625, 155.375, 21.953125, 162.125, 113.1875, 80.25, 161.25, 163.125, 87.0, 107.1875, 49.46875, 129.0, 201.875, 158.375, 130.25, 143.125, 26.40625, 112.0, 202.0, 188.25, 115.25, 161.0, 111.875, 202.0, 63.28125, 56.8125, 73.5625, 101.0625, 184.0, 46.28125, 128.25, 55.46875, 109.375, 79.5, 116.5, 107.9375, 27.734375, 187.25, 134.125, 128.0, 162.875, 210.5, 151.25, 119.625, 0.0, 89.0625, 68.25, 195.875, 104.125, 168.5, 62.03125, 63.0, 51.625, 75.3125, 93.1875, 19.84375, 90.9375, 141.75, 115.1875, 39.4375], [9.8515625, 88.625, 94.0625, 80.0, 97.25, 109.3125, 62.0, 84.75, 74.375, 45.90625, 65.3125, 66.1875, 64.1875, 114.5625, 71.5, 53.5, 87.5, 62.78125, 115.1875, 113.1875, 104.125, 39.125, 83.5, 99.0625, 114.125, 46.3125, 106.0625, 97.4375, 20.03125, 96.3125, 73.0625, 61.625, 80.625, 46.0, 34.0, 66.0, 97.3125, 91.8125, 99.0, 109.75, 38.9375, 74.0625, 121.8125, 80.625, 32.25, 89.0625, 0.0, 21.1875, 106.9375, 51.875, 94.875, 129.625, 131.625, 57.71875, 21.84375, 59.65625, 70.75, 2.236328125, 116.75, 61.40625, 58.6875], [24.078125, 80.1875, 107.8125, 61.0625, 112.1875, 100.125, 58.53125, 98.8125, 94.875, 47.8125, 70.75, 47.53125, 77.875, 134.125, 90.6875, 71.0, 93.0625, 42.1875, 104.6875, 133.75, 124.5625, 51.4375, 98.0, 98.5, 134.0, 30.8125, 91.4375, 81.375, 34.21875, 117.4375, 53.9375, 75.75, 68.0625, 57.71875, 34.21875, 74.625, 96.0, 70.875, 120.1875, 113.1875, 59.9375, 94.6875, 142.25, 92.0, 53.15625, 68.25, 21.1875, 0.0, 128.0, 53.15625, 112.375, 112.875, 114.75, 44.5625, 19.796875, 61.28125, 49.65625, 22.84375, 120.6875, 70.8125, 38.0625], [107.5625, 164.5, 101.0, 184.75, 94.875, 182.75, 144.375, 80.5, 37.0, 125.875, 124.8125, 167.875, 95.75, 38.09375, 49.65625, 79.375, 120.1875, 169.5, 191.375, 18.25, 40.59375, 94.1875, 77.8125, 161.5, 31.953125, 146.0, 202.375, 190.625, 99.1875, 20.390625, 175.125, 93.625, 175.5, 102.9375, 124.3125, 115.25, 162.625, 197.375, 14.3203125, 155.625, 68.125, 36.125, 26.078125, 93.75, 76.875, 195.875, 106.9375, 128.0, 0.0, 121.0, 75.3125, 229.0, 231.125, 156.875, 122.3125, 132.25, 177.75, 105.1875, 158.5, 111.5, 164.125], [61.71875, 44.65625, 142.125, 105.9375, 143.875, 64.625, 110.625, 60.21875, 84.0, 96.8125, 117.1875, 58.6875, 113.375, 111.3125, 72.3125, 98.5, 40.78125, 83.5625, 72.4375, 119.1875, 134.375, 27.890625, 60.75, 149.625, 113.75, 40.8125, 141.625, 71.0625, 36.0625, 118.875, 65.1875, 110.4375, 120.25, 97.0625, 83.8125, 117.6875, 147.5, 91.9375, 118.9375, 161.5, 63.96875, 85.125, 125.5, 48.09375, 70.0, 104.125, 51.875, 53.15625, 121.0, 0.0, 137.0, 159.75, 161.25, 97.0625, 69.375, 110.75, 84.625, 50.59375, 168.625, 112.875, 64.6875], [88.5, 180.0, 27.296875, 150.875, 19.921875, 200.75, 95.5, 128.625, 79.875, 82.375, 68.4375, 159.875, 40.03125, 110.3125, 93.0, 41.5, 157.125, 144.0, 207.625, 93.0625, 37.6875, 111.0625, 125.875, 96.875, 105.0625, 141.125, 154.375, 192.25, 102.0625, 55.09375, 166.25, 40.4375, 129.75, 59.125, 89.0625, 57.28125, 99.1875, 180.375, 61.125, 85.125, 74.4375, 77.625, 101.375, 136.0, 67.25, 168.5, 94.875, 112.375, 75.3125, 137.0, 0.0, 182.125, 184.375, 118.875, 96.4375, 81.0, 155.0, 94.5625, 86.375, 56.3125, 149.5], [124.9375, 163.25, 161.25, 53.75, 169.5, 175.125, 87.3125, 211.625, 201.75, 104.0625, 113.75, 110.4375, 143.125, 243.25, 200.875, 152.5, 200.25, 76.25, 173.875, 239.0, 211.0, 164.25, 210.875, 96.3125, 242.125, 120.0625, 27.734375, 135.125, 146.875, 213.25, 108.0625, 143.625, 53.8125, 128.375, 104.75, 124.875, 92.4375, 88.125, 217.75, 119.0625, 165.75, 201.0, 248.25, 204.0, 153.5, 62.03125, 129.625, 112.875, 229.0, 159.75, 182.125, 0.0, 2.236328125, 72.9375, 109.3125, 101.5625, 77.8125, 131.875, 125.0, 126.125, 97.6875], [127.0, 164.375, 163.5, 55.375, 171.75, 176.125, 89.5625, 213.5, 203.875, 106.25, 115.9375, 111.625, 145.375, 245.375, 202.875, 154.75, 201.75, 77.8125, 174.625, 241.125, 213.125, 166.125, 212.75, 98.4375, 244.25, 121.5625, 29.96875, 135.875, 148.75, 215.375, 109.125, 145.875, 56.03125, 130.625, 106.875, 127.125, 94.5, 88.8125, 219.875, 121.125, 167.875, 203.0, 250.375, 205.75, 155.625, 63.0, 131.625, 114.75, 231.125, 161.25, 184.375, 2.236328125, 0.0, 75.0, 111.375, 103.75, 79.0625, 133.75, 127.0, 128.375, 99.0625], [52.1875, 116.125, 104.0625, 32.125, 111.0, 133.75, 29.15625, 141.875, 128.875, 36.5, 55.59375, 68.25, 78.9375, 170.375, 128.25, 83.375, 137.5, 33.0, 136.125, 166.25, 142.5, 94.875, 140.75, 65.75, 169.25, 64.5625, 48.375, 103.6875, 76.3125, 142.0, 70.9375, 78.4375, 23.53125, 60.4375, 32.75, 65.0625, 62.25, 71.125, 146.125, 86.0, 92.875, 128.0, 175.375, 136.125, 80.6875, 51.625, 57.71875, 44.5625, 156.875, 97.0625, 118.875, 72.9375, 75.0, 0.0, 36.625, 41.59375, 44.40625, 59.9375, 93.8125, 64.0, 52.1875], [15.6171875, 99.8125, 89.3125, 62.4375, 94.25, 119.875, 41.4375, 106.625, 92.625, 28.296875, 51.0, 65.375, 59.78125, 134.0, 91.625, 56.03125, 107.4375, 49.25, 124.4375, 130.625, 113.0, 60.65625, 105.3125, 80.3125, 133.0, 50.4375, 84.875, 100.375, 41.59375, 109.1875, 71.1875, 57.96875, 59.03125, 39.21875, 14.765625, 55.0, 78.1875, 84.0625, 112.6875, 93.8125, 56.5625, 91.9375, 139.625, 102.25, 45.5, 75.3125, 21.84375, 19.796875, 122.3125, 69.375, 96.4375, 109.3125, 111.375, 36.625, 0.0, 42.0625, 59.40625, 24.046875, 101.25, 51.3125, 53.375], [50.0, 141.5, 63.125, 73.125, 70.5625, 161.25, 14.5625, 139.375, 111.875, 13.9296875, 14.0390625, 101.8125, 41.59375, 153.875, 116.0625, 53.0625, 147.125, 72.8125, 165.25, 145.0, 109.875, 97.625, 137.625, 39.46875, 151.25, 90.8125, 73.8125, 137.875, 79.0625, 114.5625, 106.25, 42.1875, 48.71875, 29.40625, 27.296875, 24.328125, 38.0625, 111.4375, 119.6875, 51.875, 79.5625, 110.5, 154.5, 138.0, 64.5625, 93.1875, 59.65625, 61.28125, 132.25, 110.75, 81.0, 101.5625, 103.75, 41.59375, 42.0625, 0.0, 84.5, 61.40625, 59.40625, 24.703125, 87.0625], [71.5625, 86.0, 144.375, 26.6875, 150.5, 99.8125, 73.375, 141.375, 144.25, 75.9375, 98.0, 33.0, 116.5, 182.375, 139.0, 115.375, 124.0625, 11.703125, 100.0, 183.25, 172.25, 95.4375, 141.125, 109.5, 182.75, 43.84375, 66.5, 63.5, 81.625, 166.625, 32.0, 115.25, 56.625, 96.1875, 66.25, 106.25, 105.75, 26.921875, 169.625, 130.375, 109.5625, 144.125, 191.625, 131.5, 102.125, 19.84375, 70.75, 49.65625, 177.75, 84.625, 155.0, 77.8125, 79.0625, 44.40625, 59.40625, 84.5, 0.0, 72.5, 138.125, 104.125, 20.25], [11.3984375, 88.0625, 94.375, 82.0625, 97.4375, 108.875, 64.0, 82.5625, 72.4375, 47.6875, 66.6875, 67.0625, 64.6875, 112.4375, 69.375, 53.3125, 85.6875, 64.6875, 114.875, 111.25, 103.0625, 37.0625, 81.25, 100.8125, 112.0625, 46.875, 108.3125, 97.8125, 18.0, 94.8125, 74.0, 62.0, 82.875, 46.875, 36.0, 67.125, 99.125, 93.1875, 97.4375, 111.25, 37.125, 72.125, 119.875, 78.5, 31.0625, 90.9375, 2.236328125, 22.84375, 105.1875, 50.59375, 94.5625, 131.875, 133.75, 59.9375, 24.046875, 61.40625, 72.5, 0.0, 118.1875, 62.4375, 60.03125], [106.9375, 200.875, 59.0625, 119.875, 66.875, 220.625, 65.875, 188.5, 150.375, 72.9375, 51.46875, 159.875, 67.0, 188.875, 159.0, 87.0, 202.75, 126.8125, 224.625, 174.875, 123.875, 152.125, 186.25, 30.359375, 184.75, 150.125, 100.8125, 195.875, 134.875, 138.25, 163.625, 70.0, 87.0625, 74.1875, 86.5625, 53.15625, 34.46875, 164.5, 144.25, 7.80859375, 125.875, 148.5, 183.875, 190.0, 111.3125, 141.75, 116.75, 120.6875, 158.5, 168.625, 86.375, 125.0, 127.0, 93.8125, 101.25, 59.40625, 138.125, 118.1875, 0.0, 58.25, 144.375], [51.84375, 149.25, 40.3125, 96.125, 47.0, 169.75, 39.21875, 130.5, 95.8125, 28.28125, 13.453125, 116.3125, 17.203125, 136.625, 102.5625, 32.6875, 145.0, 92.5625, 174.875, 125.6875, 86.0625, 94.3125, 128.375, 50.90625, 133.375, 101.625, 98.375, 151.625, 77.8125, 92.8125, 121.6875, 18.390625, 73.375, 16.15625, 39.0, 5.09765625, 51.46875, 130.75, 98.25, 52.34375, 68.0625, 94.125, 135.125, 131.75, 53.25, 115.1875, 61.40625, 70.8125, 111.5, 112.875, 56.3125, 126.125, 128.375, 64.0, 51.3125, 24.703125, 104.125, 62.4375, 58.25, 0.0, 103.0625], [62.0, 67.625, 142.25, 45.0, 147.5, 83.1875, 78.5625, 122.4375, 129.375, 76.0625, 99.5, 16.125, 113.0625, 165.875, 122.8125, 108.4375, 103.875, 23.34375, 84.5625, 168.25, 162.625, 77.625, 122.375, 117.5625, 166.75, 23.859375, 84.3125, 51.65625, 65.75, 154.75, 19.203125, 111.3125, 70.0, 92.4375, 64.0625, 106.0, 114.1875, 33.25, 157.125, 136.625, 96.1875, 129.5, 176.25, 112.0, 90.9375, 39.4375, 58.6875, 38.0625, 164.125, 64.6875, 149.5, 97.6875, 99.0625, 52.1875, 53.375, 87.0625, 20.25, 60.03125, 144.375, 103.0625, 0.0]], "angleGap": [[0.0, 2.9375, 1.376953125, 2.849609375, 0.02490234375, 2.251953125, 1.04296875, 1.626953125, 2.46484375, 2.7734375, 0.55908203125, 2.953125, 1.53515625, 1.431640625, 2.599609375, 0.60693359375, 1.1337890625, 0.08544921875, 1.7109375, 2.24609375, 0.79345703125, 1.0703125, 2.5078125, 1.587890625, 0.368896484375, 1.748046875, 0.383056640625, 0.71142578125, 2.021484375, 0.6015625, 2.916015625, 1.822265625, 3.1328125, 2.20703125, 2.974609375, 2.46484375, 0.8515625, 1.966796875, 2.728515625, 1.634765625, 1.65625, 1.685546875, 0.88134765625, 1.951171875, 1.1494140625, 0.39599609375, 0.67333984375, 1.859375, 0.34326171875, 2.625, 1.6328125, 1.625, 1.69140625, 1.6328125, 2.529296875, 1.025390625, 0.54833984375, 2.76171875, 3.015625, 0.75634765625], [2.9375, 0.0, 1.9697265625, 0.087890625, 2.962890625, 1.0947265625, 1.892578125, 1.310546875, 0.880859375, 0.572265625, 2.787109375, 0.015625, 1.400390625, 1.505859375, 0.337890625, 2.330078125, 2.212890625, 3.021484375, 1.228515625, 0.689453125, 2.142578125, 1.869140625, 0.8388671875, 1.349609375, 2.9765625, 1.5986328125, 2.962890625, 2.224609375, 0.916015625, 2.744140625, 0.021484375, 1.5244140625, 0.1953125, 1.138671875, 0.37109375, 0.8818359375, 2.494140625, 0.970703125, 0.6181640625, 1.302734375, 1.283203125, 1.251953125, 2.056640625, 0.986328125, 2.197265625, 2.541015625, 2.673828125, 1.080078125, 2.59375, 0.3125, 1.7138671875, 1.720703125, 1.654296875, 1.7138671875, 0.8173828125, 2.3203125, 2.388671875, 0.583984375, 0.330078125, 2.58984375], [1.376953125, 1.9697265625, 0.0, 2.05859375, 1.3515625, 0.875, 2.419921875, 3.00390625, 1.0888671875, 1.3974609375, 0.8173828125, 1.9541015625, 2.91015625, 2.80859375, 2.30859375, 1.9833984375, 0.24267578125, 1.291015625, 3.0859375, 2.662109375, 2.169921875, 2.4453125, 1.130859375, 2.96484375, 1.0078125, 0.37109375, 0.9931640625, 2.087890625, 2.884765625, 0.7744140625, 1.9912109375, 0.4453125, 1.7744140625, 0.8310546875, 1.5986328125, 1.087890625, 0.5244140625, 2.939453125, 1.3515625, 3.01171875, 3.03125, 3.0625, 2.2578125, 2.955078125, 0.22705078125, 1.7724609375, 0.703125, 3.048828125, 1.7197265625, 2.28125, 0.255859375, 0.2490234375, 0.31494140625, 0.255859375, 1.15234375, 0.351318359375, 1.9248046875, 1.3857421875, 1.6396484375, 0.6201171875], [2.849609375, 0.087890625, 2.05859375, 0.0, 2.873046875, 1.1826171875, 1.806640625, 1.220703125, 0.96875, 0.66015625, 2.875, 0.103515625, 1.314453125, 1.416015625, 0.25, 2.244140625, 2.30078125, 2.935546875, 1.138671875, 0.603515625, 2.056640625, 1.779296875, 0.9267578125, 1.259765625, 3.064453125, 1.6865234375, 3.05078125, 2.138671875, 0.830078125, 2.83203125, 0.06640625, 1.6123046875, 0.283203125, 1.2265625, 0.458984375, 0.9697265625, 2.58203125, 0.884765625, 0.7060546875, 1.212890625, 1.193359375, 1.166015625, 1.966796875, 0.900390625, 2.28515625, 2.453125, 2.76171875, 0.990234375, 2.505859375, 0.224609375, 1.8017578125, 1.80859375, 1.7421875, 1.8017578125, 0.9052734375, 2.408203125, 2.30078125, 0.671875, 0.41796875, 2.677734375], [0.02490234375, 2.962890625, 1.3515625, 2.873046875, 0.0, 2.2265625, 1.068359375, 1.6513671875, 2.44140625, 2.75, 0.5341796875, 2.978515625, 1.5595703125, 1.4560546875, 2.623046875, 0.6318359375, 1.109375, 0.060546875, 1.7353515625, 2.26953125, 0.818359375, 1.0947265625, 2.482421875, 1.6123046875, 0.343994140625, 1.72265625, 0.358154296875, 0.736328125, 2.046875, 0.5771484375, 2.939453125, 1.796875, 3.125, 2.18359375, 2.94921875, 2.439453125, 0.8271484375, 1.9912109375, 2.703125, 1.6591796875, 1.6806640625, 1.7099609375, 0.90625, 1.9755859375, 1.125, 0.4208984375, 0.6484375, 1.8837890625, 0.3681640625, 2.650390625, 1.607421875, 1.6005859375, 1.666015625, 1.607421875, 2.50390625, 1.0, 0.5732421875, 2.73828125, 2.9921875, 0.7314453125], [2.251953125, 1.0947265625, 0.875, 1.1826171875, 2.2265625, 0.0, 2.98828125, 2.404296875, 0.2138671875, 0.5224609375, 1.6923828125, 1.0791015625, 2.498046875, 2.599609375, 1.4326171875, 2.859375, 1.1171875, 2.166015625, 2.322265625, 1.787109375, 3.044921875, 2.962890625, 0.255859375, 2.443359375, 1.8828125, 0.50390625, 1.8681640625, 2.962890625, 2.009765625, 1.6494140625, 1.1162109375, 0.4296875, 0.8994140625, 0.0439453125, 0.7236328125, 0.212890625, 1.3994140625, 2.064453125, 0.4765625, 2.396484375, 2.376953125, 2.345703125, 3.1328125, 2.080078125, 1.1015625, 2.6484375, 1.578125, 2.173828125, 2.59375, 1.4072265625, 0.619140625, 0.6259765625, 0.56005859375, 0.619140625, 0.27734375, 1.2265625, 2.80078125, 0.5107421875, 0.7646484375, 1.4951171875], [1.04296875, 1.892578125, 2.419921875, 1.806640625, 1.068359375, 2.98828125, 0.0, 0.5830078125, 2.775390625, 2.466796875, 1.6025390625, 1.908203125, 0.4912109375, 0.3876953125, 1.556640625, 0.4365234375, 2.177734375, 1.12890625, 0.6669921875, 1.2021484375, 0.25, 0.0263671875, 2.732421875, 0.5439453125, 1.412109375, 2.791015625, 1.4267578125, 0.33203125, 0.9775390625, 1.6455078125, 1.873046875, 2.865234375, 2.087890625, 3.033203125, 2.263671875, 2.775390625, 1.8955078125, 0.9228515625, 2.51171875, 0.5908203125, 0.6123046875, 0.6416015625, 0.162109375, 0.9072265625, 2.193359375, 0.6474609375, 1.716796875, 0.8154296875, 0.7001953125, 1.580078125, 2.67578125, 2.66796875, 2.734375, 2.67578125, 2.7109375, 2.068359375, 0.4951171875, 2.478515625, 2.224609375, 1.7998046875], [1.626953125, 1.310546875, 3.00390625, 1.220703125, 1.6513671875, 2.404296875, 0.5830078125, 0.0, 2.189453125, 1.884765625, 2.185546875, 1.326171875, 0.091796875, 0.1953125, 0.970703125, 1.01953125, 2.759765625, 1.7119140625, 0.083984375, 0.619140625, 0.8330078125, 0.556640625, 2.150390625, 0.0390625, 1.9951171875, 2.908203125, 2.009765625, 0.9150390625, 0.39453125, 2.228515625, 1.291015625, 2.833984375, 1.505859375, 2.44921875, 1.681640625, 2.193359375, 2.478515625, 0.33984375, 1.927734375, 0.0078125, 0.029296875, 0.05859375, 0.7451171875, 0.32421875, 2.775390625, 1.23046875, 2.298828125, 0.232421875, 1.283203125, 0.998046875, 3.025390625, 3.03125, 2.96484375, 3.025390625, 2.126953125, 2.65234375, 1.078125, 1.892578125, 1.642578125, 2.3828125], [2.46484375, 0.880859375, 1.0888671875, 0.96875, 2.44140625, 0.2138671875, 2.775390625, 2.189453125, 0.0, 0.30859375, 1.90625, 0.865234375, 2.283203125, 2.38671875, 1.21875, 3.072265625, 1.33203125, 2.37890625, 2.107421875, 1.572265625, 3.025390625, 2.748046875, 0.0419921875, 2.228515625, 2.095703125, 0.7177734375, 2.08203125, 3.107421875, 1.798828125, 1.86328125, 0.90234375, 0.6435546875, 0.685546875, 0.2578125, 0.509765625, 0.0009765625, 1.61328125, 1.853515625, 0.2626953125, 2.181640625, 2.162109375, 2.134765625, 2.935546875, 1.869140625, 1.31640625, 2.861328125, 1.7919921875, 1.958984375, 2.80859375, 1.193359375, 0.8330078125, 0.83984375, 0.77392578125, 0.8330078125, 0.0634765625, 1.4404296875, 3.013671875, 0.296875, 0.55078125, 1.708984375], [2.7734375, 0.572265625, 1.3974609375, 0.66015625, 2.75, 0.5224609375, 2.466796875, 1.884765625, 0.30859375, 0.0, 2.21484375, 0.556640625, 1.974609375, 2.080078125, 0.91015625, 2.90234375, 1.640625, 2.6875, 1.798828125, 1.263671875, 2.716796875, 2.439453125, 0.2666015625, 1.923828125, 2.404296875, 1.0263671875, 2.390625, 2.798828125, 1.486328125, 2.171875, 0.59375, 0.9521484375, 0.376953125, 0.56640625, 0.201171875, 0.3095703125, 1.921875, 1.541015625, 0.0458984375, 1.876953125, 1.853515625, 1.822265625, 2.626953125, 1.556640625, 1.625, 3.11328125, 2.1015625, 1.650390625, 3.1171875, 0.884765625, 1.1416015625, 1.1484375, 1.08203125, 1.1416015625, 0.2451171875, 1.7490234375, 2.9609375, 0.01171875, 0.2421875, 2.017578125], [0.55908203125, 2.787109375, 0.8173828125, 2.875, 0.5341796875, 1.6923828125, 1.6025390625, 2.185546875, 1.90625, 2.21484375, 0.0, 2.771484375, 2.09375, 1.990234375, 3.125, 1.166015625, 0.57470703125, 0.4736328125, 2.26953125, 2.8046875, 1.3525390625, 1.62890625, 1.9482421875, 2.146484375, 0.1900634765625, 1.1884765625, 0.1759033203125, 1.2705078125, 2.580078125, 0.0428466796875, 2.80859375, 1.2626953125, 2.591796875, 1.6484375, 2.416015625, 1.9052734375, 0.29296875,