{"name": "LZB_n60_7", "n": 60, "m": 8, "times": [[0.0, 83.5625, 84.875, 96.0625, 112.875, 62.0, 78.875, 58.5625, 41.875, 52.40625, 107.3125, 90.9375, 43.90625, 74.4375, 67.375, 98.3125, 91.9375, 104.0625, 107.0, 33.3125, 107.0625, 53.03125, 129.25, 95.0, 85.0, 64.5, 98.875, 24.1875, 98.625, 38.84375, 121.0625, 140.0, 70.875, 74.3125, 70.6875, 68.875, 130.375, 89.5625, 50.8125, 102.8125, 44.09375, 96.5625, 85.5625, 92.0, 98.1875, 51.25, 89.3125, 53.5, 58.03125, 19.71875, 97.4375, 97.625, 48.75, 54.03125, 106.5, 86.3125, 61.0625, 50.6875, 11.6640625, 75.9375, 113.75], [83.5625, 0.0, 53.40625, 99.1875, 155.375, 34.875, 162.0, 112.4375, 73.25, 32.4375, 38.3125, 168.75, 88.0625, 52.5, 136.5, 42.9375, 175.5, 176.125, 138.75, 53.59375, 88.8125, 79.375, 69.1875, 78.125, 29.828125, 143.75, 49.65625, 105.5, 94.0625, 46.6875, 120.0625, 218.75, 149.25, 10.6328125, 34.40625, 147.25, 208.0, 137.0, 35.0, 49.25, 105.375, 13.0, 167.875, 114.0625, 84.125, 44.21875, 10.0, 62.3125, 116.25, 103.0625, 27.015625, 180.25, 35.6875, 79.6875, 143.125, 157.75, 141.625, 134.25, 72.125, 159.125, 150.75], [84.875, 53.40625, 0.0, 47.5, 111.0, 74.9375, 151.0, 135.125, 99.875, 60.3125, 38.21875, 175.375, 112.375, 10.6328125, 151.125, 95.9375, 168.375, 147.75, 91.75, 53.84375, 137.625, 47.0, 46.625, 125.5625, 81.5, 126.375, 17.71875, 97.5625, 139.25, 51.65625, 166.0, 223.625, 130.125, 56.34375, 22.5625, 128.375, 214.625, 164.75, 63.1875, 22.796875, 123.375, 58.25, 153.75, 66.5, 131.375, 77.25, 63.125, 34.0625, 136.875, 102.8125, 37.15625, 178.25, 49.03125, 46.625, 97.5, 171.0, 126.5, 129.375, 74.6875, 148.625, 104.5625], [96.0625, 99.1875, 47.5, 0.0, 68.0625, 113.0, 139.0, 154.0, 126.125, 96.25, 83.8125, 177.25, 135.25, 46.6875, 162.0, 140.125, 158.375, 118.875, 47.03125, 76.9375, 176.375, 43.03125, 79.0625, 163.75, 124.875, 111.1875, 61.03125, 97.125, 175.0, 79.125, 201.25, 221.0, 112.6875, 99.8125, 65.0625, 111.375, 213.875, 185.125, 98.4375, 65.5, 140.0, 105.4375, 138.375, 23.765625, 169.125, 111.375, 109.125, 48.375, 154.0, 108.0625, 84.5625, 172.0, 82.75, 42.0625, 54.03125, 178.75, 113.4375, 125.8125, 90.1875, 137.25, 60.0625], [112.875, 155.375, 111.0, 68.0625, 0.0, 157.25, 110.75, 167.25, 153.625, 140.625, 149.125, 163.125, 156.75, 106.0625, 162.75, 190.875, 129.75, 67.25, 21.59375, 113.875, 215.625, 77.1875, 147.125, 203.0, 175.125, 85.0, 127.0, 98.5, 209.75, 119.375, 233.5, 196.0, 82.25, 152.5, 121.8125, 82.125, 192.25, 196.5, 141.625, 131.875, 152.5, 164.5, 105.125, 45.09375, 207.125, 151.125, 165.125, 93.5, 164.75, 113.1875, 147.5, 147.125, 127.875, 76.6875, 14.0390625, 173.125, 90.0625, 113.3125, 114.1875, 110.4375, 10.0], [62.0, 34.875, 74.9375, 113.0, 157.25, 0.0, 139.875, 78.5, 39.6875, 17.03125, 72.125, 138.375, 54.5, 69.3125, 104.1875, 36.6875, 150.875, 164.0, 144.25, 43.5625, 63.5, 80.75, 102.1875, 51.09375, 23.09375, 126.3125, 78.0, 86.0625, 64.3125, 37.8125, 91.0, 188.125, 132.5, 24.703125, 52.40625, 130.5, 177.0, 102.1875, 15.6171875, 79.1875, 73.0, 45.59375, 147.25, 121.8125, 56.65625, 11.703125, 34.65625, 66.6875, 82.75, 79.5, 60.4375, 153.125, 30.609375, 81.375, 146.875, 125.4375, 123.0625, 110.5, 52.46875, 137.0, 154.625], [78.875, 162.0, 151.0, 139.0, 110.75, 139.875, 0.0, 94.375, 109.4375, 131.25, 181.125, 56.3125, 101.1875, 140.625, 73.125, 175.25, 19.703125, 56.09375, 119.9375, 109.1875, 172.0, 105.5625, 197.625, 162.0, 163.0, 28.171875, 167.75, 56.65625, 159.125, 115.75, 174.0, 85.625, 28.859375, 153.0, 143.625, 29.40625, 81.5, 112.9375, 129.625, 172.5, 84.4375, 174.875, 10.6328125, 121.6875, 163.25, 128.5, 168.125, 117.0625, 89.0, 60.40625, 172.625, 36.34375, 126.5, 106.1875, 114.25, 72.9375, 25.609375, 30.0625, 90.0, 3.0, 117.875], [58.5625, 112.4375, 135.125, 154.0, 167.25, 78.5, 94.375, 0.0, 39.21875, 82.125, 146.625, 67.0625, 24.40625, 125.625, 29.609375, 102.9375, 95.8125, 141.0, 164.125, 81.8125, 82.0, 111.1875, 174.0, 74.6875, 97.0, 97.6875, 145.375, 68.875, 67.25, 83.5, 79.6875, 114.0, 104.125, 101.8125, 115.875, 102.625, 102.1875, 31.0625, 79.0625, 148.25, 14.8671875, 124.0, 104.6875, 150.5, 74.125, 68.25, 113.1875, 108.5625, 6.0, 54.125, 135.125, 90.125, 88.25, 112.1875, 162.75, 49.25, 92.125, 67.4375, 64.0, 91.6875, 169.5], [41.875, 73.25, 99.875, 126.125, 153.625, 39.6875, 109.4375, 39.21875, 0.0, 43.375, 107.8125, 99.75, 14.8671875, 91.1875, 64.625, 68.6875, 117.25, 144.0, 145.75, 49.5, 65.75, 85.4375, 135.875, 54.21875, 59.9375, 102.1875, 108.25, 63.53125, 56.71875, 49.0, 79.8125, 149.125, 108.875, 62.625, 79.0625, 107.0, 137.75, 65.8125, 40.25, 110.6875, 33.625, 84.875, 118.25, 127.625, 56.8125, 29.0625, 74.25, 78.0625, 43.125, 51.875, 96.25, 116.9375, 51.1875, 86.375, 146.125, 85.8125, 97.75, 79.375, 39.65625, 106.5, 153.75], [52.40625, 32.4375, 60.3125, 96.25, 140.625, 17.03125, 131.25, 82.125, 43.375, 0.0, 64.5, 136.375, 57.8125, 53.59375, 104.6875, 51.09375, 143.875, 150.75, 127.375, 27.859375, 80.125, 63.875, 92.6875, 67.5625, 35.75, 115.0625, 65.9375, 75.5625, 79.6875, 21.46875, 106.3125, 186.375, 121.0, 22.359375, 38.0, 119.0, 175.75, 109.0, 3.162109375, 67.9375, 73.75, 45.28125, 137.75, 104.8125, 72.9375, 17.0, 37.0, 49.6875, 85.4375, 71.5, 53.0, 148.0, 13.6015625, 64.5625, 130.125, 125.875, 112.375, 102.8125, 41.4375, 128.375, 137.875], [107.3125, 38.3125, 38.21875, 83.8125, 149.125, 72.125, 181.125, 146.625, 107.8125, 64.5, 0.0, 197.25, 122.3125, 45.1875, 168.0, 77.4375, 197.0, 184.0, 129.5, 74.0, 126.1875, 82.375, 31.0, 116.0, 67.0, 158.75, 22.84375, 125.1875, 132.25, 68.6875, 158.0, 247.0, 163.25, 47.53125, 37.59375, 161.375, 236.875, 173.125, 67.625, 18.875, 137.625, 33.71875, 185.25, 104.375, 122.0, 79.6875, 44.09375, 66.5, 149.75, 126.8125, 11.703125, 204.625, 60.21875, 82.1875, 135.5, 189.0, 158.0, 156.375, 95.75, 178.5, 142.375], [90.9375, 168.75, 175.375, 177.25, 163.125, 138.375, 56.3125, 67.0625, 99.75, 136.375, 197.25, 0.0, 86.1875, 164.875, 37.46875, 167.875, 44.21875, 112.375, 168.625, 123.9375, 148.5, 136.875, 220.125, 141.75, 159.625, 78.25, 189.75, 80.5, 133.125, 128.75, 140.375, 50.0, 81.875, 158.5, 161.5, 81.625, 39.59375, 70.625, 133.75, 193.75, 66.3125, 181.5, 65.8125, 164.625, 140.875, 126.9375, 172.0, 142.625, 61.1875, 72.6875, 186.75, 29.40625, 137.25, 137.75, 164.25, 22.46875, 73.0625, 52.1875, 102.0, 55.375, 169.0], [43.90625, 88.0625, 112.375, 135.25, 156.75, 54.5, 101.1875, 24.40625, 14.8671875, 57.8125, 122.3125, 86.1875, 0.0, 103.25, 50.25, 81.6875, 107.0625, 140.5, 150.75, 60.0625, 70.875, 93.1875, 150.0, 60.8125, 74.125, 97.5, 121.75, 61.625, 59.03125, 60.8125, 78.625, 135.125, 104.25, 77.4375, 92.375, 102.5, 123.5625, 52.40625, 54.71875, 124.4375, 19.921875, 99.75, 110.625, 134.375, 62.09375, 43.9375, 89.125, 88.0625, 28.28125, 48.0, 110.8125, 105.0625, 64.5, 94.125, 150.375, 71.25, 92.5625, 71.5625, 45.59375, 98.25, 157.625], [74.4375, 52.5, 10.6328125, 46.6875, 106.0625, 69.3125, 140.625, 125.625, 91.1875, 53.59375, 45.1875, 164.875, 103.25, 0.0, 141.0, 93.75, 157.875, 139.0, 87.875, 43.96875, 132.625, 37.65625, 57.0, 120.3125, 78.625, 116.375, 27.296875, 87.0, 133.25, 42.4375, 159.875, 213.0, 120.3125, 53.40625, 18.4375, 118.5, 204.0, 155.5, 56.28125, 32.1875, 113.5, 59.53125, 143.5, 62.65625, 125.9375, 70.1875, 62.46875, 23.59375, 127.1875, 92.1875, 41.59375, 167.625, 41.3125, 37.375, 93.0, 160.625, 116.3125, 118.8125, 64.375, 138.25, 100.3125], [67.375, 136.5, 151.125, 162.0, 162.75, 104.1875, 73.125, 29.609375, 64.625, 104.6875, 168.0, 37.46875, 50.25, 141.0, 0.0, 131.5, 70.25, 125.4375, 163.5, 97.5, 111.1875, 119.25, 193.375, 104.25, 124.3125, 83.875, 163.625, 67.0625, 96.0, 101.0, 105.25, 85.0, 89.5625, 125.9375, 134.25, 88.5, 73.375, 39.8125, 101.8125, 167.0, 31.234375, 148.75, 83.75, 154.0, 103.5, 93.0625, 138.5, 120.8125, 23.765625, 54.15625, 157.0, 61.96875, 108.0, 120.25, 160.625, 21.265625, 78.0625, 51.96875, 76.5625, 70.8125, 166.75], [98.3125, 42.9375, 95.9375, 140.125, 190.875, 36.6875, 175.25, 102.9375, 68.6875, 51.09375, 77.4375, 167.875, 81.6875, 93.75, 131.5, 0.0, 185.0, 200.625, 176.375, 78.9375, 50.625, 113.75, 108.0625, 43.09375, 15.8125, 162.75, 92.3125, 122.5, 60.53125, 72.5, 83.75, 216.5, 169.125, 40.375, 75.3125, 167.125, 204.875, 119.625, 50.90625, 91.4375, 101.5625, 43.75, 183.0, 152.625, 48.71875, 47.09375, 34.1875, 98.0, 108.25, 115.0, 67.75, 185.5, 63.125, 114.25, 179.75, 152.125, 159.375, 145.375, 89.125, 172.25, 187.5], [91.9375, 175.5, 168.375, 158.375, 129.75, 150.875, 19.703125, 95.8125, 117.25, 143.875, 197.0, 44.21875, 107.0625, 157.875, 70.25, 185.0, 0.0, 71.1875, 139.5, 123.875, 176.5, 123.75, 214.875, 167.5, 173.75, 47.84375, 184.75, 71.875, 162.625, 130.125, 174.875, 66.3125, 48.375, 166.125, 159.5, 49.03125, 63.0, 109.25, 142.0, 189.375, 88.4375, 188.5, 25.0, 141.375, 168.125, 139.25, 180.875, 134.375, 90.0, 72.4375, 188.0, 18.25, 140.5, 124.4375, 133.625, 64.4375, 44.9375, 41.21875, 103.5, 21.09375, 137.125], [104.0625, 176.125, 147.75, 118.875, 67.25, 164.0, 56.09375, 141.0, 144.0, 150.75, 184.0, 112.375, 140.5, 139.0, 125.4375, 200.625, 71.1875, 0.0, 83.625, 123.6875, 209.75, 101.625, 192.0, 198.25, 186.125, 43.40625, 165.375, 80.625, 199.375, 130.625, 218.375, 135.0, 36.875, 169.5, 148.75, 38.40625, 133.5, 164.5, 150.25, 170.5, 128.25, 188.0, 46.84375, 96.25, 200.75, 154.25, 184.375, 117.9375, 136.5, 92.6875, 178.375, 89.4375, 141.5, 101.8125, 76.0625, 128.375, 48.90625, 74.25, 111.8125, 57.28125, 76.5625], [107.0, 138.75, 91.75, 47.03125, 21.59375, 144.25, 119.9375, 164.125, 145.75, 127.375, 129.5, 168.625, 150.75, 87.875, 163.5, 176.375, 139.5, 83.625, 0.0, 102.0, 205.0, 63.625, 126.0, 192.25, 160.625, 92.4375, 107.0625, 96.875, 200.375, 106.75, 225.25, 205.5, 91.0625, 137.0, 104.6875, 90.5, 200.625, 194.375, 128.75, 111.8125, 149.25, 147.125, 115.875, 25.296875, 196.75, 139.5, 148.75, 78.4375, 162.375, 111.0625, 128.75, 156.0, 114.125, 62.9375, 8.0625, 176.125, 96.6875, 117.0625, 106.1875, 119.125, 13.0390625], [33.3125, 53.59375, 53.84375, 76.9375, 113.875, 43.5625, 109.1875, 81.8125, 49.5, 27.859375, 74.0, 123.9375, 60.0625, 43.96875, 97.5, 78.9375, 123.875, 123.6875, 102.0, 0.0, 103.0625, 38.59375, 96.375, 90.25, 63.5625, 90.125, 66.3125, 52.5625, 99.5, 7.0, 125.25, 173.25, 95.625, 46.0, 37.53125, 93.625, 163.5, 112.0, 28.171875, 70.0, 69.5625, 66.3125, 114.5625, 81.0, 95.0, 37.46875, 61.03125, 28.640625, 83.25, 52.8125, 64.375, 130.625, 18.03125, 39.40625, 103.9375, 117.6875, 88.0625, 82.875, 21.9375, 106.375, 111.75], [107.0625, 88.8125, 137.625, 176.375, 215.625, 63.5, 172.0, 82.0, 65.75, 80.125, 126.1875, 148.5, 70.875, 132.625, 111.1875, 50.625, 176.5, 209.75, 205.0, 103.0625, 0.0, 141.625, 157.125, 12.8046875, 59.21875, 167.5, 137.875, 129.25, 16.15625, 98.8125, 33.25, 192.625, 174.25, 82.25, 115.1875, 172.375, 180.5, 85.8125, 78.0625, 137.875, 88.125, 93.0, 181.5, 183.75, 8.9453125, 65.8125, 82.125, 129.25, 88.0, 117.25, 115.5, 172.125, 93.625, 142.375, 206.625, 128.625, 162.875, 142.5, 102.4375, 169.0, 214.375], [53.03125, 79.375, 47.0, 43.03125, 77.1875, 80.75, 105.5625, 111.1875, 85.4375, 63.875, 82.375, 136.875, 93.1875, 37.65625, 119.25, 113.75, 123.75, 101.625, 63.625, 38.59375, 141.625, 0.0, 93.125, 128.875, 97.9375, 79.875, 64.625, 56.34375, 137.875, 43.125, 163.375, 182.75, 83.375, 75.625, 48.09375, 81.625, 174.75, 142.25, 65.125, 69.625, 97.0, 89.8125, 107.4375, 42.53125, 133.625, 75.9375, 88.875, 17.265625, 111.0, 65.8125, 77.125, 135.25, 50.8125, 1.0, 66.25, 136.625, 80.4375, 87.0625, 47.6875, 103.3125, 74.0], [129.25, 69.1875, 46.625, 79.0625, 147.125, 102.1875, 197.625, 174.0, 135.875, 92.6875, 31.0, 220.125, 150.0, 57.0, 193.375, 108.0625, 214.875, 192.0, 126.0, 96.375, 157.125, 93.125, 0.0, 147.0, 98.0, 172.875, 30.40625, 143.75, 163.25, 92.375, 189.0, 269.0, 176.5, 77.9375, 59.0625, 174.75, 259.5, 201.625, 95.875, 26.40625, 163.875, 64.375, 200.25, 102.375, 153.0, 108.8125, 75.0625, 80.625, 176.625, 147.875, 42.1875, 224.375, 85.875, 92.6875, 133.125, 213.875, 173.125, 175.625, 118.25, 195.25, 139.0], [95.0, 78.125, 125.5625, 163.75, 203.0, 51.09375, 162.0, 74.6875, 54.21875, 67.5625, 116.0, 141.75, 60.8125, 120.3125, 104.25, 43.09375, 167.5, 198.25, 192.25, 90.25, 12.8046875, 128.875, 147.0, 0.0, 49.09375, 156.375, 126.5625, 117.625, 17.46875, 86.0, 42.0, 187.375, 163.0, 70.875, 103.0625, 161.125, 175.25, 82.875, 65.375, 126.875, 79.125, 83.375, 171.25, 171.0, 6.0, 53.0, 72.125, 116.5, 80.625, 106.0625, 105.0625, 164.125, 81.0, 129.625, 193.875, 122.75, 151.875, 132.25, 90.0, 159.0, 201.625], [85.0, 29.828125, 81.5, 124.875, 175.125, 23.09375, 163.0, 97.0, 59.9375, 35.75, 67.0, 159.625, 74.125, 78.625, 124.3125, 15.8125, 173.75, 186.125, 160.625, 63.5625, 59.21875, 97.9375, 98.0, 49.09375, 0.0, 149.125, 79.375, 109.0, 65.75, 57.0, 91.0625, 209.0, 155.375, 25.234375, 60.21875, 153.375, 197.625, 117.125, 35.90625, 79.0625, 93.5625, 34.375, 170.375, 136.875, 55.09375, 34.53125, 23.015625, 82.1875, 101.8125, 102.5625, 56.3125, 175.5, 47.40625, 98.5, 163.875, 145.375, 146.0, 133.5, 75.1875, 160.0, 171.75], [64.5, 143.75, 126.375, 111.1875, 85.0, 126.3125, 28.171875, 97.6875, 102.1875, 115.0625, 158.75, 78.25, 97.5, 116.375, 83.875, 162.75, 47.84375, 43.40625, 92.4375, 90.125, 167.5, 79.875, 172.875, 156.375, 149.125, 0.0, 143.625, 40.3125, 156.5, 97.0, 175.0, 113.25, 6.70703125, 135.75, 121.5, 5.0, 108.25, 122.0, 114.0, 148.5, 84.8125, 156.375, 27.65625, 93.5625, 158.625, 115.75, 150.875, 93.0, 93.3125, 50.34375, 151.125, 63.59375, 108.0625, 80.4375, 87.125, 90.125, 5.83203125, 31.90625, 74.0, 26.921875, 91.375], [98.875, 49.65625, 17.71875, 61.03125, 127.0, 78.0, 167.75, 145.375, 108.25, 65.9375, 22.84375, 189.75, 121.75, 27.296875, 163.625, 92.3125, 184.75, 165.375, 107.0625, 66.3125, 137.875, 64.625, 30.40625, 126.5625, 79.375, 143.625, 0.0, 113.4375, 141.625, 62.65625, 168.125, 238.625, 147.625, 55.71875, 29.546875, 145.75, 229.25, 174.0, 69.0625, 5.09765625, 134.625, 50.46875, 170.875, 82.0625, 132.5, 82.75, 58.1875, 50.78125, 147.75, 117.5, 26.25, 194.0, 57.25, 64.25, 113.3125, 183.875, 143.5, 145.25, 88.0, 165.375, 120.0625], [24.1875, 105.5, 97.5625, 97.125, 98.5, 86.0625, 56.65625, 68.875, 63.53125, 75.5625, 125.1875, 80.5, 61.625, 87.0, 67.0625, 122.5, 71.875, 80.625, 96.875, 52.5625, 129.25, 56.34375, 143.75, 117.625, 109.0, 40.3125, 113.4375, 0.0, 119.5625, 59.125, 140.25, 126.8125, 46.6875, 96.875, 87.6875, 44.71875, 118.5, 98.0625, 74.25, 117.9375, 54.21875, 118.375, 62.375, 87.125, 120.375, 75.4375, 112.0, 63.6875, 66.3125, 14.765625, 116.3125, 80.625, 69.9375, 57.25, 94.625, 82.0625, 37.0, 31.828125, 34.125, 53.84375, 101.1875], [98.625, 94.0625, 139.25, 175.0, 209.75, 64.3125, 159.125, 67.25, 56.71875, 79.6875, 132.25, 133.125, 59.03125, 133.25, 96.0, 60.53125, 162.625, 199.375, 200.375, 99.5, 16.15625, 137.875, 163.25, 17.46875, 65.75, 156.5, 141.625, 119.5625, 0.0, 96.125, 26.6875, 176.75, 163.25, 86.0625, 116.6875, 161.5, 164.5, 69.625, 77.1875, 142.25, 74.75, 100.125, 168.875, 180.375, 12.203125, 63.6875, 88.6875, 127.0, 73.25, 106.6875, 121.0625, 157.375, 92.6875, 138.75, 201.5, 112.875, 151.625, 130.0, 95.5, 156.25, 209.125], [38.84375, 46.6875, 51.65625, 79.125, 119.375, 37.8125, 115.75, 83.5, 49.0, 21.46875, 68.6875, 128.75, 60.8125, 42.4375, 101.0, 72.5, 130.125, 130.625, 106.75, 7.0, 98.8125, 43.125, 92.375, 86.0, 57.0, 97.0, 62.65625, 59.125, 96.125, 0.0, 122.25, 178.25, 102.5625, 39.0, 33.28125, 100.625, 168.25, 113.1875, 22.203125, 66.0625, 72.0625, 59.4375, 121.3125, 85.0, 91.0, 33.0, 54.03125, 30.875, 85.4375, 58.53125, 58.59375, 136.5, 11.046875, 43.875, 109.125, 121.5, 94.9375, 89.0, 27.203125, 112.9375, 116.9375], [121.0625, 120.0625, 166.0, 201.25, 233.5, 91.0, 174.0, 79.6875, 79.8125, 106.3125, 158.0, 140.375, 78.625, 159.875, 105.25, 83.75, 174.875, 218.375, 225.25, 125.25, 33.25, 163.375, 189.0, 42.0, 91.0625, 175.0, 168.125, 140.25, 26.6875, 122.25, 0.0, 179.25, 181.625, 112.4375, 143.375, 180.0, 167.25, 71.0, 103.75, 168.625, 90.5625, 125.3125, 184.25, 205.875, 36.0, 90.125, 114.125, 153.125, 85.25, 126.5, 147.0, 167.125, 119.1875, 164.25, 225.875, 118.625, 169.75, 146.375, 119.375, 171.375, 233.375], [140.0, 218.75, 223.625, 221.0, 196.0, 188.125, 85.625, 114.0, 149.125, 186.375, 247.0, 50.0, 135.125, 213.0, 85.0, 216.5, 66.3125, 135.0, 205.5, 173.25, 192.625, 182.75, 269.0, 187.375, 209.0, 113.25, 238.625, 126.8125, 176.75, 178.25, 179.25, 0.0, 114.5, 208.375, 210.75, 115.0, 12.1640625, 108.5625, 183.75, 242.75, 115.5, 231.5, 90.9375, 205.75, 185.75, 176.75, 221.875, 190.25, 108.4375, 121.0625, 236.625, 49.65625, 187.125, 183.625, 199.875, 64.875, 109.4375, 95.6875, 151.375, 86.375, 203.375], [70.875, 149.25, 130.125, 112.6875, 82.25, 132.5, 28.859375, 104.125, 108.875, 121.0, 163.25, 81.875, 104.25, 120.3125, 89.5625, 169.125, 48.375, 36.875, 91.0625, 95.625, 174.25, 83.375, 176.5, 163.0, 155.375, 6.70703125, 147.625, 46.6875, 163.25, 102.5625, 181.625, 114.5, 0.0, 141.375, 126.1875, 2.0, 110.1875, 128.0, 120.0, 152.5, 91.375, 161.75, 25.8125, 94.0625, 165.375, 122.0625, 156.5, 97.1875, 99.75, 57.0, 156.0, 65.125, 113.625, 83.875, 85.375, 94.9375, 12.0390625, 37.8125, 80.125, 28.28125, 89.125], [74.3125, 10.6328125, 56.34375, 99.8125, 152.5, 24.703125, 153.0, 101.8125, 62.625, 22.359375, 47.53125, 158.5, 77.4375, 53.40625, 125.9375, 40.375, 166.125, 169.5, 137.0, 46.0, 82.25, 75.625, 77.9375, 70.875, 25.234375, 135.75, 55.71875, 96.875, 86.0625, 39.0, 112.4375, 208.375, 141.375, 0.0, 35.0, 139.375, 197.625, 126.6875, 24.703125, 56.15625, 94.75, 23.015625, 159.25, 112.8125, 76.8125, 33.59375, 15.1328125, 59.0625, 105.625, 93.625, 35.90625, 170.375, 28.015625, 76.0625, 140.75, 147.125, 133.375, 124.9375, 63.0625, 150.125, 148.5], [70.6875, 34.40625, 22.5625, 65.0625, 121.8125, 52.40625, 143.625, 115.875, 79.0625, 38.0, 37.59375, 161.5, 92.375, 18.4375, 134.25, 75.3125, 159.5, 148.75, 104.6875, 37.53125, 115.1875, 48.09375, 59.0625, 103.0625, 60.21875, 121.5, 29.546875, 87.6875, 116.6875, 33.28125, 143.375, 210.75, 126.1875, 35.0, 0.0, 124.25, 201.0, 144.625, 41.0, 32.75, 105.125, 42.71875, 147.75, 79.75, 108.8125, 55.0, 44.40625, 31.0, 118.1875, 89.9375, 29.828125, 167.375, 27.890625, 48.15625, 109.25, 154.75, 120.5625, 119.0625, 59.46875, 141.0, 116.75], [68.875, 147.25, 128.375, 111.375, 82.125, 130.5, 29.40625, 102.625, 107.0, 119.0, 161.375, 81.625, 102.5, 118.5, 88.5, 167.125, 49.03125, 38.40625, 90.5, 93.625, 172.375, 81.625, 174.75, 161.125, 153.375, 5.0, 145.75, 44.71875, 161.5, 100.625, 180.0, 115.0, 2.0, 139.375, 124.25, 0.0, 110.5, 126.8125, 118.0, 150.75, 89.8125, 159.75, 27.015625, 92.9375, 163.5, 120.0625, 154.5, 95.3125, 98.3125, 55.15625, 154.0, 65.5, 111.625, 82.125, 84.9375, 94.25, 10.6328125, 36.625, 78.1875, 28.640625, 88.8125], [130.375, 208.0, 214.625, 213.875, 192.25, 177.0, 81.5, 102.1875, 137.75, 175.75, 236.875, 39.59375, 123.5625, 204.0, 73.375, 204.875, 63.0, 133.5, 200.625, 163.5, 180.5, 174.75, 259.5, 175.25, 197.625, 108.25, 229.25, 118.5, 164.5, 168.25, 167.25, 12.1640625, 110.1875, 197.625, 201.0, 110.5, 0.0, 96.4375, 173.0, 233.25, 104.125, 220.625, 88.0, 199.625, 173.625, 165.625, 210.875, 181.5, 96.6875, 111.8125, 226.375, 45.1875, 176.875, 175.625, 195.375, 52.9375, 104.0625, 88.125, 141.5, 81.875, 199.25], [89.5625, 137.0, 164.75, 185.125, 196.5, 102.1875, 112.9375, 31.0625, 65.8125, 109.0, 173.125, 70.625, 52.40625, 155.5, 39.8125, 119.625, 109.25, 164.5, 194.375, 112.0, 85.8125, 142.25, 201.625, 82.875, 117.125, 122.0, 174.0, 98.0625, 69.625, 113.1875, 71.0, 108.5625, 128.0, 126.6875, 144.625, 126.8125, 96.4375, 0.0, 105.875, 176.5, 45.53125, 147.625, 123.5625, 181.375, 80.0625, 93.5, 136.125, 139.25, 32.0, 83.5, 161.5, 98.8125, 116.75, 143.25, 192.625, 48.28125, 116.1875, 90.25, 95.0, 110.625, 199.25], [50.8125, 35.0, 63.1875, 98.4375, 141.625, 15.6171875, 129.625, 79.0625, 40.25, 3.162109375, 67.625, 133.75, 54.71875, 56.28125, 101.8125, 50.90625, 142.0, 150.25, 128.75, 28.171875, 78.0625, 65.125, 95.875, 65.375, 35.90625, 114.0, 69.0625, 74.25, 77.1875, 22.203125, 103.75, 183.75, 120.0, 24.703125, 41.0, 118.0, 173.0, 105.875, 0.0, 71.0625, 70.8125, 47.71875, 136.375, 106.375, 70.6875, 14.0390625, 39.0, 51.40625, 82.4375, 69.625, 56.09375, 145.875, 15.65625, 65.8125, 131.25, 123.0625, 111.1875, 100.9375, 40.125, 126.6875, 139.0], [102.8125, 49.25, 22.796875, 65.5, 131.875, 79.1875, 172.5, 148.25, 110.6875, 67.9375, 18.875, 193.75, 124.4375, 32.1875, 167.0, 91.4375, 189.375, 170.5, 111.8125, 70.0, 137.875, 69.625, 26.40625, 126.875, 79.0625, 148.5, 5.09765625, 117.9375, 142.25, 66.0625, 168.625, 242.75, 152.5, 56.15625, 32.75, 150.75, 233.25, 176.5, 71.0625, 0.0, 137.75, 48.75, 175.625, 86.8125, 132.875, 84.5, 57.25, 55.5625, 150.75, 121.625, 24.1875, 198.375, 60.0, 69.3125, 118.0625, 187.5, 148.375, 149.625, 91.8125, 170.0, 124.75], [44.09375, 105.375, 123.375, 140.0, 152.5, 73.0, 84.4375, 14.8671875, 33.625, 73.75, 137.625, 66.3125, 19.921875, 113.5, 31.234375, 101.5625, 88.4375, 128.25, 149.25, 69.5625, 88.125, 97.0, 163.875, 79.125, 93.5625, 84.8125, 134.625, 54.21875, 74.75, 72.0625, 90.5625, 115.5, 91.375, 94.75, 105.125, 89.8125, 104.125, 45.53125, 70.8125, 137.75, 0.0, 117.5, 94.3125, 135.75, 79.625, 61.84375, 107.3125, 95.375, 14.0390625, 39.4375, 126.375, 85.5, 78.0625, 98.0, 147.875, 52.5, 79.375, 55.90625, 50.5, 81.625, 154.75], [96.5625, 13.0, 58.25, 105.4375, 164.5, 45.59375, 174.875, 124.0, 84.875, 45.28125, 33.71875, 181.5, 99.75, 59.53125, 148.75, 43.75, 188.5, 188.0, 147.125, 66.3125, 93.0, 89.8125, 64.375, 83.375, 34.375, 156.375, 50.46875, 118.375, 100.125, 59.4375, 125.3125, 231.5, 161.75, 23.015625, 42.71875, 159.75, 220.625, 147.625, 47.71875, 48.75, 117.5, 0.0, 180.75, 122.0625, 89.375, 55.875, 11.703125, 72.5625, 128.0, 116.0625, 24.59375, 193.25, 48.5, 90.0, 151.875, 170.0, 154.375, 147.25, 85.125, 172.0, 159.375], [85.5625, 167.875, 153.75, 138.375, 105.125, 147.25, 10.6328125, 104.6875, 118.25, 137.75, 185.25, 65.8125, 110.625, 143.5, 83.75, 183.0, 25.0, 46.84375, 115.875, 114.5625, 181.5, 107.4375, 200.25, 171.25, 170.375, 27.65625, 170.875, 62.375, 168.875, 121.3125, 184.25, 90.9375, 25.8125, 159.25, 147.75, 27.015625, 88.0, 123.5625, 136.375, 175.625, 94.3125, 180.75, 0.0, 119.8125, 172.75, 136.125, 174.375, 120.0625, 99.375, 68.0, 177.125, 43.09375, 132.125, 108.0, 109.75, 83.25, 27.296875, 39.0625, 96.3125, 13.0390625, 112.8125], [92.0, 114.0625, 66.5, 23.765625, 45.09375, 121.8125, 121.6875, 150.5, 127.625, 104.8125, 104.375, 164.625, 134.375, 62.65625, 154.0, 152.625, 141.375, 96.25, 25.296875, 81.0, 183.75, 42.53125, 102.375, 171.0, 136.875, 93.5625, 82.0625, 87.125, 180.375, 85.0, 205.875, 205.75, 94.0625, 112.8125, 79.75, 92.9375, 199.625, 181.375, 106.375, 86.8125, 135.75, 122.0625, 119.8125, 0.0, 175.875, 118.0, 124.0, 55.1875, 149.5, 100.0, 103.4375, 156.25, 91.3125, 41.6875, 31.25, 169.0, 96.625, 112.5625, 88.875, 120.3125, 38.09375], [98.1875, 84.125, 131.375, 169.125, 207.125, 56.65625, 163.25, 74.125, 56.8125, 72.9375, 122.0, 140.875, 62.09375, 125.9375, 103.5, 48.71875, 168.125, 200.75, 196.75, 95.0, 8.9453125, 133.625, 153.0, 6.0, 55.09375, 158.625, 132.5, 120.375, 12.203125, 91.0, 36.0, 185.75, 165.375, 76.8125, 108.8125, 163.5, 173.625, 80.0625, 70.6875, 132.875, 79.625, 89.375, 172.75, 175.875, 0.0, 57.96875, 78.125, 121.5625, 80.125, 108.3125, 111.0625, 164.0, 86.3125, 134.375, 198.375, 121.375, 154.0, 133.625, 93.75, 160.375, 206.0], [51.25, 44.21875, 77.25, 111.375, 151.125, 11.703125, 128.5, 68.25, 29.0625, 17.0, 79.6875, 126.9375, 43.9375, 70.1875, 93.0625, 47.09375, 139.25, 154.25, 139.5, 37.46875, 65.8125, 75.9375, 108.8125, 53.0, 34.53125, 115.75, 82.75, 75.4375, 63.6875, 33.0, 90.125, 176.75, 122.0625, 33.59375, 55.0, 120.0625, 165.625, 93.5, 14.0390625, 84.5, 61.84375, 55.875, 136.125, 118.0, 57.96875, 0.0, 45.46875, 63.625, 72.1875, 68.1875, 68.0, 141.375, 29.125, 76.6875, 141.375, 114.3125, 112.3125, 99.0, 42.4375, 125.5625, 149.25], [89.3125, 10.0, 63.125, 109.125, 165.125, 34.65625, 168.125, 113.1875, 74.25, 37.0, 44.09375, 172.0, 89.125, 62.46875, 138.5, 34.1875, 180.875, 184.375, 148.75, 61.03125, 82.125, 88.875, 75.0625, 72.125, 23.015625, 150.875, 58.1875, 112.0, 88.6875, 54.03125, 114.125, 221.875, 156.5, 15.1328125, 44.40625, 154.5, 210.875, 136.125, 39.0, 57.25, 107.3125, 11.703125, 174.375, 124.0, 78.125, 45.46875, 0.0, 71.875, 117.375, 108.4375, 33.71875, 184.75, 43.0, 89.1875, 153.0, 159.75, 148.5, 139.75, 78.125, 165.125, 160.625], [53.5, 62.3125, 34.0625, 48.375, 93.5, 66.6875, 117.0625, 108.5625, 78.0625, 49.6875, 66.5, 142.625, 88.0625, 23.59375, 120.8125, 98.0, 134.375, 117.9375, 78.4375, 28.640625, 129.25, 17.265625, 80.625, 116.5, 82.1875, 93.0, 50.78125, 63.6875, 127.0, 30.875, 153.125, 190.25, 97.1875, 59.0625, 31.0, 95.3125, 181.5, 139.25, 51.40625, 55.5625, 95.375, 72.5625, 120.0625, 55.1875, 121.5625, 63.625, 71.875, 0.0, 109.3125, 70.0, 60.40625, 144.25, 36.125, 17.46875, 81.8125, 139.75, 92.8125, 95.5, 44.90625, 114.625, 89.5625], [58.03125, 116.25, 136.875, 154.0, 164.75, 82.75, 89.0, 6.0, 43.125, 85.4375, 149.75, 61.1875, 28.28125, 127.1875, 23.765625, 108.25, 90.0, 136.5, 162.375, 83.25, 88.0, 111.0, 176.625, 80.625, 101.8125, 93.3125, 147.75, 66.3125, 73.25, 85.4375, 85.25, 108.4375, 99.75, 105.625, 118.1875, 98.3125, 96.6875, 32.0, 82.4375, 150.75, 14.0390625, 128.0, 99.375, 149.5, 80.125, 72.1875, 117.375, 109.3125, 0.0, 51.625, 138.375, 84.125, 90.8125, 112.0, 160.625, 43.84375, 87.6875, 62.625, 64.5, 86.375, 167.375], [19.71875, 103.0625, 102.8125, 108.0625, 113.1875, 79.5, 60.40625, 54.125, 51.875, 71.5, 126.8125, 72.6875, 48.0, 92.1875, 54.15625, 115.0, 72.4375, 92.6875, 111.0625, 52.8125, 117.25, 65.8125, 147.875, 106.0625, 102.5625, 50.34375, 117.5, 14.765625, 106.6875, 58.53125, 126.5, 121.0625, 57.0, 93.625, 89.9375, 55.15625, 111.8125, 83.5, 69.625, 121.625, 39.4375, 116.0625, 68.0, 100.0, 108.3125, 68.1875, 108.4375, 70.0, 51.625, 0.0, 117.0625, 77.9375, 68.5, 66.75, 109.125, 70.875, 45.875, 31.328125, 31.390625, 57.4375, 115.75], [97.4375, 27.015625, 37.15625, 84.5625, 147.5, 60.4375, 172.625, 135.125, 96.25, 53.0, 11.703125, 186.75, 110.8125, 41.59375, 157.0, 67.75, 188.0, 178.375, 128.75, 64.375, 115.5, 77.125, 42.1875, 105.0625, 56.3125, 151.125, 26.25, 116.3125, 121.0625, 58.59375, 147.0, 236.625, 156.0, 35.90625, 29.828125, 154.0, 226.375, 161.5, 56.09375, 24.1875, 126.375, 24.59375, 177.125, 103.4375, 111.0625, 68.0, 33.71875, 60.40625, 138.375, 117.0625, 0.0, 195.0, 49.53125, 77.0625, 134.25, 178.0, 150.0, 147.125, 85.8125, 170.0, 141.375], [97.625, 180.25, 178.25, 172.0, 147.125, 153.125, 36.34375, 90.125, 116.9375, 148.0, 204.625, 29.40625, 105.0625, 167.625, 61.96875, 185.5, 18.25, 89.4375, 156.0, 130.625, 172.125, 135.25, 224.375, 164.125, 175.5, 63.59375, 194.0, 80.625, 157.375, 136.5, 167.125, 49.65625, 65.125, 170.375, 167.375, 65.5, 45.1875, 98.8125, 145.875, 198.375, 85.5, 193.25, 43.09375, 156.25, 164.0, 141.375, 184.75, 144.25, 84.125, 77.9375, 195.0, 0.0, 146.25, 136.0, 150.5, 51.46875, 59.8125, 48.78125, 109.3125, 36.875, 154.25], [48.75, 35.6875, 49.03125, 82.75, 127.875, 30.609375, 126.5, 88.25, 51.1875, 13.6015625, 60.21875, 137.25, 64.5, 41.3125, 108.0, 63.125, 140.5, 141.5, 114.125, 18.03125, 93.625, 50.8125, 85.875, 81.0, 47.40625, 108.0625, 57.25, 69.9375, 92.6875, 11.046875, 119.1875, 187.125, 113.625, 28.015625, 27.890625, 111.625, 176.875, 116.75, 15.65625, 60.0, 78.0625, 48.5, 132.125, 91.3125, 86.3125, 29.125, 43.0, 36.125, 90.8125, 68.5, 49.53125, 146.25, 0.0, 51.40625, 117.0, 128.875, 105.875, 99.3125, 37.125, 123.625, 124.8125], [54.03125, 79.6875, 46.625, 42.0625, 76.6875, 81.375, 106.1875, 112.1875, 86.375, 64.5625, 82.1875, 137.75, 94.125, 37.375, 120.25, 114.25, 124.4375, 101.8125, 62.9375, 39.40625, 142.375, 1.0, 92.6875, 129.625, 98.5, 80.4375, 64.25, 57.25, 138.75, 43.875, 164.25, 183.625, 83.875, 76.0625, 48.15625, 82.125, 175.625, 143.25, 65.8125, 69.3125, 98.0, 90.0, 108.0, 41.6875, 134.375, 76.6875, 89.1875, 17.46875, 112.0, 66.75, 77.0625, 136.0, 51.40625, 0.0, 65.625, 137.625, 81.0625, 87.9375, 48.65625, 104.0, 73.4375], [106.5, 143.125, 97.5, 54.03125, 14.0390625, 146.875, 114.25, 162.75, 146.125, 130.125, 135.5, 164.25, 150.375, 93.0, 160.625, 179.75, 133.625, 76.0625, 8.0625, 103.9375, 206.625, 66.25, 133.125, 193.875, 163.875, 87.125, 113.3125, 94.625, 201.5, 109.125, 225.875, 199.875, 85.375, 140.75, 109.25, 84.9375, 195.375, 192.625, 131.25, 118.0625, 147.875, 151.875, 109.75, 31.25, 198.375, 141.375, 153.0, 81.8125, 160.625, 109.125, 134.25, 150.5, 117.0, 65.625, 0.0, 172.5, 91.6875, 113.0625, 106.5, 113.5625, 7.80859375], [86.3125, 157.75, 171.0, 178.75, 173.125, 125.4375, 72.9375, 49.25, 85.8125, 125.875, 189.0, 22.46875, 71.25, 160.625, 21.265625, 152.125, 64.4375, 128.375, 176.125, 117.6875, 128.625, 136.625, 213.875, 122.75, 145.375, 90.125, 183.875, 82.0625, 112.875, 121.5, 118.625, 64.875, 94.9375, 147.125, 154.75, 94.25, 52.9375, 48.28125, 123.0625, 187.5, 52.5, 170.0, 83.25, 169.0, 121.375, 114.3125, 159.75, 139.75, 43.84375, 70.875, 178.0, 51.46875, 128.875, 137.625, 172.5, 0.0, 84.5, 59.84375, 96.25, 71.375, 178.0], [61.0625, 141.625, 126.5, 113.4375, 90.0625, 123.0625, 25.609375, 92.125, 97.75, 112.375, 158.0, 73.0625, 92.5625, 116.3125, 78.0625, 159.375, 44.9375, 48.90625, 96.6875, 88.0625, 162.875, 80.4375, 173.125, 151.875, 146.0, 5.83203125, 143.5, 37.0, 151.625, 94.9375, 169.75, 109.4375, 12.0390625, 133.375, 120.5625, 10.6328125, 104.0625, 116.1875, 111.1875, 148.375, 79.375, 154.375, 27.296875, 96.625, 154.0, 112.3125, 148.5, 92.8125, 87.6875, 45.875, 150.0, 59.8125, 105.875, 81.0625, 91.6875, 84.5, 0.0, 26.078125, 71.0625, 23.859375, 96.125], [50.6875, 134.25, 129.375, 125.8125, 113.3125, 110.5, 30.0625, 67.4375, 79.375, 102.8125, 156.375, 52.1875, 71.5625, 118.8125, 51.96875, 145.375, 41.21875, 74.25, 117.0625, 82.875, 142.5, 87.0625, 175.625, 132.25, 133.5, 31.90625, 145.25, 31.828125, 130.0, 89.0, 146.375, 95.6875, 37.8125, 124.9375, 119.0625, 36.625, 88.125, 90.25, 100.9375, 149.625, 55.90625, 147.25, 39.0625, 112.5625, 133.625, 99.0, 139.75, 95.5, 62.625, 31.328125, 147.125, 48.78125, 99.3125, 87.9375, 113.0625, 59.84375, 26.078125, 0.0, 62.25, 27.078125, 118.3125], [11.6640625, 72.125, 74.6875, 90.1875, 114.1875, 52.46875, 90.0, 64.0, 39.65625, 41.4375, 95.75, 102.0, 45.59375, 64.375, 76.5625, 89.125, 103.5, 111.8125, 106.1875, 21.9375, 102.4375, 47.6875, 118.25, 90.0, 75.1875, 74.0, 88.0, 34.125, 95.5, 27.203125, 119.375, 151.375, 80.125, 63.0625, 59.46875, 78.1875, 141.5, 95.0, 40.125, 91.8125, 50.5, 85.125, 96.3125, 88.875, 93.75, 42.4375, 78.125, 44.90625, 64.5, 31.390625, 85.8125, 109.3125, 37.125, 48.65625, 106.5, 96.25, 71.0625, 62.25, 0.0, 87.0625, 114.0625], [75.9375, 159.125, 148.625, 137.25, 110.4375, 137.0, 3.0, 91.6875, 106.5, 128.375, 178.5, 55.375, 98.25, 138.25, 70.8125, 172.25, 21.09375, 57.28125, 119.125, 106.375, 169.0, 103.3125, 195.25, 159.0, 160.0, 26.921875, 165.375, 53.84375, 156.25, 112.9375, 171.375, 86.375, 28.28125, 150.125, 141.0, 28.640625, 81.875, 110.625, 126.6875, 170.0, 81.625, 172.0, 13.0390625, 120.3125, 160.375, 125.5625, 165.125, 114.625, 86.375, 57.4375, 170.0, 36.875, 123.625, 104.0, 113.5625, 71.375, 23.859375, 27.078125, 87.0625, 0.0, 117.375], [113.75, 150.75, 104.5625, 60.0625, 10.0, 154.625, 117.875, 169.5, 153.75, 137.875, 142.375, 169.0, 157.625, 100.3125, 166.75, 187.5, 137.125, 76.5625, 13.0390625, 111.75, 214.375, 74.0, 139.0, 201.625, 171.75, 91.375, 120.0625, 101.1875, 209.125, 116.9375, 233.375, 203.375, 89.125, 148.5, 116.75, 88.8125, 199.25, 199.25, 139.0, 124.75, 154.75, 159.375, 112.8125, 38.09375, 206.0, 149.25, 160.625, 89.5625, 167.375, 115.75, 141.375, 154.25, 124.8125, 73.4375, 7.80859375, 178.0, 96.125, 118.3125, 114.0625, 117.375, 0.0]], "angleGap": [[0.0, 0.6455078125, 1.162109375, 1.806640625, 0.3828125, 2.9921875, 1.7998046875, 1.0673828125, 0.1357421875, 0.31982421875, 2.630859375, 1.4130859375, 0.66845703125, 2.255859375, 0.4482421875, 3.119140625, 2.431640625, 1.6171875, 0.35498046875, 0.9384765625, 1.166015625, 0.50634765625, 0.8955078125, 0.3544921875, 2.650390625, 0.5263671875, 2.650390625, 1.0732421875, 0.2353515625, 1.2041015625, 2.712890625, 2.619140625, 0.06640625, 0.4189453125, 2.61328125, 2.658203125, 1.8251953125, 0.1884765625, 0.49462890625, 1.8701171875, 0.00390625, 2.890625, 1.412109375, 0.9482421875, 0.46484375, 0.0947265625, 0.8408203125, 1.9033203125, 2.978515625, 0.25830078125, 2.935546875, 0.1240234375, 1.1669921875, 1.693359375, 2.380859375, 2.7265625, 3.123046875, 0.173828125, 3.0, 1.71875], [0.6455078125, 0.0, 0.51708984375, 1.1611328125, 1.0283203125, 2.34765625, 2.4453125, 1.712890625, 0.78125, 0.32568359375, 3.0078125, 2.05859375, 0.02294921875, 2.900390625, 1.09375, 2.51953125, 1.7861328125, 0.97216796875, 0.29052734375, 1.583984375, 0.52099609375, 0.13916015625, 1.541015625, 1.0, 2.00390625, 0.119140625, 2.00390625, 1.71875, 0.41015625, 1.849609375, 2.92578125, 1.9736328125, 0.7119140625, 0.2265625, 1.96875, 2.98046875, 2.470703125, 0.833984375, 0.15087890625, 2.515625, 0.6416015625, 2.24609375, 0.7666015625, 1.59375, 1.1103515625, 0.740234375, 0.195556640625, 2.548828125, 2.66015625, 0.38720703125, 2.703125, 0.521484375, 0.521484375, 1.046875, 3.025390625, 2.080078125, 2.513671875, 0.4716796875, 2.35546875, 1.0732421875], [1.162109375, 0.51708984375, 0.0, 0.64404296875, 1.544921875, 1.830078125, 2.962890625, 2.23046875, 1.2978515625, 0.8427734375, 2.490234375, 2.576171875, 0.493896484375, 2.865234375, 1.6103515625, 2.001953125, 1.26953125, 0.455322265625, 0.8076171875, 2.1015625, 0.003936767578125, 0.65625, 2.05859375, 1.5166015625, 1.48828125, 0.63623046875, 1.48828125, 2.236328125, 0.92724609375, 2.3671875, 2.408203125, 1.45703125, 1.228515625, 0.74365234375, 1.4521484375, 2.462890625, 2.98828125, 1.3505859375, 0.66796875, 3.033203125, 1.158203125, 1.7294921875, 0.2496337890625, 2.111328125, 1.626953125, 1.2568359375, 0.3212890625, 3.06640625, 2.142578125, 0.904296875, 2.185546875, 1.0380859375, 0.004638671875, 0.5302734375, 2.740234375, 1.5634765625, 1.9970703125, 0.98876953125, 1.8388671875, 0.55615234375], [1.806640625, 1.1611328125, 0.64404296875, 0.0, 2.189453125, 1.185546875, 2.677734375, 2.875, 1.9423828125, 1.486328125, 1.8466796875, 3.064453125, 1.138671875, 2.22265625, 2.25390625, 1.3583984375, 0.625, 0.18896484375, 1.451171875, 2.74609375, 0.64013671875, 1.30078125, 2.703125, 2.16015625, 0.84375, 1.2802734375, 0.84375, 2.87890625, 1.5712890625, 3.01171875, 1.7646484375, 0.8125, 1.873046875, 1.3876953125, 0.8076171875, 1.8193359375, 2.650390625, 1.9951171875, 1.3125, 2.607421875, 1.802734375, 1.0849609375, 0.39453125, 2.75390625, 2.271484375, 1.9013671875, 0.9658203125, 2.572265625, 1.4990234375, 1.548828125, 1.5419921875, 1.6826171875, 0.6396484375, 0.11376953125, 2.09765625, 0.9189453125, 1.3525390625, 1.6328125, 1.1943359375, 0.087890625], [0.3828125, 1.0283203125, 1.544921875, 2.189453125, 0.0, 2.908203125, 1.4169921875, 0.6845703125, 0.2470703125, 0.70263671875, 2.248046875, 1.0302734375, 1.05078125, 1.873046875, 0.0654296875, 2.736328125, 2.814453125, 2.0, 0.73779296875, 0.5556640625, 1.548828125, 0.88916015625, 0.5126953125, 0.0283203125, 3.033203125, 0.9091796875, 3.033203125, 0.6904296875, 0.6181640625, 0.8212890625, 2.330078125, 3.001953125, 0.31640625, 0.8017578125, 2.99609375, 2.275390625, 1.4423828125, 0.1943359375, 0.87744140625, 1.4873046875, 0.38671875, 3.009765625, 1.794921875, 0.5654296875, 0.08203125, 0.2880859375, 1.2236328125, 1.5205078125, 2.595703125, 0.64111328125, 2.552734375, 0.5068359375, 1.5498046875, 2.076171875, 1.998046875, 3.109375, 2.740234375, 0.556640625, 2.900390625, 2.1015625], [2.9921875, 2.34765625, 1.830078125, 1.185546875, 2.908203125, 0.0, 1.490234375, 2.224609375, 3.12890625, 2.671875, 0.6611328125, 1.876953125, 2.32421875, 1.0361328125, 2.841796875, 0.1728515625, 0.560546875, 1.375, 2.63671875, 2.353515625, 1.826171875, 2.486328125, 2.396484375, 2.935546875, 0.341796875, 2.46484375, 0.341796875, 2.216796875, 2.7578125, 2.087890625, 0.5791015625, 0.373046875, 3.05859375, 2.57421875, 0.3779296875, 0.6337890625, 1.466796875, 3.103515625, 2.498046875, 1.419921875, 2.98828125, 0.1005859375, 1.580078125, 2.341796875, 2.826171875, 3.0859375, 2.150390625, 1.388671875, 0.3134765625, 2.734375, 0.3564453125, 2.8671875, 1.8251953125, 1.298828125, 0.9111328125, 0.2666015625, 0.1669921875, 2.818359375, 0.0087890625, 1.2734375], [1.7998046875, 2.4453125, 2.962890625, 2.677734375, 1.4169921875, 1.490234375, 0.0, 0.732421875, 1.6640625, 2.119140625, 0.830078125, 0.38671875, 2.46875, 0.455078125, 1.3515625, 1.318359375, 2.052734375, 2.865234375, 2.154296875, 0.861328125, 2.966796875, 2.306640625, 0.904296875, 1.4453125, 1.833984375, 2.326171875, 1.833984375, 0.7265625, 2.03515625, 0.595703125, 0.912109375, 1.865234375, 1.7333984375, 2.21875, 1.869140625, 0.857421875, 0.025390625, 1.611328125, 2.294921875, 0.0703125, 1.8037109375, 1.591796875, 3.072265625, 0.8515625, 1.3349609375, 1.705078125, 2.640625, 0.103515625, 1.177734375, 2.05859375, 1.134765625, 1.923828125, 2.966796875, 2.791015625, 0.580078125, 1.759765625, 1.322265625, 1.9736328125, 1.482421875, 2.763671875], [1.0673828125, 1.712890625, 2.23046875, 2.875, 0.6845703125, 2.224609375, 0.732421875, 0.0, 0.931640625, 1.38671875, 1.564453125, 0.345703125, 1.736328125, 1.189453125, 0.619140625, 2.048828125, 2.783203125, 2.685546875, 1.421875, 0.12890625, 2.234375, 1.57421875, 0.171875, 0.712890625, 2.564453125, 1.59375, 2.564453125, 0.005859375, 1.302734375, 0.13671875, 1.642578125, 2.595703125, 1.0009765625, 1.486328125, 2.6015625, 1.587890625, 0.7578125, 0.87890625, 1.5625, 0.802734375, 1.0712890625, 2.32421875, 2.48046875, 0.119140625, 0.6025390625, 0.97265625, 1.908203125, 0.8359375, 1.908203125, 1.326171875, 1.869140625, 1.19140625, 2.234375, 2.759765625, 1.314453125, 2.490234375, 2.056640625, 1.2412109375, 2.212890625, 2.78515625], [0.1357421875, 0.78125, 1.2978515625, 1.9423828125, 0.2470703125, 3.12890625, 1.6640625, 0.931640625, 0.0, 0.45556640625, 2.494140625, 1.27734375, 0.80419921875, 2.119140625, 0.3125, 2.982421875, 2.56640625, 1.75390625, 0.49072265625, 0.802734375, 1.3017578125, 0.64208984375, 0.759765625, 0.21875, 2.78515625, 0.662109375, 2.78515625, 0.9375, 0.37109375, 1.068359375, 2.576171875, 2.75390625, 0.0693359375, 0.5546875, 2.75, 2.521484375, 1.689453125, 0.052734375, 0.63037109375, 1.734375, 0.1396484375, 3.02734375, 1.5478515625, 0.8125, 0.3291015625, 0.041015625, 0.9765625, 1.767578125, 2.841796875, 0.39404296875, 2.798828125, 0.259765625, 1.302734375, 1.828125, 2.244140625, 2.861328125, 2.98828125, 0.3095703125, 3.13671875, 1.8544921875], [0.31982421875, 0.32568359375, 0.8427734375, 1.486328125, 0.70263671875, 2.671875, 2.119140625, 1.38671875, 0.45556640625, 0.0, 2.94921875, 1.732421875, 0.3486328125, 2.57421875, 0.76806640625, 2.845703125, 2.111328125, 1.2978515625, 0.03515625, 1.2578125, 0.8466796875, 0.1865234375, 1.21484375, 0.67431640625, 2.330078125, 0.20654296875, 2.330078125, 1.392578125, 0.08447265625, 1.5234375, 3.03125, 2.298828125, 0.38623046875, 0.09912109375, 2.294921875, 2.9765625, 2.14453125, 0.50830078125, 0.1748046875, 2.189453125, 0.31591796875, 2.572265625, 1.091796875, 1.267578125, 0.78466796875, 0.41455078125, 0.521484375, 2.22265625, 2.986328125, 0.0615234375, 3.029296875, 0.19580078125, 0.84716796875, 1.373046875, 2.69921875, 2.40625, 2.83984375, 0.14599609375, 2.681640625, 1.3984375], [2.630859375, 3.0078125, 2.490234375, 1.8466796875, 2.248046875, 0.6611328125, 0.830078125, 1.564453125, 2.494140625, 2.94921875, 0.0, 1.216796875, 2.984375, 0.375, 2.181640625, 0.48828125, 1.2216796875, 2.03515625, 2.984375, 1.689453125, 2.486328125, 3.13671875, 1.736328125, 2.275390625, 1.0029296875, 3.126953125, 1.0029296875, 1.556640625, 2.865234375, 1.423828125, 0.08203125, 1.0341796875, 2.564453125, 3.048828125, 1.0390625, 0.02734375, 0.806640625, 2.44140625, 3.125, 0.759765625, 2.634765625, 0.76171875, 2.2421875, 1.681640625, 2.166015625, 2.53515625, 2.8125, 0.728515625, 0.34765625, 2.888671875, 0.3046875