{"name": "LZB_n60_6", "n": 60, "m": 8, "times": [[0.0, 62.25, 63.5625, 100.125, 86.3125, 68.125, 89.9375, 107.625, 109.875, 106.875, 51.25, 78.4375, 8.0625, 112.625, 20.03125, 32.125, 58.6875, 58.40625, 45.78125, 13.453125, 88.6875, 107.8125, 108.4375, 36.40625, 96.375, 116.625, 95.25, 31.25, 92.5625, 38.40625, 35.375, 29.125, 71.0, 89.5, 100.4375, 81.3125, 21.21875, 42.5, 101.4375, 82.125, 71.0, 76.5625, 123.8125, 67.4375, 92.1875, 20.59375, 102.0, 89.0625, 19.421875, 77.4375, 50.4375, 87.0, 111.625, 93.3125, 90.6875, 84.25, 111.8125, 103.25, 21.0, 68.625, 39.6875], [62.25, 0.0, 124.0, 108.625, 106.9375, 109.3125, 36.0625, 122.6875, 171.625, 124.9375, 106.5, 50.9375, 60.4375, 132.875, 48.875, 42.0625, 4.125, 51.65625, 84.625, 63.28125, 53.59375, 170.0, 57.09375, 26.921875, 158.125, 55.46875, 147.5, 88.75, 153.375, 24.703125, 27.015625, 38.90625, 105.125, 133.875, 38.21875, 73.8125, 52.8125, 25.0, 84.25, 53.03125, 121.8125, 74.3125, 61.625, 113.3125, 149.875, 43.0, 62.25, 33.0, 46.875, 16.15625, 84.6875, 112.3125, 50.53125, 146.0, 32.5625, 105.6875, 112.0, 120.0625, 49.25, 95.0625, 101.9375], [63.5625, 124.0, 0.0, 109.0, 122.6875, 52.25, 145.75, 106.9375, 48.90625, 140.375, 58.59375, 123.1875, 68.625, 104.3125, 82.5625, 94.5625, 120.125, 117.5625, 83.0, 60.8125, 150.625, 50.125, 160.875, 97.0625, 51.0, 179.25, 85.8125, 54.21875, 29.40625, 99.3125, 97.125, 92.5, 64.0, 55.21875, 161.875, 136.0, 72.375, 106.0, 132.5, 143.375, 75.0, 105.0, 185.25, 82.375, 31.0625, 81.0, 148.25, 152.5, 82.625, 139.875, 61.03125, 119.0625, 174.25, 83.625, 148.625, 120.5, 125.125, 138.625, 83.1875, 73.4375, 28.0], [100.125, 108.625, 109.0, 0.0, 185.875, 57.4375, 99.0625, 16.28125, 149.875, 206.5, 143.375, 64.1875, 107.4375, 29.125, 111.8125, 118.9375, 105.3125, 145.25, 145.875, 86.8125, 161.0, 155.25, 99.4375, 94.875, 160.0, 150.625, 184.625, 125.3125, 128.625, 95.9375, 98.25, 112.625, 45.1875, 69.3125, 129.75, 170.875, 81.5625, 113.75, 42.53125, 158.5, 164.5, 34.46875, 147.0, 164.625, 112.0, 92.625, 77.875, 139.875, 108.9375, 120.875, 53.75, 187.0, 147.0, 182.375, 107.3125, 183.875, 16.5, 202.625, 113.1875, 36.5, 112.0625], [86.3125, 106.9375, 122.6875, 185.875, 0.0, 151.0, 142.875, 193.875, 149.0, 20.609375, 65.125, 150.0, 78.625, 198.75, 74.9375, 71.3125, 106.5625, 56.0, 42.4375, 99.75, 79.5, 141.125, 163.875, 99.1875, 117.8125, 136.5, 73.375, 70.6875, 142.375, 99.375, 95.625, 77.5, 156.125, 168.5, 132.75, 44.28125, 104.375, 84.625, 179.875, 71.8125, 57.5625, 158.75, 150.5, 45.09375, 153.0, 94.6875, 167.625, 107.6875, 78.0625, 112.0, 136.5, 8.484375, 132.625, 73.4375, 138.25, 2.236328125, 196.375, 17.03125, 73.5625, 154.875, 96.375], [68.125, 109.3125, 52.25, 57.4375, 151.0, 0.0, 118.5, 54.75, 93.0, 171.0, 96.375, 88.0, 76.1875, 53.3125, 86.6875, 97.75, 105.25, 125.4375, 108.625, 56.3125, 151.75, 97.875, 128.5, 85.0625, 103.125, 162.75, 133.375, 82.0625, 71.5625, 87.0625, 87.0, 92.75, 12.3671875, 24.515625, 142.625, 149.25, 60.21875, 101.25, 87.125, 146.5, 116.75, 61.71875, 164.5, 120.0, 56.34375, 73.4375, 111.1875, 142.0, 84.875, 125.125, 24.734375, 149.875, 158.125, 131.125, 124.0625, 148.75, 73.8125, 168.0, 87.9375, 24.703125, 61.59375], [89.9375, 36.0625, 145.75, 99.0625, 142.875, 118.5, 0.0, 115.0, 194.5, 160.625, 138.625, 35.0, 90.5, 127.0625, 81.3125, 76.8125, 37.0625, 87.3125, 119.5, 86.375, 81.5625, 194.5, 21.03125, 54.21875, 185.875, 51.96875, 181.0, 119.625, 174.625, 52.5625, 56.3125, 72.5625, 110.875, 142.375, 31.625, 107.8125, 74.0, 60.21875, 63.5625, 83.625, 155.5, 66.25, 48.25, 147.875, 167.375, 69.375, 31.140625, 50.21875, 78.75, 34.46875, 94.5, 148.375, 48.75, 179.375, 8.9453125, 141.75, 97.0625, 155.75, 82.0, 98.375, 127.875], [107.625, 122.6875, 106.9375, 16.28125, 193.875, 54.75, 115.0, 0.0, 144.125, 214.5, 147.125, 80.0, 115.3125, 13.0, 121.25, 129.375, 119.1875, 156.375, 152.875, 94.1875, 174.25, 150.375, 115.75, 106.9375, 157.625, 166.375, 186.625, 130.125, 123.375, 108.25, 110.125, 123.25, 43.6875, 60.875, 145.375, 182.0, 90.8125, 125.8125, 58.53125, 171.25, 168.125, 49.5, 163.0, 169.5, 105.375, 102.8125, 94.125, 154.5, 118.5625, 135.625, 58.25, 194.5, 162.625, 184.5, 123.125, 191.875, 27.59375, 210.875, 122.6875, 39.65625, 114.0], [109.875, 171.625, 48.90625, 149.875, 149.0, 93.0, 194.5, 144.125, 0.0, 162.75, 85.8125, 171.75, 113.5625, 138.125, 127.25, 138.75, 167.875, 158.25, 116.5, 109.0625, 192.75, 10.6328125, 209.75, 145.0, 34.9375, 226.5, 88.9375, 91.75, 21.546875, 147.125, 144.625, 137.75, 105.375, 84.0625, 209.75, 172.75, 120.9375, 152.0, 178.625, 185.0, 92.375, 151.625, 233.125, 104.0625, 39.0, 128.75, 196.625, 198.625, 127.9375, 187.25, 107.8125, 143.125, 221.5, 87.3125, 197.25, 147.0, 166.375, 162.375, 127.625, 117.0625, 70.5], [106.875, 124.9375, 140.375, 206.5, 20.609375, 171.0, 160.625, 214.5, 162.75, 0.0, 81.9375, 169.5, 99.25, 219.25, 95.4375, 91.25, 124.9375, 73.375, 62.46875, 120.3125, 91.4375, 154.25, 181.5, 119.0, 130.0, 149.625, 80.625, 89.875, 158.125, 119.125, 115.4375, 97.5, 176.375, 187.875, 148.0, 56.3125, 125.0, 103.75, 199.875, 84.5625, 70.4375, 179.25, 164.125, 59.4375, 170.125, 115.125, 186.375, 122.125, 98.5, 128.5, 157.0, 21.46875, 146.125, 81.1875, 155.375, 22.671875, 216.875, 5.0, 94.0625, 175.375, 114.9375], [51.25, 106.5, 58.59375, 143.375, 65.125, 96.375, 138.625, 147.125, 85.8125, 81.9375, 0.0, 129.625, 48.5, 148.75, 57.6875, 65.4375, 103.75, 76.875, 31.390625, 61.125, 111.75, 79.3125, 158.125, 84.4375, 59.03125, 155.625, 44.03125, 20.03125, 77.4375, 86.0625, 82.25, 67.625, 104.625, 109.125, 143.125, 87.625, 72.0, 82.125, 151.5, 103.4375, 21.1875, 125.3125, 165.625, 24.203125, 88.25, 70.625, 153.0, 125.375, 60.0, 119.25, 89.6875, 60.71875, 150.75, 42.09375, 137.875, 62.96875, 157.25, 80.375, 57.25, 107.8125, 35.34375], [78.4375, 50.9375, 123.1875, 64.1875, 150.0, 88.0, 35.0, 80.0, 171.75, 169.5, 129.625, 0.0, 82.0, 92.0625, 77.9375, 78.75, 48.84375, 98.625, 118.0625, 70.0625, 104.375, 173.25, 40.5, 50.96875, 168.5, 86.5, 173.625, 109.6875, 150.75, 50.59375, 54.40625, 72.8125, 78.875, 110.8125, 65.625, 122.875, 58.0625, 66.1875, 33.3125, 103.9375, 149.125, 31.40625, 83.1875, 144.125, 140.75, 60.03125, 25.0625, 78.25, 74.8125, 59.53125, 65.75, 153.75, 82.875, 171.75, 43.09375, 148.375, 63.5625, 164.875, 79.0625, 65.75, 110.75], [8.0625, 60.4375, 68.625, 107.4375, 78.625, 76.1875, 90.5, 115.3125, 113.5625, 99.25, 48.5, 82.0, 0.0, 120.5, 13.9296875, 25.96875, 57.1875, 51.09375, 38.90625, 21.265625, 82.375, 110.8125, 109.75, 36.25, 97.75, 113.5625, 92.0625, 29.15625, 97.1875, 38.0, 34.46875, 24.1875, 79.0625, 97.25, 98.4375, 73.5, 26.921875, 38.59375, 106.75, 75.5625, 67.1875, 82.625, 121.625, 62.40625, 98.0625, 22.203125, 104.8125, 85.125, 14.421875, 74.9375, 58.40625, 79.625, 108.5625, 90.25, 90.4375, 76.5625, 118.6875, 95.5, 14.5625, 76.5, 43.03125], [112.625, 132.875, 104.3125, 29.125, 198.75, 53.3125, 127.0625, 13.0, 138.125, 219.25, 148.75, 92.0625, 120.5, 0.0, 127.625, 136.5, 129.25, 164.0, 157.0, 99.25, 183.5, 145.0, 128.5, 115.5625, 154.25, 178.125, 186.625, 132.75, 118.0, 117.0, 118.625, 130.5, 44.09375, 54.09375, 157.125, 189.375, 97.375, 134.25, 71.5, 180.125, 169.5, 61.03125, 175.25, 171.75, 99.125, 109.9375, 106.9375, 165.125, 125.125, 146.375, 62.25, 198.75, 174.25, 184.375, 135.0, 196.625, 40.0, 215.75, 129.0, 44.03125, 114.5], [20.03125, 48.875, 82.5625, 111.8125, 74.9375, 86.6875, 81.3125, 121.25, 127.25, 95.4375, 57.6875, 77.9375, 13.9296875, 127.625, 0.0, 12.1640625, 46.0625, 38.84375, 40.1875, 30.359375, 68.75, 124.25, 101.4375, 28.078125, 110.3125, 100.5, 99.75, 40.0, 111.0625, 29.28125, 25.3125, 10.6328125, 88.125, 108.875, 86.1875, 62.78125, 30.484375, 25.453125, 105.6875, 62.125, 74.1875, 83.875, 109.25, 67.25, 111.8125, 19.71875, 99.0, 71.625, 3.162109375, 62.46875, 66.625, 77.375, 95.5, 98.0625, 80.25, 73.0625, 121.625, 91.25, 1.4140625, 83.75, 56.8125], [32.125, 42.0625, 94.5625, 118.9375, 71.3125, 97.75, 76.8125, 129.375, 138.75, 91.25, 65.4375, 78.75, 25.96875, 136.5, 12.1640625, 0.0, 40.03125, 27.859375, 42.75, 41.59375, 56.5625, 135.375, 97.5, 27.859375, 120.4375, 90.5625, 105.5, 49.53125, 122.9375, 28.15625, 24.359375, 6.40234375, 98.4375, 120.375, 77.6875, 52.84375, 39.34375, 17.09375, 108.6875, 50.03125, 79.875, 89.0, 100.1875, 71.3125, 124.0, 26.625, 97.75, 60.96875, 13.0390625, 53.84375, 76.6875, 75.0, 85.625, 104.0, 74.4375, 69.625, 127.5625, 86.75, 11.3984375, 93.0625, 68.4375], [58.6875, 4.125, 120.125, 105.3125, 106.5625, 105.25, 37.0625, 119.1875, 167.875, 124.9375, 103.75, 48.84375, 57.1875, 129.25, 46.0625, 40.03125, 0.0, 51.875, 82.75, 59.375, 56.3125, 166.375, 58.0, 23.015625, 154.75, 59.46875, 145.125, 85.75, 149.5, 20.8125, 23.34375, 36.40625, 101.0625, 129.75, 41.875, 74.8125, 48.75, 23.1875, 82.0, 55.21875, 119.5625, 71.125, 65.3125, 111.3125, 145.75, 39.21875, 61.6875, 37.0, 43.90625, 20.25, 80.625, 111.625, 54.5625, 143.625, 34.46875, 105.25, 109.0625, 120.0625, 46.53125, 91.125, 98.3125], [58.40625, 51.65625, 117.5625, 145.25, 56.0, 125.4375, 87.3125, 156.375, 158.25, 73.375, 76.875, 98.625, 51.09375, 164.0, 38.84375, 27.859375, 51.875, 0.0, 46.6875, 69.125, 35.0, 153.5, 108.1875, 50.90625, 135.5, 84.125, 109.375, 66.5, 144.5, 50.25, 47.375, 33.53125, 126.3125, 147.625, 77.4375, 25.609375, 67.125, 32.8125, 130.625, 26.828125, 85.0625, 113.875, 96.8125, 73.625, 148.0, 54.125, 113.5625, 53.84375, 40.53125, 56.03125, 104.5625, 62.1875, 79.6875, 108.4375, 82.3125, 55.0, 152.75, 68.4375, 37.65625, 120.75, 90.0], [45.78125, 84.625, 83.0, 145.875, 42.4375, 108.625, 119.5, 152.875, 116.5, 62.46875, 31.390625, 118.0625, 38.90625, 157.0, 40.1875, 42.75, 82.75, 46.6875, 0.0, 59.0625, 81.1875, 110.4375, 140.125, 68.0, 90.375, 128.75, 64.0, 29.125, 106.0625, 69.0, 65.0, 47.15625, 113.9375, 126.1875, 118.625, 56.3125, 65.8125, 59.65625, 144.875, 72.8125, 38.84375, 121.4375, 140.125, 28.796875, 114.0, 58.6875, 139.0, 98.1875, 43.28125, 95.0625, 94.9375, 41.71875, 124.0, 62.78125, 117.125, 40.21875, 157.5, 59.40625, 39.125, 113.4375, 55.53125], [13.453125, 63.28125, 60.8125, 86.8125, 99.75, 56.3125, 86.375, 94.1875, 109.0625, 120.3125, 61.125, 70.0625, 21.265625, 99.25, 30.359375, 41.59375, 59.375, 69.125, 59.0625, 0.0, 97.0, 108.3125, 103.4375, 36.34375, 99.875, 118.6875, 105.0, 41.3125, 90.1875, 38.59375, 36.6875, 37.0625, 58.1875, 78.75, 101.0, 93.0625, 12.53125, 47.84375, 90.375, 91.125, 81.75, 64.5625, 124.375, 79.375, 86.9375, 20.609375, 94.5625, 93.0625, 28.640625, 79.25, 37.1875, 100.4375, 113.75, 103.0, 88.4375, 97.6875, 98.8125, 116.6875, 31.625, 55.21875, 41.6875], [88.6875, 53.59375, 150.625, 161.0, 79.5, 151.75, 81.5625, 174.25, 192.75, 91.4375, 111.75, 104.375, 82.375, 183.5, 68.75, 56.5625, 56.3125, 35.0, 81.1875, 97.0, 0.0, 188.25, 100.1875, 68.4375, 170.5, 58.3125, 142.375, 101.125, 178.375, 66.75, 65.75, 60.0625, 150.5, 175.25, 59.90625, 35.4375, 91.5625, 50.625, 137.625, 8.484375, 118.8125, 127.125, 73.0625, 106.8125, 180.375, 78.3125, 112.0, 33.53125, 69.375, 47.1875, 128.75, 87.3125, 55.03125, 141.5, 73.9375, 79.3125, 165.375, 86.5, 67.875, 142.625, 123.6875], [107.8125, 170.0, 50.125, 155.25, 141.125, 97.875, 194.5, 150.375, 10.6328125, 154.25, 79.3125, 173.25, 110.8125, 145.0, 124.25, 135.375, 166.375, 153.5, 110.4375, 108.3125, 188.25, 0.0, 210.375, 143.625, 25.0, 224.25, 79.0625, 87.1875, 27.0, 145.75, 143.0, 134.875, 110.1875, 91.125, 208.25, 166.75, 120.5, 149.375, 182.0, 180.375, 84.0, 154.75, 231.625, 96.0625, 46.53125, 127.3125, 198.25, 195.875, 125.1875, 185.25, 110.6875, 135.0, 219.25, 77.5, 196.75, 139.25, 171.625, 154.0, 124.5625, 121.3125, 68.125], [108.4375, 57.09375, 160.875, 99.4375, 163.875, 128.5, 21.03125, 115.75, 209.75, 181.5, 158.125, 40.5, 109.75, 128.5, 101.4375, 97.5, 58.0, 108.1875, 140.125, 103.4375, 100.1875, 210.375, 0.0, 73.75, 203.25, 60.53125, 201.0, 138.875, 189.25, 72.25, 76.1875, 93.0625, 119.375, 151.25, 43.84375, 128.125, 90.9375, 81.125, 59.0, 103.0625, 175.625, 70.375, 51.53125, 168.375, 180.375, 88.0, 22.0, 67.4375, 98.6875, 54.09375, 105.75, 169.375, 58.8125, 199.375, 26.578125, 162.75, 94.0, 176.625, 102.1875, 106.1875, 145.125], [36.40625, 26.921875, 97.0625, 94.875, 99.1875, 85.0625, 54.21875, 106.9375, 145.0, 119.0, 84.4375, 50.96875, 36.25, 115.5625, 28.078125, 27.859375, 23.015625, 50.90625, 68.0, 36.34375, 68.4375, 143.625, 73.75, 0.0, 132.75, 82.375, 127.375, 65.375, 126.5, 2.236328125, 3.60546875, 21.84375, 82.5, 109.3125, 64.8125, 76.4375, 26.25, 18.875, 81.0, 64.625, 102.0, 62.9375, 88.25, 95.3125, 123.0, 16.28125, 71.0, 57.71875, 25.171875, 42.9375, 61.0625, 102.8125, 77.4375, 125.625, 54.375, 97.5, 101.875, 114.5, 29.015625, 74.1875, 75.6875], [96.375, 158.125, 51.0, 160.0, 117.8125, 103.125, 185.875, 157.625, 34.9375, 130.0, 59.03125, 168.5, 97.75, 154.25, 110.3125, 120.4375, 154.75, 135.5, 90.375, 99.875, 170.5, 25.0, 203.25, 132.75, 0.0, 210.75, 54.09375, 70.9375, 41.625, 134.75, 131.625, 120.9375, 115.0, 102.1875, 196.125, 146.375, 112.375, 135.75, 181.625, 162.25, 60.3125, 154.0, 219.375, 72.8125, 61.40625, 116.8125, 193.375, 181.375, 111.75, 172.625, 110.625, 111.3125, 205.75, 52.5, 187.0, 116.0, 176.125, 130.0, 110.3125, 124.25, 58.1875], [116.625, 55.46875, 179.25, 150.625, 136.5, 162.75, 51.96875, 166.375, 226.5, 149.625, 155.625, 86.5, 113.5625, 178.125, 100.5, 90.5625, 59.46875, 84.125, 128.75, 118.6875, 58.3125, 224.25, 60.53125, 82.375, 210.75, 0.0, 192.625, 140.0, 208.625, 80.125, 82.125, 89.875, 157.125, 187.25, 21.0, 93.375, 108.25, 75.0625, 115.25, 65.125, 167.5, 117.0625, 15.296875, 156.875, 205.25, 98.25, 80.25, 30.53125, 99.25, 39.4375, 138.0, 144.0, 5.0, 191.375, 43.40625, 136.125, 149.0, 144.625, 100.4375, 145.625, 156.25], [95.25, 147.5, 85.8125, 184.625, 73.375, 133.375, 181.0, 186.625, 88.9375, 80.625, 44.03125, 173.625, 92.0625, 186.625, 99.75, 105.5, 145.125, 109.375, 64.0, 105.0, 142.375, 79.0625, 201.0, 127.375, 54.09375, 192.625, 0.0, 64.0625, 91.25, 128.75, 124.9375, 108.8125, 143.125, 140.875, 182.5, 111.375, 116.0625, 122.5625, 195.25, 133.875, 25.625, 168.75, 204.125, 35.8125, 108.4375, 114.25, 196.875, 162.125, 102.375, 158.875, 131.0, 65.375, 188.0, 2.236328125, 179.625, 72.0, 199.125, 81.75, 99.0625, 148.375, 72.75], [31.25, 88.75, 54.21875, 125.3125, 70.6875, 82.0625, 119.625, 130.125, 91.75, 89.875, 20.03125, 109.6875, 29.15625, 132.75, 40.0, 49.53125, 85.75, 66.5, 29.125, 41.3125, 101.125, 87.1875, 138.875, 65.375, 70.9375, 140.0, 64.0625, 0.0, 78.9375, 67.125, 63.5, 50.4375, 88.875, 97.9375, 126.1875, 82.375, 52.0, 65.3125, 131.625, 93.25, 40.4375, 105.75, 149.125, 39.34375, 85.3125, 50.96875, 133.125, 110.4375, 41.875, 102.4375, 72.0625, 68.5, 135.125, 62.125, 119.4375, 68.4375, 138.625, 87.3125, 39.8125, 90.5625, 26.46875], [92.5625, 153.375, 29.40625, 128.625, 142.375, 71.5625, 174.625, 123.375, 21.546875, 158.125, 77.4375, 150.75, 97.1875, 118.0, 111.0625, 122.9375, 149.5, 144.5, 106.0625, 90.1875, 178.375, 27.0, 189.25, 126.5, 41.625, 208.625, 91.25, 78.9375, 0.0, 128.75, 126.5, 121.25, 83.9375, 64.1875, 191.25, 161.25, 101.6875, 135.125, 157.125, 170.875, 88.5625, 130.125, 214.625, 98.6875, 20.25, 110.375, 175.625, 181.625, 111.375, 169.25, 86.4375, 137.5, 203.625, 89.3125, 177.75, 140.25, 145.125, 157.125, 111.625, 95.5, 54.71875], [38.40625, 24.703125, 99.3125, 95.9375, 99.375, 87.0625, 52.5625, 108.25, 147.125, 119.125, 86.0625, 50.59375, 38.0, 117.0, 29.28125, 28.15625, 20.8125, 50.25, 69.0, 38.59375, 66.75, 145.75, 72.25, 2.236328125, 134.75, 80.125, 128.75, 67.125, 128.75, 0.0, 4.0, 22.359375, 84.375, 111.375, 62.625, 75.6875, 28.453125, 17.796875, 81.125, 63.15625, 103.375, 63.6875, 86.0625, 96.5, 125.25, 18.4375, 70.125, 55.53125, 26.46875, 40.71875, 63.03125, 103.1875, 75.1875, 127.125, 52.46875, 97.75, 102.625, 114.5625, 30.15625, 75.9375, 77.8125], [35.375, 27.015625, 97.125, 98.25, 95.625, 87.0, 56.3125, 110.125, 144.625, 115.4375, 82.25, 54.40625, 34.46875, 118.625, 25.3125, 24.359375, 23.34375, 47.375, 65.0, 36.6875, 65.75, 143.0, 76.1875, 3.60546875, 131.625, 82.125, 124.9375, 63.5, 126.5, 4.0, 0.0, 18.4375, 84.875, 111.125, 65.1875, 72.9375, 27.453125, 15.65625, 84.625, 61.6875, 99.4375, 66.4375, 88.625, 92.5625, 123.5625, 16.125, 74.125, 56.625, 22.5625, 42.71875, 63.28125, 99.3125, 77.1875, 123.25, 55.9375, 94.0, 105.375, 110.9375, 26.171875, 76.9375, 74.9375], [29.125, 38.90625, 92.5, 112.625, 77.5, 92.75, 72.5625, 123.25, 137.75, 97.5, 67.625, 72.8125, 24.1875, 130.5, 10.6328125, 6.40234375, 36.40625, 33.53125, 47.15625, 37.0625, 60.0625, 134.875, 93.0625, 21.84375, 120.9375, 89.875, 108.8125, 50.4375, 121.25, 22.359375, 18.4375, 0.0, 93.0, 115.75, 75.8125, 58.84375, 33.625, 14.8671875, 102.4375, 54.09375, 83.1875, 82.625, 98.6875, 75.3125, 121.3125, 20.59375, 92.375, 61.03125, 9.8515625, 52.0, 71.1875, 80.9375, 84.875, 107.25, 70.8125, 75.75, 121.1875, 93.0625, 10.6328125, 87.1875, 67.25], [71.0, 105.125, 64.0, 45.1875, 156.125, 12.3671875, 110.875, 43.6875, 105.375, 176.375, 104.625, 78.875, 79.0625, 44.09375, 88.125, 98.4375, 101.0625, 126.3125, 113.9375, 58.1875, 150.5, 110.1875, 119.375, 82.5, 115.0, 157.125, 143.125, 88.875, 83.9375, 84.375, 84.875, 93.0, 0.0, 31.90625, 136.625, 150.875, 59.46875, 99.8125, 75.4375, 145.75, 125.375, 50.9375, 157.875, 127.625, 68.4375, 72.8125, 101.1875, 138.125, 86.0, 120.5, 21.84375, 155.625, 152.625, 141.0, 117.0, 153.875, 61.53125, 173.125, 89.5, 13.453125, 70.6875], [89.5, 133.875, 55.21875, 69.3125, 168.5, 24.515625, 142.375, 60.875, 84.0625, 187.875, 109.125, 110.8125, 97.25, 54.09375, 108.875, 120.375, 129.75, 147.625, 126.1875, 78.75, 175.25, 91.125, 151.25, 109.3125, 102.1875, 187.25, 140.875, 97.9375, 64.1875, 111.375, 111.125, 115.75, 31.90625, 0.0, 167.0, 170.75, 84.0, 125.0, 105.5625, 169.75, 128.0, 82.4375, 188.875, 133.25, 45.03125, 97.0625, 133.0, 166.5, 107.375, 149.625, 49.25, 166.375, 182.625, 138.75, 148.25, 166.25, 85.5, 185.25, 110.0, 45.21875, 73.875], [100.4375, 38.21875, 161.875, 129.75, 132.75, 142.625, 31.625, 145.375, 209.75, 148.0, 143.125, 65.625, 98.4375, 157.125, 86.1875, 77.6875, 41.875, 77.4375, 118.625, 101.0, 59.90625, 208.25, 43.84375, 64.8125, 196.125, 21.0, 182.5, 126.1875, 191.25, 62.625, 65.1875, 75.8125, 136.625, 167.0, 0.0, 92.125, 89.875, 61.03125, 95.1875, 64.625, 157.0, 96.0625, 23.4375, 147.375, 186.75, 81.0625, 61.40625, 26.46875, 84.5, 23.859375, 117.9375, 139.5, 17.265625, 181.125, 22.796875, 132.0, 128.5, 143.0, 86.375, 124.9375, 140.125], [81.3125, 73.8125, 136.0, 170.875, 44.28125, 149.25, 107.8125, 182.0, 172.75, 56.3125, 87.625, 122.875, 73.5, 189.375, 62.78125, 52.84375, 74.8125, 25.609375, 56.3125, 93.0625, 35.4375, 166.75, 128.125, 76.4375, 146.375, 93.375, 111.375, 82.375, 161.25, 75.6875, 72.9375, 58.84375, 150.875, 170.75, 92.125, 0.0, 92.1875, 58.0, 155.375, 28.28125, 89.875, 139.375, 107.8125, 77.125, 167.0, 79.375, 136.0, 66.0, 64.875, 74.1875, 129.25, 52.34375, 89.8125, 110.875, 101.625, 44.28125, 178.25, 51.34375, 61.46875, 145.875, 108.0625], [21.21875, 52.8125, 72.375, 81.5625, 104.375, 60.21875, 74.0, 90.8125, 120.9375, 125.0, 72.0, 58.0625, 26.921875, 97.375, 30.484375, 39.34375, 48.75, 67.125, 65.8125, 12.53125, 91.5625, 120.5, 90.9375, 26.25, 112.375, 108.25, 116.0625, 52.0, 101.6875, 28.453125, 27.453125, 33.625, 59.46875, 84.0, 89.875, 92.1875, 0.0, 41.0625, 80.25, 86.5, 92.125, 55.71875, 113.1875, 88.625, 97.0625, 13.34375, 82.25, 83.9375, 27.796875, 68.9375, 37.65625, 106.0, 103.3125, 114.125, 76.375, 102.4375, 92.125, 121.0625, 31.890625, 53.71875, 54.21875], [42.5, 25.0, 106.0, 113.75, 84.625, 101.25, 60.21875, 125.8125, 152.0, 103.75, 82.125, 66.1875, 38.59375, 134.25, 25.453125, 17.09375, 23.1875, 32.8125, 59.65625, 47.84375, 50.625, 149.375, 81.125, 18.875, 135.75, 75.0625, 122.5625, 65.3125, 135.125, 17.796875, 15.65625, 14.8671875, 99.8125, 125.0, 61.03125, 58.0, 41.0625, 0.0, 97.9375, 46.1875, 96.9375, 81.4375, 83.875, 88.3125, 134.125, 28.015625, 83.0, 46.65625, 24.203125, 37.1875, 78.0625, 89.25, 70.0625, 121.0625, 57.5, 83.1875, 120.4375, 99.0, 25.5, 92.375, 81.5625], [101.4375, 84.25, 132.5, 42.53125, 179.875, 87.125, 63.5625, 58.53125, 178.625, 199.875, 151.5, 33.3125, 106.75, 71.5, 105.6875, 108.6875, 82.0, 130.625, 144.875, 90.375, 137.625, 182.0, 59.0, 81.0, 181.625, 115.25, 195.25, 131.625, 157.125, 81.125, 84.625, 102.4375, 75.4375, 105.5625, 95.1875, 155.375, 80.25, 97.9375, 0.0, 137.25, 172.0, 27.65625, 109.1875, 168.875, 143.375, 86.3125, 37.0, 110.8125, 102.5, 92.375, 71.5, 182.875, 112.25, 193.25, 72.4375, 178.125, 35.0, 195.5, 107.0, 62.4375, 126.6875], [82.125, 53.03125, 143.375, 158.5, 71.8125, 146.5, 83.625, 171.25, 185.0, 84.5625, 103.4375, 103.9375, 75.5625, 180.125, 62.125, 50.03125, 55.21875, 26.828125, 72.8125, 91.125, 8.484375, 180.375, 103.0625, 64.625, 162.25, 65.125, 133.875, 93.25, 170.875, 63.15625, 61.6875, 54.09375, 145.75, 169.75, 64.625, 28.28125, 86.5, 46.1875, 137.25, 0.0, 110.375, 125.125, 79.5, 98.3125, 173.5, 73.1875, 113.4375, 38.21875, 63.0, 49.1875, 124.0, 79.5, 61.53125, 133.0, 76.5625, 71.5, 163.625, 79.625, 61.21875, 138.5, 116.1875], [71.0, 121.8125, 75.0, 164.5, 57.5625, 116.75, 155.5, 168.125, 92.375, 70.4375, 21.1875, 149.125, 67.1875, 169.5, 74.1875, 79.875, 119.5625, 85.0625, 38.84375, 81.75, 118.8125, 84.0, 175.625, 102.0, 60.3125, 167.5, 25.625, 40.4375, 88.5625, 103.375, 99.4375, 83.1875, 125.375, 128.0, 157.0, 89.875, 92.125, 96.9375, 172.0, 110.375, 0.0, 146.125, 178.75, 13.0, 102.4375, 89.375, 172.0, 137.0, 76.875, 133.25, 110.875, 51.03125, 162.875, 24.171875, 154.0, 55.71875, 178.375, 70.0625, 73.5, 129.0, 55.21875], [76.5625, 74.3125, 105.0, 34.46875, 158.75, 61.71875, 66.25, 49.5, 151.625, 179.25, 125.3125, 31.40625, 82.625, 61.03125, 83.875, 89.0, 71.125, 113.875, 121.4375, 64.5625, 127.125, 154.75, 70.375, 62.9375, 154.0, 117.0625, 168.75, 105.75, 130.125, 63.6875, 66.4375, 82.625, 50.9375, 82.4375, 96.0625, 139.375, 55.71875, 81.4375, 27.65625, 125.125, 146.125, 0.0, 114.5, 143.875, 117.3125, 64.125, 50.78125, 105.375, 80.75, 86.375, 44.0, 161.0, 113.1875, 166.625, 74.0, 156.875, 38.9375, 175.0, 85.25, 37.46875, 99.25], [123.8125, 61.625, 185.25, 147.0, 150.5, 164.5, 48.25, 163.0, 233.125, 164.125, 165.625, 83.1875, 121.625, 175.25, 109.25, 100.1875, 65.3125, 96.8125, 140.125, 124.375, 73.0625, 231.625, 51.53125, 88.25, 219.375, 15.296875, 204.125, 149.125, 214.625, 86.0625, 88.625, 98.6875, 157.875, 188.875, 23.4375, 107.8125, 113.1875, 83.875, 109.1875, 79.5, 178.75, 114.5, 0.0, 168.625, 209.875, 104.5, 72.75, 43.0, 107.625, 46.75, 140.0, 157.625, 18.03125, 202.75, 41.0, 149.875, 143.75, 159.125, 109.3125, 145.75, 163.5], [67.4375, 113.3125, 82.375, 164.625, 45.09375, 120.0, 147.875, 169.5, 104.0625, 59.4375, 24.203125, 144.125, 62.40625, 171.75, 67.25, 71.3125, 111.3125, 73.625, 28.796875, 79.375, 106.8125, 96.0625, 168.375, 95.3125, 72.8125, 156.875, 35.8125, 39.34375, 98.6875, 96.5, 92.5625, 75.3125, 127.625, 133.25, 147.375, 77.125, 88.625, 88.3125, 168.875, 98.3125, 13.0, 143.875, 168.625, 0.0, 111.25, 84.125, 166.125, 126.375, 70.1875, 123.875, 111.4375, 39.125, 152.375, 34.84375, 145.75, 43.1875, 177.75, 58.5625, 66.375, 129.875, 59.46875], [92.1875, 149.875, 31.0625, 112.0, 153.0, 56.34375, 167.375, 105.375, 39.0, 170.125, 88.25, 140.75, 98.0625, 99.125, 111.8125, 124.0, 145.75, 148.0, 114.0, 86.9375, 180.375, 46.53125, 180.375, 123.0, 61.40625, 205.25, 108.4375, 85.3125, 20.25, 125.25, 123.5625, 121.3125, 68.4375, 45.03125, 186.75, 167.0, 97.0625, 134.125, 143.375, 173.5, 102.4375, 117.3125, 209.875, 111.25, 0.0, 107.5625, 165.125, 180.0, 111.5625, 165.875, 75.0625, 149.0, 200.375, 106.375, 171.5, 150.875, 128.5, 168.625, 112.5625, 81.0, 59.03125], [20.59375, 43.0, 81.0, 92.625, 94.6875, 73.4375, 69.375, 102.8125, 128.75, 115.125, 70.625, 60.03125, 22.203125, 109.9375, 19.71875, 26.625, 39.21875, 54.125, 58.6875, 20.609375, 78.3125, 127.3125, 88.0, 16.28125, 116.8125, 98.25, 114.25, 50.96875, 110.375, 18.4375, 16.125, 20.59375, 72.8125, 97.0625, 81.0625, 79.375, 13.34375, 28.015625, 86.3125, 73.1875, 89.375, 64.125, 104.5, 84.125, 107.5625, 0.0, 82.625, 72.4375, 16.640625, 58.84375, 50.96875, 97.0625, 93.3125, 112.4375, 70.1875, 92.8125, 102.0, 110.9375, 21.09375, 66.625, 59.46875], [102.0, 62.25, 148.25, 77.875, 167.625, 111.1875, 31.140625, 94.125, 196.625, 186.375, 153.0, 25.0625, 104.8125, 106.9375, 99.0, 97.75, 61.6875, 113.5625, 139.0, 94.5625, 112.0, 198.25, 22.0, 71.0, 193.375, 80.25, 196.875, 133.125, 175.625, 70.125, 74.125, 92.375, 101.1875, 133.0, 61.40625, 136.0, 82.25, 83.0, 37.0, 113.4375, 172.0, 50.78125, 72.75, 166.125, 165.125, 82.625, 0.0, 81.3125, 96.0, 64.8125, 90.0, 172.25, 77.8125, 195.0, 39.8125, 166.125, 72.0, 181.625, 100.0, 87.8125, 135.5], [89.0625, 33.0, 152.5, 139.875, 107.6875, 142.0, 50.21875, 154.5, 198.625, 122.125, 125.375, 78.25, 85.125, 165.125, 71.625, 60.96875, 37.0, 53.84375, 98.1875, 93.0625, 33.53125, 195.875, 67.4375, 57.71875, 181.375, 30.53125, 162.125, 110.4375, 181.625, 55.53125, 56.625, 61.03125, 138.125, 166.5, 26.46875, 66.0, 83.9375, 46.65625, 110.8125, 38.21875, 137.0, 105.375, 43.0, 126.375, 180.0, 72.4375, 81.3125, 0.0, 70.75, 18.96875, 117.5, 114.75, 25.9375, 160.875, 41.875, 107.0625, 141.5, 117.125, 71.375, 128.0, 128.125], [19.421875, 46.875, 82.625, 108.9375, 78.0625, 84.875, 78.75, 118.5625, 127.9375, 98.5, 60.0, 74.8125, 14.421875, 125.125, 3.162109375, 13.0390625, 43.90625, 40.53125, 43.28125, 28.640625, 69.375, 125.1875, 98.6875, 25.171875, 111.75, 99.25, 102.375, 41.875, 111.375, 26.46875, 22.5625, 9.8515625, 86.0, 107.375, 84.5, 64.875, 27.796875, 24.203125, 102.5, 63.0, 76.875, 80.75, 107.625, 70.1875, 111.5625, 16.640625, 96.0, 70.75, 0.0, 60.875, 64.375, 80.5, 94.25, 100.6875, 77.875, 76.1875, 118.625, 94.3125, 4.47265625, 81.3125, 57.46875], [77.4375, 16.15625, 139.875, 120.875, 112.0, 125.125, 34.46875, 135.625, 187.25, 128.5, 119.25, 59.53125, 74.9375, 146.375, 62.46875, 53.84375, 20.25, 56.03125, 95.0625, 79.25, 47.1875, 185.25, 54.09375, 42.9375, 172.625, 39.4375, 158.875, 102.4375, 169.25, 40.71875, 42.71875, 52.0, 120.5, 149.625, 23.859375, 74.1875, 68.9375, 37.1875, 92.375, 49.1875, 133.25, 86.375, 46.75, 123.875, 165.875, 58.84375, 64.8125, 18.96875, 60.875, 0.0, 100.4375, 118.1875, 34.46875, 157.5, 27.515625, 111.0625, 122.625, 123.5625, 62.625, 110.0, 117.125], [50.4375, 84.6875, 61.03125, 53.75, 136.5, 24.734375, 94.5, 58.25, 107.8125, 157.0, 89.6875, 65.75, 58.40625, 62.25, 66.625, 76.6875, 80.625, 104.5625, 94.9375, 37.1875, 128.75, 110.6875, 105.75, 61.0625, 110.625, 138.0, 131.0, 72.0625, 86.4375, 63.03125, 63.28125, 71.1875, 21.84375, 49.25, 117.9375, 129.25, 37.65625, 78.0625, 71.5, 124.0, 110.875, 44.0, 140.0, 111.4375, 75.0625, 50.96875, 90.0, 117.5, 64.375, 100.4375, 0.0, 136.625, 133.375, 128.75, 99.75, 134.375, 68.25, 153.5, 68.0, 18.59375, 58.6875], [87.0, 112.3125, 119.0625, 187.0, 8.484375, 149.875, 148.375, 194.5, 143.125, 21.46875, 60.71875, 153.75, 79.625, 198.75, 77.375, 75.0, 111.625, 62.1875, 41.71875, 100.4375, 87.3125, 135.0, 169.375, 102.8125, 111.3125, 144.0, 65.375, 68.5, 137.5, 103.1875, 99.3125, 80.9375, 155.625, 166.375, 139.5, 52.34375, 106.0, 89.25, 182.875, 79.5, 51.03125, 161.0, 157.625, 39.125, 149.0, 97.0625, 172.25, 114.75, 80.5, 118.1875, 136.625, 0.0, 140.0, 65.5625, 144.0, 8.0625, 198.125, 19.640625, 76.0625, 155.125, 93.5], [111.625, 50.53125, 174.25, 147.0, 132.625, 158.125, 48.75, 162.625, 221.5, 146.125, 150.75, 82.875, 108.5625, 174.25, 95.5, 85.625, 54.5625, 79.6875, 124.0, 113.75, 55.03125, 219.25, 58.8125, 77.4375, 205.75, 5.0, 188.0, 135.125, 203.625, 75.1875, 77.1875, 84.875, 152.625, 182.625, 17.265625, 89.8125, 103.3125, 70.0625, 112.25, 61.53125, 162.875, 113.1875, 18.03125, 152.375, 200.375, 93.3125, 77.8125, 25.9375, 94.25, 34.46875, 133.375, 140.0, 0.0, 186.75, 40.03125, 132.125, 145.75, 141.125, 95.5, 141.25, 151.25], [93.3125, 146.0, 83.625, 182.375, 73.4375, 131.125, 179.375, 184.5, 87.3125, 81.1875, 42.09375, 171.75, 90.25, 184.375, 98.0625, 104.0, 143.625, 108.4375, 62.78125, 103.0, 141.5, 77.5, 199.375, 125.625, 52.5, 191.375, 2.236328125, 62.125, 89.3125, 127.125, 123.25, 107.25, 141.0, 138.75, 181.125, 110.875, 114.125, 121.0625, 193.25, 133.0, 24.171875, 166.625, 202.75, 34.84375, 106.375, 112.4375, 195.0, 160.875, 100.6875, 157.5, 128.75, 65.5625, 186.75, 0.0, 178.0, 72.0, 197.0, 82.25, 97.4375, 146.125, 70.5], [90.6875, 32.5625, 148.625, 107.3125, 138.25, 124.0625, 8.9453125, 123.125, 197.25, 155.375, 137.875, 43.09375, 90.4375, 135.0, 80.25, 74.4375, 34.46875, 82.3125, 117.125, 88.4375, 73.9375, 196.75, 26.578125, 54.375, 187.0, 43.40625, 179.625, 119.4375, 177.75, 52.46875, 55.9375, 70.8125, 117.0, 148.25, 22.796875, 101.625, 76.375, 57.5, 72.4375, 76.5625, 154.0, 74.0, 41.0, 145.75, 171.5, 70.1875, 39.8125, 41.875, 77.875, 27.515625, 99.75, 144.0, 40.03125, 178.0, 0.0, 137.125, 105.75, 150.5, 80.75, 104.8125, 129.5], [84.25, 105.6875, 120.5, 183.875, 2.236328125, 148.75, 141.75, 191.875, 147.0, 22.671875, 62.96875, 148.375, 76.5625, 196.625, 73.0625, 69.625, 105.25, 55.0, 40.21875, 97.6875, 79.3125, 139.25, 162.75, 97.5, 116.0, 136.125, 72.0, 68.4375, 140.25, 97.75, 94.0, 75.75, 153.875, 166.25, 132.0, 44.28125, 102.4375, 83.1875, 178.125, 71.5, 55.71875, 156.875, 149.875, 43.1875, 150.875, 92.8125, 166.125, 107.0625, 76.1875, 111.0625, 134.375, 8.0625, 132.125, 72.0, 137.125, 0.0, 194.375, 19.203125, 71.6875, 152.75, 94.125], [111.8125, 112.0, 125.125, 16.5, 196.375, 73.8125, 97.0625, 27.59375, 166.375, 216.875, 157.25, 63.5625, 118.6875, 40.0, 121.625, 127.5625, 109.0625, 152.75, 157.5, 98.8125, 165.375, 171.625, 94.0, 101.875, 176.125, 149.0, 199.125, 138.625, 145.125, 102.625, 105.375, 121.1875, 61.53125, 85.5, 128.5, 178.25, 92.125, 120.4375, 35.0, 163.625, 178.375, 38.9375, 143.75, 177.75, 128.5, 102.0, 72.0, 141.5, 118.625, 122.625, 68.25, 198.125, 145.75, 197.0, 105.75, 194.375, 0.0, 212.875, 123.0, 52.03125, 126.9375], [103.25, 120.0625, 138.625, 202.625, 17.03125, 168.0, 155.75, 210.875, 162.375, 5.0, 80.375, 164.875, 95.5, 215.75, 91.25, 86.75, 120.0625, 68.4375, 59.40625, 116.6875, 86.5, 154.0, 176.625, 114.5, 130.0, 144.625, 81.75, 87.3125, 157.125, 114.5625, 110.9375, 93.0625, 173.125, 185.25, 143.0, 51.34375, 121.0625, 99.0, 195.5, 79.625, 70.0625, 175.0, 159.125, 58.5625, 168.625, 110.9375, 181.625, 117.125, 94.3125, 123.5625, 153.5, 19.640625, 141.125, 82.25, 150.5, 19.203125, 212.875, 0.0, 89.875, 171.875, 112.75], [21.0, 49.25, 83.1875, 113.1875, 73.5625, 87.9375, 82.0, 122.6875, 127.625, 94.0625, 57.25, 79.0625, 14.5625, 129.0, 1.4140625, 11.3984375, 46.53125, 37.65625, 39.125, 31.625, 67.875, 124.5625, 102.1875, 29.015625, 110.3125, 100.4375, 99.0625, 39.8125, 111.625, 30.15625, 26.171875, 10.6328125, 89.5, 110.0, 86.375, 61.46875, 31.890625, 25.5, 107.0, 61.21875, 73.5, 85.25, 109.3125, 66.375, 112.5625, 21.09375, 100.0, 71.375, 4.47265625, 62.625, 68.0, 76.0625, 95.5, 97.4375, 80.75, 71.6875, 123.0, 89.875, 0.0, 85.125, 57.25], [68.625, 95.0625, 73.4375, 36.5, 154.875, 24.703125, 98.375, 39.65625, 117.0625, 175.375, 107.8125, 65.75, 76.5, 44.03125, 83.75, 93.0625, 91.125, 120.75, 113.4375, 55.21875, 142.625, 121.3125, 106.1875, 74.1875, 124.25, 145.625, 148.375, 90.5625, 95.5, 75.9375, 76.9375, 87.1875, 13.453125, 45.21875, 124.9375, 145.875, 53.71875, 92.375, 62.4375, 138.5, 129.0, 37.46875, 145.75, 129.875, 81.0, 66.625, 87.8125, 128.0, 81.3125, 110.0, 18.59375, 155.125, 141.25, 146.125, 104.8125, 152.75, 52.03125, 171.875, 85.125, 0.0, 75.6875], [39.6875, 101.9375, 28.0, 112.0625, 96.375, 61.59375, 127.875, 114.0, 70.5, 114.9375, 35.34375, 110.75, 43.03125, 114.5, 56.8125, 68.4375, 98.3125, 90.0, 55.53125, 41.6875, 123.6875, 68.125, 145.125, 75.6875, 58.1875, 156.25, 72.75, 26.46875, 54.71875, 77.8125, 74.9375, 67.25, 70.6875, 73.875, 140.125, 108.0625, 54.21875, 81.5625, 126.6875, 116.1875, 55.21875, 99.25, 163.5, 59.46875, 59.03125, 59.46875, 135.5, 128.125, 57.46875, 117.125, 58.6875, 93.5, 151.25, 70.5, 129.5, 94.125, 126.9375, 112.75, 57.25, 75.6875, 0.0]], "angleGap": [[0.0, 2.798828125, 1.400390625, 1.58203125, 1.986328125, 0.30859375, 1.541015625, 2.990234375, 1.5947265625, 2.431640625, 0.705078125, 1.2822265625, 1.650390625, 0.712890625, 0.669921875, 0.03515625, 0.8828125, 1.7822265625, 1.541015625, 0.638671875, 3.083984375, 0.41015625, 0.158203125, 2.98046875, 0.130859375, 2.408203125, 2.462890625, 2.861328125, 0.1328125, 0.0625, 0.4853515625, 1.814453125, 2.142578125, 0.005859375, 1.0498046875, 0.947265625, 0.298828125, 0.978515625, 0.7021484375, 2.306640625, 1.111328125, 0.017578125, 2.125, 2.642578125, 0.30078125, 0.609375, 0.259765625, 0.5556640625, 0.078125, 1.689453125, 1.6796875, 0.130859375, 2.419921875, 0.2109375, 1.5908203125, 1.291015625, 1.5625, 0.763671875, 1.623046875, 3.091796875], [2.798828125, 0.0, 1.3994140625, 1.90234375, 0.8125, 2.490234375, 1.2587890625, 0.189453125, 1.888671875, 1.0517578125, 2.095703125, 2.201171875, 1.1494140625, 2.76953125, 2.8125, 2.763671875, 2.6015625, 1.701171875, 1.2587890625, 2.84375, 0.28515625, 2.388671875, 2.642578125, 0.50390625, 2.931640625, 1.076171875, 1.021484375, 0.0615234375, 2.666015625, 2.736328125, 2.998046875, 0.9853515625, 0.658203125, 2.806640625, 2.43359375, 1.8505859375, 3.099609375, 1.8232421875, 2.78125, 1.177734375, 1.6865234375, 2.818359375, 1.3583984375, 0.158203125, 2.498046875, 2.189453125, 3.060546875, 2.927734375, 2.876953125, 1.1083984375, 1.8046875, 2.931640625, 1.0634765625, 2.587890625, 1.892578125, 1.5087890625, 1.9208984375, 2.71875, 1.1767578125, 0.29248046875], [1.400390625, 1.3994140625, 0.0, 2.982421875, 0.5869140625, 1.091796875, 0.140625, 1.5888671875, 2.994140625, 2.451171875, 0.697265625, 2.681640625, 0.25, 2.111328125, 2.072265625, 1.365234375, 2.283203125, 3.1015625, 0.140625, 2.041015625, 1.6845703125, 0.990234375, 1.244140625, 1.9033203125, 1.533203125, 2.474609375, 2.419921875, 1.4609375, 1.267578125, 1.337890625, 1.884765625, 0.4140625, 0.7412109375, 1.408203125, 2.451171875, 0.451171875, 1.697265625, 0.423828125, 2.103515625, 2.576171875, 0.287109375, 1.416015625, 2.7578125, 1.2412109375, 1.099609375, 0.791015625, 1.658203125, 1.955078125, 1.478515625, 0.291015625, 3.080078125, 1.533203125, 2.462890625, 1.189453125, 2.990234375, 0.109375, 2.962890625, 2.166015625, 0.22265625, 1.69140625], [1.58203125, 1.90234375, 2.982421875, 0.0, 2.71484375, 1.890625, 3.123046875, 1.712890625, 0.01318359375, 0.85009765625, 2.287109375, 0.29931640625, 3.05078125, 0.86865234375, 0.91162109375, 1.6171875, 0.69873046875, 0.20068359375, 3.123046875, 0.94287109375, 1.6171875, 1.9921875, 1.740234375, 1.3984375, 1.451171875, 0.826171875, 0.880859375, 1.83984375, 1.71484375, 1.64453125, 1.095703125, 2.88671875, 2.560546875, 1.576171875, 0.53173828125, 2.53125, 1.283203125, 2.55859375, 0.87939453125, 0.72412109375, 2.6953125, 1.564453125, 0.54345703125, 2.060546875, 1.8828125, 2.19140625, 1.322265625, 1.025390625, 1.50390625, 3.009765625, 0.09765625, 1.451171875, 0.83837890625, 1.79296875, 0.00927734375, 2.873046875, 0.01904296875, 0.81787109375, 3.078125, 1.609375], [1.986328125, 0.8125, 0.5869140625, 2.71484375, 0.0, 1.677734375, 0.4462890625, 1.001953125, 2.701171875, 1.8642578125, 1.283203125, 3.013671875, 0.3369140625, 2.701171875, 2.658203125, 1.951171875, 2.869140625, 2.513671875, 0.4462890625, 2.626953125, 1.09765625, 1.576171875, 1.830078125, 1.31640625, 2.119140625, 1.888671875, 1.833984375, 0.8740234375, 1.853515625, 1.923828125, 2.47265625, 0.1728515625, 0.154296875, 1.994140625, 3.037109375, 1.0380859375, 2.287109375, 1.0107421875, 2.689453125, 1.990234375, 0.8740234375, 2.005859375, 2.171875, 0.654296875, 1.685546875, 1.376953125, 2.248046875, 2.54296875, 2.064453125, 0.2958984375, 2.6171875, 2.119140625, 1.8759765625, 1.775390625, 2.705078125, 0.6962890625, 2.734375, 2.751953125, 0.3642578125, 1.10546875], [0.30859375, 2.490234375, 1.091796875, 1.890625, 1.677734375, 0.0, 1.232421875, 2.681640625, 1.9033203125, 2.740234375, 0.396484375, 1.5908203125, 1.341796875, 1.021484375, 0.978515625, 0.2734375, 1.19140625, 2.08984375, 1.232421875, 0.947265625, 2.775390625, 0.1015625, 0.150390625, 2.994140625, 0.439453125, 2.716796875, 2.771484375, 2.552734375, 0.17578125, 0.24609375, 0.7939453125, 1.505859375, 1.833984375, 0.314453125, 1.3583984375, 0.642578125, 0.607421875, 0.666015625, 1.0107421875, 2.615234375, 0.806640625, 0.326171875, 2.43359375, 2.333984375, 0.0078125, 0.30078125, 0.568359375, 0.8642578125, 0.38671875, 1.384765625, 1.98828125, 0.439453125, 2.728515625, 0.09765625, 1.8994140625, 0.982421875, 1.87109375, 1.072265625, 1.314453125, 2.783203125], [1.541015625, 1.2587890625, 0.140625, 3.123046875, 0.4462890625, 1.232421875, 0.0, 1.4482421875, 3.134765625, 2.310546875, 0.837890625, 2.822265625, 0.109375, 2.251953125, 2.212890625, 1.505859375, 2.423828125, 2.9609375, 0.0, 2.181640625, 1.5439453125, 1.130859375, 1.384765625, 1.7626953125, 1.673828125, 2.333984375, 2.279296875, 1.3203125, 1.408203125, 1.478515625, 2.025390625, 0.2734375, 0.6005859375, 1.548828125, 2.591796875, 0.591796875, 1.837890625, 0.564453125, 2.244140625, 2.435546875, 0.427734375, 1.556640625, 2.6171875, 1.1005859375, 1.240234375, 0.931640625, 1.798828125, 2.095703125, 1.619140625, 0.150390625, 3.0625, 1.673828125, 2.322265625, 1.330078125, 3.130859375, 0.25, 3.103515625, 2.3046875, 0.08203125, 1.55078125], [2.990234375, 0.189453125, 1.5888671875, 1.712890625, 1.001953125, 2.681640625, 1.4482421875, 0.0, 1.69921875, 0.8623046875, 2.283203125, 2.01171875, 1.3388671875, 2.58203125, 2.625, 2.955078125, 2.41015625, 1.51171875, 1.4482421875, 2.65625, 0.095703125, 2.580078125, 2.830078125, 0.314453125, 3.119140625, 0.88623046875, 0.83154296875, 0.1279296875, 2.857421875, 2.927734375, 2.80859375, 1.1748046875, 0.84765625, 2.994140625, 2.244140625, 2.0390625, 2.99609375, 2.01171875, 2.591796875, 0.98828125, 1.8759765625, 3.005859375, 1.1689453125, 0.34765625, 2.689453125, 2.380859375, 3.03515625, 2.73828125, 3.068359375, 1.2978515625, 1.615234375, 3.119140625, 0.8740234375, 2.779296875, 1.703125, 1.6982421875, 1.7314453125, 2.53125, 1.3662109375, 0.10302734375], [1.5947265625, 1.888671875, 2.994140625, 0.01318359375, 2.701171875, 1.9033203125, 3.134765625, 1.69921875, 0.0, 0.8369140625, 2.30078125, 0.3125, 3.0390625, 0.8818359375, 0.9248046875, 1.6298828125, 0.7119140625, 0.1875, 3.134765625, 0.9560546875, 1.603515625, 2.00390625, 1.7529296875, 1.384765625, 1.4638671875, 0.81298828125, 0.86767578125, 1.8271484375, 1.7275390625, 1.6572265625, 1.109375, 2.875, 2.546875, 1.5888671875, 0.544921875, 2.544921875, 1.2958984375, 2.572265625, 0.892578125, 0.7109375, 2.708984375, 1.5771484375, 0.5302734375, 2.046875, 1.8955078125, 2.203125, 1.3349609375, 1.0390625, 1.5166015625, 2.99609375, 0.08447265625, 1.4638671875, 0.8251953125, 1.8056640625, 0.00390625, 2.884765625, 0.0322265625, 0.8310546875, 3.06640625, 1.595703125], [2.431640625, 1.0517578125, 2.451171875, 0.85009765625, 1.8642578125, 2.740234375, 2.310546875, 0.8623046875, 0.8369140625, 0.0, 3.13671875, 1.1494140625, 2.201171875, 1.71875, 1.76171875, 2.466796875, 1.548828125, 0.6494140625, 2.310546875, 1.79296875, 0.7666015625, 2.841796875, 2.58984375, 0.5478515625, 2.30078125, 0.024169921875, 0.03057861328125, 0.990234375, 2.564453125, 2.494140625, 1.9462890625, 2.037109375, 1.7099609375, 2.42578125, 1.3818359375, 2.90234375, 2.1328125, 2.875, 1.7294921875, 0.1258544921875, 2.73828125, 2.4140625, 0.306640625, 1.2099609375, 2.732421875, 3.041015625, 2.171875, 1.8759765625, 2.353515625, 2.16015625, 0.75244140625, 2.30078125, 0.01190185546875, 2.642578125, 0.8408203125, 2.560546875, 0.869140625, 1.66796875, 2.228515625, 0.75927734375], [0.705078125, 2.095703125, 0.697265625, 2.287109375, 1.283203125, 0.396484375, 0.837890625, 2.283203125, 2.30078125, 3.13671875, 0.0, 1.9873046875, 0.947265625, 1.41796875, 1.375, 0.669921875, 1.587890625, 2.48828125, 0.837890625, 1.34375, 2.380859375, 0.294921875, 0.546875, 2.599609375, 0.8359375, 3.11328125, 3.115234375, 2.158203125, 0.572265625, 0.642578125, 1.1904296875, 1.111328125, 1.435546875, 0.7109