{"name": "LZB_n20_10", "n": 20, "m": 6, "times": [[0.0, 91.23595428466797, 62.17716598510742, 173.95401000976562, 6.324555397033691, 41.9761848449707, 96.21330261230469, 17.0, 167.88687133789062, 102.04410552978516, 62.36986541748047, 61.84658432006836, 81.3019027709961, 75.43209075927734, 49.73931884765625, 147.6346893310547, 100.70252990722656, 179.01116943359375, 51.6623649597168, 77.2528305053711, 79.76214599609375, 159.70285034179688, 135.10366821289062, 80.15609741210938, 106.21205139160156, 190.0552520751953, 96.25486755371094, 179.33767700195312, 159.7059783935547, 30.463092803955078, 193.70596313476562, 73.49829864501953, 16.155494689941406, 96.8813705444336, 129.4681396484375, 91.02197265625, 38.07886505126953, 90.55384826660156, 120.61923217773438, 52.345008850097656], [91.23595428466797, 0.0, 74.09453582763672, 84.85281372070312, 97.50897216796875, 121.82774353027344, 19.92485809326172, 93.40770721435547, 109.22454071044922, 162.49615478515625, 88.23831176757812, 43.73785400390625, 150.20652770996094, 22.847318649291992, 75.80237579345703, 160.04998779296875, 14.317821502685547, 169.2483367919922, 41.86884307861328, 62.7694206237793, 51.088157653808594, 113.2298583984375, 138.43771362304688, 15.524174690246582, 105.01904296875, 100.22474670410156, 12.041594505310059, 142.8355712890625, 80.95677947998047, 74.96665954589844, 147.2480926513672, 109.00458526611328, 81.27114868164062, 24.698177337646484, 141.0035400390625, 153.4959259033203, 96.42613983154297, 107.87029266357422, 74.30342864990234, 127.3106460571289], [62.17716598510742, 74.09453582763672, 0.0, 137.4117889404297, 66.70832061767578, 65.11528015136719, 90.47099304199219, 76.843994140625, 110.01818084716797, 89.62700653076172, 14.422204971313477, 78.64476776123047, 80.91971588134766, 51.26402282714844, 12.649110794067383, 96.13532257080078, 88.25531005859375, 120.10411834716797, 42.296573638916016, 104.54663848876953, 30.0, 99.04039764404297, 78.77182006835938, 73.97972869873047, 46.22769546508789, 154.0292205810547, 85.070556640625, 117.20068359375, 112.92475128173828, 31.906112670898438, 132.1968231201172, 34.928497314453125, 46.14108657836914, 62.481998443603516, 76.5506362915039, 81.56592559814453, 36.22154235839844, 37.656341552734375, 63.12685775756836, 65.19202423095703], [173.95401000976562, 84.85281372070312, 137.4117889404297, 0.0, 180.27755737304688, 198.1766815185547, 90.27181243896484, 177.89041137695312, 83.00602722167969, 224.2431640625, 151.02980041503906, 127.06297302246094, 218.21548461914062, 98.68130493164062, 145.11375427246094, 189.69448852539062, 81.02468872070312, 177.48521423339844, 122.38055419921875, 139.44174194335938, 107.41508483886719, 101.96568298339844, 166.8202667236328, 99.32270812988281, 142.8740692138672, 16.6433162689209, 85.0, 131.0953826904297, 37.656341552734375, 152.11837768554688, 121.92620849609375, 168.50518798828125, 161.7559814453125, 78.29431915283203, 175.0257110595703, 217.5890655517578, 169.80577087402344, 157.28953552246094, 90.73587799072266, 200.9975128173828], [6.324555397033691, 97.50897216796875, 66.70832061767578, 180.27755737304688, 0.0, 39.11521530151367, 102.2007827758789, 17.11724281311035, 173.44163513183594, 100.40418243408203, 65.802734375, 67.26811981201172, 79.00633239746094, 81.74349975585938, 54.12947463989258, 149.62620544433594, 106.8503646850586, 182.1235809326172, 57.9741325378418, 81.43709564208984, 85.47514343261719, 164.84234619140625, 137.9021453857422, 86.28441619873047, 109.85900115966797, 196.37973022460938, 102.39628601074219, 183.89671325683594, 165.87344360351562, 35.44009017944336, 198.640380859375, 75.43209075927734, 21.3775577545166, 103.16007232666016, 131.79530334472656, 89.35882568359375, 39.824615478515625, 93.38094329833984, 126.11502838134766, 50.0], [41.9761848449707, 121.82774353027344, 65.11528015136719, 198.1766815185547, 39.11521530151367, 0.0, 131.24404907226562, 56.00892639160156, 174.28712463378906, 62.169124603271484, 56.0, 101.11874389648438, 40.04996871948242, 101.60708618164062, 54.4058837890625, 123.55565643310547, 133.64505004882812, 161.74362182617188, 79.98124694824219, 118.9033203125, 92.97311401367188, 161.19863891601562, 116.84605407714844, 114.02192687988281, 96.04686737060547, 214.76731872558594, 129.4179229736328, 174.19529724121094, 177.08755493164062, 47.01063537597656, 192.0520782470703, 53.851646423339844, 42.43819046020508, 120.066650390625, 108.16654205322266, 51.195701599121094, 29.120439529418945, 75.27283477783203, 128.00390625, 11.401754379272461], [96.21330261230469, 19.92485809326172, 90.47099304199219, 90.27181243896484, 102.2007827758789, 131.24404907226562, 0.0, 94.82615661621094, 126.57408905029297, 176.77670288085938, 104.12012481689453, 38.60051727294922, 162.75440979003906, 40.112342834472656, 90.2496566772461, 179.27911376953125, 10.29563045501709, 189.171875, 52.839378356933594, 49.72926712036133, 70.06425476074219, 132.0605926513672, 157.91769409179688, 17.492855072021484, 124.25779724121094, 104.01922607421875, 8.602325439453125, 162.0771484375, 93.94147491455078, 85.70297241210938, 165.556640625, 125.0, 89.14033508300781, 44.283180236816406, 160.07810974121094, 167.26026916503906, 108.22661590576172, 125.78155517578125, 93.91485595703125, 138.0036163330078], [17.0, 93.40770721435547, 76.843994140625, 177.89041137695312, 17.11724281311035, 56.00892639160156, 94.82615661621094, 0.0, 179.01116943359375, 117.51595306396484, 78.49203491210938, 57.42821502685547, 96.00521087646484, 81.09870910644531, 64.81512451171875, 164.5022735595703, 100.84642028808594, 195.16659545898438, 58.03447341918945, 67.41661834716797, 90.8019790649414, 172.3252716064453, 151.55856323242188, 80.41144561767578, 121.91800689697266, 193.5458526611328, 96.3846435546875, 193.38304138183594, 167.0, 45.0, 206.82601928710938, 90.42676544189453, 31.14482307434082, 103.07764434814453, 146.20875549316406, 106.47064971923828, 55.07267761230469, 107.05606079101562, 132.1968231201172, 67.02984619140625], [167.88687133789062, 109.22454071044922, 110.01818084716797, 83.00602722167969, 173.44163513183594, 174.28712463378906, 126.57408905029297, 179.01116943359375, 0.0, 176.8756561279297, 118.4229736328125, 148.7178497314453, 179.1200714111328, 104.70912170410156, 122.14745330810547, 119.00420379638672, 116.7261734008789, 97.14422607421875, 123.13001251220703, 171.40011596679688, 88.29496002197266, 22.203603744506836, 98.35140991210938, 123.40583801269531, 87.8464584350586, 93.21480560302734, 118.08895111083984, 48.166378021240234, 46.389652252197266, 138.31124877929688, 41.231056213378906, 127.57743072509766, 152.06906127929688, 86.02325439453125, 109.34349822998047, 173.6922607421875, 146.01370239257812, 108.78418731689453, 47.381431579589844, 172.28465270996094], [102.04410552978516, 162.49615478515625, 89.62700653076172, 224.2431640625, 100.40418243408203, 62.169124603271484, 176.77670288085938, 117.51595306396484, 176.8756561279297, 0.0, 75.21302795410156, 154.259521484375, 23.25940704345703, 139.78912353515625, 86.76981353759766, 84.92938232421875, 176.2384796142578, 129.55308532714844, 124.23365020751953, 175.78680419921875, 118.56221771240234, 158.1455078125, 90.0888442993164, 159.4114227294922, 89.05054473876953, 240.62002563476562, 172.62677001953125, 159.66526794433594, 195.0, 93.40770721435547, 181.03314208984375, 55.90169906616211, 96.7470932006836, 152.0032958984375, 78.00640869140625, 11.045360565185547, 70.8307876586914, 69.1158447265625, 138.39797973632812, 50.80354309082031], [62.36986541748047, 88.23831176757812, 14.422204971313477, 151.02980041503906, 65.802734375, 56.0, 104.12012481689453, 78.49203491210938, 118.4229736328125, 75.21302795410156, 0.0, 89.35882568359375, 67.20118713378906, 65.39112854003906, 16.492422103881836, 88.10221099853516, 102.31813049316406, 116.69190216064453, 54.08327102661133, 114.58621215820312, 43.863426208496094, 105.3043212890625, 73.24616241455078, 87.32124328613281, 44.10215377807617, 167.6096649169922, 99.02020263671875, 120.16654968261719, 125.21981048583984, 34.66987228393555, 136.8941192626953, 20.880613327026367, 47.423622131347656, 76.83749389648438, 68.96376037597656, 67.26811981201172, 29.120439529418945, 29.154760360717773, 72.7804946899414, 54.12947463989258], [61.84658432006836, 43.73785400390625, 78.64476776123047, 127.06297302246094, 67.26811981201172, 101.11874389648438, 38.60051727294922, 57.42821502685547, 148.7178497314453, 154.259521484375, 89.35882568359375, 0.0, 136.95619201660156, 44.68780517578125, 73.10950469970703, 174.4505615234375, 46.389652252197266, 193.29769897460938, 36.68787384033203, 26.4007568359375, 71.28113555908203, 148.9228057861328, 155.6663055419922, 28.284271240234375, 121.63058471679688, 141.5980224609375, 42.19004440307617, 176.10508728027344, 124.4548110961914, 61.0, 183.99185180664062, 109.01834869384766, 59.09314727783203, 63.06346130371094, 154.80633544921875, 143.84019470214844, 83.43260955810547, 116.29703521728516, 107.56393432617188, 109.65856170654297], [81.3019027709961, 150.20652770996094, 80.91971588134766, 218.21548461914062, 79.00633239746094, 40.04996871948242, 162.75440979003906, 96.00521087646484, 179.1200714111328, 23.25940704345703, 67.20118713378906, 136.95619201660156, 0.0, 128.06248474121094, 75.07329559326172, 100.84642028808594, 163.36769104003906, 143.96180725097656, 109.93180084228516, 156.9522247314453, 110.8873291015625, 162.1881561279297, 101.43470764160156, 145.26182556152344, 92.39588928222656, 234.80416870117188, 159.47726440429688, 168.01190185546875, 191.76026916503906, 77.36924743652344, 188.38258361816406, 52.0, 78.16009521484375, 142.8425750732422, 90.24411010742188, 13.45362377166748, 54.58937454223633, 70.61161041259766, 136.97079467773438, 29.017236709594727], [75.43209075927734, 22.847318649291992, 51.26402282714844, 98.68130493164062, 81.74349975585938, 101.60708618164062, 40.112342834472656, 81.09870910644531, 104.70912170410156, 139.78912353515625, 65.39112854003906, 44.68780517578125, 128.06248474121094, 0.0, 53.25410842895508, 139.60658264160156, 37.0, 152.46310424804688, 23.76972770690918, 69.52696990966797, 30.5941162109375, 104.23531341552734, 118.69709014892578, 25.70992088317871, 84.71717834472656, 114.94781494140625, 33.95585250854492, 131.71180725097656, 86.09297180175781, 54.64430618286133, 139.31259155273438, 86.16263580322266, 63.158531188964844, 22.0, 120.26637268066406, 130.92364501953125, 74.96665954589844, 85.70880889892578, 62.93647766113281, 106.21675872802734], [49.73931884765625, 75.80237579345703, 12.649110794067383, 145.11375427246094, 54.12947463989258, 54.4058837890625, 90.2496566772461, 64.81512451171875, 122.14745330810547, 86.76981353759766, 16.492422103881836, 73.10950469970703, 75.07329559326172, 53.25410842895508, 0.0, 104.27847290039062, 89.47066497802734, 130.96946716308594, 38.63935852050781, 98.15293884277344, 38.62641525268555, 111.61093139648438, 88.48163604736328, 73.05477142333984, 57.28001403808594, 161.7559814453125, 85.86617279052734, 129.76902770996094, 122.70289611816406, 19.84943389892578, 144.84474182128906, 36.055511474609375, 33.83784866333008, 68.11754608154297, 84.9705810546875, 77.69813537597656, 25.298221588134766, 45.18849563598633, 75.0, 55.94640350341797], [147.6346893310547, 160.04998779296875, 96.13532257080078, 189.69448852539062, 149.62620544433594, 123.55565643310547, 179.27911376953125, 164.5022735595703, 119.00420379638672, 84.92938232421875, 88.10221099853516, 174.4505615234375, 100.84642028808594, 139.60658264160156, 104.27847290039062, 0.0, 174.00286865234375, 45.0444221496582, 137.78607177734375, 200.56918334960938, 109.22454071044922, 96.93812561035156, 23.0867919921875, 165.09693908691406, 55.03635025024414, 203.95343017578125, 172.07266235351562, 85.47514343261719, 153.47312927246094, 122.5887451171875, 107.82392883300781, 74.20242309570312, 134.30189514160156, 139.2910614013672, 19.646883010864258, 88.86506652832031, 109.80892181396484, 59.09314727783203, 100.24469757080078, 114.40279388427734], [100.70252990722656, 14.317821502685547, 88.25531005859375, 81.02468872070312, 106.8503646850586, 133.64505004882812, 10.29563045501709, 100.84642028808594, 116.7261734008789, 176.2384796142578, 102.31813049316406, 46.389652252197266, 163.36769104003906, 37.0, 89.47066497802734, 174.00286865234375, 0.0, 181.9120635986328, 53.90732955932617, 59.77457809448242, 65.27633666992188, 122.87391662597656, 152.21038818359375, 20.59126091003418, 119.00420379638672, 95.2575454711914, 4.4721360206604, 153.18289184570312, 83.6480712890625, 87.20664978027344, 156.02883911132812, 123.13001251220703, 92.19544219970703, 36.400550842285156, 155.05160522460938, 167.0748291015625, 109.20164489746094, 122.18428802490234, 85.61541748046875, 139.70326232910156], [179.01116943359375, 169.2483367919922, 120.10411834716797, 177.48521423339844, 182.1235809326172, 161.74362182617188, 189.171875, 195.16659545898438, 97.14422607421875, 129.55308532714844, 116.69190216064453, 193.29769897460938, 143.96180725097656, 152.46310424804688, 130.96946716308594, 45.0444221496582, 181.9120635986328, 0.0, 157.43569946289062, 219.64744567871094, 122.57650756835938, 75.96051788330078, 44.94440841674805, 177.91009521484375, 73.87828063964844, 189.44656372070312, 181.0414276123047, 52.430908203125, 139.83204650878906, 150.69505310058594, 72.86288452148438, 108.72441864013672, 164.04876708984375, 145.523193359375, 54.230987548828125, 132.6725311279297, 143.05593872070312, 88.86506652832031, 97.86725616455078, 153.84732055664062], [51.6623649597168, 41.86884307861328, 42.296573638916016, 122.38055419921875, 57.9741325378418, 79.98124694824219, 52.839378356933594, 58.03447341918945, 123.13001251220703, 124.23365020751953, 54.08327102661133, 36.68787384033203, 109.93180084228516, 23.76972770690918, 38.63935852050781, 137.78607177734375, 53.90732955932617, 157.43569946289062, 0.0, 62.96824645996094, 37.64305877685547, 119.364990234375, 119.03781127929688, 35.35533905029297, 85.08818817138672, 138.5784912109375, 49.81967544555664, 144.1700439453125, 109.01834869384766, 33.30165100097656, 154.5477294921875, 74.5452880859375, 39.824615478515625, 45.39823913574219, 118.1397476196289, 114.54257202148438, 55.4707145690918, 79.90619659423828, 77.89736938476562, 85.79627227783203], [77.2528305053711, 62.7694206237793, 104.54663848876953, 139.44174194335938, 81.43709564208984, 118.9033203125, 49.72926712036133, 67.41661834716797, 171.40011596679688, 175.78680419921875, 114.58621215820312, 26.4007568359375, 156.9522247314453, 69.52696990966797, 98.15293884277344, 200.56918334960938, 59.77457809448242, 219.64744567871094, 62.96824645996094, 0.0, 97.41663360595703, 173.254150390625, 182.00274658203125, 48.010414123535156, 148.0033721923828, 152.3975067138672, 56.64803695678711, 201.2212677001953, 142.8635711669922, 84.0, 208.06248474121094, 133.6338348388672, 79.07591247558594, 85.42832946777344, 180.9364471435547, 165.0605926513672, 105.385009765625, 142.126708984375, 132.3215789794922, 128.5768280029297], [79.76214599609375, 51.088157653808594, 30.0, 107.41508483886719, 85.47514343261719, 92.97311401367188, 70.06425476074219, 90.8019790649414, 88.29496002197266, 118.56221771240234, 43.863426208496094, 71.28113555908203, 110.8873291015625, 30.5941162109375, 38.62641525268555, 109.22454071044922, 65.27633666992188, 122.57650756835938, 37.64305877685547, 97.41663360595703, 0.0, 82.2982406616211, 88.1192398071289, 56.29387283325195, 54.230987548828125, 124.03628540039062, 63.03173828125, 106.52699279785156, 84.11896514892578, 51.009803771972656, 117.33712005615234, 62.801273345947266, 64.19501495361328, 34.0, 90.022216796875, 111.0360336303711, 63.90618133544922, 57.567352294921875, 41.43669891357422, 94.3716049194336], [159.70285034179688, 113.2298583984375, 99.04039764404297, 101.96568298339844, 164.84234619140625, 161.19863891601562, 132.0605926513672, 172.3252716064453, 22.203603744506836, 158.1455078125, 105.3043212890625, 148.9228057861328, 162.1881561279297, 104.23531341552734, 111.61093139648438, 96.93812561035156, 122.87391662597656, 75.96051788330078, 119.364990234375, 173.254150390625, 82.2982406616211, 0.0, 76.69419860839844, 125.9920654296875, 69.85699462890625, 113.50770568847656, 123.45849609375, 31.320919036865234, 64.38167572021484, 129.4024658203125, 35.22782897949219, 111.64676666259766, 143.58969116210938, 88.72992706298828, 88.00568389892578, 155.76905822753906, 133.95895385742188, 91.59148406982422, 41.617305755615234, 158.02847290039062], [135.10366821289062, 138.43771362304688, 78.77182006835938, 166.8202667236328, 137.9021453857422, 116.84605407714844, 157.91769409179688, 151.55856323242188, 98.35140991210938, 90.0888442993164, 73.24616241455078, 155.6663055419922, 101.43470764160156, 118.69709014892578, 88.48163604736328, 23.0867919921875, 152.21038818359375, 44.94440841674805, 119.03781127929688, 182.00274658203125, 88.1192398071289, 76.69419860839844, 0.0, 144.36065673828125, 34.20526123046875, 181.24569702148438, 150.47923278808594, 70.60453033447266, 130.86251831054688, 107.80074310302734, 92.6552734375, 63.82006072998047, 120.6150894165039, 117.01708984375, 12.369317054748535, 91.26883697509766, 98.49365234375, 44.55333709716797, 77.16217041015625, 109.1650161743164], [80.15609741210938, 15.524174690246582, 73.97972869873047, 99.32270812988281, 86.28441619873047, 114.02192687988281, 17.492855072021484, 80.41144561767578, 123.40583801269531, 159.4114227294922, 87.32124328613281, 28.284271240234375, 145.26182556152344, 25.70992088317871, 73.05477142333984, 165.09693908691406, 20.59126091003418, 177.91009521484375, 35.35533905029297, 48.010414123535156, 56.29387283325195, 125.9920654296875, 144.36065673828125, 0.0, 110.3177261352539, 114.2716064453125, 16.124515533447266, 154.80633544921875, 96.4624252319336, 68.24221801757812, 160.51480102539062, 108.17115783691406, 72.13875579833984, 37.53664779663086, 145.67430114746094, 149.83323669433594, 90.73587799072266, 110.11357879638672, 85.8021011352539, 120.60265350341797], [106.21205139160156, 105.01904296875, 46.22769546508789, 142.8740692138672, 109.85900115966797, 96.04686737060547, 124.25779724121094, 121.91800689697266, 87.8464584350586, 89.05054473876953, 44.10215377807617, 121.63058471679688, 92.39588928222656, 84.71717834472656, 57.28001403808594, 55.03635025024414, 119.00420379638672, 73.87828063964844, 85.08818817138672, 148.0033721923828, 54.230987548828125, 69.85699462890625, 34.20526123046875, 110.3177261352539, 0.0, 158.404541015625, 117.0384521484375, 78.26238250732422, 109.65856170654297, 77.10382843017578, 97.08243560791016, 43.185646057128906, 90.78546142578125, 84.71717834472656, 36.12478256225586, 86.02325439453125, 72.44998168945312, 22.022714614868164, 52.49761962890625, 90.93404388427734], [190.0552520751953, 100.22474670410156, 154.0292205810547, 16.6433162689209, 196.37973022460938, 214.76731872558594, 104.01922607421875, 193.5458526611328, 93.21480560302734, 240.62002563476562, 167.6096649169922, 141.5980224609375, 234.80416870117188, 114.94781494140625, 161.7559814453125, 203.95343017578125, 95.2575454711914, 189.44656372070312, 138.5784912109375, 152.3975067138672, 124.03628540039062, 113.50770568847656, 181.24569702148438, 114.2716064453125, 158.404541015625, 0.0, 99.40824890136719, 141.2834014892578, 50.56678771972656, 168.62088012695312, 130.00384521484375, 184.94593811035156, 178.08424377441406, 94.81033325195312, 189.85520935058594, 234.068359375, 186.4322967529297, 173.35801696777344, 106.01886749267578, 217.635009765625], [96.25486755371094, 12.041594505310059, 85.070556640625, 85.0, 102.39628601074219, 129.4179229736328, 8.602325439453125, 96.3846435546875, 118.08895111083984, 172.62677001953125, 99.02020263671875, 42.19004440307617, 159.47726440429688, 33.95585250854492, 85.86617279052734, 172.07266235351562, 4.4721360206604, 181.0414276123047, 49.81967544555664, 56.64803695678711, 63.03173828125, 123.45849609375, 150.47923278808594, 16.124515533447266, 117.0384521484375, 99.40824890136719, 0.0, 153.4959259033203, 86.33075714111328, 83.09632873535156, 156.97451782226562, 119.87076568603516, 87.86353302001953, 35.84689712524414, 153.0, 163.37074279785156, 105.20931243896484, 119.5198745727539, 85.42832946777344, 135.59129333496094], [179.33767700195312, 142.8355712890625, 117.20068359375, 131.0953826904297, 183.89671325683594, 174.19529724121094, 162.0771484375, 193.38304138183594, 48.166378021240234, 159.66526794433594, 120.16654968261719, 176.10508728027344, 168.01190185546875, 131.71180725097656, 129.76902770996094, 85.47514343261719, 153.18289184570312, 52.430908203125, 144.1700439453125, 201.2212677001953, 106.52699279785156, 31.320919036865234, 70.60453033447266, 154.80633544921875, 78.26238250732422, 141.2834014892578, 153.4959259033203, 0.0, 94.02127075195312, 148.9228057861328, 22.360679626464844, 121.34249114990234, 163.2329559326172, 118.1524429321289, 82.9698715209961, 159.4521942138672, 149.26486206054688, 99.84988403320312, 69.02897644042969, 169.16854858398438], [159.7059783935547, 80.95677947998047, 112.92475128173828, 37.656341552734375, 165.87344360351562, 177.08755493164062, 93.94147491455078, 167.0, 46.389652252197266, 195.0, 125.21981048583984, 124.4548110961914, 191.76026916503906, 86.09297180175781, 122.70289611816406, 153.47312927246094, 83.6480712890625, 139.83204650878906, 109.01834869384766, 142.8635711669922, 84.11896514892578, 64.38167572021484, 130.86251831054688, 96.4624252319336, 109.65856170654297, 50.56678771972656, 86.33075714111328, 94.02127075195312, 0.0, 133.75350952148438, 86.83317565917969, 140.356689453125, 145.523193359375, 64.1248779296875, 139.78555297851562, 189.43336486816406, 148.0, 126.37246704101562, 57.28001403808594, 178.08424377441406], [30.463092803955078, 74.96665954589844, 31.906112670898438, 152.11837768554688, 35.44009017944336, 47.01063537597656, 85.70297241210938, 45.0, 138.31124877929688, 93.40770721435547, 34.66987228393555, 61.0, 77.36924743652344, 54.64430618286133, 19.84943389892578, 122.5887451171875, 87.20664978027344, 150.69505310058594, 33.30165100097656, 84.0, 51.009803771972656, 129.4024658203125, 107.80074310302734, 68.24221801757812, 77.10382843017578, 168.62088012695312, 83.09632873535156, 148.9228057861328, 133.75350952148438, 0.0, 163.2727813720703, 50.695167541503906, 14.317821502685547, 73.82411193847656, 103.5857162475586, 83.16850280761719, 22.847318649291992, 63.812225341796875, 90.93404388427734, 52.49761962890625], [193.70596313476562, 147.2480926513672, 132.1968231201172, 121.92620849609375, 198.640380859375, 192.0520782470703, 165.556640625, 206.82601928710938, 41.231056213378906, 181.03314208984375, 136.8941192626953, 183.99185180664062, 188.38258361816406, 139.31259155273438, 144.84474182128906, 107.82392883300781, 156.02883911132812, 72.86288452148438, 154.5477294921875, 208.06248474121094, 117.33712005615234, 35.22782897949219, 92.6552734375, 160.51480102539062, 97.08243560791016, 130.00384521484375, 156.97451782226562, 22.360679626464844, 86.83317565917969, 163.2727813720703, 0.0, 140.22837829589844, 177.5528106689453, 123.04470825195312, 104.9952392578125, 180.34689331054688, 165.95179748535156, 119.03781127929688, 76.843994140625, 187.77113342285156], [73.49829864501953, 109.00458526611328, 34.928497314453125, 168.50518798828125, 75.43209075927734, 53.851646423339844, 125.0, 90.42676544189453, 127.57743072509766, 55.90169906616211, 20.880613327026367, 109.01834869384766, 52.0, 86.16263580322266, 36.055511474609375, 74.20242309570312, 123.13001251220703, 108.72441864013672, 74.5452880859375, 133.6338348388672, 62.801273345947266, 111.64676666259766, 63.82006072998047, 108.17115783691406, 43.185646057128906, 184.94593811035156, 119.87076568603516, 121.34249114990234, 140.356689453125, 50.695167541503906, 140.22837829589844, 0.0, 60.835845947265625, 96.51942443847656, 56.56854248046875, 49.20365905761719, 35.608985900878906, 21.587032318115234, 85.0, 47.85394287109375], [16.155494689941406, 81.27114868164062, 46.14108657836914, 161.7559814453125, 21.3775577545166, 42.43819046020508, 89.14033508300781, 31.14482307434082, 152.06906127929688, 96.7470932006836, 47.423622131347656, 59.09314727783203, 78.16009521484375, 63.158531188964844, 33.83784866333008, 134.30189514160156, 92.19544219970703, 164.04876708984375, 39.824615478515625, 79.07591247558594, 64.19501495361328, 143.58969116210938, 120.6150894165039, 72.13875579833984, 90.78546142578125, 178.08424377441406, 87.86353302001953, 163.2329559326172, 145.523193359375, 14.317821502685547, 177.5528106689453, 60.835845947265625, 0.0, 83.81526947021484, 115.67626953125, 85.98837280273438, 27.294687271118164, 76.216796875, 104.7377700805664, 50.56678771972656], [96.8813705444336, 24.698177337646484, 62.481998443603516, 78.29431915283203, 103.16007232666016, 120.066650390625, 44.283180236816406, 103.07764434814453, 86.02325439453125, 152.0032958984375, 76.83749389648438, 63.06346130371094, 142.8425750732422, 22.0, 68.11754608154297, 139.2910614013672, 36.400550842285156, 145.523193359375, 45.39823913574219, 85.42832946777344, 34.0, 88.72992706298828, 117.01708984375, 37.53664779663086, 84.71717834472656, 94.81033325195312, 35.84689712524414, 118.1524429321289, 64.1248779296875, 73.82411193847656, 123.04470825195312, 96.51942443847656, 83.81526947021484, 0.0, 120.81390380859375, 144.04513549804688, 92.0869140625, 91.18113708496094, 49.648765563964844, 123.45849609375], [129.4681396484375, 141.0035400390625, 76.5506362915039, 175.0257110595703, 131.79530334472656, 108.16654205322266, 160.07810974121094, 146.20875549316406, 109.34349822998047, 78.00640869140625, 68.96376037597656, 154.80633544921875, 90.24411010742188, 120.26637268066406, 84.9705810546875, 19.646883010864258, 155.05160522460938, 54.230987548828125, 118.1397476196289, 180.9364471435547, 90.022216796875, 88.00568389892578, 12.369317054748535, 145.67430114746094, 36.12478256225586, 189.85520935058594, 153.0, 82.9698715209961, 139.78555297851562, 103.5857162475586, 104.9952392578125, 56.56854248046875, 115.67626953125, 120.81390380859375, 0.0, 79.6303939819336, 92.02173614501953, 39.824615478515625, 84.5280990600586, 99.84988403320312], [91.02197265625, 153.4959259033203, 81.56592559814453, 217.5890655517578, 89.35882568359375, 51.195701599121094, 167.26026916503906, 106.47064971923828, 173.6922607421875, 11.045360565185547, 67.26811981201172, 143.84019470214844, 13.45362377166748, 130.92364501953125, 77.69813537597656, 88.86506652832031, 167.0748291015625, 132.6725311279297, 114.54257202148438, 165.0605926513672, 111.0360336303711, 155.76905822753906, 91.26883697509766, 149.83323669433594, 86.02325439453125, 234.068359375, 163.37074279785156, 159.4521942138672, 189.43336486816406, 83.16850280761719, 180.34689331054688, 49.20365905761719, 85.98837280273438, 144.04513549804688, 79.6303939819336, 0.0, 60.4400520324707, 65.0, 133.46160888671875, 39.81205749511719], [38.07886505126953, 96.42613983154297, 36.22154235839844, 169.80577087402344, 39.824615478515625, 29.120439529418945, 108.22661590576172, 55.07267761230469, 146.01370239257812, 70.8307876586914, 29.120439529418945, 83.43260955810547, 54.58937454223633, 74.96665954589844, 25.298221588134766, 109.80892181396484, 109.20164489746094, 143.05593872070312, 55.4707145690918, 105.385009765625, 63.90618133544922, 133.95895385742188, 98.49365234375, 90.73587799072266, 72.44998168945312, 186.4322967529297, 105.20931243896484, 149.26486206054688, 148.0, 22.847318649291992, 165.95179748535156, 35.608985900878906, 27.294687271118164, 92.0869140625, 92.02173614501953, 60.4400520324707, 0.0, 54.20331954956055, 99.32270812988281, 31.400636672973633], [90.55384826660156, 107.87029266357422, 37.656341552734375, 157.28953552246094, 93.38094329833984, 75.27283477783203, 125.78155517578125, 107.05606079101562, 108.78418731689453, 69.1158447265625, 29.154760360717773, 116.29703521728516, 70.61161041259766, 85.70880889892578, 45.18849563598633, 59.09314727783203, 122.18428802490234, 88.86506652832031, 79.90619659423828, 142.126708984375, 57.567352294921875, 91.59148406982422, 44.55333709716797, 110.11357879638672, 22.022714614868164, 173.35801696777344, 119.5198745727539, 99.84988403320312, 126.37246704101562, 63.812225341796875, 119.03781127929688, 21.587032318115234, 76.216796875, 91.18113708496094, 39.824615478515625, 65.0, 54.20331954956055, 0.0, 69.40460968017578, 69.42621612548828], [120.61923217773438, 74.30342864990234, 63.12685775756836, 90.73587799072266, 126.11502838134766, 128.00390625, 93.91485595703125, 132.1968231201172, 47.381431579589844, 138.39797973632812, 72.7804946899414, 107.56393432617188, 136.97079467773438, 62.93647766113281, 75.0, 100.24469757080078, 85.61541748046875, 97.86725616455078, 77.89736938476562, 132.3215789794922, 41.43669891357422, 41.617305755615234, 77.16217041015625, 85.8021011352539, 52.49761962890625, 106.01886749267578, 85.42832946777344, 69.02897644042969, 57.28001403808594, 90.93404388427734, 76.843994140625, 85.0, 104.7377700805664, 49.648765563964844, 84.5280990600586, 133.46160888671875, 99.32270812988281, 69.40460968017578, 0.0, 126.90547943115234], [52.345008850097656, 127.3106460571289, 65.19202423095703, 200.9975128173828, 50.0, 11.401754379272461, 138.0036163330078, 67.02984619140625, 172.28465270996094, 50.80354309082031, 54.12947463989258, 109.65856170654297, 29.017236709594727, 106.21675872802734, 55.94640350341797, 114.40279388427734, 139.70326232910156, 153.84732055664062, 85.79627227783203, 128.5768280029297, 94.3716049194336, 158.02847290039062, 109.1650161743164, 120.60265350341797, 90.93404388427734, 217.635009765625, 135.59129333496094, 169.16854858398438, 178.08424377441406, 52.49761962890625, 187.77113342285156, 47.85394287109375, 50.56678771972656, 123.45849609375, 99.84988403320312, 39.81205749511719, 31.400636672973633, 69.42621612548828, 126.90547943115234, 0.0]], "coordinates": [[87, -22], [5, -62], [32, 7], [-79, -74], [93, -20], [96, 19], [11, -81], [95, -37], [-78, 9], [84, 80], [40, 19], [48, -70], [94, 59], [14, -41], [44, 3], [1, 98], [2, -76], [-44, 100], [37, -35], [59, -94], [8, -11], [-65, 27], [-6, 76], [20, -66], [3, 43], [-93, -83], [6, -74], [-74, 57], [-72, -37], [59, -10], [-94, 47], [46, 39], [72, -16], [-8, -41], [6, 79], [85, 69], [68, 11], [25, 44], [-31, 3], [93, 30]], "demands": [12.0, 12.0, 11.0, 5.0, 16.0, 2.0, 15.0, 5.0, 1.0, 4.0, 2.0, 10.0, 15.0, 15.0, 16.0, 4.0, 9.0, 19.0, 10.0, 17.0, -12.0, -12.0, -11.0, -5.0, -16.0, -2.0, -15.0, -5.0, -1.0, -4.0, -2.0, -10.0, -15.0, -15.0, -16.0, -4.0, -9.0, -19.0, -10.0, -17.0], "capacity": 50, "Vmax": 14}