{"name": "LZB_n20_7", "n": 20, "m": 6, "times": [[0.0, 87.72685241699219, 40.31128692626953, 86.03487396240234, 52.77309799194336, 97.02061462402344, 75.50496673583984, 111.61540985107422, 124.6515121459961, 120.95040130615234, 97.25225067138672, 160.22483825683594, 93.4344711303711, 97.98979187011719, 125.87692260742188, 54.708316802978516, 143.27944946289062, 117.38824462890625, 87.66413116455078, 98.97979736328125, 29.154760360717773, 94.81033325195312, 89.44271850585938, 109.83624267578125, 99.90495300292969, 59.396968841552734, 35.34119415283203, 113.86395263671875, 55.73149871826172, 27.294687271118164, 75.23961639404297, 148.4755859375, 34.828147888183594, 71.21797180175781, 96.93296813964844, 127.62445068359375, 129.03488159179688, 92.66067504882812, 68.62215423583984, 119.03781127929688], [87.72685241699219, 0.0, 85.09406280517578, 95.34149169921875, 138.53880310058594, 70.23532104492188, 142.67796325683594, 115.31695556640625, 55.6596794128418, 130.64837646484375, 74.6860122680664, 82.2192153930664, 5.830951690673828, 31.400636672973633, 40.853397369384766, 47.67599105834961, 72.00694274902344, 30.0, 153.3786163330078, 30.01666259765625, 115.42096710205078, 118.51160430908203, 101.27191162109375, 32.24903106689453, 126.479248046875, 107.51744079589844, 81.54139709472656, 88.7524642944336, 55.226806640625, 106.8503646850586, 94.42987060546875, 119.55333709716797, 92.11405944824219, 17.8885440826416, 35.38361358642578, 135.3513946533203, 141.088623046875, 106.3672866821289, 111.3058853149414, 83.63013458251953], [40.31128692626953, 85.09406280517578, 0.0, 119.57006072998047, 64.88451385498047, 64.56005096435547, 57.584720611572266, 145.64683532714844, 103.4069595336914, 80.70935821533203, 63.348243713378906, 140.417236328125, 89.69392395019531, 81.46778869628906, 125.93649291992188, 74.21590423583984, 120.92973327636719, 114.12712097167969, 68.4105224609375, 106.9205322265625, 62.64982223510742, 55.17245864868164, 49.24428939819336, 114.75626373291016, 60.95900344848633, 98.85848236083984, 5.830951690673828, 78.23043060302734, 79.37883758544922, 66.48307800292969, 110.20889282226562, 111.22050476074219, 73.87828063964844, 67.35725402832031, 78.49203491210938, 87.3670425415039, 89.02246856689453, 52.35456085205078, 32.31098937988281, 85.70297241210938], [86.03487396240234, 95.34149169921875, 119.57006072998047, 0.0, 128.09762573242188, 150.88075256347656, 161.12417602539062, 26.07680892944336, 150.8641815185547, 196.15554809570312, 153.68798828125, 175.6416778564453, 99.63935089111328, 124.59534454345703, 109.32977294921875, 54.37830352783203, 167.2871856689453, 111.04053497314453, 173.21951293945312, 78.16009521484375, 92.02173614501953, 173.60011291503906, 162.8557586669922, 89.67720031738281, 180.06942749023438, 41.1096076965332, 113.74093627929688, 170.84788513183594, 46.04345703125, 77.02597045898438, 12.041594505310059, 205.6428985595703, 54.451812744140625, 92.70382690429688, 127.22421264648438, 202.4104766845703, 205.6501922607422, 167.26026916503906, 151.4496612548828, 170.17637634277344], [52.77309799194336, 138.53880310058594, 64.88451385498047, 128.09762573242188, 0.0, 129.09686279296875, 47.434165954589844, 151.19854736328125, 167.2752227783203, 127.27922058105469, 127.440185546875, 204.12986755371094, 144.04513549804688, 143.22360229492188, 177.8594970703125, 107.15409088134766, 185.2187957763672, 168.51409912109375, 56.58621597290039, 151.7168426513672, 36.12478256225586, 99.60923767089844, 104.23531341552734, 162.40997314453125, 100.80674743652344, 90.8019790649414, 64.49806213378906, 140.9184112548828, 107.20541381835938, 51.088157653808594, 116.15506744384766, 171.17242431640625, 74.02702331542969, 121.16517639160156, 141.01419067382812, 133.66001892089844, 132.0037841796875, 105.01904296875, 71.0633544921875, 149.61618041992188], [97.02061462402344, 70.23532104492188, 64.56005096435547, 150.88075256347656, 129.09686279296875, 0.0, 109.123779296875, 175.0, 49.24428939819336, 63.19810104370117, 5.0, 83.81526947021484, 70.7742919921875, 43.73785400390625, 101.60708618164062, 96.51942443847656, 62.801273345947266, 87.29833984375, 116.0, 100.23971557617188, 124.32618713378906, 60.16643524169922, 41.62931823730469, 101.0197982788086, 67.67569732666016, 145.7978057861328, 66.2872543334961, 20.0, 104.8475112915039, 124.14507293701172, 145.4991455078125, 55.009090423583984, 122.48265075683594, 61.61980056762695, 38.63935852050781, 66.91038513183594, 73.43704986572266, 45.880279541015625, 69.3108901977539, 22.022714614868164], [75.50496673583984, 142.67796325683594, 57.584720611572266, 161.12417602539062, 47.434165954589844, 109.123779296875, 0.0, 186.2605743408203, 155.2191925048828, 87.46427917480469, 105.8914566040039, 191.73158264160156, 147.25827026367188, 136.75160217285156, 183.5211181640625, 126.015869140625, 171.1256866455078, 171.61875915527344, 12.165525436401367, 163.57261657714844, 75.7165756225586, 62.09669876098633, 73.35530090332031, 171.99127197265625, 60.530982971191406, 129.24781799316406, 61.400325775146484, 114.90866088867188, 129.13946533203125, 88.58893585205078, 149.91331481933594, 139.1761474609375, 107.56393432617188, 124.91997528076172, 133.13526916503906, 93.19334411621094, 90.00555419921875, 72.09021759033203, 40.0, 125.9245834350586], [111.61540985107422, 115.31695556640625, 145.64683532714844, 26.07680892944336, 151.19854736328125, 175.0, 186.2605743408203, 0.0, 170.8800811767578, 221.92115783691406, 178.04493713378906, 192.587646484375, 118.92855072021484, 145.8355255126953, 122.1024169921875, 78.74642944335938, 186.3035125732422, 126.43575286865234, 198.29522705078125, 93.5574722290039, 115.1173324584961, 199.61212158203125, 188.62130737304688, 103.5857162475586, 206.118896484375, 61.00819778442383, 139.81773376464844, 195.0, 70.76722717285156, 100.28459167480469, 36.400550842285156, 229.39266967773438, 78.84795379638672, 115.24755859375, 148.9228057861328, 228.1271514892578, 231.49081420898438, 193.08029174804688, 177.50775146484375, 193.59751892089844], [124.6515121459961, 55.6596794128418, 103.4069595336914, 150.8641815185547, 167.2752227783203, 49.24428939819336, 155.2191925048828, 170.8800811767578, 0.0, 109.03668975830078, 53.851646423339844, 37.013511657714844, 52.0, 28.07133674621582, 66.85057830810547, 100.40418243408203, 18.681541442871094, 53.90732955932617, 163.220703125, 80.4549560546875, 153.7920684814453, 109.3846435546875, 90.87353515625, 75.1664810180664, 116.81181335449219, 159.00314331054688, 102.90287017822266, 57.14017868041992, 108.66461944580078, 149.18780517578125, 149.2816162109375, 75.7693862915039, 139.91783142089844, 61.00819778442383, 27.892650604248047, 111.36426544189453, 118.60859680175781, 95.07891082763672, 116.4001693725586, 46.04345703125], [120.95040130615234, 130.64837646484375, 80.70935821533203, 196.15554809570312, 127.27922058105469, 63.19810104370117, 87.46427917480469, 221.92115783691406, 109.03668975830078, 0.0, 58.215118408203125, 138.19189453125, 132.1854705810547, 106.79419708251953, 164.6147003173828, 144.61672973632812, 117.72000885009766, 150.33628845214844, 87.55569458007812, 160.03125, 139.84634399414062, 27.892650604248047, 33.30165100097656, 162.52076721191406, 27.018512725830078, 179.4017791748047, 86.02325439453125, 52.17279052734375, 151.8189697265625, 146.29421997070312, 188.09571838378906, 58.13776779174805, 154.40206909179688, 118.30891418457031, 101.71037292480469, 6.7082037925720215, 10.440306663513184, 29.0, 57.00876998901367, 64.28841400146484], [97.25225067138672, 74.6860122680664, 63.348243713378906, 153.68798828125, 127.440185546875, 5.0, 105.8914566040039, 178.04493713378906, 53.851646423339844, 58.215118408203125, 0.0, 87.92041778564453, 75.3923110961914, 48.66210174560547, 106.53168487548828, 99.4032211303711, 66.85057830810547, 92.22798156738281, 112.43220520019531, 104.65657806396484, 124.06449890136719, 55.54277801513672, 37.121421813964844, 105.68821716308594, 62.96824645996094, 147.38385009765625, 65.4904556274414, 17.464248657226562, 107.64757537841797, 124.48694610595703, 148.0033721923828, 52.92447280883789, 123.76187133789062, 65.4369888305664, 43.5660400390625, 61.98386764526367, 68.4689712524414, 41.231056213378906, 65.94694519042969, 22.360679626464844], [160.22483825683594, 82.2192153930664, 140.417236328125, 175.6416778564453, 204.12986755371094, 83.81526947021484, 191.73158264160156, 192.587646484375, 37.013511657714844, 138.19189453125, 87.92041778564453, 0.0, 77.05841827392578, 62.2414665222168, 74.24958038330078, 129.75746154785156, 21.095022201538086, 66.48307800292969, 199.36148071289062, 99.04039764404297, 189.36209106445312, 142.8880615234375, 124.86792755126953, 89.84430694580078, 149.88328552246094, 189.52572631835938, 139.84634399414062, 86.53900909423828, 137.44090270996094, 183.77432250976562, 176.02557373046875, 93.0, 172.46739196777344, 92.6498794555664, 63.52952194213867, 139.2838897705078, 146.8400421142578, 128.63125610351562, 152.50245666503906, 74.09453582763672], [93.4344711303711, 5.830951690673828, 89.69392395019531, 99.63935089111328, 144.04513549804688, 70.7742919921875, 147.25827026367188, 118.92855072021484, 52.0, 132.1854705810547, 75.3923110961914, 77.05841827392578, 0.0, 29.73213768005371, 36.400550842285156, 53.15073013305664, 67.6830825805664, 24.698177337646484, 157.8131866455078, 30.479501724243164, 121.21056365966797, 121.14866638183594, 103.5857162475586, 30.364452362060547, 129.13946533203125, 112.96902465820312, 86.33075714111328, 88.6848373413086, 60.530982971191406, 112.68096923828125, 99.18164825439453, 118.44407653808594, 97.86214447021484, 23.021728515625, 34.20526123046875, 136.68211364746094, 142.61837768554688, 108.66461944580078, 115.12167358398438, 82.80096435546875], [97.98979187011719, 31.400636672973633, 81.46778869628906, 124.59534454345703, 143.22360229492188, 43.73785400390625, 136.75160217285156, 145.8355255126953, 28.07133674621582, 106.79419708251953, 48.66210174560547, 62.2414665222168, 29.73213768005371, 0.0, 57.87054443359375, 72.83543395996094, 46.52956008911133, 43.5660400390625, 145.98973083496094, 60.20797348022461, 127.12198638916016, 99.98500061035156, 81.49846649169922, 58.66856002807617, 107.91200256347656, 131.00381469726562, 79.90619659423828, 60.008331298828125, 81.21575927734375, 121.7579574584961, 122.24974060058594, 88.72992706298828, 111.87940216064453, 33.13608169555664, 5.099019527435303, 110.64356994628906, 117.09825134277344, 86.37129211425781, 100.22474670410156, 53.25410842895508], [125.87692260742188, 40.853397369384766, 125.93649291992188, 109.32977294921875, 177.8594970703125, 101.60708618164062, 183.5211181640625, 122.1024169921875, 66.85057830810547, 164.6147003173828, 106.53168487548828, 74.24958038330078, 36.400550842285156, 57.87054443359375, 0.0, 77.20103454589844, 75.07329559326172, 14.317821502685547, 194.1648712158203, 32.31098937988281, 152.04275512695312, 156.05126953125, 138.0036163330078, 19.92485809326172, 164.04876708984375, 133.33041381835938, 122.38463592529297, 117.0469970703125, 82.15229797363281, 141.67568969726562, 112.7918472290039, 141.82383728027344, 123.45849609375, 58.694122314453125, 62.96824645996094, 168.51409912109375, 174.94284057617188, 143.0139923095703, 151.41995239257812, 108.63240814208984], [54.708316802978516, 47.67599105834961, 74.21590423583984, 54.37830352783203, 107.15409088134766, 96.51942443847656, 126.015869140625, 78.74642944335938, 100.40418243408203, 144.61672973632812, 99.4032211303711, 129.75746154785156, 53.15073013305664, 72.83543395996094, 77.20103454589844, 0.0, 118.06777954101562, 72.44998168945312, 138.0, 46.69047164916992, 76.843994140625, 124.35433197021484, 111.50336456298828, 58.728187561035156, 131.4838409423828, 59.84145736694336, 68.65857696533203, 116.4989242553711, 8.5440034866333, 65.11528015136719, 49.97999572753906, 151.26797485351562, 46.3249397277832, 39.81205749511719, 74.73285675048828, 150.6021270751953, 154.50889587402344, 116.21101379394531, 106.32027435302734, 115.88356018066406], [143.27944946289062, 72.00694274902344, 120.92973327636719, 167.2871856689453, 185.2187957763672, 62.801273345947266, 171.1256866455078, 186.3035125732422, 18.681541442871094, 117.72000885009766, 66.85057830810547, 21.095022201538086, 67.6830825805664, 46.52956008911133, 75.07329559326172, 118.06777954101562, 0.0, 64.07027435302734, 178.54971313476562, 94.02127075195312, 172.40939331054688, 121.8031234741211, 103.77379608154297, 86.95401000976562, 128.82546997070312, 177.10166931152344, 120.73938751220703, 65.78753662109375, 126.19429779052734, 167.86900329589844, 166.33099365234375, 75.80237579345703, 158.3982391357422, 79.10120391845703, 46.57252502441406, 119.10079956054688, 126.6056900024414, 107.54068756103516, 131.71180725097656, 53.45091247558594], [117.38824462890625, 30.0, 114.12712097167969, 111.04053497314453, 168.51409912109375, 87.29833984375, 171.61875915527344, 126.43575286865234, 53.90732955932617, 150.33628845214844, 92.22798156738281, 66.48307800292969, 24.698177337646484, 43.5660400390625, 14.317821502685547, 72.44998168945312, 64.07027435302734, 0.0, 182.00274658203125, 33.060550689697266, 144.5890655517578, 142.17242431640625, 124.01612854003906, 23.409399032592773, 150.16323852539062, 130.91983032226562, 110.90987396240234, 102.78618621826172, 78.54934692382812, 135.20724487304688, 113.0, 128.12884521484375, 118.59595489501953, 47.70744323730469, 48.66210174560547, 154.20765686035156, 160.6549072265625, 129.00387573242188, 138.4954833984375, 94.5409927368164], [87.66413116455078, 153.3786163330078, 68.4105224609375, 173.21951293945312, 56.58621597290039, 116.0, 12.165525436401367, 198.29522705078125, 163.220703125, 87.55569458007812, 112.43220520019531, 199.36148071289062, 157.8131866455078, 145.98973083496094, 194.1648712158203, 138.0, 178.54971313476562, 182.00274658203125, 0.0, 174.951416015625, 86.95401000976562, 64.40496826171875, 78.00640869140625, 183.12017822265625, 61.35144805908203, 140.94325256347656, 72.56720733642578, 120.0, 141.2267608642578, 100.17984008789062, 161.96913146972656, 141.85203552246094, 119.54078674316406, 135.72398376464844, 142.17242431640625, 92.76313781738281, 88.6848373413086, 76.00657653808594, 46.86149978637695, 131.5028533935547], [98.97979736328125, 30.01666259765625, 106.9205322265625, 78.16009521484375, 151.7168426513672, 100.23971557617188, 163.57261657714844, 93.5574722290039, 80.4549560546875, 160.03125, 104.65657806396484, 99.04039764404297, 30.479501724243164, 60.20797348022461, 32.31098937988281, 46.69047164916992, 94.02127075195312, 33.060550689697266, 174.951416015625, 0.0, 123.22743225097656, 146.32839965820312, 129.75746154785156, 12.529964447021484, 154.20765686035156, 101.07917785644531, 102.42070007324219, 118.72657775878906, 50.6063232421875, 111.80339813232422, 80.80841827392578, 148.9228057861328, 92.31468200683594, 42.57933807373047, 64.66065216064453, 164.91513061523438, 170.4611358642578, 134.85177612304688, 136.01470947265625, 113.2298583984375], [29.154760360717773, 115.42096710205078, 62.64982223510742, 92.02173614501953, 36.12478256225586, 124.32618713378906, 75.7165756225586, 115.1173324584961, 153.7920684814453, 139.84634399414062, 124.06449890136719, 189.36209106445312, 121.21056365966797, 127.12198638916016, 152.04275512695312, 76.843994140625, 172.40939331054688, 144.5890655517578, 86.95401000976562, 123.22743225097656, 0.0, 112.30760955810547, 110.86027526855469, 134.82582092285156, 115.88356018066406, 55.081756591796875, 59.13543701171875, 140.03213500976562, 75.1797866821289, 15.0, 80.05622863769531, 173.73831176757812, 38.327537536621094, 99.5690689086914, 126.08727264404297, 146.54010009765625, 146.69696044921875, 113.2254409790039, 83.6480712890625, 146.21900939941406], [94.81033325195312, 118.51160430908203, 55.17245864868164, 173.60011291503906, 99.60923767089844, 60.16643524169922, 62.09669876098633, 199.61212158203125, 109.3846435546875, 27.892650604248047, 55.54277801513672, 142.8880615234375, 121.14866638183594, 99.98500061035156, 156.05126953125, 124.35433197021484, 121.8031234741211, 142.17242431640625, 64.40496826171875, 146.32839965820312, 112.30760955810547, 0.0, 18.681541442871094, 150.74813842773438, 8.0, 153.9123077392578, 60.81118392944336, 58.13776779174805, 130.86251831054688, 119.364990234375, 164.7847137451172, 77.47257232666016, 128.97286987304688, 103.7545166015625, 95.18928527832031, 34.48188018798828, 34.48188018798828, 14.317821502685547, 29.120439529418945, 70.43436431884766], [89.44271850585938, 101.27191162109375, 49.24428939819336, 162.8557586669922, 104.23531341552734, 41.62931823730469, 73.35530090332031, 188.62130737304688, 90.87353515625, 33.30165100097656, 37.121421813964844, 124.86792755126953, 103.5857162475586, 81.49846649169922, 138.0036163330078, 111.50336456298828, 103.77379608154297, 124.01612854003906, 78.00640869140625, 129.75746154785156, 110.86027526855469, 18.681541442871094, 0.0, 133.50656127929688, 26.476404190063477, 146.99659729003906, 54.120235443115234, 42.01190185546875, 118.60016632080078, 115.69355773925781, 154.85800170898438, 67.26811981201172, 122.03688049316406, 87.36132049560547, 76.65507507324219, 39.59798049926758, 43.011627197265625, 5.099019527435303, 34.48188018798828, 53.75872039794922], [109.83624267578125, 32.24903106689453, 114.75626373291016, 89.67720031738281, 162.40997314453125, 101.0197982788086, 171.99127197265625, 103.5857162475586, 75.1664810180664, 162.52076721191406, 105.68821716308594, 89.84430694580078, 30.364452362060547, 58.66856002807617, 19.92485809326172, 58.728187561035156, 86.95401000976562, 23.409399032592773, 183.12017822265625, 12.529964447021484, 134.82582092285156, 150.74813842773438, 133.50656127929688, 0.0, 158.71043395996094, 113.59577178955078, 110.60289001464844, 118.51160430908203, 63.0079345703125, 123.7457046508789, 92.89241027832031, 146.82302856445312, 104.63746643066406, 48.166378021240234, 63.52952194213867, 167.04490661621094, 172.95663452148438, 138.6001434326172, 142.5938262939453, 111.83023071289062], [99.90495300292969, 126.479248046875, 60.95900344848633, 180.06942749023438, 100.80674743652344, 67.67569732666016, 60.530982971191406, 206.118896484375, 116.81181335449219, 27.018512725830078, 62.96824645996094, 149.88328552246094, 129.13946533203125, 107.91200256347656, 164.04876708984375, 131.4838409423828, 128.82546997070312, 150.16323852539062, 61.35144805908203, 154.20765686035156, 115.88356018066406, 8.0, 26.476404190063477, 158.71043395996094, 0.0, 159.22625732421875, 66.70832061767578, 64.40496826171875, 137.82960510253906, 123.70933532714844, 171.02630615234375, 81.00617218017578, 134.3800506591797, 111.62885284423828, 103.09703826904297, 33.060550689697266, 31.320919036865234, 21.840330123901367, 32.24903106689453, 76.843994140625], [59.396968841552734, 107.51744079589844, 98.85848236083984, 41.1096076965332, 90.8019790649414, 145.7978057861328, 129.24781799316406, 61.00819778442383, 159.00314331054688, 179.4017791748047, 147.38385009765625, 189.52572631835938, 112.96902465820312, 131.00381469726562, 133.33041381835938, 59.84145736694336, 177.10166931152344, 130.91983032226562, 140.94325256347656, 101.07917785644531, 55.081756591796875, 153.9123077392578, 146.99659729003906, 113.59577178955078, 159.22625732421875, 0.0, 93.40770721435547, 164.8059539794922, 52.63079071044922, 40.853397369384766, 29.546573638916016, 200.2623291015625, 25.0, 98.0204086303711, 132.13629150390625, 186.01075744628906, 187.87762451171875, 150.65855407714844, 128.00390625, 167.1705780029297], [35.34119415283203, 81.54139709472656, 5.830951690673828, 113.74093627929688, 64.49806213378906, 66.2872543334961, 61.400325775146484, 139.81773376464844, 102.90287017822266, 86.02325439453125, 65.4904556274414, 139.84634399414062, 86.33075714111328, 79.90619659423828, 122.38463592529297, 68.65857696533203, 120.73938751220703, 110.90987396240234, 72.56720733642578, 102.42070007324219, 59.13543701171875, 60.81118392944336, 54.120235443115234, 110.60289001464844, 66.70832061767578, 93.40770721435547, 0.0, 81.00617218017578, 73.68174743652344, 61.98386764526367, 104.40306854248047, 114.62983703613281, 68.4105224609375, 63.694583892822266, 77.23341369628906, 92.6552734375, 94.4933853149414, 57.45433044433594, 38.07886505126953, 87.82368469238281], [113.86395263671875, 88.7524642944336, 78.23043060302734, 170.84788513183594, 140.9184112548828, 20.0, 114.90866088867188, 195.0, 57.14017868041992, 52.17279052734375, 17.464248657226562, 86.53900909423828, 88.6848373413086, 60.008331298828125, 117.0469970703125, 116.4989242553711, 65.78753662109375, 102.78618621826172, 120.0, 118.72657775878906, 140.03213500976562, 58.13776779174805, 42.01190185546875, 118.51160430908203, 64.40496826171875, 164.8059539794922, 81.00617218017578, 0.0, 124.80785369873047, 141.15240478515625, 165.34207153320312, 35.46829605102539, 141.088623046875, 81.32035064697266, 55.03635025024414, 54.230987548828125, 61.52235412597656, 44.55333709716797, 75.1797866821289, 12.529964447021484], [55.73149871826172, 55.226806640625, 79.37883758544922, 46.04345703125, 107.20541381835938, 104.8475112915039, 129.13946533203125, 70.76722717285156, 108.66461944580078, 151.8189697265625, 107.64757537841797, 137.44090270996094, 60.530982971191406, 81.21575927734375, 82.15229797363281, 8.5440034866333, 126.19429779052734, 78.54934692382812, 141.2267608642578, 50.6063232421875, 75.1797866821289, 130.86251831054688, 118.60016632080078, 63.0079345703125, 137.82960510253906, 52.63079071044922, 73.68174743652344, 124.80785369873047, 0.0, 62.42595672607422, 41.43669891357422, 159.66526794433594, 41.773197174072266, 48.27007293701172, 83.19855499267578, 157.89236450195312, 161.60446166992188, 123.22337341308594, 111.6646728515625, 124.35433197021484], [27.294687271118164, 106.8503646850586, 66.48307800292969, 77.02597045898438, 51.088157653808594, 124.14507293701172, 88.58893585205078, 100.28459167480469, 149.18780517578125, 146.29421997070312, 124.48694610595703, 183.77432250976562, 112.68096923828125, 121.7579574584961, 141.67568969726562, 65.11528015136719, 167.86900329589844, 135.20724487304688, 100.17984008789062, 111.80339813232422, 15.0, 119.364990234375, 115.69355773925781, 123.7457046508789, 123.70933532714844, 40.853397369384766, 61.98386764526367, 141.15240478515625, 62.42595672607422, 0.0, 65.0691909790039, 175.75550842285156, 23.53720474243164, 92.13577270507812, 121.29715728759766, 153.0, 153.83432006835938, 118.59595489501953, 91.60785675048828, 146.16770935058594], [75.23961639404297, 94.42987060546875, 110.20889282226562, 12.041594505310059, 116.15506744384766, 145.4991455078125, 149.91331481933594, 36.400550842285156, 149.2816162109375, 188.09571838378906, 148.0033721923828, 176.02557373046875, 99.18164825439453, 122.24974060058594, 112.7918472290039, 49.97999572753906, 166.33099365234375, 113.0, 161.96913146972656, 80.80841827392578, 80.05622863769531, 164.7847137451172, 154.85800170898438, 92.89241027832031, 171.02630615234375, 29.546573638916016, 104.40306854248047, 165.34207153320312, 41.43669891357422, 65.0691909790039, 0.0, 200.47943115234375, 42.7551155090332, 89.5600357055664, 124.4548110961914, 194.45565795898438, 197.38540649414062, 159.11317443847656, 141.73919677734375, 165.484130859375], [148.4755859375, 119.55333709716797, 111.22050476074219, 205.6428985595703, 171.17242431640625, 55.009090423583984, 139.1761474609375, 229.39266967773438, 75.7693862915039, 58.13776779174805, 52.92447280883789, 93.0, 118.44407653808594, 88.72992706298828, 141.82383728027344, 151.26797485351562, 75.80237579345703, 128.12884521484375, 141.85203552246094, 148.9228057861328, 173.73831176757812, 77.47257232666016, 67.26811981201172, 146.82302856445312, 81.00617218017578, 200.2623291015625, 114.62983703613281, 35.46829605102539, 159.66526794433594, 175.75550842285156, 200.47943115234375, 0.0, 176.46530151367188, 114.63420104980469, 84.2911605834961, 55.90169906616211, 63.12685775756836, 67.44627380371094, 101.63660430908203, 36.12478256225586], [34.828147888183594, 92.11405944824219, 73.87828063964844, 54.451812744140625, 74.02702331542969, 122.48265075683594, 107.56393432617188, 78.84795379638672, 139.91783142089844, 154.40206909179688, 123.76187133789062, 172.46739196777344, 97.86214447021484, 111.87940216064453, 123.45849609375, 46.3249397277832, 158.3982391357422, 118.59595489501953, 119.54078674316406, 92.31468200683594, 38.327537536621094, 128.97286987304688, 122.03688049316406, 104.63746643066406, 134.3800506591797, 25.0, 68.4105224609375, 141.088623046875, 41.773197174072266, 23.53720474243164, 42.7551155090332, 176.46530151367188, 0.0, 79.83106994628906, 112.36102294921875, 161.01242065429688, 162.8895263671875, 125.67020416259766, 103.3924560546875, 144.15615844726562], [71.21797180175781, 17.8885440826416, 67.35725402832031, 92.70382690429688, 121.16517639160156, 61.61980056762695, 124.91997528076172, 115.24755859375, 61.00819778442383, 118.30891418457031, 65.4369888305664, 92.6498794555664, 23.021728515625, 33.13608169555664, 58.694122314453125, 39.81205749511719, 79.10120391845703, 47.70744323730469, 135.72398376464844, 42.57933807373047, 99.5690689086914, 103.7545166015625, 87.36132049560547, 48.166378021240234, 111.62885284423828, 98.0204086303711, 63.694583892822266, 81.32035064697266, 48.27007293701172, 92.13577270507812, 89.5600357055664, 114.63420104980469, 79.83106994628906, 0.0, 34.928497314453125, 123.48279571533203, 128.6934356689453, 92.444580078125, 94.42987060546875, 78.60025787353516], [96.93296813964844, 35.38361358642578, 78.49203491210938, 127.22421264648438, 141.01419067382812, 38.63935852050781, 133.13526916503906, 148.9228057861328, 27.892650604248047, 101.71037292480469, 43.5660400390625, 63.52952194213867, 34.20526123046875, 5.099019527435303, 62.96824645996094, 74.73285675048828, 46.57252502441406, 48.66210174560547, 142.17242431640625, 64.66065216064453, 126.08727264404297, 95.18928527832031, 76.65507507324219, 63.52952194213867, 103.09703826904297, 132.13629150390625, 77.23341369628906, 55.03635025024414, 83.19855499267578, 121.29715728759766, 124.4548110961914, 84.2911605834961, 112.36102294921875, 34.928497314453125, 0.0, 105.54619598388672, 112.00892639160156, 81.49846649169922, 96.15092468261719, 48.60041046142578], [127.62445068359375, 135.3513946533203, 87.3670425415039, 202.4104766845703, 133.66001892089844, 66.91038513183594, 93.19334411621094, 228.1271514892578, 111.36426544189453, 6.7082037925720215, 61.98386764526367, 139.2838897705078, 136.68211364746094, 110.64356994628906, 168.51409912109375, 150.6021270751953, 119.10079956054688, 154.20765686035156, 92.76313781738281, 164.91513061523438, 146.54010009765625, 34.48188018798828, 39.59798049926758, 167.04490661621094, 33.060550689697266, 186.01075744628906, 92.6552734375, 54.230987548828125, 157.89236450195312, 153.0, 194.45565795898438, 55.90169906616211, 161.01242065429688, 123.48279571533203, 105.54619598388672, 0.0, 7.6157732009887695, 35.46829605102539, 63.60031509399414, 65.92420196533203], [129.03488159179688, 141.088623046875, 89.02246856689453, 205.6501922607422, 132.0037841796875, 73.43704986572266, 90.00555419921875, 231.49081420898438, 118.60859680175781, 10.440306663513184, 68.4689712524414, 146.8400421142578, 142.61837768554688, 117.09825134277344, 174.94284057617188, 154.50889587402344, 126.6056900024414, 160.6549072265625, 88.6848373413086, 170.4611358642578, 146.69696044921875, 34.48188018798828, 43.011627197265625, 172.95663452148438, 31.320919036865234, 187.87762451171875, 94.4933853149414, 61.52235412597656, 161.60446166992188, 153.83432006835938, 197.38540649414062, 63.12685775756836, 162.8895263671875, 128.6934356689453, 112.00892639160156, 7.6157732009887695, 0.0, 38.41874694824219, 63.158531188964844, 73.34848022460938], [92.66067504882812, 106.3672866821289, 52.35456085205078, 167.26026916503906, 105.01904296875, 45.880279541015625, 72.09021759033203, 193.08029174804688, 95.07891082763672, 29.0, 41.231056213378906, 128.63125610351562, 108.66461944580078, 86.37129211425781, 143.0139923095703, 116.21101379394531, 107.54068756103516, 129.00387573242188, 76.00657653808594, 134.85177612304688, 113.2254409790039, 14.317821502685547, 5.099019527435303, 138.6001434326172, 21.840330123901367, 150.65855407714844, 57.45433044433594, 44.55333709716797, 123.22337341308594, 118.59595489501953, 159.11317443847656, 67.44627380371094, 125.67020416259766, 92.444580078125, 81.49846649169922, 35.46829605102539, 38.41874694824219, 0.0, 34.36568069458008, 56.63920974731445], [68.62215423583984, 111.3058853149414, 32.31098937988281, 151.4496612548828, 71.0633544921875, 69.3108901977539, 40.0, 177.50775146484375, 116.4001693725586, 57.00876998901367, 65.94694519042969, 152.50245666503906, 115.12167358398438, 100.22474670410156, 151.41995239257812, 106.32027435302734, 131.71180725097656, 138.4954833984375, 46.86149978637695, 136.01470947265625, 83.6480712890625, 29.120439529418945, 34.48188018798828, 142.5938262939453, 32.24903106689453, 128.00390625, 38.07886505126953, 75.1797866821289, 111.6646728515625, 91.60785675048828, 141.73919677734375, 101.63660430908203, 103.3924560546875, 94.42987060546875, 96.15092468261719, 63.60031509399414, 63.158531188964844, 34.36568069458008, 0.0, 85.98255920410156], [119.03781127929688, 83.63013458251953, 85.70297241210938, 170.17637634277344, 149.61618041992188, 22.022714614868164, 125.9245834350586, 193.59751892089844, 46.04345703125, 64.28841400146484, 22.360679626464844, 74.09453582763672, 82.80096435546875, 53.25410842895508, 108.63240814208984, 115.88356018066406, 53.45091247558594, 94.5409927368164, 131.5028533935547, 113.2298583984375, 146.21900939941406, 70.43436431884766, 53.75872039794922, 111.83023071289062, 76.843994140625, 167.1705780029297, 87.82368469238281, 12.529964447021484, 124.35433197021484, 146.16770935058594, 165.484130859375, 36.12478256225586, 144.15615844726562, 78.60025787353516, 48.60041046142578, 65.92420196533203, 73.34848022460938, 56.63920974731445, 85.98255920410156, 0.0]], "coordinates": [[49, -14], [-15, 46], [14, -34], [78, 67], [73, -61], [-48, -16], [34, -88], [92, 89], [-68, 29], [-53, -79], [-48, -21], [-97, 52], [-20, 49], [-40, 27], [-30, 84], [32, 38], [-86, 34], [-33, 70], [32, -100], [0, 72], [76, -25], [-26, -72], [-31, -54], [-11, 78], [-26, -80], [91, 28], [17, -29], [-64, -28], [40, 41], [76, -10], [79, 55], [-97, -41], [71, 13], [-7, 30], [-41, 22], [-59, -82], [-56, -89], [-32, -59], [2, -64], [-70, -17]], "demands": [13.0, 8.0, 15.0, 6.0, 15.0, 13.0, 14.0, 16.0, 9.0, 20.0, 16.0, 7.0, 12.0, 11.0, 16.0, 5.0, 5.0, 11.0, 1.0, 13.0, -13.0, -8.0, -15.0, -6.0, -15.0, -13.0, -14.0, -16.0, -9.0, -20.0, -16.0, -7.0, -12.0, -11.0, -16.0, -5.0, -5.0, -11.0, -1.0, -13.0], "capacity": 50, "Vmax": 14}