{"name": "LZB_n20_4", "n": 20, "m": 6, "times": [[0.0, 119.85408020019531, 27.784887313842773, 103.09703826904297, 62.00806427001953, 38.41874694824219, 74.5184555053711, 165.15750122070312, 15.231546401977539, 152.9477081298828, 129.2942352294922, 6.7082037925720215, 70.1783447265625, 36.2353401184082, 77.49193572998047, 72.4706802368164, 122.67436218261719, 53.0, 164.0, 201.81674194335938, 154.8289337158203, 92.0869140625, 88.14192962646484, 93.52005004882812, 69.2603759765625, 144.5856170654297, 166.88319396972656, 73.82411193847656, 103.46980285644531, 135.34031677246094, 141.4814453125, 87.69264221191406, 123.79418182373047, 123.9758071899414, 154.0292205810547, 153.63919067382812, 136.00367736816406, 52.009613037109375, 70.1783447265625, 88.6848373413086], [119.85408020019531, 0.0, 118.07201385498047, 93.64827728271484, 123.3693618774414, 81.46778869628906, 141.6827392578125, 50.635955810546875, 113.95174407958984, 153.0751495361328, 28.600698471069336, 113.35784149169922, 129.6919403076172, 84.8646011352539, 68.11754608154297, 115.20850372314453, 138.9244384765625, 138.1955108642578, 106.8316421508789, 82.85529327392578, 88.39117431640625, 74.00675964355469, 115.52488708496094, 39.458839416503906, 86.83317565917969, 157.28953552246094, 48.010414123535156, 69.37578582763672, 137.13131713867188, 59.46427536010742, 59.54829788208008, 33.541019439697266, 64.88451385498047, 33.30165100097656, 40.79215621948242, 89.10667419433594, 89.1852035522461, 69.6419448852539, 176.4086151123047, 80.62257385253906], [27.784887313842773, 118.07201385498047, 0.0, 122.38055419921875, 88.39117431640625, 44.0, 102.00489807128906, 166.9401092529297, 41.03656768798828, 176.81912231445312, 133.24038696289062, 29.0, 96.8968505859375, 46.52956008911133, 62.20128631591797, 97.20082092285156, 147.29901123046875, 80.77747344970703, 179.61068725585938, 200.883056640625, 168.19036865234375, 107.87029266357422, 112.05802154541016, 100.12991333007812, 88.25531005859375, 169.61427307128906, 162.2898712158203, 87.96590423583984, 129.18978881835938, 145.34442138671875, 150.74813842773438, 84.53401947021484, 136.0330810546875, 114.58621215820312, 146.98638916015625, 167.29913330078125, 151.75308227539062, 49.04079818725586, 94.42987060546875, 68.70953369140625], [103.09703826904297, 93.64827728271484, 122.38055419921875, 0.0, 57.775428771972656, 81.88406372070312, 68.4105224609375, 108.2681884765625, 88.45903015136719, 63.51377868652344, 76.94153594970703, 97.67292022705078, 57.982757568359375, 76.967529296875, 119.00420379638672, 42.48529052734375, 45.27692413330078, 79.84986114501953, 63.78871536254883, 147.23110961914062, 60.539241790771484, 21.470911026000977, 31.11269760131836, 56.61272048950195, 34.20526123046875, 64.51356506347656, 133.09019470214844, 38.94868469238281, 47.16990661621094, 56.93856430053711, 63.812225341796875, 88.1192398071289, 41.18252182006836, 122.52754974365234, 133.03382873535156, 58.66856002807617, 37.57658767700195, 89.64373779296875, 120.30793762207031, 137.44090270996094], [62.00806427001953, 123.3693618774414, 88.39117431640625, 57.775428771972656, 0.0, 64.8459701538086, 19.02629852294922, 154.40206909179688, 47.423622131347656, 92.97311401367188, 118.43141174316406, 59.41380310058594, 8.9442720413208, 57.567352294921875, 114.97825622558594, 15.524174690246582, 62.032249450683594, 22.135944366455078, 121.11564636230469, 194.023193359375, 118.07201385498047, 60.10823440551758, 31.016124725341797, 85.0, 37.735923767089844, 83.18653869628906, 170.07351684570312, 54.5618896484375, 41.67733383178711, 109.123779296875, 116.18089294433594, 101.71037292480469, 93.86160278320312, 142.411376953125, 163.8169708251953, 116.2755355834961, 95.34149169921875, 80.80841827392578, 62.7694206237793, 131.60546875], [38.41874694824219, 81.46778869628906, 44.0, 81.88406372070312, 64.8459701538086, 0.0, 82.97589874267578, 127.14165496826172, 34.0, 141.11343383789062, 91.78779602050781, 31.890438079833984, 73.68174743652344, 7.280109882354736, 50.48762130737305, 67.23094177246094, 113.95174407958984, 69.02897644042969, 136.13229370117188, 163.44418334960938, 124.25779724121094, 65.14598846435547, 78.8733139038086, 57.00876998901367, 49.20365905761719, 136.56134033203125, 128.72451782226562, 44.92215347290039, 99.5690689086914, 101.49384307861328, 107.05606079101562, 49.81967544555664, 92.04889678955078, 88.10221099853516, 116.6061782836914, 123.40583801269531, 108.46658325195312, 17.11724281311035, 100.30453491210938, 66.7607650756836], [74.5184555053711, 141.6827392578125, 102.00489807128906, 68.4105224609375, 19.02629852294922, 82.97589874267578, 0.0, 170.58135986328125, 61.29437255859375, 89.67720031738281, 135.20355224609375, 73.23933410644531, 12.083045959472656, 75.70997619628906, 133.36416625976562, 28.017850875854492, 59.07622146606445, 23.323806762695312, 129.24781799316406, 210.24034118652344, 128.70509338378906, 75.21302795410156, 37.735923767089844, 102.88343048095703, 55.154327392578125, 77.36924743652344, 187.9281768798828, 72.44998168945312, 37.05401611328125, 123.16655731201172, 130.23056030273438, 120.70211029052734, 107.51744079589844, 161.3722381591797, 182.27999877929688, 126.75172424316406, 105.39450073242188, 99.29753112792969, 54.5710563659668, 149.64625549316406], [165.15750122070312, 50.635955810546875, 166.9401092529297, 108.2681884765625, 154.40206909179688, 127.14165496826172, 170.58135986328125, 0.0, 156.82154846191406, 154.05194091796875, 36.79673767089844, 158.47396850585938, 158.64425659179688, 129.00387573242188, 118.60859680175781, 142.57980346679688, 149.90663146972656, 173.0028839111328, 89.02246856689453, 39.66106414794922, 71.19690704345703, 95.52486419677734, 137.29530334472656, 73.10950469970703, 116.82465362548828, 162.99693298339844, 38.01315689086914, 101.23734283447266, 155.43809509277344, 52.95280838012695, 47.26520919799805, 83.24061584472656, 67.72000885009766, 73.97972869873047, 52.801513671875, 72.99314880371094, 85.14693450927734, 117.9237060546875, 213.6632843017578, 130.015380859375], [15.231546401977539, 113.95174407958984, 41.03656768798828, 88.45903015136719, 47.423622131347656, 34.0, 61.29437255859375, 156.82154846191406, 0.0, 137.7425079345703, 120.3702621459961, 12.041594505310059, 55.865909576416016, 29.20616340637207, 80.5046615600586, 57.30619430541992, 107.54068756103516, 41.43669891357422, 150.1199493408203, 194.48907470703125, 141.71803283691406, 78.63841247558594, 72.91776275634766, 84.05950164794922, 55.0, 129.54150390625, 161.72198486328125, 61.400325775146484, 88.60022735595703, 123.64869689941406, 130.03460693359375, 83.48652648925781, 111.3238525390625, 122.09013366699219, 150.33628845214844, 140.4314727783203, 122.20065307617188, 50.32891845703125, 66.7607650756836, 94.04785919189453], [152.9477081298828, 153.0751495361328, 176.81912231445312, 63.51377868652344, 92.97311401367188, 141.11343383789062, 89.67720031738281, 154.05194091796875, 137.7425079345703, 0.0, 131.0343475341797, 149.00335693359375, 86.83317565917969, 135.09255981445312, 182.098876953125, 80.52949523925781, 31.048349380493164, 111.40017700195312, 73.16419982910156, 188.798828125, 85.70297241210938, 84.90583038330078, 64.88451385498047, 118.96638488769531, 92.02173614501953, 16.124515533447266, 185.8736114501953, 101.67103576660156, 52.77309799194336, 102.17631530761719, 107.00466918945312, 151.4496612548828, 90.25519561767578, 184.0244598388672, 189.842041015625, 83.54639434814453, 69.00724792480469, 151.3472900390625, 142.0140838623047, 200.529296875], [129.2942352294922, 28.600698471069336, 133.24038696289062, 76.94153594970703, 118.43141174316406, 91.78779602050781, 135.20355224609375, 36.79673767089844, 120.3702621459961, 131.0343475341797, 0.0, 122.5887451171875, 123.16655731201172, 93.05912017822266, 91.92388153076172, 107.35455322265625, 121.20230865478516, 136.49908447265625, 78.8733139038086, 75.92759704589844, 60.20797348022461, 61.09828186035156, 103.73042297363281, 36.400550842285156, 80.70935821533203, 137.29530334472656, 56.22277069091797, 64.66065216064453, 123.4544448852539, 31.906112670898438, 31.11269760131836, 53.037723541259766, 40.79215621948242, 61.55485534667969, 58.94064712524414, 61.073726654052734, 63.90618133544922, 84.40379333496094, 176.980224609375, 106.48004150390625], [6.7082037925720215, 113.35784149169922, 29.0, 97.67292022705078, 59.41380310058594, 31.890438079833984, 73.23933410644531, 158.47396850585938, 12.041594505310059, 149.00335693359375, 122.5887451171875, 0.0, 67.89698028564453, 29.529645919799805, 73.00685119628906, 68.79679870605469, 119.03781127929688, 52.801513671875, 158.02847290039062, 195.20501708984375, 148.56985473632812, 86.00581359863281, 84.11896514892578, 86.8158950805664, 63.639610290527344, 141.17364501953125, 160.51480102539062, 67.47592163085938, 100.42410278320312, 128.78665161132812, 134.89254760742188, 81.39410400390625, 117.38824462890625, 118.19052124023438, 147.89862060546875, 147.41099548339844, 130.015380859375, 46.04345703125, 73.82411193847656, 85.14693450927734], [70.1783447265625, 129.6919403076172, 96.8968505859375, 57.982757568359375, 8.9442720413208, 73.68174743652344, 12.083045959472656, 158.64425659179688, 55.865909576416016, 86.83317565917969, 123.16655731201172, 67.89698028564453, 0.0, 66.40782928466797, 123.69316864013672, 16.278820037841797, 55.785301208496094, 25.01999282836914, 120.15406799316406, 198.30531311035156, 118.51160430908203, 63.411354064941406, 28.460498809814453, 90.82400512695312, 43.08131790161133, 76.15773010253906, 175.8550567626953, 60.406951904296875, 34.539833068847656, 111.73181915283203, 118.80236053466797, 109.29318237304688, 96.17691802978516, 149.85659790039062, 170.32908630371094, 116.6190414428711, 95.38343811035156, 89.49860382080078, 62.7694206237793, 140.42791748046875], [36.2353401184082, 84.8646011352539, 46.52956008911133, 76.967529296875, 57.567352294921875, 7.280109882354736, 75.70997619628906, 129.00387573242188, 29.20616340637207, 135.09255981445312, 93.05912017822266, 29.529645919799805, 66.40782928466797, 0.0, 57.706153869628906, 60.20797348022461, 107.48953247070312, 62.12889862060547, 133.09019470214844, 166.027099609375, 122.00409698486328, 61.392181396484375, 72.24956512451172, 57.384666442871094, 43.5660400390625, 130.11532592773438, 132.54811096191406, 41.43669891357422, 92.6552734375, 100.44898986816406, 106.30146026611328, 54.37830352783203, 90.0888442993164, 93.62158203125, 121.20230865478516, 121.03718566894531, 105.22357177734375, 24.0, 94.5409927368164, 74.04052734375], [77.49193572998047, 68.11754608154297, 62.20128631591797, 119.00420379638672, 114.97825622558594, 50.48762130737305, 133.36416625976562, 118.60859680175781, 80.5046615600586, 182.098876953125, 91.92388153076172, 73.00685119628906, 123.69316864013672, 57.706153869628906, 0.0, 115.52056121826172, 158.15182495117188, 119.10499572753906, 159.2388153076172, 147.05441284179688, 143.26548767089844, 98.2903823852539, 124.7798080444336, 71.19690704345703, 92.28217315673828, 180.27755737304688, 105.19029998779297, 80.43009185791016, 146.74127197265625, 115.16944122314453, 118.2962417602539, 39.560081481933594, 112.29425811767578, 54.37830352783203, 87.8179931640625, 143.17820739746094, 134.52880859375, 34.20526123046875, 146.69696044921875, 18.439088821411133], [72.4706802368164, 115.20850372314453, 97.20082092285156, 42.48529052734375, 15.524174690246582, 67.23094177246094, 28.017850875854492, 142.57980346679688, 57.30619430541992, 80.52949523925781, 107.35455322265625, 68.79679870605469, 16.278820037841797, 60.20797348022461, 115.52056121826172, 0.0, 50.2493782043457, 37.64305877685547, 105.6219711303711, 182.23611450195312, 102.956298828125, 47.20169448852539, 16.278820037841797, 75.96051788330078, 28.44292449951172, 72.42237091064453, 160.70469665527344, 45.89117431640625, 32.649654388427734, 95.4620361328125, 102.53292083740234, 97.04637908935547, 79.93122100830078, 137.09121704101562, 155.97756958007812, 101.11874389648438, 80.05622863769531, 81.54139709472656, 77.82672882080078, 133.01502990722656], [122.67436218261719, 138.9244384765625, 147.29901123046875, 45.27692413330078, 62.032249450683594, 113.95174407958984, 59.07622146606445, 149.90663146972656, 107.54068756103516, 31.048349380493164, 121.20230865478516, 119.03781127929688, 55.785301208496094, 107.48953247070312, 158.15182495117188, 50.2493782043457, 0.0, 80.41144561767578, 82.75868225097656, 187.55532836914062, 89.35882568359375, 65.73431396484375, 35.46829605102539, 101.41498565673828, 66.0302963256836, 22.627416610717773, 177.40631103515625, 78.72102355957031, 22.022714614868164, 97.01546478271484, 103.16007232666016, 131.32022094726562, 82.37718200683594, 167.370849609375, 178.1796875, 87.132080078125, 67.5425796508789, 125.80142974853516, 112.44554138183594, 176.4086151123047], [53.0, 138.1955108642578, 80.77747344970703, 79.84986114501953, 22.135944366455078, 69.02897644042969, 23.323806762695312, 173.0028839111328, 41.43669891357422, 111.40017700195312, 136.49908447265625, 52.801513671875, 25.01999282836914, 62.12889862060547, 119.10499572753906, 37.64305877685547, 80.41144561767578, 0.0, 143.25152587890625, 212.4170379638672, 139.98928833007812, 80.60397338867188, 52.611785888671875, 101.51354217529297, 56.58621597290039, 99.92997741699219, 185.8090362548828, 71.84010314941406, 58.694122314453125, 129.80755615234375, 136.821044921875, 112.92918395996094, 114.85643005371094, 153.57408142089844, 177.79200744628906, 138.22445678710938, 117.38824462890625, 86.09297180175781, 41.400482177734375, 134.08206176757812], [164.0, 106.8316421508789, 179.61068725585938, 63.78871536254883, 121.11564636230469, 136.13229370117188, 129.24781799316406, 89.02246856689453, 150.1199493408203, 73.16419982910156, 78.8733139038086, 158.02847290039062, 120.15406799316406, 133.09019470214844, 159.2388153076172, 105.6219711303711, 82.75868225097656, 143.25152587890625, 0.0, 119.00420379638672, 18.867961883544922, 72.11102294921875, 91.78779602050781, 88.10221099853516, 95.18928527832031, 86.35391998291016, 125.3554916381836, 91.66242218017578, 98.60020446777344, 47.381431579589844, 48.010414123535156, 120.73938751220703, 46.957427978515625, 140.12136840820312, 134.71823120117188, 17.804492950439453, 28.017850875854492, 138.22084045410156, 182.92347717285156, 176.5021209716797], [201.81674194335938, 82.85529327392578, 200.883056640625, 147.23110961914062, 194.023193359375, 163.44418334960938, 210.24034118652344, 39.66106414794922, 194.48907470703125, 188.798828125, 75.92759704589844, 195.20501708984375, 198.30531311035156, 166.027099609375, 147.05441284179688, 182.23611450195312, 187.55532836914062, 212.4170379638672, 119.00420379638672, 0.0, 103.3924560546875, 135.15176391601562, 176.70596313476562, 111.73181915283203, 156.40013122558594, 199.06028747558594, 44.04542922973633, 140.58448791503906, 194.33990478515625, 90.82400512695312, 84.43340301513672, 116.36150360107422, 106.23088073730469, 95.35198211669922, 64.0078125, 105.47511291503906, 121.04957580566406, 152.46310424804688, 252.8734893798828, 155.1289825439453], [154.8289337158203, 88.39117431640625, 168.19036865234375, 60.539241790771484, 118.07201385498047, 124.25779724121094, 128.70509338378906, 71.19690704345703, 141.71803283691406, 85.70297241210938, 60.20797348022461, 148.56985473632812, 118.51160430908203, 122.00409698486328, 143.26548767089844, 102.956298828125, 89.35882568359375, 139.98928833007812, 18.867961883544922, 103.3924560546875, 0.0, 63.150611877441406, 91.02197265625, 72.73238372802734, 87.80091094970703, 97.08243560791016, 106.89247131347656, 81.1541748046875, 101.91172790527344, 29.20616340637207, 29.20616340637207, 104.20172882080078, 32.38827133178711, 121.63058471679688, 115.88356018066406, 2.2360680103302, 23.430749893188477, 124.5351333618164, 180.76780700683594, 160.10308837890625], [92.0869140625, 74.00675964355469, 107.87029266357422, 21.470911026000977, 60.10823440551758, 65.14598846435547, 75.21302795410156, 95.52486419677734, 78.63841247558594, 84.90583038330078, 61.09828186035156, 86.00581359863281, 63.411354064941406, 61.392181396484375, 98.2903823852539, 47.20169448852539, 65.73431396484375, 80.60397338867188, 72.11102294921875, 135.15176391601562, 63.150611877441406, 0.0, 42.72002029418945, 35.693138122558594, 25.079872131347656, 85.79627227783203, 116.18089294433594, 20.248456954956055, 63.3876953125, 49.20365905761719, 56.22277069091797, 66.64833068847656, 34.48188018798828, 101.63660430908203, 114.21470642089844, 61.814239501953125, 44.10215377807617, 70.49113464355469, 122.00409698486328, 116.69190216064453], [88.14192962646484, 115.52488708496094, 112.05802154541016, 31.11269760131836, 31.016124725341797, 78.8733139038086, 37.735923767089844, 137.29530334472656, 72.91776275634766, 64.88451385498047, 103.73042297363281, 84.11896514892578, 28.460498809814453, 72.24956512451172, 124.7798080444336, 16.278820037841797, 35.46829605102539, 52.611785888671875, 91.78779602050781, 176.70596313476562, 91.02197265625, 42.72002029418945, 0.0, 76.16429901123047, 32.893768310546875, 58.051700592041016, 158.861572265625, 48.50773239135742, 22.56102752685547, 87.41853332519531, 94.40338897705078, 101.78899383544922, 71.61005401611328, 140.4314727783203, 156.16017150878906, 89.05054473876953, 67.67569732666016, 91.58602142333984, 91.18113708496094, 142.77955627441406], [93.52005004882812, 39.458839416503906, 100.12991333007812, 56.61272048950195, 85.0, 57.00876998901367, 102.88343048095703, 73.10950469970703, 84.05950164794922, 118.96638488769531, 36.400550842285156, 86.8158950805664, 90.82400512695312, 57.384666442871094, 71.19690704345703, 75.96051788330078, 101.41498565673828, 101.51354217529297, 88.10221099853516, 111.73181915283203, 72.73238372802734, 35.693138122558594, 76.16429901123047, 0.0, 47.75981521606445, 121.11564636230469, 85.08818817138672, 30.463092803955078, 98.0, 46.27094268798828, 51.0, 33.941123962402344, 41.146080017089844, 65.96968841552734, 80.23091888427734, 72.44998168945312, 63.60031509399414, 53.037723541259766, 141.3541717529297, 88.7524642944336], [69.2603759765625, 86.83317565917969, 88.25531005859375, 34.20526123046875, 37.735923767089844, 49.20365905761719, 55.154327392578125, 116.82465362548828, 55.0, 92.02173614501953, 80.70935821533203, 63.639610290527344, 43.08131790161133, 43.5660400390625, 92.28217315673828, 28.44292449951172, 66.0302963256836, 56.58621597290039, 95.18928527832031, 156.40013122558594, 87.80091094970703, 25.079872131347656, 32.893768310546875, 47.75981521606445, 0.0, 88.40814208984375, 132.7742462158203, 17.464248657226562, 55.36244201660156, 73.7834701538086, 80.70935821533203, 69.46221923828125, 59.4810905456543, 109.0, 127.57743072509766, 86.34812927246094, 67.36467742919922, 59.81638717651367, 97.83660125732422, 110.45361328125], [144.5856170654297, 157.28953552246094, 169.61427307128906, 64.51356506347656, 83.18653869628906, 136.56134033203125, 77.36924743652344, 162.99693298339844, 129.54150390625, 16.124515533447266, 137.29530334472656, 141.17364501953125, 76.15773010253906, 130.11532592773438, 180.27755737304688, 72.42237091064453, 22.627416610717773, 99.92997741699219, 86.35391998291016, 199.06028747558594, 97.08243560791016, 85.79627227783203, 58.051700592041016, 121.11564636230469, 88.40814208984375, 0.0, 193.04144287109375, 100.34440612792969, 41.62931823730469, 110.29052734375, 115.73245239257812, 152.20053100585938, 97.00515747070312, 186.96791076660156, 195.47889709472656, 94.86833190917969, 78.08969116210938, 148.22280883789062, 128.1405487060547, 198.59506225585938], [166.88319396972656, 48.010414123535156, 162.2898712158203, 133.09019470214844, 170.07351684570312, 128.72451782226562, 187.9281768798828, 38.01315689086914, 161.72198486328125, 185.8736114501953, 56.22277069091797, 160.51480102539062, 175.8550567626953, 132.54811096191406, 105.19029998779297, 160.70469665527344, 177.40631103515625, 185.8090362548828, 125.3554916381836, 44.04542922973633, 106.89247131347656, 116.18089294433594, 158.861572265625, 85.08818817138672, 132.7742462158203, 193.04144287109375, 0.0, 115.55085754394531, 179.25401306152344, 83.86298370361328, 79.83106994628906, 79.24645233154297, 96.04686737060547, 51.92301940917969, 20.02498435974121, 108.46658325195312, 117.23907470703125, 115.52056121826172, 224.37692260742188, 111.82575988769531], [73.82411193847656, 69.37578582763672, 87.96590423583984, 38.94868469238281, 54.5618896484375, 44.92215347290039, 72.44998168945312, 101.23734283447266, 61.400325775146484, 101.67103576660156, 64.66065216064453, 67.47592163085938, 60.406951904296875, 41.43669891357422, 80.43009185791016, 45.89117431640625, 78.72102355957031, 71.84010314941406, 91.66242218017578, 140.58448791503906, 81.1541748046875, 20.248456954956055, 48.50773239135742, 30.463092803955078, 17.464248657226562, 100.34440612792969, 115.55085754394531, 0.0, 71.02112579345703, 62.3939094543457, 68.94200134277344, 53.36665725708008, 50.0099983215332, 92.0869140625, 110.11357879638672, 80.05622863769531, 63.78871536254883, 50.80354309082031, 112.44998931884766, 98.85848236083984], [103.46980285644531, 137.13131713867188, 129.18978881835938, 47.16990661621094, 41.67733383178711, 99.5690689086914, 37.05401611328125, 155.43809509277344, 88.60022735595703, 52.77309799194336, 123.4544448852539, 100.42410278320312, 34.539833068847656, 92.6552734375, 146.74127197265625, 32.649654388427734, 22.022714614868164, 58.694122314453125, 98.60020446777344, 194.33990478515625, 101.91172790527344, 63.3876953125, 22.56102752685547, 98.0, 55.36244201660156, 41.62931823730469, 179.25401306152344, 71.02112579345703, 0.0, 103.7545166015625, 110.47624206542969, 124.33824920654297, 88.14192962646484, 162.7882080078125, 177.5528106689453, 99.76472473144531, 78.74642944335938, 113.17684936523438, 90.66973114013672, 164.57521057128906], [135.34031677246094, 59.46427536010742, 145.34442138671875, 56.93856430053711, 109.123779296875, 101.49384307861328, 123.16655731201172, 52.95280838012695, 123.64869689941406, 102.17631530761719, 31.906112670898438, 128.78665161132812, 111.73181915283203, 100.44898986816406, 115.16944122314453, 95.4620361328125, 97.01546478271484, 129.80755615234375, 47.381431579589844, 90.82400512695312, 29.20616340637207, 49.20365905761719, 87.41853332519531, 46.27094268798828, 73.7834701538086, 110.29052734375, 83.86298370361328, 62.3939094543457, 103.7545166015625, 0.0, 7.071067810058594, 75.7693862915039, 15.81138801574707, 92.76313781738281, 89.8888168334961, 29.73213768005371, 33.37664031982422, 99.2471694946289, 171.2074737548828, 131.59027099609375], [141.4814453125, 59.54829788208008, 150.74813842773438, 63.812225341796875, 116.18089294433594, 107.05606079101562, 130.23056030273438, 47.26520919799805, 130.03460693359375, 107.00466918945312, 31.11269760131836, 134.89254760742188, 118.80236053466797, 106.30146026611328, 118.2962417602539, 102.53292083740234, 103.16007232666016, 136.821044921875, 48.010414123535156, 84.43340301513672, 29.20616340637207, 56.22277069091797, 94.40338897705078, 51.0, 80.70935821533203, 115.73245239257812, 79.83106994628906, 68.94200134277344, 110.47624206542969, 7.071067810058594, 0.0, 78.74642944335938, 22.803508758544922, 92.6552734375, 87.23531341552734, 30.232433319091797, 38.0, 104.01922607421875, 178.21896362304688, 134.2609405517578], [87.69264221191406, 33.541019439697266, 84.53401947021484, 88.1192398071289, 101.71037292480469, 49.81967544555664, 120.70211029052734, 83.24061584472656, 83.48652648925781, 151.4496612548828, 53.037723541259766, 81.39410400390625, 109.29318237304688, 54.37830352783203, 39.560081481933594, 97.04637908935547, 131.32022094726562, 112.92918395996094, 120.73938751220703, 116.36150360107422, 104.20172882080078, 66.64833068847656, 101.78899383544922, 33.941123962402344, 69.46221923828125, 152.20053100585938, 79.24645233154297, 53.36665725708008, 124.33824920654297, 75.7693862915039, 78.74642944335938, 0.0, 74.06078338623047, 40.79215621948242, 66.85057830810547, 104.23531341552734, 97.30878448486328, 36.400550842285156, 148.4755859375, 55.90169906616211], [123.79418182373047, 64.88451385498047, 136.0330810546875, 41.18252182006836, 93.86160278320312, 92.04889678955078, 107.51744079589844, 67.72000885009766, 111.3238525390625, 90.25519561767578, 40.79215621948242, 117.38824462890625, 96.17691802978516, 90.0888442993164, 112.29425811767578, 79.93122100830078, 82.37718200683594, 114.85643005371094, 46.957427978515625, 106.23088073730469, 32.38827133178711, 34.48188018798828, 71.61005401611328, 41.146080017089844, 59.4810905456543, 97.00515747070312, 96.04686737060547, 50.0099983215332, 88.14192962646484, 15.81138801574707, 22.803508758544922, 74.06078338623047, 0.0, 97.6370849609375, 99.68952178955078, 31.78049659729004, 24.413110733032227, 92.19544219970703, 156.23699951171875, 129.65338134765625], [123.9758071899414, 33.30165100097656, 114.58621215820312, 122.52754974365234, 142.411376953125, 88.10221099853516, 161.3722381591797, 73.97972869873047, 122.09013366699219, 184.0244598388672, 61.55485534667969, 118.19052124023438, 149.85659790039062, 93.62158203125, 54.37830352783203, 137.09121704101562, 167.370849609375, 153.57408142089844, 140.12136840820312, 95.35198211669922, 121.63058471679688, 101.63660430908203, 140.4314727783203, 65.96968841552734, 109.0, 186.96791076660156, 51.92301940917969, 92.0869140625, 162.7882080078125, 92.76313781738281, 92.6552734375, 40.79215621948242, 97.6370849609375, 0.0, 33.541019439697266, 122.38055419921875, 122.03688049316406, 72.20111083984375, 188.16217041015625, 59.90826416015625], [154.0292205810547, 40.79215621948242, 146.98638916015625, 133.03382873535156, 163.8169708251953, 116.6061782836914, 182.27999877929688, 52.801513671875, 150.33628845214844, 189.842041015625, 58.94064712524414, 147.89862060546875, 170.32908630371094, 121.20230865478516, 87.8179931640625, 155.97756958007812, 178.1796875, 177.79200744628906, 134.71823120117188, 64.0078125, 115.88356018066406, 114.21470642089844, 156.16017150878906, 80.23091888427734, 127.57743072509766, 195.47889709472656, 20.02498435974121, 110.11357879638672, 177.5528106689453, 89.8888168334961, 87.23531341552734, 66.85057830810547, 99.68952178955078, 33.541019439697266, 0.0, 117.1836166381836, 122.71104431152344, 102.068603515625, 214.84878540039062, 92.97311401367188], [153.63919067382812, 89.10667419433594, 167.29913330078125, 58.66856002807617, 116.2755355834961, 123.40583801269531, 126.75172424316406, 72.99314880371094, 140.4314727783203, 83.54639434814453, 61.073726654052734, 147.41099548339844, 116.6190414428711, 121.03718566894531, 143.17820739746094, 101.11874389648438, 87.132080078125, 138.22445678710938, 17.804492950439453, 105.47511291503906, 2.2360680103302, 61.814239501953125, 89.05054473876953, 72.44998168945312, 86.34812927246094, 94.86833190917969, 108.46658325195312, 80.05622863769531, 99.76472473144531, 29.73213768005371, 30.232433319091797, 104.23531341552734, 31.78049659729004, 122.38055419921875, 117.1836166381836, 0.0, 21.40093421936035, 123.9758071899414, 178.9413299560547, 160.1249542236328], [136.00367736816406, 89.1852035522461, 151.75308227539062, 37.57658767700195, 95.34149169921875, 108.46658325195312, 105.39450073242188, 85.14693450927734, 122.20065307617188, 69.00724792480469, 63.90618133544922, 130.015380859375, 95.38343811035156, 105.22357177734375, 134.52880859375, 80.05622863769531, 67.5425796508789, 117.38824462890625, 28.017850875854492, 121.04957580566406, 23.430749893188477, 44.10215377807617, 67.67569732666016, 63.60031509399414, 67.36467742919922, 78.08969116210938, 117.23907470703125, 63.78871536254883, 78.74642944335938, 33.37664031982422, 38.0, 97.30878448486328, 24.413110733032227, 122.03688049316406, 122.71104431152344, 21.40093421936035, 0.0, 111.42710876464844, 157.86703491210938, 152.29576110839844], [52.009613037109375, 69.6419448852539, 49.04079818725586, 89.64373779296875, 80.80841827392578, 17.11724281311035, 99.29753112792969, 117.9237060546875, 50.32891845703125, 151.3472900390625, 84.40379333496094, 46.04345703125, 89.49860382080078, 24.0, 34.20526123046875, 81.54139709472656, 125.80142974853516, 86.09297180175781, 138.22084045410156, 152.46310424804688, 124.5351333618164, 70.49113464355469, 91.58602142333984, 53.037723541259766, 59.81638717651367, 148.22280883789062, 115.52056121826172, 50.80354309082031, 113.17684936523438, 99.2471694946289, 104.01922607421875, 36.400550842285156, 92.19544219970703, 72.20111083984375, 102.068603515625, 123.9758071899414, 111.42710876464844, 0.0, 117.0042724609375, 51.4781494140625], [70.1783447265625, 176.4086151123047, 94.42987060546875, 120.30793762207031, 62.7694206237793, 100.30453491210938, 54.5710563659668, 213.6632843017578, 66.7607650756836, 142.0140838623047, 176.980224609375, 73.82411193847656, 62.7694206237793, 94.5409927368164, 146.69696044921875, 77.82672882080078, 112.44554138183594, 41.400482177734375, 182.92347717285156, 252.8734893798828, 180.76780700683594, 122.00409698486328, 91.18113708496094, 141.3541717529297, 97.83660125732422, 128.1405487060547, 224.37692260742188, 112.44998931884766, 90.66973114013672, 171.2074737548828, 178.21896362304688, 148.4755859375, 156.23699951171875, 188.16217041015625, 214.84878540039062, 178.9413299560547, 157.86703491210938, 117.0042724609375, 0.0, 158.8080596923828], [88.6848373413086, 80.62257385253906, 68.70953369140625, 137.44090270996094, 131.60546875, 66.7607650756836, 149.64625549316406, 130.015380859375, 94.04785919189453, 200.529296875, 106.48004150390625, 85.14693450927734, 140.42791748046875, 74.04052734375, 18.439088821411133, 133.01502990722656, 176.4086151123047, 134.08206176757812, 176.5021209716797, 155.1289825439453, 160.10308837890625, 116.69190216064453, 142.77955627441406, 88.7524642944336, 110.45361328125, 198.59506225585938, 111.82575988769531, 98.85848236083984, 164.57521057128906, 131.59027099609375, 134.2609405517578, 55.90169906616211, 129.65338134765625, 59.90826416015625, 92.97311401367188, 160.1249542236328, 152.29576110839844, 51.4781494140625, 158.8080596923828, 0.0]], "coordinates": [[20, 84], [-58, -7], [-4, 98], [35, -18], [58, 35], [-4, 54], [77, 36], [-66, -57], [26, 70], [88, -53], [-41, -30], [17, 78], [66, 31], [3, 52], [-54, 61], [54, 20], [80, -23], [65, 56], [20, -80], [-99, -79], [4, -70], [16, -8], [57, 4], [-19, -1], [26, 15], [96, -39], [-97, -35], [9, 11], [79, -1], [-14, -47], [-19, -52], [-43, 23], [-1, -38], [-83, 15], [-98, -15], [6, -69], [19, -52], [-21, 52], [90, 89], [-68, 73]], "demands": [19.0, 11.0, 9.0, 16.0, 15.0, 3.0, 19.0, 5.0, 14.0, 5.0, 7.0, 14.0, 16.0, 16.0, 20.0, 18.0, 4.0, 5.0, 9.0, 9.0, -19.0, -11.0, -9.0, -16.0, -15.0, -3.0, -19.0, -5.0, -14.0, -5.0, -7.0, -14.0, -16.0, -16.0, -20.0, -18.0, -4.0, -5.0, -9.0, -9.0], "capacity": 50, "Vmax": 14}