{"name": "LZB_n20_2", "n": 20, "m": 6, "times": [[0.0, 31.240999221801758, 163.37074279785156, 57.27128601074219, 134.33168029785156, 123.06502532958984, 175.635986328125, 160.22483825683594, 147.1223907470703, 75.92759704589844, 97.30878448486328, 32.80244064331055, 58.694122314453125, 16.492422103881836, 69.58448028564453, 90.13877868652344, 139.2838897705078, 92.78469848632812, 114.28472900390625, 81.00617218017578, 132.23086547851562, 70.8307876586914, 186.3008270263672, 107.42439270019531, 107.93516540527344, 182.94534301757812, 135.48431396484375, 188.48077392578125, 72.69112396240234, 153.76930236816406, 128.56126403808594, 133.154052734375, 177.00282287597656, 51.312767028808594, 171.40594482421875, 82.9698715209961, 89.27485656738281, 84.38008880615234, 79.17701721191406, 49.72926712036133], [31.240999221801758, 0.0, 177.11578369140625, 76.94153594970703, 164.57521057128906, 153.417724609375, 206.4945526123047, 190.5150909423828, 166.460205078125, 67.80117797851562, 102.08329772949219, 44.40720748901367, 89.06739044189453, 46.647613525390625, 93.64827728271484, 113.75851440429688, 151.92103576660156, 107.44766235351562, 143.3771209716797, 111.83023071289062, 155.01290893554688, 72.67048645019531, 199.44924926757812, 122.26201629638672, 138.773193359375, 197.03045654296875, 158.0, 219.42880249023438, 93.05912017822266, 173.93389892578125, 155.3319091796875, 153.55130004882812, 207.87014770507812, 67.47592163085938, 182.57054138183594, 75.60423278808594, 110.3177261352539, 111.57060241699219, 108.72441864013672, 46.40043258666992], [163.37074279785156, 177.11578369140625, 0.0, 205.5480499267578, 134.49534606933594, 133.64505004882812, 167.24234008789062, 145.03103637695312, 37.05401611328125, 126.09916687011719, 81.09870910644531, 133.9328155517578, 135.36985778808594, 151.7168426513672, 101.86265563964844, 218.18569946289062, 25.495098114013672, 70.66116333007812, 114.84336853027344, 138.231689453125, 62.169124603271484, 108.50345611572266, 23.021728515625, 55.94640350341797, 178.10108947753906, 19.92485809326172, 59.6824951171875, 177.91290283203125, 214.96511840820312, 41.43669891357422, 92.22798156738281, 48.08325958251953, 168.29736328125, 112.2541732788086, 17.029386520385742, 121.00413513183594, 225.2198944091797, 105.11898040771484, 182.8578643798828, 133.64505004882812], [57.27128601074219, 76.94153594970703, 205.5480499267578, 0.0, 135.0148162841797, 124.10076904296875, 167.09278869628906, 158.31614685058594, 181.69479370117188, 133.19534301757812, 150.4559783935547, 88.0227279663086, 73.79024505615234, 59.05929183959961, 103.85566711425781, 38.01315689086914, 183.84776306152344, 138.1050262451172, 124.5351333618164, 84.72307586669922, 161.01242065429688, 126.46343231201172, 228.42941284179688, 151.32745361328125, 85.38150024414062, 223.95758056640625, 164.5964813232422, 178.02528381347656, 16.124515533447266, 186.4322967529297, 146.75149536132812, 166.73931884765625, 168.26763916015625, 100.40418243408203, 216.37930297851562, 140.1855926513672, 33.37664031982422, 107.33126068115234, 50.96076965332031, 106.96260833740234], [134.33168029785156, 164.57521057128906, 134.49534606933594, 135.0148162841797, 0.0, 11.401754379272461, 44.68780517578125, 25.942243576049805, 97.67292022705078, 166.19265747070312, 142.6954803466797, 130.41856384277344, 75.64390563964844, 118.10588836669922, 82.97589874267578, 123.3693618774414, 128.09762573242188, 109.77249145507812, 26.419689178466797, 54.120235443115234, 72.44308471679688, 144.2012481689453, 151.11915588378906, 109.8954086303711, 61.29437255859375, 144.36758422851562, 74.81310272216797, 58.13776779174805, 134.2125244140625, 95.60334777832031, 42.296573638916016, 87.20664978027344, 46.097721099853516, 114.56002807617188, 151.19854736328125, 167.80047607421875, 134.62911987304688, 60.30754470825195, 87.4757080078125, 150.01333618164062], [123.06502532958984, 153.417724609375, 133.64505004882812, 124.10076904296875, 11.401754379272461, 0.0, 54.488529205322266, 37.161808013916016, 97.41663360595703, 157.00318908691406, 135.55810546875, 119.97083282470703, 64.40496826171875, 106.8877944946289, 73.81734466552734, 113.88591003417969, 125.1439208984375, 103.09219360351562, 20.099750518798828, 42.72002029418945, 71.56814575195312, 135.3513946533203, 151.48927307128906, 104.56098937988281, 53.600372314453125, 144.89996337890625, 74.3303451538086, 67.89698028564453, 123.79418182373047, 96.3846435546875, 42.154476165771484, 85.70297241210938, 55.90169906616211, 104.89041900634766, 150.02999877929688, 158.9370880126953, 124.91997528076172, 51.312767028808594, 77.36924743652344, 140.00714111328125], [175.635986328125, 206.4945526123047, 167.24234008789062, 167.09278869628906, 44.68780517578125, 54.488529205322266, 0.0, 22.803508758544922, 130.4645538330078, 210.87673950195312, 186.19613647460938, 174.41329956054688, 117.59677124023438, 159.8499298095703, 127.66361999511719, 147.01361083984375, 165.52944946289062, 153.0, 70.80254364013672, 94.66783905029297, 108.06016540527344, 188.8306121826172, 180.27755737304688, 151.5387725830078, 83.15046691894531, 173.2887725830078, 109.4897232055664, 13.45362377166748, 162.7882080078125, 126.03570556640625, 79.69943237304688, 123.16655731201172, 1.4142135381698608, 159.17601013183594, 184.27154541015625, 212.42410278320312, 159.00314331054688, 104.9952392578125, 116.4001693725586, 194.4659423828125], [160.22483825683594, 190.5150909423828, 145.03103637695312, 158.31614685058594, 25.942243576049805, 37.161808013916016, 22.803508758544922, 0.0, 108.11567687988281, 190.37069702148438, 164.1249542236328, 156.0128173828125, 101.55294036865234, 144.02777099609375, 107.48953247070312, 143.02796936035156, 142.77255249023438, 130.86251831054688, 50.20956039428711, 79.71198272705078, 85.32877349853516, 168.01487731933594, 158.8080596923828, 128.94960021972656, 78.85429382324219, 151.84532165527344, 86.83317565917969, 35.34119415283203, 156.11534118652344, 104.04325866699219, 56.920997619628906, 100.44898986816406, 24.041629791259766, 139.44532775878906, 162.04937744140625, 191.5515594482422, 154.71910095214844, 84.89994049072266, 109.07337188720703, 175.1713409423828], [147.1223907470703, 166.460205078125, 37.05401611328125, 181.69479370117188, 97.67292022705078, 97.41663360595703, 130.4645538330078, 108.11567687988281, 0.0, 128.06248474121094, 85.61541748046875, 122.05326843261719, 108.60018157958984, 133.19534301757812, 79.2022705078125, 189.52572631835938, 39.408119201660156, 61.20457458496094, 79.30951690673828, 107.05606079101562, 26.0, 106.7052001953125, 54.230987548828125, 48.05205535888672, 144.2532501220703, 47.85394287109375, 23.0867919921875, 141.42135620117188, 189.20095825195312, 8.9442720413208, 55.54277801513672, 15.0, 131.54847717285156, 98.99494934082031, 54.00925827026367, 124.91997528076172, 197.648681640625, 75.82215881347656, 152.83978271484375, 128.1405487060547], [75.92759704589844, 67.80117797851562, 126.09916687011719, 133.19534301757812, 166.19265747070312, 157.00318908691406, 210.87673950195312, 190.37069702148438, 128.06248474121094, 0.0, 45.0111083984375, 48.093658447265625, 103.81714630126953, 78.00640869140625, 83.24061584472656, 164.4384307861328, 101.0, 68.54196166992188, 140.2640380859375, 125.2397689819336, 127.01181030273438, 23.021728515625, 146.11297607421875, 80.08120727539062, 165.38742065429688, 145.41664123535156, 128.86038208007812, 224.32119750976562, 148.4755859375, 136.821044921875, 140.417236328125, 119.26860809326172, 212.28518676757812, 52.839378356933594, 126.92123413085938, 7.8102498054504395, 164.7574005126953, 105.8914566040039, 145.3822479248047, 26.305892944335938], [97.30878448486328, 102.08329772949219, 81.09870910644531, 150.4559783935547, 142.6954803466797, 135.55810546875, 186.19613647460938, 164.1249542236328, 85.61541748046875, 45.0111083984375, 0.0, 64.53681182861328, 98.32598876953125, 91.4166259765625, 66.37017059326172, 174.5680389404297, 56.00892639160156, 33.2866325378418, 116.36150360107422, 114.3547134399414, 89.49860382080078, 29.529645919799805, 101.43470764160156, 39.408119201660156, 158.1549835205078, 100.4987564086914, 90.60353088378906, 199.3238525390625, 163.6856689453125, 94.5409927368164, 109.20164489746094, 79.07591247558594, 187.55532836914062, 50.695167541503906, 82.71033477783203, 40.31128692626953, 177.9241485595703, 85.86617279052734, 147.13938903808594, 55.94640350341797], [32.80244064331055, 44.40720748901367, 133.9328155517578, 88.0227279663086, 130.41856384277344, 119.97083282470703, 174.41329956054688, 156.0128173828125, 122.05326843261719, 48.093658447265625, 64.53681182861328, 0.0, 59.64059066772461, 30.265491485595703, 51.865211486816406, 116.96580505371094, 109.123779296875, 63.5688591003418, 106.53168487548828, 82.61961364746094, 111.28791809082031, 38.4837646484375, 156.58863830566406, 78.43468475341797, 119.50732421875, 153.76930236816406, 114.15778350830078, 187.7684783935547, 102.48902130126953, 129.5569305419922, 114.49017333984375, 109.22454071044922, 175.8237762451172, 23.0867919921875, 140.65560913085938, 54.037025451660156, 118.1270523071289, 72.4706802368164, 97.49359130859375, 23.0867919921875], [58.694122314453125, 89.06739044189453, 135.36985778808594, 73.79024505615234, 75.64390563964844, 64.40496826171875, 117.59677124023438, 101.55294036865234, 108.60018157958984, 103.81714630126953, 98.32598876953125, 59.64059066772461, 0.0, 42.48529052734375, 35.34119415283203, 83.00602722167969, 116.21101379394531, 74.67261505126953, 56.56854248046875, 23.34523582458496, 87.23531341552734, 85.90692901611328, 157.76248168945312, 85.0, 61.84658432006836, 152.7350616455078, 90.82400512695312, 130.66751098632812, 80.60397338867188, 112.89818572998047, 74.81310272216797, 93.60021209716797, 118.98319244384766, 52.17279052734375, 148.0033721923828, 107.85638427734375, 89.87213134765625, 33.541019439697266, 49.97999572753906, 81.98780059814453], [16.492422103881836, 46.647613525390625, 151.7168426513672, 59.05929183959961, 118.10588836669922, 106.8877944946289, 159.8499298095703, 144.02777099609375, 133.19534301757812, 78.00640869140625, 91.4166259765625, 30.265491485595703, 42.48529052734375, 0.0, 54.5710563659668, 86.70063781738281, 128.40560913085938, 81.83519744873047, 97.80081939697266, 65.19202423095703, 117.08544158935547, 68.00735473632812, 174.7340850830078, 96.02082824707031, 95.13148498535156, 170.98829650878906, 120.41594696044922, 172.80335998535156, 72.80110168457031, 139.47401428222656, 112.28534698486328, 118.9033203125, 161.22654724121094, 41.86884307861328, 160.8601837158203, 84.2140121459961, 88.05680084228516, 68.11754608154297, 69.2603759765625, 52.08646774291992], [69.58448028564453, 93.64827728271484, 101.86265563964844, 103.85566711425781, 82.97589874267578, 73.81734466552734, 127.66361999511719, 107.48953247070312, 79.2022705078125, 83.24061584472656, 66.37017059326172, 51.865211486816406, 35.34119415283203, 54.5710563659668, 0.0, 117.88553619384766, 81.4002456665039, 39.560081481933594, 57.28001403808594, 48.041648864746094, 62.64982223510742, 61.587337493896484, 124.6515121459961, 49.73931884765625, 92.0, 120.10411834716797, 65.92420196533203, 141.11343383789062, 113.14591979980469, 85.09406280517578, 62.62587356567383, 64.62197875976562, 129.07362365722656, 32.202484130859375, 113.5693588256836, 85.14693450927734, 124.01612854003906, 22.671567916870117, 85.23497009277344, 68.24221801757812], [90.13877868652344, 113.75851440429688, 218.18569946289062, 38.01315689086914, 123.3693618774414, 113.88591003417969, 147.01361083984375, 143.02796936035156, 189.52572631835938, 164.4384307861328, 174.5680389404297, 116.96580505371094, 83.00602722167969, 86.70063781738281, 117.88553619384766, 0.0, 199.16073608398438, 156.185791015625, 120.44085693359375, 83.40863037109375, 165.95179748535156, 154.14927673339844, 240.3601531982422, 167.58580017089844, 64.38167572021484, 235.10423278808594, 169.53170776367188, 156.20498657226562, 23.430749893188477, 192.66551208496094, 145.64683532714844, 174.65679931640625, 148.0033721923828, 123.96773529052734, 231.00865173339844, 170.84788513183594, 12.041594505310059, 113.86395263671875, 37.735923767089844, 138.231689453125], [139.2838897705078, 151.92103576660156, 25.495098114013672, 183.84776306152344, 128.09762573242188, 125.1439208984375, 165.52944946289062, 142.77255249023438, 39.408119201660156, 101.0, 56.00892639160156, 109.123779296875, 116.21101379394531, 128.40560913085938, 81.4002456665039, 199.16073608398438, 0.0, 46.615447998046875, 105.3043212890625, 122.38463592529297, 57.48912811279297, 83.02409362792969, 47.53945541381836, 32.557640075683594, 164.46884155273438, 45.35416030883789, 56.32051086425781, 177.29354858398438, 194.1648712158203, 47.50789260864258, 86.5794448852539, 42.44997024536133, 166.71533203125, 87.98295593261719, 32.557640075683594, 96.18731689453125, 205.4117889404297, 88.76936340332031, 165.21803283691406, 108.17115783691406], [92.78469848632812, 107.44766235351562, 70.66116333007812, 138.1050262451172, 109.77249145507812, 103.09219360351562, 153.0, 130.86251831054688, 61.20457458496094, 68.54196166992188, 33.2866325378418, 63.5688591003418, 74.67261505126953, 81.83519744873047, 39.560081481933594, 156.185791015625, 46.615447998046875, 0.0, 83.57032775878906, 86.46965026855469, 58.66856002807617, 46.173583984375, 93.53608703613281, 14.866068840026855, 130.4645538330078, 90.37699127197266, 60.373836517333984, 166.09033203125, 149.20120239257812, 69.58448028564453, 76.05918884277344, 50.96076965332031, 154.35348510742188, 41.59326934814453, 79.02531433105469, 66.73080444335938, 161.4465789794922, 55.145263671875, 124.6515121459961, 67.00746154785156], [114.28472900390625, 143.3771209716797, 114.84336853027344, 124.5351333618164, 26.419689178466797, 20.099750518798828, 70.80254364013672, 50.20956039428711, 79.30951690673828, 140.2640380859375, 116.36150360107422, 106.53168487548828, 56.56854248046875, 97.80081939697266, 57.28001403808594, 120.44085693359375, 105.3043212890625, 83.57032775878906, 0.0, 39.81205749511719, 53.3104133605957, 118.06777954101562, 133.54025268554688, 84.5280990600586, 66.21932983398438, 127.12198638916016, 56.36488342285156, 84.20214080810547, 126.81088256835938, 79.25907135009766, 26.172504425048828, 66.7607650756836, 72.20111083984375, 89.27485656738281, 130.96946716308594, 141.65098571777344, 130.58714294433594, 34.71310806274414, 82.76472473144531, 125.09996032714844], [81.00617218017578, 111.83023071289062, 138.231689453125, 84.72307586669922, 54.120235443115234, 42.72002029418945, 94.66783905029297, 79.71198272705078, 107.05606079101562, 125.2397689819336, 114.3547134399414, 82.61961364746094, 23.34523582458496, 65.19202423095703, 48.041648864746094, 83.40863037109375, 122.38463592529297, 86.46965026855469, 39.81205749511719, 0.0, 82.75868225097656, 105.9480972290039, 159.5054931640625, 93.86160278320312, 44.04542922973633, 153.80831909179688, 86.31338500976562, 107.61505126953125, 87.46427917480469, 109.60382843017578, 63.071388244628906, 92.45539093017578, 96.04165649414062, 72.61542510986328, 152.53196716308594, 128.6934356689453, 92.6498794555664, 33.61547088623047, 46.010868072509766, 104.56098937988281], [132.23086547851562, 155.01290893554688, 62.169124603271484, 161.01242065429688, 72.44308471679688, 71.56814575195312, 108.06016540527344, 85.32877349853516, 26.0, 127.01181030273438, 89.49860382080078, 111.28791809082031, 87.23531341552734, 117.08544158935547, 62.64982223510742, 165.95179748535156, 57.48912811279297, 58.66856002807617, 53.3104133605957, 82.75868225097656, 0.0, 104.27847290039062, 80.23091888427734, 50.2493782043457, 118.51160430908203, 73.82411193847656, 3.605551242828369, 119.8165283203125, 167.2752227783203, 26.90724754333496, 30.149627685546875, 15.132745742797852, 109.23827362060547, 88.56636047363281, 78.77182006835938, 125.39936065673828, 174.62245178222656, 53.712196350097656, 128.7633514404297, 121.75385284423828], [70.8307876586914, 72.67048645019531, 108.50345611572266, 126.46343231201172, 144.2012481689453, 135.3513946533203, 188.8306121826172, 168.01487731933594, 106.7052001953125, 23.021728515625, 29.529645919799805, 38.4837646484375, 85.90692901611328, 68.00735473632812, 61.587337493896484, 154.14927673339844, 83.02409362792969, 46.173583984375, 118.06777954101562, 105.9480972290039, 104.27847290039062, 0.0, 129.75746154785156, 58.694122314453125, 147.7328643798828, 128.26535034179688, 106.23088073730469, 202.2523193359375, 140.73023986816406, 115.31695556640625, 117.443603515625, 97.1236343383789, 190.23406982421875, 33.734256744384766, 111.62885284423828, 23.600847244262695, 156.04165649414062, 84.05355072021484, 131.00381469726562, 26.419689178466797], [186.3008270263672, 199.44924926757812, 23.021728515625, 228.42941284179688, 151.11915588378906, 151.48927307128906, 180.27755737304688, 158.8080596923828, 54.230987548828125, 146.11297607421875, 101.43470764160156, 156.58863830566406, 157.76248168945312, 174.7340850830078, 124.6515121459961, 240.3601531982422, 47.53945541381836, 93.53608703613281, 133.54025268554688, 159.5054931640625, 80.23091888427734, 129.75746154785156, 0.0, 78.892333984375, 198.1766815185547, 7.0, 77.2528305053711, 190.00262451171875, 237.65521240234375, 55.54277801513672, 109.41663360595703, 67.60177612304688, 181.22361755371094, 135.11846923828125, 20.39607810974121, 140.5133514404297, 247.63279724121094, 126.82270812988281, 204.61915588378906, 155.36087036132812], [107.42439270019531, 122.26201629638672, 55.94640350341797, 151.32745361328125, 109.8954086303711, 104.56098937988281, 151.5387725830078, 128.94960021972656, 48.05205535888672, 80.08120727539062, 39.408119201660156, 78.43468475341797, 85.0, 96.02082824707031, 49.73931884765625, 167.58580017089844, 32.557640075683594, 14.866068840026855, 84.5280990600586, 93.86160278320312, 50.2493782043457, 58.694122314453125, 78.892333984375, 0.0, 137.29530334472656, 75.58438873291016, 51.22499465942383, 164.28329467773438, 161.8394317626953, 56.75385284423828, 72.4706802368164, 39.824615478515625, 152.84632873535156, 56.36488342285156, 65.11528015136719, 77.2528305053711, 173.44163513183594, 60.8276252746582, 134.65882873535156, 81.09870910644531], [107.93516540527344, 138.773193359375, 178.10108947753906, 85.38150024414062, 61.29437255859375, 53.600372314453125, 83.15046691894531, 78.85429382324219, 144.2532501220703, 165.38742065429688, 158.1549835205078, 119.50732421875, 61.84658432006836, 95.13148498535156, 92.0, 64.38167572021484, 164.46884155273438, 130.4645538330078, 66.21932983398438, 44.04542922973633, 118.51160430908203, 147.7328643798828, 198.1766815185547, 137.29530334472656, 0.0, 192.0234375, 121.79490661621094, 93.21480560302734, 79.76214599609375, 145.05516052246094, 92.31468200683594, 130.59861755371094, 84.2140121459961, 114.00438690185547, 193.31321716308594, 169.6407928466797, 76.2364730834961, 76.48529052734375, 34.539833068847656, 142.46754455566406], [182.94534301757812, 197.03045654296875, 19.92485809326172, 223.95758056640625, 144.36758422851562, 144.89996337890625, 173.2887725830078, 151.84532165527344, 47.85394287109375, 145.41664123535156, 100.4987564086914, 153.76930236816406, 152.7350616455078, 170.98829650878906, 120.10411834716797, 235.10423278808594, 45.35416030883789, 90.37699127197266, 127.12198638916016, 153.80831909179688, 73.82411193847656, 128.26535034179688, 7.0, 75.58438873291016, 192.0234375, 0.0, 70.7742919921875, 183.0027313232422, 232.87979125976562, 48.764739990234375, 102.78618621826172, 61.587337493896484, 174.23260498046875, 131.94696044921875, 22.825424194335938, 140.08926391601562, 242.5634002685547, 121.37957000732422, 199.12307739257812, 153.52523803710938], [135.48431396484375, 158.0, 59.6824951171875, 164.5964813232422, 74.81310272216797, 74.3303451538086, 109.4897232055664, 86.83317565917969, 23.0867919921875, 128.86038208007812, 90.60353088378906, 114.15778350830078, 90.82400512695312, 120.41594696044922, 65.92420196533203, 169.53170776367188, 56.32051086425781, 60.373836517333984, 56.36488342285156, 86.31338500976562, 3.605551242828369, 106.23088073730469, 77.2528305053711, 51.22499465942383, 121.79490661621094, 70.7742919921875, 0.0, 121.04957580566406, 170.8800811767578, 23.430749893188477, 32.557640075683594, 13.928388595581055, 110.64356994628906, 91.3509750366211, 76.41989135742188, 127.05904388427734, 178.21896362304688, 57.30619430541992, 132.3215789794922, 124.19742584228516], [188.48077392578125, 219.42880249023438, 177.91290283203125, 178.02528381347656, 58.13776779174805, 67.89698028564453, 13.45362377166748, 35.34119415283203, 141.42135620117188, 224.32119750976562, 199.3238525390625, 187.7684783935547, 130.66751098632812, 172.80335998535156, 141.11343383789062, 156.20498657226562, 177.29354858398438, 166.09033203125, 84.20214080810547, 107.61505126953125, 119.8165283203125, 202.2523193359375, 190.00262451171875, 164.28329467773438, 93.21480560302734, 183.0027313232422, 121.04957580566406, 0.0, 172.96531677246094, 136.52838134765625, 92.11405944824219, 134.85177612304688, 12.041594505310059, 172.62677001953125, 194.92819213867188, 225.84286499023438, 168.24090576171875, 118.44407653808594, 127.12198638916016, 207.8942108154297], [72.69112396240234, 93.05912017822266, 214.96511840820312, 16.124515533447266, 134.2125244140625, 123.79418182373047, 162.7882080078125, 156.11534118652344, 189.20095825195312, 148.4755859375, 163.6856689453125, 102.48902130126953, 80.60397338867188, 72.80110168457031, 113.14591979980469, 23.430749893188477, 194.1648712158203, 149.20120239257812, 126.81088256835938, 87.46427917480469, 167.2752227783203, 140.73023986816406, 237.65521240234375, 161.8394317626953, 79.76214599609375, 232.87979125976562, 170.8800811767578, 172.96531677246094, 0.0, 193.34165954589844, 150.47923278808594, 174.20103454589844, 163.8841094970703, 113.17684936523438, 226.5568389892578, 155.3319091796875, 17.262676239013672, 113.71894836425781, 47.04253387451172, 122.18428802490234], [153.76930236816406, 173.93389892578125, 41.43669891357422, 186.4322967529297, 95.60334777832031, 96.3846435546875, 126.03570556640625, 104.04325866699219, 8.9442720413208, 136.821044921875, 94.5409927368164, 129.5569305419922, 112.89818572998047, 139.47401428222656, 85.09406280517578, 192.66551208496094, 47.50789260864258, 69.58448028564453, 79.25907135009766, 109.60382843017578, 26.90724754333496, 115.31695556640625, 55.54277801513672, 56.75385284423828, 145.05516052246094, 48.764739990234375, 23.430749893188477, 136.52838134765625, 193.34165954589844, 0.0, 54.230987548828125, 20.615528106689453, 127.06297302246094, 106.47064971923828, 58.4208869934082, 133.7647247314453, 201.1591339111328, 79.6303939819336, 155.58920288085938, 136.36715698242188], [128.56126403808594, 155.3319091796875, 92.22798156738281, 146.75149536132812, 42.296573638916016, 42.154476165771484, 79.69943237304688, 56.920997619628906, 55.54277801513672, 140.417236328125, 109.20164489746094, 114.49017333984375, 74.81310272216797, 112.28534698486328, 62.62587356567383, 145.64683532714844, 86.5794448852539, 76.05918884277344, 26.172504425048828, 63.071388244628906, 30.149627685546875, 117.443603515625, 109.41663360595703, 72.4706802368164, 92.31468200683594, 102.78618621826172, 32.557640075683594, 92.11405944824219, 150.47923278808594, 54.230987548828125, 0.0, 45.0111083984375, 80.95677947998047, 93.94147491455078, 108.90362548828125, 140.356689453125, 155.4155731201172, 44.18144226074219, 107.91200256347656, 129.71121215820312], [133.154052734375, 153.55130004882812, 48.08325958251953, 166.73931884765625, 87.20664978027344, 85.70297241210938, 123.16655731201172, 100.44898986816406, 15.0, 119.26860809326172, 79.07591247558594, 109.22454071044922, 93.60021209716797, 118.9033203125, 64.62197875976562, 174.65679931640625, 42.44997024536133, 50.96076965332031, 66.7607650756836, 92.45539093017578, 15.132745742797852, 97.1236343383789, 67.60177612304688, 39.824615478515625, 130.59861755371094, 61.587337493896484, 13.928388595581055, 134.85177612304688, 174.20103454589844, 20.615528106689453, 45.0111083984375, 0.0, 124.33824920654297, 86.14522552490234, 64.32728576660156, 116.86744689941406, 182.7019500732422, 60.87692642211914, 138.1050262451172, 116.96580505371094], [177.00282287597656, 207.87014770507812, 168.29736328125, 168.26763916015625, 46.097721099853516, 55.90169906616211, 1.4142135381698608, 24.041629791259766, 131.54847717285156, 212.28518676757812, 187.55532836914062, 175.8237762451172, 118.98319244384766, 161.22654724121094, 129.07362365722656, 148.0033721923828, 166.71533203125, 154.35348510742188, 72.20111083984375, 96.04165649414062, 109.23827362060547, 190.23406982421875, 181.22361755371094, 152.84632873535156, 84.2140121459961, 174.23260498046875, 110.64356994628906, 12.041594505310059, 163.8841094970703, 127.06297302246094, 80.95677947998047, 124.33824920654297, 0.0, 160.58953857421875, 185.3267364501953, 213.8270263671875, 160.0, 106.4048843383789, 117.54573822021484, 195.88006591796875], [51.312767028808594, 67.47592163085938, 112.2541732788086, 100.40418243408203, 114.56002807617188, 104.89041900634766, 159.17601013183594, 139.44532775878906, 98.99494934082031, 52.839378356933594, 50.695167541503906, 23.0867919921875, 52.17279052734375, 41.86884307861328, 32.202484130859375, 123.96773529052734, 87.98295593261719, 41.59326934814453, 89.27485656738281, 72.61542510986328, 88.56636047363281, 33.734256744384766, 135.11846923828125, 56.36488342285156, 114.00438690185547, 131.94696044921875, 91.3509750366211, 172.62677001953125, 113.17684936523438, 106.47064971923828, 93.94147491455078, 86.14522552490234, 160.58953857421875, 0.0, 120.10411834716797, 56.080299377441406, 127.23600006103516, 54.5618896484375, 98.18350219726562, 36.055511474609375], [171.40594482421875, 182.57054138183594, 17.029386520385742, 216.37930297851562, 151.19854736328125, 150.02999877929688, 184.27154541015625, 162.04937744140625, 54.00925827026367, 126.92123413085938, 82.71033477783203, 140.65560913085938, 148.0033721923828, 160.8601837158203, 113.5693588256836, 231.00865173339844, 32.557640075683594, 79.02531433105469, 130.96946716308594, 152.53196716308594, 78.77182006835938, 111.62885284423828, 20.39607810974121, 65.11528015136719, 193.31321716308594, 22.825424194335938, 76.41989135742188, 194.92819213867188, 226.5568389892578, 58.4208869934082, 108.90362548828125, 64.32728576660156, 185.3267364501953, 120.10411834716797, 0.0, 121.06196594238281, 237.5415802001953, 119.07980346679688, 196.42047119140625, 137.64083862304688], [82.9698715209961, 75.60423278808594, 121.00413513183594, 140.1855926513672, 167.80047607421875, 158.9370880126953, 212.42410278320312, 191.5515594482422, 124.91997528076172, 7.8102498054504395, 40.31128692626953, 54.037025451660156, 107.85638427734375, 84.2140121459961, 85.14693450927734, 170.84788513183594, 96.18731689453125, 66.73080444335938, 141.65098571777344, 128.6934356689453, 125.39936065673828, 23.600847244262695, 140.5133514404297, 77.2528305053711, 169.6407928466797, 140.08926391601562, 127.05904388427734, 225.84286499023438, 155.3319091796875, 133.7647247314453, 140.356689453125, 116.86744689941406, 213.8270263671875, 56.080299377441406, 121.06196594238281, 0.0, 171.47010803222656, 107.64757537841797, 150.74813842773438, 33.241539001464844], [89.27485656738281, 110.3177261352539, 225.2198944091797, 33.37664031982422, 134.62911987304688, 124.91997528076172, 159.00314331054688, 154.71910095214844, 197.648681640625, 164.7574005126953, 177.9241485595703, 118.1270523071289, 89.87213134765625, 88.05680084228516, 124.01612854003906, 12.041594505310059, 205.4117889404297, 161.4465789794922, 130.58714294433594, 92.6498794555664, 174.62245178222656, 156.04165649414062, 247.63279724121094, 173.44163513183594, 76.2364730834961, 242.5634002685547, 178.21896362304688, 168.24090576171875, 17.262676239013672, 201.1591339111328, 155.4155731201172, 182.7019500732422, 160.0, 127.23600006103516, 237.5415802001953, 171.47010803222656, 0.0, 121.82774353027344, 47.92702865600586, 138.45216369628906], [84.38008880615234, 111.57060241699219, 105.11898040771484, 107.33126068115234, 60.30754470825195, 51.312767028808594, 104.9952392578125, 84.89994049072266, 75.82215881347656, 105.8914566040039, 85.86617279052734, 72.4706802368164, 33.541019439697266, 68.11754608154297, 22.671567916870117, 113.86395263671875, 88.76936340332031, 55.145263671875, 34.71310806274414, 33.61547088623047, 53.712196350097656, 84.05355072021484, 126.82270812988281, 60.8276252746582, 76.48529052734375, 121.37957000732422, 57.30619430541992, 118.44407653808594, 113.71894836425781, 79.6303939819336, 44.18144226074219, 60.87692642211914, 106.4048843383789, 54.5618896484375, 119.07980346679688, 107.64757537841797, 121.82774353027344, 0.0, 77.801025390625, 90.42676544189453], [79.17701721191406, 108.72441864013672, 182.8578643798828, 50.96076965332031, 87.4757080078125, 77.36924743652344, 116.4001693725586, 109.07337188720703, 152.83978271484375, 145.3822479248047, 147.13938903808594, 97.49359130859375, 49.97999572753906, 69.2603759765625, 85.23497009277344, 37.735923767089844, 165.21803283691406, 124.6515121459961, 82.76472473144531, 46.010868072509766, 128.7633514404297, 131.00381469726562, 204.61915588378906, 134.65882873535156, 34.539833068847656, 199.12307739257812, 132.3215789794922, 127.12198638916016, 47.04253387451172, 155.58920288085938, 107.91200256347656, 138.1050262451172, 117.54573822021484, 98.18350219726562, 196.42047119140625, 150.74813842773438, 47.92702865600586, 77.801025390625, 0.0, 120.41594696044922], [49.72926712036133, 46.40043258666992, 133.64505004882812, 106.96260833740234, 150.01333618164062, 140.00714111328125, 194.4659423828125, 175.1713409423828, 128.1405487060547, 26.305892944335938, 55.94640350341797, 23.0867919921875, 81.98780059814453, 52.08646774291992, 68.24221801757812, 138.231689453125, 108.17115783691406, 67.00746154785156, 125.09996032714844, 104.56098937988281, 121.75385284423828, 26.419689178466797, 155.36087036132812, 81.09870910644531, 142.46754455566406, 153.52523803710938, 124.19742584228516, 207.8942108154297, 122.18428802490234, 136.36715698242188, 129.71121215820312, 116.96580505371094, 195.88006591796875, 36.055511474609375, 137.64083862304688, 33.241539001464844, 138.45216369628906, 90.42676544189453, 120.41594696044922, 0.0]], "coordinates": [[-1, 71], [19, 95], [78, -72], [-57, 83], [-55, -52], [-52, -41], [-89, -81], [-67, -75], [41, -70], [73, 54], [74, 9], [25, 51], [-24, 17], [-5, 55], [8, 2], [-91, 66], [73, -47], [46, -9], [-32, -39], [-40, 0], [17, -60], [60, 35], [91, -91], [51, -23], [-84, 2], [84, -91], [19, -63], [-99, -90], [-73, 81], [37, -78], [-13, -57], [32, -58], [-90, -82], [27, 28], [95, -71], [79, 49], [-90, 78], [-9, -13], [-71, 34], [47, 58]], "demands": [16.0, 16.0, 11.0, 3.0, 13.0, 12.0, 10.0, 4.0, 12.0, 17.0, 13.0, 12.0, 18.0, 19.0, 1.0, 19.0, 7.0, 11.0, 5.0, 14.0, -16.0, -16.0, -11.0, -3.0, -13.0, -12.0, -10.0, -4.0, -12.0, -17.0, -13.0, -12.0, -18.0, -19.0, -1.0, -19.0, -7.0, -11.0, -5.0, -14.0], "capacity": 50, "Vmax": 14}