{"name": "LZB_n20_5", "n": 20, "m": 6, "times": [[0.0, 66.21932983398438, 115.52488708496094, 113.43721008300781, 165.1968536376953, 58.728187561035156, 94.3716049194336, 120.066650390625, 166.46922302246094, 33.95585250854492, 104.9952392578125, 148.05404663085938, 139.2838897705078, 154.71910095214844, 86.97700500488281, 109.11461639404297, 152.9477081298828, 45.54119110107422, 23.323806762695312, 129.43724060058594, 56.22277069091797, 63.24555206298828, 102.55242919921875, 48.60041046142578, 32.280025482177734, 43.28972244262695, 26.0, 84.00595092773438, 159.4521942138672, 172.8178253173828, 105.60302734375, 120.95040130615234, 64.28063201904297, 125.70600891113281, 69.23149871826172, 143.5026092529297, 158.3982391357422, 149.83323669433594, 130.6790008544922, 39.11521530151367], [66.21932983398438, 0.0, 151.8189697265625, 152.85614013671875, 168.0267791748047, 64.62197875976562, 150.92050170898438, 184.4586639404297, 221.3797607421875, 32.280025482177734, 97.08243560791016, 175.57049560546875, 193.0518035888672, 190.9685821533203, 105.0047607421875, 174.3932342529297, 154.05194091796875, 107.01869201660156, 76.05918884277344, 191.16746520996094, 26.90724754333496, 121.49485778808594, 162.806640625, 66.0378646850586, 73.0, 84.148681640625, 77.10382843017578, 148.8623504638672, 217.55459594726562, 230.99134826660156, 114.75626373291016, 119.00420379638672, 130.04998779296875, 177.51901245117188, 132.0605926513672, 177.13272094726562, 164.07620239257812, 199.36148071289062, 136.36715698242188, 97.08243560791016], [115.52488708496094, 151.8189697265625, 0.0, 7.6157732009887695, 85.90692901611328, 88.23265075683594, 172.66151428222656, 161.37533569335938, 87.55569458007812, 130.63307189941406, 86.40602111816406, 36.24913787841797, 63.071388244628906, 39.84971618652344, 51.855567932128906, 147.32276916503906, 82.00609588623047, 133.8805389404297, 135.0037078857422, 181.81309509277344, 159.7654571533203, 67.779052734375, 72.67048645019531, 85.8836441040039, 86.34812927246094, 73.75635528564453, 89.67720031738281, 137.05838012695312, 94.13288116455078, 104.93807983398438, 58.18934631347656, 77.10382843017578, 121.20230865478516, 48.166378021240234, 140.11781311035156, 28.017850875854492, 76.967529296875, 57.584720611572266, 65.12296295166016, 137.76791381835938], [113.43721008300781, 152.85614013671875, 7.6157732009887695, 0.0, 93.52005004882812, 90.13877868652344, 167.02694702148438, 154.46682739257812, 81.60882568359375, 130.38787841796875, 91.76055908203125, 42.19004440307617, 56.32051086425781, 41.30375289916992, 55.75840759277344, 140.46351623535156, 89.5600357055664, 129.43724060058594, 132.13629150390625, 175.0714111328125, 159.5399627685547, 62.64183807373047, 65.21502685546875, 86.8216552734375, 85.38150024414062, 72.73238372802734, 87.86353302001953, 130.86251831054688, 87.3670425415039, 98.47842407226562, 64.03124237060547, 83.6002426147461, 115.55085754394531, 41.01219177246094, 134.62911987304688, 31.575305938720703, 84.5813217163086, 52.32590103149414, 72.3394775390625, 133.8431854248047], [165.1968536376953, 168.0267791748047, 85.90692901611328, 93.52005004882812, 0.0, 111.3238525390625, 244.88365173339844, 242.88681030273438, 163.68873596191406, 162.59458923339844, 71.00704193115234, 63.071388244628906, 144.8102264404297, 90.022216796875, 78.77182006835938, 228.6744384765625, 14.03566837310791, 199.1381378173828, 188.36666870117188, 261.9389343261719, 187.41664123535156, 142.8635711669922, 158.02847290039062, 118.2708740234375, 133.2816619873047, 124.53112030029297, 141.82383728027344, 214.2545166015625, 174.7712860107422, 183.32484436035156, 59.61543273925781, 49.04079818725586, 195.41238403320312, 132.1968231201172, 212.4170379638672, 79.4040298461914, 8.9442720413208, 132.96615600585938, 34.539833068847656, 198.957275390625], [58.728187561035156, 64.62197875976562, 88.23265075683594, 90.13877868652344, 111.3238525390625, 0.0, 150.6021270751953, 166.7602996826172, 164.7574005126953, 51.4781494140625, 46.40043258666992, 111.0, 136.4587860107422, 126.76355743408203, 40.52159881591797, 153.76930236816406, 98.08159637451172, 101.25709533691406, 81.68843078613281, 180.31361389160156, 78.10249328613281, 76.53103637695312, 115.24755859375, 11.704699516296387, 33.241539001464844, 35.0, 43.46262741088867, 131.5750732421875, 164.17672729492188, 177.2596893310547, 53.15073013305664, 64.07807922363281, 110.38568878173828, 120.10411834716797, 121.6552505493164, 112.71202087402344, 105.72132873535156, 139.60301208496094, 77.27871704101562, 97.08243560791016], [94.3716049194336, 150.92050170898438, 172.66151428222656, 167.02694702148438, 244.88365173339844, 150.6021270751953, 0.0, 50.93132781982422, 177.3414764404297, 122.52754974365234, 195.0640869140625, 208.90667724609375, 159.3800506591797, 203.66639709472656, 167.70509338378906, 51.88448715209961, 234.71897888183594, 49.39635467529297, 75.96051788330078, 44.94440841674805, 129.13946533203125, 105.11898040771484, 115.84903717041016, 139.26951599121094, 118.40608215332031, 123.10971069335938, 108.23123168945312, 40.01249694824219, 162.23748779296875, 172.62677001953125, 188.17544555664062, 207.2414093017578, 51.4781494140625, 154.20765686035156, 32.75667953491211, 197.95201110839844, 236.81216430664062, 177.13272094726562, 211.9457550048828, 55.71355438232422], [120.066650390625, 184.4586639404297, 161.37533569335938, 154.46682739257812, 242.88681030273438, 166.7602996826172, 50.93132781982422, 0.0, 142.04225158691406, 153.05227661132812, 205.91259765625, 196.16319274902344, 130.38404846191406, 184.548095703125, 172.03778076171875, 14.21267032623291, 235.0, 77.78174591064453, 109.17874908447266, 22.135944366455078, 166.90415954589844, 100.95543670654297, 92.11405944824219, 155.08062744140625, 133.66375732421875, 133.54400634765625, 123.69316864013672, 36.12478256225586, 124.90396118164062, 133.0939483642578, 192.08331298828125, 213.21585083007812, 56.88584899902344, 130.1768035888672, 52.77309799194336, 182.40887451171875, 234.18368530273438, 149.48577880859375, 213.08448791503906, 88.6453628540039], [166.46922302246094, 221.3797607421875, 87.55569458007812, 81.60882568359375, 163.68873596191406, 164.7574005126953, 177.3414764404297, 142.04225158691406, 0.0, 193.33132934570312, 173.2974395751953, 100.7174301147461, 28.42534065246582, 74.95331573486328, 136.16534423828125, 131.64346313476562, 164.0030517578125, 160.03125, 177.17787170410156, 163.95730590820312, 221.0, 103.2279052734375, 66.85057830810547, 158.2213592529297, 148.492431640625, 137.29530334472656, 146.0, 137.5245361328125, 18.357559204101562, 20.248456954956055, 145.60220336914062, 164.5509033203125, 133.8805389404297, 44.65422821044922, 151.60804748535156, 84.2911605834961, 155.38983154296875, 31.016124725341797, 150.96026611328125, 169.16854858398438], [33.95585250854492, 32.280025482177734, 130.63307189941406, 130.38787841796875, 162.59458923339844, 51.4781494140625, 122.52754974365234, 153.05227661132812, 193.33132934570312, 0.0, 94.70480346679688, 158.67262268066406, 165.30274963378906, 170.4611358642578, 90.0888442993164, 142.5938262939453, 149.16433715820312, 76.32168579101562, 46.57252502441406, 160.9005889892578, 29.154760360717773, 91.43850708007812, 132.43865966796875, 47.16990661621094, 45.79301071166992, 58.18075180053711, 47.381431579589844, 117.20921325683594, 188.2232666015625, 201.67547607421875, 104.58011627197266, 114.56002807617188, 98.0051040649414, 150.4160919189453, 101.12368774414062, 157.56268310546875, 157.16551208496094, 173.35801696777344, 128.72451782226562, 67.26811981201172], [104.9952392578125, 97.08243560791016, 86.40602111816406, 91.76055908203125, 71.00704193115234, 46.40043258666992, 195.0640869140625, 205.91259765625, 173.2974395751953, 94.70480346679688, 0.0, 93.38094329833984, 146.99659729003906, 116.66190338134766, 39.051246643066406, 192.23423767089844, 57.0, 146.1027069091797, 128.06248474121094, 221.47235107421875, 117.4776611328125, 107.70329284667969, 139.1294403076172, 56.58621597290039, 76.69419860839844, 73.06161499023438, 86.83317565917969, 172.2353057861328, 177.56407165527344, 189.44656372070312, 28.844409942626953, 22.203603744506836, 151.32745361328125, 130.72872924804688, 164.7574005126953, 101.82828521728516, 67.60177612304688, 143.923583984375, 41.43669891357422, 142.8355712890625], [148.05404663085938, 175.57049560546875, 36.24913787841797, 42.19004440307617, 63.071388244628906, 111.0, 208.90667724609375, 196.16319274902344, 100.7174301147461, 158.67262268066406, 93.38094329833984, 0.0, 83.57032775878906, 27.459060668945312, 70.57620239257812, 182.258056640625, 64.93843078613281, 169.6407928466797, 168.7601776123047, 217.00230407714844, 187.32058715820312, 104.0, 105.36128234863281, 111.83023071289062, 117.1067886352539, 105.0047607421875, 122.06555938720703, 173.04623413085938, 112.53887939453125, 120.50726318359375, 65.6048812866211, 76.40026092529297, 157.44204711914062, 73.06161499023438, 176.36610412597656, 16.76305389404297, 55.009090423583984, 70.21395874023438, 57.80138397216797, 173.0028839111328], [139.2838897705078, 193.0518035888672, 63.071388244628906, 56.32051086425781, 144.8102264404297, 136.4587860107422, 159.3800506591797, 130.38404846191406, 28.42534065246582, 165.30274963378906, 146.99659729003906, 83.57032775878906, 0.0, 61.85466766357422, 109.11003875732422, 118.2962417602539, 143.26548767089844, 136.56500244140625, 151.28781127929688, 152.5057373046875, 193.21749877929688, 76.15773010253906, 44.10215377807617, 129.80755615234375, 120.24142456054688, 108.93116760253906, 118.06777954101562, 119.41942596435547, 31.064449310302734, 42.44997024536133, 120.0333251953125, 139.91783142089844, 112.44554138183594, 16.552946090698242, 131.1373291015625, 66.85057830810547, 136.12493896484375, 19.235383987426758, 128.00390625, 144.92066955566406], [154.71910095214844, 190.9685821533203, 39.84971618652344, 41.30375289916992, 90.022216796875, 126.76355743408203, 203.66639709472656, 184.548095703125, 74.95331573486328, 170.4611358642578, 116.66190338134766, 27.459060668945312, 61.85466766357422, 0.0, 88.00568389892578, 171.17242431640625, 92.39588928222656, 169.18629455566406, 173.349365234375, 206.15528869628906, 199.58206176757812, 101.83319854736328, 92.43917083740234, 125.29964447021484, 126.12692260742188, 113.50770568847656, 129.0658721923828, 165.64117431640625, 88.39117431640625, 95.07891082763672, 87.96590423583984, 101.71037292480469, 152.61061096191406, 55.31726837158203, 171.99127197265625, 14.866068840026855, 82.2192153930664, 45.694637298583984, 84.17243957519531, 174.28712463378906], [86.97700500488281, 105.0047607421875, 51.855567932128906, 55.75840759277344, 78.77182006835938, 40.52159881591797, 167.70509338378906, 172.03778076171875, 136.16534423828125, 90.0888442993164, 39.051246643066406, 70.57620239257812, 109.11003875732422, 88.00568389892578, 0.0, 158.02847290039062, 67.42403411865234, 120.8014907836914, 109.93180084228516, 189.1692352294922, 117.9576187133789, 71.58910369873047, 100.31948852539062, 43.0, 54.7813835144043, 45.79301071166992, 63.06346130371094, 140.2069854736328, 139.2838897705078, 151.47607421875, 20.51828384399414, 41.18252182006836, 120.10411834716797, 92.6552734375, 135.77186584472656, 73.49829864501953, 71.58910369873047, 107.91200256347656, 44.65422821044922, 120.22062683105469], [109.11461639404297, 174.3932342529297, 147.32276916503906, 140.46351623535156, 228.6744384765625, 153.76930236816406, 51.88448715209961, 14.21267032623291, 131.64346313476562, 142.5938262939453, 192.23423767089844, 182.258056640625, 118.2962417602539, 171.17242431640625, 158.02847290039062, 0.0, 220.80081176757812, 68.96376037597656, 100.16985321044922, 34.98571014404297, 158.142333984375, 86.8216552734375, 78.77182006835938, 142.126708984375, 120.83045959472656, 120.16654968261719, 111.00450134277344, 25.70992088317871, 115.06954193115234, 124.14507293701172, 178.016845703125, 199.2109375, 45.0111083984375, 117.20068359375, 44.777225494384766, 168.68017578125, 219.9727325439453, 137.2443084716797, 198.90953063964844, 80.3243408203125], [152.9477081298828, 154.05194091796875, 82.00609588623047, 89.5600357055664, 14.03566837310791, 98.08159637451172, 234.71897888183594, 235.0, 164.0030517578125, 149.16433715820312, 57.0, 64.93843078613281, 143.26548767089844, 92.39588928222656, 67.42403411865234, 220.80081176757812, 0.0, 188.21530151367188, 176.20726013183594, 253.5133056640625, 173.66635131835938, 134.31678771972656, 152.61061096191406, 105.47511291503906, 121.31364440917969, 113.1591796875, 130.17295837402344, 205.29977416992188, 173.833251953125, 183.17477416992188, 47.50789260864258, 35.12833786010742, 185.97042846679688, 129.63409423828125, 202.4746856689453, 80.22468566894531, 13.45362377166748, 133.01502990722656, 22.803508758544922, 187.52333068847656], [45.54119110107422, 107.01869201660156, 133.8805389404297, 129.43724060058594, 199.1381378173828, 101.25709533691406, 49.39635467529297, 77.78174591064453, 160.03125, 76.32168579101562, 146.1027069091797, 169.6407928466797, 136.56500244140625, 169.18629455566406, 120.8014907836914, 68.96376037597656, 188.21530151367188, 0.0, 31.400636672973633, 84.59314727783203, 89.26925659179688, 67.36467742919922, 93.30059051513672, 90.0, 69.42621612548828, 75.28611755371094, 59.41380310058594, 43.32435989379883, 148.55638122558594, 160.99688720703125, 141.0319061279297, 159.22625732421875, 29.698484420776367, 127.01181030273438, 25.079872131347656, 161.01242065429688, 191.43667602539062, 151.60475158691406, 165.42369079589844, 11.661903381347656], [23.323806762695312, 76.05918884277344, 135.0037078857422, 132.13629150390625, 188.36666870117188, 81.68843078613281, 75.96051788330078, 109.17874908447266, 177.17787170410156, 46.57252502441406, 128.06248474121094, 168.7601776123047, 151.28781127929688, 173.349365234375, 109.93180084228516, 100.16985321044922, 176.20726013183594, 31.400636672973633, 0.0, 115.108642578125, 57.9741325378418, 75.89466094970703, 110.98197937011719, 71.84706115722656, 55.154327392578125, 65.25334930419922, 47.53945541381836, 74.46475982666016, 168.0743865966797, 181.13531494140625, 128.8099365234375, 144.26712036132812, 58.13776779174805, 139.1761474609375, 56.4358024597168, 163.0, 181.46624755859375, 163.8108673095703, 153.87332153320312, 21.02379608154297], [129.43724060058594, 191.16746520996094, 181.81309509277344, 175.0714111328125, 261.9389343261719, 180.31361389160156, 44.94440841674805, 22.135944366455078, 163.95730590820312, 160.9005889892578, 221.47235107421875, 217.00230407714844, 152.5057373046875, 206.15528869628906, 189.1692352294922, 34.98571014404297, 253.5133056640625, 84.59314727783203, 115.108642578125, 0.0, 171.29214477539062, 119.20570373535156, 113.74093627929688, 168.61790466308594, 147.07821655273438, 148.48568725585938, 136.8575897216797, 49.24428939819336, 146.6594696044922, 154.46682739257812, 209.48031616210938, 230.20208740234375, 70.21395874023438, 152.05262756347656, 60.20797348022461, 203.59027099609375, 253.3377227783203, 171.59254455566406, 231.294189453125, 94.08506774902344], [56.22277069091797, 26.90724754333496, 159.7654571533203, 159.5399627685547, 187.41664123535156, 78.10249328613281, 129.13946533203125, 166.90415954589844, 221.0, 29.154760360717773, 117.4776611328125, 187.32058715820312, 193.21749877929688, 199.58206176757812, 117.9576187133789, 158.142333984375, 173.66635131835938, 89.26925659179688, 57.9741325378418, 171.29214477539062, 0.0, 118.19052124023438, 158.44873046875, 75.50496673583984, 74.70609283447266, 87.20664978027344, 75.21302795410156, 132.43865966796875, 215.0023193359375, 228.4228515625, 131.0, 138.6001434326172, 115.52056121826172, 178.67568969726562, 114.14026641845703, 186.60118103027344, 182.61708068847656, 201.94305419921875, 154.3243408203125, 78.26238250732422], [63.24555206298828, 121.49485778808594, 67.779052734375, 62.64183807373047, 142.8635711669922, 76.53103637695312, 105.11898040771484, 100.95543670654297, 103.2279052734375, 91.43850708007812, 107.70329284667969, 104.0, 76.15773010253906, 101.83319854736328, 71.58910369873047, 86.8216552734375, 134.31678771972656, 67.36467742919922, 75.89466094970703, 119.20570373535156, 118.19052124023438, 0.0, 41.34005355834961, 66.2872543334961, 49.658836364746094, 41.9761848449707, 44.40720748901367, 71.50524139404297, 96.87621307373047, 110.3177261352539, 91.30169677734375, 112.69871520996094, 53.851646423339844, 63.324562072753906, 72.44998168945312, 94.11163330078125, 134.3502960205078, 87.92041778564453, 112.20071411132812, 73.06161499023438], [102.55242919921875, 162.806640625, 72.67048645019531, 65.21502685546875, 158.02847290039062, 115.24755859375, 115.84903717041016, 92.11405944824219, 66.85057830810547, 132.43865966796875, 139.1294403076172, 105.36128234863281, 44.10215377807617, 92.43917083740234, 100.31948852539062, 78.77182006835938, 152.61061096191406, 93.30059051513672, 110.98197937011719, 113.74093627929688, 158.44873046875, 41.34005355834961, 0.0, 105.9480972290039, 90.82400512695312, 82.07923126220703, 85.70297241210938, 76.11833190917969, 57.20139694213867, 70.43436431884766, 117.08544158935547, 138.85243225097656, 68.35934448242188, 38.897300720214844, 87.05171203613281, 90.78546142578125, 149.09393310546875, 61.29437255859375, 132.85330200195312, 102.31813049316406], [48.60041046142578, 66.0378646850586, 85.8836441040039, 86.8216552734375, 118.2708740234375, 11.704699516296387, 139.26951599121094, 155.08062744140625, 158.2213592529297, 47.16990661621094, 56.58621597290039, 111.83023071289062, 129.80755615234375, 125.29964447021484, 43.0, 142.126708984375, 105.47511291503906, 90.0, 71.84706115722656, 168.61790466308594, 75.50496673583984, 66.2872543334961, 105.9480972290039, 0.0, 21.540658950805664, 24.331050872802734, 31.78049659729004, 119.87076568603516, 156.5790557861328, 169.81166076660156, 58.94064712524414, 72.56031799316406, 98.68130493164062, 113.70136260986328, 110.05907440185547, 111.78997802734375, 112.08924865722656, 134.35772705078125, 83.81526947021484, 86.27861785888672], [32.280025482177734, 73.0, 86.34812927246094, 85.38150024414062, 133.2816619873047, 33.241539001464844, 118.40608215332031, 133.66375732421875, 148.492431640625, 45.79301071166992, 76.69419860839844, 117.1067886352539, 120.24142456054688, 126.12692260742188, 54.7813835144043, 120.83045959472656, 121.31364440917969, 69.42621612548828, 55.154327392578125, 147.07821655273438, 74.70609283447266, 49.658836364746094, 90.82400512695312, 21.540658950805664, 0.0, 12.649110794067383, 10.29563045501709, 98.35140991210938, 144.62710571289062, 158.05062866210938, 73.82411193847656, 90.42676544189453, 77.16217041015625, 104.9952392578125, 88.6848373413086, 113.95174407958984, 126.31706237792969, 127.64012145996094, 98.83824920654297, 66.84310150146484], [43.28972244262695, 84.148681640625, 73.75635528564453, 72.73238372802734, 124.53112030029297, 35.0, 123.10971069335938, 133.54400634765625, 137.29530334472656, 58.18075180053711, 73.06161499023438, 105.0047607421875, 108.93116760253906, 113.50770568847656, 45.79301071166992, 120.16654968261719, 113.1591796875, 75.28611755371094, 65.25334930419922, 148.48568725585938, 87.20664978027344, 41.9761848449707, 82.07923126220703, 24.331050872802734, 12.649110794067383, 0.0, 17.72004508972168, 99.28242492675781, 134.27210998535156, 147.6346893310547, 65.802734375, 84.148681640625, 78.29431915283203, 93.38094329833984, 92.00543212890625, 101.43470764160156, 117.1836166381836, 115.60276794433594, 90.42676544189453, 74.4311752319336], [26.0, 77.10382843017578, 89.67720031738281, 87.86353302001953, 141.82383728027344, 43.46262741088867, 108.23123168945312, 123.69316864013672, 146.0, 47.381431579589844, 86.83317565917969, 122.06555938720703, 118.06777954101562, 129.0658721923828, 63.06346130371094, 111.00450134277344, 130.17295837402344, 59.41380310058594, 47.53945541381836, 136.8575897216797, 75.21302795410156, 44.40720748901367, 85.70297241210938, 31.78049659729004, 10.29563045501709, 17.72004508972168, 0.0, 88.23265075683594, 140.92906188964844, 154.3826446533203, 82.68010711669922, 100.00499725341797, 67.05221557617188, 103.46980285644531, 78.39005279541016, 117.61377716064453, 134.61798095703125, 126.90941619873047, 107.54068756103516, 57.42821502685547], [84.00595092773438, 148.8623504638672, 137.05838012695312, 130.86251831054688, 214.2545166015625, 131.5750732421875, 40.01249694824219, 36.12478256225586, 137.5245361328125, 117.20921325683594, 172.2353057861328, 173.04623413085938, 119.41942596435547, 165.64117431640625, 140.2069854736328, 25.70992088317871, 205.29977416992188, 43.32435989379883, 74.46475982666016, 49.24428939819336, 132.43865966796875, 71.50524139404297, 76.11833190917969, 119.87076568603516, 98.35140991210938, 99.28242492675781, 88.23265075683594, 0.0, 122.80879211425781, 133.64505004882812, 160.60198974609375, 181.13531494140625, 21.189620971679688, 114.75626373291016, 20.0, 160.99688720703125, 205.79844665527344, 137.32078552246094, 182.87701416015625, 54.7813835144043], [159.4521942138672, 217.55459594726562, 94.13288116455078, 87.3670425415039, 174.7712860107422, 164.17672729492188, 162.23748779296875, 124.90396118164062, 18.357559204101562, 188.2232666015625, 177.56407165527344, 112.53887939453125, 31.064449310302734, 88.39117431640625, 139.2838897705078, 115.06954193115234, 173.833251953125, 148.55638122558594, 168.0743865966797, 146.6594696044922, 215.0023193359375, 96.87621307373047, 57.20139694213867, 156.5790557861328, 144.62710571289062, 134.27210998535156, 140.92906188964844, 122.80879211425781, 0.0, 13.45362377166748, 150.92050170898438, 170.95028686523438, 121.14866638183594, 46.87216567993164, 138.05072021484375, 95.8018798828125, 166.20770263671875, 42.72002029418945, 159.00314331054688, 158.3192901611328], [172.8178253173828, 230.99134826660156, 104.93807983398438, 98.47842407226562, 183.32484436035156, 177.2596893310547, 172.62677001953125, 133.0939483642578, 20.248456954956055, 201.67547607421875, 189.44656372070312, 120.50726318359375, 42.44997024536133, 95.07891082763672, 151.47607421875, 124.14507293701172, 183.17477416992188, 160.99688720703125, 181.13531494140625, 154.46682739257812, 228.4228515625, 110.3177261352539, 70.43436431884766, 169.81166076660156, 158.05062866210938, 147.6346893310547, 154.3826446533203, 133.64505004882812, 13.45362377166748, 0.0, 162.388427734375, 182.01373291015625, 133.154052734375, 58.8217658996582, 149.57606506347656, 103.94710540771484, 174.92855834960938, 50.35871505737305, 169.29559326171875, 170.95028686523438], [105.60302734375, 114.75626373291016, 58.18934631347656, 64.03124237060547, 59.61543273925781, 53.15073013305664, 188.17544555664062, 192.08331298828125, 145.60220336914062, 104.58011627197266, 28.844409942626953, 65.6048812866211, 120.0333251953125, 87.96590423583984, 20.51828384399414, 178.016845703125, 47.50789260864258, 141.0319061279297, 128.8099365234375, 209.48031616210938, 131.0, 91.30169677734375, 117.08544158935547, 58.94064712524414, 73.82411193847656, 65.802734375, 82.68010711669922, 160.60198974609375, 150.92050170898438, 162.388427734375, 0.0, 21.840330123901367, 140.58448791503906, 104.08650207519531, 156.28500366210938, 73.10950469970703, 53.16013717651367, 115.76700592041016, 25.079872131347656, 140.06427001953125], [120.95040130615234, 119.00420379638672, 77.10382843017578, 83.6002426147461, 49.04079818725586, 64.07807922363281, 207.2414093017578, 213.21585083007812, 164.5509033203125, 114.56002807617188, 22.203603744506836, 76.40026092529297, 139.91783142089844, 101.71037292480469, 41.18252182006836, 199.2109375, 35.12833786010742, 159.22625732421875, 144.26712036132812, 230.20208740234375, 138.6001434326172, 112.69871520996094, 138.85243225097656, 72.56031799316406, 90.42676544189453, 84.148681640625, 100.00499725341797, 181.13531494140625, 170.95028686523438, 182.01373291015625, 21.840330123901367, 0.0, 160.80111694335938, 124.32618713378906, 175.8237762451172, 87.23531341552734, 45.39823913574219, 134.12307739257812, 20.248456954956055, 157.2672882080078], [64.28063201904297, 130.04998779296875, 121.20230865478516, 115.55085754394531, 195.41238403320312, 110.38568878173828, 51.4781494140625, 56.88584899902344, 133.8805389404297, 98.0051040649414, 151.32745361328125, 157.44204711914062, 112.44554138183594, 152.61061096191406, 120.10411834716797, 45.0111083984375, 185.97042846679688, 29.698484420776367, 58.13776779174805, 70.21395874023438, 115.52056121826172, 53.851646423339844, 68.35934448242188, 98.68130493164062, 77.16217041015625, 78.29431915283203, 67.05221557617188, 21.189620971679688, 121.14866638183594, 133.154052734375, 140.58448791503906, 160.80111694335938, 0.0, 105.11898040771484, 19.416488647460938, 146.53668212890625, 187.10958862304688, 129.00387573242188, 163.3799285888672, 41.1096076965332], [125.70600891113281, 177.51901245117188, 48.166378021240234, 41.01219177246094, 132.1968231201172, 120.10411834716797, 154.20765686035156, 130.1768035888672, 44.65422821044922, 150.4160919189453, 130.72872924804688, 73.06161499023438, 16.552946090698242, 55.31726837158203, 92.6552734375, 117.20068359375, 129.63409423828125, 127.01181030273438, 139.1761474609375, 152.05262756347656, 178.67568969726562, 63.324562072753906, 38.897300720214844, 113.70136260986328, 104.9952392578125, 93.38094329833984, 103.46980285644531, 114.75626373291016, 46.87216567993164, 58.8217658996582, 104.08650207519531, 124.32618713378906, 105.11898040771484, 0.0, 124.32618713378906, 56.859474182128906, 123.3693618774414, 24.73863410949707, 113.28282928466797, 134.53623962402344], [69.23149871826172, 132.0605926513672, 140.11781311035156, 134.62911987304688, 212.4170379638672, 121.6552505493164, 32.75667953491211, 52.77309799194336, 151.60804748535156, 101.12368774414062, 164.7574005126953, 176.36610412597656, 131.1373291015625, 171.99127197265625, 135.77186584472656, 44.777225494384766, 202.4746856689453, 25.079872131347656, 56.4358024597168, 60.20797348022461, 114.14026641845703, 72.44998168945312, 87.05171203613281, 110.05907440185547, 88.6848373413086, 92.00543212890625, 78.39005279541016, 20.0, 138.05072021484375, 149.57606506347656, 156.28500366210938, 175.8237762451172, 19.416488647460938, 124.32618713378906, 0.0, 165.74679565429688, 204.2767791748047, 148.0303955078125, 179.7442626953125, 35.902645111083984], [143.5026092529297, 177.13272094726562, 28.017850875854492, 31.575305938720703, 79.4040298461914, 112.71202087402344, 197.95201110839844, 182.40887451171875, 84.2911605834961, 157.56268310546875, 101.82828521728516, 16.76305389404297, 66.85057830810547, 14.866068840026855, 73.49829864501953, 168.68017578125, 80.22468566894531, 161.01242065429688, 163.0, 203.59027099609375, 186.60118103027344, 94.11163330078125, 90.78546142578125, 111.78997802734375, 113.95174407958984, 101.43470764160156, 117.61377716064453, 160.99688720703125, 95.8018798828125, 103.94710540771484, 73.10950469970703, 87.23531341552734, 146.53668212890625, 56.859474182128906, 165.74679565429688, 0.0, 71.11258697509766, 53.600372314453125, 70.22820281982422, 165.33905029296875], [158.3982391357422, 164.07620239257812, 76.967529296875, 84.5813217163086, 8.9442720413208, 105.72132873535156, 236.81216430664062, 234.18368530273438, 155.38983154296875, 157.16551208496094, 67.60177612304688, 55.009090423583984, 136.12493896484375, 82.2192153930664, 71.58910369873047, 219.9727325439453, 13.45362377166748, 191.43667602539062, 181.46624755859375, 253.3377227783203, 182.61708068847656, 134.3502960205078, 149.09393310546875, 112.08924865722656, 126.31706237792969, 117.1836166381836, 134.61798095703125, 205.79844665527344, 166.20770263671875, 174.92855834960938, 53.16013717651367, 45.39823913574219, 187.10958862304688, 123.3693618774414, 204.2767791748047, 71.11258697509766, 0.0, 124.57929229736328, 28.44292449951172, 191.54112243652344], [149.83323669433594, 199.36148071289062, 57.584720611572266, 52.32590103149414, 132.96615600585938, 139.60301208496094, 177.13272094726562, 149.48577880859375, 31.016124725341797, 173.35801696777344, 143.923583984375, 70.21395874023438, 19.235383987426758, 45.694637298583984, 107.91200256347656, 137.2443084716797, 133.01502990722656, 151.60475158691406, 163.8108673095703, 171.59254455566406, 201.94305419921875, 87.92041778564453, 61.29437255859375, 134.35772705078125, 127.64012145996094, 115.60276794433594, 126.90941619873047, 137.32078552246094, 42.72002029418945, 50.35871505737305, 115.76700592041016, 134.12307739257812, 129.00387573242188, 24.73863410949707, 148.0303955078125, 53.600372314453125, 124.57929229736328, 0.0, 120.07081604003906, 159.24822998046875], [130.6790008544922, 136.36715698242188, 65.12296295166016, 72.3394775390625, 34.539833068847656, 77.27871704101562, 211.9457550048828, 213.08448791503906, 150.96026611328125, 128.72451782226562, 41.43669891357422, 57.80138397216797, 128.00390625, 84.17243957519531, 44.65422821044922, 198.90953063964844, 22.803508758544922, 165.42369079589844, 153.87332153320312, 231.294189453125, 154.3243408203125, 112.20071411132812, 132.85330200195312, 83.81526947021484, 98.83824920654297, 90.42676544189453, 107.54068756103516, 182.87701416015625, 159.00314331054688, 169.29559326171875, 25.079872131347656, 20.248456954956055, 163.3799285888672, 113.28282928466797, 179.7442626953125, 70.22820281982422, 28.44292449951172, 120.07081604003906, 0.0, 164.83021545410156], [39.11521530151367, 97.08243560791016, 137.76791381835938, 133.8431854248047, 198.957275390625, 97.08243560791016, 55.71355438232422, 88.6453628540039, 169.16854858398438, 67.26811981201172, 142.8355712890625, 173.0028839111328, 144.92066955566406, 174.28712463378906, 120.22062683105469, 80.3243408203125, 187.52333068847656, 11.661903381347656, 21.02379608154297, 94.08506774902344, 78.26238250732422, 73.06161499023438, 102.31813049316406, 86.27861785888672, 66.84310150146484, 74.4311752319336, 57.42821502685547, 54.7813835144043, 158.3192901611328, 170.95028686523438, 140.06427001953125, 157.2672882080078, 41.1096076965332, 134.53623962402344, 35.902645111083984, 165.33905029296875, 191.54112243652344, 159.24822998046875, 164.83021545410156, 0.0]], "coordinates": [[-55, 29], [-72, 93], [60, 18], [57, 11], [96, 96], [-12, 69], [-96, -56], [-59, -91], [81, -67], [-63, 62], [25, 97], [93, 33], [63, -45], [98, 6], [27, 58], [-50, -80], [82, 97], [-70, -14], [-75, 17], [-80, -98], [-90, 73], [-3, -7], [19, -42], [-16, 58], [-24, 38], [-12, 34], [-29, 29], [-56, -55], [65, -76], [74, -86], [41, 73], [47, 94], [-49, -35], [56, -30], [-68, -39], [88, 17], [92, 88], [80, -36], [64, 83], [-76, -4]], "demands": [10.0, 20.0, 3.0, 4.0, 14.0, 16.0, 2.0, 5.0, 6.0, 19.0, 15.0, 1.0, 10.0, 19.0, 20.0, 12.0, 1.0, 10.0, 13.0, 3.0, -10.0, -20.0, -3.0, -4.0, -14.0, -16.0, -2.0, -5.0, -6.0, -19.0, -15.0, -1.0, -10.0, -19.0, -20.0, -12.0, -1.0, -10.0, -13.0, -3.0], "capacity": 50, "Vmax": 14}