{"name": "LZB_n20_6", "n": 20, "m": 6, "times": [[0.0, 84.72307586669922, 20.124610900878906, 136.82470703125, 123.79418182373047, 33.241539001464844, 94.4933853149414, 95.90099334716797, 42.42640686035156, 91.7060546875, 73.0, 106.48004150390625, 35.46829605102539, 79.42921447753906, 142.63589477539062, 102.21546173095703, 100.80178833007812, 95.2732925415039, 50.2493782043457, 69.35416412353516, 107.35455322265625, 91.26883697509766, 83.48652648925781, 34.65544509887695, 100.0, 95.8018798828125, 138.85243225097656, 124.7798080444336, 150.24313354492188, 140.0, 29.20616340637207, 163.67039489746094, 72.62230682373047, 101.07422637939453, 77.49193572998047, 99.85990142822266, 5.099019527435303, 40.24922180175781, 125.51493835449219, 52.39274597167969], [84.72307586669922, 0.0, 102.2007827758789, 154.1590118408203, 207.2510528564453, 117.068359375, 176.47946166992188, 180.06942749023438, 44.92215347290039, 176.3859405517578, 152.20053100585938, 153.0751495361328, 86.02325439453125, 161.7559814453125, 181.49655151367188, 186.93849182128906, 185.27008056640625, 162.2498016357422, 44.41846466064453, 150.54566955566406, 180.87841796875, 92.0869140625, 141.32232666015625, 51.62363815307617, 183.30848693847656, 100.07997131347656, 184.56976318359375, 154.8289337158203, 231.25094604492188, 197.02284240722656, 78.8733139038086, 244.67529296875, 130.015380859375, 178.46568298339844, 146.98638916015625, 179.60511779785156, 83.18653869628906, 44.65422821044922, 172.8004608154297, 33.30165100097656], [20.124610900878906, 102.2007827758789, 0.0, 128.72451782226562, 105.11898040771484, 15.231546401977539, 75.00666809082031, 77.93586730957031, 61.84658432006836, 76.216796875, 66.48307800292969, 92.30926513671875, 33.241539001464844, 69.065185546875, 128.94960021972656, 86.00581359863281, 83.35466766357422, 95.41488647460938, 63.324562072753906, 61.0, 103.12128448486328, 91.4166259765625, 67.44627380371094, 54.037025451660156, 87.57283020019531, 94.42987060546875, 123.66487121582031, 114.03946685791016, 130.59861755371094, 122.3315200805664, 32.0, 144.04513549804688, 79.2022705078125, 80.95059967041016, 77.66595458984375, 79.88116455078125, 24.351591110229492, 57.628116607666016, 110.36756896972656, 69.065185546875], [136.82470703125, 154.1590118408203, 128.72451782226562, 0.0, 171.97674560546875, 134.82582092285156, 145.0655059814453, 161.91355895996094, 149.60281372070312, 174.7712860107422, 189.0238037109375, 53.600372314453125, 101.51354217529297, 184.8783416748047, 44.65422821044922, 178.05897521972656, 168.88458251953125, 222.67913818359375, 119.8165283203125, 181.705810546875, 225.78750610351562, 62.07253646850586, 76.32168579101562, 145.7738037109375, 194.5893096923828, 54.08327102661133, 57.697486877441406, 23.0, 173.1415557861328, 85.09406280517578, 109.07795715332031, 182.792236328125, 207.617431640625, 127.7380142211914, 205.37283325195312, 136.69308471679688, 141.4814453125, 136.29747009277344, 56.29387283325195, 135.8234100341797], [123.79418182373047, 207.2510528564453, 105.11898040771484, 171.97674560546875, 0.0, 90.60904693603516, 32.31098937988281, 28.844409942626953, 166.20770263671875, 42.95346450805664, 86.68333435058594, 118.37651824951172, 127.0157470703125, 71.02112579345703, 142.44297790527344, 33.060550689697266, 26.570659637451172, 119.00420379638672, 166.43316650390625, 80.77747344970703, 103.24727630615234, 170.836181640625, 99.02020263671875, 158.44873046875, 57.314918518066406, 169.33103942871094, 128.5496063232422, 149.2816162109375, 33.13608169555664, 105.47511291503906, 131.3697052001953, 44.643028259277344, 134.12307739257812, 44.283180236816406, 112.29425811767578, 36.013885498046875, 126.57408905029297, 162.74212646484375, 121.11564636230469, 174.01148986816406], [33.241539001464844, 117.068359375, 15.231546401977539, 134.82582092285156, 90.60904693603516, 0.0, 61.400325775146484, 63.0079345703125, 75.66372680664062, 61.032779693603516, 55.46169662475586, 93.49331665039062, 46.097721099853516, 55.73149871826172, 130.0, 70.7742919921875, 68.26419067382812, 87.86353302001953, 78.54934692382812, 49.04079818725586, 92.57429504394531, 103.07764434814453, 67.11929321289062, 67.88224792480469, 73.10950469970703, 105.3043212890625, 123.06502532958984, 118.19052124023438, 117.20068359375, 118.25819396972656, 46.389652252197266, 130.60244750976562, 76.92203521728516, 69.89277648925781, 70.71067810058594, 67.5351791381836, 36.400550842285156, 72.42237091064453, 110.0227279663086, 84.05950164794922], [94.4933853149414, 176.47946166992188, 75.00666809082031, 145.0655059814453, 32.31098937988281, 61.400325775146484, 0.0, 18.439088821411133, 136.78085327148438, 36.619667053222656, 74.14849853515625, 92.02716827392578, 94.8946762084961, 60.728904724121094, 120.73938751220703, 35.0, 24.698177337646484, 110.86027526855469, 134.8480682373047, 66.61080932617188, 101.07422637939453, 139.0863037109375, 69.72087097167969, 128.97286987304688, 57.628116607666016, 137.93113708496094, 108.22661590576172, 123.0162582397461, 55.803226470947266, 89.9388656616211, 99.5690689086914, 69.20259857177734, 118.03813171386719, 22.022714614868164, 99.84988403320312, 12.529964447021484, 97.80081939697266, 132.27622985839844, 98.61541748046875, 143.17820739746094], [95.90099334716797, 180.06942749023438, 77.93586730957031, 161.91355895996094, 28.844409942626953, 63.0079345703125, 18.439088821411133, 0.0, 138.19189453125, 19.313207626342773, 61.00819778442383, 109.3846435546875, 102.78618621826172, 46.173583984375, 138.97482299804688, 16.6433162689209, 7.071067810058594, 96.17691802978516, 140.47064208984375, 54.230987548828125, 84.30895233154297, 151.47607421875, 85.86617279052734, 130.4837188720703, 39.66106414794922, 151.05296325683594, 126.6056900024414, 140.21768188476562, 60.083274841308594, 108.2450942993164, 106.10372161865234, 72.61542510986328, 107.35455322265625, 40.31128692626953, 87.00574493408203, 30.479501724243164, 98.41239929199219, 135.428955078125, 116.81181335449219, 146.99659729003906], [42.42640686035156, 44.92215347290039, 61.84658432006836, 149.60281372070312, 166.20770263671875, 75.66372680664062, 136.78085327148438, 138.19189453125, 0.0, 132.85330200195312, 107.2800064086914, 133.03382873535156, 57.42821502685547, 117.0, 166.5082550048828, 143.69412231445312, 142.90206909179688, 119.06720733642578, 32.015621185302734, 105.68821716308594, 136.61990356445312, 91.92388153076172, 114.93476104736328, 7.8102498054504395, 138.7083282470703, 98.88377380371094, 166.01205444335938, 143.56182861328125, 192.43960571289062, 172.62677001953125, 48.50773239135742, 205.8834686279297, 88.28363037109375, 142.04225158691406, 103.07764434814453, 141.60508728027344, 39.824615478515625, 13.416407585144043, 153.08168029785156, 20.124610900878906], [91.7060546875, 176.3859405517578, 76.216796875, 174.7712860107422, 42.95346450805664, 61.032779693603516, 36.619667053222656, 19.313207626342773, 132.85330200195312, 0.0, 43.73785400390625, 123.54756164550781, 105.22357177734375, 28.160255432128906, 155.0, 11.401754379272461, 17.0, 77.41446685791016, 139.51702880859375, 37.947330474853516, 65.0, 158.11387634277344, 98.48857879638672, 125.39936065673828, 21.21320343017578, 158.61903381347656, 143.28294372558594, 153.8440704345703, 75.95393371582031, 126.37246704101562, 106.96260833740234, 87.55569458007812, 91.21403503417969, 58.600341796875, 69.46221923828125, 49.09175109863281, 93.29522705078125, 131.94696044921875, 132.80059814453125, 144.00347900390625], [73.0, 152.20053100585938, 66.48307800292969, 189.0238037109375, 86.68333435058594, 55.46169662475586, 74.14849853515625, 61.00819778442383, 107.2800064086914, 43.73785400390625, 0.0, 143.558349609375, 99.72462463378906, 15.81138801574707, 178.751220703125, 54.120235443115234, 60.530982971191406, 37.57658767700195, 123.1015853881836, 8.062257766723633, 37.121421813964844, 157.80050659179688, 116.67475891113281, 100.89598846435547, 36.2353401184082, 160.46495056152344, 169.40188598632812, 170.94151306152344, 119.68291473388672, 157.8892059326172, 97.67292022705078, 131.24404907226562, 47.75981521606445, 93.96276092529297, 26.0, 86.12200927734375, 72.17340087890625, 110.47624206542969, 157.2672882080078, 122.80879211425781], [106.48004150390625, 153.0751495361328, 92.30926513671875, 53.600372314453125, 118.37651824951172, 93.49331665039062, 92.02716827392578, 109.3846435546875, 133.03382873535156, 123.54756164550781, 143.558349609375, 0.0, 76.10519409179688, 137.0, 36.67424011230469, 125.80142974853516, 116.24542999267578, 179.5132293701172, 110.42192077636719, 135.76449584960938, 179.134033203125, 73.59347534179688, 26.90724754333496, 127.0157470703125, 144.06248474121094, 67.94115447998047, 33.0151481628418, 31.048349380493164, 120.93386840820312, 45.80392837524414, 85.09406280517578, 131.400146484375, 170.17637634277344, 74.14849853515625, 163.220703125, 83.19855499267578, 111.57060241699219, 121.3342514038086, 20.099750518798828, 125.76565551757812], [35.46829605102539, 86.02325439453125, 33.241539001464844, 101.51354217529297, 127.0157470703125, 46.097721099853516, 94.8946762084961, 102.78618621826172, 57.42821502685547, 105.22357177734375, 99.72462463378906, 76.10519409179688, 0.0, 101.71037292480469, 110.81967163085938, 113.78048706054688, 109.11003875732422, 127.53430938720703, 41.86884307861328, 94.14881896972656, 136.29747009277344, 58.30952072143555, 57.723480224609375, 51.03919982910156, 119.00420379638672, 61.773780822753906, 109.11461639404297, 90.62008666992188, 147.4347381591797, 115.31695556640625, 9.0, 160.70469665527344, 107.62899017333984, 93.4344711303711, 109.65856170654297, 95.8018798828125, 40.0, 46.840152740478516, 96.02082824707031, 54.120235443115234], [79.42921447753906, 161.7559814453125, 69.065185546875, 184.8783416748047, 71.02112579345703, 55.73149871826172, 60.728904724121094, 46.173583984375, 117.0, 28.160255432128906, 15.81138801574707, 137.0, 101.71037292480469, 0.0, 171.11984252929688, 38.327537536621094, 45.09988784790039, 50.21951675415039, 129.55308532714844, 12.041594505310059, 42.52058410644531, 158.6852264404297, 110.42192077636719, 110.13627624511719, 22.203603744506836, 160.58953857421875, 160.86329650878906, 165.65325927734375, 104.08650207519531, 147.33973693847656, 101.04454803466797, 115.52056121826172, 63.5688591003418, 81.54139709472656, 41.30375289916992, 73.05477142333984, 79.55501556396484, 118.68024444580078, 149.2414093017578, 131.04197692871094], [142.63589477539062, 181.49655151367188, 128.94960021972656, 44.65422821044922, 142.44297790527344, 130.0, 120.73938751220703, 138.97482299804688, 166.5082550048828, 155.0, 178.751220703125, 36.67424011230469, 110.81967163085938, 171.11984252929688, 0.0, 155.6181182861328, 145.43727111816406, 215.2301025390625, 141.17364501953125, 170.836181640625, 213.56497192382812, 93.40770721435547, 62.96824645996094, 161.0093231201172, 176.02557373046875, 86.00581359863281, 15.0, 28.65309715270996, 137.18600463867188, 43.185646057128906, 119.68291473388672, 145.22052001953125, 206.78732299804688, 100.18482971191406, 199.2485809326172, 110.05907440185547, 147.70579528808594, 154.1590118408203, 22.203603744506836, 157.07960510253906], [102.21546173095703, 186.93849182128906, 86.00581359863281, 178.05897521972656, 33.060550689697266, 70.7742919921875, 35.0, 16.6433162689209, 143.69412231445312, 11.401754379272461, 54.120235443115234, 125.80142974853516, 113.78048706054688, 38.327537536621094, 155.6181182861328, 0.0, 10.630146026611328, 86.00581359863281, 149.30841064453125, 48.84669876098633, 71.30918884277344, 165.0272674560547, 101.83319854736328, 136.18002319335938, 25.298221588134766, 165.07574462890625, 143.22010803222656, 156.54393005371094, 66.18912506103516, 124.45079040527344, 116.09048461914062, 77.27871704101562, 101.83319854736328, 56.63920974731445, 79.42921447753906, 46.69047164916992, 104.00961303710938, 142.39381408691406, 133.45411682128906, 154.35348510742188], [100.80178833007812, 185.27008056640625, 83.35466766357422, 168.88458251953125, 26.570659637451172, 68.26419067382812, 24.698177337646484, 7.071067810058594, 142.90206909179688, 17.0, 60.530982971191406, 116.24542999267578, 109.11003875732422, 45.09988784790039, 145.43727111816406, 10.630146026611328, 0.0, 94.33981323242188, 146.23953247070312, 54.34151077270508, 80.95677947998047, 158.3824462890625, 92.89241027832031, 135.2479248046875, 35.34119415283203, 158.02847290039062, 132.879638671875, 147.1223907470703, 59.228370666503906, 113.84638977050781, 112.16059875488281, 71.16881561279297, 107.70793914794922, 46.097721099853516, 86.37129211425781, 36.12478256225586, 103.07764434814453, 140.6165008544922, 123.30855560302734, 152.322021484375], [95.2732925415039, 162.2498016357422, 95.41488647460938, 222.67913818359375, 119.00420379638672, 87.86353302001953, 110.86027526855469, 96.17691802978516, 119.06720733642578, 77.41446685791016, 37.57658767700195, 179.5132293701172, 127.53430938720703, 50.21951675415039, 215.2301025390625, 86.00581359863281, 94.33981323242188, 0.0, 141.99295043945312, 45.617977142333984, 24.041629791259766, 185.59364318847656, 152.6204376220703, 114.43775939941406, 62.3939094543457, 189.30662536621094, 206.37103271484375, 205.769287109375, 152.05262756347656, 195.44052124023438, 123.48279571533203, 162.52076721191406, 33.83784866333008, 131.24404907226562, 17.8885440826416, 123.0812759399414, 92.6552734375, 126.01983642578125, 194.023193359375, 137.6154022216797], [50.2493782043457, 44.41846466064453, 63.324562072753906, 119.8165283203125, 166.43316650390625, 78.54934692382812, 134.8480682373047, 140.47064208984375, 32.015621185302734, 139.51702880859375, 123.1015853881836, 110.42192077636719, 41.86884307861328, 129.55308532714844, 141.17364501953125, 149.30841064453125, 146.23953247070312, 141.99295043945312, 0.0, 119.60350799560547, 156.4608612060547, 60.373836517333984, 97.08243560791016, 31.400636672973633, 149.68299865722656, 67.62396240234375, 142.70599365234375, 116.21101379394531, 188.62130737304688, 153.3786163330078, 35.46829605102539, 201.97276306152344, 114.23221588134766, 135.0592498779297, 124.7798080444336, 136.88316345214844, 51.0, 19.10497283935547, 130.41856384277344, 16.124515533447266], [69.35416412353516, 150.54566955566406, 61.0, 181.705810546875, 80.77747344970703, 49.04079818725586, 66.61080932617188, 54.230987548828125, 105.68821716308594, 37.947330474853516, 8.062257766723633, 135.76449584960938, 94.14881896972656, 12.041594505310059, 170.836181640625, 48.84669876098633, 54.34151077270508, 45.617977142333984, 119.60350799560547, 0.0, 44.10215377807617, 151.92103576660156, 108.90362548828125, 98.97979736328125, 34.20526123046875, 154.3243408203125, 161.40013122558594, 163.37686157226562, 113.56495666503906, 149.83323669433594, 92.6552734375, 125.41929626464844, 53.36665725708008, 86.12781524658203, 33.241539001464844, 78.44743347167969, 69.05070495605469, 107.93516540527344, 149.3050537109375, 120.30377960205078], [107.35455322265625, 180.87841796875, 103.12128448486328, 225.78750610351562, 103.24727630615234, 92.57429504394531, 101.07422637939453, 84.30895233154297, 136.61990356445312, 65.0, 37.121421813964844, 179.134033203125, 136.29747009277344, 42.52058410644531, 213.56497192382812, 71.30918884277344, 80.95677947998047, 24.041629791259766, 156.4608612060547, 44.10215377807617, 0.0, 194.5379180908203, 152.3975067138672, 131.1868896484375, 46.097721099853516, 197.39553833007812, 203.38388061523438, 207.2510528564453, 135.62448120117188, 189.43336486816406, 133.66375732421875, 145.05516052246094, 56.4358024597168, 122.67436218261719, 34.20526123046875, 113.60017395019531, 105.68348693847656, 142.00352478027344, 191.73158264160156, 154.05194091796875], [91.26883697509766, 92.0869140625, 91.4166259765625, 62.07253646850586, 170.836181640625, 103.07764434814453, 139.0863037109375, 151.47607421875, 91.92388153076172, 158.11387634277344, 157.80050659179688, 73.59347534179688, 58.30952072143555, 158.6852264404297, 93.40770721435547, 165.0272674560547, 158.3824462890625, 185.59364318847656, 60.373836517333984, 151.92103576660156, 194.5379180908203, 0.0, 76.02631378173828, 89.62700653076172, 174.26991271972656, 8.0, 99.84988403320312, 65.14598846435547, 183.46934509277344, 119.20570373535156, 62.265560150146484, 195.65786743164062, 163.6826171875, 129.65338134765625, 167.70509338378906, 135.59498596191406, 94.86833190917969, 78.54934692382812, 90.44335174560547, 75.7693862915039], [83.48652648925781, 141.32232666015625, 67.44627380371094, 76.32168579101562, 99.02020263671875, 67.11929321289062, 69.72087097167969, 85.86617279052734, 114.93476104736328, 98.48857879638672, 116.67475891113281, 26.90724754333496, 57.723480224609375, 110.42192077636719, 62.96824645996094, 101.83319854736328, 92.89241027832031, 152.6204376220703, 97.08243560791016, 108.90362548828125, 152.3975067138672, 76.02631378173828, 0.0, 108.18965148925781, 118.53269958496094, 72.80110168457031, 56.30275344848633, 55.56977462768555, 107.83784484863281, 57.706153869628906, 66.4906005859375, 119.77478790283203, 144.01388549804688, 55.44366455078125, 136.400146484375, 63.0079345703125, 88.56636047363281, 104.54663848876953, 43.08131790161133, 111.07205200195312], [34.65544509887695, 51.62363815307617, 54.037025451660156, 145.7738037109375, 158.44873046875, 67.88224792480469, 128.97286987304688, 130.4837188720703, 7.8102498054504395, 125.39936065673828, 100.89598846435547, 127.0157470703125, 51.03919982910156, 110.13627624511719, 161.0093231201172, 136.18002319335938, 135.2479248046875, 114.43775939941406, 31.400636672973633, 98.97979736328125, 131.1868896484375, 89.62700653076172, 108.18965148925781, 0.0, 131.70042419433594, 96.25486755371094, 160.0281219482422, 138.7407684326172, 184.62936401367188, 165.89454650878906, 42.04759216308594, 198.07321166992188, 84.64632415771484, 134.30189514160156, 98.0204086303711, 133.8095703125, 32.202484130859375, 12.529964447021484, 147.0, 23.194826126098633], [100.0, 183.30848693847656, 87.57283020019531, 194.5893096923828, 57.314918518066406, 73.10950469970703, 57.628116607666016, 39.66106414794922, 138.7083282470703, 21.21320343017578, 36.2353401184082, 144.06248474121094, 119.00420379638672, 22.203603744506836, 176.02557373046875, 25.298221588134766, 35.34119415283203, 62.3939094543457, 149.68299865722656, 34.20526123046875, 46.097721099853516, 174.26991271972656, 118.53269958496094, 131.70042419433594, 0.0, 175.41380310058594, 164.4384307861328, 174.06320190429688, 90.04998779296875, 147.51271057128906, 119.41942596435547, 100.17984008789062, 82.76472473144531, 79.64923095703125, 58.694122314453125, 70.0, 100.5683822631836, 139.78555297851562, 153.8375701904297, 152.1085205078125], [95.8018798828125, 100.07997131347656, 94.42987060546875, 54.08327102661133, 169.33103942871094, 105.3043212890625, 137.93113708496094, 151.05296325683594, 98.88377380371094, 158.61903381347656, 160.46495056152344, 67.94115447998047, 61.773780822753906, 160.58953857421875, 86.00581359863281, 165.07574462890625, 158.02847290039062, 189.30662536621094, 67.62396240234375, 154.3243408203125, 197.39553833007812, 8.0, 72.80110168457031, 96.25486755371094, 175.41380310058594, 0.0, 92.96235656738281, 57.584720611572266, 180.6128387451172, 113.21660614013672, 66.61080932617188, 192.56686401367188, 168.40428161621094, 127.34991455078125, 171.4322052001953, 133.75350952148438, 99.63935089111328, 85.47514343261719, 84.0238037109375, 83.21658325195312], [138.85243225097656, 184.56976318359375, 123.66487121582031, 57.697486877441406, 128.5496063232422, 123.06502532958984, 108.22661590576172, 126.6056900024414, 166.01205444335938, 143.28294372558594, 169.40188598632812, 33.0151481628418, 109.11461639404297, 160.86329650878906, 15.0, 143.22010803222656, 132.879638671875, 206.37103271484375, 142.70599365234375, 161.40013122558594, 203.38388061523438, 99.84988403320312, 56.30275344848633, 160.0281219482422, 164.4384307861328, 92.96235656738281, 0.0, 38.28837966918945, 122.3315200805664, 28.284271240234375, 118.10588836669922, 130.2459259033203, 199.96499633789062, 87.132080078125, 190.90573120117188, 97.09788513183594, 143.95138549804688, 154.20765686035156, 13.34166431427002, 158.2687530517578], [124.7798080444336, 154.8289337158203, 114.03946685791016, 23.0, 149.2816162109375, 118.19052124023438, 123.0162582397461, 140.21768188476562, 143.56182861328125, 153.8440704345703, 170.94151306152344, 31.048349380493164, 90.62008666992188, 165.65325927734375, 28.65309715270996, 156.54393005371094, 147.1223907470703, 205.769287109375, 116.21101379394531, 163.37686157226562, 207.2510528564453, 65.14598846435547, 55.56977462768555, 138.7407684326172, 174.06320190429688, 57.584720611572266, 38.28837966918945, 0.0, 150.16323852539062, 63.95310592651367, 99.02020263671875, 159.90621948242188, 193.21490478515625, 105.11898040771484, 188.8623809814453, 114.2365951538086, 129.6919403076172, 130.6981201171875, 34.1760139465332, 132.30645751953125], [150.24313354492188, 231.25094604492188, 130.59861755371094, 173.1415557861328, 33.13608169555664, 117.20068359375, 55.803226470947266, 60.083274841308594, 192.43960571289062, 75.95393371582031, 119.68291473388672, 120.93386840820312, 147.4347381591797, 104.08650207519531, 137.18600463867188, 66.18912506103516, 59.228370666503906, 152.05262756347656, 188.62130737304688, 113.56495666503906, 135.62448120117188, 183.46934509277344, 107.83784484863281, 184.62936401367188, 90.04998779296875, 180.6128387451172, 122.3315200805664, 150.16323852539062, 0.0, 95.56673431396484, 153.1535186767578, 13.45362377166748, 166.92813110351562, 54.708316802978516, 145.3822479248047, 51.7397346496582, 153.60012817382812, 187.4486541748047, 118.10588836669922, 197.9949493408203], [140.0, 197.02284240722656, 122.3315200805664, 85.09406280517578, 105.47511291503906, 118.25819396972656, 89.9388656616211, 108.2450942993164, 172.62677001953125, 126.37246704101562, 157.8892059326172, 45.80392837524414, 115.31695556640625, 147.33973693847656, 43.185646057128906, 124.45079040527344, 113.84638977050781, 195.44052124023438, 153.3786163330078, 149.83323669433594, 189.43336486816406, 119.20570373535156, 57.706153869628906, 165.89454650878906, 147.51271057128906, 113.21660614013672, 28.284271240234375, 63.95310592651367, 95.56673431396484, 0.0, 124.14910125732422, 102.70345306396484, 193.58203125, 67.94115447998047, 181.34222412109375, 77.79460144042969, 145.00344848632812, 162.04937744140625, 30.232433319091797, 168.0029754638672], [29.20616340637207, 78.8733139038086, 32.0, 109.07795715332031, 131.3697052001953, 46.389652252197266, 99.5690689086914, 106.10372161865234, 48.50773239135742, 106.96260833740234, 97.67292022705078, 85.09406280517578, 9.0, 101.04454803466797, 119.68291473388672, 116.09048461914062, 112.16059875488281, 123.48279571533203, 35.46829605102539, 92.6552734375, 133.66375732421875, 62.265560150146484, 66.4906005859375, 42.04759216308594, 119.41942596435547, 66.61080932617188, 118.10588836669922, 99.02020263671875, 153.1535186767578, 124.14910125732422, 0.0, 166.5082550048828, 101.82828521728516, 99.72462463378906, 105.60302734375, 101.41498565673828, 33.241539001464844, 38.27531814575195, 105.01904296875, 46.3249397277832], [163.67039489746094, 244.67529296875, 144.04513549804688, 182.792236328125, 44.643028259277344, 130.60244750976562, 69.20259857177734, 72.61542510986328, 205.8834686279297, 87.55569458007812, 131.24404907226562, 131.400146484375, 160.70469665527344, 115.52056121826172, 145.22052001953125, 77.27871704101562, 71.16881561279297, 162.52076721191406, 201.97276306152344, 125.41929626464844, 145.05516052246094, 195.65786743164062, 119.77478790283203, 198.07321166992188, 100.17984008789062, 192.56686401367188, 130.2459259033203, 159.90621948242188, 13.45362377166748, 102.70345306396484, 166.5082550048828, 0.0, 178.75682067871094, 67.67569732666016, 156.70672607421875, 65.11528015136719, 167.00299072265625, 200.89797973632812, 127.098388671875, 211.42611694335938], [72.62230682373047, 130.015380859375, 79.2022705078125, 207.617431640625, 134.12307739257812, 76.92203521728516, 118.03813171386719, 107.35455322265625, 88.28363037109375, 91.21403503417969, 47.75981521606445, 170.17637634277344, 107.62899017333984, 63.5688591003418, 206.78732299804688, 101.83319854736328, 107.70793914794922, 33.83784866333008, 114.23221588134766, 53.36665725708008, 56.4358024597168, 163.6826171875, 144.01388549804688, 84.64632415771484, 82.76472473144531, 168.40428161621094, 199.96499633789062, 193.21490478515625, 166.92813110351562, 193.58203125, 101.82828521728516, 178.75682067871094, 0.0, 135.44740295410156, 24.83948516845703, 129.03488159179688, 68.818603515625, 96.84007263183594, 186.94384765625, 107.70793914794922], [101.07422637939453, 178.46568298339844, 80.95059967041016, 127.7380142211914, 44.283180236816406, 69.89277648925781, 22.022714614868164, 40.31128692626953, 142.04225158691406, 58.600341796875, 93.96276092529297, 74.14849853515625, 93.4344711303711, 81.54139709472656, 100.18482971191406, 56.63920974731445, 46.097721099853516, 131.24404907226562, 135.0592498779297, 86.12781524658203, 122.67436218261719, 129.65338134765625, 55.44366455078125, 134.30189514160156, 79.64923095703125, 127.34991455078125, 87.132080078125, 105.11898040771484, 54.708316802978516, 67.94115447998047, 99.72462463378906, 67.67569732666016, 135.44740295410156, 0.0, 119.10079956054688, 10.0, 105.11898040771484, 135.60235595703125, 78.29431915283203, 145.4544677734375], [77.49193572998047, 146.98638916015625, 77.66595458984375, 205.37283325195312, 112.29425811767578, 70.71067810058594, 99.84988403320312, 87.00574493408203, 103.07764434814453, 69.46221923828125, 26.0, 163.220703125, 109.65856170654297, 41.30375289916992, 199.2485809326172, 79.42921447753906, 86.37129211425781, 17.8885440826416, 124.7798080444336, 33.241539001464844, 34.20526123046875, 167.70509338378906, 136.400146484375, 98.0204086303711, 58.694122314453125, 171.4322052001953, 190.90573120117188, 188.8623809814453, 145.3822479248047, 181.34222412109375, 105.60302734375, 156.70672607421875, 24.83948516845703, 119.10079956054688, 0.0, 111.62885284423828, 75.0, 109.29318237304688, 178.33956909179688, 121.10326385498047], [99.85990142822266, 179.60511779785156, 79.88116455078125, 136.69308471679688, 36.013885498046875, 67.5351791381836, 12.529964447021484, 30.479501724243164, 141.60508728027344, 49.09175109863281, 86.12200927734375, 83.19855499267578, 95.8018798828125, 73.05477142333984, 110.05907440185547, 46.69047164916992, 36.12478256225586, 123.0812759399414, 136.88316345214844, 78.44743347167969, 113.60017395019531, 135.59498596191406, 63.0079345703125, 133.8095703125, 70.0, 133.75350952148438, 97.09788513183594, 114.2365951538086, 51.7397346496582, 77.79460144042969, 101.41498565673828, 65.11528015136719, 129.03488159179688, 10.0, 111.62885284423828, 0.0, 103.5857162475586, 136.02940368652344, 88.10221099853516, 146.386474609375], [5.099019527435303, 83.18653869628906, 24.351591110229492, 141.4814453125, 126.57408905029297, 36.400550842285156, 97.80081939697266, 98.41239929199219, 39.824615478515625, 93.29522705078125, 72.17340087890625, 111.57060241699219, 40.0, 79.55501556396484, 147.70579528808594, 104.00961303710938, 103.07764434814453, 92.6552734375, 51.0, 69.05070495605469, 105.68348693847656, 94.86833190917969, 88.56636047363281, 32.202484130859375, 100.5683822631836, 99.63935089111328, 143.95138549804688, 129.6919403076172, 153.60012817382812, 145.00344848632812, 33.241539001464844, 167.00299072265625, 68.818603515625, 105.11898040771484, 75.0, 103.5857162475586, 0.0, 39.217342376708984, 130.6139373779297, 51.54609680175781], [40.24922180175781, 44.65422821044922, 57.628116607666016, 136.29747009277344, 162.74212646484375, 72.42237091064453, 132.27622985839844, 135.428955078125, 13.416407585144043, 131.94696044921875, 110.47624206542969, 121.3342514038086, 46.840152740478516, 118.68024444580078, 154.1590118408203, 142.39381408691406, 140.6165008544922, 126.01983642578125, 19.10497283935547, 107.93516540527344, 142.00352478027344, 78.54934692382812, 104.54663848876953, 12.529964447021484, 139.78555297851562, 85.47514343261719, 154.20765686035156, 130.6981201171875, 187.4486541748047, 162.04937744140625, 38.27531814575195, 200.89797973632812, 96.84007263183594, 135.60235595703125, 109.29318237304688, 136.02940368652344, 39.217342376708984, 0.0, 141.4284210205078, 12.369317054748535], [125.51493835449219, 172.8004608154297, 110.36756896972656, 56.29387283325195, 121.11564636230469, 110.0227279663086, 98.61541748046875, 116.81181335449219, 153.08168029785156, 132.80059814453125, 157.2672882080078, 20.099750518798828, 96.02082824707031, 149.2414093017578, 22.203603744506836, 133.45411682128906, 123.30855560302734, 194.023193359375, 130.41856384277344, 149.3050537109375, 191.73158264160156, 90.44335174560547, 43.08131790161133, 147.0, 153.8375701904297, 84.0238037109375, 13.34166431427002, 34.1760139465332, 118.10588836669922, 30.232433319091797, 105.01904296875, 127.098388671875, 186.94384765625, 78.29431915283203, 178.33956909179688, 88.10221099853516, 130.6139373779297, 141.4284210205078, 0.0, 145.8252410888672], [52.39274597167969, 33.30165100097656, 69.065185546875, 135.8234100341797, 174.01148986816406, 84.05950164794922, 143.17820739746094, 146.99659729003906, 20.124610900878906, 144.00347900390625, 122.80879211425781, 125.76565551757812, 54.120235443115234, 131.04197692871094, 157.07960510253906, 154.35348510742188, 152.322021484375, 137.6154022216797, 16.124515533447266, 120.30377960205078, 154.05194091796875, 75.7693862915039, 111.07205200195312, 23.194826126098633, 152.1085205078125, 83.21658325195312, 158.2687530517578, 132.30645751953125, 197.9949493408203, 168.0029754638672, 46.3249397277832, 211.42611694335938, 107.70793914794922, 145.4544677734375, 121.10326385498047, 146.386474609375, 51.54609680175781, 12.369317054748535, 145.8252410888672, 0.0]], "coordinates": [[-20, -49], [-93, -92], [-11, -31], [-100, 62], [70, 36], [3, -25], [40, 24], [54, 12], [-50, -79], [61, -6], [53, -49], [-47, 54], [-43, -22], [58, -34], [-63, 87], [68, 3], [61, 11], [69, -83], [-70, -54], [49, -42], [86, -66], [-97, 0], [-29, 34], [-45, -73], [76, -21], [-97, 8], [-48, 87], [-77, 62], [73, 69], [-20, 91], [-43, -31], [82, 79], [37, -94], [26, 41], [53, -75], [34, 35], [-19, -54], [-56, -67], [-45, 74], [-68, -70]], "demands": [7.0, 4.0, 13.0, 11.0, 2.0, 5.0, 18.0, 14.0, 15.0, 19.0, 6.0, 19.0, 3.0, 5.0, 13.0, 20.0, 11.0, 1.0, 10.0, 3.0, -7.0, -4.0, -13.0, -11.0, -2.0, -5.0, -18.0, -14.0, -15.0, -19.0, -6.0, -19.0, -3.0, -5.0, -13.0, -20.0, -11.0, -1.0, -10.0, -3.0], "capacity": 50, "Vmax": 14}