{"name": "LZB_n20_9", "n": 20, "m": 6, "times": [[0.0, 106.79419708251953, 132.88340759277344, 124.96399688720703, 184.1331024169922, 93.17188262939453, 46.3249397277832, 142.80056762695312, 156.64610290527344, 127.48725128173828, 140.2640380859375, 33.13608169555664, 167.2632598876953, 158.5212860107422, 115.97413635253906, 98.41239929199219, 81.00617218017578, 82.76472473144531, 106.09900665283203, 50.80354309082031, 41.19466018676758, 103.16007232666016, 121.14866638183594, 128.72451782226562, 56.35601043701172, 146.98638916015625, 107.35455322265625, 136.6162567138672, 66.70832061767578, 147.23110961914062, 77.93586730957031, 58.24087905883789, 132.45753479003906, 53.25410842895508, 116.45600128173828, 106.73799896240234, 118.84864044189453, 55.44366455078125, 130.0, 102.25947570800781], [106.79419708251953, 0.0, 41.48493576049805, 22.203603744506836, 78.23043060302734, 95.03683471679688, 136.07717895507812, 38.897300720214844, 51.429561614990234, 123.69316864013672, 34.885528564453125, 133.6001434326172, 63.071388244628906, 54.12947463989258, 9.219544410705566, 119.941650390625, 73.10950469970703, 112.00446319580078, 102.48902130126953, 125.93649291992188, 141.4496307373047, 50.08992004394531, 91.30169677734375, 111.41364288330078, 105.75916290283203, 89.49860382080078, 95.50916290283203, 61.91122817993164, 122.18428802490234, 115.80155181884766, 35.1710090637207, 159.84054565429688, 26.07680892944336, 159.28904724121094, 45.96738052368164, 105.26158142089844, 62.36986541748047, 114.17967987060547, 135.0740509033203, 62.7694206237793], [132.88340759277344, 41.48493576049805, 0.0, 49.57822036743164, 59.03388977050781, 86.97700500488281, 151.32745361328125, 23.194826126098633, 34.525352478027344, 164.91513061523438, 48.3735466003418, 153.67498779296875, 69.23149871826172, 62.361846923828125, 38.470767974853516, 161.11175537109375, 71.69379425048828, 152.4729461669922, 143.96180725097656, 161.409423828125, 171.61875915527344, 38.470767974853516, 69.1158447265625, 152.11837768554688, 143.58969116210938, 54.37830352783203, 80.7527084350586, 24.698177337646484, 160.44937133789062, 86.97700500488281, 74.02702331542969, 178.46568298339844, 30.805843353271484, 181.81858825683594, 23.409399032592773, 92.07062530517578, 101.3558120727539, 122.80065155029297, 176.45962524414062, 49.648765563964844], [124.96399688720703, 22.203603744506836, 49.57822036743164, 0.0, 66.0984115600586, 116.5203857421875, 156.9777069091797, 35.44009017944336, 43.011627197265625, 119.85408020019531, 15.81138801574707, 153.39491271972656, 42.43819046020508, 33.60059356689453, 15.29705810546875, 122.20065307617188, 95.00526428222656, 116.90166473388672, 101.31633758544922, 137.82960510253906, 156.97451782226562, 69.6419448852539, 109.93180084228516, 105.6503677368164, 115.55085754394531, 102.94173431396484, 115.95257568359375, 73.59347534179688, 130.97328186035156, 132.59336853027344, 48.27007293701172, 179.7776336669922, 20.615528106689453, 178.04493713378906, 62.17716598510742, 126.11502838134766, 53.48831558227539, 136.12493896484375, 132.1968231201172, 82.71033477783203], [184.1331024169922, 78.23043060302734, 59.03388977050781, 66.0984115600586, 0.0, 145.60220336914062, 208.1946258544922, 41.72529220581055, 27.58622932434082, 180.0999755859375, 51.195701599121094, 208.60728454589844, 41.78516387939453, 43.5660400390625, 69.46221923828125, 186.9598846435547, 130.64837646484375, 182.660888671875, 164.4384307861328, 203.1058807373047, 219.6724853515625, 97.49359130859375, 123.96773529052734, 164.3684844970703, 181.430419921875, 99.04544067382812, 138.05072021484375, 75.13321685791016, 197.03045654296875, 135.0333251953125, 112.2541732788086, 234.2327880859375, 52.15361785888672, 235.6459197998047, 82.3468246459961, 149.45233154296875, 113.00442504882812, 181.11045837402344, 193.04144287109375, 108.46197509765625], [93.17188262939453, 95.03683471679688, 86.97700500488281, 116.5203857421875, 145.60220336914062, 0.0, 83.81526947021484, 108.46658325195312, 121.29715728759766, 191.17530822753906, 125.01599884033203, 94.8946762084961, 151.55856323242188, 143.28294372558594, 101.31633758544922, 171.9593048095703, 23.25940704345703, 157.80050659179688, 167.09278869628906, 141.15240478515625, 132.96615600585938, 49.648765563964844, 33.105892181396484, 184.8052978515625, 136.3414764404297, 66.2872543334961, 15.29705810546875, 73.24616241455078, 151.64761352539062, 55.009090423583984, 97.6166000366211, 112.89375305175781, 108.29589080810547, 123.35720825195312, 63.60031509399414, 14.422204971313477, 148.14183044433594, 50.28916549682617, 198.69825744628906, 37.36308288574219], [46.3249397277832, 136.07717895507812, 151.32745361328125, 156.9777069091797, 208.1946258544922, 83.81526947021484, 0.0, 166.64332580566406, 180.85353088378906, 173.76133728027344, 170.95028686523438, 18.439088821411133, 199.06028747558594, 190.11837768554688, 145.12063598632812, 144.1006622314453, 83.76156616210938, 128.51458740234375, 152.3975067138672, 91.26335144042969, 66.21932983398438, 114.97825622558594, 116.70903778076172, 174.951416015625, 101.95096588134766, 148.55638122558594, 99.04039764404297, 147.41099548339844, 110.14535522460938, 137.4809112548828, 114.56002807617188, 29.154760360717773, 159.47726440429688, 41.01219177246094, 130.38404846191406, 93.5574722290039, 161.12417602539062, 33.52610778808594, 175.9147491455078, 108.72441864013672], [142.80056762695312, 38.897300720214844, 23.194826126098633, 35.44009017944336, 41.72529220581055, 108.46658325195312, 166.64332580566406, 0.0, 14.21267032623291, 155.23208618164062, 28.319604873657227, 166.88319396972656, 46.097721099853516, 39.560081481933594, 31.400636672973633, 156.02883911132812, 91.18113708496094, 149.40548706054688, 136.19471740722656, 164.8059539794922, 179.23448181152344, 58.94064712524414, 92.26592254638672, 141.088623046875, 144.5544891357422, 76.05918884277344, 103.31021118164062, 46.81879806518555, 160.85397338867188, 109.76793670654297, 74.04052734375, 192.52012634277344, 15.132745742797852, 194.0, 45.27692413330078, 114.52947235107422, 88.86506652832031, 140.2925567626953, 167.48731994628906, 71.19690704345703], [156.64610290527344, 51.429561614990234, 34.525352478027344, 43.011627197265625, 27.58622932434082, 121.29715728759766, 180.85353088378906, 14.21267032623291, 0.0, 161.94134521484375, 31.048349380493164, 181.0414276123047, 38.94868469238281, 34.71310806274414, 43.08131790161133, 165.19383239746094, 104.78549194335938, 159.5242919921875, 144.1700439453125, 177.1581268310547, 192.60581970214844, 72.11102294921875, 103.01941680908203, 147.09181213378906, 156.23699951171875, 83.24061584472656, 115.26057434082031, 55.44366455078125, 172.25563049316406, 118.25819396972656, 86.16263580322266, 206.7123565673828, 25.63201141357422, 208.06248474121094, 57.723480224609375, 126.58988952636719, 94.72592163085938, 154.35025024414062, 174.52220153808594, 83.93450164794922], [127.48725128173828, 123.69316864013672, 164.91513061523438, 119.85408020019531, 180.0999755859375, 191.17530822753906, 173.76133728027344, 155.23208618164062, 161.94134521484375, 0.0, 131.10682678222656, 158.6852264404297, 141.2869415283203, 137.00364685058594, 126.81088256835938, 33.37664031982422, 169.0118408203125, 47.04253387451172, 24.083189010620117, 92.0869140625, 126.0634765625, 164.7574005126953, 203.34207153320312, 16.76305389404297, 72.83543395996094, 210.98341369628906, 199.42416381835938, 185.1728973388672, 71.25306701660156, 231.0194854736328, 98.22932434082031, 179.23448181152344, 140.1855926513672, 166.14752197265625, 166.9640655517578, 205.18284606933594, 67.36467742919922, 176.20726013183594, 13.152946472167969, 174.01148986816406], [140.2640380859375, 34.885528564453125, 48.3735466003418, 15.81138801574707, 51.195701599121094, 125.01599884033203, 170.95028686523438, 28.319604873657227, 31.048349380493164, 131.10682678222656, 0.0, 168.1071014404297, 28.23118782043457, 19.313207626342773, 26.0, 135.94483947753906, 104.69001770019531, 131.4686279296875, 114.00438690185547, 153.56106567382812, 172.73390197753906, 76.2364730834961, 114.4770736694336, 116.10340118408203, 131.0953826904297, 102.72779846191406, 122.69066619873047, 73.06161499023438, 146.32839965820312, 134.85177612304688, 64.03124237060547, 194.4273681640625, 18.027755737304688, 193.20973205566406, 65.96968841552734, 133.3754119873047, 63.78871536254883, 148.6606903076172, 143.78456115722656, 89.35882568359375], [33.13608169555664, 133.6001434326172, 153.67498779296875, 153.39491271972656, 208.60728454589844, 94.8946762084961, 18.439088821411133, 166.88319396972656, 181.0414276123047, 158.6852264404297, 168.1071014404297, 0.0, 195.81878662109375, 186.93582153320312, 142.80056762695312, 128.08200073242188, 90.62008666992188, 112.64102172851562, 138.17742919921875, 73.57308959960938, 47.801673889160156, 119.364990234375, 126.90547943115234, 161.0093231201172, 86.12781524658203, 157.16551208496094, 110.16805267333984, 152.68922424316406, 93.03762817382812, 149.65626525878906, 108.25894927978516, 26.419689178466797, 158.25611877441406, 29.154760360717773, 134.23858642578125, 106.11785888671875, 151.63442993164062, 46.04345703125, 160.05624389648438, 114.9652099609375], [167.2632598876953, 63.071388244628906, 69.23149871826172, 42.43819046020508, 41.78516387939453, 151.55856323242188, 199.06028747558594, 46.097721099853516, 38.94868469238281, 141.2869415283203, 28.23118782043457, 195.81878662109375, 0.0, 8.9442720413208, 54.230987548828125, 151.92103576660156, 132.01893615722656, 149.85659790039062, 127.88275909423828, 176.70880126953125, 198.1161346435547, 102.12247467041016, 138.05072021484375, 125.06398010253906, 153.1698455810547, 121.49073791503906, 148.01351928710938, 92.72000885009766, 167.35890197753906, 155.76905822753906, 89.87213134765625, 222.1913604736328, 43.28972244262695, 220.41098022460938, 90.13877868652344, 159.00314331054688, 75.70997619628906, 176.85304260253906, 154.39236450195312, 115.03912353515625], [158.5212860107422, 54.12947463989258, 62.361846923828125, 33.60059356689453, 43.5660400390625, 143.28294372558594, 190.11837768554688, 39.560081481933594, 34.71310806274414, 137.00364685058594, 19.313207626342773, 186.93582153320312, 8.9442720413208, 0.0, 45.31004333496094, 146.01370239257812, 123.47064208984375, 143.27944946289062, 122.48265075683594, 168.90826416015625, 189.7630157470703, 94.00531768798828, 130.6981201171875, 121.06610107421875, 145.61936950683594, 115.55085754394531, 140.12850952148438, 86.37708282470703, 160.10308837890625, 149.26486206054688, 81.32035064697266, 213.30026245117188, 35.0142822265625, 211.63412475585938, 82.49242401123047, 151.02980041503906, 70.45565795898438, 167.96725463867188, 150.02999877929688, 107.00466918945312], [115.97413635253906, 9.219544410705566, 38.470767974853516, 15.29705810546875, 69.46221923828125, 101.31633758544922, 145.12063598632812, 31.400636672973633, 43.08131790161133, 126.81088256835938, 26.0, 142.80056762695312, 54.230987548828125, 45.31004333496094, 0.0, 125.2557373046875, 80.02499389648438, 118.1524429321289, 106.51290893554688, 134.07833862304688, 150.33628845214844, 54.4058837890625, 94.93682098388672, 113.71894836425781, 113.32254791259766, 89.80534362792969, 100.66280364990234, 61.073726654052734, 129.52220153808594, 118.19052124023438, 43.08131790161133, 169.02662658691406, 17.464248657226562, 168.50518798828125, 47.70744323730469, 110.81967163085938, 62.96824645996094, 122.70289611816406, 138.6001434326172, 67.44627380371094], [98.41239929199219, 119.941650390625, 161.11175537109375, 122.20065307617188, 186.9598846435547, 171.9593048095703, 144.1006622314453, 156.02883911132812, 165.19383239746094, 33.37664031982422, 135.94483947753906, 128.08200073242188, 151.92103576660156, 146.01370239257812, 125.2557373046875, 0.0, 151.23822021484375, 15.65247631072998, 25.806976318359375, 59.00847244262695, 93.00537872314453, 153.235107421875, 188.66372680664062, 43.416587829589844, 42.154476165771484, 201.315673828125, 182.0439453125, 178.30592346191406, 38.01315689086914, 216.8132781982422, 88.32327270507812, 147.31259155273438, 141.0035400390625, 133.54025268554688, 158.44557189941406, 186.3169403076172, 76.5506362915039, 150.33628845214844, 32.015621185302734, 160.55528259277344], [81.00617218017578, 73.10950469970703, 71.69379425048828, 95.00526428222656, 130.64837646484375, 23.25940704345703, 83.76156616210938, 91.18113708496094, 104.78549194335938, 169.0118408203125, 104.69001770019531, 90.62008666992188, 132.01893615722656, 123.47064208984375, 80.02499389648438, 151.23822021484375, 0.0, 137.59359741210938, 144.9586181640625, 125.39936065673828, 122.1024169921875, 33.2866325378418, 40.607879638671875, 162.11106872558594, 117.68601989746094, 66.94026947021484, 30.805843353271484, 63.89052963256836, 133.70115661621094, 68.00735473632812, 74.4311752319336, 112.50777435302734, 88.84255981445312, 119.77478790283203, 48.82622146606445, 36.400550842285156, 124.88794708251953, 52.345008850097656, 176.980224609375, 25.0], [82.76472473144531, 112.00446319580078, 152.4729461669922, 116.90166473388672, 182.660888671875, 157.80050659179688, 128.51458740234375, 149.40548706054688, 159.5242919921875, 47.04253387451172, 131.4686279296875, 112.64102172851562, 149.85659790039062, 143.27944946289062, 118.1524429321289, 15.65247631072998, 137.59359741210938, 0.0, 32.202484130859375, 45.39823913574219, 79.22752380371094, 141.67568969726562, 175.77542114257812, 53.851646423339844, 26.570659637451172, 190.06578063964844, 168.3597412109375, 168.26763916015625, 25.298221588134766, 203.95343017578125, 78.63841247558594, 132.37069702148438, 134.62911987304688, 119.10499572753906, 147.95945739746094, 172.20046997070312, 76.32168579101562, 134.8480682373047, 47.434165954589844, 148.2464141845703], [106.09900665283203, 102.48902130126953, 143.96180725097656, 101.31633758544922, 164.4384307861328, 167.09278869628906, 152.3975067138672, 136.19471740722656, 144.1700439453125, 24.083189010620117, 114.00438690185547, 138.17742919921875, 127.88275909423828, 122.48265075683594, 106.51290893554688, 25.806976318359375, 144.9586181640625, 32.202484130859375, 0.0, 76.65507507324219, 109.83624267578125, 141.5097198486328, 179.621826171875, 23.0, 54.230987548828125, 188.30294799804688, 175.41380310058594, 163.2329559326172, 57.384666442871094, 207.40780639648438, 74.94664764404297, 160.07810974121094, 121.06196594238281, 148.2733917236328, 144.46107482910156, 181.10769653320312, 52.17279052734375, 153.02613830566406, 33.12099075317383, 150.42605590820312], [50.80354309082031, 125.93649291992188, 161.409423828125, 137.82960510253906, 203.1058807373047, 141.15240478515625, 91.26335144042969, 164.8059539794922, 177.1581268310547, 92.0869140625, 153.56106567382812, 73.57308959960938, 176.70880126953125, 168.90826416015625, 134.07833862304688, 59.00847244262695, 125.39936065673828, 45.39823913574219, 76.65507507324219, 0.0, 34.0, 140.00357055664062, 165.95179748535156, 99.04039764404297, 25.0, 187.45132446289062, 154.330810546875, 171.4205322265625, 21.095022201538086, 193.31321716308594, 91.0, 89.5600357055664, 151.5387725830078, 74.81310272216797, 150.4027862548828, 155.2417449951172, 110.7519760131836, 106.21205139160156, 90.44888305664062, 142.6884765625], [41.19466018676758, 141.4496307373047, 171.61875915527344, 156.97451782226562, 219.6724853515625, 132.96615600585938, 66.21932983398438, 179.23448181152344, 192.60581970214844, 126.0634765625, 172.73390197753906, 47.801673889160156, 198.1161346435547, 189.7630157470703, 150.33628845214844, 93.00537872314453, 122.1024169921875, 79.22752380371094, 109.83624267578125, 34.0, 0.0, 143.8367156982422, 162.01234436035156, 132.51792907714844, 56.04462432861328, 188.17544555664062, 147.57371520996094, 177.07907104492188, 55.03635025024414, 187.60064697265625, 108.70602416992188, 57.697486877441406, 167.52313232421875, 41.48493576049805, 156.60459899902344, 145.98629760742188, 138.57127380371094, 89.53770446777344, 124.32618713378906, 143.4015350341797], [103.16007232666016, 50.08992004394531, 38.470767974853516, 69.6419448852539, 97.49359130859375, 49.648765563964844, 114.97825622558594, 58.94064712524414, 72.11102294921875, 164.7574005126953, 76.2364730834961, 119.364990234375, 102.12247467041016, 94.00531768798828, 54.4058837890625, 153.235107421875, 33.2866325378418, 141.67568969726562, 141.5097198486328, 140.00357055664062, 143.8367156982422, 0.0, 41.34005355834961, 154.93223571777344, 126.75172424316406, 48.50773239135742, 46.52956008911133, 33.61547088623047, 143.69412231445312, 67.17886352539062, 66.5732650756836, 143.0034942626953, 59.0, 148.22280883789062, 15.620499610900879, 57.14017868041992, 110.2587890625, 85.04116821289062, 174.59095764160156, 13.152946472167969], [121.14866638183594, 91.30169677734375, 69.1158447265625, 109.93180084228516, 123.96773529052734, 33.105892181396484, 116.70903778076172, 92.26592254638672, 103.01941680908203, 203.34207153320312, 114.4770736694336, 126.90547943115234, 138.05072021484375, 130.6981201171875, 94.93682098388672, 188.66372680664062, 40.607879638671875, 175.77542114257812, 179.621826171875, 165.95179748535156, 162.01234436035156, 41.34005355834961, 0.0, 194.5584716796875, 157.30543518066406, 33.970577239990234, 18.601076126098633, 48.83646011352539, 173.62315368652344, 28.17800521850586, 105.47511291503906, 145.83895874023438, 96.54014587402344, 155.7080535888672, 48.50773239135742, 28.42534065246582, 151.40013122558594, 83.21658325195312, 212.40762329101562, 29.73213768005371], [128.72451782226562, 111.41364288330078, 152.11837768554688, 105.6503677368164, 164.3684844970703, 184.8052978515625, 174.951416015625, 141.088623046875, 147.09181213378906, 16.76305389404297, 116.10340118408203, 161.0093231201172, 125.06398010253906, 121.06610107421875, 113.71894836425781, 43.416587829589844, 162.11106872558594, 53.851646423339844, 23.0, 99.04039764404297, 132.51792907714844, 154.93223571777344, 194.5584716796875, 0.0, 77.16217041015625, 199.97250366210938, 192.0026092529297, 173.28012084960938, 79.12016296386719, 221.82200622558594, 89.10667419433594, 183.06829833984375, 126.1784439086914, 171.23667907714844, 155.87173461914062, 198.49685668945312, 52.39274597167969, 174.18380737304688, 29.832868576049805, 164.9393768310547], [56.35601043701172, 105.75916290283203, 143.58969116210938, 115.55085754394531, 181.430419921875, 136.3414764404297, 101.95096588134766, 144.5544891357422, 156.23699951171875, 72.83543395996094, 131.0953826904297, 86.12781524658203, 153.1698455810547, 145.61936950683594, 113.32254791259766, 42.154476165771484, 117.68601989746094, 26.570659637451172, 54.230987548828125, 25.0, 56.04462432861328, 126.75172424316406, 157.30543518066406, 77.16217041015625, 0.0, 175.1370849609375, 148.0303955078125, 156.20498657226562, 17.029386520385742, 185.32403564453125, 70.61161041259766, 106.47064971923828, 130.64837646484375, 94.08506774902344, 135.29966735839844, 150.74813842773438, 85.79627227783203, 109.4805908203125, 74.0, 131.47242736816406], [146.98638916015625, 89.49860382080078, 54.37830352783203, 102.94173431396484, 99.04544067382812, 66.2872543334961, 148.55638122558594, 76.05918884277344, 83.24061584472656, 210.98341369628906, 102.72779846191406, 157.16551208496094, 121.49073791503906, 115.55085754394531, 89.80534362792969, 201.315673828125, 66.94026947021484, 190.06578063964844, 188.30294799804688, 187.45132446289062, 188.17544555664062, 48.50773239135742, 33.970577239990234, 199.97250366210938, 175.1370849609375, 0.0, 52.49761962890625, 29.681644439697266, 192.03384399414062, 36.0, 113.63538360595703, 177.68792724609375, 85.14693450927734, 186.27130126953125, 44.10215377807617, 62.2414665222168, 151.85519409179688, 115.38197326660156, 221.4158935546875, 45.0111083984375], [107.35455322265625, 95.50916290283203, 80.7527084350586, 115.95257568359375, 138.05072021484375, 15.29705810546875, 99.04039764404297, 103.31021118164062, 115.26057434082031, 199.42416381835938, 122.69066619873047, 110.16805267333984, 148.01351928710938, 140.12850952148438, 100.66280364990234, 182.0439453125, 30.805843353271484, 168.3597412109375, 175.41380310058594, 154.330810546875, 147.57371520996094, 46.52956008911133, 18.601076126098633, 192.0026092529297, 148.0303955078125, 52.49761962890625, 0.0, 63.694583892822266, 163.78338623046875, 40.04996871948242, 103.4069595336914, 128.08200073242188, 105.23307800292969, 138.6542510986328, 58.07753372192383, 11.401754379272461, 152.31546020507812, 65.52098846435547, 207.617431640625, 33.37664031982422], [136.6162567138672, 61.91122817993164, 24.698177337646484, 73.59347534179688, 75.13321685791016, 73.24616241455078, 147.41099548339844, 46.81879806518555, 55.44366455078125, 185.1728973388672, 73.06161499023438, 152.68922424316406, 92.72000885009766, 86.37708282470703, 61.073726654052734, 178.30592346191406, 63.89052963256836, 168.26763916015625, 163.2329559326172, 171.4205322265625, 177.07907104492188, 33.61547088623047, 48.83646011352539, 173.28012084960938, 156.20498657226562, 29.681644439697266, 63.694583892822266, 0.0, 173.23394775390625, 63.06346130371094, 89.9888916015625, 175.84083557128906, 55.4707145690918, 181.64801025390625, 21.02379608154297, 75.02666473388672, 123.81034088134766, 116.18089294433594, 196.1733856201172, 38.94868469238281], [66.70832061767578, 122.18428802490234, 160.44937133789062, 130.97328186035156, 197.03045654296875, 151.64761352539062, 110.14535522460938, 160.85397338867188, 172.25563049316406, 71.25306701660156, 146.32839965820312, 93.03762817382812, 167.35890197753906, 160.10308837890625, 129.52220153808594, 38.01315689086914, 133.70115661621094, 25.298221588134766, 57.384666442871094, 21.095022201538086, 55.03635025024414, 143.69412231445312, 173.62315368652344, 79.12016296386719, 17.029386520385742, 192.03384399414062, 163.78338623046875, 173.23394775390625, 0.0, 201.54652404785156, 87.132080078125, 110.35397338867188, 146.74127197265625, 95.88534545898438, 152.32859802246094, 166.0030059814453, 97.08243560791016, 121.62236785888672, 69.35416412353516, 148.19244384765625], [147.23110961914062, 115.80155181884766, 86.97700500488281, 132.59336853027344, 135.0333251953125, 55.009090423583984, 137.4809112548828, 109.76793670654297, 118.25819396972656, 231.0194854736328, 134.85177612304688, 149.65626525878906, 155.76905822753906, 149.26486206054688, 118.19052124023438, 216.8132781982422, 68.00735473632812, 203.95343017578125, 207.40780639648438, 193.31321716308594, 187.60064697265625, 67.17886352539062, 28.17800521850586, 221.82200622558594, 185.32403564453125, 36.0, 40.04996871948242, 63.06346130371094, 201.54652404785156, 0.0, 132.9097442626953, 166.17160034179688, 116.86744689941406, 177.76670837402344, 70.49113464355469, 43.931766510009766, 177.23431396484375, 104.23531341552734, 240.28524780273438, 57.00876998901367], [77.93586730957031, 35.1710090637207, 74.02702331542969, 48.27007293701172, 112.2541732788086, 97.6166000366211, 114.56002807617188, 74.04052734375, 86.16263580322266, 98.22932434082031, 64.03124237060547, 108.25894927978516, 89.87213134765625, 81.32035064697266, 43.08131790161133, 88.32327270507812, 74.4311752319336, 78.63841247558594, 74.94664764404297, 91.0, 108.70602416992188, 66.5732650756836, 105.47511291503906, 89.10667419433594, 70.61161041259766, 113.63538360595703, 103.4069595336914, 89.9888916015625, 87.132080078125, 132.9097442626953, 0.0, 134.61798095703125, 60.539241790771484, 131.1868896484375, 70.22820281982422, 110.67520141601562, 51.6623649597168, 100.0, 108.0462875366211, 75.92759704589844], [58.24087905883789, 159.84054565429688, 178.46568298339844, 179.7776336669922, 234.2327880859375, 112.89375305175781, 29.154760360717773, 192.52012634277344, 206.7123565673828, 179.23448181152344, 194.4273681640625, 26.419689178466797, 222.1913604736328, 213.30026245117188, 169.02662658691406, 147.31259155273438, 112.50777435302734, 132.37069702148438, 160.07810974121094, 89.5600357055664, 57.697486877441406, 143.0034942626953, 145.83895874023438, 183.06829833984375, 106.47064971923828, 177.68792724609375, 128.08200073242188, 175.84083557128906, 110.35397338867188, 166.17160034179688, 134.61798095703125, 0.0, 184.2851104736328, 18.439088821411133, 158.2213592529297, 122.24974060058594, 177.07907104492188, 62.62587356567383, 179.25401306152344, 137.37904357910156], [132.45753479003906, 26.07680892944336, 30.805843353271484, 20.615528106689453, 52.15361785888672, 108.29589080810547, 159.47726440429688, 15.132745742797852, 25.63201141357422, 140.1855926513672, 18.027755737304688, 158.25611877441406, 43.28972244262695, 35.0142822265625, 17.464248657226562, 141.0035400390625, 88.84255981445312, 134.62911987304688, 121.06196594238281, 151.5387725830078, 167.52313232421875, 59.0, 96.54014587402344, 126.1784439086914, 130.64837646484375, 85.14693450927734, 105.23307800292969, 55.4707145690918, 146.74127197265625, 116.86744689941406, 60.539241790771484, 184.2851104736328, 0.0, 184.5670623779297, 48.05205535888672, 116.0689468383789, 74.09453582763672, 135.1480712890625, 152.3975067138672, 72.02777099609375], [53.25410842895508, 159.28904724121094, 181.81858825683594, 178.04493713378906, 235.6459197998047, 123.35720825195312, 41.01219177246094, 194.0, 208.06248474121094, 166.14752197265625, 193.20973205566406, 29.154760360717773, 220.41098022460938, 211.63412475585938, 168.50518798828125, 133.54025268554688, 119.77478790283203, 119.10499572753906, 148.2733917236328, 74.81310272216797, 41.48493576049805, 148.22280883789062, 155.7080535888672, 171.23667907714844, 94.08506774902344, 186.27130126953125, 138.6542510986328, 181.64801025390625, 95.88534545898438, 177.76670837402344, 131.1868896484375, 18.439088821411133, 184.5670623779297, 0.0, 162.92942810058594, 133.95895385742188, 169.94410705566406, 73.55270385742188, 165.2150115966797, 144.08677673339844], [116.45600128173828, 45.96738052368164, 23.409399032592773, 62.17716598510742, 82.3468246459961, 63.60031509399414, 130.38404846191406, 45.27692413330078, 57.723480224609375, 166.9640655517578, 65.96968841552734, 134.23858642578125, 90.13877868652344, 82.49242401123047, 47.70744323730469, 158.44557189941406, 48.82622146606445, 147.95945739746094, 144.46107482910156, 150.4027862548828, 156.60459899902344, 15.620499610900879, 48.50773239135742, 155.87173461914062, 135.29966735839844, 44.10215377807617, 58.07753372192383, 21.02379608154297, 152.32859802246094, 70.49113464355469, 70.22820281982422, 158.2213592529297, 48.05205535888672, 162.92942810058594, 0.0, 69.2603759765625, 108.2450942993164, 100.6578369140625, 177.5443572998047, 26.248809814453125], [106.73799896240234, 105.26158142089844, 92.07062530517578, 126.11502838134766, 149.45233154296875, 14.422204971313477, 93.5574722290039, 114.52947235107422, 126.58988952636719, 205.18284606933594, 133.3754119873047, 106.11785888671875, 159.00314331054688, 151.02980041503906, 110.81967163085938, 186.3169403076172, 36.400550842285156, 172.20046997070312, 181.10769653320312, 155.2417449951172, 145.98629760742188, 57.14017868041992, 28.42534065246582, 198.49685668945312, 150.74813842773438, 62.2414665222168, 11.401754379272461, 75.02666473388672, 166.0030059814453, 43.931766510009766, 110.67520141601562, 122.24974060058594, 116.0689468383789, 133.95895385742188, 69.2603759765625, 0.0, 160.55528259277344, 60.406951904296875, 212.86849975585938, 44.04542922973633], [118.84864044189453, 62.36986541748047, 101.3558120727539, 53.48831558227539, 113.00442504882812, 148.14183044433594, 161.12417602539062, 88.86506652832031, 94.72592163085938, 67.36467742919922, 63.78871536254883, 151.63442993164062, 75.70997619628906, 70.45565795898438, 62.96824645996094, 76.5506362915039, 124.88794708251953, 76.32168579101562, 52.17279052734375, 110.7519760131836, 138.57127380371094, 110.2587890625, 151.40013122558594, 52.39274597167969, 85.79627227783203, 151.85519409179688, 152.31546020507812, 123.81034088134766, 97.08243560791016, 177.23431396484375, 51.6623649597168, 177.07907104492188, 74.09453582763672, 169.94410705566406, 108.2450942993164, 160.55528259277344, 0.0, 150.56228637695312, 80.15609741210938, 121.82774353027344], [55.44366455078125, 114.17967987060547, 122.80065155029297, 136.12493896484375, 181.11045837402344, 50.28916549682617, 33.52610778808594, 140.2925567626953, 154.35025024414062, 176.20726013183594, 148.6606903076172, 46.04345703125, 176.85304260253906, 167.96725463867188, 122.70289611816406, 150.33628845214844, 52.345008850097656, 134.8480682373047, 153.02613830566406, 106.21205139160156, 89.53770446777344, 85.04116821289062, 83.21658325195312, 174.18380737304688, 109.4805908203125, 115.38197326660156, 65.52098846435547, 116.18089294433594, 121.62236785888672, 104.23531341552734, 100.0, 62.62587356567383, 135.1480712890625, 73.55270385742188, 100.6578369140625, 60.406951904296875, 150.56228637695312, 0.0, 180.75950622558594, 77.23341369628906], [130.0, 135.0740509033203, 176.45962524414062, 132.1968231201172, 193.04144287109375, 198.69825744628906, 175.9147491455078, 167.48731994628906, 174.52220153808594, 13.152946472167969, 143.78456115722656, 160.05624389648438, 154.39236450195312, 150.02999877929688, 138.6001434326172, 32.015621185302734, 176.980224609375, 47.434165954589844, 33.12099075317383, 90.44888305664062, 124.32618713378906, 174.59095764160156, 212.40762329101562, 29.832868576049805, 74.0, 221.4158935546875, 207.617431640625, 196.1733856201172, 69.35416412353516, 240.28524780273438, 108.0462875366211, 179.25401306152344, 152.3975067138672, 165.2150115966797, 177.5443572998047, 212.86849975585938, 80.15609741210938, 180.75950622558594, 0.0, 183.34939575195312], [102.25947570800781, 62.7694206237793, 49.648765563964844, 82.71033477783203, 108.46197509765625, 37.36308288574219, 108.72441864013672, 71.19690704345703, 83.93450164794922, 174.01148986816406, 89.35882568359375, 114.9652099609375, 115.03912353515625, 107.00466918945312, 67.44627380371094, 160.55528259277344, 25.0, 148.2464141845703, 150.42605590820312, 142.6884765625, 143.4015350341797, 13.152946472167969, 29.73213768005371, 164.9393768310547, 131.47242736816406, 45.0111083984375, 33.37664031982422, 38.94868469238281, 148.19244384765625, 57.00876998901367, 75.92759704589844, 137.37904357910156, 72.02777099609375, 144.08677673339844, 26.248809814453125, 44.04542922973633, 121.82774353027344, 77.23341369628906, 183.34939575195312, 0.0]], "coordinates": [[-46, -32], [31, 42], [71, 31], [34, 64], [97, 84], [45, -52], [-35, -77], [68, 54], [77, 65], [-83, 90], [47, 73], [-49, -65], [58, 99], [54, 91], [37, 49], [-88, 57], [35, -31], [-81, 43], [-67, 72], [-87, -2], [-87, -36], [53, -3], [75, -38], [-67, 95], [-72, 18], [100, -15], [60, -49], [84, 10], [-89, 19], [100, -51], [-3, 33], [-62, -88], [53, 56], [-76, -76], [63, 9], [57, -60], [-16, 83], [-3, -67], [-96, 88], [55, -16]], "demands": [10.0, 8.0, 19.0, 20.0, 4.0, 7.0, 12.0, 18.0, 19.0, 2.0, 11.0, 3.0, 1.0, 20.0, 15.0, 5.0, 12.0, 4.0, 15.0, 13.0, -10.0, -8.0, -19.0, -20.0, -4.0, -7.0, -12.0, -18.0, -19.0, -2.0, -11.0, -3.0, -1.0, -20.0, -15.0, -5.0, -12.0, -4.0, -15.0, -13.0], "capacity": 50, "Vmax": 14}