{"name": "LZB_n20_8", "n": 20, "m": 6, "times": [[0.0, 51.195701599121094, 111.7586669921875, 121.84005737304688, 104.54663848876953, 198.0126190185547, 143.95138549804688, 144.93101501464844, 193.04144287109375, 108.46658325195312, 118.68024444580078, 170.98829650878906, 169.5936279296875, 189.09521484375, 98.23441314697266, 220.2203369140625, 194.26271057128906, 121.00413513183594, 53.851646423339844, 168.11900329589844, 176.70596313476562, 199.04019165039062, 104.20172882080078, 175.9346466064453, 62.68173599243164, 177.1581268310547, 156.15696716308594, 64.13267517089844, 68.87670135498047, 93.19334411621094, 45.39823913574219, 67.18630981445312, 151.79591369628906, 189.73666381835938, 197.49684143066406, 185.8090362548828, 124.5351333618164, 96.02603912353516, 134.72935485839844, 225.88714599609375], [51.195701599121094, 0.0, 61.032779693603516, 107.20074462890625, 123.76187133789062, 198.7360076904297, 152.1216583251953, 152.9771270751953, 156.9777069091797, 64.20280456542969, 104.39348602294922, 159.81239318847656, 121.2476806640625, 146.6492462158203, 47.12748718261719, 187.00267028808594, 151.21177673339844, 71.70076751708984, 85.49269104003906, 121.26417541503906, 183.412109375, 180.0999755859375, 56.080299377441406, 162.99693298339844, 94.3716049194336, 146.8400421142578, 123.96773529052734, 13.03840446472168, 54.7813835144043, 43.28972244262695, 7.071067810058594, 16.155494689941406, 139.58868408203125, 156.16978454589844, 158.47396850585938, 160.9534149169922, 133.96267700195312, 45.09988784790039, 138.6542510986328, 193.70596313476562], [111.7586669921875, 61.032779693603516, 0.0, 129.4024658203125, 171.9185791015625, 225.8694305419922, 189.69448852539062, 190.37069702148438, 139.2300262451172, 53.712196350097656, 127.6126937866211, 177.65415954589844, 77.89736938476562, 116.91449737548828, 20.0, 171.29214477539062, 119.54915618896484, 15.620499610900879, 142.8635711669922, 83.00602722167969, 217.2763214111328, 186.3035125732422, 38.470767974853516, 178.44046020507812, 151.11915588378906, 140.4314727783203, 118.25819396972656, 48.010414123535156, 94.66783905029297, 19.313207626342773, 66.37017059326172, 46.173583984375, 158.8080596923828, 143.03146362304688, 134.80726623535156, 161.07452392578125, 174.2899932861328, 16.031219482421875, 173.9712677001953, 179.17868041992188], [121.84005737304688, 107.20074462890625, 129.4024658203125, 0.0, 75.69015502929688, 96.51942443847656, 67.41661834716797, 67.779052734375, 91.92388153076172, 77.78174591064453, 3.1622776985168457, 52.611785888671875, 120.50311279296875, 107.37783813476562, 110.38568878173828, 109.80892181396484, 113.44161224365234, 145.0, 94.2602767944336, 111.3238525390625, 89.64373779296875, 77.20103454589844, 91.54779815673828, 56.035701751708984, 94.79451751708984, 66.8879623413086, 55.31726837158203, 108.93116760253906, 55.145263671875, 125.70600891113281, 111.54371643066406, 104.69479370117188, 32.38827133178711, 83.6480712890625, 103.16007232666016, 67.00746154785156, 59.21148681640625, 119.70797729492188, 50.9215087890625, 113.35784149169922], [104.54663848876953, 123.76187133789062, 171.9185791015625, 75.69015502929688, 0.0, 101.78899383544922, 45.12205505371094, 46.097721099853516, 167.29913330078125, 132.69891357421875, 73.97972869873047, 97.0, 188.67962646484375, 182.32115173339844, 152.11837768554688, 182.1235809326172, 188.40382385253906, 186.5904541015625, 52.17279052734375, 181.13531494140625, 76.05918884277344, 133.64505004882812, 141.15240478515625, 104.00480651855469, 45.17742919921875, 141.15594482421875, 130.96946716308594, 132.7742462158203, 77.36924743652344, 160.32778930664062, 123.84264373779297, 131.2097625732422, 85.6037368774414, 158.3982391357422, 178.843505859375, 135.36985778808594, 28.65309715270996, 157.6229705810547, 44.65422821044922, 184.36105346679688], [198.0126190185547, 198.7360076904297, 225.8694305419922, 96.51942443847656, 101.78899383544922, 0.0, 56.718605041503906, 55.73149871826172, 146.1027069091797, 173.51080322265625, 98.47842407226562, 53.851646423339844, 204.98048400878906, 175.96022033691406, 206.9033660888672, 141.5980224609375, 181.07733154296875, 241.44772338867188, 151.21177673339844, 194.1468505859375, 28.844409942626953, 76.2364730834961, 187.80043029785156, 57.27128601074219, 145.7738037109375, 119.77478790283203, 127.62445068359375, 202.765869140625, 143.96180725097656, 221.9234161376953, 201.7572784423828, 199.06028747558594, 68.59300231933594, 134.40609741210938, 161.27615356445312, 98.76234436035156, 75.1664810180664, 216.13421630859375, 63.28506851196289, 139.08990478515625], [143.95138549804688, 152.1216583251953, 189.69448852539062, 67.41661834716797, 45.12205505371094, 56.718605041503906, 0.0, 1.0, 148.40821838378906, 142.00352478027344, 67.62396240234375, 61.717098236083984, 187.84036254882812, 170.6604766845703, 169.7998809814453, 156.04165649414062, 176.55593872070312, 205.18284606933594, 95.00526428222656, 178.44326782226562, 32.75667953491211, 98.61541748046875, 154.0129852294922, 68.88395690917969, 89.20201873779297, 120.50311279296875, 117.61377716064453, 158.44557189941406, 98.60020446777344, 181.9587860107422, 153.9512939453125, 155.60205078125, 58.54912567138672, 137.8187255859375, 162.0771484375, 107.96759033203125, 19.416488647460938, 177.49647521972656, 16.552946090698242, 156.5407257080078], [144.93101501464844, 152.9771270751953, 190.37069702148438, 67.779052734375, 46.097721099853516, 55.73149871826172, 1.0, 0.0, 148.3374481201172, 142.56227111816406, 68.02940368652344, 61.269893646240234, 188.16217041015625, 170.75128173828125, 170.48460388183594, 155.76905822753906, 176.63804626464844, 205.866455078125, 96.00521087646484, 178.7316436767578, 31.78049659729004, 98.1121826171875, 154.62535095214844, 68.42514038085938, 90.19977569580078, 120.41594696044922, 117.72000885009766, 159.2607879638672, 99.4032211303711, 182.7019500732422, 154.8289337158203, 156.40013122558594, 58.4208869934082, 137.71347045898438, 162.04937744140625, 107.70329284667969, 20.39607810974121, 178.21334838867188, 17.0, 156.21780395507812], [193.04144287109375, 156.9777069091797, 139.2300262451172, 91.92388153076172, 167.29913330078125, 146.1027069091797, 148.40821838378906, 148.3374481201172, 0.0, 94.86833190917969, 94.02127075195312, 94.5409927368164, 77.077880859375, 34.058773040771484, 129.24781799316406, 32.06243896484375, 37.53664779663086, 151.01324462890625, 181.23190307617188, 66.128662109375, 156.41610717773438, 74.09453582763672, 108.17115783691406, 89.49860382080078, 183.61917114257812, 28.0, 38.60051727294922, 150.7846221923828, 126.57408905029297, 148.2969970703125, 163.6826171875, 145.39944458007812, 90.04998779296875, 11.704699516296387, 15.231546401977539, 47.53945541381836, 147.09181213378906, 140.0714111328125, 134.2125244140625, 40.0], [108.46658325195312, 64.20280456542969, 53.712196350097656, 77.78174591064453, 132.69891357421875, 173.51080322265625, 142.00352478027344, 142.56227111816406, 94.86833190917969, 0.0, 76.41989135742188, 124.16924285888672, 62.93647766113281, 82.46211242675781, 37.48332977294922, 126.12692260742188, 87.1148681640625, 68.88395690917969, 118.08895111083984, 59.9416389465332, 167.1705780029297, 133.154052734375, 15.524174690246582, 124.7798080444336, 124.40257263183594, 90.022216796875, 67.00746154785156, 56.35601043701172, 59.0, 56.14267349243164, 71.21797180175781, 51.0, 105.68348693847656, 95.90099334716797, 94.82615661621094, 108.90362548828125, 128.82546997070312, 48.3735466003418, 125.67020416259766, 133.41664123535156], [118.68024444580078, 104.39348602294922, 127.6126937866211, 3.1622776985168457, 73.97972869873047, 98.47842407226562, 67.62396240234375, 68.02940368652344, 94.02127075195312, 76.41989135742188, 0.0, 55.44366455078125, 120.60265350341797, 108.66461944580078, 108.46658325195312, 112.44554138183594, 114.73883056640625, 143.22360229492188, 91.3509750366211, 111.61093139648438, 90.78546142578125, 80.36167907714844, 89.9388656616211, 59.00847244262695, 92.02173614501953, 69.3397445678711, 57.00876998901367, 106.32027435302734, 52.08646774291992, 123.54756164550781, 108.66461944580078, 102.14205932617188, 35.22782897949219, 85.95928955078125, 104.9952392578125, 70.0, 58.54912567138672, 117.66053009033203, 51.078372955322266, 116.10340118408203], [170.98829650878906, 159.81239318847656, 177.65415954589844, 52.611785888671875, 97.0, 53.851646423339844, 61.717098236083984, 61.269893646240234, 94.5409927368164, 124.16924285888672, 55.44366455078125, 0.0, 151.23822021484375, 122.7762222290039, 159.67779541015625, 96.17691802978516, 128.08200073242188, 193.0, 134.33168029785156, 140.34600830078125, 62.12889862060547, 37.202152252197266, 139.18692016601562, 7.211102485656738, 131.94696044921875, 67.18630981445312, 73.7834701538086, 161.30096435546875, 107.07473754882812, 176.23280334472656, 164.10362243652344, 156.92355346679688, 20.2237491607666, 83.02409362792969, 109.44404602050781, 49.01020431518555, 69.35416412353516, 169.66436767578125, 53.15073013305664, 95.8018798828125], [169.5936279296875, 121.2476806640625, 77.89736938476562, 120.50311279296875, 188.67962646484375, 204.98048400878906, 187.84036254882812, 188.16217041015625, 77.077880859375, 62.93647766113281, 120.60265350341797, 151.23822021484375, 0.0, 45.7055778503418, 77.79460144042969, 106.73799896240234, 46.04345703125, 84.75848388671875, 180.42727661132812, 11.401754379272461, 206.6131591796875, 144.04513549804688, 65.51335906982422, 148.83883666992188, 186.27130126953125, 91.67878723144531, 77.6208724975586, 110.2587890625, 120.50726318359375, 93.60021209716797, 128.2224578857422, 105.60302734375, 137.92752075195312, 85.47514343261719, 66.94026947021484, 115.74540710449219, 178.7652130126953, 86.05230712890625, 171.40011596679688, 114.98260498046875], [189.09521484375, 146.6492462158203, 116.91449737548828, 107.37783813476562, 182.32115173339844, 175.96022033691406, 170.6604766845703, 170.75128173828125, 34.058773040771484, 82.46211242675781, 108.66461944580078, 122.7762222290039, 45.7055778503418, 0.0, 110.98197937011719, 61.35144805908203, 6.082762718200684, 126.58988952636719, 186.97860717773438, 36.013885498046875, 183.1338348388672, 107.00466918945312, 92.43917083740234, 118.70130920410156, 190.924072265625, 56.35601043701172, 53.0848388671875, 138.13037109375, 128.12884521484375, 129.24395751953125, 153.67498779296875, 132.879638671875, 114.33721923828125, 44.59820556640625, 21.540658950805664, 79.32212829589844, 166.04818725585938, 121.07848358154297, 155.20631408691406, 69.57010650634766], [98.23441314697266, 47.12748718261719, 20.0, 110.38568878173828, 152.11837768554688, 206.9033660888672, 169.7998809814453, 170.48460388183594, 129.24781799316406, 37.48332977294922, 108.46658325195312, 159.67779541015625, 77.79460144042969, 110.98197937011719, 0.0, 161.11175537109375, 114.49017333984375, 35.38361358642578, 124.7798080444336, 80.21221923828125, 197.648681640625, 170.51979064941406, 22.090721130371094, 160.85086059570312, 132.7742462158203, 127.06297302246094, 104.23531341552734, 34.539833068847656, 74.79304504394531, 19.10497283935547, 53.48831558227539, 31.048349380493164, 140.47064208984375, 131.64346313476562, 126.82665252685547, 146.37281799316406, 154.30165100097656, 11.0, 154.14927673339844, 168.7157440185547], [220.2203369140625, 187.00267028808594, 171.29214477539062, 109.80892181396484, 182.1235809326172, 141.5980224609375, 156.04165649414062, 155.76905822753906, 32.06243896484375, 126.12692260742188, 112.44554138183594, 96.17691802978516, 106.73799896240234, 61.35144805908203, 161.11175537109375, 0.0, 62.64982223510742, 183.0, 203.08865356445312, 96.31718444824219, 157.38487243652344, 65.37583923339844, 139.83204650878906, 89.67720031738281, 204.35263061523438, 43.863426208496094, 64.14047241210938, 181.51583862304688, 152.20053100585938, 180.1887969970703, 193.5458526611328, 176.13914489746094, 98.4327163696289, 30.870698928833008, 39.84971618652344, 48.08325958251953, 158.61903381347656, 171.97674560546875, 143.96180725097656, 8.246211051940918], [194.26271057128906, 151.21177673339844, 119.54915618896484, 113.44161224365234, 188.40382385253906, 181.07733154296875, 176.55593872070312, 176.63804626464844, 37.53664779663086, 87.1148681640625, 114.73883056640625, 128.08200073242188, 46.04345703125, 6.082762718200684, 114.49017333984375, 62.64982223510742, 0.0, 128.65457153320312, 192.8367156982422, 37.336307525634766, 188.69287109375, 111.25196838378906, 96.51942443847656, 123.8587875366211, 196.84765625, 61.32699203491211, 59.03388977050781, 142.411376953125, 133.8431854248047, 132.50282287597656, 158.25611877441406, 137.20057678222656, 120.0333251953125, 48.60041046142578, 23.600847244262695, 83.86298370361328, 172.07266235351562, 124.39051055908203, 161.152099609375, 70.7742919921875], [121.00413513183594, 71.70076751708984, 15.620499610900879, 145.0, 186.5904541015625, 241.44772338867188, 205.18284606933594, 205.866455078125, 151.01324462890625, 68.88395690917969, 143.22360229492188, 193.0, 84.75848388671875, 126.58988952636719, 35.38361358642578, 183.0, 128.65457153320312, 0.0, 155.64703369140625, 91.4439697265625, 232.87979125976562, 200.81085205078125, 53.851646423339844, 193.66207885742188, 164.1249542236328, 153.9512939453125, 132.1854705810547, 59.03388977050781, 109.55364227294922, 28.44292449951172, 76.16429901123047, 58.24087905883789, 174.26416015625, 155.54420471191406, 145.49569702148438, 175.1485137939453, 189.62330627441406, 29.068883895874023, 189.5098876953125, 191.01046752929688], [53.851646423339844, 85.49269104003906, 142.8635711669922, 94.2602767944336, 52.17279052734375, 151.21177673339844, 95.00526428222656, 96.00521087646484, 181.23190307617188, 118.08895111083984, 91.3509750366211, 134.33168029785156, 180.42727661132812, 186.97860717773438, 124.7798080444336, 203.08865356445312, 192.8367156982422, 155.64703369140625, 0.0, 175.60182189941406, 127.25171661376953, 167.57386779785156, 121.00413513183594, 140.4599609375, 9.219544410705566, 159.36436462402344, 142.63589477539062, 97.14422607421875, 60.16643524169922, 127.440185546875, 83.24061584472656, 97.41663360595703, 117.72000885009766, 174.91712951660156, 189.5283660888672, 161.19863891601562, 76.05918884277344, 127.09445190429688, 89.10667419433594, 207.18348693847656], [168.11900329589844, 121.26417541503906, 83.00602722167969, 111.3238525390625, 181.13531494140625, 194.1468505859375, 178.44326782226562, 178.7316436767578, 66.128662109375, 59.9416389465332, 111.61093139648438, 140.34600830078125, 11.401754379272461, 36.013885498046875, 80.21221923828125, 96.31718444824219, 37.336307525634766, 91.4439697265625, 175.60182189941406, 0.0, 196.4001007080078, 132.6536865234375, 65.19202423095703, 137.8005828857422, 181.03314208984375, 80.28075408935547, 66.61080932617188, 111.01801300048828, 115.44696044921875, 97.24710845947266, 128.31600952148438, 106.10372161865234, 127.4754867553711, 74.24284362792969, 56.718605041503906, 104.35037231445312, 170.03823852539062, 89.35882568359375, 162.08639526367188, 104.56098937988281], [176.70596313476562, 183.412109375, 217.2763214111328, 89.64373779296875, 76.05918884277344, 28.844409942626953, 32.75667953491211, 31.78049659729004, 156.41610717773438, 167.1705780029297, 90.78546142578125, 62.12889862060547, 206.6131591796875, 183.1338348388672, 197.648681640625, 157.38487243652344, 188.69287109375, 232.87979125976562, 127.25171661376953, 196.4001007080078, 0.0, 93.74433135986328, 180.32470703125, 68.0, 121.00413513183594, 128.72451782226562, 131.5750732421875, 189.0026397705078, 129.13946533203125, 211.02133178710938, 185.60711669921875, 185.84132385253906, 69.28924560546875, 145.0, 171.14321899414062, 111.04053497314453, 52.17279052734375, 206.01455688476562, 44.777225494384766, 156.16017150878906], [199.04019165039062, 180.0999755859375, 186.3035125732422, 77.20103454589844, 133.64505004882812, 76.2364730834961, 98.61541748046875, 98.1121826171875, 74.09453582763672, 133.154052734375, 80.36167907714844, 37.202152252197266, 144.04513549804688, 107.00466918945312, 170.51979064941406, 65.37583923339844, 111.25196838378906, 200.81085205078125, 167.57386779785156, 132.6536865234375, 93.74433135986328, 0.0, 148.67750549316406, 30.0, 166.1385040283203, 52.40229034423828, 69.77105712890625, 179.13682556152344, 131.5940704345703, 188.66372680664062, 185.3267364501953, 174.23260498046875, 49.92995071411133, 62.68173599243164, 89.1852035522461, 28.319604873657227, 106.4048843383789, 181.24569702148438, 90.27181243896484, 63.0079345703125], [104.20172882080078, 56.080299377441406, 38.470767974853516, 91.54779815673828, 141.15240478515625, 187.80043029785156, 154.0129852294922, 154.62535095214844, 108.17115783691406, 15.524174690246582, 89.9388656616211, 139.18692016601562, 65.51335906982422, 92.43917083740234, 22.090721130371094, 139.83204650878906, 96.51942443847656, 53.851646423339844, 121.00413513183594, 65.19202423095703, 180.32470703125, 148.67750549316406, 0.0, 139.98928833007812, 128.09762573242188, 105.01904296875, 82.15229797363281, 46.097721099853516, 64.76110076904297, 41.0, 63.12685775756836, 41.03656768798828, 120.41594696044922, 110.02726745605469, 106.77546691894531, 124.31009674072266, 139.81773376464844, 33.060550689697266, 137.90576171875, 147.31259155273438], [175.9346466064453, 162.99693298339844, 178.44046020507812, 56.035701751708984, 104.00480651855469, 57.27128601074219, 68.88395690917969, 68.42514038085938, 89.49860382080078, 124.7798080444336, 59.00847244262695, 7.211102485656738, 148.83883666992188, 118.70130920410156, 160.85086059570312, 89.67720031738281, 123.8587875366211, 193.66207885742188, 140.4599609375, 137.8005828857422, 68.0, 30.0, 139.98928833007812, 0.0, 138.31124877929688, 62.62587356567383, 71.21797180175781, 163.95730590820312, 111.01801300048828, 177.79200744628906, 167.50521850585938, 159.4521942138672, 24.1867733001709, 77.87811279296875, 104.54663848876953, 43.104522705078125, 76.48529052734375, 171.02630615234375, 60.30754470825195, 89.05054473876953], [62.68173599243164, 94.3716049194336, 151.11915588378906, 94.79451751708984, 45.17742919921875, 145.7738037109375, 89.20201873779297, 90.19977569580078, 183.61917114257812, 124.40257263183594, 92.02173614501953, 131.94696044921875, 186.27130126953125, 190.924072265625, 132.7742462158203, 204.35263061523438, 196.84765625, 164.1249542236328, 9.219544410705566, 181.03314208984375, 121.00413513183594, 166.1385040283203, 128.09762573242188, 138.31124877929688, 0.0, 160.8601837158203, 145.11375427246094, 105.84894561767578, 65.76473236083984, 136.01470947265625, 92.28217315673828, 105.9480972290039, 116.21101379394531, 176.81912231445312, 192.50973510742188, 161.31956481933594, 70.71067810058594, 135.4400177001953, 84.64632415771484, 208.12496948242188], [177.1581268310547, 146.8400421142578, 140.4314727783203, 66.8879623413086, 141.15594482421875, 119.77478790283203, 120.50311279296875, 120.41594696044922, 28.0, 90.022216796875, 69.3397445678711, 67.18630981445312, 91.67878723144531, 56.35601043701172, 127.06297302246094, 43.863426208496094, 61.32699203491211, 153.9512939453125, 159.36436462402344, 80.28075408935547, 128.72451782226562, 52.40229034423828, 105.01904296875, 62.62587356567383, 160.8601837158203, 0.0, 23.194826126098633, 142.77255249023438, 108.72441864013672, 146.01370239257812, 153.0751495361328, 137.4809112548828, 62.07253646850586, 17.464248657226562, 42.42640686035156, 24.083189010620117, 119.8165283203125, 138.05795288085938, 106.53168487548828, 48.82622146606445], [156.15696716308594, 123.96773529052734, 118.25819396972656, 55.31726837158203, 130.96946716308594, 127.62445068359375, 117.61377716064453, 117.72000885009766, 38.60051727294922, 67.00746154785156, 57.00876998901367, 73.7834701538086, 77.6208724975586, 53.0848388671875, 104.23531341552734, 64.14047241210938, 59.03388977050781, 132.1854705810547, 142.63589477539062, 66.61080932617188, 131.5750732421875, 69.77105712890625, 82.15229797363281, 71.21797180175781, 145.11375427246094, 23.194826126098633, 0.0, 119.64112854003906, 88.61715698242188, 123.1015853881836, 130.29965209960938, 114.33721923828125, 62.297672271728516, 33.60059356689453, 48.10405349731445, 43.011627197265625, 113.21660614013672, 115.21284484863281, 102.12247467041016, 70.21395874023438], [64.13267517089844, 13.03840446472168, 48.010414123535156, 108.93116760253906, 132.7742462158203, 202.765869140625, 158.44557189941406, 159.2607879638672, 150.7846221923828, 56.35601043701172, 106.32027435302734, 161.30096435546875, 110.2587890625, 138.13037109375, 34.539833068847656, 181.51583862304688, 142.411376953125, 59.03388977050781, 97.14422607421875, 111.01801300048828, 189.0026397705078, 179.13682556152344, 46.097721099853516, 163.95730590820312, 105.84894561767578, 142.77255249023438, 119.64112854003906, 0.0, 59.90826416015625, 30.5941162109375, 18.973665237426758, 5.385164737701416, 141.15594482421875, 150.86749267578125, 151.1820068359375, 158.45504760742188, 140.8687286376953, 32.06243896484375, 144.26712036132812, 188.50994873046875], [68.87670135498047, 54.7813835144043, 94.66783905029297, 55.145263671875, 77.36924743652344, 143.96180725097656, 98.60020446777344, 99.4032211303711, 126.57408905029297, 59.0, 52.08646774291992, 107.07473754882812, 120.50726318359375, 128.12884521484375, 74.79304504394531, 152.20053100585938, 133.8431854248047, 109.55364227294922, 60.16643524169922, 115.44696044921875, 129.13946533203125, 131.5940704345703, 64.76110076904297, 111.01801300048828, 65.76473236083984, 108.72441864013672, 88.61715698242188, 59.90826416015625, 0.0, 84.2911605834961, 57.9741325378418, 57.00876998901367, 87.00574493408203, 122.14745330810547, 132.9097442626953, 117.0, 81.39410400390625, 80.80223083496094, 84.38008880615234, 157.54681396484375], [93.19334411621094, 43.28972244262695, 19.313207626342773, 125.70600891113281, 160.32778930664062, 221.9234161376953, 181.9587860107422, 182.7019500732422, 148.2969970703125, 56.14267349243164, 123.54756164550781, 176.23280334472656, 93.60021209716797, 129.24395751953125, 19.10497283935547, 180.1887969970703, 132.50282287597656, 28.44292449951172, 127.440185546875, 97.24710845947266, 211.02133178710938, 188.66372680664062, 41.0, 177.79200744628906, 136.01470947265625, 146.01370239257812, 123.1015853881836, 30.5941162109375, 84.2911605834961, 0.0, 48.0, 30.08321762084961, 156.66844177246094, 150.74813842773438, 145.60220336914062, 164.98484802246094, 165.46902465820312, 8.246211051940918, 166.83224487304688, 187.80841064453125], [45.39823913574219, 7.071067810058594, 66.37017059326172, 111.54371643066406, 123.84264373779297, 201.7572784423828, 153.9512939453125, 154.8289337158203, 163.6826171875, 71.21797180175781, 108.66461944580078, 164.10362243652344, 128.2224578857422, 153.67498779296875, 53.48831558227539, 193.5458526611328, 158.25611877441406, 76.16429901123047, 83.24061584472656, 128.31600952148438, 185.60711669921875, 185.3267364501953, 63.12685775756836, 167.50521850585938, 92.28217315673828, 153.0751495361328, 130.29965209960938, 18.973665237426758, 57.9741325378418, 48.0, 0.0, 22.825424194335938, 143.89231872558594, 162.69296264648438, 165.36021423339844, 166.72132873535156, 135.48431396484375, 50.635955810546875, 140.94325256347656, 200.17991638183594], [67.18630981445312, 16.155494689941406, 46.173583984375, 104.69479370117188, 131.2097625732422, 199.06028747558594, 155.60205078125, 156.40013122558594, 145.39944458007812, 51.0, 102.14205932617188, 156.92355346679688, 105.60302734375, 132.879638671875, 31.048349380493164, 176.13914489746094, 137.20057678222656, 58.24087905883789, 97.41663360595703, 106.10372161865234, 185.84132385253906, 174.23260498046875, 41.03656768798828, 159.4521942138672, 105.9480972290039, 137.4809112548828, 114.33721923828125, 5.385164737701416, 57.00876998901367, 30.08321762084961, 22.825424194335938, 0.0, 136.821044921875, 145.4991455078125, 145.8252410888672, 153.32644653320312, 138.2931671142578, 30.149627685546875, 141.17364501953125, 183.14202880859375], [151.79591369628906, 139.58868408203125, 158.8080596923828, 32.38827133178711, 85.6037368774414, 68.59300231933594, 58.54912567138672, 58.4208869934082, 90.04998779296875, 105.68348693847656, 35.22782897949219, 20.2237491607666, 137.92752075195312, 114.33721923828125, 140.47064208984375, 98.4327163696289, 120.0333251953125, 174.26416015625, 117.72000885009766, 127.4754867553711, 69.28924560546875, 49.92995071411133, 120.41594696044922, 24.1867733001709, 116.21101379394531, 62.07253646850586, 62.297672271728516, 141.15594482421875, 87.00574493408203, 156.66844177246094, 143.89231872558594, 136.821044921875, 0.0, 79.30951690673828, 104.04325866699219, 50.56678771972656, 60.373836517333984, 150.26976013183594, 45.54119110107422, 99.74467468261719], [189.73666381835938, 156.16978454589844, 143.03146362304688, 83.6480712890625, 158.3982391357422, 134.40609741210938, 137.8187255859375, 137.71347045898438, 11.704699516296387, 95.90099334716797, 85.95928955078125, 83.02409362792969, 85.47514343261719, 44.59820556640625, 131.64346313476562, 30.870698928833008, 48.60041046142578, 155.54420471191406, 174.91712951660156, 74.24284362792969, 145.0, 62.68173599243164, 110.02726745605469, 77.87811279296875, 176.81912231445312, 17.464248657226562, 33.60059356689453, 150.86749267578125, 122.14745330810547, 150.74813842773438, 162.69296264648438, 145.4991455078125, 79.30951690673828, 0.0, 26.925823211669922, 35.84689712524414, 137.277099609375, 142.5938262939453, 123.96773529052734, 37.64305877685547], [197.49684143066406, 158.47396850585938, 134.80726623535156, 103.16007232666016, 178.843505859375, 161.27615356445312, 162.0771484375, 162.04937744140625, 15.231546401977539, 94.82615661621094, 104.9952392578125, 109.44404602050781, 66.94026947021484, 21.540658950805664, 126.82665252685547, 39.84971618652344, 23.600847244262695, 145.49569702148438, 189.5283660888672, 56.718605041503906, 171.14321899414062, 89.1852035522461, 106.77546691894531, 104.54663848876953, 192.50973510742188, 42.42640686035156, 48.10405349731445, 151.1820068359375, 132.9097442626953, 145.60220336914062, 165.36021423339844, 145.8252410888672, 104.04325866699219, 26.925823211669922, 0.0, 62.7694206237793, 159.81239318847656, 137.36083984375, 147.48898315429688, 48.08325958251953], [185.8090362548828, 160.9534149169922, 161.07452392578125, 67.00746154785156, 135.36985778808594, 98.76234436035156, 107.96759033203125, 107.70329284667969, 47.53945541381836, 108.90362548828125, 70.0, 49.01020431518555, 115.74540710449219, 79.32212829589844, 146.37281799316406, 48.08325958251953, 83.86298370361328, 175.1485137939453, 161.19863891601562, 104.35037231445312, 111.04053497314453, 28.319604873657227, 124.31009674072266, 43.104522705078125, 161.31956481933594, 24.083189010620117, 43.011627197265625, 158.45504760742188, 117.0, 164.98484802246094, 166.72132873535156, 153.32644653320312, 50.56678771972656, 35.84689712524414, 62.7694206237793, 0.0, 110.92339324951172, 157.27682495117188, 96.00521087646484, 49.19349670410156], [124.5351333618164, 133.96267700195312, 174.2899932861328, 59.21148681640625, 28.65309715270996, 75.1664810180664, 19.416488647460938, 20.39607810974121, 147.09181213378906, 128.82546997070312, 58.54912567138672, 69.35416412353516, 178.7652130126953, 166.04818725585938, 154.30165100097656, 158.61903381347656, 172.07266235351562, 189.62330627441406, 76.05918884277344, 170.03823852539062, 52.17279052734375, 106.4048843383789, 139.81773376464844, 76.48529052734375, 70.71067810058594, 119.8165283203125, 113.21660614013672, 140.8687286376953, 81.39410400390625, 165.46902465820312, 135.48431396484375, 138.2931671142578, 60.373836517333984, 137.277099609375, 159.81239318847656, 110.92339324951172, 0.0, 161.4434814453125, 16.278820037841797, 160.11245727539062], [96.02603912353516, 45.09988784790039, 16.031219482421875, 119.70797729492188, 157.6229705810547, 216.13421630859375, 177.49647521972656, 178.21334838867188, 140.0714111328125, 48.3735466003418, 117.66053009033203, 169.66436767578125, 86.05230712890625, 121.07848358154297, 11.0, 171.97674560546875, 124.39051055908203, 29.068883895874023, 127.09445190429688, 89.35882568359375, 206.01455688476562, 181.24569702148438, 33.060550689697266, 171.02630615234375, 135.4400177001953, 138.05795288085938, 115.21284484863281, 32.06243896484375, 80.80223083496094, 8.246211051940918, 50.635955810546875, 30.149627685546875, 150.26976013183594, 142.5938262939453, 137.36083984375, 157.27682495117188, 161.4434814453125, 0.0, 162.11415100097656, 179.61068725585938], [134.72935485839844, 138.6542510986328, 173.9712677001953, 50.9215087890625, 44.65422821044922, 63.28506851196289, 16.552946090698242, 17.0, 134.2125244140625, 125.67020416259766, 51.078372955322266, 53.15073013305664, 171.40011596679688, 155.20631408691406, 154.14927673339844, 143.96180725097656, 161.152099609375, 189.5098876953125, 89.10667419433594, 162.08639526367188, 44.777225494384766, 90.27181243896484, 137.90576171875, 60.30754470825195, 84.64632415771484, 106.53168487548828, 102.12247467041016, 144.26712036132812, 84.38008880615234, 166.83224487304688, 140.94325256347656, 141.17364501953125, 45.54119110107422, 123.96773529052734, 147.48898315429688, 96.00521087646484, 16.278820037841797, 162.11415100097656, 0.0, 145.09652709960938], [225.88714599609375, 193.70596313476562, 179.17868041992188, 113.35784149169922, 184.36105346679688, 139.08990478515625, 156.5407257080078, 156.21780395507812, 40.0, 133.41664123535156, 116.10340118408203, 95.8018798828125, 114.98260498046875, 69.57010650634766, 168.7157440185547, 8.246211051940918, 70.7742919921875, 191.01046752929688, 207.18348693847656, 104.56098937988281, 156.16017150878906, 63.0079345703125, 147.31259155273438, 89.05054473876953, 208.12496948242188, 48.82622146606445, 70.21395874023438, 188.50994873046875, 157.54681396484375, 187.80841064453125, 200.17991638183594, 183.14202880859375, 99.74467468261719, 37.64305877685547, 48.08325958251953, 49.19349670410156, 160.11245727539062, 179.61068725585938, 145.09652709960938, 0.0]], "coordinates": [[-99, 51], [-88, 1], [-86, -60], [18, 17], [-2, 90], [98, 71], [42, 80], [43, 80], [53, -68], [-37, -38], [15, 18], [70, 25], [-18, -98], [27, -90], [-74, -44], [85, -70], [28, -96], [-98, -70], [-53, 79], [-9, -91], [74, 87], [92, -5], [-52, -42], [74, 19], [-47, 86], [53, -40], [30, -37], [-87, -12], [-37, 21], [-93, -42], [-93, 6], [-82, -14], [50, 22], [57, -57], [47, -82], [71, -24], [23, 76], [-85, -44], [35, 65], [93, -68]], "demands": [7.0, 9.0, 14.0, 13.0, 16.0, 3.0, 3.0, 12.0, 17.0, 17.0, 13.0, 16.0, 3.0, 6.0, 10.0, 1.0, 6.0, 5.0, 9.0, 15.0, -7.0, -9.0, -14.0, -13.0, -16.0, -3.0, -3.0, -12.0, -17.0, -17.0, -13.0, -16.0, -3.0, -6.0, -10.0, -1.0, -6.0, -5.0, -9.0, -15.0], "capacity": 50, "Vmax": 14}