{"name": "LZB_n20_1", "n": 20, "m": 6, "times": [[0.0, 88.09085845947266, 85.70297241210938, 95.18928527832031, 45.80392837524414, 101.11874389648438, 74.4311752319336, 81.04936981201172, 94.87360382080078, 5.0, 103.4794692993164, 51.61395263671875, 65.19202423095703, 109.59014892578125, 36.67424011230469, 53.33854293823242, 68.7677230834961, 43.416587829589844, 13.892443656921387, 142.126708984375, 67.35725402832031, 95.60334777832031, 99.76472473144531, 59.81638717651367, 47.12748718261719, 68.18357849121094, 73.17103576660156, 73.02738952636719, 27.658634185791016, 58.694122314453125, 94.79451751708984, 87.32124328613281, 72.69112396240234, 23.76972770690918, 81.61495208740234, 62.297672271728516, 72.86288452148438, 55.803226470947266, 74.30342864990234, 99.29753112792969], [88.09085845947266, 0.0, 142.72000122070312, 106.79419708251953, 45.18849563598633, 172.9306182861328, 18.439088821411133, 146.70037841796875, 29.4108829498291, 88.45903015136719, 15.620499610900879, 105.10946655273438, 125.3554916381836, 193.82981872558594, 118.69709014892578, 141.01419067382812, 19.416488647460938, 98.89894104003906, 84.2911605834961, 229.17242431640625, 149.4021453857422, 162.7882080078125, 141.5097198486328, 107.56393432617188, 47.88528060913086, 143.89231872558594, 148.22280883789062, 68.15423583984375, 91.80958557128906, 80.23091888427734, 125.03599548339844, 175.41094970703125, 147.36349487304688, 65.76473236083984, 148.77163696289062, 48.093658447265625, 118.03813171386719, 106.89247131347656, 125.15989685058594, 180.94198608398438], [85.70297241210938, 142.72000122070312, 0.0, 61.400325775146484, 118.00423431396484, 160.0, 124.32618713378906, 15.033296585083008, 162.6345672607422, 80.95677947998047, 157.16551208496094, 39.051246643066406, 20.615528106689453, 80.60397338867188, 57.00876998901367, 91.60785675048828, 128.26535034179688, 47.01063537597656, 75.70997619628906, 121.51131439208984, 51.865211486816406, 160.7762451171875, 180.00555419921875, 35.1710090637207, 96.50906372070312, 35.46829605102539, 33.95585250854492, 156.17938232421875, 60.8276252746582, 63.56099319458008, 38.897300720214844, 98.23441314697266, 135.20724487304688, 90.19977569580078, 18.0, 140.22837829589844, 155.0483856201172, 36.34556198120117, 17.8885440826416, 141.7779998779297], [95.18928527832031, 106.79419708251953, 61.400325775146484, 0.0, 102.39628601074219, 192.31744384765625, 89.62700653076172, 74.32361602783203, 133.41664123535156, 90.55384826660156, 118.03813171386719, 51.62363815307617, 59.03388977050781, 140.11781311035156, 89.10667419433594, 129.0658721923828, 99.32774353027344, 56.32051086425781, 81.3019027709961, 181.22085571289062, 102.956298828125, 188.95767211914062, 194.01031494140625, 44.10215377807617, 73.43023681640625, 87.86353302001953, 89.02246856689453, 146.184814453125, 69.35416412353516, 38.18376541137695, 24.83948516845703, 148.12156677246094, 164.34414672851562, 83.4385986328125, 77.47257232666016, 124.90796661376953, 166.64332580566406, 48.25971221923828, 47.434165954589844, 182.200439453125], [45.80392837524414, 45.18849563598633, 118.00423431396484, 102.39628601074219, 0.0, 128.8914337158203, 37.013511657714844, 117.83463287353516, 49.24428939819336, 47.50789260864258, 59.6824951171875, 79.05693817138672, 98.08159637451172, 155.0483856201172, 80.52949523925781, 97.08243560791016, 26.248809814453125, 71.0, 46.48655700683594, 187.87762451171875, 111.82575988769531, 119.50732421875, 104.69479370117188, 84.59314727783203, 29.20616340637207, 109.76793670654297, 114.56002807617188, 43.8292121887207, 58.694122314453125, 65.79513549804688, 112.60550689697266, 132.23086547851562, 102.61579132080078, 28.44292449951172, 119.2182846069336, 23.0867919921875, 78.64476776123047, 82.2192153930664, 102.39628601074219, 135.77186584472656], [101.11874389648438, 172.9306182861328, 160.0, 192.31744384765625, 128.8914337158203, 0.0, 165.60494995117188, 147.62791442871094, 164.39585876464844, 104.7377700805664, 185.72291564941406, 141.94717407226562, 144.5856170654297, 122.24974060058594, 106.0660171508789, 68.4105224609375, 154.93223571777344, 136.12493896484375, 114.14026641845703, 125.39936065673828, 111.72286987304688, 13.601470947265625, 59.4810905456543, 150.37619018554688, 145.00344848632812, 126.15070343017578, 129.49517822265625, 117.33712005615234, 123.3693618774414, 158.61903381347656, 185.1512908935547, 78.29431915283203, 28.44292449951172, 122.14745330810547, 146.0, 127.81236267089844, 62.801273345947266, 145.90750122070312, 157.78466796875, 31.064449310302734], [74.4311752319336, 18.439088821411133, 124.32618713378906, 89.62700653076172, 37.013511657714844, 165.60494995117188, 0.0, 128.5496063232422, 43.96589660644531, 74.06078338623047, 33.105892181396484, 86.92525482177734, 107.15409088134766, 177.3414764404297, 102.55242919921875, 127.76932525634766, 13.892443656921387, 80.95059967041016, 68.7677230834961, 213.58839416503906, 132.7742462158203, 156.4608612060547, 140.2462158203125, 89.1852035522461, 30.610456466674805, 126.479248046875, 130.6981201171875, 71.19690704345703, 74.81310272216797, 61.814239501953125, 107.00466918945312, 161.23585510253906, 138.85243225097656, 51.03919982910156, 130.6790008544922, 48.754486083984375, 114.98260498046875, 88.60022735595703, 106.73799896240234, 170.76300048828125], [81.04936981201172, 146.70037841796875, 15.033296585083008, 74.32361602783203, 117.83463287353516, 147.62791442871094, 128.5496063232422, 0.0, 164.4506072998047, 76.65507507324219, 161.64466857910156, 41.62931823730469, 21.470911026000977, 66.21932983398438, 48.332183837890625, 79.30951690673828, 130.94273376464844, 48.08325958251953, 73.00685119628906, 107.2800064086914, 37.57658767700195, 149.20120239257812, 171.17242431640625, 40.804412841796875, 99.29753112792969, 21.63330841064453, 19.313207626342773, 153.39491271972656, 59.21148681640625, 70.21395874023438, 53.15073013305664, 83.52245330810547, 123.79418182373047, 89.45389556884766, 3.1622776985168457, 139.1761474609375, 147.16656494140625, 40.31128692626953, 27.459060668945312, 128.12884521484375], [94.87360382080078, 29.4108829498291, 162.6345672607422, 133.41664123535156, 49.24428939819336, 164.39585876464844, 43.96589660644531, 164.4506072998047, 0.0, 96.7470932006836, 29.546573638916016, 123.79418182373047, 143.75326538085938, 204.28656005859375, 129.6919403076172, 144.42298889160156, 35.0142822265625, 116.4989242553711, 95.34149169921875, 236.60304260253906, 160.99688720703125, 152.85614013671875, 124.57929229736328, 127.76932525634766, 66.27216339111328, 158.24032592773438, 162.92636108398438, 49.497474670410156, 106.25440979003906, 103.0436782836914, 149.65626525878906, 180.0555419921875, 141.5238494873047, 76.69419860839844, 166.1385040283203, 37.44329071044922, 104.54663848876953, 126.28935241699219, 145.7738037109375, 177.2484130859375], [5.0, 88.45903015136719, 80.95677947998047, 90.55384826660156, 47.50789260864258, 104.7377700805664, 74.06078338623047, 76.65507507324219, 96.7470932006836, 0.0, 103.96633911132812, 46.615447998046875, 60.406951904296875, 107.54068756103516, 33.52610778808594, 54.12947463989258, 69.29646301269531, 38.41874694824219, 9.486832618713379, 141.01419067382812, 64.62197875976562, 99.6242904663086, 104.69001770019531, 54.81787872314453, 45.694637298583984, 64.49806213378906, 69.46221923828125, 77.0064926147461, 22.671567916870117, 54.424259185791016, 89.8276138305664, 87.20092010498047, 76.29547882080078, 23.021728515625, 77.3175277709961, 65.25334930419922, 77.8331527709961, 50.80354309082031, 69.35416412353516, 101.71037292480469], [103.4794692993164, 15.620499610900879, 157.16551208496094, 118.03813171386719, 59.6824951171875, 185.72291564941406, 33.105892181396484, 161.64466857910156, 29.546573638916016, 103.96633911132812, 0.0, 120.01666259765625, 140.2355194091797, 209.44212341308594, 134.31678771972656, 156.20819091796875, 34.71310806274414, 114.03946685791016, 99.90495300292969, 244.7611083984375, 165.0, 175.11138916015625, 151.0, 122.09013366699219, 63.28506851196289, 159.3267059326172, 163.6154022216797, 76.16429901123047, 107.33592224121094, 94.11163330078125, 137.6154022216797, 190.79046630859375, 160.82289123535156, 81.3449478149414, 163.78338623046875, 58.694122314453125, 128.87591552734375, 121.63058471679688, 139.47401428222656, 195.0179443359375], [51.61395263671875, 105.10946655273438, 39.051246643066406, 51.62363815307617, 79.05693817138672, 141.94717407226562, 86.92525482177734, 41.62931823730469, 123.79418182373047, 46.615447998046875, 120.01666259765625, 0.0, 20.248456954956055, 97.90811920166016, 37.48332977294922, 77.46611785888672, 89.73851013183594, 8.5440034866333, 39.357337951660156, 137.92752075195312, 55.54277801513672, 139.67103576660156, 150.69505310058594, 8.602325439453125, 57.9741325378418, 43.600460052490234, 46.75468063354492, 118.359619140625, 24.1867733001709, 30.610456466674805, 44.204071044921875, 98.0051040649414, 114.49017333984375, 51.62363815307617, 43.8292121887207, 101.49384307861328, 124.19742584228516, 4.242640495300293, 23.76972770690918, 130.6139373779297], [65.19202423095703, 125.3554916381836, 20.615528106689453, 59.03388977050781, 98.08159637451172, 144.5856170654297, 107.15409088134766, 21.470911026000977, 143.75326538085938, 60.406951904296875, 140.2355194091797, 20.248456954956055, 0.0, 82.29216003417969, 39.051246643066406, 76.92203521728516, 109.8954086303711, 27.294687271118164, 55.10898208618164, 123.16655731201172, 44.10215377807617, 144.2012481689453, 160.80111694335938, 19.79899024963379, 78.16009521484375, 28.861740112304688, 30.463092803955078, 135.6355438232422, 40.31128692626953, 49.04079818725586, 42.7551155090332, 90.13877868652344, 118.60016632080078, 70.00714111328125, 23.853721618652344, 120.03749084472656, 135.36985778808594, 18.867961883544922, 13.601470947265625, 129.09686279296875], [109.59014892578125, 193.82981872558594, 80.60397338867188, 140.11781311035156, 155.0483856201172, 122.24974060058594, 177.3414764404297, 66.21932983398438, 204.28656005859375, 107.54068756103516, 209.44212341308594, 97.90811920166016, 82.29216003417969, 0.0, 75.21302795410156, 70.1783447265625, 175.42234802246094, 100.2646484375, 109.85900115966797, 41.1096076965332, 44.59820556640625, 129.65338134765625, 166.460205078125, 101.212646484375, 146.75489807128906, 54.37830352783203, 51.88448715209961, 178.07020568847656, 102.64988708496094, 128.4562225341797, 119.33147430419922, 44.0113639831543, 109.04127502441406, 128.70509338378906, 63.06346130371094, 171.39720153808594, 150.00332641601562, 98.79270935058594, 92.69843292236328, 93.64827728271484], [36.67424011230469, 118.69709014892578, 57.00876998901367, 89.10667419433594, 80.52949523925781, 106.0660171508789, 102.55242919921875, 48.332183837890625, 129.6919403076172, 33.52610778808594, 134.31678771972656, 37.48332977294922, 39.051246643066406, 75.21302795410156, 0.0, 40.024993896484375, 100.20977783203125, 34.058773040771484, 34.66987228393555, 111.1980209350586, 31.30495262145996, 105.20931243896484, 123.17467498779297, 45.35416030883789, 72.13875579833984, 32.06243896484375, 37.05401611328125, 109.37092590332031, 29.154760360717773, 62.36986541748047, 79.2022705078125, 63.24555206298828, 79.6303939819336, 53.5350341796875, 48.10405349731445, 98.76234436035156, 98.84330749511719, 41.0, 51.865211486816406, 93.17188262939453], [53.33854293823242, 141.01419067382812, 91.60785675048828, 129.0658721923828, 97.08243560791016, 68.4105224609375, 127.76932525634766, 79.30951690673828, 144.42298889160156, 54.12947463989258, 156.20819091796875, 77.46611785888672, 76.92203521728516, 70.1783447265625, 40.024993896484375, 0.0, 121.60591888427734, 73.33484649658203, 61.35144805908203, 93.94147491455078, 44.65422821044922, 70.1783447265625, 98.76234436035156, 85.37564086914062, 99.80982208251953, 57.982757568359375, 61.61980056762695, 110.92339324951172, 64.28063201904297, 100.07997131347656, 118.68024444580078, 35.80502700805664, 45.221675872802734, 76.94153594970703, 77.79460144042969, 108.4066390991211, 80.09993743896484, 81.02468872070312, 90.37699127197266, 53.15073013305664], [68.7677230834961, 19.416488647460938, 128.26535034179688, 99.32774353027344, 26.248809814453125, 154.93223571777344, 13.892443656921387, 130.94273376464844, 35.0142822265625, 69.29646301269531, 34.71310806274414, 89.73851013183594, 109.8954086303711, 175.42234802246094, 100.20977783203125, 121.60591888427734, 0.0, 82.861328125, 65.6048812866211, 210.2117919921875, 131.1868896484375, 145.24806213378906, 127.098388671875, 93.21480560302734, 31.78049659729004, 126.56224060058594, 131.04579162597656, 57.30619430541992, 74.24284362792969, 68.02940368652344, 114.73883056640625, 156.08331298828125, 128.84486389160156, 46.86149978637695, 132.81565856933594, 34.928497314453125, 102.31324768066406, 91.98369598388672, 111.15754699707031, 161.9290008544922], [43.416587829589844, 98.89894104003906, 47.01063537597656, 56.32051086425781, 71.0, 136.12493896484375, 80.95059967041016, 48.08325958251953, 116.4989242553711, 38.41874694824219, 114.03946685791016, 8.5440034866333, 27.294687271118164, 100.2646484375, 34.058773040771484, 73.33484649658203, 82.861328125, 0.0, 30.886890411376953, 139.51702880859375, 56.603885650634766, 133.27040100097656, 142.8425750732422, 16.401220321655273, 51.26402282714844, 46.69047164916992, 50.447994232177734, 109.88175201416016, 15.81138801574707, 29.154760360717773, 51.6623649597168, 96.54014587402344, 108.33743286132812, 43.28972244262695, 49.97999572753906, 93.26306915283203, 116.18089294433594, 12.529964447021484, 32.280025482177734, 126.28935241699219], [13.892443656921387, 84.2911605834961, 75.70997619628906, 81.3019027709961, 46.48655700683594, 114.14026641845703, 68.7677230834961, 73.00685119628906, 95.34149169921875, 9.486832618713379, 99.90495300292969, 39.357337951660156, 55.10898208618164, 109.85900115966797, 34.66987228393555, 61.35144805908203, 65.6048812866211, 30.886890411376953, 0.0, 144.9586181640625, 65.86349487304688, 109.11003875732422, 113.35784149169922, 47.16990661621094, 39.11521530151367, 63.324562072753906, 68.15423583984375, 80.62257385253906, 15.231546401977539, 44.94440841674805, 81.56592559814453, 92.96235656738281, 85.70297241210938, 18.867961883544922, 74.02702331542969, 66.48307800292969, 86.27861785888672, 43.416587829589844, 62.7694206237793, 110.36756896972656], [142.126708984375, 229.17242431640625, 121.51131439208984, 181.22085571289062, 187.87762451171875, 125.39936065673828, 213.58839416503906, 107.2800064086914, 236.60304260253906, 141.01419067382812, 244.7611083984375, 137.92752075195312, 123.16655731201172, 41.1096076965332, 111.1980209350586, 93.94147491455078, 210.2117919921875, 139.51702880859375, 144.9586181640625, 0.0, 82.92768096923828, 136.01470947265625, 178.80995178222656, 141.7674102783203, 183.30575561523438, 94.81033325195312, 92.70382690429688, 204.82431030273438, 139.9464111328125, 168.24090576171875, 160.33090209960938, 58.694122314453125, 121.34249114990234, 163.41664123535156, 104.12012481689453, 201.64572143554688, 167.8362274169922, 139.11865234375, 133.79461669921875, 94.33981323242188], [67.35725402832031, 149.4021453857422, 51.865211486816406, 102.956298828125, 111.82575988769531, 111.72286987304688, 132.7742462158203, 37.57658767700195, 160.99688720703125, 64.62197875976562, 165.0, 55.54277801513672, 44.10215377807617, 44.59820556640625, 31.30495262145996, 44.65422821044922, 131.1868896484375, 56.603885650634766, 65.86349487304688, 82.92768096923828, 0.0, 114.63420104980469, 141.87318420410156, 60.4400520324707, 102.17631530761719, 16.492422103881836, 18.357559204101562, 138.917236328125, 58.051700592041016, 85.47514343261719, 86.14522552490234, 46.69047164916992, 89.87213134765625, 84.72307586669922, 35.35533905029297, 129.65338134765625, 120.54045104980469, 57.245086669921875, 57.00876998901367, 90.73587799072266], [95.60334777832031, 162.7882080078125, 160.7762451171875, 188.95767211914062, 119.50732421875, 13.601470947265625, 156.4608612060547, 149.20120239257812, 152.85614013671875, 99.6242904663086, 175.11138916015625, 139.67103576660156, 144.2012481689453, 129.65338134765625, 105.20931243896484, 70.1783447265625, 145.24806213378906, 133.27040100097656, 109.11003875732422, 136.01470947265625, 114.63420104980469, 0.0, 46.097721099853516, 148.22280883789062, 137.5245361328125, 128.08200073242188, 131.79530334472656, 105.0951919555664, 119.62023162841797, 154.0032501220703, 183.5047607421875, 85.72631072998047, 25.612497329711914, 115.26057434082031, 147.82760620117188, 116.76043701171875, 49.92995071411133, 143.75674438476562, 157.0509490966797, 42.42640686035156], [99.76472473144531, 141.5097198486328, 180.00555419921875, 194.01031494140625, 104.69479370117188, 59.4810905456543, 140.2462158203125, 171.17242431640625, 124.57929229736328, 104.69001770019531, 151.0, 150.69505310058594, 160.80111694335938, 166.460205078125, 123.17467498779297, 98.76234436035156, 127.098388671875, 142.8425750732422, 113.35784149169922, 178.80995178222656, 141.87318420410156, 46.097721099853516, 0.0, 159.1383056640625, 129.76902770996094, 152.05262756347656, 156.5407257080078, 75.1664810180664, 127.28707885742188, 156.23699951171875, 194.45565795898438, 124.14507293701172, 58.00862121582031, 111.83023071289062, 170.5579071044922, 93.4344711303711, 27.459060668945312, 154.9354705810547, 171.9593048095703, 87.64131164550781], [59.81638717651367, 107.56393432617188, 35.1710090637207, 44.10215377807617, 84.59314727783203, 150.37619018554688, 89.1852035522461, 40.804412841796875, 127.76932525634766, 54.81787872314453, 122.09013366699219, 8.602325439453125, 19.79899024963379, 101.212646484375, 45.35416030883789, 85.37564086914062, 93.21480560302734, 16.401220321655273, 47.16990661621094, 141.7674102783203, 60.4400520324707, 148.22280883789062, 159.1383056640625, 0.0, 61.52235412597656, 46.957427978515625, 49.39635467529297, 125.0, 32.202484130859375, 29.4108829498291, 35.608985900878906, 104.3886947631836, 123.00406646728516, 57.9741325378418, 43.416587829589844, 107.35455322265625, 132.54811096191406, 4.4721360206604, 18.027755737304688, 138.51353454589844], [47.12748718261719, 47.88528060913086, 96.50906372070312, 73.43023681640625, 29.20616340637207, 145.00344848632812, 30.610456466674805, 99.29753112792969, 66.27216339111328, 45.694637298583984, 63.28506851196289, 57.9741325378418, 78.16009521484375, 146.75489807128906, 72.13875579833984, 99.80982208251953, 31.78049659729004, 51.26402282714844, 39.11521530151367, 183.30575561523438, 102.17631530761719, 137.5245361328125, 129.76902770996094, 61.52235412597656, 0.0, 96.04165649414062, 100.34440612792969, 73.00685119628906, 44.204071044921875, 38.07886505126953, 85.37564086914062, 132.0757293701172, 117.068359375, 23.53720474243164, 101.2422866821289, 51.4781494140625, 102.69371795654297, 60.20797348022461, 79.5110092163086, 146.11297607421875], [68.18357849121094, 143.89231872558594, 35.46829605102539, 87.86353302001953, 109.76793670654297, 126.15070343017578, 126.479248046875, 21.63330841064453, 158.24032592773438, 64.49806213378906, 159.3267059326172, 43.600460052490234, 28.861740112304688, 54.37830352783203, 32.06243896484375, 57.982757568359375, 126.56224060058594, 46.69047164916992, 63.324562072753906, 94.81033325195312, 16.492422103881836, 128.08200073242188, 152.05262756347656, 46.957427978515625, 96.04165649414062, 0.0, 5.0, 141.17364501953125, 52.32590103149414, 74.20242309570312, 70.00714111328125, 63.150611877441406, 102.8250961303711, 81.59656524658203, 19.84943389892578, 129.43724060058594, 129.09686279296875, 44.41846466064453, 41.1096076965332, 106.55046081542969], [73.17103576660156, 148.22280883789062, 33.95585250854492, 89.02246856689453, 114.56002807617188, 129.49517822265625, 130.6981201171875, 19.313207626342773, 162.92636108398438, 69.46221923828125, 163.6154022216797, 46.75468063354492, 30.463092803955078, 51.88448715209961, 37.05401611328125, 61.61980056762695, 131.04579162597656, 50.447994232177734, 68.15423583984375, 92.70382690429688, 18.357559204101562, 131.79530334472656, 156.5407257080078, 49.39635467529297, 100.34440612792969, 5.0, 0.0, 146.16770935058594, 56.859474182128906, 77.33692169189453, 70.11418914794922, 64.28841400146484, 106.66770935058594, 86.33075714111328, 17.0, 134.34657287597656, 133.79461669921875, 47.20169448852539, 41.773197174072266, 109.07795715332031], [73.02738952636719, 68.15423583984375, 156.17938232421875, 146.184814453125, 43.8292121887207, 117.33712005615234, 71.19690704345703, 153.39491271972656, 49.497474670410156, 77.0064926147461, 76.16429901123047, 118.359619140625, 135.6355438232422, 178.07020568847656, 109.37092590332031, 110.92339324951172, 57.30619430541992, 109.88175201416016, 80.62257385253906, 204.82431030273438, 138.917236328125, 105.0951919555664, 75.1664810180664, 125.0, 73.00685119628906, 141.17364501953125, 146.16770935058594, 0.0, 95.35198211669922, 109.17874908447266, 155.34799194335938, 146.29421997070312, 97.18538665771484, 67.05221557617188, 154.20765686035156, 22.803508758544922, 55.71355438232422, 122.00409698486328, 142.126708984375, 133.8693389892578], [27.658634185791016, 91.80958557128906, 60.8276252746582, 69.35416412353516, 58.694122314453125, 123.3693618774414, 74.81310272216797, 59.21148681640625, 106.25440979003906, 22.671567916870117, 107.33592224121094, 24.1867733001709, 40.31128692626953, 102.64988708496094, 29.154760360717773, 64.28063201904297, 74.24284362792969, 15.81138801574707, 15.231546401977539, 139.9464111328125, 58.051700592041016, 119.62023162841797, 127.28707885742188, 32.202484130859375, 44.204071044921875, 52.32590103149414, 56.859474182128906, 95.35198211669922, 0.0, 36.055511474609375, 67.17886352539062, 91.92388153076172, 95.18928527832031, 30.265491485595703, 60.530982971191406, 80.02499389648438, 100.4987564086914, 28.301942825317383, 47.53945541381836, 116.10771179199219], [58.694122314453125, 80.23091888427734, 63.56099319458008, 38.18376541137695, 65.79513549804688, 158.61903381347656, 61.814239501953125, 70.21395874023438, 103.0436782836914, 54.424259185791016, 94.11163330078125, 30.610456466674805, 49.04079818725586, 128.4562225341797, 62.36986541748047, 100.07997131347656, 68.02940368652344, 29.154760360717773, 44.94440841674805, 168.24090576171875, 85.47514343261719, 154.0032501220703, 156.23699951171875, 29.4108829498291, 38.07886505126953, 74.20242309570312, 77.33692169189453, 109.17874908447266, 36.055511474609375, 0.0, 47.29693603515625, 125.41929626464844, 130.249755859375, 45.25483322143555, 72.80110168457031, 88.76936340332031, 128.8099365234375, 30.4138126373291, 45.694637298583984, 152.16110229492188], [94.79451751708984, 125.03599548339844, 38.897300720214844, 24.83948516845703, 112.60550689697266, 185.1512908935547, 107.00466918945312, 53.15073013305664, 149.65626525878906, 89.8276138305664, 137.6154022216797, 44.204071044921875, 42.7551155090332, 119.33147430419922, 79.2022705078125, 118.68024444580078, 114.73883056640625, 51.6623649597168, 81.56592559814453, 160.33090209960938, 86.14522552490234, 183.5047607421875, 194.45565795898438, 35.608985900878906, 85.37564086914062, 70.00714111328125, 70.11418914794922, 155.34799194335938, 67.17886352539062, 47.29693603515625, 0.0, 132.63861083984375, 158.1455078125, 89.06739044189453, 56.29387283325195, 135.6797637939453, 167.6573944091797, 40.0, 29.27456283569336, 171.40011596679688], [87.32124328613281, 175.41094970703125, 98.23441314697266, 148.12156677246094, 132.23086547851562, 78.29431915283203, 161.23585510253906, 83.52245330810547, 180.0555419921875, 87.20092010498047, 190.79046630859375, 98.0051040649414, 90.13877868652344, 44.0113639831543, 63.24555206298828, 35.80502700805664, 156.08331298828125, 96.54014587402344, 92.96235656738281, 58.694122314453125, 46.69047164916992, 85.72631072998047, 124.14507293701172, 104.3886947631836, 132.0757293701172, 63.150611877441406, 64.28841400146484, 146.29421997070312, 91.92388153076172, 125.41929626464844, 132.63861083984375, 0.0, 66.18912506103516, 110.20889282226562, 80.95677947998047, 144.2012481689453, 110.3177261352539, 100.60317993164062, 103.3924560546875, 50.6063232421875], [72.69112396240234, 147.36349487304688, 135.20724487304688, 164.34414672851562, 102.61579132080078, 28.44292449951172, 138.85243225097656, 123.79418182373047, 141.5238494873047, 76.29547882080078, 160.82289123535156, 114.49017333984375, 118.60016632080078, 109.04127502441406, 79.6303939819336, 45.221675872802734, 128.84486389160156, 108.33743286132812, 85.70297241210938, 121.34249114990234, 89.87213134765625, 25.612497329711914, 58.00862121582031, 123.00406646728516, 117.068359375, 102.8250961303711, 106.66770935058594, 97.18538665771484, 95.18928527832031, 130.249755859375, 158.1455078125, 66.18912506103516, 0.0, 94.00531768798828, 122.4948959350586, 104.23531341552734, 48.30113983154297, 118.53269958496094, 131.48764038085938, 36.769554138183594], [23.76972770690918, 65.76473236083984, 90.19977569580078, 83.4385986328125, 28.44292449951172, 122.14745330810547, 51.03919982910156, 89.45389556884766, 76.69419860839844, 23.021728515625, 81.3449478149414, 51.62363815307617, 70.00714111328125, 128.70509338378906, 53.5350341796875, 76.94153594970703, 46.86149978637695, 43.28972244262695, 18.867961883544922, 163.41664123535156, 84.72307586669922, 115.26057434082031, 111.83023071289062, 57.9741325378418, 23.53720474243164, 81.59656524658203, 86.33075714111328, 67.05221557617188, 30.265491485595703, 45.25483322143555, 89.06739044189453, 110.20889282226562, 94.00531768798828, 0.0, 90.79647827148438, 50.03998565673828, 84.38008880615234, 55.10898208618164, 75.31268310546875, 122.57650756835938], [81.61495208740234, 148.77163696289062, 18.0, 77.47257232666016, 119.2182846069336, 146.0, 130.6790008544922, 3.1622776985168457, 166.1385040283203, 77.3175277709961, 163.78338623046875, 43.8292121887207, 23.853721618652344, 63.06346130371094, 48.10405349731445, 77.79460144042969, 132.81565856933594, 49.97999572753906, 74.02702331542969, 104.12012481689453, 35.35533905029297, 147.82760620117188, 170.5579071044922, 43.416587829589844, 101.2422866821289, 19.84943389892578, 17.0, 154.20765686035156, 60.530982971191406, 72.80110168457031, 56.29387283325195, 80.95677947998047, 122.4948959350586, 90.79647827148438, 0.0, 140.356689453125, 146.81961059570312, 42.72002029418945, 30.528675079345703, 126.05157470703125], [62.297672271728516, 48.093658447265625, 140.22837829589844, 124.90796661376953, 23.0867919921875, 127.81236267089844, 48.754486083984375, 139.1761474609375, 37.44329071044922, 65.25334930419922, 58.694122314453125, 101.49384307861328, 120.03749084472656, 171.39720153808594, 98.76234436035156, 108.4066390991211, 34.928497314453125, 93.26306915283203, 66.48307800292969, 201.64572143554688, 129.65338134765625, 116.76043701171875, 93.4344711303711, 107.35455322265625, 51.4781494140625, 129.43724060058594, 134.34657287597656, 22.803508758544922, 80.02499389648438, 88.76936340332031, 135.6797637939453, 144.2012481689453, 104.23531341552734, 50.03998565673828, 140.356689453125, 0.0, 70.25667572021484, 104.8093490600586, 125.02799987792969, 139.81773376464844], [72.86288452148438, 118.03813171386719, 155.0483856201172, 166.64332580566406, 78.64476776123047, 62.801273345947266, 114.98260498046875, 147.16656494140625, 104.54663848876953, 77.8331527709961, 128.87591552734375, 124.19742584228516, 135.36985778808594, 150.00332641601562, 98.84330749511719, 80.09993743896484, 102.31324768066406, 116.18089294433594, 86.27861785888672, 167.8362274169922, 120.54045104980469, 49.92995071411133, 27.459060668945312, 132.54811096191406, 102.69371795654297, 129.09686279296875, 133.79461669921875, 55.71355438232422, 100.4987564086914, 128.8099365234375, 167.6573944091797, 110.3177261352539, 48.30113983154297, 84.38008880615234, 146.81961059570312, 70.25667572021484, 0.0, 128.42507934570312, 146.01370239257812, 84.05355072021484], [55.803226470947266, 106.89247131347656, 36.34556198120117, 48.25971221923828, 82.2192153930664, 145.90750122070312, 88.60022735595703, 40.31128692626953, 126.28935241699219, 50.80354309082031, 121.63058471679688, 4.242640495300293, 18.867961883544922, 98.79270935058594, 41.0, 81.02468872070312, 91.98369598388672, 12.529964447021484, 43.416587829589844, 139.11865234375, 57.245086669921875, 143.75674438476562, 154.9354705810547, 4.4721360206604, 60.20797348022461, 44.41846466064453, 47.20169448852539, 122.00409698486328, 28.301942825317383, 30.4138126373291, 40.0, 100.60317993164062, 118.53269958496094, 55.10898208618164, 42.72002029418945, 104.8093490600586, 128.42507934570312, 0.0, 20.2237491607666, 134.17153930664062], [74.30342864990234, 125.15989685058594, 17.8885440826416, 47.434165954589844, 102.39628601074219, 157.78466796875, 106.73799896240234, 27.459060668945312, 145.7738037109375, 69.35416412353516, 139.47401428222656, 23.76972770690918, 13.601470947265625, 92.69843292236328, 51.865211486816406, 90.37699127197266, 111.15754699707031, 32.280025482177734, 62.7694206237793, 133.79461669921875, 57.00876998901367, 157.0509490966797, 171.9593048095703, 18.027755737304688, 79.5110092163086, 41.1096076965332, 41.773197174072266, 142.126708984375, 47.53945541381836, 45.694637298583984, 29.27456283569336, 103.3924560546875, 131.48764038085938, 75.31268310546875, 30.528675079345703, 125.02799987792969, 146.01370239257812, 20.2237491607666, 0.0, 142.67796325683594], [99.29753112792969, 180.94198608398438, 141.7779998779297, 182.200439453125, 135.77186584472656, 31.064449310302734, 170.76300048828125, 128.12884521484375, 177.2484130859375, 101.71037292480469, 195.0179443359375, 130.6139373779297, 129.09686279296875, 93.64827728271484, 93.17188262939453, 53.15073013305664, 161.9290008544922, 126.28935241699219, 110.36756896972656, 94.33981323242188, 90.73587799072266, 42.42640686035156, 87.64131164550781, 138.51353454589844, 146.11297607421875, 106.55046081542969, 109.07795715332031, 133.8693389892578, 116.10771179199219, 152.16110229492188, 171.40011596679688, 50.6063232421875, 36.769554138183594, 122.57650756835938, 126.05157470703125, 139.81773376464844, 84.05355072021484, 134.17153930664062, 142.67796325683594, 0.0]], "coordinates": [[-10, -10], [-66, -78], [71, -38], [40, -91], [-47, -37], [-25, 90], [-48, -74], [70, -23], [-90, -61], [-6, -13], [-78, -88], [32, -40], [51, -33], [87, 41], [26, -3], [17, 36], [-55, -62], [24, -37], [-3, -22], [100, 80], [54, 11], [-36, 82], [-78, 63], [37, -47], [-24, -55], [58, -5], [63, -5], [-83, -12], [11, -28], [13, -64], [59, -75], [46, 57], [-20, 62], [-19, -32], [71, -20], [-69, -30], [-63, 40], [35, -43], [55, -46], [6, 88]], "demands": [10.0, 20.0, 17.0, 15.0, 20.0, 8.0, 3.0, 6.0, 5.0, 1.0, 5.0, 13.0, 19.0, 19.0, 10.0, 5.0, 15.0, 7.0, 14.0, 8.0, -10.0, -20.0, -17.0, -15.0, -20.0, -8.0, -3.0, -6.0, -5.0, -1.0, -5.0, -13.0, -19.0, -19.0, -10.0, -5.0, -15.0, -7.0, -14.0, -8.0], "capacity": 50, "Vmax": 14}