{"name": "LZB_n20_12", "n": 20, "m": 6, "times": [[0.0, 118.43141174316406, 48.0, 89.44271850585938, 54.37830352783203, 114.4770736694336, 96.4624252319336, 57.9741325378418, 110.72488403320312, 142.0211181640625, 74.81310272216797, 48.50773239135742, 177.775146484375, 124.61942291259766, 121.74153137207031, 169.3074188232422, 150.7647247314453, 95.04735565185547, 126.0634765625, 37.36308288574219, 13.601470947265625, 84.05355072021484, 150.1199493408203, 111.3283462524414, 177.56407165527344, 205.29248046875, 202.4104766845703, 60.008331298828125, 114.20157623291016, 60.8276252746582, 193.14501953125, 131.60546875, 152.75143432617188, 73.82411193847656, 43.27817153930664, 203.19448852539062, 110.29052734375, 204.43580627441406, 108.78418731689453, 71.5541763305664], [118.43141174316406, 0.0, 150.233154296875, 106.7052001953125, 72.53275299072266, 38.897300720214844, 97.32933807373047, 65.94694519042969, 103.12128448486328, 63.78087615966797, 88.45903015136719, 141.8203125, 72.18032836914062, 8.246211051940918, 115.6243896484375, 51.62363815307617, 101.212646484375, 68.11754608154297, 32.649654388427734, 134.61798095703125, 122.91867065429688, 69.63475799560547, 87.41853332519531, 73.7834701538086, 78.10890197753906, 87.20664978027344, 92.02173614501953, 74.94664764404297, 39.69886779785156, 123.00406646728516, 102.88343048095703, 46.06517028808594, 37.2155876159668, 45.343135833740234, 114.03946685791016, 85.61541748046875, 73.82411193847656, 88.76936340332031, 54.918121337890625, 48.10405349731445], [48.0, 150.233154296875, 0.0, 80.39900207519531, 98.37174224853516, 134.52508544921875, 92.39588928222656, 84.2911605834961, 104.47966003417969, 155.26107788085938, 122.4948959350586, 12.041594505310059, 197.2308349609375, 157.6134490966797, 111.01801300048828, 197.5677032470703, 151.082763671875, 105.11898040771484, 164.98484802246094, 15.620499610900879, 35.22782897949219, 95.29428100585938, 155.76905822753906, 157.41029357910156, 194.0953369140625, 233.30880737304688, 222.94842529296875, 77.46611785888672, 155.1837615966797, 42.19004440307617, 204.02206420898438, 172.62677001953125, 186.94651794433594, 105.42295837402344, 38.587562561035156, 230.21728515625, 117.0469970703125, 229.0196533203125, 152.5057373046875, 102.44998931884766], [89.44271850585938, 106.7052001953125, 80.39900207519531, 0.0, 99.98500061035156, 74.73285675048828, 13.601470947265625, 60.008331298828125, 24.083189010620117, 83.48652648925781, 133.25538635253906, 68.35934448242188, 128.70120239257812, 114.93476104736328, 32.572994232177734, 140.94325256347656, 71.0633544921875, 39.924930572509766, 134.0596923828125, 70.11418914794922, 80.65357971191406, 37.2155876159668, 77.82030487060547, 151.2415313720703, 122.67436218261719, 173.62315368652344, 154.17523193359375, 45.617977142333984, 131.4610137939453, 38.20994567871094, 127.53430938720703, 146.01370239257812, 142.17242431640625, 76.48529052734375, 48.50773239135742, 169.2572021484375, 43.863426208496094, 164.7847137451172, 137.67352294921875, 73.75635528564453], [54.37830352783203, 72.53275299072266, 98.37174224853516, 99.98500061035156, 0.0, 83.9523696899414, 99.63935089111328, 41.1096076965332, 112.60994720458984, 115.69355773925781, 33.2866325378418, 94.5409927368164, 141.1276092529297, 76.89603424072266, 126.25371551513672, 123.96773529052734, 138.4232635498047, 82.20097351074219, 73.0, 84.17243957519531, 64.07807922363281, 73.66138458251953, 131.70042419433594, 59.53990173339844, 144.12493896484375, 158.95912170410156, 163.35543823242188, 54.64430618286133, 60.20797348022461, 90.93404388427734, 164.90603637695312, 77.46611785888672, 102.57679748535156, 37.64305877685547, 74.1080322265625, 157.8131866455078, 97.34988403320312, 161.29786682128906, 54.5618896484375, 37.6961555480957], [114.4770736694336, 38.897300720214844, 134.52508544921875, 74.73285675048828, 83.9523696899414, 0.0, 63.24555206298828, 56.51548385620117, 66.37017059326172, 31.95309066772461, 110.07270050048828, 124.20144653320312, 63.694583892822266, 46.097721099853516, 78.0, 66.5732650756836, 63.60031509399414, 34.885528564453125, 71.30918884277344, 119.57006072998047, 114.58621215820312, 41.1096076965332, 51.7397346496582, 106.79419708251953, 63.150611877441406, 100.6578369140625, 89.0, 57.706153869628906, 75.7165756225586, 99.72462463378906, 81.3019027709961, 84.69356536865234, 69.35416412353516, 46.52956008911133, 96.02082824707031, 96.8968505859375, 36.013885498046875, 94.64142608642578, 88.61715698242188, 47.16990661621094], [96.4624252319336, 97.32933807373047, 92.39588928222656, 13.601470947265625, 99.63935089111328, 63.24555206298828, 0.0, 58.600341796875, 14.317821502685547, 70.00714111328125, 132.80059814453125, 80.41144561767578, 115.3126220703125, 105.47511291503906, 26.90724754333496, 128.8099365234375, 58.694122314453125, 29.27456283569336, 126.19429779052734, 81.09870910644531, 89.05054473876953, 29.832868576049805, 64.47480010986328, 147.25827026367188, 109.123779296875, 160.909912109375, 140.7160186767578, 45.27692413330078, 124.95198822021484, 50.447994232177734, 114.06138610839844, 138.6109619140625, 131.79530334472656, 71.86793518066406, 58.13776779174805, 156.4257049560547, 30.610456466674805, 151.64761352539062, 132.5631866455078, 69.46221923828125], [57.9741325378418, 65.94694519042969, 84.2911605834961, 60.008331298828125, 41.1096076965332, 56.51548385620117, 58.600341796875, 0.0, 71.50524139404297, 85.02352905273438, 74.20242309570312, 76.02631378173828, 119.85408020019531, 73.40980529785156, 85.14693450927734, 114.20157623291016, 100.46392059326172, 42.95346450805664, 83.81526947021484, 68.680419921875, 59.05929183959961, 33.2866325378418, 96.31718444824219, 91.98369598388672, 119.64112854003906, 150.20652770996094, 144.66859436035156, 14.560219764709473, 77.10382843017578, 60.63827133178711, 136.13229370117188, 93.62158203125, 102.80078125, 21.931713104248047, 48.764739990234375, 147.5567626953125, 58.694122314453125, 147.7328643798828, 80.05622863769531, 18.788293838500977], [110.72488403320312, 103.12128448486328, 104.47966003417969, 24.083189010620117, 112.60994720458984, 66.37017059326172, 14.317821502685547, 71.50524139404297, 0.0, 66.2872543334961, 145.57815551757812, 92.43917083740234, 111.60645294189453, 111.04053497314453, 13.892443656921387, 129.35609436035156, 47.434165954589844, 36.13862228393555, 133.50656127929688, 94.02127075195312, 103.07764434814453, 40.31128692626953, 56.035701751708984, 157.91769409179688, 104.13932800292969, 159.66526794433594, 136.3598175048828, 58.79625701904297, 133.66375732421875, 62.28964614868164, 105.9480972290039, 146.32839965820312, 135.72398376464844, 82.76472473144531, 71.70076751708984, 154.8289337158203, 30.5941162109375, 148.9496612548828, 142.44297790527344, 80.62257385253906], [142.0211181640625, 63.78087615966797, 155.26107788085938, 83.48652648925781, 115.69355773925781, 31.95309066772461, 70.00714111328125, 85.02352905273438, 66.2872543334961, 0.0, 141.94717407226562, 144.00347900390625, 45.45327377319336, 68.818603515625, 73.40980529785156, 67.26811981201172, 40.79215621948242, 50.15974426269531, 95.8018798828125, 141.31524658203125, 140.2462158203125, 60.406951904296875, 24.698177337646484, 136.23509216308594, 39.408119201660156, 94.15412902832031, 70.71067810058594, 82.56512451171875, 103.24727630615234, 116.28413391113281, 51.15662384033203, 109.04127502441406, 83.24061584472656, 78.10249328613281, 117.0, 89.05054473876953, 39.824615478515625, 82.68010711669922, 117.59251403808594, 78.44743347167969], [74.81310272216797, 88.45903015136719, 122.4948959350586, 133.25538635253906, 33.2866325378418, 110.07270050048828, 132.80059814453125, 74.20242309570312, 145.57815551757812, 141.94717407226562, 0.0, 121.00413513183594, 160.51480102539062, 90.00555419921875, 159.2984619140625, 136.36715698242188, 168.68017578125, 113.95174407958984, 75.69015502929688, 110.00454711914062, 87.28115844726562, 106.10372161865234, 160.377685546875, 40.45985794067383, 165.52944946289062, 168.68905639648438, 180.1360626220703, 87.92041778564453, 60.4400520324707, 122.00409698486328, 188.60011291503906, 74.24958038330078, 109.44404602050781, 66.61080932617188, 104.3455810546875, 168.7157440185547, 128.5496063232422, 174.48495483398438, 46.957427978515625, 67.62396240234375], [48.50773239135742, 141.8203125, 12.041594505310059, 68.35934448242188, 94.5409927368164, 124.20144653320312, 80.41144561767578, 76.02631378173828, 92.43917083740234, 144.00347900390625, 121.00413513183594, 0.0, 186.45375061035156, 149.4021453857422, 99.04544067382812, 188.11166381835938, 139.0863037109375, 93.94147491455078, 158.3192901611328, 11.180339813232422, 34.928497314453125, 84.38008880615234, 143.96180725097656, 154.04220581054688, 183.0027313232422, 223.66493225097656, 212.21922302246094, 67.88224792480469, 149.30841064453125, 30.149627685546875, 192.4162139892578, 166.62832641601562, 178.80715942382812, 97.6370849609375, 28.319604873657227, 220.41098022460938, 105.47511291503906, 218.826416015625, 147.800537109375, 94.57801055908203], [177.775146484375, 72.18032836914062, 197.2308349609375, 128.70120239257812, 141.1276092529297, 63.694583892822266, 115.3126220703125, 119.85408020019531, 111.60645294189453, 45.45327377319336, 160.51480102539062, 186.45375061035156, 0.0, 72.12489318847656, 117.83463287353516, 39.408119201660156, 77.88452911376953, 93.00537872314453, 95.7078857421875, 182.6033935546875, 178.2722625732422, 102.08329772949219, 61.35144805908203, 143.1712188720703, 12.369317054748535, 52.46903991699219, 25.806976318359375, 121.2476806640625, 108.2681884765625, 160.0, 38.01315689086914, 106.67708587646484, 68.7677230834961, 106.3672866821289, 158.6474151611328, 46.69047164916992, 84.85281372070312, 38.07886505126953, 124.6515121459961, 107.87029266357422], [124.61942291259766, 8.246211051940918, 157.6134490966797, 114.93476104736328, 76.89603424072266, 46.097721099853516, 105.47511291503906, 73.40980529785156, 111.04053497314453, 68.818603515625, 90.00555419921875, 149.4021453857422, 72.12489318847656, 0.0, 123.40583801269531, 47.29693603515625, 107.33126068115234, 76.2364730834961, 27.018512725830078, 141.99295043945312, 129.63409423828125, 77.87811279296875, 92.96235656738281, 71.5541763305664, 79.2022705078125, 82.07923126220703, 90.19977569580078, 82.85529327392578, 36.715118408203125, 131.0343475341797, 104.8093490600586, 40.224369049072266, 29.4108829498291, 52.345008850097656, 121.7579574584961, 80.95677947998047, 81.49846649169922, 85.15867614746094, 52.801513671875, 55.226806640625], [121.74153137207031, 115.6243896484375, 111.01801300048828, 32.572994232177734, 126.25371551513672, 78.0, 26.90724754333496, 85.14693450927734, 13.892443656921387, 73.40980529785156, 159.2984619140625, 99.04544067382812, 117.83463287353516, 123.40583801269531, 0.0, 138.75157165527344, 46.615447998046875, 49.648765563964844, 146.50938415527344, 101.96568298339844, 113.21660614013672, 54.20331954956055, 58.79625701904297, 171.758544921875, 109.28861236572266, 167.54701232910156, 141.7356719970703, 72.12489318847656, 147.1223907470703, 69.2603759765625, 107.71257781982422, 159.4521942138672, 147.16656494140625, 96.64884948730469, 81.04319763183594, 162.459228515625, 42.01190185546875, 155.7080535888672, 156.16978454589844, 94.5145492553711], [169.3074188232422, 51.62363815307617, 197.5677032470703, 140.94325256347656, 123.96773529052734, 66.5732650756836, 128.8099365234375, 114.20157623291016, 129.35609436035156, 67.26811981201172, 136.36715698242188, 188.11166381835938, 39.408119201660156, 47.29693603515625, 138.75157165527344, 0.0, 107.01869201660156, 101.3558120727539, 63.78871536254883, 182.1235809326172, 172.794677734375, 107.41508483886719, 90.04998779296875, 111.98660278320312, 51.107730865478516, 36.055511474609375, 47.16990661621094, 120.24142456054688, 78.31346893310547, 165.556640625, 77.42092895507812, 72.42237091064453, 31.78049659729004, 95.52486419677734, 159.81239318847656, 34.01470184326172, 99.16148376464844, 38.11823654174805, 94.64142608642578, 97.94386291503906], [150.7647247314453, 101.212646484375, 151.082763671875, 71.0633544921875, 138.4232635498047, 63.60031509399414, 58.694122314453125, 100.46392059326172, 47.434165954589844, 40.79215621948242, 168.68017578125, 139.0863037109375, 77.88452911376953, 107.33126068115234, 46.615447998046875, 107.01869201660156, 0.0, 57.584720611572266, 133.8431854248047, 139.60658264160156, 145.34442138671875, 68.00735473632812, 17.029386520385742, 170.08233642578125, 67.41661834716797, 130.04998779296875, 99.31767272949219, 92.1791763305664, 139.26951599121094, 109.04127502441406, 61.52235412597656, 147.2480926513672, 123.93949890136719, 102.07839965820312, 116.10771179199219, 124.42668151855469, 41.78516387939453, 115.7410888671875, 152.11837768554688, 101.2422866821289], [95.04735565185547, 68.11754608154297, 105.11898040771484, 39.924930572509766, 82.20097351074219, 34.885528564453125, 29.27456283569336, 42.95346450805664, 36.13862228393555, 50.15974426269531, 113.95174407958984, 93.94147491455078, 93.00537872314453, 76.2364730834961, 49.648765563964844, 101.3558120727539, 57.584720611572266, 0.0, 97.62171936035156, 91.18113708496094, 91.54779815673828, 11.0, 55.081756591796875, 122.5887451171875, 89.06739044189453, 134.80726623535156, 118.81077575683594, 35.22782897949219, 97.52947998046875, 67.00746154785156, 99.92497253417969, 110.3177261352539, 102.61091613769531, 48.41487503051758, 66.85057830810547, 130.72872924804688, 15.81138801574707, 127.27922058105469, 106.6208267211914, 46.75468063354492], [126.0634765625, 32.649654388427734, 164.98484802246094, 134.0596923828125, 73.0, 71.30918884277344, 126.19429779052734, 83.81526947021484, 133.50656127929688, 95.8018798828125, 75.69015502929688, 158.3192901611328, 95.7078857421875, 27.018512725830078, 146.50938415527344, 63.78871536254883, 133.8431854248047, 97.62171936035156, 0.0, 149.58609008789062, 133.6001434326172, 97.0, 119.8165283203125, 48.27007293701172, 104.10091400146484, 93.53608703613281, 110.35397338867188, 96.04686737060547, 15.29705810546875, 144.24978637695312, 130.35720825195312, 13.416407585144043, 34.13209533691406, 61.98386764526367, 132.23086547851562, 94.08506774902344, 105.26158142089844, 101.2422866821289, 31.016124725341797, 65.14598846435547], [37.36308288574219, 134.61798095703125, 15.620499610900879, 70.11418914794922, 84.17243957519531, 119.57006072998047, 81.09870910644531, 68.680419921875, 94.02127075195312, 141.31524658203125, 110.00454711914062, 11.180339813232422, 182.6033935546875, 141.99295043945312, 101.96568298339844, 182.1235809326172, 139.60658264160156, 91.18113708496094, 149.58609008789062, 0.0, 23.76972770690918, 81.02468872070312, 143.17820739746094, 143.56182861328125, 179.84715270996094, 217.91970825195312, 208.25465393066406, 62.20128631591797, 140.03570556640625, 32.98484420776367, 190.71707153320312, 157.44204711914062, 171.32717895507812, 89.8109130859375, 24.351591110229492, 214.89532470703125, 103.84603881835938, 213.90184020996094, 137.8767547607422, 86.83317565917969], [13.601470947265625, 122.91867065429688, 35.22782897949219, 80.65357971191406, 64.07807922363281, 114.58621215820312, 89.05054473876953, 59.05929183959961, 103.07764434814453, 140.2462158203125, 87.28115844726562, 34.928497314453125, 178.2722625732422, 129.63409423828125, 113.21660614013672, 172.794677734375, 145.34442138671875, 91.54779815673828, 133.6001434326172, 23.76972770690918, 0.0, 80.62257385253906, 146.16770935058594, 122.52754974365234, 177.11578369140625, 208.84922790527344, 203.39370727539062, 57.723480224609375, 122.64175415039062, 49.04079818725586, 191.0497283935547, 140.132080078125, 158.41717529296875, 77.6208724975586, 32.649654388427734, 206.39041137695312, 106.11785888671875, 206.78732299804688, 118.59595489501953, 75.0], [84.05355072021484, 69.63475799560547, 95.29428100585938, 37.2155876159668, 73.66138458251953, 41.1096076965332, 29.832868576049805, 33.2866325378418, 40.31128692626953, 60.406951904296875, 106.10372161865234, 84.38008880615234, 102.08329772949219, 77.87811279296875, 54.20331954956055, 107.41508483886719, 68.00735473632812, 11.0, 97.0, 81.02468872070312, 80.62257385253906, 0.0, 66.06814575195312, 117.78369903564453, 98.84330749511719, 141.7674102783203, 127.86320495605469, 24.331050872802734, 95.18928527832031, 58.694122314453125, 110.63453674316406, 109.1650161743164, 105.6219711303711, 42.48529052734375, 56.79788589477539, 137.97463989257812, 26.476404190063477, 135.28118896484375, 102.78618621826172, 40.31128692626953], [150.1199493408203, 87.41853332519531, 155.76905822753906, 77.82030487060547, 131.70042419433594, 51.7397346496582, 64.47480010986328, 96.31718444824219, 56.035701751708984, 24.698177337646484, 160.377685546875, 143.96180725097656, 61.35144805908203, 92.96235656738281, 58.79625701904297, 90.04998779296875, 17.029386520385742, 55.081756591796875, 119.8165283203125, 143.17820739746094, 146.16770935058594, 66.06814575195312, 0.0, 158.3982391357422, 51.429561614990234, 113.26517486572266, 83.72574615478516, 90.27181243896484, 126.37246704101562, 114.49017333984375, 49.92995071411133, 133.1465301513672, 107.85638427734375, 94.3716049194336, 119.05040740966797, 107.70329284667969, 40.04996871948242, 99.36800384521484, 140.03570556640625, 94.02127075195312], [111.3283462524414, 73.7834701538086, 157.41029357910156, 151.2415313720703, 59.53990173339844, 106.79419708251953, 147.25827026367188, 91.98369598388672, 157.91769409179688, 136.23509216308594, 40.45985794067383, 154.04220581054688, 143.1712188720703, 71.5541763305664, 171.758544921875, 111.98660278320312, 170.08233642578125, 122.5887451171875, 48.27007293701172, 143.56182861328125, 122.52754974365234, 117.78369903564453, 158.3982391357422, 0.0, 150.73486328125, 140.00357055664062, 158.61903381347656, 106.51290893554688, 34.928497314453125, 149.0838623046875, 176.2980499267578, 41.01219177246094, 81.39410400390625, 75.3923110961914, 133.0601348876953, 141.17364501953125, 134.52880859375, 149.090576171875, 18.867961883544922, 77.8331527709961], [177.56407165527344, 78.10890197753906, 194.0953369140625, 122.67436218261719, 144.12493896484375, 63.150611877441406, 109.123779296875, 119.64112854003906, 104.13932800292969, 39.408119201660156, 165.52944946289062, 183.0027313232422, 12.369317054748535, 79.2022705078125, 109.28861236572266, 51.107730865478516, 67.41661834716797, 89.06739044189453, 104.10091400146484, 179.84715270996094, 177.11578369140625, 98.84330749511719, 51.429561614990234, 150.73486328125, 0.0, 64.1248779296875, 32.4499626159668, 119.54078674316406, 115.83177185058594, 155.6181182861328, 26.870058059692383, 115.67626953125, 79.20858764648438, 108.11567687988281, 155.64060974121094, 58.215118408203125, 79.2022705078125, 48.50773239135742, 132.0037841796875, 109.29318237304688], [205.29248046875, 87.20664978027344, 233.30880737304688, 173.62315368652344, 158.95912170410156, 100.6578369140625, 160.909912109375, 150.20652770996094, 159.66526794433594, 94.15412902832031, 168.68905639648438, 223.66493225097656, 52.46903991699219, 82.07923126220703, 167.54701232910156, 36.055511474609375, 130.04998779296875, 134.80726623535156, 93.53608703613281, 217.91970825195312, 208.84922790527344, 141.7674102783203, 113.26517486572266, 140.00357055664062, 64.1248779296875, 0.0, 39.560081481933594, 155.87815856933594, 108.77959442138672, 200.32223510742188, 84.34452819824219, 99.02020263671875, 59.41380310058594, 131.54847717285156, 195.34584045410156, 6.082762718200684, 130.51052856445312, 18.788293838500977, 124.32618713378906, 133.98880004882812], [202.4104766845703, 92.02173614501953, 222.94842529296875, 154.17523193359375, 163.35543823242188, 89.0, 140.7160186767578, 144.66859436035156, 136.3598175048828, 70.71067810058594, 180.1360626220703, 212.21922302246094, 25.806976318359375, 90.19977569580078, 141.7356719970703, 47.16990661621094, 99.31767272949219, 118.81077575683594, 110.35397338867188, 208.25465393066406, 203.39370727539062, 127.86320495605469, 83.72574615478516, 158.61903381347656, 32.4499626159668, 39.560081481933594, 0.0, 146.68673706054688, 124.33824920654297, 185.80096435546875, 46.010868072509766, 119.54078674316406, 78.92401123046875, 130.0, 184.36105346679688, 33.61547088623047, 110.39022064208984, 20.880613327026367, 140.8119354248047, 131.73458862304688], [60.008331298828125, 74.94664764404297, 77.46611785888672, 45.617977142333984, 54.64430618286133, 57.706153869628906, 45.27692413330078, 14.560219764709473, 58.79625701904297, 82.56512451171875, 87.92041778564453, 67.88224792480469, 121.2476806640625, 82.85529327392578, 72.12489318847656, 120.24142456054688, 92.1791763305664, 35.22782897949219, 96.04686737060547, 62.20128631591797, 57.723480224609375, 24.331050872802734, 90.27181243896484, 106.51290893554688, 119.54078674316406, 155.87815856933594, 146.68673706054688, 0.0, 90.44888305664062, 48.46648406982422, 133.50656127929688, 106.53168487548828, 112.16059875488281, 34.36568069458008, 39.623226165771484, 152.75143432617188, 50.80354309082031, 151.7267303466797, 94.2602767944336, 31.256999969482422], [114.20157623291016, 39.69886779785156, 155.1837615966797, 131.4610137939453, 60.20797348022461, 75.7165756225586, 124.95198822021484, 77.10382843017578, 133.66375732421875, 103.24727630615234, 60.4400520324707, 149.30841064453125, 108.2681884765625, 36.715118408203125, 147.1223907470703, 78.31346893310547, 139.26951599121094, 97.52947998046875, 15.29705810546875, 140.03570556640625, 122.64175415039062, 95.18928527832031, 126.37246704101562, 34.928497314453125, 115.83177185058594, 108.77959442138672, 124.33824920654297, 90.44888305664062, 0.0, 137.67352294921875, 141.5238494873047, 17.492855072021484, 49.36598205566406, 56.14267349243164, 124.32618713378906, 109.22454071044922, 107.15409088134766, 116.0689468383789, 16.492422103881836, 59.21148681640625], [60.8276252746582, 123.00406646728516, 42.19004440307617, 38.20994567871094, 90.93404388427734, 99.72462463378906, 50.447994232177734, 60.63827133178711, 62.28964614868164, 116.28413391113281, 122.00409698486328, 30.149627685546875, 160.0, 131.0343475341797, 69.2603759765625, 165.556640625, 109.04127502441406, 67.00746154785156, 144.24978637695312, 32.98484420776367, 49.04079818725586, 58.694122314453125, 114.49017333984375, 149.0838623046875, 155.6181182861328, 200.32223510742188, 185.80096435546875, 48.46648406982422, 137.67352294921875, 0.0, 163.4778289794922, 154.259521484375, 160.1780242919922, 82.2800064086914, 18.357559204101562, 196.6214599609375, 76.94153594970703, 193.9329833984375, 139.4345703125, 79.12016296386719], [193.14501953125, 102.88343048095703, 204.02206420898438, 127.53430938720703, 164.90603637695312, 81.3019027709961, 114.06138610839844, 136.13229370117188, 105.9480972290039, 51.15662384033203, 188.60011291503906, 192.4162139892578, 38.01315689086914, 104.8093490600586, 107.71257781982422, 77.42092895507812, 61.52235412597656, 99.92497253417969, 130.35720825195312, 190.71707153320312, 191.0497283935547, 110.63453674316406, 49.92995071411133, 176.2980499267578, 26.870058059692383, 84.34452819824219, 46.010868072509766, 133.50656127929688, 141.5238494873047, 163.4778289794922, 0.0, 142.2005615234375, 106.07544708251953, 127.76932525634766, 166.37908935546875, 78.26238250732422, 86.97700500488281, 66.37017059326172, 157.4706268310547, 128.47178649902344], [131.60546875, 46.06517028808594, 172.62677001953125, 146.01370239257812, 77.46611785888672, 84.69356536865234, 138.6109619140625, 93.62158203125, 146.32839965820312, 109.04127502441406, 74.24958038330078, 166.62832641601562, 106.67708587646484, 40.224369049072266, 159.4521942138672, 72.42237091064453, 147.2480926513672, 110.3177261352539, 13.416407585144043, 157.44204711914062, 140.132080078125, 109.1650161743164, 133.1465301513672, 41.01219177246094, 115.67626953125, 99.02020263671875, 119.54078674316406, 106.53168487548828, 17.492855072021484, 154.259521484375, 142.2005615234375, 0.0, 41.0, 72.18032836914062, 141.3541717529297, 100.31948852539062, 118.40608215332031, 108.67382049560547, 27.312999725341797, 75.31268310546875], [152.75143432617188, 37.2155876159668, 186.94651794433594, 142.17242431640625, 102.57679748535156, 69.35416412353516, 131.79530334472656, 102.80078125, 135.72398376464844, 83.24061584472656, 109.44404602050781, 178.80715942382812, 68.7677230834961, 29.4108829498291, 147.16656494140625, 31.78049659729004, 123.93949890136719, 102.61091613769531, 34.13209533691406, 171.32717895507812, 158.41717529296875, 105.6219711303711, 107.85638427734375, 81.39410400390625, 79.20858764648438, 59.41380310058594, 78.92401123046875, 112.16059875488281, 49.36598205566406, 160.1780242919922, 106.07544708251953, 41.0, 0.0, 81.56592559814453, 151.16217041015625, 60.008331298828125, 105.3043212890625, 67.74215698242188, 65.03076171875, 84.50444030761719], [73.82411193847656, 45.343135833740234, 105.42295837402344, 76.48529052734375, 37.64305877685547, 46.52956008911133, 71.86793518066406, 21.931713104248047, 82.76472473144531, 78.10249328613281, 66.61080932617188, 97.6370849609375, 106.3672866821289, 52.345008850097656, 96.64884948730469, 95.52486419677734, 102.07839965820312, 48.41487503051758, 61.98386764526367, 89.8109130859375, 77.6208724975586, 42.48529052734375, 94.3716049194336, 75.3923110961914, 108.11567687988281, 131.54847717285156, 130.0, 34.36568069458008, 56.14267349243164, 82.2800064086914, 127.76932525634766, 72.18032836914062, 81.56592559814453, 0.0, 70.66116333007812, 129.37542724609375, 62.2414665222168, 130.78225708007812, 61.188232421875, 3.1622776985168457], [43.27817153930664, 114.03946685791016, 38.587562561035156, 48.50773239135742, 74.1080322265625, 96.02082824707031, 58.13776779174805, 48.764739990234375, 71.70076751708984, 117.0, 104.3455810546875, 28.319604873657227, 158.6474151611328, 121.7579574584961, 81.04319763183594, 159.81239318847656, 116.10771179199219, 66.85057830810547, 132.23086547851562, 24.351591110229492, 32.649654388427734, 56.79788589477539, 119.05040740966797, 133.0601348876953, 155.64060974121094, 195.34584045410156, 184.36105346679688, 39.623226165771484, 124.32618713378906, 18.357559204101562, 166.37908935546875, 141.3541717529297, 151.16217041015625, 70.66116333007812, 0.0, 192.09632873535156, 79.55501556396484, 190.6016845703125, 124.61540985107422, 67.5351791381836], [203.19448852539062, 85.61541748046875, 230.21728515625, 169.2572021484375, 157.8131866455078, 96.8968505859375, 156.4257049560547, 147.5567626953125, 154.8289337158203, 89.05054473876953, 168.7157440185547, 220.41098022460938, 46.69047164916992, 80.95677947998047, 162.459228515625, 34.01470184326172, 124.42668151855469, 130.72872924804688, 94.08506774902344, 214.89532470703125, 206.39041137695312, 137.97463989257812, 107.70329284667969, 141.17364501953125, 58.215118408203125, 6.082762718200684, 33.61547088623047, 152.75143432617188, 109.22454071044922, 196.6214599609375, 78.26238250732422, 100.31948852539062, 60.008331298828125, 129.37542724609375, 192.09632873535156, 0.0, 125.93649291992188, 13.03840446472168, 125.03599548339844, 131.72698974609375], [110.29052734375, 73.82411193847656, 117.0469970703125, 43.863426208496094, 97.34988403320312, 36.013885498046875, 30.610456466674805, 58.694122314453125, 30.5941162109375, 39.824615478515625, 128.5496063232422, 105.47511291503906, 84.85281372070312, 81.49846649169922, 42.01190185546875, 99.16148376464844, 41.78516387939453, 15.81138801574707, 105.26158142089844, 103.84603881835938, 106.11785888671875, 26.476404190063477, 40.04996871948242, 134.52880859375, 79.2022705078125, 130.51052856445312, 110.39022064208984, 50.80354309082031, 107.15409088134766, 76.94153594970703, 86.97700500488281, 118.40608215332031, 105.3043212890625, 62.2414665222168, 79.55501556396484, 125.93649291992188, 0.0, 121.03718566894531, 117.72000885009766, 60.95900344848633], [204.43580627441406, 88.76936340332031, 229.0196533203125, 164.7847137451172, 161.29786682128906, 94.64142608642578, 151.64761352539062, 147.7328643798828, 148.9496612548828, 82.68010711669922, 174.48495483398438, 218.826416015625, 38.07886505126953, 85.15867614746094, 155.7080535888672, 38.11823654174805, 115.7410888671875, 127.27922058105469, 101.2422866821289, 213.90184020996094, 206.78732299804688, 135.28118896484375, 99.36800384521484, 149.090576171875, 48.50773239135742, 18.788293838500977, 20.880613327026367, 151.7267303466797, 116.0689468383789, 193.9329833984375, 66.37017059326172, 108.67382049560547, 67.74215698242188, 130.78225708007812, 190.6016845703125, 13.03840446472168, 121.03718566894531, 0.0, 132.24220275878906, 132.91351318359375], [108.78418731689453, 54.918121337890625, 152.5057373046875, 137.67352294921875, 54.5618896484375, 88.61715698242188, 132.5631866455078, 80.05622863769531, 142.44297790527344, 117.59251403808594, 46.957427978515625, 147.800537109375, 124.6515121459961, 52.801513671875, 156.16978454589844, 94.64142608642578, 152.11837768554688, 106.6208267211914, 31.016124725341797, 137.8767547607422, 118.59595489501953, 102.78618621826172, 140.03570556640625, 18.867961883544922, 132.0037841796875, 124.32618713378906, 140.8119354248047, 94.2602767944336, 16.492422103881836, 139.4345703125, 157.4706268310547, 27.312999725341797, 65.03076171875, 61.188232421875, 124.61540985107422, 125.03599548339844, 117.72000885009766, 132.24220275878906, 0.0, 63.95310592651367], [71.5541763305664, 48.10405349731445, 102.44998931884766, 73.75635528564453, 37.6961555480957, 47.16990661621094, 69.46221923828125, 18.788293838500977, 80.62257385253906, 78.44743347167969, 67.62396240234375, 94.57801055908203, 107.87029266357422, 55.226806640625, 94.5145492553711, 97.94386291503906, 101.2422866821289, 46.75468063354492, 65.14598846435547, 86.83317565917969, 75.0, 40.31128692626953, 94.02127075195312, 77.8331527709961, 109.29318237304688, 133.98880004882812, 131.73458862304688, 31.256999969482422, 59.21148681640625, 79.12016296386719, 128.47178649902344, 75.31268310546875, 84.50444030761719, 3.1622776985168457, 67.5351791381836, 131.72698974609375, 60.95900344848633, 132.91351318359375, 63.95310592651367, 0.0]], "coordinates": [[-7, 97], [58, -2], [-55, 97], [-47, 17], [39, 68], [21, -14], [-39, 6], [8, 41], [-45, -7], [10, -44], [67, 86], [-54, 85], [45, -73], [66, -4], [-57, -14], [77, -50], [-30, -52], [-10, 2], [87, 13], [-43, 87], [-20, 93], [-10, 13], [-13, -53], [98, 60], [33, -76], [97, -80], [60, -94], [-6, 37], [84, 28], [-51, 55], [14, -95], [99, 19], [90, -21], [28, 32], [-35, 64], [91, -81], [-15, -13], [80, -88], [88, 44], [25, 33]], "demands": [11.0, 22.0, 1.0, 26.0, 10.0, 12.0, 30.0, 29.0, 16.0, 6.0, 5.0, 26.0, 4.0, 4.0, 9.0, 17.0, 25.0, 25.0, 22.0, 13.0, -11.0, -22.0, -1.0, -26.0, -10.0, -12.0, -30.0, -29.0, -16.0, -6.0, -5.0, -26.0, -4.0, -4.0, -9.0, -17.0, -25.0, -25.0, -22.0, -13.0], "capacity": 50, "Vmax": 14}