{"name": "LZB_n20_13", "n": 20, "m": 6, "times": [[0.0, 152.55490112304688, 154.3048858642578, 140.94325256347656, 63.694583892822266, 35.7770881652832, 169.99411010742188, 124.33824920654297, 72.86288452148438, 99.63935089111328, 195.53260803222656, 142.0140838623047, 240.520263671875, 106.09900665283203, 108.29589080810547, 82.87943267822266, 143.7810821533203, 210.05950927734375, 111.08555603027344, 92.96235656738281, 103.09219360351562, 85.08818817138672, 38.05259704589844, 41.59326934814453, 75.0, 129.31356811523438, 129.71121215820312, 199.4592742919922, 72.18032836914062, 148.8623504638672, 204.83163452148438, 145.3822479248047, 68.4105224609375, 28.160255432128906, 126.09916687011719, 133.03382873535156, 131.1373291015625, 101.87246704101562, 50.2493782043457, 38.01315689086914], [152.55490112304688, 0.0, 126.21014404296875, 29.73213768005371, 125.93649291992188, 117.88553619384766, 96.5660400390625, 66.30987548828125, 95.88534545898438, 53.48831558227539, 72.56720733642578, 35.510562896728516, 130.81666564941406, 72.80110168457031, 171.39720153808594, 96.3016128540039, 131.55227661132812, 94.5409927368164, 46.52956008911133, 59.77457809448242, 50.2493782043457, 112.27198791503906, 115.43396759033203, 155.05160522460938, 131.73458862304688, 166.68833923339844, 40.224369049072266, 60.90156173706055, 100.28459167480469, 43.8292121887207, 84.92938232421875, 57.14017868041992, 84.17243957519531, 129.09686279296875, 168.4339599609375, 173.89939880371094, 69.29646301269531, 107.35455322265625, 106.6208267211914, 131.0343475341797], [154.3048858642578, 126.21014404296875, 0.0, 96.60745239257812, 91.06591033935547, 127.12985229492188, 43.17406463623047, 168.88458251953125, 88.84255981445312, 122.02458953857422, 96.4624252319336, 152.53196716308594, 107.70329284667969, 161.409423828125, 84.15461730957031, 76.68767547607422, 14.866068840026855, 94.2602767944336, 98.03060913085938, 119.68291473388672, 108.41586303710938, 69.35416412353516, 138.97482299804688, 123.69316864013672, 82.00609588623047, 62.513999938964844, 88.6848373413086, 116.86744689941406, 86.83317565917969, 83.48652648925781, 96.50906372070312, 173.1415557861328, 119.10499572753906, 151.52886962890625, 66.91038513183594, 68.11754608154297, 58.18075180053711, 53.141319274902344, 143.54441833496094, 116.29703521728516], [140.94325256347656, 29.73213768005371, 96.60745239257812, 0.0, 104.0, 105.19029998779297, 69.63475799560547, 83.21658325195312, 75.53807067871094, 50.80354309082031, 60.216278076171875, 58.694122314453125, 115.95257568359375, 83.52245330810547, 144.55795288085938, 73.06161499023438, 101.83319854736328, 80.0624771118164, 30.01666259765625, 54.488529205322266, 40.360870361328125, 87.29833984375, 106.53168487548828, 136.19471740722656, 107.78682708740234, 138.06158447265625, 13.03840446472168, 58.830265045166016, 79.22752380371094, 17.0, 71.86793518066406, 80.60397338867188, 74.3303451538086, 121.20230865478516, 140.06427001953125, 145.26182556152344, 39.623226165771484, 80.05622863769531, 100.89598846435547, 113.78048706054688], [63.694583892822266, 125.93649291992188, 91.06591033935547, 104.0, 0.0, 43.73785400390625, 112.00446319580078, 128.42507934570312, 30.364452362060547, 84.59905242919922, 147.38385009765625, 131.04579162597656, 184.49119567871094, 113.1370849609375, 58.52349853515625, 31.14482307434082, 80.11241912841797, 157.86703491210938, 79.42921447753906, 78.03204345703125, 78.77182006835938, 23.430749893188477, 58.694122314453125, 35.84689712524414, 13.34166431427002, 71.58910369873047, 91.0054931640625, 157.08914184570312, 25.70992088317871, 105.38026428222656, 154.5477294921875, 143.6697540283203, 58.694122314453125, 67.06713104248047, 69.6419448852539, 76.92203521728516, 79.71198272705078, 40.31128692626953, 69.07966613769531, 25.961509704589844], [35.7770881652832, 117.88553619384766, 127.12985229492188, 105.19029998779297, 43.73785400390625, 0.0, 137.4117889404297, 98.48857879638672, 39.96248245239258, 66.0302963256836, 160.07810974121094, 110.8873291015625, 206.51876831054688, 80.95059967041016, 100.31948852539062, 51.429561614990234, 118.66339111328125, 175.1713409423828, 75.3923110961914, 59.07622146606445, 67.91170501708984, 58.85575485229492, 15.231546401977539, 46.3249397277832, 57.070133209228516, 115.31695556640625, 93.94147491455078, 163.6826171875, 40.71854782104492, 113.20777130126953, 169.62310791015625, 117.6435317993164, 34.058773040771484, 24.515300750732422, 113.26517486572266, 120.54045104980469, 96.8968505859375, 74.04052734375, 27.658634185791016, 23.430749893188477], [169.99411010742188, 96.5660400390625, 43.17406463623047, 69.63475799560547, 112.00446319580078, 137.4117889404297, 0.0, 151.26797485351562, 97.6166000366211, 110.02726745605469, 53.48831558227539, 128.31991577148438, 72.71863555908203, 148.2733917236328, 122.48265075683594, 87.1148681640625, 56.22277069091797, 52.08646774291992, 83.72574615478516, 110.21796417236328, 96.17691802978516, 88.60022735595703, 145.7738037109375, 147.6346893310547, 107.18675231933594, 104.01922607421875, 67.02984619140625, 74.79304504394531, 97.83660125732422, 53.16013717651367, 53.46026611328125, 150.233154296875, 118.70130920410156, 160.06561279296875, 108.00463104248047, 110.16351318359375, 43.32435989379883, 72.11102294921875, 146.26345825195312, 133.66001892089844], [124.33824920654297, 66.30987548828125, 168.88458251953125, 83.21658325195312, 128.42507934570312, 98.48857879638672, 151.26797485351562, 0.0, 101.17806243896484, 48.3735466003418, 138.22084045410156, 32.80244064331055, 196.2906036376953, 18.248287200927734, 185.2673797607422, 109.01834869384766, 169.0, 159.89059448242188, 70.88018035888672, 53.00943374633789, 60.926185607910156, 126.50691986083984, 87.93179321289062, 144.45068359375, 139.3448944091797, 190.2051544189453, 84.2911605834961, 127.01181030273438, 106.10372161865234, 100.17984008789062, 150.57223510742188, 22.360679626464844, 70.0, 96.33794403076172, 190.23406982421875, 197.00253295898438, 112.37882232666016, 130.6981201171875, 74.46475982666016, 119.95415496826172], [72.86288452148438, 95.88534545898438, 88.84255981445312, 75.53807067871094, 30.364452362060547, 39.96248245239258, 97.6166000366211, 101.17806243896484, 0.0, 55.217750549316406, 124.35433197021484, 101.11874389648438, 167.6573944091797, 87.41853332519531, 84.17243957519531, 12.165525436401367, 82.09750366210938, 137.63720703125, 49.36598205566406, 49.04079818725586, 48.46648406982422, 26.4007568359375, 50.28916549682617, 60.67124557495117, 38.832977294921875, 90.42676544189453, 62.801273345947266, 131.24404907226562, 5.0, 79.37883758544922, 132.92478942871094, 114.80853271484375, 34.539833068847656, 63.56099319458008, 89.8888168334961, 96.8968505859375, 58.41232681274414, 37.0, 55.081756591796875, 39.39543151855469], [99.63935089111328, 53.48831558227539, 122.02458953857422, 50.80354309082031, 84.59905242919922, 66.0302963256836, 110.02726745605469, 48.3735466003418, 55.217750549316406, 0.0, 111.01801300048828, 46.81879806518555, 165.94577026367188, 39.458839416503906, 139.05393981933594, 61.52235412597656, 121.14866638183594, 130.51052856445312, 26.305892944335938, 7.071067810058594, 14.0, 79.19596099853516, 62.09669876098633, 107.48953247070312, 94.04785919189453, 142.27438354492188, 45.31004333496094, 107.62899017333984, 60.216278076171875, 65.29930877685547, 122.5887451171875, 59.66573715209961, 32.0, 75.61084747314453, 142.523681640625, 149.16433715820312, 68.00735473632812, 82.37718200683594, 53.22593307495117, 82.56512451171875], [195.53260803222656, 72.56720733642578, 96.4624252319336, 60.216278076171875, 147.38385009765625, 160.07810974121094, 53.48831558227539, 138.22084045410156, 124.35433197021484, 111.01801300048828, 0.0, 108.06016540527344, 58.24946212768555, 141.85203552246094, 171.0, 117.38824462890625, 108.68302154541016, 22.090721130371094, 88.41380310058594, 114.4770736694336, 100.00499725341797, 125.68611907958984, 163.8932647705078, 182.72657775878906, 146.49232482910156, 155.4252166748047, 67.88224792480469, 23.430749893188477, 126.57408905029297, 47.423622131347656, 12.369317054748535, 129.4024658203125, 132.3215789794922, 178.751220703125, 159.0220184326172, 161.94134521484375, 67.67569732666016, 111.98660278320312, 159.80613708496094, 163.6826171875], [142.0140838623047, 35.510562896728516, 152.53196716308594, 58.694122314453125, 131.04579162597656, 110.8873291015625, 128.31991577148438, 32.80244064331055, 101.11874389648438, 46.81879806518555, 108.06016540527344, 0.0, 166.30694580078125, 44.41846466064453, 183.6736297607422, 105.68348693847656, 155.32225036621094, 130.04998779296875, 58.0, 53.75872039794922, 53.25410842895508, 123.22337341308594, 104.0, 154.0194854736328, 139.78912353515625, 183.89671325683594, 63.976558685302734, 95.07891082763672, 106.0660171508789, 75.31268310546875, 120.41594696044922, 22.090721130371094, 77.66595458984375, 115.43396759033203, 184.78366088867188, 191.00262451171875, 94.3663101196289, 123.06908416748047, 92.26592254638672, 129.031005859375], [240.520263671875, 130.81666564941406, 107.70329284667969, 115.95257568359375, 184.49119567871094, 206.51876831054688, 72.71863555908203, 196.2906036376953, 167.6573944091797, 165.94577026367188, 58.24946212768555, 166.30694580078125, 0.0, 199.09043884277344, 191.67160034179688, 158.142333984375, 122.52754974365234, 36.400550842285156, 141.31524658203125, 168.4398956298828, 153.68148803710938, 161.152099609375, 212.92721557617188, 220.22715759277344, 179.9027557373047, 169.8587646484375, 120.93386840820312, 75.05997467041016, 168.5823211669922, 100.64790344238281, 45.89117431640625, 187.57931518554688, 183.0027313232422, 227.6686248779297, 174.41616821289062, 174.951416015625, 109.62207794189453, 144.80331420898438, 211.0094757080078, 205.24375915527344], [106.09900665283203, 72.80110168457031, 161.409423828125, 83.52245330810547, 113.1370849609375, 80.95059967041016, 148.2733917236328, 18.248287200927734, 87.41853332519531, 39.458839416503906, 141.85203552246094, 44.41846466064453, 199.09043884277344, 0.0, 170.836181640625, 96.3846435546875, 160.05624389648438, 162.8557586669922, 65.03076171875, 42.05948257446289, 53.33854293823242, 113.44161224365234, 69.89277648925781, 127.14165496826172, 124.6515121459961, 177.5528106689453, 81.74349975585938, 133.4053955078125, 92.20086669921875, 99.92497253417969, 154.0292205810547, 40.01249694824219, 54.451812744140625, 78.08969116210938, 177.22866821289062, 184.16567993164062, 107.11676025390625, 119.43617248535156, 56.32051086425781, 102.92716217041016], [108.29589080810547, 171.39720153808594, 84.15461730957031, 144.55795288085938, 58.52349853515625, 100.31948852539062, 122.48265075683594, 185.2673797607422, 84.17243957519531, 139.05393981933594, 171.0, 183.6736297607422, 191.67160034179688, 170.836181640625, 0.0, 78.00640869140625, 69.28924560546875, 174.3932342529297, 127.26350402832031, 133.12400817871094, 130.4300537109375, 60.464866638183594, 115.55085754394531, 67.00746154785156, 46.22769546508789, 27.018512725830078, 132.03408813476562, 186.8689422607422, 79.20858764648438, 139.7139892578125, 174.41329956054688, 198.71588134765625, 116.5160903930664, 121.16517639160156, 22.203603744506836, 27.312999725341797, 109.23827362060547, 64.51356506347656, 127.0157470703125, 78.10890197753906], [82.87943267822266, 96.3016128540039, 76.68767547607422, 73.06161499023438, 31.14482307434082, 51.429561614990234, 87.1148681640625, 109.01834869384766, 12.165525436401367, 61.52235412597656, 117.38824462890625, 105.68348693847656, 158.142333984375, 96.3846435546875, 78.00640869140625, 0.0, 70.028564453125, 129.32130432128906, 50.32891845703125, 56.080299377441406, 52.430908203125, 17.69180679321289, 62.361846923828125, 65.45991516113281, 35.44009017944336, 81.27114868164062, 60.0333251953125, 126.14673614501953, 10.816654205322266, 74.3303451538086, 125.2397689819336, 121.01652526855469, 45.35416030883789, 75.3923110961914, 81.21575927734375, 88.00568389892578, 50.11985778808594, 25.079872131347656, 67.18630981445312, 47.20169448852539], [143.7810821533203, 131.55227661132812, 14.866068840026855, 101.83319854736328, 80.11241912841797, 118.66339111328125, 56.22277069091797, 169.0, 82.09750366210938, 121.14866638183594, 108.68302154541016, 155.32225036621094, 122.52754974365234, 160.05624389648438, 69.28924560546875, 70.028564453125, 0.0, 108.01851654052734, 98.83824920654297, 118.00423431396484, 108.07867431640625, 59.90826416015625, 131.38111877441406, 111.25196838378906, 69.97142028808594, 48.093658447265625, 92.45539093017578, 128.08200073242188, 79.4040298461914, 90.42676544189453, 109.65856170654297, 175.1370849609375, 114.3547134399414, 143.17820739746094, 52.345008850097656, 54.00925827026367, 62.28964614868164, 45.17742919921875, 137.1787109375, 105.84894561767578], [210.05950927734375, 94.5409927368164, 94.2602767944336, 80.0624771118164, 157.86703491210938, 175.1713409423828, 52.08646774291992, 159.89059448242188, 137.63720703125, 130.51052856445312, 22.090721130371094, 130.04998779296875, 36.400550842285156, 162.8557586669922, 174.3932342529297, 129.32130432128906, 108.01851654052734, 0.0, 106.60675048828125, 133.4053955078125, 118.71394348144531, 135.1480712890625, 180.31361389160156, 193.66207885742188, 155.2417449951172, 156.00320434570312, 86.02325439453125, 42.05948257446289, 139.2300262451172, 65.45991516113281, 10.049875259399414, 151.46286010742188, 149.48243713378906, 195.16146850585938, 160.04998779296875, 162.02777099609375, 79.32212829589844, 119.97083282470703, 177.3414764404297, 176.4086151123047], [111.08555603027344, 46.52956008911133, 98.03060913085938, 30.01666259765625, 79.42921447753906, 75.3923110961914, 83.72574615478516, 70.88018035888672, 49.36598205566406, 26.305892944335938, 88.41380310058594, 58.0, 141.31524658203125, 65.03076171875, 127.26350402832031, 50.32891845703125, 98.83824920654297, 106.60675048828125, 0.0, 27.312999725341797, 12.649110794067383, 67.08203887939453, 76.5506362915039, 109.04127502441406, 85.70297241210938, 125.9920654296875, 20.615528106689453, 88.83692932128906, 53.75872039794922, 41.231056213378906, 99.35794067382812, 76.5506362915039, 44.40720748901367, 91.26335144042969, 127.0157470703125, 133.12400817871094, 42.10700607299805, 65.19202423095703, 71.44927978515625, 85.58621215820312], [92.96235656738281, 59.77457809448242, 119.68291473388672, 54.488529205322266, 78.03204345703125, 59.07622146606445, 110.21796417236328, 53.00943374633789, 49.04079818725586, 7.071067810058594, 114.4770736694336, 53.75872039794922, 168.4398956298828, 42.05948257446289, 133.12400817871094, 56.080299377441406, 118.00423431396484, 133.4053955078125, 27.312999725341797, 0.0, 14.764822959899902, 73.66138458251953, 55.6596794128418, 100.43903350830078, 87.80091094970703, 137.20057678222656, 47.50789260864258, 112.29425811767578, 54.037025451660156, 67.95587158203125, 125.80142974853516, 65.802734375, 25.01999282836914, 69.46221923828125, 137.277099609375, 144.01388549804688, 67.47592163085938, 77.89736938476562, 47.50789260864258, 75.50496673583984], [103.09219360351562, 50.2493782043457, 108.41586303710938, 40.360870361328125, 78.77182006835938, 67.91170501708984, 96.17691802978516, 60.926185607910156, 48.46648406982422, 14.0, 100.00499725341797, 53.25410842895508, 153.68148803710938, 53.33854293823242, 130.4300537109375, 52.430908203125, 108.07867431640625, 118.71394348144531, 12.649110794067383, 14.764822959899902, 0.0, 70.0, 67.08203887939453, 105.385009765625, 86.76981353759766, 131.64346313476562, 32.75667953491211, 98.81295776367188, 53.3104133605957, 53.25410842895508, 111.21150970458984, 69.42621612548828, 34.928497314453125, 81.4923324584961, 132.23086547851562, 138.65785217285156, 54.00925827026367, 71.0633544921875, 60.605281829833984, 81.02468872070312], [85.08818817138672, 112.27198791503906, 69.35416412353516, 87.29833984375, 23.430749893188477, 58.85575485229492, 88.60022735595703, 126.50691986083984, 26.4007568359375, 79.19596099853516, 125.68611907958984, 123.22337341308594, 161.152099609375, 113.44161224365234, 60.464866638183594, 17.69180679321289, 59.90826416015625, 135.1480712890625, 67.08203887939453, 73.66138458251953, 70.0, 0.0, 72.11102294921875, 59.07622146606445, 21.095022201538086, 64.14047241210938, 74.3303451538086, 136.9379425048828, 22.135944366455078, 86.02325439453125, 132.25732421875, 138.7083282470703, 60.926185607910156, 83.36066436767578, 63.82006072998047, 70.72481536865234, 58.24946212768555, 17.029386520385742, 79.4040298461914, 47.16990661621094], [38.05259704589844, 115.43396759033203, 138.97482299804688, 106.53168487548828, 58.694122314453125, 15.231546401977539, 145.7738037109375, 87.93179321289062, 50.28916549682617, 62.09669876098633, 163.8932647705078, 104.0, 212.92721557617188, 69.89277648925781, 115.55085754394531, 62.361846923828125, 131.38111877441406, 180.31361389160156, 76.5506362915039, 55.6596794128418, 67.08203887939453, 72.11102294921875, 0.0, 59.54829788208008, 72.03471374511719, 130.26895141601562, 96.40020751953125, 165.36021423339844, 52.17279052734375, 116.5160903930664, 174.09193420410156, 108.25894927978516, 32.24903106689453, 14.866068840026855, 128.31600952148438, 135.59498596191406, 103.81233215332031, 86.31338500976562, 13.892443656921387, 38.27531814575195], [41.59326934814453, 155.05160522460938, 123.69316864013672, 136.19471740722656, 35.84689712524414, 46.3249397277832, 147.6346893310547, 144.45068359375, 60.67124557495117, 107.48953247070312, 182.72657775878906, 154.0194854736328, 220.22715759277344, 127.14165496826172, 67.00746154785156, 65.45991516113281, 111.25196838378906, 193.66207885742188, 109.04127502441406, 100.43903350830078, 105.385009765625, 59.07622146606445, 59.54829788208008, 0.0, 41.773197174072266, 89.44271850585938, 123.47064208984375, 191.37921142578125, 57.27128601074219, 139.4632568359375, 190.1841278076172, 162.8557586669922, 76.5375747680664, 59.64059066772461, 85.84288024902344, 92.54188537597656, 115.15641784667969, 75.60423278808594, 73.24616241455078, 25.0], [75.0, 131.73458862304688, 82.00609588623047, 107.78682708740234, 13.34166431427002, 57.070133209228516, 107.18675231933594, 139.3448944091797, 38.832977294921875, 94.04785919189453, 146.49232482910156, 139.78912353515625, 179.9027557373047, 124.6515121459961, 46.22769546508789, 35.44009017944336, 69.97142028808594, 155.2417449951172, 85.70297241210938, 87.80091094970703, 86.76981353759766, 21.095022201538086, 72.03471374511719, 41.773197174072266, 0.0, 58.24946212768555, 94.76286315917969, 158.02847290039062, 33.83784866333008, 107.07473754882812, 152.73834228515625, 153.60012817382812, 70.29224395751953, 80.22468566894531, 56.32051086425781, 63.60031509399414, 79.24645233154297, 35.34119415283203, 82.2800064086914, 38.20994567871094], [129.31356811523438, 166.68833923339844, 62.513999938964844, 138.06158447265625, 71.58910369873047, 115.31695556640625, 104.01922607421875, 190.2051544189453, 90.42676544189453, 142.27438354492188, 155.4252166748047, 183.89671325683594, 169.8587646484375, 177.5528106689453, 27.018512725830078, 81.27114868164062, 48.093658447265625, 156.00320434570312, 125.9920654296875, 137.20057678222656, 131.64346313476562, 64.14047241210938, 130.26895141601562, 89.44271850585938, 58.24946212768555, 0.0, 126.479248046875, 173.44163513183594, 85.8836441040039, 130.26895141601562, 157.25775146484375, 201.0621795654297, 124.7798080444336, 138.17742919921875, 5.0, 7.211102485656738, 99.74467468261719, 60.8276252746582, 140.132080078125, 95.33625030517578], [129.71121215820312, 40.224369049072266, 88.6848373413086, 13.03840446472168, 91.0054931640625, 93.94147491455078, 67.02984619140625, 84.2911605834961, 62.801273345947266, 45.31004333496094, 67.88224792480469, 63.976558685302734, 120.93386840820312, 81.74349975585938, 132.03408813476562, 60.0333251953125, 92.45539093017578, 86.02325439453125, 20.615528106689453, 47.50789260864258, 32.75667953491211, 74.3303451538086, 96.40020751953125, 123.47064208984375, 94.76286315917969, 126.479248046875, 0.0, 69.7782211303711, 66.37017059326172, 20.615528106689453, 78.74642944335938, 85.09406280517578, 64.53681182861328, 111.21150970458984, 128.28094482421875, 133.68994140625, 30.528675079345703, 67.62396240234375, 91.92388153076172, 101.39033508300781], [199.4592742919922, 60.90156173706055, 116.86744689941406, 58.830265045166016, 157.08914184570312, 163.6826171875, 74.79304504394531, 127.01181030273438, 131.24404907226562, 107.62899017333984, 23.430749893188477, 95.07891082763672, 75.05997467041016, 133.4053955078125, 186.8689422607422, 126.14673614501953, 128.08200073242188, 42.05948257446289, 88.83692932128906, 112.29425811767578, 98.81295776367188, 136.9379425048828, 165.36021423339844, 191.37921142578125, 158.02847290039062, 173.44163513183594, 69.7782211303711, 0.0, 134.2013397216797, 51.92301940917969, 32.31098937988281, 115.13470458984375, 133.1465301513672, 180.01388549804688, 176.70596313476562, 180.2054443359375, 79.10120391845703, 125.03599548339844, 159.40200805664062, 170.4611358642578], [72.18032836914062, 100.28459167480469, 86.83317565917969, 79.22752380371094, 25.70992088317871, 40.71854782104492, 97.83660125732422, 106.10372161865234, 5.0, 60.216278076171875, 126.57408905029297, 106.0660171508789, 168.5823211669922, 92.20086669921875, 79.20858764648438, 10.816654205322266, 79.4040298461914, 139.2300262451172, 53.75872039794922, 54.037025451660156, 53.3104133605957, 22.135944366455078, 52.17279052734375, 57.27128601074219, 33.83784866333008, 85.8836441040039, 66.37017059326172, 134.2013397216797, 0.0, 82.2800064086914, 134.82582092285156, 119.80818176269531, 38.910152435302734, 64.8459701538086, 85.23497009277344, 92.28217315673828, 59.90826416015625, 34.2344856262207, 58.00862121582031, 37.2155876159668], [148.8623504638672, 43.8292121887207, 83.48652648925781, 17.0, 105.38026428222656, 113.20777130126953, 53.16013717651367, 100.17984008789062, 79.37883758544922, 65.29930877685547, 47.423622131347656, 75.31268310546875, 100.64790344238281, 99.92497253417969, 139.7139892578125, 74.3303451538086, 90.42676544189453, 65.45991516113281, 41.231056213378906, 67.95587158203125, 53.25410842895508, 86.02325439453125, 116.5160903930664, 139.4632568359375, 107.07473754882812, 130.26895141601562, 20.615528106689453, 51.92301940917969, 82.2800064086914, 0.0, 58.13776779174805, 97.32420349121094, 84.89994049072266, 131.36590576171875, 132.7742462158203, 137.38267517089844, 30.675724029541016, 75.80237579345703, 112.44998931884766, 118.68024444580078], [204.83163452148438, 84.92938232421875, 96.50906372070312, 71.86793518066406, 154.5477294921875, 169.62310791015625, 53.46026611328125, 150.57223510742188, 132.92478942871094, 122.5887451171875, 12.369317054748535, 120.41594696044922, 45.89117431640625, 154.0292205810547, 174.41329956054688, 125.2397689819336, 109.65856170654297, 10.049875259399414, 99.35794067382812, 125.80142974853516, 111.21150970458984, 132.25732421875, 174.09193420410156, 190.1841278076172, 152.73834228515625, 157.25775146484375, 78.74642944335938, 32.31098937988281, 134.82582092285156, 58.13776779174805, 0.0, 141.71803283691406, 142.8425750732422, 188.95767211914062, 161.11175537109375, 163.517578125, 75.13321685791016, 117.72000885009766, 170.53152465820312, 172.03778076171875], [145.3822479248047, 57.14017868041992, 173.1415557861328, 80.60397338867188, 143.6697540283203, 117.6435317993164, 150.233154296875, 22.360679626464844, 114.80853271484375, 59.66573715209961, 129.4024658203125, 22.090721130371094, 187.57931518554688, 40.01249694824219, 198.71588134765625, 121.01652526855469, 175.1370849609375, 151.46286010742188, 76.5506362915039, 65.802734375, 69.42621612548828, 138.7083282470703, 108.25894927978516, 162.8557586669922, 153.60012817382812, 201.0621795654297, 85.09406280517578, 115.13470458984375, 119.80818176269531, 97.32420349121094, 141.71803283691406, 0.0, 86.76404571533203, 117.61377716064453, 201.58621215820312, 208.06248474121094, 115.15641784667969, 140.46351623535156, 95.18928527832031, 138.0036163330078], [68.4105224609375, 84.17243957519531, 119.10499572753906, 74.3303451538086, 58.694122314453125, 34.058773040771484, 118.70130920410156, 70.0, 34.539833068847656, 32.0, 132.3215789794922, 77.66595458984375, 183.0027313232422, 54.451812744140625, 116.5160903930664, 45.35416030883789, 114.3547134399414, 149.48243713378906, 44.40720748901367, 25.01999282836914, 34.928497314453125, 60.926185607910156, 32.24903106689453, 76.5375747680664, 70.29224395751953, 124.7798080444336, 64.53681182861328, 133.1465301513672, 38.910152435302734, 84.89994049072266, 142.8425750732422, 86.76404571533203, 0.0, 46.87216567993164, 124.03628540039062, 131.1259002685547, 75.58438873291016, 70.21395874023438, 28.017850875854492, 51.54609680175781], [28.160255432128906, 129.09686279296875, 151.52886962890625, 121.20230865478516, 67.06713104248047, 24.515300750732422, 160.06561279296875, 96.33794403076172, 63.56099319458008, 75.61084747314453, 178.751220703125, 115.43396759033203, 227.6686248779297, 78.08969116210938, 121.16517639160156, 75.3923110961914, 143.17820739746094, 195.16146850585938, 91.26335144042969, 69.46221923828125, 81.4923324584961, 83.36066436767578, 14.866068840026855, 59.64059066772461, 80.22468566894531, 138.17742919921875, 111.21150970458984, 180.01388549804688, 64.8459701538086, 131.36590576171875, 188.95767211914062, 117.61377716064453, 46.87216567993164, 0.0, 135.79396057128906, 143.02796936035156, 118.40608215332031, 98.49365234375, 23.194826126098633, 43.17406463623047], [126.09916687011719, 168.4339599609375, 66.91038513183594, 140.06427001953125, 69.6419448852539, 113.26517486572266, 108.00463104248047, 190.23406982421875, 89.8888168334961, 142.523681640625, 159.0220184326172, 184.78366088867188, 174.41616821289062, 177.22866821289062, 22.203603744506836, 81.21575927734375, 52.345008850097656, 160.04998779296875, 127.0157470703125, 137.277099609375, 132.23086547851562, 63.82006072998047, 128.31600952148438, 85.84288024902344, 56.32051086425781, 5.0, 128.28094482421875, 176.70596313476562, 85.23497009277344, 132.7742462158203, 161.11175537109375, 201.58621215820312, 124.03628540039062, 135.79396057128906, 0.0, 7.280109882354736, 102.15674591064453, 61.84658432006836, 138.51353454589844, 92.77930450439453], [133.03382873535156, 173.89939880371094, 68.11754608154297, 145.26182556152344, 76.92203521728516, 120.54045104980469, 110.16351318359375, 197.00253295898438, 96.8968505859375, 149.16433715820312, 161.94134521484375, 191.00262451171875, 174.951416015625, 184.16567993164062, 27.312999725341797, 88.00568389892578, 54.00925827026367, 162.02777099609375, 133.12400817871094, 144.01388549804688, 138.65785217285156, 70.72481536865234, 135.59498596191406, 92.54188537597656, 63.60031509399414, 7.211102485656738, 133.68994140625, 180.2054443359375, 92.28217315673828, 137.38267517089844, 163.517578125, 208.06248474121094, 131.1259002685547, 143.02796936035156, 7.280109882354736, 0.0, 106.8877944946289, 67.94115447998047, 145.78408813476562, 99.98500061035156], [131.1373291015625, 69.29646301269531, 58.18075180053711, 39.623226165771484, 79.71198272705078, 96.8968505859375, 43.32435989379883, 112.37882232666016, 58.41232681274414, 68.00735473632812, 67.67569732666016, 94.3663101196289, 109.62207794189453, 107.11676025390625, 109.23827362060547, 50.11985778808594, 62.28964614868164, 79.32212829589844, 42.10700607299805, 67.47592163085938, 54.00925827026367, 58.24946212768555, 103.81233215332031, 115.15641784667969, 79.24645233154297, 99.74467468261719, 30.528675079345703, 79.10120391845703, 59.90826416015625, 30.675724029541016, 75.13321685791016, 115.15641784667969, 75.58438873291016, 118.40608215332031, 102.15674591064453, 106.8877944946289, 0.0, 46.010868072509766, 103.353759765625, 97.09788513183594], [101.87246704101562, 107.35455322265625, 53.141319274902344, 80.05622863769531, 40.31128692626953, 74.04052734375, 72.11102294921875, 130.6981201171875, 37.0, 82.37718200683594, 111.98660278320312, 123.06908416748047, 144.80331420898438, 119.43617248535156, 64.51356506347656, 25.079872131347656, 45.17742919921875, 119.97083282470703, 65.19202423095703, 77.89736938476562, 71.0633544921875, 17.029386520385742, 86.31338500976562, 75.60423278808594, 35.34119415283203, 60.8276252746582, 67.62396240234375, 125.03599548339844, 34.2344856262207, 75.80237579345703, 117.72000885009766, 140.46351623535156, 70.21395874023438, 98.49365234375, 61.84658432006836, 67.94115447998047, 46.010868072509766, 0.0, 92.04889678955078, 64.07027435302734], [50.2493782043457, 106.6208267211914, 143.54441833496094, 100.89598846435547, 69.07966613769531, 27.658634185791016, 146.26345825195312, 74.46475982666016, 55.081756591796875, 53.22593307495117, 159.80613708496094, 92.26592254638672, 211.0094757080078, 56.32051086425781, 127.0157470703125, 67.18630981445312, 137.1787109375, 177.3414764404297, 71.44927978515625, 47.50789260864258, 60.605281829833984, 79.4040298461914, 13.892443656921387, 73.24616241455078, 82.2800064086914, 140.132080078125, 91.92388153076172, 159.40200805664062, 58.00862121582031, 112.44998931884766, 170.53152465820312, 95.18928527832031, 28.017850875854492, 23.194826126098633, 138.51353454589844, 145.78408813476562, 103.353759765625, 92.04889678955078, 0.0, 51.088157653808594], [38.01315689086914, 131.0343475341797, 116.29703521728516, 113.78048706054688, 25.961509704589844, 23.430749893188477, 133.66001892089844, 119.95415496826172, 39.39543151855469, 82.56512451171875, 163.6826171875, 129.031005859375, 205.24375915527344, 102.92716217041016, 78.10890197753906, 47.20169448852539, 105.84894561767578, 176.4086151123047, 85.58621215820312, 75.50496673583984, 81.02468872070312, 47.16990661621094, 38.27531814575195, 25.0, 38.20994567871094, 95.33625030517578, 101.39033508300781, 170.4611358642578, 37.2155876159668, 118.68024444580078, 172.03778076171875, 138.0036163330078, 51.54609680175781, 43.17406463623047, 92.77930450439453, 99.98500061035156, 97.09788513183594, 64.07027435302734, 51.088157653808594, 0.0]], "coordinates": [[90, -73], [-58, -36], [19, 64], [-38, -14], [66, -14], [58, -57], [-23, 54], [-32, -97], [37, -23], [-8, -55], [-73, 35], [-52, -71], [-85, 92], [-14, -94], [98, 35], [35, -11], [33, 59], [-75, 57], [-12, -29], [-1, -54], [-8, -41], [48, 1], [52, -71], [97, -32], [69, -1], [81, 56], [-25, -13], [-88, 17], [41, -20], [-38, 3], [-76, 47], [-54, -93], [24, -55], [63, -81], [85, 53], [87, 60], [-9, 13], [37, 14], [40, -78], [73, -39]], "demands": [24.0, 15.0, 1.0, 23.0, 30.0, 39.0, 37.0, 19.0, 6.0, 4.0, 24.0, 21.0, 38.0, 23.0, 19.0, 24.0, 19.0, 39.0, 3.0, 31.0, -24.0, -15.0, -1.0, -23.0, -30.0, -39.0, -37.0, -19.0, -6.0, -4.0, -24.0, -21.0, -38.0, -23.0, -19.0, -24.0, -19.0, -39.0, -3.0, -31.0], "capacity": 50, "Vmax": 14}