{"name": "LZB_n20_16", "n": 20, "m": 6, "times": [[0.0, 85.98255920410156, 144.89996337890625, 15.132745742797852, 98.0051040649414, 194.12367248535156, 76.16429901123047, 133.64505004882812, 188.1515350341797, 143.38758850097656, 71.38627624511719, 89.44271850585938, 42.95346450805664, 171.04678344726562, 36.400550842285156, 165.89454650878906, 86.88497924804688, 105.11898040771484, 114.20157623291016, 138.97482299804688, 75.61084747314453, 107.91200256347656, 75.00666809082031, 91.58602142333984, 57.584720611572266, 135.18136596679688, 156.70672607421875, 145.7978057861328, 166.68833923339844, 142.0563201904297, 133.95895385742188, 134.35772705078125, 105.15226745605469, 140.47064208984375, 42.54409408569336, 82.2192153930664, 109.93180084228516, 101.07917785644531, 94.00531768798828, 55.3263053894043], [85.98255920410156, 0.0, 60.4400520324707, 72.62230682373047, 14.0, 108.85311126708984, 42.19004440307617, 97.20082092285156, 102.21546173095703, 57.697486877441406, 89.02246856689453, 65.0, 124.4829330444336, 151.9539337158203, 60.41522979736328, 124.45883178710938, 66.0302963256836, 51.429561614990234, 44.10215377807617, 101.82828521728516, 51.88448715209961, 30.364452362060547, 46.097721099853516, 6.082762718200684, 52.46903991699219, 74.625732421875, 83.9523696899414, 67.06713104248047, 85.47514343261719, 82.15229797363281, 50.21951675415039, 52.77309799194336, 19.235383987426758, 55.36244201660156, 43.600460052490234, 150.74813842773438, 141.79562377929688, 93.23089599609375, 50.990196228027344, 66.48307800292969], [144.89996337890625, 60.4400520324707, 0.0, 130.64837646484375, 47.16990661621094, 49.39635467529297, 79.98124694824219, 95.0, 46.097721099853516, 10.0, 144.12493896484375, 90.3548583984375, 180.31361389160156, 149.21461486816406, 120.7849349975586, 108.52188873291016, 113.95174407958984, 86.03487396240234, 66.70832061767578, 97.1287841796875, 104.23531341552734, 38.94868469238281, 83.63013458251953, 54.4058837890625, 110.45361328125, 57.21887969970703, 42.43819046020508, 21.931713104248047, 28.160255432128906, 61.188232421875, 37.64305877685547, 45.343135833740234, 41.773197174072266, 6.324555397033691, 102.45974731445312, 199.52944946289062, 174.04884338378906, 139.01438903808594, 72.56031799316406, 124.32618713378906], [15.132745742797852, 72.62230682373047, 130.64837646484375, 0.0, 84.05950164794922, 179.98056030273438, 61.073726654052734, 119.64112854003906, 174.45343017578125, 129.54150390625, 73.9256362915039, 75.18643188476562, 52.63079071044922, 159.22311401367188, 32.06243896484375, 151.92103576660156, 83.05419921875, 97.14422607421875, 104.10091400146484, 125.0, 69.87130737304688, 93.23089599609375, 60.008331298828125, 78.00640869140625, 52.239830017089844, 120.10411834716797, 141.5980224609375, 130.91983032226562, 151.92103576660156, 127.0157470703125, 121.62236785888672, 122.57650756835938, 91.60785675048828, 126.40016174316406, 29.068883895874023, 86.58522033691406, 104.78549194335938, 100.80674743652344, 79.00633239746094, 53.75872039794922], [98.0051040649414, 14.0, 47.16990661621094, 84.05950164794922, 0.0, 96.15092468261719, 43.17406463623047, 89.55445098876953, 90.44335174560547, 45.486263275146484, 102.61091613769531, 63.03173828125, 134.95184326171875, 145.3616180419922, 74.14849853515625, 114.8651351928711, 77.89736938476562, 59.03388977050781, 47.16990661621094, 93.81364440917969, 64.62197875976562, 17.492855072021484, 47.29693603515625, 8.062257766723633, 66.37017059326172, 63.25345993041992, 70.3420181274414, 53.0848388671875, 71.56814575195312, 70.60453033447266, 43.65776062011719, 48.05205535888672, 9.486832618713379, 42.48529052734375, 55.4707145690918, 158.44557189941406, 143.95138549804688, 104.9571304321289, 46.69047164916992, 80.39900207519531], [194.12367248535156, 108.85311126708984, 49.39635467529297, 179.98056030273438, 96.15092468261719, 0.0, 128.2224578857422, 128.08200073242188, 15.0, 51.26402282714844, 187.07217407226562, 135.2479248046875, 229.65408325195312, 175.51353454589844, 168.57342529296875, 130.4645538330078, 154.08114624023438, 123.03658294677734, 103.00485229492188, 128.4445343017578, 147.23110961914062, 88.00568389892578, 131.64346313476562, 102.956298828125, 156.20498657226562, 90.87353515625, 63.60031509399414, 56.61272048950195, 37.161808013916016, 91.08238220214844, 71.02816009521484, 76.10519409179688, 89.69392395019531, 53.66563034057617, 151.61134338378906, 247.52374267578125, 216.9815673828125, 176.34341430664062, 118.34272003173828, 169.64964294433594], [76.16429901123047, 42.19004440307617, 79.98124694824219, 61.073726654052734, 43.17406463623047, 128.2224578857422, 0.0, 64.8999252319336, 126.0634765625, 82.4196548461914, 111.01801300048828, 24.1867733001709, 103.78824615478516, 115.108642578125, 69.35416412353516, 96.17691802978516, 98.81295776367188, 92.04889678955078, 86.28441619873047, 70.1783447265625, 82.80096435546875, 41.400482177734375, 4.123105525970459, 43.046485900878906, 74.41101837158203, 59.03388977050781, 81.60882568359375, 74.09453582763672, 95.71833801269531, 66.00757598876953, 86.68333435058594, 91.21951293945312, 52.63079071044922, 77.6208724975586, 42.154476165771484, 119.55333709716797, 100.80674743652344, 124.96399688720703, 18.439088821411133, 86.02325439453125], [133.64505004882812, 97.20082092285156, 95.0, 119.64112854003906, 89.55445098876953, 128.08200073242188, 64.8999252319336, 0.0, 133.41664123535156, 103.17460632324219, 175.88917541503906, 44.59820556640625, 148.216064453125, 56.30275344848633, 133.8431854248047, 32.280025482177734, 161.24514770507812, 148.1114501953125, 136.400146484375, 5.385164737701416, 145.67086791992188, 74.84651184082031, 63.631752014160156, 94.57801055908203, 139.01438903808594, 38.327537536621094, 64.62197875976562, 75.53807067871094, 91.0933609008789, 37.0, 122.48265075683594, 129.54150390625, 96.17691802978516, 97.18538665771484, 106.55046081542969, 145.24806213378906, 96.42613983154297, 188.09571838378906, 48.166378021240234, 150.90394592285156], [188.1515350341797, 102.21546173095703, 46.097721099853516, 174.45343017578125, 90.44335174560547, 15.0, 126.0634765625, 133.41664123535156, 0.0, 45.0, 176.40011596679688, 135.6797637939453, 225.22877502441406, 183.33030700683594, 160.72958374023438, 139.00360107421875, 142.6884765625, 111.16204071044922, 91.3509750366211, 134.34657287597656, 136.8941192626953, 84.8646011352539, 129.7266387939453, 96.5660400390625, 147.05441284179688, 95.33625030517578, 70.25667572021484, 58.872745513916016, 43.104522705078125, 96.69022369384766, 60.01666259765625, 64.19501495361328, 83.00602722167969, 48.83646011352539, 145.64683532714844, 245.59519958496094, 218.76470947265625, 164.01219177246094, 118.1524429321289, 160.16241455078125], [143.38758850097656, 57.697486877441406, 10.0, 129.54150390625, 45.486263275146484, 51.26402282714844, 82.4196548461914, 103.17460632324219, 45.0, 0.0, 138.01449584960938, 95.07891082763672, 180.2359619140625, 157.99050903320312, 117.32433319091797, 117.95338439941406, 106.79419708251953, 77.88452911376953, 58.18934631347656, 105.57461547851562, 98.0051040649414, 41.04875183105469, 86.26702880859375, 51.88448715209961, 105.54619598388672, 65.92420196533203, 52.430908203125, 31.764760971069336, 36.67424011230469, 70.3420181274414, 28.017850875854492, 35.608985900878906, 38.4837646484375, 6.0, 100.84642028808594, 201.53411865234375, 179.01116943359375, 131.24404907226562, 77.077880859375, 119.2182846069336], [71.38627624511719, 89.02246856689453, 144.12493896484375, 73.9256362915039, 102.61091613769531, 187.07217407226562, 111.01801300048828, 175.88917541503906, 176.40011596679688, 138.01449584960938, 0.0, 133.41664123535156, 109.07337188720703, 224.2431640625, 45.0, 206.7002716064453, 35.34119415283203, 67.06713104248047, 85.61541748046875, 181.13531494140625, 40.01249694824219, 119.36917877197266, 112.61438751220703, 94.5938720703125, 37.57658767700195, 161.7714385986328, 172.9306182861328, 155.19342041015625, 171.5721435546875, 169.3871307373047, 116.4001693725586, 112.5877456665039, 103.94710540771484, 138.05795288085938, 70.72481536865234, 152.21038818359375, 178.70925903320312, 32.572994232177734, 128.16004943847656, 25.0], [89.44271850585938, 65.0, 90.3548583984375, 75.18643188476562, 63.03173828125, 135.2479248046875, 24.1867733001709, 44.59820556640625, 135.6797637939453, 95.07891082763672, 133.41664123535156, 0.0, 108.46658325195312, 91.3509750366211, 90.13877868652344, 76.843994140625, 122.88612365722656, 115.76700592041016, 108.67382049560547, 49.97999572753906, 106.8316421508789, 55.54277801513672, 21.40093421936035, 64.77654266357422, 97.59098052978516, 52.32590103149414, 79.88116455078125, 78.74642944335938, 99.72462463378906, 57.584720611572266, 104.8093490600586, 110.29052734375, 72.00694274902344, 89.55445098876953, 63.0079345703125, 114.85643005371094, 83.93450164794922, 148.83883666992188, 18.027755737304688, 108.46658325195312], [42.95346450805664, 124.4829330444336, 180.31361389160156, 52.63079071044922, 134.95184326171875, 229.65408325195312, 103.78824615478516, 148.216064453125, 225.22877502441406, 180.2359619140625, 109.07337188720703, 108.46658325195312, 0.0, 172.95663452148438, 79.30951690673828, 179.00279235839844, 129.12010192871094, 148.0303955078125, 156.4257049560547, 153.1175994873047, 118.47362518310547, 141.73919677734375, 101.23734283447266, 129.5569305419922, 100.46392059326172, 159.7654571533203, 184.9540557861328, 177.58941650390625, 199.12307739257812, 165.67739868164062, 174.04022216796875, 175.1713409423828, 143.08738708496094, 176.6040802001953, 81.39410400390625, 44.643028259277344, 93.00537872314453, 140.69825744628906, 118.92855072021484, 97.01546478271484], [171.04678344726562, 151.9539337158203, 149.21461486816406, 159.22311401367188, 145.3616180419922, 175.51353454589844, 115.108642578125, 56.30275344848633, 183.33030700683594, 157.99050903320312, 224.2431640625, 91.3509750366211, 172.95663452148438, 0.0, 180.0555419921875, 45.607017517089844, 213.8270263671875, 203.29534912109375, 192.41880798339844, 52.88667297363281, 197.8737030029297, 131.10301208496094, 112.69871520996094, 149.88328552246094, 188.9047393798828, 92.07062530517578, 113.11056518554688, 128.39002990722656, 140.22837829589844, 88.27796936035156, 178.57211303710938, 185.72291564941406, 152.31546020507812, 152.06906127929688, 153.52198791503906, 155.01290893554688, 92.54188537597656, 240.07081604003906, 101.2422866821289, 199.42416381835938], [36.400550842285156, 60.41522979736328, 120.7849349975586, 32.06243896484375, 74.14849853515625, 168.57342529296875, 69.35416412353516, 133.8431854248047, 160.72958374023438, 117.32433319091797, 45.0, 90.13877868652344, 79.30951690673828, 180.0555419921875, 0.0, 165.46902465820312, 51.244510650634766, 69.1158447265625, 79.90619659423828, 139.18692016601562, 39.217342376708984, 88.09085845947266, 70.23532104492188, 66.4906005859375, 21.189620971679688, 124.95198822021484, 141.088623046875, 126.39620208740234, 145.67086791992188, 132.44244384765625, 103.24727630615234, 102.41581726074219, 79.12016296386719, 115.52056121826172, 27.294687271118164, 117.54573822021484, 135.3513946533203, 69.12307739257812, 87.46427917480469, 22.135944366455078], [165.89454650878906, 124.45883178710938, 108.52188873291016, 151.92103576660156, 114.8651351928711, 130.4645538330078, 96.17691802978516, 32.280025482177734, 139.00360107421875, 117.95338439941406, 206.7002716064453, 76.843994140625, 179.00279235839844, 45.607017517089844, 165.46902465820312, 0.0, 189.9315643310547, 173.8763885498047, 160.07810974121094, 26.925823211669922, 174.77413940429688, 98.40731811523438, 95.2732925415039, 120.96693420410156, 169.46090698242188, 53.712196350097656, 69.35416412353516, 86.83317565917969, 96.08329772949219, 47.92702865600586, 141.36477661132812, 148.93287658691406, 120.0, 112.27198791503906, 138.19189453125, 172.20046997070312, 117.1836166381836, 217.03916931152344, 78.54934692382812, 181.7965850830078], [86.88497924804688, 66.0302963256836, 113.95174407958984, 83.05419921875, 77.89736938476562, 154.08114624023438, 98.81295776367188, 161.24514770507812, 142.6884765625, 106.79419708251953, 35.34119415283203, 122.88612365722656, 129.12010192871094, 213.8270263671875, 51.244510650634766, 189.9315643310547, 0.0, 32.015621185302734, 51.35172653198242, 166.17160034179688, 16.124515533447266, 95.38343811035156, 101.51354217529297, 70.49113464355469, 31.064449310302734, 140.6165008544922, 147.07821655273438, 127.75758361816406, 141.99295043945312, 148.1114501953125, 83.05419921875, 78.51751708984375, 76.69419860839844, 107.68936920166016, 66.7607650756836, 168.7157440185547, 183.1993408203125, 27.20294189453125, 113.2784194946289, 32.31098937988281], [105.11898040771484, 51.429561614990234, 86.03487396240234, 97.14422607421875, 59.03388977050781, 123.03658294677734, 92.04889678955078, 148.1114501953125, 111.16204071044922, 77.88452911376953, 67.06713104248047, 115.76700592041016, 148.0303955078125, 203.29534912109375, 69.1158447265625, 173.8763885498047, 32.015621185302734, 0.0, 20.099750518798828, 152.5516357421875, 31.827661514282227, 75.69015502929688, 95.60334777832031, 53.5350341796875, 48.60041046142578, 121.62236785888672, 122.96747589111328, 102.4743881225586, 114.16216278076172, 128.72451782226562, 52.239830017089844, 47.01063537597656, 54.488529205322266, 79.71198272705078, 72.99314880371094, 183.43936157226562, 187.17105102539062, 53.600372314453125, 102.41581726074219, 57.384666442871094], [114.20157623291016, 44.10215377807617, 66.70832061767578, 104.10091400146484, 47.16990661621094, 103.00485229492188, 86.28441619873047, 136.400146484375, 91.3509750366211, 58.18934631347656, 85.61541748046875, 108.67382049560547, 156.4257049560547, 192.41880798339844, 79.90619659423828, 160.07810974121094, 51.35172653198242, 20.099750518798828, 0.0, 140.47064208984375, 47.423622131347656, 61.91122817993164, 90.19977569580078, 43.931766510009766, 61.400325775146484, 106.82696533203125, 105.20931243896484, 84.31488800048828, 94.70480346679688, 113.5693588256836, 32.140316009521484, 27.166154861450195, 40.31128692626953, 60.41522979736328, 76.967529296875, 188.55767822265625, 185.38877868652344, 73.68174743652344, 93.40770721435547, 72.56031799316406], [138.97482299804688, 101.82828521728516, 97.1287841796875, 125.0, 93.81364440917969, 128.4445343017578, 70.1783447265625, 5.385164737701416, 134.34657287597656, 105.57461547851562, 181.13531494140625, 49.97999572753906, 153.1175994873047, 52.88667297363281, 139.18692016601562, 26.925823211669922, 166.17160034179688, 152.5516357421875, 140.47064208984375, 0.0, 150.65524291992188, 78.72102355957031, 68.96376037597656, 99.04544067382812, 144.2012481689453, 40.0, 64.8459701538086, 77.10382843017578, 91.67878723144531, 37.656341552734375, 125.68611907958984, 132.85330200195312, 100.18482971191406, 99.60923767089844, 111.89280700683594, 149.2715606689453, 99.02020263671875, 193.07252502441406, 53.26349639892578, 156.15696716308594], [75.61084747314453, 51.88448715209961, 104.23531341552734, 69.87130737304688, 64.62197875976562, 147.23110961914062, 82.80096435546875, 145.67086791992188, 136.8941192626953, 98.0051040649414, 40.01249694824219, 106.8316421508789, 118.47362518310547, 197.8737030029297, 39.217342376708984, 174.77413940429688, 16.124515533447266, 31.827661514282227, 47.423622131347656, 150.65524291992188, 0.0, 81.93900299072266, 85.44589233398438, 56.859474182128906, 18.027755737304688, 126.40016174316406, 134.71450805664062, 116.18089294433594, 131.85598754882812, 133.95895385742188, 76.90253448486328, 73.68174743652344, 64.76110076904297, 98.12747192382812, 51.195701599121094, 156.3105926513672, 167.88687133789062, 42.42640686035156, 97.59098052978516, 25.612497329711914], [107.91200256347656, 30.364452362060547, 38.94868469238281, 93.23089599609375, 17.492855072021484, 88.00568389892578, 41.400482177734375, 74.84651184082031, 84.8646011352539, 41.04875183105469, 119.36917877197266, 55.54277801513672, 141.73919677734375, 131.10301208496094, 88.09085845947266, 98.40731811523438, 95.38343811035156, 75.69015502929688, 61.91122817993164, 78.72102355957031, 81.93900299072266, 0.0, 45.221675872802734, 25.079872131347656, 82.56512451171875, 46.010868072509766, 53.75872039794922, 38.470767974853516, 58.8217658996582, 53.26349639892578, 50.0, 56.22277069091797, 21.63330841064453, 36.2353401184082, 66.21932983398438, 160.7762451171875, 139.1402130126953, 122.44998931884766, 37.656341552734375, 96.50906372070312], [75.00666809082031, 46.097721099853516, 83.63013458251953, 60.008331298828125, 47.29693603515625, 131.64346313476562, 4.123105525970459, 63.631752014160156, 129.7266387939453, 86.26702880859375, 112.61438751220703, 21.40093421936035, 101.23734283447266, 112.69871520996094, 70.23532104492188, 95.2732925415039, 101.51354217529297, 95.60334777832031, 90.19977569580078, 68.96376037597656, 85.44589233398438, 45.221675872802734, 0.0, 47.095645904541016, 76.38062286376953, 60.29925537109375, 83.81526947021484, 77.10382843017578, 98.73702239990234, 67.06713104248047, 90.8019790649414, 95.34149169921875, 56.75385284423828, 81.4002456665039, 42.94182205200195, 115.97413635253906, 96.69022369384766, 127.440185546875, 19.0, 87.61849212646484], [91.58602142333984, 6.082762718200684, 54.4058837890625, 78.00640869140625, 8.062257766723633, 102.956298828125, 43.046485900878906, 94.57801055908203, 96.5660400390625, 51.88448715209961, 94.5938720703125, 64.77654266357422, 129.5569305419922, 149.88328552246094, 66.4906005859375, 120.96693420410156, 70.49113464355469, 53.5350341796875, 43.931766510009766, 99.04544067382812, 56.859474182128906, 25.079872131347656, 47.095645904541016, 0.0, 58.30952072143555, 70.21395874023438, 78.33900451660156, 61.13100814819336, 79.4040298461914, 77.66595458984375, 46.14108657836914, 49.39635467529297, 13.601470947265625, 49.39635467529297, 49.09175109863281, 154.77725219726562, 143.54441833496094, 97.6370849609375, 49.648765563964844, 72.3394775390625], [57.584720611572266, 52.46903991699219, 110.45361328125, 52.239830017089844, 66.37017059326172, 156.20498657226562, 74.41101837158203, 139.01438903808594, 147.05441284179688, 105.54619598388672, 37.57658767700195, 97.59098052978516, 100.46392059326172, 188.9047393798828, 21.189620971679688, 169.46090698242188, 31.064449310302734, 48.60041046142578, 61.400325775146484, 144.2012481689453, 18.027755737304688, 82.56512451171875, 76.38062286376953, 58.30952072143555, 0.0, 124.23365020751953, 136.31214904785156, 119.41942596435547, 137.0146026611328, 131.84840393066406, 87.8464584350586, 85.8836441040039, 69.02897644042969, 104.69001770019531, 37.121421813964844, 138.46299743652344, 152.55490112304688, 52.77309799194336, 91.02197265625, 14.03566837310791], [135.18136596679688, 74.625732421875, 57.21887969970703, 120.10411834716797, 63.25345993041992, 90.87353515625, 59.03388977050781, 38.327537536621094, 95.33625030517578, 65.92420196533203, 161.7714385986328, 52.32590103149414, 159.7654571533203, 92.07062530517578, 124.95198822021484, 53.712196350097656, 140.6165008544922, 121.62236785888672, 106.82696533203125, 40.0, 126.40016174316406, 46.010868072509766, 60.29925537109375, 70.21395874023438, 124.23365020751953, 0.0, 29.068883895874023, 37.2155876159668, 53.712196350097656, 7.6157732009887695, 87.8464584350586, 95.34149169921875, 67.20863342285156, 60.01666259765625, 98.99494934082031, 166.73931884765625, 127.6126937866211, 167.80047607421875, 41.43669891357422, 137.64083862304688], [156.70672607421875, 83.9523696899414, 42.43819046020508, 141.5980224609375, 70.3420181274414, 63.60031509399414, 81.60882568359375, 64.62197875976562, 70.25667572021484, 52.430908203125, 172.9306182861328, 79.88116455078125, 184.9540557861328, 113.11056518554688, 141.088623046875, 69.35416412353516, 147.07821655273438, 122.96747589111328, 105.20931243896484, 64.8459701538086, 134.71450805664062, 53.75872039794922, 83.81526947021484, 78.33900451660156, 136.31214904785156, 29.068883895874023, 0.0, 21.21320343017578, 27.166154861450195, 27.73084831237793, 79.30951690673828, 87.1148681640625, 70.38465881347656, 47.6340217590332, 117.27318572998047, 194.733154296875, 156.64610290527344, 173.6317901611328, 66.21178436279297, 150.2664337158203], [145.7978057861328, 67.06713104248047, 21.931713104248047, 130.91983032226562, 53.0848388671875, 56.61272048950195, 74.09453582763672, 75.53807067871094, 58.872745513916016, 31.764760971069336, 155.19342041015625, 78.74642944335938, 177.58941650390625, 128.39002990722656, 126.39620208740234, 86.83317565917969, 127.75758361816406, 102.4743881225586, 84.31488800048828, 77.10382843017578, 116.18089294433594, 38.470767974853516, 77.10382843017578, 61.13100814819336, 119.41942596435547, 37.2155876159668, 21.21320343017578, 0.0, 21.63330841064453, 40.112342834472656, 58.13776779174805, 65.94694519042969, 51.41984176635742, 26.62705421447754, 104.56098937988281, 192.09632873535156, 160.52413940429688, 153.94154357910156, 62.2414665222168, 133.45411682128906], [166.68833923339844, 85.47514343261719, 28.160255432128906, 151.92103576660156, 71.56814575195312, 37.161808013916016, 95.71833801269531, 91.0933609008789, 43.104522705078125, 36.67424011230469, 171.5721435546875, 99.72462463378906, 199.12307739257812, 140.22837829589844, 145.67086791992188, 96.08329772949219, 141.99295043945312, 114.16216278076172, 94.70480346679688, 91.67878723144531, 131.85598754882812, 58.8217658996582, 98.73702239990234, 79.4040298461914, 137.0146026611328, 53.712196350097656, 27.166154861450195, 21.63330841064453, 0.0, 54.120235443115234, 64.49806213378906, 71.86793518066406, 68.0, 34.48188018798828, 125.0, 213.57200622558594, 180.27755737304688, 167.1705780029297, 83.63013458251953, 151.00331115722656], [142.0563201904297, 82.15229797363281, 61.188232421875, 127.0157470703125, 70.60453033447266, 91.08238220214844, 66.00757598876953, 37.0, 96.69022369384766, 70.3420181274414, 169.3871307373047, 57.584720611572266, 165.67739868164062, 88.27796936035156, 132.44244384765625, 47.92702865600586, 148.1114501953125, 128.72451782226562, 113.5693588256836, 37.656341552734375, 133.95895385742188, 53.26349639892578, 67.06713104248047, 77.66595458984375, 131.84840393066406, 7.6157732009887695, 27.73084831237793, 40.112342834472656, 54.120235443115234, 0.0, 93.471923828125, 101.07422637939453, 74.24958038330078, 64.56005096435547, 106.3672866821289, 171.17242431640625, 129.7266387939453, 175.2854766845703, 48.093658447265625, 145.24806213378906], [133.95895385742188, 50.21951675415039, 37.64305877685547, 121.62236785888672, 43.65776062011719, 71.02816009521484, 86.68333435058594, 122.48265075683594, 60.01666259765625, 28.017850875854492, 116.4001693725586, 104.8093490600586, 174.04022216796875, 178.57211303710938, 103.24727630615234, 141.36477661132812, 83.05419921875, 52.239830017089844, 32.140316009521484, 125.68611907958984, 76.90253448486328, 50.0, 90.8019790649414, 46.14108657836914, 87.8464584350586, 87.8464584350586, 79.30951690673828, 58.13776779174805, 64.49806213378906, 93.471923828125, 0.0, 7.8102498054504395, 34.1760139465332, 31.827661514282227, 92.6552734375, 200.87060546875, 187.2431640625, 105.80170440673828, 87.28115844726562, 100.5683822631836], [134.35772705078125, 52.77309799194336, 45.343135833740234, 122.57650756835938, 48.05205535888672, 76.10519409179688, 91.21951293945312, 129.54150390625, 64.19501495361328, 35.608985900878906, 112.5877456665039, 110.29052734375, 175.1713409423828, 185.72291564941406, 102.41581726074219, 148.93287658691406, 78.51751708984375, 47.01063537597656, 27.166154861450195, 132.85330200195312, 73.68174743652344, 56.22277069091797, 95.34149169921875, 49.39635467529297, 85.8836441040039, 95.34149169921875, 87.1148681640625, 65.94694519042969, 71.86793518066406, 101.07422637939453, 7.8102498054504395, 0.0, 38.63935852050781, 39.59798049926758, 93.86160278320312, 203.42074584960938, 192.0026092529297, 100.24469757080078, 93.02149963378906, 98.0866928100586], [105.15226745605469, 19.235383987426758, 41.773197174072266, 91.60785675048828, 9.486832618713379, 89.69392395019531, 52.63079071044922, 96.17691802978516, 83.00602722167969, 38.4837646484375, 103.94710540771484, 72.00694274902344, 143.08738708496094, 152.31546020507812, 79.12016296386719, 120.0, 76.69419860839844, 54.488529205322266, 40.31128692626953, 100.18482971191406, 64.76110076904297, 21.63330841064453, 56.75385284423828, 13.601470947265625, 69.02897644042969, 67.20863342285156, 70.38465881347656, 51.41984176635742, 68.0, 74.24958038330078, 34.1760139465332, 38.63935852050781, 0.0, 36.400550842285156, 62.68173599243164, 167.53805541992188, 153.37535095214844, 103.31505584716797, 55.226806640625, 83.00602722167969], [140.47064208984375, 55.36244201660156, 6.324555397033691, 126.40016174316406, 42.48529052734375, 53.66563034057617, 77.6208724975586, 97.18538665771484, 48.83646011352539, 6.0, 138.05795288085938, 89.55445098876953, 176.6040802001953, 152.06906127929688, 115.52056121826172, 112.27198791503906, 107.68936920166016, 79.71198272705078, 60.41522979736328, 99.60923767089844, 98.12747192382812, 36.2353401184082, 81.4002456665039, 49.39635467529297, 104.69001770019531, 60.01666259765625, 47.6340217590332, 26.62705421447754, 34.48188018798828, 64.56005096435547, 31.827661514282227, 39.59798049926758, 36.400550842285156, 0.0, 97.94896697998047, 196.9873046875, 173.46180725097656, 132.69891357421875, 71.58910369873047, 118.51160430908203], [42.54409408569336, 43.600460052490234, 102.45974731445312, 29.068883895874023, 55.4707145690918, 151.61134338378906, 42.154476165771484, 106.55046081542969, 145.64683532714844, 100.84642028808594, 70.72481536865234, 63.0079345703125, 81.39410400390625, 153.52198791503906, 27.294687271118164, 138.19189453125, 66.7607650756836, 72.99314880371094, 76.967529296875, 111.89280700683594, 51.195701599121094, 66.21932983398438, 42.94182205200195, 49.09175109863281, 37.121421813964844, 98.99494934082031, 117.27318572998047, 104.56098937988281, 125.0, 106.3672866821289, 92.6552734375, 93.86160278320312, 62.68173599243164, 97.94896697998047, 0.0, 111.61540985107422, 116.7261734008789, 89.89437866210938, 60.406951904296875, 46.010868072509766], [82.2192153930664, 150.74813842773438, 199.52944946289062, 86.58522033691406, 158.44557189941406, 247.52374267578125, 119.55333709716797, 145.24806213378906, 245.59519958496094, 201.53411865234375, 152.21038818359375, 114.85643005371094, 44.643028259277344, 155.01290893554688, 117.54573822021484, 172.20046997070312, 168.7157440185547, 183.43936157226562, 188.55767822265625, 149.2715606689453, 156.3105926513672, 160.7762451171875, 115.97413635253906, 154.77725219726562, 138.46299743652344, 166.73931884765625, 194.733154296875, 192.09632873535156, 213.57200622558594, 171.17242431640625, 200.87060546875, 203.42074584960938, 167.53805541992188, 196.9873046875, 111.61540985107422, 0.0, 64.13267517089844, 183.01092529296875, 129.9576873779297, 137.5245361328125], [109.93180084228516, 141.79562377929688, 174.04884338378906, 104.78549194335938, 143.95138549804688, 216.9815673828125, 100.80674743652344, 96.42613983154297, 218.76470947265625, 179.01116943359375, 178.70925903320312, 83.93450164794922, 93.00537872314453, 92.54188537597656, 135.3513946533203, 117.1836166381836, 183.1993408203125, 187.17105102539062, 185.38877868652344, 99.02020263671875, 167.88687133789062, 139.1402130126953, 96.69022369384766, 143.54441833496094, 152.55490112304688, 127.6126937866211, 156.64610290527344, 160.52413940429688, 180.27755737304688, 129.7266387939453, 187.2431640625, 192.0026092529297, 153.37535095214844, 173.46180725097656, 116.7261734008789, 64.13267517089844, 0.0, 204.31837463378906, 101.95096588134766, 157.48651123046875], [101.07917785644531, 93.23089599609375, 139.01438903808594, 100.80674743652344, 104.9571304321289, 176.34341430664062, 124.96399688720703, 188.09571838378906, 164.01219177246094, 131.24404907226562, 32.572994232177734, 148.83883666992188, 140.69825744628906, 240.07081604003906, 69.12307739257812, 217.03916931152344, 27.20294189453125, 53.600372314453125, 73.68174743652344, 193.07252502441406, 42.42640686035156, 122.44998931884766, 127.440185546875, 97.6370849609375, 52.77309799194336, 167.80047607421875, 173.6317901611328, 153.94154357910156, 167.1705780029297, 175.2854766845703, 105.80170440673828, 100.24469757080078, 103.31505584716797, 132.69891357421875, 89.89437866210938, 183.01092529296875, 204.31837463378906, 0.0, 140.0142822265625, 47.07440948486328], [94.00531768798828, 50.990196228027344, 72.56031799316406, 79.00633239746094, 46.69047164916992, 118.34272003173828, 18.439088821411133, 48.166378021240234, 118.1524429321289, 77.077880859375, 128.16004943847656, 18.027755737304688, 118.92855072021484, 101.2422866821289, 87.46427917480469, 78.54934692382812, 113.2784194946289, 102.41581726074219, 93.40770721435547, 53.26349639892578, 97.59098052978516, 37.656341552734375, 19.0, 49.648765563964844, 91.02197265625, 41.43669891357422, 66.21178436279297, 62.2414665222168, 83.63013458251953, 48.093658447265625, 87.28115844726562, 93.02149963378906, 55.226806640625, 71.58910369873047, 60.406951904296875, 129.9576873779297, 101.95096588134766, 140.0142822265625, 0.0, 103.24727630615234], [55.3263053894043, 66.48307800292969, 124.32618713378906, 53.75872039794922, 80.39900207519531, 169.64964294433594, 86.02325439453125, 150.90394592285156, 160.16241455078125, 119.2182846069336, 25.0, 108.46658325195312, 97.01546478271484, 199.42416381835938, 22.135944366455078, 181.7965850830078, 32.31098937988281, 57.384666442871094, 72.56031799316406, 156.15696716308594, 25.612497329711914, 96.50906372070312, 87.61849212646484, 72.3394775390625, 14.03566837310791, 137.64083862304688, 150.2664337158203, 133.45411682128906, 151.00331115722656, 145.24806213378906, 100.5683822631836, 98.0866928100586, 83.00602722167969, 118.51160430908203, 46.010868072509766, 137.5245361328125, 157.48651123046875, 47.07440948486328, 103.24727630615234, 0.0]], "coordinates": [[82, 2], [10, -45], [-48, -62], [67, 0], [-4, -45], [-90, -88], [6, -3], [-48, 33], [-78, -97], [-42, -70], [96, -68], [-6, 18], [100, 41], [-67, 86], [69, -32], [-79, 42], [64, -83], [33, -91], [13, -89], [-53, 35], [56, -69], [-19, -36], [7, 1], [4, -46], [62, -52], [-53, -5], [-72, -27], [-57, -42], [-75, -54], [-60, -2], [-19, -86], [-14, -92], [-7, -54], [-42, -64], [45, -19], [88, 84], [25, 96], [86, -99], [-12, 1], [76, -53]], "demands": [23.0, 33.0, 17.0, 29.0, 5.0, 33.0, 6.0, 37.0, 36.0, 32.0, 37.0, 21.0, 21.0, 7.0, 20.0, 13.0, 10.0, 31.0, 22.0, 1.0, -23.0, -33.0, -17.0, -29.0, -5.0, -33.0, -6.0, -37.0, -36.0, -32.0, -37.0, -21.0, -21.0, -7.0, -20.0, -13.0, -10.0, -31.0, -22.0, -1.0], "capacity": 50, "Vmax": 14}