{"name": "LZB_n20_14", "n": 20, "m": 6, "times": [[0.0, 190.7799835205078, 169.77926635742188, 161.4465789794922, 183.83145141601562, 85.42247772216797, 81.22191619873047, 72.11102294921875, 73.34848022460938, 43.26661682128906, 168.0267791748047, 73.40980529785156, 57.00876998901367, 73.53910827636719, 140.08926391601562, 140.03213500976562, 132.92478942871094, 108.85311126708984, 141.3541717529297, 53.740116119384766, 95.2680435180664, 162.6068878173828, 48.08325958251953, 156.26260375976562, 18.384777069091797, 180.6128387451172, 80.02499389648438, 143.0034942626953, 36.2353401184082, 170.48460388183594, 155.92947387695312, 46.010868072509766, 71.16881561279297, 108.90362548828125, 83.18653869628906, 121.07848358154297, 137.18600463867188, 100.60317993164062, 46.51881408691406, 20.099750518798828], [190.7799835205078, 0.0, 70.22820281982422, 108.7474136352539, 97.49359130859375, 158.11387634277344, 112.64102172851562, 144.90341186523438, 123.64869689941406, 153.01307678222656, 35.80502700805664, 164.2010955810547, 143.89231872558594, 186.4322967529297, 91.60785675048828, 54.12947463989258, 87.8179931640625, 134.61798095703125, 75.47184753417969, 164.0030517578125, 137.64083862304688, 62.17716598510742, 189.232666015625, 100.18482971191406, 173.04623413085938, 89.05054473876953, 194.6407012939453, 84.81155395507812, 166.01205444335938, 21.21320343017578, 35.1710090637207, 145.1688690185547, 173.17044067382812, 121.74153137207031, 183.74166870117188, 122.34786224365234, 68.88395690917969, 114.48143768310547, 154.0292205810547, 196.46119689941406], [169.77926635742188, 70.22820281982422, 0.0, 39.11521530151367, 154.30165100097656, 171.265869140625, 90.62008666992188, 105.0, 96.5660400390625, 144.00347900390625, 37.121421813964844, 172.2614288330078, 113.60017395019531, 139.83204650878906, 130.0, 49.73931884765625, 121.67169189453125, 158.2213592529297, 113.29607391357422, 127.0157470703125, 154.98709106445312, 12.083045959472656, 151.11915588378906, 31.827661514282227, 155.2836151123047, 21.587032318115234, 202.4080047607422, 28.017850875854492, 157.44204711914062, 69.065185546875, 57.87054443359375, 125.86500549316406, 180.0, 145.0, 194.12625122070312, 64.8459701538086, 36.400550842285156, 132.007568359375, 124.61540985107422, 168.19334411621094], [161.4465789794922, 108.7474136352539, 39.11521530151367, 0.0, 186.002685546875, 182.27999877929688, 91.9673843383789, 90.2496566772461, 93.08598327636719, 145.16542053222656, 74.0, 180.5436248779297, 104.8093490600586, 116.10771179199219, 155.72412109375, 76.10519409179688, 146.32156372070312, 175.32826232910156, 140.2925567626953, 111.62885284423828, 169.3074188232422, 46.81879806518555, 132.7742462158203, 10.049875259399414, 150.0966339111328, 28.635643005371094, 208.74147033691406, 32.75667953491211, 157.6134490966797, 104.78549194335938, 90.66973114013672, 122.80065155029297, 187.10958862304688, 162.9631805419922, 202.29928588867188, 41.48493576049805, 55.578773498535156, 148.49916076660156, 114.94781494140625, 155.32225036621094], [183.83145141601562, 97.49359130859375, 154.30165100097656, 186.002685546875, 0.0, 112.27198791503906, 135.11846923828125, 175.0257110595703, 146.48548889160156, 140.71957397460938, 118.25819396972656, 123.8587875366211, 162.54229736328125, 215.52261352539062, 44.59820556640625, 110.11357879638672, 53.600372314453125, 81.93289947509766, 51.078372955322266, 185.0675506591797, 93.52005004882812, 142.79005432128906, 206.01455688476562, 176.01136779785156, 166.19265747070312, 175.78680419921875, 146.75830078125, 154.20765686035156, 148.69094848632812, 87.09190368652344, 96.51942443847656, 149.48243713378906, 131.91285705566406, 76.5375747680664, 134.61798095703125, 179.7386932373047, 131.3087921142578, 83.24061584472656, 168.2200927734375, 198.2372283935547], [85.42247772216797, 158.11387634277344, 171.265869140625, 182.27999877929688, 112.27198791503906, 0.0, 92.13034057617188, 117.88553619384766, 95.85926818847656, 52.08646774291992, 151.26797485351562, 12.727922439575195, 98.0051040649414, 144.41952514648438, 76.10519409179688, 124.61942291259766, 74.24284362792969, 30.364452362060547, 86.5794448852539, 114.00438690185547, 21.095022201538086, 160.20611572265625, 124.5351333618164, 173.60011291503906, 72.42237091064453, 189.55210876464844, 37.2155876159668, 152.6204376220703, 50.59644317626953, 137.29530334472656, 130.14222717285156, 75.32595825195312, 19.697715759277344, 39.0, 25.70992088317871, 152.5417938232422, 135.0740509033203, 43.65776062011719, 96.04686737060547, 104.3886947631836], [81.22191619873047, 112.64102172851562, 90.62008666992188, 91.9673843383789, 135.11846923828125, 92.13034057617188, 0.0, 39.96248245239258, 12.041594505310059, 54.08327102661133, 87.05171203613281, 89.05054473876953, 31.764760971069336, 81.56592559814453, 92.4770278930664, 59.6824951171875, 82.46211242675781, 91.92388153076172, 84.38008880615234, 53.600372314453125, 82.71033477783203, 82.2800064086914, 78.03204345703125, 84.2199478149414, 65.30696868896484, 104.62313079833984, 116.7775650024414, 66.0378646850586, 67.23094177246094, 93.77632904052734, 77.49193572998047, 35.693138122558594, 95.2680435180664, 82.05486297607422, 110.60289001464844, 60.539241790771484, 56.29387283325195, 67.00746154785156, 41.43669891357422, 84.17243957519531], [72.11102294921875, 144.90341186523438, 105.0, 90.2496566772461, 175.0257110595703, 117.88553619384766, 39.96248245239258, 0.0, 28.635643005371094, 68.3520278930664, 114.16216278076172, 111.12605285644531, 20.248456954956055, 42.52058410644531, 132.0037841796875, 90.82400512695312, 122.1024169921875, 125.2557373046875, 124.34226989746094, 22.090721130371094, 114.0, 100.60317993164062, 46.389652252197266, 86.12781524658203, 63.70243453979492, 111.98660278320312, 133.2816619873047, 77.0064926147461, 77.41446685791016, 128.16004943847656, 110.7880859375, 43.32435989379883, 114.82595825195312, 117.38824462890625, 130.38404846191406, 49.19349670410156, 79.12016296386719, 102.9611587524414, 26.90724754333496, 65.14598846435547], [73.34848022460938, 123.64869689941406, 96.5660400390625, 93.08598327636719, 146.48548889160156, 95.85926818847656, 12.041594505310059, 28.635643005371094, 0.0, 52.345008850097656, 96.6281509399414, 91.24143981933594, 20.248456954956055, 69.65629577636719, 103.36827087402344, 70.0927963256836, 93.471923828125, 99.08077239990234, 95.96353149414062, 41.617305755615234, 88.81441497802734, 89.26925659179688, 66.24198150634766, 86.26702880859375, 58.872745513916016, 108.6876220703125, 117.20068359375, 70.38465881347656, 64.53681182861328, 105.19029998779297, 88.60022735595703, 30.01666259765625, 96.5660400390625, 90.19977569580078, 112.16059875488281, 57.688819885253906, 64.1248779296875, 75.42546081542969, 30.5941162109375, 74.24284362792969], [43.26661682128906, 153.01307678222656, 144.00347900390625, 145.16542053222656, 140.71957397460938, 52.08646774291992, 54.08327102661133, 68.3520278930664, 52.345008850097656, 0.0, 134.73306274414062, 43.416587829589844, 48.10405349731445, 92.34716796875, 96.83490753173828, 106.09900665283203, 89.69392395019531, 68.88395690917969, 98.41239929199219, 62.032249450683594, 55.46169662475586, 134.85177612304688, 73.37574768066406, 137.90576171875, 25.495098114013672, 158.6852264404297, 65.51335906982422, 120.10828399658203, 13.601470947265625, 132.09466552734375, 119.20570373535156, 25.079872131347656, 46.48655700683594, 66.84310150146484, 62.032249450683594, 109.63575744628906, 108.46197509765625, 57.48912811279297, 44.40720748901367, 58.13776779174805], [168.0267791748047, 35.80502700805664, 37.121421813964844, 74.0, 118.25819396972656, 151.26797485351562, 87.05171203613281, 114.16216278076172, 96.6281509399414, 134.73306274414062, 0.0, 154.73849487304688, 116.4001693725586, 154.35348510742188, 98.47842407226562, 28.635643005371094, 91.40021514892578, 133.20660400390625, 81.3019027709961, 134.62911987304688, 132.63861083984375, 27.20294189453125, 159.89059448242188, 65.0, 151.3307647705078, 58.03447341918945, 185.59364318847656, 49.04079818725586, 148.27676391601562, 32.0, 23.853721618652344, 122.06555938720703, 163.24827575683594, 119.75391387939453, 175.90054321289062, 87.04596710205078, 35.34119415283203, 108.811767578125, 127.14165496826172, 170.84788513183594], [73.40980529785156, 164.2010955810547, 172.2614288330078, 180.5436248779297, 123.8587875366211, 12.727922439575195, 89.05054473876953, 111.12605285644531, 91.24143981933594, 43.416587829589844, 154.73849487304688, 0.0, 90.9560317993164, 135.0148162841797, 85.98837280273438, 127.26350402832031, 83.05419921875, 42.04759216308594, 95.00526428222656, 105.3043212890625, 30.805843353271484, 161.60446166992188, 114.12712097167969, 172.24691772460938, 61.392181396484375, 189.69448852539062, 30.870698928833008, 152.02960205078125, 39.623226165771484, 143.13629150390625, 134.62911987304688, 67.91170501708984, 9.05538558959961, 48.83646011352539, 21.931713104248047, 148.7178497314453, 135.8712615966797, 50.35871505737305, 87.82368469238281, 92.69843292236328], [57.00876998901367, 143.89231872558594, 113.60017395019531, 104.8093490600586, 162.54229736328125, 98.0051040649414, 31.764760971069336, 20.248456954956055, 20.248456954956055, 48.10405349731445, 116.4001693725586, 90.9560317993164, 0.0, 53.23532485961914, 118.51160430908203, 90.2496566772461, 109.0, 107.05606079101562, 112.92918395996094, 22.671567916870117, 95.2575454711914, 107.29864501953125, 46.3249397277832, 99.31767272949219, 45.607017517089844, 123.64869689941406, 113.14591979980469, 86.34812927246094, 57.45433044433594, 125.39936065673828, 108.84851837158203, 23.0867919921875, 94.57801055908203, 100.16985321044922, 110.13627624511719, 65.4369888305664, 83.05419921875, 86.33075714111328, 11.045360565185547, 55.009090423583984], [73.53910827636719, 186.4322967529297, 139.83204650878906, 116.10771179199219, 215.52261352539062, 144.41952514648438, 81.56592559814453, 42.52058410644531, 69.65629577636719, 92.34716796875, 154.35348510742188, 135.0148162841797, 53.23532485961914, 0.0, 171.67701721191406, 132.6084442138672, 162.0771484375, 158.142333984375, 165.42369079589844, 31.62277603149414, 145.5609893798828, 137.64083862304688, 26.07680892944336, 115.108642578125, 75.80237579345703, 142.17242431640625, 150.2664337158203, 112.29425811767578, 96.13011932373047, 170.32028198242188, 152.82015991210938, 71.30918884277344, 136.18002319335938, 152.43359375, 150.65191650390625, 76.2364730834961, 119.01260375976562, 139.0863037109375, 50.0, 56.603885650634766], [140.08926391601562, 91.60785675048828, 130.0, 155.72412109375, 44.59820556640625, 76.10519409179688, 92.4770278930664, 132.0037841796875, 103.36827087402344, 96.83490753173828, 98.47842407226562, 85.98837280273438, 118.51160430908203, 171.67701721191406, 0.0, 80.95677947998047, 10.198039054870605, 47.26520919799805, 17.20465087890625, 140.9006805419922, 55.3263053894043, 117.9237060546875, 161.48374938964844, 145.71546936035156, 122.20065307617188, 151.3472900390625, 113.0, 122.9837417602539, 105.67875671386719, 73.55270385742188, 74.625732421875, 104.89041900634766, 94.76286315917969, 37.2155876159668, 101.0197982788086, 142.4254150390625, 100.22474670410156, 39.824615478515625, 123.81034088134766, 153.9123077392578], [140.03213500976562, 54.12947463989258, 49.73931884765625, 76.10519409179688, 110.11357879638672, 124.61942291259766, 59.6824951171875, 90.82400512695312, 70.0927963256836, 106.09900665283203, 28.635643005371094, 127.26350402832031, 90.2496566772461, 132.6084442138672, 80.95677947998047, 0.0, 72.23572540283203, 109.123779296875, 64.76110076904297, 109.93180084228516, 106.96260833740234, 37.735923767089844, 135.1924591064453, 66.06814575195312, 123.06502532958984, 70.68238830566406, 158.02847290039062, 44.10215377807617, 119.64112854003906, 38.20994567871094, 20.51828384399414, 94.02127075195312, 135.59498596191406, 95.7757797241211, 148.7178497314453, 74.30342864990234, 21.3775577545166, 83.4505844116211, 100.66280364990234, 143.85061645507812], [132.92478942871094, 87.8179931640625, 121.67169189453125, 146.32156372070312, 53.600372314453125, 74.24284362792969, 82.46211242675781, 122.1024169921875, 93.471923828125, 89.69392395019531, 91.40021514892578, 83.05419921875, 109.0, 162.0771484375, 10.198039054870605, 72.23572540283203, 0.0, 47.434165954589844, 12.649110794067383, 131.48764038085938, 53.15073013305664, 109.59014892578125, 152.50245666503906, 136.3414764404297, 114.82595825195312, 142.8635711669922, 111.44953918457031, 113.56495666503906, 99.31767272949219, 68.60028839111328, 67.62396240234375, 96.17691802978516, 92.02173614501953, 35.510562896728516, 99.72462463378906, 132.30645751953125, 90.9560317993164, 34.20526123046875, 114.63420104980469, 146.03082275390625], [108.85311126708984, 134.61798095703125, 158.2213592529297, 175.32826232910156, 81.93289947509766, 30.364452362060547, 91.92388153076172, 125.2557373046875, 99.08077239990234, 68.88395690917969, 133.20660400390625, 42.04759216308594, 107.05606079101562, 158.142333984375, 47.26520919799805, 109.123779296875, 47.434165954589844, 0.0, 60.083274841308594, 126.6056900024414, 13.601470947265625, 146.49232482910156, 141.69332885742188, 165.9186553955078, 93.19334411621094, 178.10108947753906, 66.18912506103516, 143.6558380126953, 72.62230682373047, 114.61238861083984, 110.42192077636719, 86.83317565917969, 49.97999572753906, 13.45362377166748, 54.08327102661133, 151.34397888183594, 123.42204284667969, 26.832815170288086, 108.17115783691406, 126.19429779052734], [141.3541717529297, 75.47184753417969, 113.29607391357422, 140.2925567626953, 51.078372955322266, 86.5794448852539, 84.38008880615234, 124.34226989746094, 95.96353149414062, 98.41239929199219, 81.3019027709961, 95.00526428222656, 112.92918395996094, 165.42369079589844, 17.20465087890625, 64.76110076904297, 12.649110794067383, 60.083274841308594, 0.0, 135.59129333496094, 65.4904556274414, 101.2422866821289, 157.6864013671875, 130.249755859375, 123.06502532958984, 134.73678588867188, 123.79418182373047, 107.67079162597656, 108.84851837158203, 56.7274169921875, 57.45433044433594, 102.303466796875, 104.01922607421875, 48.05205535888672, 112.14722442626953, 129.71121215820312, 84.71717834472656, 45.27692413330078, 119.5198745727539, 153.3786163330078], [53.740116119384766, 164.0030517578125, 127.0157470703125, 111.62885284423828, 185.0675506591797, 114.00438690185547, 53.600372314453125, 22.090721130371094, 41.617305755615234, 62.032249450683594, 134.62911987304688, 105.3043212890625, 22.671567916870117, 31.62277603149414, 140.9006805419922, 109.93180084228516, 131.48764038085938, 126.6056900024414, 135.59129333496094, 0.0, 114.14026641845703, 122.3315200805664, 25.298221588134766, 107.93516540527344, 49.658836364746094, 133.98880004882812, 123.3693618774414, 99.04544067382812, 67.6830825805664, 146.24978637695312, 129.2826385498047, 39.81205749511719, 107.35455322265625, 120.81390380859375, 122.37646484375, 70.22820281982422, 100.0199966430664, 107.54068756103516, 18.439088821411133, 43.863426208496094], [95.2680435180664, 137.64083862304688, 154.98709106445312, 169.3074188232422, 93.52005004882812, 21.095022201538086, 82.71033477783203, 114.0, 88.81441497802734, 55.46169662475586, 132.63861083984375, 30.805843353271484, 95.2575454711914, 145.5609893798828, 55.3263053894043, 106.96260833740234, 53.15073013305664, 13.601470947265625, 65.4904556274414, 114.14026641845703, 0.0, 143.558349609375, 128.51458740234375, 160.18115234375, 79.61155700683594, 174.1407470703125, 58.30952072143555, 138.39797973632812, 59.03388977050781, 117.0, 110.7880859375, 74.3303451538086, 39.458839416503906, 18.11077117919922, 46.69047164916992, 142.9405517578125, 119.33147430419922, 23.853721618652344, 95.7078857421875, 112.60550689697266], [162.6068878173828, 62.17716598510742, 12.083045959472656, 46.81879806518555, 142.79005432128906, 160.20611572265625, 82.2800064086914, 100.60317993164062, 89.26925659179688, 134.85177612304688, 27.20294189453125, 161.60446166992188, 107.29864501953125, 137.64083862304688, 117.9237060546875, 37.735923767089844, 109.59014892578125, 146.49232482910156, 101.2422866821289, 122.3315200805664, 143.558349609375, 0.0, 146.98638916015625, 38.01315689086914, 147.46185302734375, 33.52610778808594, 191.9505157470703, 25.942243576049805, 148.38462829589844, 58.54912567138672, 46.27094268798828, 117.88129425048828, 169.499267578125, 133.22537231445312, 183.4039306640625, 65.0, 26.4007568359375, 120.41594696044922, 118.34272003173828, 162.2498016357422], [48.08325958251953, 189.232666015625, 151.11915588378906, 132.7742462158203, 206.01455688476562, 124.5351333618164, 78.03204345703125, 46.389652252197266, 66.24198150634766, 73.37574768066406, 159.89059448242188, 114.12712097167969, 46.3249397277832, 26.07680892944336, 161.48374938964844, 135.1924591064453, 152.50245666503906, 141.69332885742188, 157.6864013671875, 25.298221588134766, 128.51458740234375, 146.98638916015625, 0.0, 130.11532592773438, 53.0848388671875, 156.71949768066406, 126.57013702392578, 123.1015853881836, 74.5452880859375, 171.29214477539062, 154.4344482421875, 56.859474182128906, 114.21470642089844, 137.76791381835938, 128.0, 91.4111557006836, 125.17188262939453, 125.71794128417969, 38.20994567871094, 30.528675079345703], [156.26260375976562, 100.18482971191406, 31.827661514282227, 10.049875259399414, 176.01136779785156, 173.60011291503906, 84.2199478149414, 86.12781524658203, 86.26702880859375, 137.90576171875, 65.0, 172.24691772460938, 99.31767272949219, 115.108642578125, 145.71546936035156, 66.06814575195312, 136.3414764404297, 165.9186553955078, 130.249755859375, 107.93516540527344, 160.18115234375, 38.01315689086914, 130.11532592773438, 0.0, 144.13882446289062, 27.073972702026367, 200.82330322265625, 22.803508758544922, 150.6021270751953, 95.33625030517578, 80.8949966430664, 116.21101379394531, 179.01116943359375, 153.44705200195312, 194.07730102539062, 39.0128173828125, 45.54119110107422, 139.0863037109375, 109.77249145507812, 151.2415313720703], [18.384777069091797, 173.04623413085938, 155.2836151123047, 150.0966339111328, 166.19265747070312, 72.42237091064453, 65.30696868896484, 63.70243453979492, 58.872745513916016, 25.495098114013672, 151.3307647705078, 61.392181396484375, 45.607017517089844, 75.80237579345703, 122.20065307617188, 123.06502532958984, 114.82595825195312, 93.19334411621094, 123.06502532958984, 49.658836364746094, 79.61155700683594, 147.46185302734375, 53.0848388671875, 144.13882446289062, 0.0, 167.4305877685547, 74.52516174316406, 129.24395751953125, 21.840330123901367, 152.59423828125, 138.36184692382812, 29.614185333251953, 61.13100814819336, 92.09777069091797, 75.05997467041016, 111.04053497314453, 121.59769439697266, 82.97589874267578, 36.79673767089844, 33.0151481628418], [180.6128387451172, 89.05054473876953, 21.587032318115234, 28.635643005371094, 175.78680419921875, 189.55210876464844, 104.62313079833984, 111.98660278320312, 108.6876220703125, 158.6852264404297, 58.03447341918945, 189.69448852539062, 123.64869689941406, 142.17242431640625, 151.3472900390625, 70.68238830566406, 142.8635711669922, 178.10108947753906, 134.73678588867188, 133.98880004882812, 174.1407470703125, 33.52610778808594, 156.71949768066406, 27.073972702026367, 167.4305877685547, 0.0, 219.32852172851562, 38.587562561035156, 171.84295654296875, 90.022216796875, 79.42921447753906, 138.63621520996094, 197.083740234375, 165.0242462158203, 211.62466430664062, 66.00757598876953, 54.81787872314453, 151.60475158691406, 134.40609741210938, 176.81912231445312], [80.02499389648438, 194.6407012939453, 202.4080047607422, 208.74147033691406, 146.75830078125, 37.2155876159668, 116.7775650024414, 133.2816619873047, 117.20068359375, 65.51335906982422, 185.59364318847656, 30.870698928833008, 113.14591979980469, 150.2664337158203, 113.0, 158.02847290039062, 111.44953918457031, 66.18912506103516, 123.79418182373047, 123.3693618774414, 58.30952072143555, 191.9505157470703, 126.57013702392578, 200.82330322265625, 74.52516174316406, 219.32852172851562, 0.0, 181.28982543945312, 56.080299377441406, 173.65771484375, 165.46298217773438, 90.42676544189453, 22.472204208374023, 76.10519409179688, 12.165525436401367, 174.83706665039062, 166.01205444335938, 80.28075408935547, 107.70329284667969, 100.07997131347656], [143.0034942626953, 84.81155395507812, 28.017850875854492, 32.75667953491211, 154.20765686035156, 152.6204376220703, 66.0378646850586, 77.0064926147461, 70.38465881347656, 120.10828399658203, 49.04079818725586, 152.02960205078125, 86.34812927246094, 112.29425811767578, 122.9837417602539, 44.10215377807617, 113.56495666503906, 143.6558380126953, 107.67079162597656, 99.04544067382812, 138.39797973632812, 25.942243576049805, 123.1015853881836, 22.803508758544922, 129.24395751953125, 38.587562561035156, 181.28982543945312, 0.0, 133.25538635253906, 76.55716705322266, 60.728904724121094, 100.22474670410156, 159.17601013183594, 131.0343475341797, 173.94827270507812, 39.11521530151367, 23.021728515625, 116.84605407714844, 97.29337310791016, 140.57737731933594], [36.2353401184082, 166.01205444335938, 157.44204711914062, 157.6134490966797, 148.69094848632812, 50.59644317626953, 67.23094177246094, 77.41446685791016, 64.53681182861328, 13.601470947265625, 148.27676391601562, 39.623226165771484, 57.45433044433594, 96.13011932373047, 105.67875671386719, 119.64112854003906, 99.31767272949219, 72.62230682373047, 108.84851837158203, 67.6830825805664, 59.03388977050781, 148.38462829589844, 74.5452880859375, 150.6021270751953, 21.840330123901367, 171.84295654296875, 56.080299377441406, 133.25538635253906, 0.0, 145.00344848632812, 132.45753479003906, 35.46829605102539, 40.04996871948242, 73.0, 54.7448616027832, 121.0826187133789, 122.00409698486328, 65.86349487304688, 51.62363815307617, 54.120235443115234], [170.48460388183594, 21.21320343017578, 69.065185546875, 104.78549194335938, 87.09190368652344, 137.29530334472656, 93.77632904052734, 128.16004943847656, 105.19029998779297, 132.09466552734375, 32.0, 143.13629150390625, 125.39936065673828, 170.32028198242188, 73.55270385742188, 38.20994567871094, 68.60028839111328, 114.61238861083984, 56.7274169921875, 146.24978637695312, 117.0, 58.54912567138672, 171.29214477539062, 95.33625030517578, 152.59423828125, 90.022216796875, 173.65771484375, 76.55716705322266, 145.00344848632812, 0.0, 17.69180679321289, 125.17188262939453, 152.0854949951172, 101.53324890136719, 162.86497497558594, 111.25196838378906, 56.859474182128906, 93.6375961303711, 135.1924591064453, 176.92088317871094], [155.92947387695312, 35.1710090637207, 57.87054443359375, 90.66973114013672, 96.51942443847656, 130.14222717285156, 77.49193572998047, 110.7880859375, 88.60022735595703, 119.20570373535156, 23.853721618652344, 134.62911987304688, 108.84851837158203, 152.82015991210938, 74.625732421875, 20.51828384399414, 67.62396240234375, 110.42192077636719, 57.45433044433594, 129.2826385498047, 110.7880859375, 46.27094268798828, 154.4344482421875, 80.8949966430664, 138.36184692382812, 79.42921447753906, 165.46298217773438, 60.728904724121094, 132.45753479003906, 17.69180679321289, 0.0, 110.16805267333984, 143.3771209716797, 97.00515747070312, 155.26107788085938, 94.03190612792969, 39.824615478515625, 86.95401000976562, 118.9033203125, 161.30096435546875], [46.010868072509766, 145.1688690185547, 125.86500549316406, 122.80065155029297, 149.48243713378906, 75.32595825195312, 35.693138122558594, 43.32435989379883, 30.01666259765625, 25.079872131347656, 122.06555938720703, 67.91170501708984, 23.0867919921875, 71.30918884277344, 104.89041900634766, 94.02127075195312, 96.17691802978516, 86.83317565917969, 102.303466796875, 39.81205749511719, 74.3303451538086, 117.88129425048828, 56.859474182128906, 116.21101379394531, 29.614185333251953, 138.63621520996094, 90.42676544189453, 100.22474670410156, 35.46829605102539, 125.17188262939453, 110.16805267333984, 0.0, 71.51223754882812, 81.54139709472656, 87.09190368652344, 85.6329345703125, 91.98369598388672, 68.96376037597656, 21.3775577545166, 52.39274597167969], [71.16881561279297, 173.17044067382812, 180.0, 187.10958862304688, 131.91285705566406, 19.697715759277344, 95.2680435180664, 114.82595825195312, 96.5660400390625, 46.48655700683594, 163.24827575683594, 9.05538558959961, 94.57801055908203, 136.18002319335938, 94.76286315917969, 135.59498596191406, 92.02173614501953, 49.97999572753906, 104.01922607421875, 107.35455322265625, 39.458839416503906, 169.499267578125, 114.21470642089844, 179.01116943359375, 61.13100814819336, 197.083740234375, 22.472204208374023, 159.17601013183594, 40.04996871948242, 152.0854949951172, 143.3771209716797, 71.51223754882812, 0.0, 57.55866622924805, 15.65247631072998, 154.23683166503906, 143.6001434326172, 59.41380310058594, 90.47099304199219, 90.9560317993164], [108.90362548828125, 121.74153137207031, 145.0, 162.9631805419922, 76.5375747680664, 39.0, 82.05486297607422, 117.38824462890625, 90.19977569580078, 66.84310150146484, 119.75391387939453, 48.83646011352539, 100.16985321044922, 152.43359375, 37.2155876159668, 95.7757797241211, 35.510562896728516, 13.45362377166748, 48.05205535888672, 120.81390380859375, 18.11077117919922, 133.22537231445312, 137.76791381835938, 153.44705200195312, 92.09777069091797, 165.0242462158203, 76.10519409179688, 131.0343475341797, 73.0, 101.53324890136719, 97.00515747070312, 81.54139709472656, 57.55866622924805, 0.0, 64.28063201904297, 140.42791748046875, 110.45361328125, 15.132745742797852, 102.52804565429688, 124.96399688720703], [83.18653869628906, 183.74166870117188, 194.12625122070312, 202.29928588867188, 134.61798095703125, 25.70992088317871, 110.60289001464844, 130.38404846191406, 112.16059875488281, 62.032249450683594, 175.90054321289062, 21.931713104248047, 110.13627624511719, 150.65191650390625, 101.0197982788086, 148.7178497314453, 99.72462463378906, 54.08327102661133, 112.14722442626953, 122.37646484375, 46.69047164916992, 183.4039306640625, 128.0, 194.07730102539062, 75.05997467041016, 211.62466430664062, 12.165525436401367, 173.94827270507812, 54.7448616027832, 162.86497497558594, 155.26107788085938, 87.09190368652344, 15.65247631072998, 64.28063201904297, 0.0, 169.81166076660156, 157.7466278076172, 69.2603759765625, 105.77334594726562, 103.24727630615234], [121.07848358154297, 122.34786224365234, 64.8459701538086, 41.48493576049805, 179.7386932373047, 152.5417938232422, 60.539241790771484, 49.19349670410156, 57.688819885253906, 109.63575744628906, 87.04596710205078, 148.7178497314453, 65.4369888305664, 76.2364730834961, 142.4254150390625, 74.30342864990234, 132.30645751953125, 151.34397888183594, 129.71121215820312, 70.22820281982422, 142.9405517578125, 65.0, 91.4111557006836, 39.0128173828125, 111.04053497314453, 66.00757598876953, 174.83706665039062, 39.11521530151367, 121.0826187133789, 111.25196838378906, 94.03190612792969, 85.6329345703125, 154.23683166503906, 140.42791748046875, 169.81166076660156, 0.0, 54.4058837890625, 125.31958770751953, 74.88658142089844, 114.01753997802734], [137.18600463867188, 68.88395690917969, 36.400550842285156, 55.578773498535156, 131.3087921142578, 135.0740509033203, 56.29387283325195, 79.12016296386719, 64.1248779296875, 108.46197509765625, 35.34119415283203, 135.8712615966797, 83.05419921875, 119.01260375976562, 100.22474670410156, 21.3775577545166, 90.9560317993164, 123.42204284667969, 84.71717834472656, 100.0199966430664, 119.33147430419922, 26.4007568359375, 125.17188262939453, 45.54119110107422, 121.59769439697266, 54.81787872314453, 166.01205444335938, 23.021728515625, 122.00409698486328, 56.859474182128906, 39.824615478515625, 91.98369598388672, 143.6001434326172, 110.45361328125, 157.7466278076172, 54.4058837890625, 0.0, 96.83490753173828, 94.02127075195312, 138.01449584960938], [100.60317993164062, 114.48143768310547, 132.007568359375, 148.49916076660156, 83.24061584472656, 43.65776062011719, 67.00746154785156, 102.9611587524414, 75.42546081542969, 57.48912811279297, 108.811767578125, 50.35871505737305, 86.33075714111328, 139.0863037109375, 39.824615478515625, 83.4505844116211, 34.20526123046875, 26.832815170288086, 45.27692413330078, 107.54068756103516, 23.853721618652344, 120.41594696044922, 125.71794128417969, 139.0863037109375, 82.97589874267578, 151.60475158691406, 80.28075408935547, 116.84605407714844, 65.86349487304688, 93.6375961303711, 86.95401000976562, 68.96376037597656, 59.41380310058594, 15.132745742797852, 69.2603759765625, 125.31958770751953, 96.83490753173828, 0.0, 89.47066497802734, 115.26057434082031], [46.51881408691406, 154.0292205810547, 124.61540985107422, 114.94781494140625, 168.2200927734375, 96.04686737060547, 41.43669891357422, 26.90724754333496, 30.5941162109375, 44.40720748901367, 127.14165496826172, 87.82368469238281, 11.045360565185547, 50.0, 123.81034088134766, 100.66280364990234, 114.63420104980469, 108.17115783691406, 119.5198745727539, 18.439088821411133, 95.7078857421875, 118.34272003173828, 38.20994567871094, 109.77249145507812, 36.79673767089844, 134.40609741210938, 107.70329284667969, 97.29337310791016, 51.62363815307617, 135.1924591064453, 118.9033203125, 21.3775577545166, 90.47099304199219, 102.52804565429688, 105.77334594726562, 74.88658142089844, 94.02127075195312, 89.47066497802734, 0.0, 44.0], [20.099750518798828, 196.46119689941406, 168.19334411621094, 155.32225036621094, 198.2372283935547, 104.3886947631836, 84.17243957519531, 65.14598846435547, 74.24284362792969, 58.13776779174805, 170.84788513183594, 92.69843292236328, 55.009090423583984, 56.603885650634766, 153.9123077392578, 143.85061645507812, 146.03082275390625, 126.19429779052734, 153.3786163330078, 43.863426208496094, 112.60550689697266, 162.2498016357422, 30.528675079345703, 151.2415313720703, 33.0151481628418, 176.81912231445312, 100.07997131347656, 140.57737731933594, 54.120235443115234, 176.92088317871094, 161.30096435546875, 52.39274597167969, 90.9560317993164, 124.96399688720703, 103.24727630615234, 114.01753997802734, 138.01449584960938, 115.26057434082031, 44.0, 0.0]], "coordinates": [[21, 95], [-5, -94], [61, -70], [94, -49], [-92, -50], [-55, 56], [27, 14], [61, 35], [35, 23], [-3, 59], [24, -73], [-46, 65], [42, 42], [89, 67], [-59, -20], [18, -45], [-49, -18], [-64, 27], [-45, -30], [59, 57], [-53, 35], [50, -65], [67, 81], [84, -48], [14, 78], [82, -75], [-59, 93], [62, -42], [-7, 72], [-8, -73], [4, -60], [20, 49], [-47, 74], [-55, 17], [-61, 81], [83, -9], [39, -41], [-40, 15], [41, 53], [41, 97]], "demands": [39.0, 25.0, 2.0, 30.0, 15.0, 16.0, 21.0, 16.0, 34.0, 4.0, 8.0, 37.0, 36.0, 38.0, 1.0, 8.0, 9.0, 3.0, 32.0, 30.0, -39.0, -25.0, -2.0, -30.0, -15.0, -16.0, -21.0, -16.0, -34.0, -4.0, -8.0, -37.0, -36.0, -38.0, -1.0, -8.0, -9.0, -3.0, -32.0, -30.0], "capacity": 50, "Vmax": 14}