{"name": "LZB_n20_18", "n": 20, "m": 6, "times": [[0.0, 144.00347900390625, 106.23088073730469, 48.54894256591797, 106.79419708251953, 111.39569091796875, 39.11521530151367, 40.71854782104492, 41.88078308105469, 100.89598846435547, 134.95184326171875, 60.20797348022461, 41.400482177734375, 96.2081069946289, 138.39797973632812, 80.41144561767578, 124.16924285888672, 86.31338500976562, 60.95900344848633, 75.42546081542969, 65.12296295166016, 60.8276252746582, 117.51595306396484, 106.8877944946289, 106.96260833740234, 62.22539520263672, 107.44766235351562, 80.95677947998047, 102.18121337890625, 119.00420379638672, 99.80982208251953, 109.11461639404297, 105.11898040771484, 96.4624252319336, 119.43617248535156, 45.31004333496094, 99.02020263671875, 139.1761474609375, 102.55242919921875, 59.53990173339844], [144.00347900390625, 0.0, 109.4805908203125, 125.87295532226562, 221.5039520263672, 142.9405517578125, 167.4305877685547, 172.52536010742188, 109.8954086303711, 156.16978454589844, 152.06906127929688, 140.71957397460938, 157.08914184570312, 224.2431640625, 119.01680755615234, 100.60317993164062, 22.022714614868164, 139.58868408203125, 90.8019790649414, 195.16659545898438, 87.72685241699219, 196.4001007080078, 54.34151077270508, 50.635955810546875, 197.58541870117188, 137.437255859375, 229.25967407226562, 164.24676513671875, 89.8109130859375, 65.76473236083984, 44.41846466064453, 62.297672271728516, 179.82492065429688, 222.03602600097656, 116.90166473388672, 147.64822387695312, 104.40306854248047, 71.70076751708984, 41.88078308105469, 184.1140899658203], [106.23088073730469, 109.4805908203125, 0.0, 58.94064712524414, 128.63125610351562, 33.61547088623047, 101.0197982788086, 146.9319610595703, 106.77546691894531, 50.2493782043457, 45.39823913574219, 58.13776779174805, 143.54441833496094, 140.80128479003906, 32.202484130859375, 134.97036743164062, 104.3886947631836, 39.357337951660156, 104.56098937988281, 111.3193588256836, 55.803226470947266, 126.66886138916016, 55.36244201660156, 114.58621215820312, 96.42613983154297, 54.08327102661133, 139.97857666015625, 175.1713409423828, 20.099750518798828, 45.17742919921875, 82.2982406616211, 47.29693603515625, 75.66372680664062, 136.8575897216797, 14.142135620117188, 141.82383728027344, 8.602325439453125, 53.26349639892578, 82.09750366210938, 107.51744079589844], [48.54894256591797, 125.87295532226562, 58.94064712524414, 0.0, 96.51942443847656, 63.65532302856445, 45.880279541015625, 89.06739044189453, 63.60031509399414, 56.859474182128906, 87.0, 19.02629852294922, 88.5268325805664, 98.59513092041016, 90.75791931152344, 101.71037292480469, 110.80162811279297, 39.66106414794922, 72.00694274902344, 69.29646301269531, 38.41874694824219, 74.46475982666016, 84.5280990600586, 105.10946655273438, 79.62411499023438, 18.248287200927734, 103.4794692993164, 124.80785369873047, 59.21148681640625, 81.90848541259766, 83.6002426147461, 74.73285675048828, 69.1158447265625, 96.2081069946289, 71.51223754882812, 89.3756103515625, 52.611785888671875, 99.82484436035156, 85.42832946777344, 59.07622146606445], [106.79419708251953, 221.5039520263672, 128.63125610351562, 96.51942443847656, 0.0, 103.73042297363281, 67.74215698242188, 125.31958770751953, 145.523193359375, 81.93289947509766, 118.69709014892578, 80.80841827392578, 139.51702880859375, 26.4007568359375, 149.0, 185.8090362548828, 207.27035522460938, 89.35882568359375, 160.97515869140625, 31.400636672973633, 134.8480682373047, 54.120235443115234, 174.89710998535156, 200.36965942382812, 38.05259704589844, 84.2199478149414, 14.142135620117188, 180.34689331054688, 141.400146484375, 168.66831970214844, 180.06942749023438, 164.9393768310547, 59.03388977050781, 21.260292053222656, 132.91351318359375, 148.05404663085938, 128.1405487060547, 181.39735412597656, 181.81858825683594, 47.26520919799805], [111.39569091796875, 142.9405517578125, 33.61547088623047, 63.65532302856445, 103.73042297363281, 0.0, 93.98403930664062, 151.01324462890625, 123.66487121582031, 21.840330123901367, 23.600847244262695, 52.47856521606445, 152.06906127929688, 120.35364532470703, 45.31004333496094, 157.30543518066406, 136.78085327148438, 25.553865432739258, 126.28935241699219, 93.04837799072266, 78.58753204345703, 114.42464447021484, 88.95504760742188, 144.12493896484375, 68.0, 49.648765563964844, 116.48175811767578, 188.21530151367188, 53.16013717651367, 78.72102355957031, 113.1591796875, 80.65357971191406, 46.14108657836914, 115.7410888671875, 31.14482307434082, 152.9705810546875, 38.832977294921875, 84.50444030761719, 113.35784149169922, 93.90420532226562], [39.11521530151367, 167.4305877685547, 101.0197982788086, 45.880279541015625, 67.74215698242188, 93.98403930664062, 0.0, 65.51335906982422, 78.43468475341797, 77.5241928100586, 116.86744689941406, 43.416587829589844, 75.28611755371094, 59.6824951171875, 130.9809112548828, 118.40608215332031, 150.01333618164062, 68.96376037597656, 95.2575454711914, 36.34556198120117, 80.4549560546875, 29.154760360717773, 130.0, 138.0036163330078, 70.7742919921875, 47.26520919799805, 69.28924560546875, 116.48175811767578, 104.56098937988281, 127.78105926513672, 123.43419647216797, 120.33287048339844, 73.75635528564453, 59.03388977050781, 111.64676666259766, 82.20097351074219, 96.13011932373047, 145.5609893798828, 125.73384857177734, 20.615528106689453], [40.71854782104492, 172.52536010742188, 146.9319610595703, 89.06739044189453, 125.31958770751953, 151.01324462890625, 65.51335906982422, 0.0, 62.64183807373047, 138.65785217285156, 174.61386108398438, 98.85848236083984, 20.0, 107.04204559326172, 179.10890197753906, 87.86353302001953, 151.1687774658203, 125.60254669189453, 82.2800064086914, 96.4624252319336, 102.8250961303711, 71.56814575195312, 154.11683654785156, 128.3783416748047, 135.9595489501953, 101.40019989013672, 121.41252136230469, 56.035701751708984, 142.17242431640625, 157.0350341796875, 130.23056030273438, 146.49232482910156, 138.80921936035156, 109.29318237304688, 160.15304565429688, 32.015621185302734, 139.64598083496094, 177.6288299560547, 133.18032836914062, 81.3449478149414], [41.88078308105469, 109.8954086303711, 106.77546691894531, 63.60031509399414, 145.523193359375, 123.66487121582031, 78.43468475341797, 62.64183807373047, 0.0, 120.2081527709961, 145.60906982421875, 81.78630828857422, 48.041648864746094, 137.38267517089844, 137.5354461669922, 40.4474983215332, 88.54377746582031, 102.15674591064453, 20.248456954956055, 114.28472900390625, 52.201534271240234, 102.57679748535156, 97.01546478271484, 67.11929321289062, 139.01438903808594, 81.74349975585938, 147.71932983398438, 69.3397445678711, 95.21029663085938, 102.52804565429688, 68.26419067382812, 91.08238220214844, 131.84840393066406, 137.23338317871094, 120.91732788085938, 40.607879638671875, 98.2903823852539, 123.3693618774414, 71.25306701660156, 98.97979736328125], [100.89598846435547, 156.16978454589844, 50.2493782043457, 56.859474182128906, 81.93289947509766, 21.840330123901367, 77.5241928100586, 138.65785217285156, 120.2081527709961, 0.0, 40.79215621948242, 40.804412841796875, 142.27438354492188, 98.73196411132812, 67.06713104248047, 156.9522247314453, 147.41099548339844, 19.02629852294922, 126.30122375488281, 72.06246948242188, 82.00609588623047, 95.07891082763672, 103.5857162475586, 150.74813842773438, 46.87216567993164, 39.4461669921875, 94.64142608642578, 180.56024169921875, 67.41661834716797, 94.62557983398438, 122.02458953857422, 94.41397857666016, 25.495098114013672, 94.04785919189453, 51.62363815307617, 144.77914428710938, 52.69725036621094, 103.27632904052734, 122.7232666015625, 74.46475982666016], [134.95184326171875, 152.06906127929688, 45.39823913574219, 87.0, 118.69709014892578, 23.600847244262695, 116.86744689941406, 174.61386108398438, 145.60906982421875, 40.79215621948242, 0.0, 76.00657653808594, 175.50498962402344, 138.05795288085938, 38.60051727294922, 177.6119384765625, 149.0301971435547, 49.09175109863281, 146.69696044921875, 112.53887939453125, 98.0866928100586, 135.8234100341797, 97.86725616455078, 159.9656219482422, 81.02468872070312, 73.23933410644531, 132.23086547851562, 211.1918487548828, 65.12296295166016, 86.31338500976562, 127.66361999511719, 91.13726043701172, 59.6824951171875, 133.13526916503906, 35.22782897949219, 176.13914489746094, 53.15073013305664, 86.40602111816406, 127.3930892944336, 115.20850372314453], [60.20797348022461, 140.71957397460938, 58.13776779174805, 19.02629852294922, 80.80841827392578, 52.47856521606445, 43.416587829589844, 98.85848236083984, 81.78630828857422, 40.804412841796875, 76.00657653808594, 0.0, 101.53324890136719, 86.60831451416016, 87.57283020019531, 120.50311279296875, 127.09445190429688, 26.925823211669922, 91.0, 56.603885650634766, 55.009090423583984, 68.59300231933594, 95.21029663085938, 123.32882690429688, 60.87692642211914, 4.123105525970459, 89.27485656738281, 139.81773376464844, 64.62197875976562, 90.42676544189453, 99.98500061035156, 85.21150207519531, 50.2493782043457, 83.48652648925781, 68.26419067382812, 104.00961303710938, 54.12947463989258, 106.04244232177734, 101.54801940917969, 50.0], [41.400482177734375, 157.08914184570312, 143.54441833496094, 88.5268325805664, 139.51702880859375, 152.06906127929688, 75.28611755371094, 20.0, 48.041648864746094, 142.27438354492188, 175.50498962402344, 101.53324890136719, 0.0, 123.32882690429688, 175.635986328125, 68.4105224609375, 135.3661651611328, 127.3106460571289, 66.2872543334961, 109.32977294921875, 94.5568618774414, 87.05171203613281, 143.69412231445312, 111.07205200195312, 145.83895874023438, 103.3924560546875, 137.0146026611328, 41.231056213378906, 136.16534423828125, 147.95945739746094, 116.2755355834961, 136.8941192626953, 145.89036560058594, 125.06398010253906, 157.30543518066406, 12.041594505310059, 135.6945037841797, 168.80758666992188, 119.26860809326172, 93.5574722290039], [96.2081069946289, 224.2431640625, 140.80128479003906, 98.59513092041016, 26.4007568359375, 120.35364532470703, 59.6824951171875, 107.04204559326172, 137.38267517089844, 98.73196411132812, 138.05795288085938, 86.60831451416016, 123.32882690429688, 0.0, 164.76043701171875, 176.61822509765625, 208.06248474121094, 101.83319854736328, 154.8289337158203, 30.01666259765625, 136.51739501953125, 36.49657440185547, 181.66452026367188, 197.51708984375, 60.63827133178711, 90.55384826660156, 15.65247631072998, 163.00306701660156, 150.7216033935547, 177.00282287597656, 181.0690460205078, 171.679931640625, 79.15807342529297, 5.385164737701416, 147.25827026367188, 133.09019470214844, 138.7984161376953, 191.8801727294922, 183.15293884277344, 40.45985794067383], [138.39797973632812, 119.01680755615234, 32.202484130859375, 90.75791931152344, 149.0, 45.31004333496094, 130.9809112548828, 179.10890197753906, 137.5354461669922, 67.06713104248047, 38.60051727294922, 87.57283020019531, 175.635986328125, 164.76043701171875, 0.0, 162.8004913330078, 119.68291473388672, 64.1248779296875, 133.30416870117188, 136.4734344482422, 85.58621215820312, 155.0032196044922, 66.75328063964844, 135.7681884765625, 113.1591796875, 83.72574615478516, 161.6075439453125, 206.4654998779297, 43.416587829589844, 54.58937454223633, 102.52804565429688, 62.64183807373047, 91.23595428466797, 160.32778930664062, 19.416488647460938, 173.62315368652344, 39.96248245239258, 49.47726821899414, 101.51354217529297, 135.0592498779297], [80.41144561767578, 100.60317993164062, 134.97036743164062, 101.71037292480469, 185.8090362548828, 157.30543518066406, 118.40608215332031, 87.86353302001953, 40.4474983215332, 156.9522247314453, 177.6119384765625, 120.50311279296875, 68.4105224609375, 176.61822509765625, 162.8004913330078, 0.0, 78.91767883300781, 138.24615478515625, 31.016124725341797, 154.49595642089844, 79.60527801513672, 141.0319061279297, 108.811767578125, 50.08992004394531, 179.04469299316406, 119.941650390625, 187.55532836914062, 64.03124237060547, 119.40267944335938, 117.79643249511719, 70.71067810058594, 106.30146026611328, 170.75128173828125, 176.78518676757812, 148.7178497314453, 56.61272048950195, 126.40016174316406, 137.20057678222656, 73.35530090332031, 139.01438903808594], [124.16924285888672, 22.022714614868164, 104.3886947631836, 110.80162811279297, 207.27035522460938, 136.78085327148438, 150.01333618164062, 151.1687774658203, 88.54377746582031, 147.41099548339844, 149.0301971435547, 127.09445190429688, 135.3661651611328, 208.06248474121094, 119.68291473388672, 78.91767883300781, 0.0, 129.6919403076172, 69.12307739257812, 179.6357421875, 72.42237091064453, 178.6448974609375, 52.95280838012695, 29.4108829498291, 186.0457000732422, 124.16924285888672, 214.1144561767578, 142.3516845703125, 84.2911605834961, 65.11528015136719, 27.20294189453125, 58.03447341918945, 169.7292022705078, 206.20620727539062, 114.00438690185547, 125.76565551757812, 98.0051040649414, 76.967529296875, 25.553865432739258, 167.6573944091797], [86.31338500976562, 139.58868408203125, 39.357337951660156, 39.66106414794922, 89.35882568359375, 25.553865432739258, 68.96376037597656, 125.60254669189453, 102.15674591064453, 19.02629852294922, 49.09175109863281, 26.925823211669922, 127.3106460571289, 101.83319854736328, 64.1248779296875, 138.24615478515625, 129.6919403076172, 0.0, 107.48953247070312, 72.7804946899414, 63.03173828125, 91.13726043701172, 88.40814208984375, 131.97348022460938, 58.898216247558594, 24.20743751525879, 100.62306213378906, 164.40194702148438, 53.037723541259766, 80.62257385253906, 103.84603881835938, 78.81623840332031, 40.24922180175781, 97.73944854736328, 45.7055778503418, 128.84486389160156, 39.051246643066406, 92.0869140625, 104.69479370117188, 71.0], [60.95900344848633, 90.8019790649414, 104.56098937988281, 72.00694274902344, 160.97515869140625, 126.28935241699219, 95.2575454711914, 82.2800064086914, 20.248456954956055, 126.30122375488281, 146.69696044921875, 91.0, 66.2872543334961, 154.8289337158203, 133.30416870117188, 31.016124725341797, 69.12307739257812, 107.48953247070312, 0.0, 130.17295837402344, 48.87739944458008, 120.92973327636719, 84.5813217163086, 46.87216567993164, 150.74813842773438, 90.0888442993164, 164.28329467773438, 79.71198272705078, 89.9388656616211, 91.92388153076172, 51.244510650634766, 80.26206970214844, 141.088623046875, 154.2886962890625, 118.4609603881836, 57.14017868041992, 95.96353149414062, 112.29425811767578, 54.230987548828125, 115.45128631591797], [75.42546081542969, 195.16659545898438, 111.3193588256836, 69.29646301269531, 31.400636672973633, 93.04837799072266, 36.34556198120117, 96.4624252319336, 114.28472900390625, 72.06246948242188, 112.53887939453125, 56.603885650634766, 109.32977294921875, 30.01666259765625, 136.4734344482422, 154.49595642089844, 179.6357421875, 72.7804946899414, 130.17295837402344, 0.0, 107.56393432617188, 29.0, 151.7267303466797, 170.81568908691406, 43.931766510009766, 60.539241790771484, 34.66987228393555, 150.4426727294922, 120.74767303466797, 146.98638916015625, 152.50245666503906, 141.7356719970703, 56.64803695678711, 27.018512725830078, 118.45674133300781, 117.34564208984375, 109.00458526611328, 161.96604919433594, 154.46682739257812, 16.0], [65.12296295166016, 87.72685241699219, 55.803226470947266, 38.41874694824219, 134.8480682373047, 78.58753204345703, 80.4549560546875, 102.8250961303711, 52.201534271240234, 82.00609588623047, 98.0866928100586, 55.009090423583984, 94.5568618774414, 136.51739501953125, 85.58621215820312, 79.60527801513672, 72.42237091064453, 63.03173828125, 48.87739944458008, 107.56393432617188, 0.0, 109.60382843017578, 52.46903991699219, 69.42621612548828, 115.16944122314453, 52.39274597167969, 141.87318420410156, 121.49485778808594, 43.011627197265625, 54.230987548828125, 45.221675872802734, 44.0113639831543, 101.0, 134.35772705078125, 69.81404113769531, 90.37699127197266, 47.20169448852539, 74.81310272216797, 47.01063537597656, 96.42613983154297], [60.8276252746582, 196.4001007080078, 126.66886138916016, 74.46475982666016, 54.120235443115234, 114.42464447021484, 29.154760360717773, 71.56814575195312, 102.57679748535156, 95.07891082763672, 135.8234100341797, 68.59300231933594, 87.05171203613281, 36.49657440185547, 155.0032196044922, 141.0319061279297, 178.6448974609375, 91.13726043701172, 120.92973327636719, 29.0, 109.60382843017578, 0.0, 158.90248107910156, 165.30274963378906, 72.86288452148438, 72.69112396240234, 50.0099983215332, 127.19276428222656, 132.1854705810547, 156.26260375976562, 152.26950073242188, 149.16433715820312, 83.72574615478516, 38.01315689086914, 136.0330810546875, 96.6281509399414, 122.64175415039062, 173.4877471923828, 154.62535095214844, 20.615528106689453], [117.51595306396484, 54.34151077270508, 55.36244201660156, 84.5280990600586, 174.89710998535156, 88.95504760742188, 130.0, 154.11683654785156, 97.01546478271484, 103.5857162475586, 97.86725616455078, 95.21029663085938, 143.69412231445312, 181.66452026367188, 66.75328063964844, 108.811767578125, 52.95280838012695, 88.40814208984375, 84.5813217163086, 151.7267303466797, 52.46903991699219, 158.90248107910156, 0.0, 71.86793518066406, 147.2718505859375, 91.40021514892578, 184.2851104736328, 164.15846252441406, 36.2353401184082, 12.165525436401367, 39.69886779785156, 10.0, 128.1405487060547, 178.67568969726562, 62.64982223510742, 137.53907775878906, 51.0, 28.42534065246582, 37.80211639404297, 143.26548767089844], [106.8877944946289, 50.635955810546875, 114.58621215820312, 105.10946655273438, 200.36965942382812, 144.12493896484375, 138.0036163330078, 128.3783416748047, 67.11929321289062, 150.74813842773438, 159.9656219482422, 123.32882690429688, 111.07205200195312, 197.51708984375, 135.7681884765625, 50.08992004394531, 29.4108829498291, 131.97348022460938, 46.87216567993164, 170.81568908691406, 69.42621612548828, 165.30274963378906, 71.86793518066406, 0.0, 184.09779357910156, 121.16517639160156, 205.45559692382812, 114.00438690185547, 95.34149169921875, 83.24061584472656, 33.241539001464844, 73.40980529785156, 170.42593383789062, 196.36700439453125, 126.37246704101562, 100.57833099365234, 106.9205322265625, 99.20181274414062, 34.438350677490234, 157.25775146484375], [106.96260833740234, 197.58541870117188, 96.42613983154297, 79.62411499023438, 38.05259704589844, 68.0, 70.7742919921875, 135.9595489501953, 139.01438903808594, 46.87216567993164, 81.02468872070312, 60.87692642211914, 145.83895874023438, 60.63827133178711, 113.1591796875, 179.04469299316406, 186.0457000732422, 58.898216247558594, 150.74813842773438, 43.931766510009766, 115.16944122314453, 72.86288452148438, 147.2718505859375, 184.09779357910156, 0.0, 62.93647766113281, 52.0, 186.8930206298828, 111.8659896850586, 139.44532775878906, 159.31414794921875, 137.6117706298828, 21.931713104248047, 55.31726837158203, 98.47842407226562, 151.92103576660156, 97.59098052978516, 149.68299865722656, 160.5802001953125, 55.803226470947266], [62.22539520263672, 137.437255859375, 54.08327102661133, 18.248287200927734, 84.2199478149414, 49.648765563964844, 47.26520919799805, 101.40019989013672, 81.74349975585938, 39.4461669921875, 73.23933410644531, 4.123105525970459, 103.3924560546875, 90.55384826660156, 83.72574615478516, 119.941650390625, 124.16924285888672, 24.20743751525879, 90.0888442993164, 60.539241790771484, 52.39274597167969, 72.69112396240234, 91.40021514892578, 121.16517639160156, 62.93647766113281, 0.0, 92.95697784423828, 141.17364501953125, 60.539241790771484, 86.45230102539062, 97.1287841796875, 81.4002456665039, 51.009803771972656, 87.3670425415039, 64.38167572021484, 105.43718719482422, 50.0099983215332, 101.95096588134766, 98.61541748046875, 54.120235443115234], [107.44766235351562, 229.25967407226562, 139.97857666015625, 103.4794692993164, 14.142135620117188, 116.48175811767578, 69.28924560546875, 121.41252136230469, 147.71932983398438, 94.64142608642578, 132.23086547851562, 89.27485656738281, 137.0146026611328, 15.65247631072998, 161.6075439453125, 187.55532836914062, 214.1144561767578, 100.62306213378906, 164.28329467773438, 34.66987228393555, 141.87318420410156, 50.0099983215332, 184.2851104736328, 205.45559692382812, 52.0, 92.95697784423828, 0.0, 177.18069458007812, 151.7168426513672, 178.67568969726562, 186.94651794433594, 174.2899932861328, 72.56031799316406, 12.165525436401367, 145.03103637695312, 146.34207153320312, 138.9244384765625, 192.26284790039062, 188.8544464111328, 48.84669876098633], [80.95677947998047, 164.24676513671875, 175.1713409423828, 124.80785369873047, 180.34689331054688, 188.21530151367188, 116.48175811767578, 56.035701751708984, 69.3397445678711, 180.56024169921875, 211.1918487548828, 139.81773376464844, 41.231056213378906, 163.00306701660156, 206.4654998779297, 64.03124237060547, 142.3516845703125, 164.40194702148438, 79.71198272705078, 150.4426727294922, 121.49485778808594, 127.19276428222656, 164.15846252441406, 114.00438690185547, 186.8930206298828, 141.17364501953125, 177.18069458007812, 0.0, 164.5022735595703, 170.85665893554688, 130.0, 159.24822998046875, 186.07525634765625, 165.1090545654297, 189.27493286132812, 35.84689712524414, 166.83224487304688, 191.50979614257812, 132.9097442626953, 134.73306274414062], [102.18121337890625, 89.8109130859375, 20.099750518798828, 59.21148681640625, 141.400146484375, 53.16013717651367, 104.56098937988281, 142.17242431640625, 95.21029663085938, 67.41661834716797, 65.12296295166016, 64.62197875976562, 136.16534423828125, 150.7216033935547, 43.416587829589844, 119.40267944335938, 84.2911605834961, 53.037723541259766, 89.9388656616211, 120.74767303466797, 43.011627197265625, 132.1854705810547, 36.2353401184082, 95.34149169921875, 111.8659896850586, 60.539241790771484, 151.7168426513672, 164.5022735595703, 0.0, 27.58622932434082, 62.64982223510742, 27.513633728027344, 92.20086669921875, 147.2480926513672, 31.048349380493164, 132.88340759277344, 14.764822959899902, 41.43669891357422, 62.28964614868164, 114.49017333984375], [119.00420379638672, 65.76473236083984, 45.17742919921875, 81.90848541259766, 168.66831970214844, 78.72102355957031, 127.78105926513672, 157.0350341796875, 102.52804565429688, 94.62557983398438, 86.31338500976562, 90.42676544189453, 147.95945739746094, 177.00282287597656, 54.58937454223633, 117.79643249511719, 65.11528015136719, 80.62257385253906, 91.92388153076172, 146.98638916015625, 54.230987548828125, 156.26260375976562, 12.165525436401367, 83.24061584472656, 139.44532775878906, 86.45230102539062, 178.67568969726562, 170.85665893554688, 27.58622932434082, 0.0, 50.477718353271484, 11.661903381347656, 119.63277435302734, 173.73831176757812, 51.195701599121094, 142.63589477539062, 42.01190185546875, 20.880613327026367, 48.87739944458008, 139.61734008789062], [99.80982208251953, 44.41846466064453, 82.2982406616211, 83.6002426147461, 180.06942749023438, 113.1591796875, 123.43419647216797, 130.23056030273438, 68.26419067382812, 122.02458953857422, 127.66361999511719, 99.98500061035156, 116.2755355834961, 181.0690460205078, 102.52804565429688, 70.71067810058594, 27.20294189453125, 103.84603881835938, 51.244510650634766, 152.50245666503906, 45.221675872802734, 152.26950073242188, 39.69886779785156, 33.241539001464844, 159.31414794921875, 97.1287841796875, 186.94651794433594, 130.0, 62.64982223510742, 50.477718353271484, 0.0, 40.24922180175781, 143.5688018798828, 179.134033203125, 93.5574722290039, 108.00463104248047, 75.02666473388672, 67.88224792480469, 3.0, 140.7160186767578], [109.11461639404297, 62.297672271728516, 47.29693603515625, 74.73285675048828, 164.9393768310547, 80.65357971191406, 120.33287048339844, 146.49232482910156, 91.08238220214844, 94.41397857666016, 91.13726043701172, 85.21150207519531, 136.8941192626953, 171.679931640625, 62.64183807373047, 106.30146026611328, 58.03447341918945, 78.81623840332031, 80.26206970214844, 141.7356719970703, 44.0113639831543, 149.16433715820312, 10.0, 73.40980529785156, 137.6117706298828, 81.4002456665039, 174.2899932861328, 159.24822998046875, 27.513633728027344, 11.661903381347656, 40.24922180175781, 0.0, 118.72657775878906, 168.68017578125, 56.00892639160156, 131.32022094726562, 42.154476165771484, 32.31098937988281, 39.0, 133.36041259765625], [105.11898040771484, 179.82492065429688, 75.66372680664062, 69.1158447265625, 59.03388977050781, 46.14108657836914, 73.75635528564453, 138.80921936035156, 131.84840393066406, 25.495098114013672, 59.6824951171875, 50.2493782043457, 145.89036560058594, 79.15807342529297, 91.23595428466797, 170.75128173828125, 169.7292022705078, 40.24922180175781, 141.088623046875, 56.64803695678711, 101.0, 83.72574615478516, 128.1405487060547, 170.42593383789062, 21.931713104248047, 51.009803771972656, 72.56031799316406, 186.07525634765625, 92.20086669921875, 119.63277435302734, 143.5688018798828, 118.72657775878906, 0.0, 74.06078338623047, 76.843994140625, 150.37619018554688, 77.6208724975586, 128.7633514404297, 144.55795288085938, 64.07027435302734], [96.4624252319336, 222.03602600097656, 136.8575897216797, 96.2081069946289, 21.260292053222656, 115.7410888671875, 59.03388977050781, 109.29318237304688, 137.23338317871094, 94.04785919189453, 133.13526916503906, 83.48652648925781, 125.06398010253906, 5.385164737701416, 160.32778930664062, 176.78518676757812, 206.20620727539062, 97.73944854736328, 154.2886962890625, 27.018512725830078, 134.35772705078125, 38.01315689086914, 178.67568969726562, 196.36700439453125, 55.31726837158203, 87.3670425415039, 12.165525436401367, 165.1090545654297, 147.2480926513672, 173.73831176757812, 179.134033203125, 168.68017578125, 74.06078338623047, 0.0, 143.0034942626953, 134.53623962402344, 135.0851593017578, 188.279052734375, 181.1573944091797, 39.11521530151367], [119.43617248535156, 116.90166473388672, 14.142135620117188, 71.51223754882812, 132.91351318359375, 31.14482307434082, 111.64676666259766, 160.15304565429688, 120.91732788085938, 51.62363815307617, 35.22782897949219, 68.26419067382812, 157.30543518066406, 147.25827026367188, 19.416488647460938, 148.7178497314453, 114.00438690185547, 45.7055778503418, 118.4609603881836, 118.45674133300781, 69.81404113769531, 136.0330810546875, 62.64982223510742, 126.37246704101562, 98.47842407226562, 64.38167572021484, 145.03103637695312, 189.27493286132812, 31.048349380493164, 51.195701599121094, 93.5574722290039, 56.00892639160156, 76.843994140625, 143.0034942626953, 0.0, 155.80116271972656, 22.671567916870117, 53.823787689208984, 93.05912017822266, 116.2755355834961], [45.31004333496094, 147.64822387695312, 141.82383728027344, 89.3756103515625, 148.05404663085938, 152.9705810546875, 82.20097351074219, 32.015621185302734, 40.607879638671875, 144.77914428710938, 176.13914489746094, 104.00961303710938, 12.041594505310059, 133.09019470214844, 173.62315368652344, 56.61272048950195, 125.76565551757812, 128.84486389160156, 57.14017868041992, 117.34564208984375, 90.37699127197266, 96.6281509399414, 137.53907775878906, 100.57833099365234, 151.92103576660156, 105.43718719482422, 146.34207153320312, 35.84689712524414, 132.88340759277344, 142.63589477539062, 108.00463104248047, 131.32022094726562, 150.37619018554688, 134.53623962402344, 155.80116271972656, 0.0, 133.70115661621094, 163.5145263671875, 111.00450134277344, 101.40019989013672], [99.02020263671875, 104.40306854248047, 8.602325439453125, 52.611785888671875, 128.1405487060547, 38.832977294921875, 96.13011932373047, 139.64598083496094, 98.2903823852539, 52.69725036621094, 53.15073013305664, 54.12947463989258, 135.6945037841797, 138.7984161376953, 39.96248245239258, 126.40016174316406, 98.0051040649414, 39.051246643066406, 95.96353149414062, 109.00458526611328, 47.20169448852539, 122.64175415039062, 51.0, 106.9205322265625, 97.59098052978516, 50.0099983215332, 138.9244384765625, 166.83224487304688, 14.764822959899902, 42.01190185546875, 75.02666473388672, 42.154476165771484, 77.6208724975586, 135.0851593017578, 22.671567916870117, 133.70115661621094, 0.0, 53.33854293823242, 75.00666809082031, 104.04806518554688], [139.1761474609375, 71.70076751708984, 53.26349639892578, 99.82484436035156, 181.39735412597656, 84.50444030761719, 145.5609893798828, 177.6288299560547, 123.3693618774414, 103.27632904052734, 86.40602111816406, 106.04244232177734, 168.80758666992188, 191.8801727294922, 49.47726821899414, 137.20057678222656, 76.967529296875, 92.0869140625, 112.29425811767578, 161.96604919433594, 74.81310272216797, 173.4877471923828, 28.42534065246582, 99.20181274414062, 149.68299865722656, 101.95096588134766, 192.26284790039062, 191.50979614257812, 41.43669891357422, 20.880613327026367, 67.88224792480469, 32.31098937988281, 128.7633514404297, 188.279052734375, 53.823787689208984, 163.5145263671875, 53.33854293823242, 0.0, 65.79513549804688, 155.92626953125], [102.55242919921875, 41.88078308105469, 82.09750366210938, 85.42832946777344, 181.81858825683594, 113.35784149169922, 125.73384857177734, 133.18032836914062, 71.25306701660156, 122.7232666015625, 127.3930892944336, 101.54801940917969, 119.26860809326172, 183.15293884277344, 101.51354217529297, 73.35530090332031, 25.553865432739258, 104.69479370117188, 54.230987548828125, 154.46682739257812, 47.01063537597656, 154.62535095214844, 37.80211639404297, 34.438350677490234, 160.5802001953125, 98.61541748046875, 188.8544464111328, 132.9097442626953, 62.28964614868164, 48.87739944458008, 3.0, 39.0, 144.55795288085938, 181.1573944091797, 93.05912017822266, 111.00450134277344, 75.00666809082031, 65.79513549804688, 0.0, 142.8425750732422], [59.53990173339844, 184.1140899658203, 107.51744079589844, 59.07622146606445, 47.26520919799805, 93.90420532226562, 20.615528106689453, 81.3449478149414, 98.97979736328125, 74.46475982666016, 115.20850372314453, 50.0, 93.5574722290039, 40.45985794067383, 135.0592498779297, 139.01438903808594, 167.6573944091797, 71.0, 115.45128631591797, 16.0, 96.42613983154297, 20.615528106689453, 143.26548767089844, 157.25775146484375, 55.803226470947266, 54.120235443115234, 48.84669876098633, 134.73306274414062, 114.49017333984375, 139.61734008789062, 140.7160186767578, 133.36041259765625, 64.07027435302734, 39.11521530151367, 116.2755355834961, 101.40019989013672, 104.04806518554688, 155.92626953125, 142.8425750732422, 0.0]], "coordinates": [[61, -17], [-68, -81], [-37, 24], [20, 9], [74, 89], [-24, 55], [64, 22], [98, -34], [38, -52], [-3, 61], [-43, 69], [21, 28], [86, -50], [95, 73], [-66, 38], [32, -92], [-46, -80], [-2, 42], [21, -63], [69, 58], [-4, -21], [89, 37], [-56, -28], [-18, -89], [36, 87], [17, 27], [88, 87], [96, -90], [-39, 4], [-58, -16], [-30, -58], [-48, -22], [16, 78], [90, 75], [-47, 34], [78, -59], [-32, 17], [-78, -10], [-33, -58], [69, 42]], "demands": [4.0, 40.0, 3.0, 22.0, 21.0, 21.0, 26.0, 1.0, 29.0, 3.0, 17.0, 38.0, 6.0, 32.0, 31.0, 24.0, 32.0, 24.0, 19.0, 15.0, -4.0, -40.0, -3.0, -22.0, -21.0, -21.0, -26.0, -1.0, -29.0, -3.0, -17.0, -38.0, -6.0, -32.0, -31.0, -24.0, -32.0, -24.0, -19.0, -15.0], "capacity": 50, "Vmax": 14}