{"name": "LZB_n20_20", "n": 20, "m": 6, "times": [[0.0, 166.54428100585938, 116.4989242553711, 92.96235656738281, 48.66210174560547, 79.25907135009766, 160.0999755859375, 94.79451751708984, 19.235383987426758, 154.56390380859375, 52.88667297363281, 122.5887451171875, 113.3181381225586, 76.15773010253906, 77.17512512207031, 60.80295944213867, 39.623226165771484, 105.43718719482422, 98.68130493164062, 64.44377136230469, 138.27870178222656, 21.840330123901367, 117.65203094482422, 105.58882141113281, 109.07795715332031, 118.81077575683594, 131.60546875, 101.2422866821289, 103.24727630615234, 166.9401092529297, 103.44564056396484, 99.12618255615234, 155.87173461914062, 95.03683471679688, 119.09659576416016, 63.24555206298828, 47.85394287109375, 141.01419067382812, 139.4632568359375, 160.0], [166.54428100585938, 0.0, 50.2493782043457, 115.36463928222656, 173.9683837890625, 131.24404907226562, 65.4904556274414, 133.64505004882812, 161.68179321289062, 85.98255920410156, 195.15122985839844, 58.694122314453125, 95.2680435180664, 217.8003692626953, 129.4024658203125, 149.89329528808594, 199.61212158203125, 84.30895233154297, 94.2602767944336, 122.48265075683594, 28.284271240234375, 144.8378448486328, 86.21485137939453, 130.7363739013672, 76.32168579101562, 156.40013122558594, 75.92759704589844, 172.72232055664062, 80.0062484741211, 34.20526123046875, 77.20103454589844, 173.72679138183594, 119.92080688476562, 71.58910369873047, 105.43718719482422, 129.49517822265625, 156.04165649414062, 86.37129211425781, 79.93122100830078, 29.27456283569336], [116.4989242553711, 50.2493782043457, 0.0, 80.95677947998047, 128.1405487060547, 87.46427917480469, 73.23933410644531, 99.7296371459961, 112.72089385986328, 77.05841827392578, 148.35430908203125, 36.878177642822266, 69.72087097167969, 171.96511840820312, 85.08818817138672, 106.8316421508789, 150.6320037841797, 46.40043258666992, 60.74536895751953, 74.94664764404297, 22.022714614868164, 94.72592163085938, 63.071388244628906, 94.11163330078125, 39.11521530151367, 127.81236267089844, 54.58937454223633, 131.8256378173828, 39.69886779785156, 55.90169906616211, 36.12478256225586, 132.31024169921875, 111.15754699707031, 22.360679626464844, 75.1797866821289, 86.27861785888672, 107.48953247070312, 69.46221923828125, 63.19810104370117, 51.88448715209961], [92.96235656738281, 115.36463928222656, 80.95677947998047, 0.0, 71.00704193115234, 124.59534454345703, 78.08969116210938, 18.867961883544922, 76.967529296875, 154.73849487304688, 93.02149963378906, 56.7274169921875, 25.317977905273438, 111.00450134277344, 121.43310546875, 43.0, 107.87029266357422, 110.22250366210938, 21.260292053222656, 103.46497344970703, 93.40770721435547, 79.93122100830078, 33.52610778808594, 144.93101501464844, 106.9205322265625, 47.85394287109375, 129.83836364746094, 166.38510131835938, 103.3924560546875, 134.52508544921875, 100.60317993164062, 165.46902465820312, 63.0079345703125, 64.76110076904297, 139.00360107421875, 29.96664810180664, 118.81077575683594, 144.5441131591797, 139.26951599121094, 94.66783905029297], [48.66210174560547, 173.9683837890625, 128.1405487060547, 71.00704193115234, 0.0, 121.03718566894531, 148.48568725585938, 63.324562072753906, 31.016124725341797, 184.6131134033203, 22.203603744506836, 119.54915618896484, 96.04686737060547, 43.90899658203125, 118.40608215332031, 28.017850875854492, 39.824615478515625, 134.03358459472656, 86.31338500976562, 102.18121337890625, 147.3533172607422, 55.54277801513672, 103.3924560546875, 147.1223907470703, 135.09255981445312, 78.4091796875, 159.6245574951172, 149.00335693359375, 129.6302490234375, 183.60011291503906, 128.5496063232422, 147.03060913085938, 127.78105926513672, 106.01886749267578, 154.73849487304688, 45.607017517089844, 95.00526428222656, 171.71197509765625, 168.60011291503906, 159.39886474609375], [79.25907135009766, 131.24404907226562, 87.46427917480469, 124.59534454345703, 121.03718566894531, 0.0, 157.2068634033203, 137.31715393066406, 91.08238220214844, 84.30895233154297, 131.18307495117188, 115.97413635253906, 131.2288055419922, 155.1837615966797, 3.1622776985168457, 118.03813171386719, 118.1524429321289, 47.67599105834961, 115.41230773925781, 21.3775577545166, 106.51290893554688, 65.52098846435547, 129.7998504638672, 26.4007568359375, 55.31726837158203, 167.88687133789062, 67.60177612304688, 45.25483322143555, 51.244510650634766, 116.21101379394531, 54.08327102661133, 45.343135833740234, 179.7386932373047, 77.78174591064453, 44.29446792602539, 105.80170440673828, 37.202152252197266, 71.16881561279297, 72.2772445678711, 139.2910614013672], [160.0999755859375, 65.4904556274414, 73.23933410644531, 78.08969116210938, 148.48568725585938, 157.2068634033203, 0.0, 91.7060546875, 148.22280883789062, 142.44297790527344, 170.6604766845703, 41.617305755615234, 52.77309799194336, 189.0819854736328, 154.46682739257812, 120.70211029052734, 183.1338348388672, 119.62023162841797, 63.071388244628906, 140.80128479003906, 64.19501495361328, 141.38246154785156, 45.09988784790039, 166.9640655517578, 112.32987213134766, 104.86181640625, 124.4829330444336, 202.4104766845703, 112.80071258544922, 98.0051040649414, 109.20164489746094, 202.54876708984375, 56.35601043701172, 79.64923095703125, 148.18907165527344, 104.0, 168.81350708007812, 138.3509979248047, 131.67384338378906, 36.22154235839844], [94.79451751708984, 133.64505004882812, 99.7296371459961, 18.867961883544922, 63.324562072753906, 137.31715393066406, 91.7060546875, 0.0, 76.83749389648438, 172.8004608154297, 84.17243957519531, 74.95331573486328, 40.31128692626953, 99.12618255615234, 134.17153930664062, 36.67424011230469, 102.52804565429688, 127.14165496826172, 40.0, 115.95257568359375, 112.20071411132812, 85.70297241210938, 49.39635467529297, 159.1383056640625, 124.33824920654297, 31.016124725341797, 147.70916748046875, 177.20045471191406, 120.50726318359375, 153.3786163330078, 117.88553619384766, 176.0454559326172, 64.51356506347656, 82.861328125, 155.26107788085938, 33.61547088623047, 127.05904388427734, 162.2744598388672, 157.17506408691406, 111.83023071289062], [19.235383987426758, 161.68179321289062, 112.72089385986328, 76.967529296875, 31.016124725341797, 91.08238220214844, 148.22280883789062, 76.83749389648438, 0.0, 159.96249389648438, 41.04875183105469, 113.11056518554688, 99.04039764404297, 65.802734375, 88.60022735595703, 41.86884307861328, 37.947330474853516, 109.60382843017578, 85.5102310180664, 73.35530090332031, 133.7647247314453, 25.942243576049805, 104.3455810546875, 117.39250183105469, 111.94641876220703, 99.80982208251953, 135.77186584472656, 118.0169448852539, 106.21675872802734, 166.0030059814453, 105.75916290283203, 116.0689468383789, 139.2910614013672, 90.47651672363281, 127.31849670410156, 47.01063537597656, 64.0, 146.6594696044922, 144.2775115966797, 151.9539337158203], [154.56390380859375, 85.98255920410156, 77.05841827392578, 154.73849487304688, 184.6131134033203, 84.30895233154297, 142.44297790527344, 172.8004608154297, 159.96249389648438, 0.0, 200.66140747070312, 113.11056518554688, 146.57762145996094, 225.49945068359375, 84.5813217163086, 170.47286987304688, 194.0, 50.6063232421875, 136.13229370117188, 91.02197265625, 78.33900451660156, 135.0592498779297, 140.12850952148438, 67.47592163085938, 50.11985778808594, 202.5290069580078, 25.495098114013672, 110.0, 55.226806640625, 54.451812744140625, 56.82429122924805, 112.01785278320312, 187.45132446289062, 89.9888916015625, 40.52159881591797, 151.63772583007812, 120.74767303466797, 13.601470947265625, 16.124515533447266, 109.77249145507812], [52.88667297363281, 195.15122985839844, 148.35430908203125, 93.02149963378906, 22.203603744506836, 131.18307495117188, 170.6604766845703, 84.17243957519531, 41.04875183105469, 200.66140747070312, 0.0, 141.4814453125, 118.1524429321289, 24.83948516845703, 128.86038208007812, 50.03998565673828, 25.553865432739258, 150.14659118652344, 108.50345611572266, 114.2365951538086, 168.15469360351562, 66.8879623413086, 125.57467651367188, 157.58172607421875, 152.02960205078125, 95.29428100585938, 176.18455505371094, 153.4438018798828, 146.386474609375, 203.2978057861328, 145.67086791992188, 151.19854736328125, 148.19244384765625, 126.05157470703125, 168.3597412109375, 67.6830825805664, 100.66280364990234, 187.4459991455078, 184.85940551757812, 181.32015991210938], [122.5887451171875, 58.694122314453125, 36.878177642822266, 56.7274169921875, 119.54915618896484, 115.97413635253906, 41.617305755615234, 74.95331573486328, 113.11056518554688, 113.11056518554688, 141.4814453125, 0.0, 37.58989334106445, 162.6898956298828, 113.17243194580078, 93.62158203125, 149.96665954589844, 81.39410400390625, 35.80502700805664, 99.20181274414062, 39.560081481933594, 102.59142303466797, 29.154760360717773, 127.31456756591797, 74.84651184082031, 98.79270935058594, 91.4111557006836, 161.22654724121094, 74.24284362792969, 81.02468872070312, 70.66116333007812, 161.27615356445312, 74.4311752319336, 38.20994567871094, 111.08555603027344, 74.0, 127.4754867553711, 106.21205139160156, 99.84988403320312, 39.84971618652344], [113.3181381225586, 95.2680435180664, 69.72087097167969, 25.317977905273438, 96.04686737060547, 131.2288055419922, 52.77309799194336, 40.31128692626953, 99.04039764404297, 146.57762145996094, 118.1524429321289, 37.58989334106445, 0.0, 136.31214904785156, 128.12884521484375, 68.11754608154297, 131.97348022460938, 107.51744079589844, 16.278820037841797, 111.22050476074219, 76.967529296875, 97.41663360595703, 9.219544410705566, 148.18907165527344, 102.59142303466797, 61.29437255859375, 123.0162582397461, 175.2854766845703, 100.28459167480469, 118.53269958496094, 97.01546478271484, 174.74839782714844, 48.54894256591797, 59.84145736694336, 137.4809112548828, 52.77309799194336, 132.24598693847656, 138.01449584960938, 132.09466552734375, 71.84010314941406], [76.15773010253906, 217.8003692626953, 171.96511840820312, 111.00450134277344, 43.90899658203125, 155.1837615966797, 189.0819854736328, 99.12618255615234, 65.802734375, 225.49945068359375, 24.83948516845703, 162.6898956298828, 136.31214904785156, 0.0, 152.95750427246094, 69.2603759765625, 41.1096076965332, 174.97714233398438, 128.4445343017578, 138.7551727294922, 191.2615966796875, 91.52595520019531, 144.36758422851562, 181.57366943359375, 176.79931640625, 103.3247299194336, 200.9975128173828, 174.95713806152344, 171.17242431640625, 227.26416015625, 170.41419982910156, 172.58621215820312, 160.79800415039062, 149.77316284179688, 193.03884887695312, 88.76936340332031, 123.32882690429688, 212.28518676757812, 209.69024658203125, 202.4845733642578], [77.17512512207031, 129.4024658203125, 85.08818817138672, 121.43310546875, 118.40608215332031, 3.1622776985168457, 154.46682739257812, 134.17153930664062, 88.60022735595703, 84.5813217163086, 128.86038208007812, 113.17243194580078, 128.12884521484375, 152.95750427246094, 0.0, 115.06954193115234, 116.2497329711914, 46.27094268798828, 112.29425811767578, 18.248287200927734, 104.3886947631836, 62.93647766113281, 126.75172424316406, 28.792360305786133, 53.75872039794922, 164.75436401367188, 67.08203887939453, 48.10405349731445, 49.47726821899414, 115.06954193115234, 52.201534271240234, 48.10405349731445, 176.64654541015625, 74.96665954589844, 44.94440841674805, 102.70345306396484, 36.359317779541016, 71.30918884277344, 72.12489318847656, 136.95254516601562], [60.80295944213867, 149.89329528808594, 106.8316421508789, 43.0, 28.017850875854492, 118.03813171386719, 120.70211029052734, 36.67424011230469, 41.86884307861328, 170.47286987304688, 50.03998565673828, 93.62158203125, 68.11754608154297, 69.2603759765625, 115.06954193115234, 0.0, 66.0984115600586, 120.83045959472656, 59.203041076660156, 97.25225067138672, 124.40257263183594, 57.00876998901367, 75.66372680664062, 142.6884765625, 120.35364532470703, 58.00862121582031, 145.0137939453125, 152.77761840820312, 115.38197326660156, 162.73291015625, 113.6485824584961, 151.21177673339844, 101.0197982788086, 85.6329345703125, 145.20675659179688, 20.615528106689453, 99.72462463378906, 158.31614685058594, 154.35348510742188, 133.33041381835938], [39.623226165771484, 199.61212158203125, 150.6320037841797, 107.87029266357422, 39.824615478515625, 118.1524429321289, 183.1338348388672, 102.52804565429688, 37.947330474853516, 194.0, 25.553865432739258, 149.96665954589844, 131.97348022460938, 41.1096076965332, 116.2497329711914, 66.0984115600586, 0.0, 144.46107482910156, 120.066650390625, 104.06248474121094, 171.71197509765625, 59.40538787841797, 138.36184692382812, 144.26712036132812, 147.6346893310547, 117.88977813720703, 170.6985626220703, 134.37261962890625, 141.82383728027344, 203.48219299316406, 141.7356719970703, 131.9393768310547, 167.02694702148438, 128.41339111328125, 158.7009735107422, 79.30951690673828, 84.09518432617188, 180.47991943359375, 178.751220703125, 189.2353057861328], [105.43718719482422, 84.30895233154297, 46.40043258666992, 110.22250366210938, 134.03358459472656, 47.67599105834961, 119.62023162841797, 127.14165496826172, 109.60382843017578, 50.6063232421875, 150.14659118652344, 81.39410400390625, 107.51744079589844, 174.97714233398438, 46.27094268798828, 120.83045959472656, 144.46107482910156, 0.0, 94.2602767944336, 44.92215347290039, 61.61168670654297, 85.14693450927734, 103.07764434814453, 48.166378021240234, 8.062257766723633, 157.8131866455078, 26.248809814453125, 88.54942321777344, 7.280109882354736, 69.00724792480469, 10.770329475402832, 89.47066497802734, 153.4438018798828, 47.67599105834961, 30.08321762084961, 102.78618621826172, 78.26238250732422, 37.735923767089844, 34.71310806274414, 95.90099334716797], [98.68130493164062, 94.2602767944336, 60.74536895751953, 21.260292053222656, 86.31338500976562, 115.41230773925781, 63.071388244628906, 40.0, 85.5102310180664, 136.13229370117188, 108.50345611572266, 35.80502700805664, 16.278820037841797, 128.4445343017578, 112.29425811767578, 59.203041076660156, 120.066650390625, 94.2602767944336, 0.0, 95.18928527832031, 72.20111083984375, 81.88406372070312, 18.973665237426758, 133.13526916503906, 90.0, 67.06713104248047, 111.7586669921875, 159.22311401367188, 87.14356231689453, 113.44161224365234, 84.05355072021484, 158.64425659179688, 64.637451171875, 47.01063537597656, 123.9112548828125, 41.1096076965332, 116.0, 126.66886138916016, 121.06196594238281, 74.6860122680664], [64.44377136230469, 122.48265075683594, 74.94664764404297, 103.46497344970703, 102.18121337890625, 21.3775577545166, 140.80128479003906, 115.95257568359375, 73.35530090332031, 91.02197265625, 114.2365951538086, 99.20181274414062, 111.22050476074219, 138.7551727294922, 18.248287200927734, 97.25225067138672, 104.06248474121094, 44.92215347290039, 95.18928527832031, 0.0, 95.8018798828125, 47.41307830810547, 110.42192077636719, 45.54119110107422, 50.80354309082031, 146.50938415527344, 69.7782211303711, 64.07027435302734, 45.39823913574219, 112.8716049194336, 47.095645904541016, 63.60031509399414, 159.7654571533203, 61.29437255859375, 54.671749114990234, 84.48076629638672, 34.01470184326172, 77.42092895507812, 76.66159057617188, 126.46343231201172], [138.27870178222656, 28.284271240234375, 22.022714614868164, 93.40770721435547, 147.3533172607422, 106.51290893554688, 64.19501495361328, 112.20071411132812, 133.7647247314453, 78.33900451660156, 168.15469360351562, 39.560081481933594, 76.967529296875, 191.2615966796875, 104.3886947631836, 124.40257263183594, 171.71197509765625, 61.61168670654297, 72.20111083984375, 95.8018798828125, 0.0, 116.55899810791016, 68.70953369140625, 109.63575744628906, 53.600372314453125, 137.82960510253906, 60.90156173706055, 149.72308349609375, 56.080299377441406, 41.59326934814453, 52.839378356933594, 150.4559783935547, 111.16204071044922, 43.416587829589844, 87.1148681640625, 103.81233215332031, 128.8914337158203, 74.32361602783203, 67.62396240234375, 34.65544509887695], [21.840330123901367, 144.8378448486328, 94.72592163085938, 79.93122100830078, 55.54277801513672, 65.52098846435547, 141.38246154785156, 85.70297241210938, 25.942243576049805, 135.0592498779297, 66.8879623413086, 102.59142303466797, 97.41663360595703, 91.52595520019531, 62.93647766113281, 57.00876998901367, 59.40538787841797, 85.14693450927734, 81.88406372070312, 47.41307830810547, 116.55899810791016, 0.0, 100.62306213378906, 91.7060546875, 88.23265075683594, 113.1591796875, 111.39569091796875, 96.02603912353516, 82.4196548461914, 145.23085021972656, 82.37718200683594, 94.3663101196289, 142.63589477539062, 73.43704986572266, 101.51354217529297, 52.201534271240234, 42.72002029418945, 121.63058471679688, 119.60350799560547, 139.1294403076172], [117.65203094482422, 86.21485137939453, 63.071388244628906, 33.52610778808594, 103.3924560546875, 129.7998504638672, 45.09988784790039, 49.39635467529297, 104.3455810546875, 140.12850952148438, 125.57467651367188, 29.154760360717773, 9.219544410705566, 144.36758422851562, 126.75172424316406, 75.66372680664062, 138.36184692382812, 103.07764434814453, 18.973665237426758, 110.42192077636719, 68.70953369140625, 100.62306213378906, 0.0, 145.4132080078125, 97.67292022705078, 70.21395874023438, 117.1067886352539, 174.40184020996094, 95.8018798828125, 110.16805267333984, 92.41753387451172, 174.01148986816406, 50.695167541503906, 55.6596794128418, 133.154052734375, 59.07622146606445, 133.41664123535156, 132.09466552734375, 126.015869140625, 62.62587356567383], [105.58882141113281, 130.7363739013672, 94.11163330078125, 144.93101501464844, 147.1223907470703, 26.4007568359375, 166.9640655517578, 159.1383056640625, 117.39250183105469, 67.47592163085938, 157.58172607421875, 127.31456756591797, 148.18907165527344, 181.57366943359375, 28.792360305786133, 142.6884765625, 144.26712036132812, 48.166378021240234, 133.13526916503906, 45.54119110107422, 109.63575744628906, 91.7060546875, 145.4132080078125, 0.0, 56.080299377441406, 190.0552520751953, 57.9741325378418, 43.73785400390625, 54.451812744140625, 109.4805908203125, 58.0, 45.39823913574219, 196.0637664794922, 90.42676544189453, 28.160255432128906, 129.0155029296875, 61.61980056762695, 56.0, 59.304298400878906, 144.04513549804688], [109.07795715332031, 76.32168579101562, 39.11521530151367, 106.9205322265625, 135.09255981445312, 55.31726837158203, 112.32987213134766, 124.33824920654297, 111.94641876220703, 50.11985778808594, 152.02960205078125, 74.84651184082031, 102.59142303466797, 176.79931640625, 53.75872039794922, 120.35364532470703, 147.6346893310547, 8.062257766723633, 90.0, 50.80354309082031, 53.600372314453125, 88.23265075683594, 97.67292022705078, 56.080299377441406, 0.0, 154.71910095214844, 24.698177337646484, 96.60227966308594, 5.830951690673828, 62.20128631591797, 6.7082037925720215, 97.50897216796875, 147.70916748046875, 43.011627197265625, 36.24913787841797, 101.63660430908203, 84.59314727783203, 38.27531814575195, 34.0, 87.96590423583984], [118.81077575683594, 156.40013122558594, 127.81236267089844, 47.85394287109375, 78.4091796875, 167.88687133789062, 104.86181640625, 31.016124725341797, 99.80982208251953, 202.5290069580078, 95.29428100585938, 98.79270935058594, 61.29437255859375, 103.3247299194336, 164.75436401367188, 58.00862121582031, 117.88977813720703, 157.8131866455078, 67.06713104248047, 146.50938415527344, 137.82960510253906, 113.1591796875, 70.21395874023438, 190.0552520751953, 154.71910095214844, 0.0, 177.68511962890625, 206.82843017578125, 151.07614135742188, 179.41293334960938, 148.35430908203125, 205.5480499267578, 60.8276252746582, 112.5877456665039, 186.17196655273438, 62.64183807373047, 155.467041015625, 192.3980255126953, 187.10958862304688, 131.59027099609375], [131.60546875, 75.92759704589844, 54.58937454223633, 129.83836364746094, 159.6245574951172, 67.60177612304688, 124.4829330444336, 147.70916748046875, 135.77186584472656, 25.495098114013672, 176.18455505371094, 91.4111557006836, 123.0162582397461, 200.9975128173828, 67.08203887939453, 145.0137939453125, 170.6985626220703, 26.248809814453125, 111.7586669921875, 69.7782211303711, 60.90156173706055, 111.39569091796875, 117.1067886352539, 57.9741325378418, 24.698177337646484, 177.68511962890625, 0.0, 101.63660430908203, 30.0, 51.54609680175781, 31.38471031188965, 103.16007232666016, 165.74679565429688, 65.11528015136719, 30.463092803955078, 126.14277648925781, 101.83319854736328, 15.0, 9.486832618713379, 94.86833190917969], [101.2422866821289, 172.72232055664062, 131.8256378173828, 166.38510131835938, 149.00335693359375, 45.25483322143555, 202.4104766845703, 177.20045471191406, 118.0169448852539, 110.0, 153.4438018798828, 161.22654724121094, 175.2854766845703, 174.95713806152344, 48.10405349731445, 152.77761840820312, 134.37261962890625, 88.54942321777344, 159.22311401367188, 64.07027435302734, 149.72308349609375, 96.02603912353516, 174.40184020996094, 43.73785400390625, 96.60227966308594, 206.82843017578125, 101.63660430908203, 0.0, 93.64827728271484, 153.05227661132812, 96.8968505859375, 2.8284270763397217, 223.82582092285156, 123.03658294677734, 71.84706115722656, 144.2012481689453, 54.037025451660156, 99.32270812988281, 102.956298828125, 183.33030700683594], [103.24727630615234, 80.0062484741211, 39.69886779785156, 103.3924560546875, 129.6302490234375, 51.244510650634766, 112.80071258544922, 120.50726318359375, 106.21675872802734, 55.226806640625, 146.386474609375, 74.24284362792969, 100.28459167480469, 171.17242431640625, 49.47726821899414, 115.38197326660156, 141.82383728027344, 7.280109882354736, 87.14356231689453, 45.39823913574219, 56.080299377441406, 82.4196548461914, 95.8018798828125, 54.451812744140625, 5.830951690673828, 151.07614135742188, 30.0, 93.64827728271484, 0.0, 67.47592163085938, 3.605551242828369, 94.41397857666016, 146.16429138183594, 40.4474983215332, 37.36308288574219, 96.93296813964844, 79.30951690673828, 42.95346450805664, 39.11521530151367, 90.0], [166.9401092529297, 34.20526123046875, 55.90169906616211, 134.52508544921875, 183.60011291503906, 116.21101379394531, 98.0051040649414, 153.3786163330078, 166.0030059814453, 54.451812744140625, 203.2978057861328, 81.02468872070312, 118.53269958496094, 227.26416015625, 115.06954193115234, 162.73291015625, 203.48219299316406, 69.00724792480469, 113.44161224365234, 112.8716049194336, 41.59326934814453, 145.23085021972656, 110.16805267333984, 109.4805908203125, 62.20128631591797, 179.41293334960938, 51.54609680175781, 153.05227661132812, 67.47592163085938, 0.0, 65.92420196533203, 154.49595642089844, 150.0966339111328, 77.6208724975586, 81.93289947509766, 142.17242431640625, 146.76852416992188, 57.982757568359375, 52.35456085205078, 62.20128631591797], [103.44564056396484, 77.20103454589844, 36.12478256225586, 100.60317993164062, 128.5496063232422, 54.08327102661133, 109.20164489746094, 117.88553619384766, 105.75916290283203, 56.82429122924805, 145.67086791992188, 70.66116333007812, 97.01546478271484, 170.41419982910156, 52.201534271240234, 113.6485824584961, 141.7356719970703, 10.770329475402832, 84.05355072021484, 47.095645904541016, 52.839378356933594, 82.37718200683594, 92.41753387451172, 58.0, 6.7082037925720215, 148.35430908203125, 31.38471031188965, 96.8968505859375, 3.605551242828369, 65.92420196533203, 0.0, 97.6166000366211, 142.72000122070312, 37.2155876159668, 40.804412841796875, 94.93682098388672, 81.09870910644531, 44.94440841674805, 40.70626449584961, 86.60831451416016], [99.12618255615234, 173.72679138183594, 132.31024169921875, 165.46902465820312, 147.03060913085938, 45.343135833740234, 202.54876708984375, 176.0454559326172, 116.0689468383789, 112.01785278320312, 151.19854736328125, 161.27615356445312, 174.74839782714844, 172.58621215820312, 48.10405349731445, 151.21177673339844, 131.9393768310547, 89.47066497802734, 158.64425659179688, 63.60031509399414, 150.4559783935547, 94.3663101196289, 174.01148986816406, 45.39823913574219, 97.50897216796875, 205.5480499267578, 103.16007232666016, 2.8284270763397217, 94.41397857666016, 154.49595642089844, 97.6166000366211, 0.0, 223.27113342285156, 123.06908416748047, 73.55270385742188, 142.94754028320312, 52.15361785888672, 101.17806243896484, 104.69001770019531, 183.91845703125], [155.87173461914062, 119.92080688476562, 111.15754699707031, 63.0079345703125, 127.78105926513672, 179.7386932373047, 56.35601043701172, 64.51356506347656, 139.2910614013672, 187.45132446289062, 148.19244384765625, 74.4311752319336, 48.54894256591797, 160.79800415039062, 176.64654541015625, 101.0197982788086, 167.02694702148438, 153.4438018798828, 64.637451171875, 159.7654571533203, 111.16204071044922, 142.63589477539062, 50.695167541503906, 196.0637664794922, 147.70916748046875, 60.8276252746582, 165.74679565429688, 223.82582092285156, 146.16429138183594, 150.0966339111328, 142.72000122070312, 223.27113342285156, 0.0, 106.28263854980469, 183.5211181640625, 92.6498794555664, 179.80545043945312, 180.60177612304688, 174.26991271972656, 91.08238220214844], [95.03683471679688, 71.58910369873047, 22.360679626464844, 64.76110076904297, 106.01886749267578, 77.78174591064453, 79.64923095703125, 82.861328125, 90.47651672363281, 89.9888916015625, 126.05157470703125, 38.20994567871094, 59.84145736694336, 149.77316284179688, 74.96665954589844, 85.6329345703125, 128.41339111328125, 47.67599105834961, 47.01063537597656, 61.29437255859375, 43.416587829589844, 73.43704986572266, 55.6596794128418, 90.42676544189453, 43.011627197265625, 112.5877456665039, 65.11528015136719, 123.03658294677734, 40.4474983215332, 77.6208724975586, 37.2155876159668, 123.06908416748047, 106.28263854980469, 0.0, 77.66595458984375, 65.29930877685547, 91.18113708496094, 79.90619659423828, 74.52516174316406, 67.46851348876953], [119.09659576416016, 105.43718719482422, 75.1797866821289, 139.00360107421875, 154.73849487304688, 44.29446792602539, 148.18907165527344, 155.26107788085938, 127.31849670410156, 40.52159881591797, 168.3597412109375, 111.08555603027344, 137.4809112548828, 193.03884887695312, 44.94440841674805, 145.20675659179688, 158.7009735107422, 30.08321762084961, 123.9112548828125, 54.671749114990234, 87.1148681640625, 101.51354217529297, 133.154052734375, 28.160255432128906, 36.24913787841797, 186.17196655273438, 30.463092803955078, 71.84706115722656, 37.36308288574219, 81.93289947509766, 40.804412841796875, 73.55270385742188, 183.5211181640625, 77.66595458984375, 0.0, 128.65457153320312, 81.3019027709961, 28.160255432128906, 31.14482307434082, 121.75385284423828], [63.24555206298828, 129.49517822265625, 86.27861785888672, 29.96664810180664, 45.607017517089844, 105.80170440673828, 104.0, 33.61547088623047, 47.01063537597656, 151.63772583007812, 67.6830825805664, 74.0, 52.77309799194336, 88.76936340332031, 102.70345306396484, 20.615528106689453, 79.30951690673828, 102.78618621826172, 41.1096076965332, 84.48076629638672, 103.81233215332031, 52.201534271240234, 59.07622146606445, 129.0155029296875, 101.63660430908203, 62.64183807373047, 126.14277648925781, 144.2012481689453, 96.93296813964844, 142.17242431640625, 94.93682098388672, 142.94754028320312, 92.6498794555664, 65.29930877685547, 128.65457153320312, 0.0, 93.4772720336914, 139.84634399414062, 135.5654754638672, 113.84199523925781], [47.85394287109375, 156.04165649414062, 107.48953247070312, 118.81077575683594, 95.00526428222656, 37.202152252197266, 168.81350708007812, 127.05904388427734, 64.0, 120.74767303466797, 100.66280364990234, 127.4754867553711, 132.24598693847656, 123.32882690429688, 36.359317779541016, 99.72462463378906, 84.09518432617188, 78.26238250732422, 116.0, 34.01470184326172, 128.8914337158203, 42.72002029418945, 133.41664123535156, 61.61980056762695, 84.59314727783203, 155.467041015625, 101.83319854736328, 54.037025451660156, 79.30951690673828, 146.76852416992188, 81.09870910644531, 52.15361785888672, 179.80545043945312, 91.18113708496094, 81.3019027709961, 93.4772720336914, 0.0, 107.35455322265625, 107.70329284667969, 158.1455078125], [141.01419067382812, 86.37129211425781, 69.46221923828125, 144.5441131591797, 171.71197509765625, 71.16881561279297, 138.3509979248047, 162.2744598388672, 146.6594696044922, 13.601470947265625, 187.4459991455078, 106.21205139160156, 138.01449584960938, 212.28518676757812, 71.30918884277344, 158.31614685058594, 180.47991943359375, 37.735923767089844, 126.66886138916016, 77.42092895507812, 74.32361602783203, 121.63058471679688, 132.09466552734375, 56.0, 38.27531814575195, 192.3980255126953, 15.0, 99.32270812988281, 42.95346450805664, 57.982757568359375, 44.94440841674805, 101.17806243896484, 180.60177612304688, 79.90619659423828, 28.160255432128906, 139.84634399414062, 107.35455322265625, 0.0, 6.7082037925720215, 107.54068756103516], [139.4632568359375, 79.93122100830078, 63.19810104370117, 139.26951599121094, 168.60011291503906, 72.2772445678711, 131.67384338378906, 157.17506408691406, 144.2775115966797, 16.124515533447266, 184.85940551757812, 99.84988403320312, 132.09466552734375, 209.69024658203125, 72.12489318847656, 154.35348510742188, 178.751220703125, 34.71310806274414, 121.06196594238281, 76.66159057617188, 67.62396240234375, 119.60350799560547, 126.015869140625, 59.304298400878906, 34.0, 187.10958862304688, 9.486832618713379, 102.956298828125, 39.11521530151367, 52.35456085205078, 40.70626449584961, 104.69001770019531, 174.26991271972656, 74.52516174316406, 31.14482307434082, 135.5654754638672, 107.70329284667969, 6.7082037925720215, 0.0, 100.84642028808594], [160.0, 29.27456283569336, 51.88448715209961, 94.66783905029297, 159.39886474609375, 139.2910614013672, 36.22154235839844, 111.83023071289062, 151.9539337158203, 109.77249145507812, 181.32015991210938, 39.84971618652344, 71.84010314941406, 202.4845733642578, 136.95254516601562, 133.33041381835938, 189.2353057861328, 95.90099334716797, 74.6860122680664, 126.46343231201172, 34.65544509887695, 139.1294403076172, 62.62587356567383, 144.04513549804688, 87.96590423583984, 131.59027099609375, 94.86833190917969, 183.33030700683594, 90.0, 62.20128631591797, 86.60831451416016, 183.91845703125, 91.08238220214844, 67.46851348876953, 121.75385284423828, 113.84199523925781, 158.1455078125, 107.54068756103516, 100.84642028808594, 0.0]], "coordinates": [[-2, -64], [27, 100], [22, 50], [-51, 15], [-50, -56], [67, -25], [-38, 92], [-67, 5], [-19, -55], [99, 53], [-53, -78], [-14, 58], [-47, 40], [-72, -94], [64, -24], [-51, -28], [-31, -91], [59, 22], [-35, 29], [46, -21], [23, 72], [4, -43], [-41, 47], [91, -14], [55, 29], [-98, 6], [76, 42], [99, -57], [52, 24], [60, 91], [49, 26], [97, -59], [-88, 66], [12, 30], [88, 14], [-38, -12], [45, -55], [91, 42], [85, 45], [-2, 96]], "demands": [11.0, 16.0, 23.0, 3.0, 21.0, 31.0, 3.0, 31.0, 35.0, 38.0, 8.0, 26.0, 40.0, 39.0, 23.0, 19.0, 21.0, 25.0, 40.0, 9.0, -11.0, -16.0, -23.0, -3.0, -21.0, -31.0, -3.0, -31.0, -35.0, -38.0, -8.0, -26.0, -40.0, -39.0, -23.0, -19.0, -21.0, -25.0, -40.0, -9.0], "capacity": 50, "Vmax": 14}