{"name": "LZB_n20_11", "n": 20, "m": 6, "times": [[0.0, 89.30845642089844, 102.59142303466797, 139.81773376464844, 72.99314880371094, 156.4736328125, 114.75626373291016, 60.0333251953125, 162.806640625, 61.6846809387207, 129.2942352294922, 131.0953826904297, 101.83319854736328, 32.4499626159668, 46.097721099853516, 21.3775577545166, 121.85237121582031, 43.8292121887207, 117.4776611328125, 156.2593994140625, 116.18089294433594, 131.7649383544922, 26.07680892944336, 80.77747344970703, 21.63330841064453, 33.52610778808594, 134.37261962890625, 136.23509216308594, 44.72135925292969, 83.6779556274414, 126.11502838134766, 165.051513671875, 132.9097442626953, 93.60021209716797, 35.510562896728516, 27.073972702026367, 120.35364532470703, 73.55270385742188, 141.548583984375, 95.34149169921875], [89.30845642089844, 0.0, 161.0496826171875, 157.8131866455078, 65.78753662109375, 150.05332946777344, 80.13114166259766, 76.65507507324219, 120.2081527709961, 143.8367156982422, 41.48493576049805, 45.27692413330078, 84.20214080810547, 56.859474182128906, 76.05918884277344, 83.21658325195312, 105.10946655273438, 104.10091400146484, 48.54894256591797, 101.0197982788086, 169.6407928466797, 126.53063201904297, 82.46211242675781, 92.13577270507812, 92.02173614501953, 121.8031234741211, 100.95543670654297, 84.89994049072266, 77.82030487060547, 161.82089233398438, 39.458839416503906, 142.35870361328125, 98.73702239990234, 126.28935241699219, 81.83519744873047, 79.4040298461914, 156.92355346679688, 23.194826126098633, 119.8832778930664, 141.400146484375], [102.59142303466797, 161.0496826171875, 0.0, 72.24956512451172, 173.10401916503906, 110.54862976074219, 124.84390258789062, 162.23748779296875, 155.682373046875, 58.051700592041016, 188.30825805664062, 185.84132385253906, 105.55093383789062, 119.33985137939453, 85.4400405883789, 123.96773529052734, 107.91200256347656, 62.032249450683594, 158.2213592529297, 165.85536193847656, 15.0, 97.71898651123047, 87.09190368652344, 77.98717498779297, 83.21658325195312, 103.83159637451172, 130.51052856445312, 150.24313354492188, 83.93450164794922, 43.8292121887207, 183.5047607421875, 134.39122009277344, 130.6981201171875, 46.04345703125, 82.87339782714844, 129.55308532714844, 39.31920623779297, 157.49603271484375, 120.70211029052734, 25.238859176635742], [139.81773376464844, 157.8131866455078, 72.24956512451172, 0.0, 195.25624084472656, 41.62931823730469, 89.9888916015625, 190.6646270751953, 99.72462463378906, 121.3342514038086, 169.70562744140625, 164.57521057128906, 76.32168579101562, 139.97857666015625, 100.23971557617188, 158.8080596923828, 62.96824645996094, 97.59098052978516, 133.36416625976562, 118.1524429321289, 63.28506851196289, 41.67733383178711, 115.20850372314453, 68.3081283569336, 118.34272003173828, 155.86212158203125, 83.24061584472656, 109.1650161743164, 100.34440612792969, 114.00438690185547, 164.6147003173828, 69.1158447265625, 84.53401947021484, 46.69047164916992, 106.50821685791016, 162.54229736328125, 33.0151481628418, 164.68453979492188, 64.81512451171875, 54.7813835144043], [72.99314880371094, 65.78753662109375, 173.10401916503906, 195.25624084472656, 0.0, 199.2485809326172, 136.61990356445312, 18.439088821411133, 181.81858825683594, 134.12307739257812, 102.59142303466797, 108.34204864501953, 133.54400634765625, 56.04462432861328, 95.81753540039062, 53.45091247558594, 156.20498657226562, 111.28791809082031, 113.63538360595703, 165.21803283691406, 185.60711669921875, 173.92527770996094, 86.5794448852539, 127.45587158203125, 90.0, 93.05912017822266, 158.61903381347656, 147.5669403076172, 96.16651916503906, 156.51837158203125, 102.25947570800781, 198.0353546142578, 156.5407257080078, 153.4438018798828, 92.76313781738281, 47.12748718261719, 183.60011291503906, 43.382022857666016, 174.09193420410156, 161.27615356445312], [156.4736328125, 150.05332946777344, 110.54862976074219, 41.62931823730469, 199.2485809326172, 0.0, 71.58910369873047, 198.4943389892578, 63.1347770690918, 152.3975067138672, 151.64761352539062, 145.27903747558594, 66.64833068847656, 147.86817932128906, 111.52130126953125, 172.46739196777344, 44.94440841674805, 119.43617248535156, 114.73883056640625, 85.70297241210938, 103.5857162475586, 25.495098114013672, 130.4300537109375, 76.05918884277344, 136.52838134765625, 178.88543701171875, 56.035701751708984, 82.38932037353516, 112.44554138183594, 149.2715606689453, 146.76852416992188, 28.319604873657227, 58.00862121582031, 73.54590606689453, 121.01652526855469, 174.89710998535156, 72.7804946899414, 162.41305541992188, 34.058773040771484, 89.05054473876953], [114.75626373291016, 80.13114166259766, 124.84390258789062, 89.9888916015625, 136.61990356445312, 71.58910369873047, 0.0, 140.08926391601562, 48.383880615234375, 139.2838897705078, 81.00617218017578, 75.23961639404297, 19.416488647460938, 94.02127075195312, 71.00704193115234, 123.9758071899414, 28.017850875854492, 94.9210205078125, 44.04542922973633, 44.384681701660156, 126.66886138916016, 51.03919982910156, 91.19758605957031, 49.19349670410156, 101.0197982788086, 145.34442138671875, 22.022714614868164, 25.942243576049805, 73.0, 147.23110961914062, 76.0, 62.42595672607422, 20.0, 79.20858764648438, 83.00602722167969, 124.23365020751953, 102.62553405761719, 95.7757797241211, 39.81205749511719, 99.82484436035156], [60.0333251953125, 76.65507507324219, 162.23748779296875, 190.6646270751953, 18.439088821411133, 198.4943389892578, 140.08926391601562, 0.0, 186.93849182128906, 119.5198745727539, 116.00431060791016, 121.10326385498047, 134.46932983398438, 51.03919982910156, 90.42676544189453, 39.051246643066406, 157.0350341796875, 101.41498565673828, 122.4132308959961, 172.40939331054688, 175.41380310058594, 173.0028839111328, 77.79460144042969, 124.27791595458984, 79.24645233154297, 76.15773010253906, 162.04937744140625, 153.8440704345703, 90.3548583984375, 142.27438354492188, 115.06954193115234, 199.9049835205078, 160.07810974121094, 146.9319610595703, 85.23497009277344, 33.0, 176.1732177734375, 53.46026611328125, 175.72706604003906, 152.61061096191406], [162.806640625, 120.2081527709961, 155.682373046875, 99.72462463378906, 181.81858825683594, 63.1347770690918, 48.383880615234375, 186.93849182128906, 0.0, 181.4635009765625, 106.0235824584961, 98.48857879638672, 62.12889862060547, 142.2427520751953, 118.08895111083984, 172.35137939453125, 48.764739990234375, 139.0575408935547, 73.60027313232422, 26.172504425048828, 153.32318115234375, 60.0, 138.6001434326172, 90.27181243896484, 147.97972106933594, 192.62918090820312, 29.017236709594727, 35.46829605102539, 119.941650390625, 185.78482055664062, 101.96568298339844, 37.36308288574219, 30.149627685546875, 110.49434661865234, 129.98846435546875, 172.52536010742188, 124.27791595458984, 139.31259155273438, 35.80502700805664, 130.78225708007812], [61.6846809387207, 143.8367156982422, 58.051700592041016, 121.3342514038086, 134.12307739257812, 152.3975067138672, 139.2838897705078, 119.5198745727539, 181.4635009765625, 0.0, 179.9611053466797, 179.9138641357422, 121.04957580566406, 89.8888168334961, 74.09453582763672, 80.80841827392578, 133.3754119873047, 45.18849563598633, 158.8080596923828, 183.65728759765625, 73.0, 132.63861083984375, 61.52235412597656, 91.4111557006836, 51.855567932128906, 49.24428939819336, 152.8953857421875, 164.76953125, 71.86793518066406, 23.0, 175.9318084716797, 170.496337890625, 152.23666381835938, 78.85429382324219, 64.20280456542969, 87.09764862060547, 91.58602142333984, 132.30645751953125, 151.01324462890625, 66.64083099365234], [129.2942352294922, 41.48493576049805, 188.30825805664062, 169.70562744140625, 102.59142303466797, 151.64761352539062, 81.00617218017578, 116.00431060791016, 106.0235824584961, 179.9611053466797, 0.0, 7.8102498054504395, 93.5574722290039, 97.04637908935547, 107.62899017333984, 124.59534454345703, 109.01834869384766, 137.2443084716797, 37.013511657714844, 81.6333236694336, 194.5379180908203, 132.03408813476562, 118.69709014892578, 112.40106964111328, 129.0155029296875, 162.348388671875, 96.33794403076172, 72.42237091064453, 109.71326446533203, 195.9311065673828, 5.099019527435303, 136.56134033203125, 94.20191192626953, 147.8512725830078, 116.0, 120.8801040649414, 176.45962524414062, 63.50590515136719, 118.08895111083984, 165.9186553955078], [131.0953826904297, 45.27692413330078, 185.84132385253906, 164.57521057128906, 108.34204864501953, 145.27903747558594, 75.23961639404297, 121.10326385498047, 98.48857879638672, 179.9138641357422, 7.8102498054504395, 0.0, 88.76936340332031, 99.16148376464844, 106.79419708251953, 127.6126937866211, 103.23758697509766, 136.51739501953125, 31.256999969482422, 73.9256362915039, 191.54112243652344, 126.25371551513672, 119.03781127929688, 109.12836456298828, 129.52992248535156, 164.39585876464844, 89.67720031738281, 65.25334930419922, 108.93116760253906, 195.1819610595703, 6.082762718200684, 129.52220153808594, 87.57283020019531, 144.46107482910156, 115.74540710449219, 124.19742584228516, 172.52536010742188, 68.02940368652344, 111.54371643066406, 162.9846649169922], [101.83319854736328, 84.20214080810547, 105.55093383789062, 76.32168579101562, 133.54400634765625, 66.64833068847656, 19.416488647460938, 134.46932983398438, 62.12889862060547, 121.04957580566406, 93.5574722290039, 88.76936340332031, 0.0, 85.44589233398438, 56.29387283325195, 113.60017395019531, 22.671567916870117, 77.41446685791016, 57.87054443359375, 62.96824645996094, 107.81465911865234, 42.379241943359375, 76.90253448486328, 30.08321762084961, 85.98837280273438, 130.6981201171875, 33.13608169555664, 45.27692413330078, 58.051700592041016, 128.15615844726562, 88.45903015136719, 65.6048812866211, 32.015621185302734, 60.14149856567383, 68.06614685058594, 114.73883056640625, 85.0, 95.77056121826172, 41.400482177734375, 80.62257385253906], [32.4499626159668, 56.859474182128906, 119.33985137939453, 139.97857666015625, 56.04462432861328, 147.86817932128906, 94.02127075195312, 51.03919982910156, 142.2427520751953, 89.8888168334961, 97.04637908935547, 99.16148376464844, 85.44589233398438, 0.0, 39.924930572509766, 31.14482307434082, 107.61505126953125, 57.42821502685547, 88.20430755615234, 131.79530334472656, 131.0, 122.38055419921875, 32.38827133178711, 73.23933410644531, 39.0, 65.30696868896484, 115.38197326660156, 112.05802154541016, 40.16217041015625, 110.0227279663086, 94.02127075195312, 151.01324462890625, 113.59577178955078, 97.41663360595703, 37.121421813964844, 30.364452362060547, 127.57743072509766, 42.43819046020508, 126.82665252685547, 105.68348693847656], [46.097721099853516, 76.05918884277344, 85.4400405883789, 100.23971557617188, 95.81753540039062, 111.52130126953125, 71.00704193115234, 90.42676544189453, 118.08895111083984, 74.09453582763672, 107.62899017333984, 106.79419708251953, 56.29387283325195, 39.924930572509766, 0.0, 60.95900344848633, 75.7693862915039, 29.73213768005371, 84.72307586669922, 114.43775939941406, 95.18928527832031, 86.40023040771484, 20.615528106689453, 35.46829605102539, 30.01666259765625, 74.5452880859375, 89.26925659179688, 94.64142608642578, 2.2360680103302, 88.39117431640625, 103.27632904052734, 118.96638488769531, 87.96590423583984, 57.723480224609375, 12.0, 63.65532302856445, 88.28363037109375, 72.56031799316406, 95.4620361328125, 68.06614685058594], [21.3775577545166, 83.21658325195312, 123.96773529052734, 158.8080596923828, 53.45091247558594, 172.46739196777344, 123.9758071899414, 39.051246643066406, 172.35137939453125, 80.80841827392578, 124.59534454345703, 127.6126937866211, 113.60017395019531, 31.14482307434082, 60.95900344848633, 0.0, 134.97036743164062, 64.62197875976562, 119.03781127929688, 162.7882080078125, 137.53907775878906, 147.2718505859375, 43.600460052490234, 96.42613983154297, 42.154476165771484, 41.773197174072266, 144.8481903076172, 142.97203063964844, 60.14149856567383, 103.4069595336914, 122.12288665771484, 178.5301055908203, 143.1712188720703, 113.20777130126953, 52.49761962890625, 6.324555397033691, 140.89002990722656, 63.631752014160156, 154.5477294921875, 116.24542999267578], [121.85237121582031, 105.10946655273438, 107.91200256347656, 62.96824645996094, 156.20498657226562, 44.94440841674805, 28.017850875854492, 157.0350341796875, 48.764739990234375, 133.3754119873047, 109.01834869384766, 103.23758697509766, 22.671567916870117, 107.61505126953125, 75.7693862915039, 134.97036743164062, 0.0, 92.43917083740234, 72.06246948242188, 58.79625701904297, 107.00466918945312, 23.021728515625, 96.2081069946289, 43.416587829589844, 104.40306854248047, 148.9295196533203, 22.803508758544922, 46.647613525390625, 77.2528305053711, 137.0328369140625, 104.00480651855469, 43.5660400390625, 23.34523582458496, 62.169124603271484, 86.97700500488281, 136.4587860107422, 79.93122100830078, 117.99152374267578, 19.697715759277344, 82.76472473144531], [43.8292121887207, 104.10091400146484, 62.032249450683594, 97.59098052978516, 111.28791809082031, 119.43617248535156, 94.9210205078125, 101.41498565673828, 139.0575408935547, 45.18849563598633, 137.2443084716797, 136.51739501953125, 77.41446685791016, 57.42821502685547, 29.73213768005371, 64.62197875976562, 92.43917083740234, 0.0, 113.99122619628906, 139.26951599121094, 74.3303451538086, 96.4624252319336, 25.079872131347656, 49.09175109863281, 22.472204208374023, 59.53990173339844, 110.11357879638672, 120.07081604003906, 27.58622932434082, 58.694122314453125, 132.943603515625, 132.9097442626953, 109.22454071044922, 50.91168975830078, 22.360679626464844, 69.57010650634766, 76.5375747680664, 97.08243560791016, 111.3058853149414, 51.62363815307617], [117.4776611328125, 48.54894256591797, 158.2213592529297, 133.36416625976562, 113.63538360595703, 114.73883056640625, 44.04542922973633, 122.4132308959961, 73.60027313232422, 158.8080596923828, 37.013511657714844, 31.256999969482422, 57.87054443359375, 88.20430755615234, 84.72307586669922, 119.03781127929688, 72.06246948242188, 113.99122619628906, 0.0, 52.63079071044922, 162.828125, 95.08417510986328, 100.46392059326172, 80.44873809814453, 111.2339859008789, 150.88075256347656, 59.90826416015625, 38.27531814575195, 86.95401000976562, 171.81675720214844, 32.06243896484375, 100.90093994140625, 57.723480224609375, 115.24755859375, 95.2575454711914, 117.0384521484375, 142.3516845703125, 70.26378631591797, 81.39410400390625, 134.52508544921875], [156.2593994140625, 101.0197982788086, 165.85536193847656, 118.1524429321289, 165.21803283691406, 85.70297241210938, 44.384681701660156, 172.40939331054688, 26.172504425048828, 183.65728759765625, 81.6333236694336, 73.9256362915039, 62.96824645996094, 131.79530334472656, 114.43775939941406, 162.7882080078125, 58.79625701904297, 139.26951599121094, 52.63079071044922, 0.0, 165.7015380859375, 76.6093978881836, 134.09324645996094, 93.04837799072266, 144.28097534179688, 188.00265502929688, 36.06937789916992, 20.02498435974121, 116.5203857421875, 191.08375549316406, 77.93586730957031, 62.3939094543457, 35.46829605102539, 119.8165283203125, 126.39620208740234, 162.04937744140625, 138.6001434326172, 121.93850708007812, 53.712196350097656, 140.6165008544922], [116.18089294433594, 169.6407928466797, 15.0, 63.28506851196289, 185.60711669921875, 103.5857162475586, 126.66886138916016, 175.41380310058594, 153.32318115234375, 73.0, 194.5379180908203, 191.54112243652344, 107.81465911865234, 131.0, 95.18928527832031, 137.53907775878906, 107.00466918945312, 74.3303451538086, 162.828125, 165.7015380859375, 0.0, 93.91485595703125, 99.12618255615234, 82.49242401123047, 96.17691802978516, 118.70130920410156, 129.80755615234375, 151.3472900390625, 93.90420532226562, 57.688819885253906, 189.62330627441406, 129.02713012695312, 130.249755859375, 47.801673889160156, 94.04785919189453, 142.97203063964844, 30.805843353271484, 167.72596740722656, 117.72000885009766, 28.635643005371094], [131.7649383544922, 126.53063201904297, 97.71898651123047, 41.67733383178711, 173.92527770996094, 25.495098114013672, 51.03919982910156, 173.0028839111328, 60.0, 132.63861083984375, 132.03408813476562, 126.25371551513672, 42.379241943359375, 122.38055419921875, 86.40023040771484, 147.2718505859375, 23.021728515625, 96.4624252319336, 95.08417510986328, 76.6093978881836, 93.91485595703125, 0.0, 105.68821716308594, 51.03919982910156, 112.29425811767578, 155.467041015625, 41.59326934814453, 67.779052734375, 87.41853332519531, 132.3782501220703, 127.0157470703125, 38.0, 42.95346450805664, 55.145263671875, 96.25486755371094, 149.57606506347656, 64.35060119628906, 137.75340270996094, 24.20743751525879, 73.75635528564453], [26.07680892944336, 82.46211242675781, 87.09190368652344, 115.20850372314453, 86.5794448852539, 130.4300537109375, 91.19758605957031, 77.79460144042969, 138.6001434326172, 61.52235412597656, 118.69709014892578, 119.03781127929688, 76.90253448486328, 32.38827133178711, 20.615528106689453, 43.600460052490234, 96.2081069946289, 25.079872131347656, 100.46392059326172, 134.09324645996094, 99.12618255615234, 105.68821716308594, 0.0, 54.708316802978516, 10.770329475402832, 54.147945404052734, 109.83624267578125, 114.15778350830078, 18.973665237426758, 79.61155700683594, 114.80853271484375, 139.2048797607422, 108.50345611572266, 69.83551788330078, 9.433980941772461, 47.50789260864258, 98.4327163696289, 73.00685119628906, 115.8792495727539, 74.95331573486328], [80.77747344970703, 92.13577270507812, 77.98717498779297, 68.3081283569336, 127.45587158203125, 76.05918884277344, 49.19349670410156, 124.27791595458984, 90.27181243896484, 91.4111557006836, 112.40106964111328, 109.12836456298828, 30.08321762084961, 73.23933410644531, 35.46829605102539, 96.42613983154297, 43.416587829589844, 49.09175109863281, 80.44873809814453, 93.04837799072266, 82.49242401123047, 51.03919982910156, 54.708316802978516, 0.0, 61.84658432006836, 105.9480972290039, 61.52235412597656, 75.13321685791016, 36.400550842285156, 98.0866928100586, 107.42439270019531, 85.09406280517578, 60.8276252746582, 35.46829605102539, 45.27692413330078, 99.00505065917969, 65.11528015136719, 96.69022369384766, 62.585941314697266, 54.08327102661133], [21.63330841064453, 92.02173614501953, 83.21658325195312, 118.34272003173828, 90.0, 136.52838134765625, 101.0197982788086, 79.24645233154297, 147.97972106933594, 51.855567932128906, 129.0155029296875, 129.52992248535156, 85.98837280273438, 39.0, 30.01666259765625, 42.154476165771484, 104.40306854248047, 22.472204208374023, 111.2339859008789, 144.28097534179688, 96.17691802978516, 112.29425811767578, 10.770329475402832, 61.84658432006836, 0.0, 44.72135925292969, 119.07980346679688, 124.40257263183594, 28.07133674621582, 71.11962127685547, 125.20782470703125, 146.89451599121094, 117.83463287353516, 72.00694274902344, 18.027755737304688, 47.12748718261719, 98.83824920654297, 81.00617218017578, 123.96773529052734, 74.09453582763672], [33.52610778808594, 121.8031234741211, 103.83159637451172, 155.86212158203125, 93.05912017822266, 178.88543701171875, 145.34442138671875, 76.15773010253906, 192.62918090820312, 49.24428939819336, 162.348388671875, 164.39585876464844, 130.6981201171875, 65.30696868896484, 74.5452880859375, 41.773197174072266, 148.9295196533203, 59.53990173339844, 150.88075256347656, 188.00265502929688, 118.70130920410156, 155.467041015625, 54.147945404052734, 105.9480972290039, 44.72135925292969, 0.0, 163.76812744140625, 168.01190185546875, 72.69112396240234, 71.84706115722656, 159.31414794921875, 191.00262451171875, 162.49615478515625, 109.40292358398438, 62.64982223510742, 47.6340217590332, 130.9083709716797, 104.20172882080078, 168.40428161621094, 104.7377700805664], [134.37261962890625, 100.95543670654297, 130.51052856445312, 83.24061584472656, 158.61903381347656, 56.035701751708984, 22.022714614868164, 162.04937744140625, 29.017236709594727, 152.8953857421875, 96.33794403076172, 89.67720031738281, 33.13608169555664, 115.38197326660156, 89.26925659179688, 144.8481903076172, 22.803508758544922, 110.11357879638672, 59.90826416015625, 36.06937789916992, 129.80755615234375, 41.59326934814453, 109.83624267578125, 61.52235412597656, 119.07980346679688, 163.76812744140625, 0.0, 26.68332862854004, 91.08238220214844, 158.1455078125, 91.59148406982422, 41.59326934814453, 2.2360680103302, 84.59905242919922, 101.11874389648438, 145.4132080078125, 102.53292083740234, 117.51595306396484, 22.0, 105.30906677246094], [136.23509216308594, 84.89994049072266, 150.24313354492188, 109.1650161743164, 147.5669403076172, 82.38932037353516, 25.942243576049805, 153.8440704345703, 35.46829605102539, 164.76953125, 72.42237091064453, 65.25334930419922, 45.27692413330078, 112.05802154541016, 94.64142608642578, 142.97203063964844, 46.647613525390625, 120.07081604003906, 38.27531814575195, 20.02498435974121, 151.3472900390625, 67.779052734375, 114.15778350830078, 75.13321685791016, 124.40257263183594, 168.01190185546875, 26.68332862854004, 0.0, 96.7470932006836, 173.1415557861328, 68.00735473632812, 64.32728576660156, 25.0, 104.35037231445312, 106.56922912597656, 142.36923217773438, 125.87692260742188, 104.62313079833984, 48.3735466003418, 125.09996032714844], [44.72135925292969, 77.82030487060547, 83.93450164794922, 100.34440612792969, 96.16651916503906, 112.44554138183594, 73.0, 90.3548583984375, 119.941650390625, 71.86793518066406, 109.71326446533203, 108.93116760253906, 58.051700592041016, 40.16217041015625, 2.2360680103302, 60.14149856567383, 77.2528305053711, 27.58622932434082, 86.95401000976562, 116.5203857421875, 93.90420532226562, 87.41853332519531, 18.973665237426758, 36.400550842285156, 28.07133674621582, 72.69112396240234, 91.08238220214844, 96.7470932006836, 0.0, 86.26702880859375, 105.38026428222656, 120.34117889404297, 89.80534362792969, 57.28001403808594, 10.049875259399414, 63.03173828125, 87.66413116455078, 73.82411193847656, 96.93296813964844, 67.00746154785156], [83.6779556274414, 161.82089233398438, 43.8292121887207, 114.00438690185547, 156.51837158203125, 149.2715606689453, 147.23110961914062, 142.27438354492188, 185.78482055664062, 23.0, 195.9311065673828, 195.1819610595703, 128.15615844726562, 110.0227279663086, 88.39117431640625, 103.4069595336914, 137.0328369140625, 58.694122314453125, 171.81675720214844, 191.08375549316406, 57.688819885253906, 132.3782501220703, 79.61155700683594, 98.0866928100586, 71.11962127685547, 71.84706115722656, 158.1455078125, 173.1415557861328, 86.26702880859375, 0.0, 191.63768005371094, 170.2938690185547, 157.80050659179688, 77.23341369628906, 80.28075408935547, 109.65856170654297, 81.90848541259766, 152.11837768554688, 153.0555419921875, 60.29925537109375], [126.11502838134766, 39.458839416503906, 183.5047607421875, 164.6147003173828, 102.25947570800781, 146.76852416992188, 76.0, 115.06954193115234, 101.96568298339844, 175.9318084716797, 5.099019527435303, 6.082762718200684, 88.45903015136719, 94.02127075195312, 103.27632904052734, 122.12288665771484, 104.00480651855469, 132.943603515625, 32.06243896484375, 77.93586730957031, 189.62330627441406, 127.0157470703125, 114.80853271484375, 107.42439270019531, 125.20782470703125, 159.31414794921875, 91.59148406982422, 68.00735473632812, 105.38026428222656, 191.63768005371094, 0.0, 132.0037841796875, 89.44271850585938, 142.8635711669922, 111.8659896850586, 118.60016632080078, 171.40594482421875, 62.07253646850586, 113.28282928466797, 161.01242065429688], [165.051513671875, 142.35870361328125, 134.39122009277344, 69.1158447265625, 198.0353546142578, 28.319604873657227, 62.42595672607422, 199.9049835205078, 37.36308288574219, 170.496337890625, 136.56134033203125, 129.52220153808594, 65.6048812866211, 151.01324462890625, 118.96638488769531, 178.5301055908203, 43.5660400390625, 132.9097442626953, 100.90093994140625, 62.3939094543457, 129.02713012695312, 38.0, 139.2048797607422, 85.09406280517578, 146.89451599121094, 191.00262451171875, 41.59326934814453, 64.32728576660156, 120.34117889404297, 170.2938690185547, 132.0037841796875, 0.0, 43.8292121887207, 93.08598327636719, 129.8653106689453, 180.01388549804688, 98.4327163696289, 158.05062866210938, 24.20743751525879, 111.15754699707031], [132.9097442626953, 98.73702239990234, 130.6981201171875, 84.53401947021484, 156.5407257080078, 58.00862121582031, 20.0, 160.07810974121094, 30.149627685546875, 152.23666381835938, 94.20191192626953, 87.57283020019531, 32.015621185302734, 113.59577178955078, 87.96590423583984, 143.1712188720703, 23.34523582458496, 109.22454071044922, 57.723480224609375, 35.46829605102539, 130.249755859375, 42.95346450805664, 108.50345611572266, 60.8276252746582, 117.83463287353516, 162.49615478515625, 2.2360680103302, 25.0, 89.80534362792969, 157.80050659179688, 89.44271850585938, 43.8292121887207, 0.0, 84.72307586669922, 99.84988403320312, 143.67323303222656, 103.24727630615234, 115.36463928222656, 24.020824432373047, 105.47511291503906], [93.60021209716797, 126.28935241699219, 46.04345703125, 46.69047164916992, 153.4438018798828, 73.54590606689453, 79.20858764648438, 146.9319610595703, 110.49434661865234, 78.85429382324219, 147.8512725830078, 144.46107482910156, 60.14149856567383, 97.41663360595703, 57.723480224609375, 113.20777130126953, 62.169124603271484, 50.91168975830078, 115.24755859375, 119.8165283203125, 47.801673889160156, 55.145263671875, 69.83551788330078, 35.46829605102539, 72.00694274902344, 109.40292358398438, 84.59905242919922, 104.35037231445312, 57.28001403808594, 77.23341369628906, 142.8635711669922, 93.08598327636719, 84.72307586669922, 0.0, 61.741397857666016, 117.33712005615234, 31.016124725341797, 128.09762573242188, 76.40026092529297, 20.808652877807617], [35.510562896728516, 81.83519744873047, 82.87339782714844, 106.50821685791016, 92.76313781738281, 121.01652526855469, 83.00602722167969, 85.23497009277344, 129.98846435546875, 64.20280456542969, 116.0, 115.74540710449219, 68.06614685058594, 37.121421813964844, 12.0, 52.49761962890625, 86.97700500488281, 22.360679626464844, 95.2575454711914, 126.39620208740234, 94.04785919189453, 96.25486755371094, 9.433980941772461, 45.27692413330078, 18.027755737304688, 62.64982223510742, 101.11874389648438, 106.56922912597656, 10.049875259399414, 80.28075408935547, 111.8659896850586, 129.8653106689453, 99.84988403320312, 61.741397857666016, 0.0, 56.035701751708984, 91.0933609008789, 75.0, 106.6255111694336, 68.59300231933594], [27.073972702026367, 79.4040298461914, 129.55308532714844, 162.54229736328125, 47.12748718261719, 174.89710998535156, 124.23365020751953, 33.0, 172.52536010742188, 87.09764862060547, 120.8801040649414, 124.19742584228516, 114.73883056640625, 30.364452362060547, 63.65532302856445, 6.324555397033691, 136.4587860107422, 69.57010650634766, 117.0384521484375, 162.04937744140625, 142.97203063964844, 149.57606506347656, 47.50789260864258, 99.00505065917969, 47.12748718261719, 47.6340217590332, 145.4132080078125, 142.36923217773438, 63.03173828125, 109.65856170654297, 118.60016632080078, 180.01388549804688, 143.67323303222656, 117.33712005615234, 56.035701751708984, 0.0, 145.4991455078125, 59.03388977050781, 155.92626953125, 121.14866638183594], [120.35364532470703, 156.92355346679688, 39.31920623779297, 33.0151481628418, 183.60011291503906, 72.7804946899414, 102.62553405761719, 176.1732177734375, 124.27791595458984, 91.58602142333984, 176.45962524414062, 172.52536010742188, 85.0, 127.57743072509766, 88.28363037109375, 140.89002990722656, 79.93122100830078, 76.5375747680664, 142.3516845703125, 138.6001434326172, 30.805843353271484, 64.35060119628906, 98.4327163696289, 65.11528015136719, 98.83824920654297, 130.9083709716797, 102.53292083740234, 125.87692260742188, 87.66413116455078, 81.90848541259766, 171.40594482421875, 98.4327163696289, 103.24727630615234, 31.016124725341797, 91.0933609008789, 145.4991455078125, 0.0, 159.11317443847656, 88.48163604736328, 26.172504425048828], [73.55270385742188, 23.194826126098633, 157.49603271484375, 164.68453979492188, 43.382022857666016, 162.41305541992188, 95.7757797241211, 53.46026611328125, 139.31259155273438, 132.30645751953125, 63.50590515136719, 68.02940368652344, 95.77056121826172, 42.43819046020508, 72.56031799316406, 63.631752014160156, 117.99152374267578, 97.08243560791016, 70.26378631591797, 121.93850708007812, 167.72596740722656, 137.75340270996094, 73.00685119628906, 96.69022369384766, 81.00617218017578, 104.20172882080078, 117.51595306396484, 104.62313079833984, 73.82411193847656, 152.11837768554688, 62.07253646850586, 158.05062866210938, 115.36463928222656, 128.09762573242188, 75.0, 59.03388977050781, 159.11317443847656, 0.0, 134.61798095703125, 140.5133514404297], [141.548583984375, 119.8832778930664, 120.70211029052734, 64.81512451171875, 174.09193420410156, 34.058773040771484, 39.81205749511719, 175.72706604003906, 35.80502700805664, 151.01324462890625, 118.08895111083984, 111.54371643066406, 41.400482177734375, 126.82665252685547, 95.4620361328125, 154.5477294921875, 19.697715759277344, 111.3058853149414, 81.39410400390625, 53.712196350097656, 117.72000885009766, 24.20743751525879, 115.8792495727539, 62.585941314697266, 123.96773529052734, 168.40428161621094, 22.0, 48.3735466003418, 96.93296813964844, 153.0555419921875, 113.28282928466797, 24.20743751525879, 24.020824432373047, 76.40026092529297, 106.6255111694336, 155.92626953125, 88.48163604736328, 134.61798095703125, 0.0, 96.13532257080078], [95.34149169921875, 141.400146484375, 25.238859176635742, 54.7813835144043, 161.27615356445312, 89.05054473876953, 99.82484436035156, 152.61061096191406, 130.78225708007812, 66.64083099365234, 165.9186553955078, 162.9846649169922, 80.62257385253906, 105.68348693847656, 68.06614685058594, 116.24542999267578, 82.76472473144531, 51.62363815307617, 134.52508544921875, 140.6165008544922, 28.635643005371094, 73.75635528564453, 74.95331573486328, 54.08327102661133, 74.09453582763672, 104.7377700805664, 105.30906677246094, 125.09996032714844, 67.00746154785156, 60.29925537109375, 161.01242065429688, 111.15754699707031, 105.47511291503906, 20.808652877807617, 68.59300231933594, 121.14866638183594, 26.172504425048828, 140.5133514404297, 96.13532257080078, 0.0]], "coordinates": [[-26, 68], [-76, -6], [75, 50], [81, -22], [-98, 56], [64, -60], [-6, -45], [-86, 70], [9, -91], [32, 89], [-87, -46], [-81, -51], [5, -29], [-44, 41], [-7, 26], [-47, 72], [22, -44], [13, 48], [-50, -47], [-17, -88], [87, 41], [45, -43], [-12, 46], [16, -1], [-8, 56], [-16, 100], [8, -62], [-18, -68], [-6, 28], [55, 89], [-82, -45], [45, -81], [6, -61], [49, 12], [-7, 38], [-53, 70], [80, 11], [-79, 17], [30, -62], [61, 29]], "demands": [21.0, 4.0, 20.0, 6.0, 17.0, 39.0, 21.0, 11.0, 38.0, 29.0, 8.0, 26.0, 28.0, 23.0, 12.0, 38.0, 2.0, 31.0, 30.0, 33.0, -21.0, -4.0, -20.0, -6.0, -17.0, -39.0, -21.0, -11.0, -38.0, -29.0, -8.0, -26.0, -28.0, -23.0, -12.0, -38.0, -2.0, -31.0, -30.0, -33.0], "capacity": 50, "Vmax": 14}