{"name": "LZB_n20_17", "n": 20, "m": 6, "times": [[0.0, 28.160255432128906, 141.4849853515625, 131.32022094726562, 130.0, 151.822265625, 14.866068840026855, 128.41339111328125, 132.3215789794922, 55.578773498535156, 134.23858642578125, 139.51702880859375, 163.02760314941406, 144.2220458984375, 97.24710845947266, 13.892443656921387, 152.81687927246094, 175.3909912109375, 188.321533203125, 66.21932983398438, 187.98403930664062, 181.1215057373047, 124.0, 65.0, 37.80211639404297, 46.010868072509766, 63.348243713378906, 97.08243560791016, 11.704699516296387, 117.17081451416016, 150.88075256347656, 104.0, 96.17691802978516, 129.13946533203125, 85.4400405883789, 96.31718444824219, 143.42245483398438, 135.6797637939453, 185.16209411621094, 168.3240966796875], [28.160255432128906, 0.0, 131.2288055419922, 103.24727630615234, 109.60382843017578, 136.4734344482422, 22.803508758544922, 100.30453491210938, 107.81465911865234, 65.802734375, 118.10588836669922, 112.80071258544922, 136.0918731689453, 117.61377716064453, 79.12016296386719, 34.2344856262207, 125.64234924316406, 147.29901123046875, 166.81126403808594, 72.69112396240234, 159.87808227539062, 153.47312927246094, 97.32933807373047, 53.23532485961914, 22.360679626464844, 24.041629791259766, 35.35533905029297, 103.23758697509766, 31.14482307434082, 115.73245239257812, 134.46932983398438, 84.05355072021484, 77.46611785888672, 102.01960754394531, 70.29224395751953, 68.24954223632812, 116.6061782836914, 118.92855072021484, 157.00318908691406, 150.0], [141.4849853515625, 131.2288055419922, 0.0, 151.25144958496094, 57.775428771972656, 29.529645919799805, 148.83883666992188, 147.95945739746094, 193.0, 101.11874389648438, 32.649654388427734, 180.1138458251953, 124.86792755126953, 184.439697265625, 193.06216430664062, 155.05160522460938, 183.3712158203125, 160.1249542236328, 86.8158950805664, 89.0, 169.44615173339844, 195.14353942871094, 106.48004150390625, 78.23681640625, 152.20053100585938, 148.0709228515625, 121.16517639160156, 77.41446685791016, 152.3056182861328, 45.0444221496582, 35.22782897949219, 63.0079345703125, 62.801273345947266, 113.60017395019531, 62.2414665222168, 124.03628540039062, 181.59295654296875, 35.84689712524414, 174.00286865234375, 54.230987548828125], [131.32022094726562, 103.24727630615234, 151.25144958496094, 0.0, 96.04686737060547, 135.0, 122.26201629638672, 3.605551242828369, 51.107730865478516, 153.0555419921875, 120.50311279296875, 30.5941162109375, 58.728187561035156, 34.13209533691406, 83.18653869628906, 134.37261962890625, 32.280025482177734, 48.50773239135742, 124.81185913085938, 152.76124572753906, 60.074954986572266, 52.40229034423828, 46.010868072509766, 110.7519760131836, 101.27191162109375, 90.25519561767578, 69.35416412353516, 174.61386108398438, 131.73458862304688, 166.85922241210938, 129.03488159179688, 90.13877868652344, 94.15412902832031, 40.4474983215332, 105.19029998779297, 38.28837966918945, 31.064449310302734, 118.2708740234375, 55.226806640625, 130.23056030273438], [130.0, 109.60382843017578, 57.775428771972656, 96.04686737060547, 0.0, 39.11521530151367, 131.60926818847656, 93.00537872314453, 141.876708984375, 112.1115493774414, 25.298221588134766, 126.03570556640625, 68.24954223632812, 130.0, 151.64761352539062, 141.32586669921875, 127.56566619873047, 102.57679748535156, 58.52349853515625, 103.94710540771484, 112.32987213134766, 137.5681610107422, 50.15974426269531, 68.88395690917969, 125.73384857177734, 118.1397476196289, 85.6329345703125, 109.65856170654297, 138.19189453125, 87.45856475830078, 33.541019439697266, 26.0, 34.20526123046875, 56.718605041503906, 48.166378021240234, 75.61084747314453, 127.00393676757812, 22.56102752685547, 116.46887969970703, 41.86884307861328], [151.822265625, 136.4734344482422, 29.529645919799805, 135.0, 39.11521530151367, 0.0, 156.63014221191406, 132.01515197753906, 180.87841796875, 119.92080688476562, 18.601076126098633, 165.1090545654297, 100.31948852539062, 169.02662658691406, 188.16217041015625, 164.62380981445312, 166.24378967285156, 136.7040557861328, 57.384666442871094, 108.90821838378906, 144.99655151367188, 174.41616821289062, 89.005615234375, 86.83892822265625, 155.43809509277344, 149.4021453857422, 118.84864044189453, 103.17460632324219, 161.64466857910156, 72.7804946899414, 6.7082037925720215, 55.94640350341797, 60.0, 95.18928527832031, 66.70832061767578, 113.75851440429688, 166.01205444335938, 18.788293838500977, 150.4160919189453, 25.0], [14.866068840026855, 22.803508758544922, 148.83883666992188, 122.26201629638672, 131.60926818847656, 156.63014221191406, 0.0, 119.57006072998047, 119.33147430419922, 69.065185546875, 138.53880310058594, 128.015625, 158.3824462890625, 132.59336853027344, 82.68010711669922, 12.165525436401367, 141.7674102783203, 167.87197875976562, 189.2141571044922, 78.91767883300781, 180.34689331054688, 170.6985626220703, 119.8207015991211, 70.83784484863281, 24.083189010620117, 33.61547088623047, 57.00876998901367, 110.02726745605469, 9.486832618713379, 127.94529724121094, 155.08062744140625, 105.81587982177734, 98.73702239990234, 124.25779724121094, 89.9388656616211, 89.27485656738281, 132.0037841796875, 139.62808227539062, 176.91241455078125, 171.40594482421875], [128.41339111328125, 100.30453491210938, 147.95945739746094, 3.605551242828369, 93.00537872314453, 132.01515197753906, 119.57006072998047, 0.0, 52.77309799194336, 149.57606506347656, 117.34564208984375, 33.241539001464844, 58.0, 37.013511657714844, 82.85529327392578, 131.70042419433594, 35.735137939453125, 50.15974426269531, 122.9837417602539, 149.21461486816406, 62.0, 55.90169906616211, 43.104522705078125, 107.1680908203125, 98.85848236083984, 87.82368469238281, 66.18912506103516, 171.01168823242188, 129.031005859375, 163.29421997070312, 126.09916687011719, 86.68333435058594, 90.62008666992188, 37.85498809814453, 101.59724426269531, 34.828147888183594, 34.0, 115.15641784667969, 57.55866622924805, 127.67536926269531], [132.3215789794922, 107.81465911865234, 193.0, 51.107730865478516, 141.876708984375, 180.87841796875, 119.33147430419922, 52.77309799194336, 0.0, 170.13523864746094, 164.68453979492188, 24.413110733032227, 109.20164489746094, 25.079872131347656, 48.3735466003418, 130.0, 37.336307525634766, 89.87213134765625, 175.75550842285156, 173.5396270751953, 98.0051040649414, 65.6201171875, 93.96276092529297, 136.62356567382812, 95.2680435180664, 86.31338500976562, 84.5813217163086, 200.38462829589844, 128.2263641357422, 200.1249542236328, 175.41380310058594, 130.00384521484375, 131.38111877441406, 89.8888168334961, 138.27870178222656, 69.065185546875, 27.294687271118164, 162.99693298339844, 89.89994812011719, 179.1200714111328], [55.578773498535156, 65.802734375, 101.11874389648438, 153.0555419921875, 112.1115493774414, 119.92080688476562, 69.065185546875, 149.57606506347656, 170.13523864746094, 0.0, 105.72132873535156, 170.41712951660156, 165.49623107910156, 175.41094970703125, 144.92066955566406, 68.65857696533203, 181.10769653320312, 188.16217041015625, 168.4280242919922, 12.727922439575195, 200.57168579101562, 205.45559692382812, 128.3783416748047, 46.81879806518555, 86.31338500976562, 89.84430694580078, 86.83317565917969, 41.761226654052734, 67.08203887939453, 66.60330200195312, 121.27654266357422, 89.26925659179688, 80.23091888427734, 135.50645446777344, 64.62971496582031, 114.76933288574219, 173.76133728027344, 108.34204864501953, 200.33970642089844, 141.5980224609375], [134.23858642578125, 118.10588836669922, 32.649654388427734, 120.50311279296875, 25.298221588134766, 18.601076126098633, 138.53880310058594, 117.34564208984375, 164.68453979492188, 105.72132873535156, 0.0, 150.08331298828125, 92.35800170898438, 154.20765686035156, 170.09703063964844, 146.82302856445312, 152.31874084472656, 127.4754867553711, 64.38167572021484, 95.52486419677734, 136.8575897216797, 162.86497497558594, 74.96665954589844, 69.46221923828125, 136.88316345214844, 130.80137634277344, 100.34440612792969, 94.3663101196289, 143.80889892578125, 67.5351791381836, 16.6433162689209, 37.57658767700195, 41.400482177734375, 81.78630828857422, 48.82622146606445, 96.69022369384766, 151.26797485351562, 3.605551242828369, 141.3541717529297, 35.902645111083984], [139.51702880859375, 112.80071258544922, 180.1138458251953, 30.5941162109375, 126.03570556640625, 165.1090545654297, 128.015625, 33.241539001464844, 24.413110733032227, 170.41712951660156, 150.08331298828125, 0.0, 86.28441619873047, 5.0, 68.4689712524414, 139.5421142578125, 15.033296585083008, 65.45991516113281, 154.6932373046875, 172.0465087890625, 73.79024505615234, 45.27692413330078, 76.32168579101562, 132.09844970703125, 104.65180206298828, 94.41397857666016, 83.63013458251953, 196.59603881835938, 137.3535614013672, 192.31744384765625, 159.2545166015625, 117.88553619384766, 120.7849349975586, 71.02112579345703, 130.03460693359375, 59.61543273925781, 4.123105525970459, 148.01351928710938, 65.92420196533203, 160.82289123535156], [163.02760314941406, 136.0918731689453, 124.86792755126953, 58.728187561035156, 68.24954223632812, 100.31948852539062, 158.3824462890625, 58.0, 109.20164489746094, 165.49623107910156, 92.35800170898438, 86.28441619873047, 0.0, 88.1929702758789, 139.84634399414062, 170.23806762695312, 80.23091888427734, 36.878177642822266, 71.19690704345703, 160.63934326171875, 44.72135925292969, 78.00640869140625, 39.11521530151367, 118.68024444580078, 142.57980346679688, 132.0037841796875, 101.49384307861328, 173.35801696777344, 167.19151306152344, 154.87091064453125, 93.62158203125, 79.61155700683594, 87.8179931640625, 34.13209533691406, 103.353759765625, 71.30918884277344, 85.08818817138672, 89.04492950439453, 50.28916549682617, 86.4927749633789], [144.2220458984375, 117.61377716064453, 184.439697265625, 34.13209533691406, 130.0, 169.02662658691406, 132.59336853027344, 37.013511657714844, 25.079872131347656, 175.41094970703125, 154.20765686035156, 5.0, 88.1929702758789, 0.0, 71.11258697509766, 144.05902099609375, 12.369317054748535, 65.4369888305664, 157.30543518066406, 177.04519653320312, 73.06161499023438, 42.01190185546875, 80.09993743896484, 137.05838012695312, 109.12836456298828, 98.97979736328125, 88.61715698242188, 201.5564422607422, 141.90489196777344, 197.10150146484375, 163.1103973388672, 122.37646484375, 125.41929626464844, 74.5452880859375, 134.83323669433594, 64.47480010986328, 3.1622776985168457, 152.08221435546875, 64.8459701538086, 164.23458862304688], [97.24710845947266, 79.12016296386719, 193.06216430664062, 83.18653869628906, 151.64761352539062, 188.16217041015625, 82.68010711669922, 82.85529327392578, 48.3735466003418, 144.92066955566406, 170.09703063964844, 68.4689712524414, 139.84634399414062, 71.11258697509766, 0.0, 91.21403503417969, 83.2946548461914, 130.03460693359375, 197.30686950683594, 151.41995239257812, 140.132080078125, 113.0398178100586, 112.60994720458984, 123.03658294677734, 59.93329620361328, 55.081756591796875, 72.18032836914062, 181.3339385986328, 90.21086120605469, 189.0238037109375, 183.89671325683594, 132.6084442138672, 130.64837646484375, 111.73181915283203, 132.01893615722656, 77.42092895507812, 72.3394775390625, 169.3871307373047, 133.154052734375, 192.769287109375], [13.892443656921387, 34.2344856262207, 155.05160522460938, 134.37261962890625, 141.32586669921875, 164.62380981445312, 12.165525436401367, 131.70042419433594, 130.0, 68.65857696533203, 146.82302856445312, 139.5421142578125, 170.23806762695312, 144.05902099609375, 91.21403503417969, 0.0, 153.44705200195312, 180.03610229492188, 199.3238525390625, 79.69943237304688, 192.51234436035156, 182.54315185546875, 131.54847717285156, 77.98717498779297, 34.98571014404297, 45.18849563598633, 69.00724792480469, 110.35397338867188, 3.1622776985168457, 131.0343475341797, 163.44418334960938, 115.38197326660156, 107.91200256347656, 136.13229370117188, 98.0051040649414, 101.40019989013672, 143.558349609375, 148.12156677246094, 189.06613159179688, 180.42172241210938], [152.81687927246094, 125.64234924316406, 183.3712158203125, 32.280025482177734, 127.56566619873047, 166.24378967285156, 141.7674102783203, 35.735137939453125, 37.336307525634766, 181.10769653320312, 152.31874084472656, 15.033296585083008, 80.23091888427734, 12.369317054748535, 83.2946548461914, 153.44705200195312, 0.0, 54.451812744140625, 150.57223510742188, 181.95054626464844, 61.29437255859375, 30.265491485595703, 77.41446685791016, 140.91131591796875, 118.70130920410156, 108.25894927978516, 94.84724426269531, 205.25106811523438, 151.1687774658203, 198.8064422607422, 160.11245727539062, 122.4132308959961, 126.28935241699219, 71.0633544921875, 136.85394287109375, 67.67569732666016, 11.0, 149.96665954589844, 52.839378356933594, 159.7059783935547], [175.3909912109375, 147.29901123046875, 160.1249542236328, 48.50773239135742, 102.57679748535156, 136.7040557861328, 167.87197875976562, 50.15974426269531, 89.87213134765625, 188.16217041015625, 127.4754867553711, 65.45991516113281, 36.878177642822266, 65.4369888305664, 130.03460693359375, 180.03610229492188, 54.451812744140625, 0.0, 106.11785888671875, 185.27008056640625, 12.649110794067383, 42.95346450805664, 61.073726654052734, 142.28492736816406, 148.2733917236328, 137.23338317871094, 112.05802154541016, 201.88363647460938, 177.22584533691406, 186.80738830566406, 130.03460693359375, 108.93116760253906, 116.0, 53.413482666015625, 130.4837188720703, 79.07591247558594, 62.801273345947266, 124.32618713378906, 13.892443656921387, 123.35720825195312], [188.321533203125, 166.81126403808594, 86.8158950805664, 124.81185913085938, 58.52349853515625, 57.384666442871094, 189.2141571044922, 122.9837417602539, 175.75550842285156, 168.4280242919922, 64.38167572021484, 154.6932373046875, 71.19690704345703, 157.30543518066406, 197.30686950683594, 199.3238525390625, 150.57223510742188, 106.11785888671875, 0.0, 159.02830505371094, 110.22250366210938, 148.6606903076172, 84.81155395507812, 127.12198638916016, 181.1573944091797, 172.5340576171875, 139.26951599121094, 158.49290466308594, 196.1733856201172, 129.6919403076172, 52.49761962890625, 84.43340301513672, 92.72000885009766, 86.8216552734375, 106.09900665283203, 120.28299713134766, 154.1460418701172, 61.20457458496094, 118.0169448852539, 32.649654388427734], [66.21932983398438, 72.69112396240234, 89.0, 152.76124572753906, 103.94710540771484, 108.90821838378906, 78.91767883300781, 149.21461486816406, 173.5396270751953, 12.727922439575195, 95.52486419677734, 172.0465087890625, 160.63934326171875, 177.04519653320312, 151.41995239257812, 79.69943237304688, 181.95054626464844, 185.27008056640625, 159.02830505371094, 0.0, 197.49684143066406, 205.06097412109375, 124.6795883178711, 43.011627197265625, 94.19129180908203, 96.50906372070312, 89.1852035522461, 31.14482307434082, 77.88452911376953, 53.90732955932617, 110.64356994628906, 82.56512451171875, 73.68174743652344, 132.0757293701172, 57.87054443359375, 114.69088745117188, 175.20559692382812, 98.32598876953125, 197.85348510742188, 131.240234375], [187.98403930664062, 159.87808227539062, 169.44615173339844, 60.074954986572266, 112.32987213134766, 144.99655151367188, 180.34689331054688, 62.0, 98.0051040649414, 200.57168579101562, 136.8575897216797, 73.79024505615234, 44.72135925292969, 73.06161499023438, 140.132080078125, 192.51234436035156, 61.29437255859375, 12.649110794067383, 110.22250366210938, 197.49684143066406, 0.0, 43.416587829589844, 73.00685119628906, 154.5477294921875, 160.52725219726562, 149.48243713378906, 124.66354370117188, 213.57200622558594, 189.7182159423828, 197.648681640625, 138.2931671142578, 120.24142456054688, 127.56175231933594, 65.45991516113281, 142.27438354492188, 91.67878723144531, 70.71067810058594, 133.6001434326172, 9.433980941772461, 130.08074951171875], [181.1215057373047, 153.47312927246094, 195.14353942871094, 52.40229034423828, 137.5681610107422, 174.41616821289062, 170.6985626220703, 55.90169906616211, 65.6201171875, 205.45559692382812, 162.86497497558594, 45.27692413330078, 78.00640869140625, 42.01190185546875, 113.0398178100586, 182.54315185546875, 30.265491485595703, 42.95346450805664, 148.6606903076172, 205.06097412109375, 43.416587829589844, 0.0, 89.47066497802734, 162.7882080078125, 148.060791015625, 137.4190673828125, 120.92973327636719, 226.1415557861328, 180.15548706054688, 216.0925750732422, 167.9047393798828, 137.82960510253906, 143.2096405029297, 81.93900299072266, 155.65667724609375, 90.68627166748047, 41.19466018676758, 160.05624389648438, 34.0, 163.68873596191406], [124.0, 97.32933807373047, 106.48004150390625, 46.010868072509766, 50.15974426269531, 89.005615234375, 119.8207015991211, 43.104522705078125, 93.96276092529297, 128.3783416748047, 74.96665954589844, 76.32168579101562, 39.11521530151367, 80.09993743896484, 112.60994720458984, 131.54847717285156, 77.41446685791016, 61.073726654052734, 84.81155395507812, 124.6795883178711, 73.00685119628906, 89.47066497802734, 0.0, 81.88406372070312, 105.36128234863281, 95.18928527832031, 63.348243713378906, 140.8580780029297, 128.47178649902344, 127.31456756591797, 83.02409362792969, 48.82622146606445, 55.226806640625, 7.8102498054504395, 69.42621612548828, 36.619667053222656, 77.05841827392578, 72.56031799316406, 74.2765121459961, 85.16454315185547], [65.0, 53.23532485961914, 78.23681640625, 110.7519760131836, 68.88395690917969, 86.83892822265625, 70.83784484863281, 107.1680908203125, 136.62356567382812, 46.81879806518555, 69.46221923828125, 132.09844970703125, 118.68024444580078, 137.05838012695312, 123.03658294677734, 77.98717498779297, 140.91131591796875, 142.28492736816406, 127.12198638916016, 43.011627197265625, 154.5477294921875, 162.7882080078125, 81.88406372070312, 0.0, 74.84651184082031, 72.2772445678711, 52.95280838012695, 64.49806213378906, 75.07329559326172, 66.0, 86.09297180175781, 44.0113639831543, 35.05709457397461, 89.1852035522461, 21.189620971679688, 73.23933410644531, 134.97036743164062, 71.11962127685547, 154.84185791015625, 104.27847290039062], [37.80211639404297, 22.360679626464844, 152.20053100585938, 101.27191162109375, 125.73384857177734, 155.43809509277344, 24.083189010620117, 98.85848236083984, 95.2680435180664, 86.31338500976562, 136.88316345214844, 104.65180206298828, 142.57980346679688, 109.12836456298828, 59.93329620361328, 34.98571014404297, 118.70130920410156, 148.2733917236328, 181.1573944091797, 94.19129180908203, 160.52725219726562, 148.060791015625, 105.36128234863281, 74.84651184082031, 0.0, 11.045360565185547, 42.54409408569336, 125.03599548339844, 33.0151481628418, 138.07968139648438, 152.89866638183594, 101.13851928710938, 95.58765411376953, 108.68302154541016, 90.42676544189453, 71.56814575195312, 108.6876220703125, 137.36083984375, 156.41610717773438, 167.09278869628906], [46.010868072509766, 24.041629791259766, 148.0709228515625, 90.25519561767578, 118.1397476196289, 149.4021453857422, 33.61547088623047, 87.82368469238281, 86.31338500976562, 89.84430694580078, 130.80137634277344, 94.41397857666016, 132.0037841796875, 98.97979736328125, 55.081756591796875, 45.18849563598633, 108.25894927978516, 137.23338317871094, 172.5340576171875, 96.50906372070312, 149.48243713378906, 137.4190673828125, 95.18928527832031, 72.2772445678711, 11.045360565185547, 0.0, 33.2866325378418, 126.775390625, 42.94182205200195, 137.18600463867188, 146.49232482910156, 94.2602767944336, 89.40357971191406, 98.23441314697266, 85.86617279052734, 60.8276252746582, 98.41239929199219, 131.0343475341797, 145.3822479248047, 159.80613708496094], [63.348243713378906, 35.35533905029297, 121.16517639160156, 69.35416412353516, 85.6329345703125, 118.84864044189453, 57.00876998901367, 66.18912506103516, 84.5813217163086, 86.83317565917969, 100.34440612792969, 83.63013458251953, 101.49384307861328, 88.61715698242188, 72.18032836914062, 69.00724792480469, 94.84724426269531, 112.05802154541016, 139.26951599121094, 89.1852035522461, 124.66354370117188, 120.92973327636719, 63.348243713378906, 52.95280838012695, 42.54409408569336, 33.2866325378418, 0.0, 115.8792495727539, 66.0302963256836, 118.4229736328125, 115.37763977050781, 62.96824645996094, 59.50630187988281, 67.36467742919922, 59.84145736694336, 32.98484420776367, 87.04596710205078, 100.16985321044922, 122.06555938720703, 127.4754867553711], [97.08243560791016, 103.23758697509766, 77.41446685791016, 174.61386108398438, 109.65856170654297, 103.17460632324219, 110.02726745605469, 171.01168823242188, 200.38462829589844, 41.761226654052734, 94.3663101196289, 196.59603881835938, 173.35801696777344, 201.5564422607422, 181.3339385986328, 110.35397338867188, 205.25106811523438, 201.88363647460938, 158.49290466308594, 31.14482307434082, 213.57200622558594, 226.1415557861328, 140.8580780029297, 64.49806213378906, 125.03599548339844, 126.775390625, 115.8792495727539, 0.0, 108.68302154541016, 33.52610778808594, 106.67708587646484, 93.81364440917969, 86.05230712890625, 148.60012817382812, 71.44927978515625, 137.59359741210938, 199.46177673339844, 97.74456787109375, 215.12786865234375, 127.66361999511719], [11.704699516296387, 31.14482307434082, 152.3056182861328, 131.73458862304688, 138.19189453125, 161.64466857910156, 9.486832618713379, 129.031005859375, 128.2263641357422, 67.08203887939453, 143.80889892578125, 137.3535614013672, 167.19151306152344, 141.90489196777344, 90.21086120605469, 3.1622776985168457, 151.1687774658203, 177.22584533691406, 196.1733856201172, 77.88452911376953, 189.7182159423828, 180.15548706054688, 128.47178649902344, 75.07329559326172, 33.0151481628418, 42.94182205200195, 66.0302963256836, 108.68302154541016, 0.0, 128.8099365234375, 160.4244384765625, 112.2541732788086, 104.8093490600586, 133.0939483642578, 95.0, 98.50888061523438, 141.3541717529297, 145.086181640625, 186.34376525878906, 177.3414764404297], [117.17081451416016, 115.73245239257812, 45.0444221496582, 166.85922241210938, 87.45856475830078, 72.7804946899414, 127.94529724121094, 163.29421997070312, 200.1249542236328, 66.60330200195312, 67.5351791381836, 192.31744384765625, 154.87091064453125, 197.10150146484375, 189.0238037109375, 131.0343475341797, 198.8064422607422, 186.80738830566406, 129.6919403076172, 53.90732955932617, 197.648681640625, 216.0925750732422, 127.31456756591797, 66.0, 138.07968139648438, 137.18600463867188, 118.4229736328125, 33.52610778808594, 128.8099365234375, 0.0, 77.20103454589844, 78.49203491210938, 72.94518280029297, 135.09255981445312, 62.297672271728516, 132.81565856933594, 194.6407012939453, 71.11962127685547, 200.529296875, 97.74456787109375], [150.88075256347656, 134.46932983398438, 35.22782897949219, 129.03488159179688, 33.541019439697266, 6.7082037925720215, 155.08062744140625, 126.09916687011719, 175.41380310058594, 121.27654266357422, 16.6433162689209, 159.2545166015625, 93.62158203125, 163.1103973388672, 183.89671325683594, 163.44418334960938, 160.11245727539062, 130.03460693359375, 52.49761962890625, 110.64356994628906, 138.2931671142578, 167.9047393798828, 83.02409362792969, 86.09297180175781, 152.89866638183594, 146.49232482910156, 115.37763977050781, 106.67708587646484, 160.4244384765625, 77.20103454589844, 0.0, 52.430908203125, 57.314918518066406, 89.05054473876953, 65.45991516113281, 108.811767578125, 160.07810974121094, 15.55634880065918, 143.73587036132812, 21.02379608154297], [104.0, 84.05355072021484, 63.0079345703125, 90.13877868652344, 26.0, 55.94640350341797, 105.81587982177734, 86.68333435058594, 130.00384521484375, 89.26925659179688, 37.57658767700195, 117.88553619384766, 79.61155700683594, 122.37646484375, 132.6084442138672, 115.38197326660156, 122.4132308959961, 108.93116760253906, 84.43340301513672, 82.56512451171875, 120.24142456054688, 137.82960510253906, 48.82622146606445, 44.0113639831543, 101.13851928710938, 94.2602767944336, 62.96824645996094, 93.81364440917969, 112.2541732788086, 78.49203491210938, 52.430908203125, 0.0, 9.05538558959961, 56.61272048950195, 24.73863410949707, 61.032779693603516, 119.64112854003906, 37.2155876159668, 122.4948959350586, 66.06814575195312], [96.17691802978516, 77.46611785888672, 62.801273345947266, 94.15412902832031, 34.20526123046875, 60.0, 98.73702239990234, 90.62008666992188, 131.38111877441406, 80.23091888427734, 41.400482177734375, 120.7849349975586, 87.8179931640625, 125.41929626464844, 130.64837646484375, 107.91200256347656, 126.28935241699219, 116.0, 92.72000885009766, 73.68174743652344, 127.56175231933594, 143.2096405029297, 55.226806640625, 35.05709457397461, 95.58765411376953, 89.40357971191406, 59.50630187988281, 86.05230712890625, 104.8093490600586, 72.94518280029297, 57.314918518066406, 9.05538558959961, 0.0, 63.03173828125, 15.81138801574707, 62.3939094543457, 122.80065155029297, 41.773197174072266, 129.4024658203125, 72.67048645019531], [129.13946533203125, 102.01960754394531, 113.60017395019531, 40.4474983215332, 56.718605041503906, 95.18928527832031, 124.25779724121094, 37.85498809814453, 89.8888168334961, 135.50645446777344, 81.78630828857422, 71.02112579345703, 34.13209533691406, 74.5452880859375, 111.73181915283203, 136.13229370117188, 71.0633544921875, 53.413482666015625, 86.8216552734375, 132.0757293701172, 65.45991516113281, 81.93900299072266, 7.8102498054504395, 89.1852035522461, 108.68302154541016, 98.23441314697266, 67.36467742919922, 148.60012817382812, 133.0939483642578, 135.09255981445312, 89.05054473876953, 56.61272048950195, 63.03173828125, 0.0, 77.15568542480469, 38.07886505126953, 71.44927978515625, 79.24645233154297, 66.52819061279297, 89.8220443725586], [85.4400405883789, 70.29224395751953, 62.2414665222168, 105.19029998779297, 48.166378021240234, 66.70832061767578, 89.9388656616211, 101.59724426269531, 138.27870178222656, 64.62971496582031, 48.82622146606445, 130.03460693359375, 103.353759765625, 134.83323669433594, 132.01893615722656, 98.0051040649414, 136.85394287109375, 130.4837188720703, 106.09900665283203, 57.87054443359375, 142.27438354492188, 155.65667724609375, 69.42621612548828, 21.189620971679688, 90.42676544189453, 85.86617279052734, 59.84145736694336, 71.44927978515625, 95.0, 62.297672271728516, 65.45991516113281, 24.73863410949707, 15.81138801574707, 77.15568542480469, 0.0, 70.51950073242188, 132.40090942382812, 50.2493782043457, 143.68368530273438, 83.19255065917969], [96.31718444824219, 68.24954223632812, 124.03628540039062, 38.28837966918945, 75.61084747314453, 113.75851440429688, 89.27485656738281, 34.828147888183594, 69.065185546875, 114.76933288574219, 96.69022369384766, 59.61543273925781, 71.30918884277344, 64.47480010986328, 77.42092895507812, 101.40019989013672, 67.67569732666016, 79.07591247558594, 120.28299713134766, 114.69088745117188, 91.67878723144531, 90.68627166748047, 36.619667053222656, 73.23933410644531, 71.56814575195312, 60.8276252746582, 32.98484420776367, 137.59359741210938, 98.50888061523438, 132.81565856933594, 108.811767578125, 61.032779693603516, 62.3939094543457, 38.07886505126953, 70.51950073242188, 0.0, 62.169124603271484, 95.34149169921875, 89.1964111328125, 115.83609008789062], [143.42245483398438, 116.6061782836914, 181.59295654296875, 31.064449310302734, 127.00393676757812, 166.01205444335938, 132.0037841796875, 34.0, 27.294687271118164, 173.76133728027344, 151.26797485351562, 4.123105525970459, 85.08818817138672, 3.1622776985168457, 72.3394775390625, 143.558349609375, 11.0, 62.801273345947266, 154.1460418701172, 175.20559692382812, 70.71067810058594, 41.19466018676758, 77.05841827392578, 134.97036743164062, 108.6876220703125, 98.41239929199219, 87.04596710205078, 199.46177673339844, 141.3541717529297, 194.6407012939453, 160.07810974121094, 119.64112854003906, 122.80065155029297, 71.44927978515625, 132.40090942382812, 62.169124603271484, 0.0, 149.12075805664062, 62.64982223510742, 161.11175537109375], [135.6797637939453, 118.92855072021484, 35.84689712524414, 118.2708740234375, 22.56102752685547, 18.788293838500977, 139.62808227539062, 115.15641784667969, 162.99693298339844, 108.34204864501953, 3.605551242828369, 148.01351928710938, 89.04492950439453, 152.08221435546875, 169.3871307373047, 148.12156677246094, 149.96665954589844, 124.32618713378906, 61.20457458496094, 98.32598876953125, 133.6001434326172, 160.05624389648438, 72.56031799316406, 71.11962127685547, 137.36083984375, 131.0343475341797, 100.16985321044922, 97.74456787109375, 145.086181640625, 71.11962127685547, 15.55634880065918, 37.2155876159668, 41.773197174072266, 79.24645233154297, 50.2493782043457, 95.34149169921875, 149.12075805664062, 0.0, 138.1955108642578, 33.52610778808594], [185.16209411621094, 157.00318908691406, 174.00286865234375, 55.226806640625, 116.46887969970703, 150.4160919189453, 176.91241455078125, 57.55866622924805, 89.89994812011719, 200.33970642089844, 141.3541717529297, 65.92420196533203, 50.28916549682617, 64.8459701538086, 133.154052734375, 189.06613159179688, 52.839378356933594, 13.892443656921387, 118.0169448852539, 197.85348510742188, 9.433980941772461, 34.0, 74.2765121459961, 154.84185791015625, 156.41610717773438, 145.3822479248047, 122.06555938720703, 215.12786865234375, 186.34376525878906, 200.529296875, 143.73587036132812, 122.4948959350586, 129.4024658203125, 66.52819061279297, 143.68368530273438, 89.1964111328125, 62.64982223510742, 138.1955108642578, 0.0, 136.56500244140625], [168.3240966796875, 150.0, 54.230987548828125, 130.23056030273438, 41.86884307861328, 25.0, 171.40594482421875, 127.67536926269531, 179.1200714111328, 141.5980224609375, 35.902645111083984, 160.82289123535156, 86.4927749633789, 164.23458862304688, 192.769287109375, 180.42172241210938, 159.7059783935547, 123.35720825195312, 32.649654388427734, 131.240234375, 130.08074951171875, 163.68873596191406, 85.16454315185547, 104.27847290039062, 167.09278869628906, 159.80613708496094, 127.4754867553711, 127.66361999511719, 177.3414764404297, 97.74456787109375, 21.02379608154297, 66.06814575195312, 72.67048645019531, 89.8220443725586, 83.19255065917969, 115.83609008789062, 161.11175537109375, 33.52610778808594, 136.56500244140625, 0.0]], "coordinates": [[91, 10], [64, 18], [-6, -93], [-32, 56], [-29, -40], [-32, -79], [86, 24], [-30, 53], [-6, 100], [83, -45], [-21, -64], [-26, 86], [-72, 13], [-29, 90], [42, 94], [98, 22], [-41, 87], [-80, 49], [-85, -57], [74, -54], [-92, 53], [-71, 91], [-33, 10], [39, -29], [68, 40], [57, 41], [29, 23], [71, -85], [95, 21], [39, -95], [-35, -73], [-5, -30], [4, -31], [-38, 16], [19, -36], [-3, 31], [-30, 87], [-24, -62], [-87, 61], [-56, -72]], "demands": [34.0, 7.0, 10.0, 2.0, 30.0, 30.0, 35.0, 1.0, 9.0, 16.0, 35.0, 8.0, 22.0, 15.0, 11.0, 30.0, 10.0, 5.0, 28.0, 37.0, -34.0, -7.0, -10.0, -2.0, -30.0, -30.0, -35.0, -1.0, -9.0, -16.0, -35.0, -8.0, -22.0, -15.0, -11.0, -30.0, -10.0, -5.0, -28.0, -37.0], "capacity": 50, "Vmax": 14}