{"name": "LZB_n60_12", "n": 60, "m": 8, "times": [[0.0, 91.8125, 97.9375, 83.375, 68.125, 52.78125, 74.25, 41.78125, 59.40625, 106.125, 73.125, 93.0625, 85.5, 53.0625, 108.25, 25.171875, 16.96875, 13.0390625, 53.0, 39.0, 51.40625, 97.5, 3.162109375, 25.171875, 69.25, 81.375, 82.75, 92.1875, 86.0625, 83.1875, 116.5, 35.46875, 48.25, 64.0625, 89.5625, 41.59375, 99.4375, 54.75, 70.0625, 85.5625, 55.0, 88.4375, 77.0, 128.75, 74.125, 42.53125, 116.25, 83.625, 69.375, 95.0, 88.0, 128.75, 67.0, 68.0, 102.0, 87.125, 100.25, 67.0625, 32.28125, 87.9375, 115.6875], [91.8125, 0.0, 13.15625, 91.1875, 33.0625, 122.5625, 159.875, 133.0, 97.125, 127.0625, 143.0, 56.3125, 120.625, 113.5625, 29.15625, 112.3125, 89.8125, 98.6875, 87.875, 62.8125, 65.0, 69.625, 94.875, 74.25, 134.25, 21.03125, 135.25, 105.0625, 21.375, 138.75, 27.296875, 104.8125, 53.53125, 75.3125, 117.4375, 56.09375, 189.0, 135.0, 129.0, 60.53125, 78.1875, 167.5, 148.0, 44.65625, 24.359375, 98.875, 24.765625, 116.6875, 84.5, 98.125, 113.625, 172.25, 51.0, 158.75, 13.15625, 5.0, 48.75, 48.0625, 88.0625, 76.3125, 203.625], [97.9375, 13.15625, 0.0, 85.375, 32.90625, 132.625, 168.375, 138.125, 108.8125, 140.0, 153.375, 69.375, 116.625, 113.5625, 16.03125, 116.625, 97.9375, 106.0625, 99.3125, 72.5625, 64.3125, 82.6875, 100.875, 82.8125, 144.875, 34.0, 133.0, 118.0, 34.53125, 150.25, 18.59375, 114.25, 63.96875, 72.0, 112.625, 65.5, 192.75, 144.0, 128.0, 73.6875, 76.4375, 168.625, 158.375, 33.09375, 36.5, 99.4375, 20.390625, 112.625, 97.0, 111.25, 108.6875, 167.5, 63.5, 163.5, 21.21875, 17.03125, 61.3125, 45.09375, 89.875, 89.4375, 211.75], [83.375, 91.1875, 85.375, 0.0, 60.53125, 136.125, 151.875, 102.8125, 134.125, 179.375, 156.5, 133.25, 33.96875, 52.15625, 82.125, 81.8125, 97.0625, 96.4375, 124.875, 95.375, 38.59375, 144.25, 84.125, 92.125, 152.5, 99.875, 55.46875, 160.5, 104.125, 165.5, 98.4375, 117.875, 96.0, 21.953125, 28.015625, 90.4375, 140.125, 137.0, 56.84375, 131.5, 28.859375, 103.5625, 160.25, 97.5, 95.1875, 47.8125, 104.25, 30.078125, 135.0, 158.875, 24.015625, 82.5, 111.875, 119.875, 104.0625, 89.9375, 132.0, 44.40625, 52.0, 142.625, 187.25], [68.125, 33.0625, 32.90625, 60.53125, 0.0, 109.75, 141.25, 106.6875, 93.0, 132.25, 131.25, 74.4375, 88.0625, 81.0625, 40.375, 84.625, 71.5625, 77.9375, 83.0, 52.25, 32.0625, 86.375, 70.8125, 58.1875, 123.9375, 39.40625, 102.25, 111.125, 43.5625, 132.25, 51.0, 90.5, 47.15625, 42.71875, 85.4375, 45.09375, 160.25, 118.5, 96.125, 74.3125, 45.09375, 135.875, 136.0, 60.875, 35.34375, 66.6875, 53.15625, 84.1875, 86.6875, 107.0, 81.6875, 139.875, 56.875, 131.5, 46.1875, 30.59375, 71.8125, 16.125, 57.0, 87.6875, 183.625], [52.78125, 122.5625, 132.625, 136.125, 109.75, 0.0, 43.65625, 60.59375, 35.75, 68.6875, 21.59375, 96.75, 136.5, 101.5, 146.25, 64.6875, 40.125, 39.8125, 39.96875, 60.03125, 102.0625, 93.75, 52.40625, 51.53125, 16.5, 105.125, 129.625, 65.0625, 108.375, 31.90625, 149.75, 19.421875, 69.0625, 116.125, 141.375, 67.125, 108.1875, 18.109375, 116.3125, 86.8125, 107.4375, 117.625, 26.25, 165.625, 99.1875, 93.9375, 146.875, 135.125, 55.375, 73.125, 140.125, 174.75, 77.875, 78.5625, 128.75, 117.625, 108.4375, 113.9375, 84.9375, 79.375, 86.4375], [74.25, 159.875, 168.375, 151.875, 141.25, 43.65625, 0.0, 52.46875, 79.375, 105.5, 36.5, 140.0, 142.25, 106.0625, 180.375, 70.375, 70.4375, 63.28125, 83.1875, 97.625, 125.0, 137.375, 72.0625, 85.6875, 45.0, 144.5, 128.625, 106.6875, 148.25, 59.21875, 186.5, 56.40625, 107.625, 135.625, 149.0, 103.9375, 76.0, 26.421875, 115.75, 130.125, 125.875, 99.5625, 34.46875, 200.625, 138.0, 104.5625, 184.625, 142.125, 99.0, 115.5625, 149.0, 169.25, 119.5625, 54.40625, 167.625, 154.875, 151.375, 141.375, 100.6875, 123.0625, 44.03125], [41.78125, 133.0, 138.125, 102.8125, 106.6875, 60.59375, 52.46875, 0.0, 86.0, 128.0, 72.1875, 132.5, 90.0, 54.09375, 147.0, 22.796875, 51.09375, 40.0625, 83.5625, 79.4375, 82.625, 135.0, 38.625, 65.125, 74.25, 123.125, 76.375, 119.875, 127.8125, 91.25, 156.75, 55.03125, 89.25, 89.5, 97.0625, 83.0, 58.0625, 49.21875, 63.34375, 124.125, 79.625, 57.125, 73.8125, 167.5, 115.875, 55.03125, 157.125, 90.0, 101.625, 125.4375, 97.25, 118.5625, 107.0625, 26.25, 143.5, 128.375, 140.75, 101.9375, 54.90625, 123.5, 84.4375], [59.40625, 97.125, 108.8125, 134.125, 93.0, 35.75, 79.375, 86.0, 0.0, 46.875, 50.4375, 62.1875, 143.25, 112.4375, 123.9375, 81.0, 42.4375, 50.46875, 10.0, 41.1875, 96.125, 58.1875, 60.96875, 42.0625, 40.375, 77.375, 142.125, 34.0, 79.625, 41.625, 124.25, 31.046875, 46.28125, 112.375, 146.125, 48.03125, 139.75, 53.59375, 129.5, 52.1875, 105.625, 142.0, 55.3125, 141.625, 72.8125, 100.875, 119.875, 140.875, 19.703125, 39.625, 144.0, 188.125, 47.5, 108.5, 100.625, 92.375, 74.5, 101.8125, 88.8125, 43.65625, 121.625], [106.125, 127.0625, 140.0, 179.375, 132.25, 68.6875, 105.5, 128.0, 46.875, 0.0, 69.125, 75.6875, 190.0, 159.125, 156.0, 126.5, 89.125, 96.3125, 54.90625, 84.1875, 140.875, 64.25, 107.5, 88.1875, 60.65625, 106.0625, 188.875, 22.015625, 106.3125, 47.03125, 152.0, 74.375, 85.75, 157.375, 192.75, 89.875, 176.5, 85.1875, 176.125, 68.0625, 151.375, 185.125, 72.0, 170.75, 104.0625, 147.75, 145.625, 187.625, 45.59375, 30.359375, 190.5, 234.75, 77.25, 147.25, 126.125, 123.0, 88.25, 143.625, 135.625, 52.1875, 140.125], [73.125, 143.0, 153.375, 156.5, 131.25, 21.59375, 36.5, 72.1875, 50.4375, 69.125, 0.0, 112.625, 154.75, 118.9375, 167.375, 81.375, 61.53125, 60.0625, 57.3125, 80.9375, 123.25, 107.6875, 72.3125, 73.0625, 10.296875, 124.875, 145.875, 72.25, 127.8125, 22.796875, 170.25, 41.0, 89.5625, 137.0, 160.125, 88.125, 110.5, 23.015625, 132.375, 102.625, 128.125, 127.3125, 5.0, 186.5, 119.25, 112.8125, 167.0, 153.625, 69.625, 81.9375, 159.125, 189.875, 96.4375, 84.375, 148.5, 138.0, 124.9375, 135.5, 104.8125, 92.8125, 73.375], [93.0625, 56.3125, 69.375, 133.25, 74.4375, 96.75, 140.0, 132.5, 62.1875, 75.6875, 112.625, 0.0, 155.5, 136.0, 85.125, 118.1875, 81.375, 92.4375, 56.8125, 54.15625, 97.375, 13.34375, 96.0625, 68.0, 102.4375, 37.125, 163.625, 54.4375, 35.125, 100.5625, 78.0625, 85.125, 45.90625, 112.8125, 155.0, 53.15625, 190.25, 113.625, 153.75, 10.0, 111.0, 181.125, 117.4375, 97.0625, 39.21875, 121.125, 71.0, 152.125, 43.1875, 45.34375, 151.75, 206.625, 26.3125, 158.125, 52.09375, 53.5, 13.0390625, 89.8125, 107.8125, 23.765625, 183.25], [85.5, 120.625, 116.625, 33.96875, 88.0625, 136.5, 142.25, 90.0, 143.25, 190.0, 154.75, 155.5, 0.0, 36.34375, 115.0625, 73.75, 101.875, 97.5, 135.25, 109.6875, 58.59375, 165.0, 85.0, 102.1875, 152.875, 125.6875, 23.34375, 173.625, 130.375, 168.0, 131.0, 120.75, 113.25, 45.34375, 8.6015625, 106.5, 115.0, 132.875, 30.078125, 152.0, 44.71875, 74.8125, 157.75, 131.25, 120.0, 42.9375, 136.25, 4.0, 148.5, 174.0, 11.3984375, 51.875, 131.5, 100.6875, 133.75, 118.625, 156.5, 72.5625, 54.40625, 160.75, 171.875], [53.0625, 113.5625, 113.5625, 52.15625, 81.0625, 101.5, 106.0625, 54.09375, 112.4375, 159.125, 118.9375, 136.0, 36.34375, 0.0, 117.0625, 37.65625, 70.0625, 63.8125, 105.5625, 84.5625, 49.25, 143.375, 51.84375, 74.0625, 117.6875, 112.4375, 29.734375, 144.75, 117.4375, 133.25, 130.75, 87.0625, 90.625, 46.3125, 43.0, 83.375, 88.4375, 96.8125, 17.890625, 130.5, 38.46875, 55.9375, 121.75, 136.125, 105.6875, 15.1328125, 134.0, 36.0, 120.8125, 146.625, 43.1875, 75.6875, 110.125, 68.0, 126.3125, 110.25, 139.75, 69.25, 28.15625, 136.5, 137.375], [108.25, 29.15625, 16.03125, 82.125, 40.375, 146.25, 180.375, 147.0, 123.9375, 156.0, 167.375, 85.125, 115.0625, 117.0625, 0.0, 124.8125, 110.125, 117.4375, 114.3125, 86.375, 68.4375, 98.5, 111.0625, 95.5, 159.125, 50.03125, 133.5, 134.0, 50.5, 165.125, 16.765625, 127.5625, 78.4375, 72.5625, 110.0625, 79.1875, 199.75, 156.75, 130.0, 89.6875, 78.75, 172.875, 172.25, 20.515625, 52.25, 103.875, 24.1875, 111.0625, 112.75, 127.25, 106.0625, 164.5, 79.3125, 171.625, 34.875, 33.0, 76.5625, 47.9375, 95.875, 105.5, 223.375], [25.171875, 112.3125, 116.625, 81.8125, 84.625, 64.6875, 70.375, 22.796875, 81.0, 126.5, 81.375, 118.1875, 73.75, 37.65625, 124.8125, 0.0, 39.9375, 30.53125, 76.0, 64.0625, 59.8125, 122.625, 22.359375, 50.34375, 80.5, 104.3125, 65.0, 114.75, 109.125, 96.5625, 135.125, 52.34375, 73.0, 67.125, 79.75, 66.125, 76.6875, 59.1875, 51.625, 110.75, 57.28125, 63.34375, 84.125, 145.25, 97.0, 34.25, 136.0, 73.0, 93.25, 118.5625, 79.3125, 110.1875, 92.0625, 46.875, 123.5, 107.9375, 125.0625, 79.1875, 32.25, 112.8125, 106.25], [16.96875, 89.8125, 97.9375, 97.0625, 71.5625, 40.125, 70.4375, 51.09375, 42.4375, 89.125, 61.53125, 81.375, 101.875, 70.0625, 110.125, 39.9375, 0.0, 11.046875, 36.34375, 29.546875, 62.0, 84.125, 18.59375, 15.8125, 56.0, 76.0, 99.6875, 75.4375, 80.25, 68.4375, 116.125, 21.03125, 39.8125, 76.5, 105.5625, 34.65625, 108.875, 46.96875, 87.0625, 73.0, 68.25, 102.875, 65.9375, 130.25, 69.0625, 59.0625, 114.5625, 99.875, 53.3125, 78.6875, 103.8125, 145.625, 56.28125, 76.8125, 98.4375, 84.875, 90.0, 74.1875, 47.84375, 73.375, 113.875], [13.0390625, 98.6875, 106.0625, 96.4375, 77.9375, 39.8125, 63.28125, 40.0625, 50.46875, 96.3125, 60.0625, 92.4375, 97.5, 63.8125, 117.4375, 30.53125, 11.046875, 0.0, 45.6875, 40.15625, 63.9375, 95.0625, 12.6484375, 26.0, 56.28125, 85.9375, 93.0625, 84.25, 90.375, 70.5625, 124.4375, 23.328125, 50.34375, 77.0, 101.9375, 44.71875, 97.875, 42.1875, 80.0625, 84.0625, 68.0, 92.625, 64.0, 137.75, 78.875, 54.625, 123.4375, 95.875, 63.25, 88.25, 100.5625, 139.0, 67.25, 65.75, 107.875, 93.875, 101.0, 78.5625, 45.125, 84.0, 105.875], [53.0, 87.875, 99.3125, 124.875, 83.0, 39.96875, 83.1875, 83.5625, 10.0, 54.90625, 57.3125, 56.8125, 135.25, 105.5625, 114.3125, 76.0, 36.34375, 45.6875, 0.0, 31.25, 86.75, 54.8125, 54.90625, 33.28125, 47.625, 68.5, 135.25, 39.21875, 71.0, 50.90625, 115.0625, 30.0625, 36.34375, 103.0625, 137.875, 38.0625, 139.125, 56.875, 122.9375, 46.96875, 96.625, 138.25, 62.28125, 132.25, 63.5625, 93.375, 110.9375, 132.75, 18.109375, 42.53125, 135.625, 181.125, 39.21875, 107.3125, 91.9375, 83.0, 68.5, 91.9375, 80.9375, 41.3125, 126.375], [39.0, 62.8125, 72.5625, 95.375, 52.25, 60.03125, 97.625, 79.4375, 41.1875, 84.1875, 80.9375, 54.15625, 109.6875, 84.5625, 86.375, 64.0625, 29.546875, 40.15625, 31.25, 0.0, 56.8125, 59.46875, 42.0, 14.3203125, 72.8125, 47.0, 113.5625, 65.1875, 51.03125, 80.0625, 89.875, 42.0, 10.296875, 73.4375, 111.125, 7.28125, 137.5, 72.25, 102.4375, 47.0625, 68.0, 127.0, 85.875, 105.5625, 40.375, 70.5, 87.3125, 106.75, 39.65625, 64.4375, 108.4375, 158.5, 28.0, 105.5625, 70.0625, 57.8125, 61.40625, 60.65625, 57.125, 51.96875, 141.625], [51.40625, 65.0, 64.3125, 38.59375, 32.0625, 102.0625, 125.0, 82.625, 96.125, 140.875, 123.25, 97.375, 58.59375, 49.25, 68.4375, 59.8125, 62.0, 63.9375, 86.75, 56.8125, 0.0, 107.4375, 53.15625, 54.5625, 118.0, 67.375, 70.5625, 121.9375, 72.125, 129.75, 81.625, 83.0, 57.625, 16.640625, 57.6875, 51.875, 132.0, 106.125, 64.0625, 94.5, 13.9296875, 104.6875, 127.5, 88.1875, 61.46875, 35.46875, 84.75, 55.0, 96.375, 120.4375, 54.40625, 110.3125, 74.3125, 105.375, 78.0, 62.125, 97.9375, 20.59375, 28.3125, 104.6875, 164.625], [97.5, 69.625, 82.6875, 144.25, 86.375, 93.75, 137.375, 135.0, 58.1875, 64.25, 107.6875, 13.34375, 165.0, 143.375, 98.5, 122.625, 84.125, 95.0625, 54.8125, 59.46875, 107.4375, 0.0, 100.3125, 72.375, 97.4375, 50.15625, 171.75, 43.90625, 48.375, 93.5, 91.1875, 84.5, 52.8125, 123.3125, 165.0, 60.0, 192.25, 111.3125, 161.25, 13.0390625, 120.8125, 186.0, 112.375, 110.25, 51.625, 128.875, 84.0, 161.75, 38.46875, 34.0, 161.875, 215.625, 33.625, 160.125, 65.25, 66.75, 24.328125, 101.4375, 115.4375, 15.0, 179.75], [3.162109375, 94.875, 100.875, 84.125, 70.8125, 52.40625, 72.0625, 38.625, 60.96875, 107.5, 72.3125, 96.0625, 85.0, 51.84375, 111.0625, 22.359375, 18.59375, 12.6484375, 54.90625, 42.0, 53.15625, 100.3125, 0.0, 28.078125, 68.875, 84.5, 81.375, 94.0625, 89.1875, 83.1875, 119.5, 35.78125, 51.34375, 65.25, 89.3125, 44.71875, 96.3125, 53.34375, 68.5625, 88.4375, 56.03125, 85.6875, 76.125, 131.5, 77.25, 42.0625, 119.25, 83.25, 71.5625, 97.125, 87.9375, 127.375, 70.0, 64.875, 105.125, 90.1875, 103.3125, 69.375, 32.5625, 90.5, 113.1875], [25.171875, 74.25, 82.8125, 92.125, 58.1875, 51.53125, 85.6875, 65.125, 42.0625, 88.1875, 73.0625, 68.0, 102.1875, 74.0625, 95.5, 50.34375, 15.8125, 26.0, 33.28125, 14.3203125, 54.5625, 72.375, 28.078125, 0.0, 66.125, 60.21875, 103.625, 71.4375, 64.5, 76.0, 100.75, 32.3125, 24.359375, 70.5, 104.625, 18.875, 123.1875, 61.28125, 91.8125, 60.40625, 63.5625, 113.625, 77.8125, 115.375, 53.25, 60.96875, 99.0, 99.625, 46.875, 72.625, 102.3125, 149.125, 42.09375, 91.25, 82.625, 69.3125, 75.6875, 63.1875, 48.09375, 63.3125, 129.375], [69.25, 134.25, 144.875, 152.5, 123.9375, 16.5, 45.0, 74.25, 40.375, 60.65625, 10.296875, 102.4375, 152.875, 117.6875, 159.125, 80.5, 56.0, 56.28125, 47.625, 72.8125, 118.0, 97.4375, 68.875, 66.125, 0.0, 115.6875, 145.5, 62.375, 118.4375, 17.03125, 161.5, 35.0, 80.9375, 132.375, 157.75, 80.0625, 116.8125, 26.078125, 132.125, 92.4375, 123.8125, 130.625, 15.0, 178.0, 110.25, 110.375, 158.0, 151.5, 59.40625, 71.8125, 156.625, 190.25, 86.8125, 89.1875, 139.25, 129.25, 114.875, 129.125, 101.4375, 82.5, 83.5], [81.375, 21.03125, 34.0, 99.875, 39.40625, 105.125, 144.5, 123.125, 77.375, 106.0625, 124.875, 37.125, 125.6875, 112.4375, 50.03125, 104.3125, 76.0, 85.9375, 68.5, 47.0, 67.375, 50.15625, 84.5, 60.21875, 115.6875, 0.0, 137.375, 84.0, 5.0, 119.0, 47.125, 88.375, 36.875, 80.9375, 123.9375, 41.34375, 180.625, 118.8125, 129.25, 40.03125, 81.25, 163.5, 129.875, 65.3125, 7.28125, 97.3125, 42.5, 122.0, 63.78125, 77.25, 120.3125, 177.5, 30.359375, 149.375, 23.59375, 17.125, 32.5625, 55.46875, 85.0, 55.59375, 188.5], [82.75, 135.25, 133.0, 55.46875, 102.25, 129.625, 128.625, 76.375, 142.125, 188.875, 145.875, 163.625, 23.34375, 29.734375, 133.5, 65.0, 99.6875, 93.0625, 135.25, 113.5625, 70.5625, 171.75, 81.375, 103.625, 145.5, 137.375, 0.0, 174.375, 142.25, 161.5, 148.75, 116.1875, 118.9375, 61.21875, 31.828125, 111.8125, 93.125, 123.1875, 13.4140625, 158.75, 57.125, 51.875, 148.25, 150.875, 131.0, 43.03125, 153.25, 26.40625, 150.375, 176.25, 34.71875, 45.96875, 138.25, 82.25, 148.375, 132.625, 166.375, 88.0, 56.4375, 165.5, 154.25], [92.1875, 105.0625, 118.0, 160.5, 111.125, 65.0625, 106.6875, 119.875, 34.0, 22.015625, 72.25, 54.4375, 173.625, 144.75, 134.0, 114.75, 75.4375, 84.25, 39.21875, 65.1875, 121.9375, 43.90625, 94.0625, 71.4375, 62.375, 84.0, 174.375, 0.0, 84.3125, 53.65625, 130.0, 64.875, 65.375, 138.625, 175.75, 70.25, 172.5, 83.0, 162.125, 46.3125, 133.125, 176.0, 76.25, 148.75, 82.125, 132.25, 123.8125, 171.0, 25.546875, 10.6328125, 173.25, 220.25, 55.4375, 141.625, 104.25, 101.0, 67.25, 123.125, 119.5, 30.671875, 145.625], [86.0625, 21.375, 34.53125, 104.125, 43.5625, 108.375, 148.25, 127.8125, 79.625, 106.3125, 127.8125, 35.125, 130.375, 117.4375, 50.5, 109.125, 80.25, 90.375, 71.0, 51.03125, 72.125, 48.375, 89.1875, 64.5, 118.4375, 5.0, 142.25, 84.3125, 0.0, 121.1875, 45.90625, 92.0, 40.8125, 85.5, 128.5, 45.65625, 185.375, 122.4375, 134.25, 39.21875, 86.0, 168.5, 132.75, 64.5, 12.1640625, 102.3125, 40.5, 126.625, 65.125, 77.0, 124.8125, 182.25, 32.1875, 154.0, 21.03125, 18.390625, 29.0625, 59.6875, 90.0, 55.09375, 192.375], [83.1875, 138.75, 150.25, 165.5, 132.25, 31.90625, 59.21875, 91.25, 41.625, 47.03125, 22.796875, 100.5625, 168.0, 133.25, 165.125, 96.5625, 68.4375, 70.5625, 50.90625, 80.0625, 129.75, 93.5, 83.1875, 76.0, 17.03125, 119.0, 161.5, 53.65625, 121.1875, 0.0, 165.875, 47.8125, 86.8125, 144.875, 172.5, 87.3125, 133.0, 43.0, 148.25, 90.8125, 136.75, 147.625, 25.078125, 183.125, 114.375, 125.1875, 161.5, 166.375, 57.8125, 64.0, 171.125, 206.625, 89.0, 106.0, 142.25, 133.875, 113.4375, 139.0, 115.4375, 78.5625, 93.375], [116.5, 27.296875, 18.59375, 98.4375, 51.0, 149.75, 186.5, 156.75, 124.25, 152.0, 170.25, 78.0625, 131.0, 130.75, 16.765625, 135.125, 116.125, 124.4375, 115.0625, 89.875, 81.625, 91.1875, 119.5, 100.75, 161.5, 47.125, 148.75, 130.0, 45.90625, 165.875, 0.0, 131.875, 80.75, 87.5625, 126.25, 83.0, 211.125, 161.875, 144.5, 84.125, 92.9375, 186.25, 175.25, 19.03125, 51.46875, 117.0, 8.6015625, 127.0, 110.875, 122.25, 122.25, 180.875, 77.5, 182.0, 26.0, 32.25, 67.75, 61.625, 107.9375, 100.1875, 230.0], [35.46875, 104.8125, 114.25, 117.875, 90.5, 19.421875, 56.40625, 55.03125, 31.046875, 74.375, 41.0, 85.125, 120.75, 87.0625, 127.5625, 52.34375, 21.03125, 23.328125, 30.0625, 42.0, 83.0, 84.5, 35.78125, 32.3125, 35.0, 88.375, 116.1875, 64.875, 92.0, 47.8125, 131.875, 0.0, 51.65625, 97.5, 125.0, 48.8125, 109.25, 30.40625, 103.0625, 75.5625, 89.125, 111.375, 45.59375, 147.125, 82.0625, 77.8125, 129.375, 119.0, 48.0, 70.625, 123.5, 162.0, 63.28125, 77.625, 111.75, 99.8125, 95.75, 94.5625, 67.6875, 71.375, 100.4375], [48.25, 53.53125, 63.96875, 96.0, 47.15625, 69.0625, 107.625, 89.25, 46.28125, 85.75, 89.5625, 45.90625, 113.25, 90.625, 78.4375, 73.0, 39.8125, 50.34375, 36.34375, 10.296875, 57.625, 52.8125, 51.34375, 24.359375, 80.9375, 36.875, 118.9375, 65.375, 40.8125, 86.8125, 80.75, 51.65625, 0.0, 74.1875, 113.9375, 7.28125, 147.25, 82.0625, 108.4375, 39.9375, 70.0, 135.5, 94.5, 97.0625, 30.40625, 76.0625, 77.8125, 110.125, 40.15625, 62.96875, 111.0625, 163.125, 19.640625, 115.4375, 60.09375, 48.5625, 52.03125, 57.875, 62.65625, 47.5, 151.625], [64.0625, 75.3125, 72.0, 21.953125, 42.71875, 116.125, 135.625, 89.5, 112.375, 157.375, 137.0, 112.8125, 45.34375, 46.3125, 72.5625, 67.125, 76.5, 77.0, 103.0625, 73.4375, 16.640625, 123.3125, 65.25, 70.5, 132.375, 80.9375, 61.21875, 138.625, 85.5, 144.875, 87.5625, 97.5, 74.1875, 0.0, 42.96875, 68.5, 133.75, 118.625, 57.5625, 110.4375, 9.8515625, 102.0, 141.0, 90.75, 75.6875, 36.125, 92.0625, 41.5, 113.0, 137.0, 39.34375, 97.125, 90.5, 109.8125, 88.4375, 73.25, 112.5, 27.296875, 35.125, 121.0625, 173.375], [89.5625, 117.4375, 112.625, 28.015625, 85.4375, 141.375, 149.0, 97.0625, 146.125, 192.75, 160.125, 155.0, 8.6015625, 43.0, 110.0625, 79.75, 105.5625, 101.9375, 137.875, 111.125, 57.6875, 165.0, 89.3125, 104.625, 157.75, 123.9375, 31.828125, 175.75, 128.5, 172.5, 126.25, 125.0, 113.9375, 42.96875, 0.0, 107.5, 123.5625, 138.625, 38.46875, 152.0, 44.21875, 83.4375, 163.25, 125.5, 118.5625, 47.4375, 131.875, 7.0703125, 150.5, 175.625, 4.0, 54.90625, 131.625, 108.6875, 130.5, 115.75, 155.25, 69.5625, 57.71875, 161.5, 179.5], [41.59375, 56.09375, 65.5, 90.4375, 45.09375, 67.125, 103.9375, 83.0, 48.03125, 89.875, 88.125, 53.15625, 106.5, 83.375, 79.1875, 66.125, 34.65625, 44.71875, 38.0625, 7.28125, 51.875, 60.0, 44.71875, 18.875, 80.0625, 41.34375, 111.8125, 70.25, 45.65625, 87.3125, 83.0, 48.8125, 7.28125, 68.5, 107.5, 0.0, 140.875, 78.875, 101.25, 47.15625, 63.78125, 128.375, 93.0625, 98.5, 34.40625, 68.875, 80.75, 103.5, 44.71875, 68.625, 104.6875, 156.125, 26.921875, 109.1875, 63.875, 51.09375, 59.0, 54.125, 55.46875, 54.21875, 147.875], [99.4375, 189.0, 192.75, 140.125, 160.25, 108.1875, 76.0, 58.0625, 139.75, 176.5, 110.5, 190.25, 115.0, 88.4375, 199.75, 76.6875, 108.875, 97.875, 139.125, 137.5, 132.0, 192.25, 96.3125, 123.1875, 116.8125, 180.625, 93.125, 172.5, 185.375, 133.0, 211.125, 109.25, 147.25, 133.75, 123.5625, 140.875, 0.0, 91.375, 85.25, 181.75, 124.875, 42.96875, 109.5625, 220.0, 173.25, 97.9375, 212.5, 117.0, 157.125, 179.375, 125.5625, 118.125, 165.0, 32.125, 200.125, 184.625, 198.75, 152.5, 104.0, 180.0, 75.25], [54.75, 135.0, 144.0, 137.0, 118.5, 18.109375, 26.421875, 49.21875, 53.59375, 85.1875, 23.015625, 113.625, 132.875, 96.8125, 156.75, 59.1875, 46.96875, 42.1875, 56.875, 72.25, 106.125, 111.3125, 53.34375, 61.28125, 26.078125, 118.8125, 123.1875, 83.0, 122.4375, 43.0, 161.875, 30.40625, 82.0625, 118.625, 138.625, 78.875, 91.375, 0.0, 109.75, 103.8125, 109.3125, 104.8125, 25.078125, 176.625, 112.4375, 91.8125, 159.5, 132.0, 73.0625, 91.1875, 137.875, 167.0, 93.25, 63.125, 142.125, 130.0, 124.9375, 120.5, 85.0, 97.125, 70.1875], [70.0625, 129.0, 128.0, 56.84375, 96.125, 116.3125, 115.75, 63.34375, 129.5, 176.125, 132.375, 153.75, 30.078125, 17.890625, 130.0, 51.625, 87.0625, 80.0625, 122.9375, 102.4375, 64.0625, 161.25, 68.5625, 91.8125, 132.125, 129.25, 13.4140625, 162.125, 134.25, 148.25, 144.5, 103.0625, 108.4375, 57.5625, 38.46875, 101.25, 85.25, 109.75, 0.0, 148.375, 51.625, 46.75, 134.875, 148.375, 122.625, 32.5625, 148.375, 31.765625, 138.5, 164.25, 40.3125, 58.90625, 127.9375, 71.0, 142.0, 126.0, 157.125, 83.0, 45.875, 154.375, 142.75], [85.5625, 60.53125, 73.6875, 131.5, 74.3125, 86.8125, 130.125, 124.125, 52.1875, 68.0625, 102.625, 10.0, 152.0, 130.5, 89.6875, 110.75, 73.0, 84.0625, 46.96875, 47.0625, 94.5, 13.0390625, 88.4375, 60.40625, 92.4375, 40.03125, 158.75, 46.3125, 39.21875, 90.8125, 84.125, 75.5625, 39.9375, 110.4375, 152.0, 47.15625, 181.75, 103.8125, 148.375, 0.0, 107.8125, 174.0, 107.4375, 103.0625, 40.3125, 115.9375, 77.625, 148.75, 33.25, 38.125, 148.875, 202.5, 20.59375, 149.625, 58.21875, 57.0625, 22.671875, 89.0, 102.5625, 16.03125, 173.25], [55.0, 78.1875, 76.4375, 28.859375, 45.09375, 107.4375, 125.875, 79.625, 105.625, 151.375, 128.125, 111.0, 44.71875, 38.46875, 78.75, 57.28125, 68.25, 68.0, 96.625, 68.0, 13.9296875, 120.8125, 56.03125, 63.5625, 123.8125, 81.25, 57.125, 133.125, 86.0, 136.75, 92.9375, 89.125, 70.0, 9.8515625, 44.21875, 63.78125, 124.875, 109.3125, 51.625, 107.8125, 0.0, 94.4375, 132.0, 97.6875, 75.375, 26.90625, 96.75, 41.1875, 107.625, 132.25, 41.125, 96.375, 87.4375, 100.25, 91.25, 75.5625, 111.8125, 31.40625, 25.296875, 117.4375, 163.5], [88.4375, 167.5, 168.625, 103.5625, 135.875, 117.625, 99.5625, 57.125, 142.0, 185.125, 127.3125, 181.125, 74.8125, 55.9375, 172.875, 63.34375, 102.875, 92.625, 138.25, 127.0, 104.6875, 186.0, 85.6875, 113.625, 130.625, 163.5, 51.875, 176.0, 168.5, 147.625, 186.25, 111.375, 135.5, 102.0, 83.4375, 128.375, 42.96875, 104.8125, 46.75, 174.0, 94.4375, 0.0, 128.0, 192.125, 156.375, 69.25, 189.0, 77.3125, 155.875, 180.75, 85.9375, 76.0625, 154.875, 45.28125, 179.875, 163.75, 187.25, 125.0, 79.4375, 176.125, 113.0], [77.0, 148.0, 158.375, 160.25, 136.0, 26.25, 34.46875, 73.8125, 55.3125, 72.0, 5.0, 117.4375, 157.75, 121.75, 172.25, 84.125, 65.9375, 64.0, 62.28125, 85.875, 127.5, 112.375, 76.125, 77.8125, 15.0, 129.875, 148.25, 76.25, 132.75, 25.078125, 175.25, 45.59375, 94.5, 141.0, 163.25, 93.0625, 109.5625, 25.078125, 134.875, 107.4375, 132.0, 128.0, 0.0, 191.375, 124.25, 116.125, 172.0, 156.625, 74.375, 86.0625, 162.375, 192.0, 101.4375, 84.5, 153.5, 143.0, 129.875, 140.0, 108.4375, 97.4375, 69.375], [128.75, 44.65625, 33.09375, 97.5, 60.875, 165.625, 200.625, 167.5, 141.625, 170.75, 186.5, 97.0625, 131.25, 136.125, 20.515625, 145.25, 130.25, 137.75, 132.25, 105.5625, 88.1875, 110.25, 131.5, 115.375, 178.0, 65.3125, 150.875, 148.75, 64.5, 183.125, 19.03125, 147.125, 97.0625, 90.75, 125.5, 98.5, 220.0, 176.625, 148.375, 103.0625, 97.6875, 192.125, 191.375, 0.0, 68.9375, 123.4375, 26.6875, 127.25, 129.125, 141.125, 121.5, 179.0, 95.5625, 192.0, 45.0, 49.34375, 86.6875, 67.625, 115.9375, 119.125, 243.625], [74.125, 24.359375, 36.5, 95.1875, 35.34375, 99.1875, 138.0, 115.875, 72.8125, 104.0625, 119.25, 39.21875, 120.0, 105.6875, 52.25, 97.0, 69.0625, 78.875, 63.5625, 40.375, 61.46875, 51.625, 77.25, 53.25, 110.25, 7.28125, 131.0, 82.125, 12.1640625, 114.375, 51.46875, 82.0625, 30.40625, 75.6875, 118.5625, 34.40625, 173.25, 112.4375, 122.625, 40.3125, 75.375, 156.375, 124.25, 68.9375, 0.0, 90.5625, 47.71875, 116.375, 60.53125, 76.125, 115.0, 171.75, 27.078125, 142.125, 29.703125, 19.640625, 36.90625, 51.09375, 78.125, 55.09375, 182.0], [42.53125, 98.875, 99.4375, 47.8125, 66.6875, 93.9375, 104.5625, 55.03125, 100.875, 147.75, 112.8125, 121.125, 42.9375, 15.1328125, 103.875, 34.25, 59.0625, 54.625, 93.375, 70.5, 35.46875, 128.875, 42.0625, 60.96875, 110.375, 97.3125, 43.03125, 132.25, 102.3125, 125.1875, 117.0, 77.8125, 76.0625, 36.125, 47.4375, 68.875, 97.9375, 91.8125, 32.5625, 115.9375, 26.90625, 69.25, 116.125, 123.4375, 90.5625, 0.0, 119.8125, 41.21875, 107.8125, 133.5, 46.3125, 88.25, 95.4375, 73.8125, 111.5625, 95.4375, 124.6875, 55.9375, 13.4140625, 122.4375, 139.5], [116.25, 24.765625, 20.390625, 104.25, 53.15625, 146.875, 184.625, 157.125, 119.875, 145.625, 167.0, 71.0, 136.25, 134.0, 24.1875, 136.0, 114.5625, 123.4375, 110.9375, 87.3125, 84.75, 84.0, 119.25, 99.0, 158.0, 42.5, 153.25, 123.8125, 40.5, 161.5, 8.6015625, 129.375, 77.8125, 92.0625, 131.875, 80.75, 212.5, 159.5, 148.375, 77.625, 96.75, 189.0, 172.0, 26.6875, 47.71875, 119.8125, 0.0, 132.25, 105.625, 115.75, 127.875, 186.625, 72.625, 182.75, 19.640625, 29.703125, 60.21875, 65.375, 110.0625, 93.625, 228.375], [83.625, 116.6875, 112.625, 30.078125, 84.1875, 135.125, 142.125, 90.0, 140.875, 187.625, 153.625, 152.125, 4.0, 36.0, 111.0625, 73.0, 99.875, 95.875, 132.75, 106.75, 55.0, 161.75, 83.25, 99.625, 151.5, 122.0, 26.40625, 171.0, 126.625, 166.375, 127.0, 119.0, 110.125, 41.5, 7.0703125, 103.5, 117.0, 132.0, 31.765625, 148.75, 41.1875, 77.3125, 156.625, 127.25, 116.375, 41.21875, 132.25, 0.0, 145.875, 171.125, 8.6015625, 55.65625, 128.25, 101.625, 129.875, 114.75, 153.0, 68.6875, 52.15625, 157.625, 172.5], [69.375, 84.5, 97.0, 135.0, 86.6875, 55.375, 99.0, 101.625, 19.703125, 45.59375, 69.625, 43.1875, 148.5, 120.8125, 112.75, 93.25, 53.3125, 63.25, 18.109375, 39.65625, 96.375, 38.46875, 71.5625, 46.875, 59.40625, 63.78125, 150.375, 25.546875, 65.125, 57.8125, 110.875, 48.0, 40.15625, 113.0, 150.5, 44.71875, 157.125, 73.0625, 138.5, 33.25, 107.625, 155.875, 74.375, 129.125, 60.53125, 107.8125, 105.625, 145.875, 0.0, 25.8125, 147.875, 196.0, 33.53125, 125.375, 86.0625, 80.0625, 55.875, 98.0, 94.875, 24.046875, 141.375], [95.0, 98.125, 111.25, 158.875, 107.0, 73.125, 115.5625, 125.4375, 39.625, 30.359375, 81.9375, 45.34375, 174.0, 146.625, 127.25, 118.5625, 78.6875, 88.25, 42.53125, 64.4375, 120.4375, 34.0, 97.125, 72.625, 71.8125, 77.25, 176.25, 10.6328125, 77.0, 64.0, 122.25, 70.625, 62.96875, 137.0, 175.625, 68.625, 179.375, 91.1875, 164.25, 38.125, 132.25, 180.75, 86.0625, 141.125, 76.125, 133.5, 115.75, 171.125, 25.8125, 0.0, 172.875, 221.75, 50.28125, 148.125, 96.3125, 94.3125, 57.875, 119.875, 120.5, 22.09375, 155.25], [88.0, 113.625, 108.6875, 24.015625, 81.6875, 140.125, 149.0, 97.25, 144.0, 190.5, 159.125, 151.75, 11.3984375, 43.1875, 106.0625, 79.3125, 103.8125, 100.5625, 135.625, 108.4375, 54.40625, 161.875, 87.9375, 102.3125, 156.625, 120.3125, 34.71875, 173.25, 124.8125, 171.125, 122.25, 123.5, 111.0625, 39.34375, 4.0, 104.6875, 125.5625, 137.875, 40.3125, 148.875, 41.125, 85.9375, 162.375, 121.5, 115.0, 46.3125, 127.875, 8.6015625, 147.875, 172.875, 0.0, 58.84375, 128.5, 109.75, 126.625, 111.9375, 151.875, 65.8125, 55.9375, 158.5, 180.25], [128.75, 172.25, 167.5, 82.5, 139.875, 174.75, 169.25, 118.5625, 188.125, 234.75, 189.875, 206.625, 51.875, 75.6875, 164.5, 110.1875, 145.625, 139.0, 181.125, 158.5, 110.3125, 215.625, 127.375, 149.125, 190.25, 177.5, 45.96875, 220.25, 182.25, 206.625, 180.875, 162.0, 163.125, 97.125, 54.90625, 156.125, 118.125, 167.0, 58.90625, 202.5, 96.375, 76.0625, 192.0, 179.0, 171.75, 88.25, 186.625, 55.65625, 196.0, 221.75, 58.84375, 0.0, 182.0, 117.875, 185.25, 170.375, 208.125, 124.1875, 101.375, 210.25, 188.5], [67.0, 51.0, 63.5, 111.875, 56.875, 77.875, 119.5625, 107.0625, 47.5, 77.25, 96.4375, 26.3125, 131.5, 110.125, 79.3125, 92.0625, 56.28125, 67.25, 39.21875, 28.0, 74.3125, 33.625, 70.0, 42.09375, 86.8125, 30.359375, 138.25, 55.4375, 32.1875, 89.0, 77.5, 63.28125, 19.640625, 90.5, 131.625, 26.921875, 165.0, 93.25, 127.9375, 20.59375, 87.4375, 154.875, 101.4375, 95.5625, 27.078125, 95.4375, 72.625, 128.25, 33.53125, 50.28125, 128.5, 182.0, 0.0, 133.0, 53.21875, 46.53125, 33.71875, 70.5, 82.0625, 31.0625, 163.5], [68.0, 158.75, 163.5, 119.875, 131.5, 78.5625, 54.40625, 26.25, 108.5, 147.25, 84.375, 158.125, 100.6875, 68.0, 171.625, 46.875, 76.8125, 65.75, 107.3125, 105.5625, 105.375, 160.125, 64.875, 91.25, 89.1875, 149.375, 82.25, 141.625, 154.0, 106.0, 182.0, 77.625, 115.4375, 109.8125, 108.6875, 109.1875, 32.125, 63.125, 71.0, 149.625, 100.25, 45.28125, 84.5, 192.0, 142.125, 73.8125, 182.75, 101.625, 125.375, 148.125, 109.75, 117.875, 133.0, 0.0, 169.625, 154.25, 166.75, 125.375, 77.0625, 148.0, 72.0], [102.0, 13.15625, 21.21875, 104.0625, 46.1875, 128.75, 167.625, 143.5, 100.625, 126.125, 148.5, 52.09375, 133.75, 126.3125, 34.875, 123.5, 98.4375, 107.875, 91.9375, 70.0625, 78.0, 65.25, 105.125, 82.625, 139.25, 23.59375, 148.375, 104.25, 21.03125, 142.25, 26.0, 111.75, 60.09375, 88.4375, 130.5, 63.875, 200.125, 142.125, 142.0, 58.21875, 91.25, 179.875, 153.5, 45.0, 29.703125, 111.5625, 19.640625, 129.875, 86.0625, 96.3125, 126.625, 185.25, 53.21875, 169.625, 0.0, 16.125, 42.1875, 61.1875, 100.4375, 74.25, 211.625], [87.125, 5.0, 17.03125, 89.9375, 30.59375, 117.625, 154.875, 128.375, 92.375, 123.0, 138.0, 53.5, 118.625, 110.25, 33.0, 107.9375, 84.875, 93.875, 83.0, 57.8125, 62.125, 66.75, 90.1875, 69.3125, 129.25, 17.125, 132.625, 101.0, 18.390625, 133.875, 32.25, 99.8125, 48.5625, 73.25, 115.75, 51.09375, 184.625, 130.0, 126.0, 57.0625, 75.5625, 163.75, 143.0, 49.34375, 19.640625, 95.4375, 29.703125, 114.75, 80.0625, 94.3125, 111.9375, 170.375, 46.53125, 154.25, 16.125, 0.0, 46.875, 46.1875, 84.375, 72.6875, 198.75], [100.25, 48.75, 61.3125, 132.0, 71.8125, 108.4375, 151.375, 140.75, 74.5, 88.25, 124.9375, 13.0390625, 156.5, 139.75, 76.5625, 125.0625, 90.0, 101.0, 68.5, 61.40625, 97.9375, 24.328125, 103.3125, 75.6875, 114.875, 32.5625, 166.375, 67.25, 29.0625, 113.4375, 67.75, 95.75, 52.03125, 112.5, 155.25, 59.0, 198.75, 124.9375, 157.125, 22.671875, 111.8125, 187.25, 129.875, 86.6875, 36.90625, 124.6875, 60.21875, 153.0, 55.875, 57.875, 151.875, 208.125, 33.71875, 166.75, 42.1875, 46.875, 0.0, 87.8125, 111.625, 36.6875, 194.875], [67.0625, 48.0625, 45.09375, 44.40625, 16.125, 113.9375, 141.375, 101.9375, 101.8125, 143.625, 135.5, 89.8125, 72.5625, 69.25, 47.9375, 79.1875, 74.1875, 78.5625, 91.9375, 60.65625, 20.59375, 101.4375, 69.375, 63.1875, 129.125, 55.46875, 88.0, 123.125, 59.6875, 139.0, 61.625, 94.5625, 57.875, 27.296875, 69.5625, 54.125, 152.5, 120.5, 83.0, 89.0, 31.40625, 125.0, 140.0, 67.625, 51.09375, 55.9375, 65.375, 68.6875, 98.0, 119.875, 65.8125, 124.1875, 70.5, 125.375, 61.1875, 46.1875, 87.8125, 0.0, 48.59375, 101.5625, 182.375], [32.28125, 88.0625, 89.875, 52.0, 57.0, 84.9375, 100.6875, 54.90625, 88.8125, 135.625, 104.8125, 107.8125, 54.40625, 28.15625, 95.875, 32.25, 47.84375, 45.125, 80.9375, 57.125, 28.3125, 115.4375, 32.5625, 48.09375, 101.4375, 85.0, 56.4375, 119.5, 90.0, 115.4375, 107.9375, 67.6875, 62.65625, 35.125, 57.71875, 55.46875, 104.0, 85.0, 45.875, 102.5625, 25.296875, 79.4375, 108.4375, 115.9375, 78.125, 13.4140625, 110.0625, 52.15625, 94.875, 120.5, 55.9375, 101.375, 82.0625, 77.0625, 100.4375, 84.375, 111.625, 48.59375, 0.0, 109.0625, 138.25], [87.9375, 76.3125, 89.4375, 142.625, 87.6875, 79.375, 123.0625, 123.5, 43.65625, 52.1875, 92.8125, 23.765625, 160.75, 136.5, 105.5, 112.8125, 73.375, 84.0, 41.3125, 51.96875, 104.6875, 15.0, 90.5, 63.3125, 82.5, 55.59375, 165.5, 30.671875, 55.09375, 78.5625, 100.1875, 71.375, 47.5, 121.0625, 161.5, 54.21875, 180.0, 97.125, 154.375, 16.03125, 117.4375, 176.125, 97.4375, 119.125, 55.09375, 122.4375, 93.625, 157.625, 24.046875, 22.09375, 158.5, 210.25, 31.0625, 148.0, 74.25, 72.6875, 36.6875, 101.5625, 109.0625, 0.0, 165.125], [115.6875, 203.625, 211.75, 187.25, 183.625, 86.4375, 44.03125, 84.4375, 121.625, 140.125, 73.375, 183.25, 171.875, 137.375, 223.375, 106.25, 113.875, 105.875, 126.375, 141.625, 164.625, 179.75, 113.1875, 129.375, 83.5, 188.5, 154.25, 145.625, 192.375, 93.375, 230.0, 100.4375, 151.625, 173.375, 179.5, 147.875, 75.25, 70.1875, 142.75, 173.25, 163.5, 113.0, 69.375, 243.625, 182.0, 139.5, 228.375, 172.5, 141.375, 155.25, 180.25, 188.5, 163.5, 72.0, 211.625, 198.75, 194.875, 182.375, 138.25, 165.125, 0.0]], "angleGap": [[0.0, 0.123046875, 1.091796875, 0.29296875, 1.974609375, 2.591796875, 2.931640625, 1.337890625, 1.3876953125, 2.091796875, 0.619140625, 1.494140625, 1.740234375, 0.2421875, 2.447265625, 1.361328125, 2.0703125, 1.2001953125, 0.576171875, 0.759765625, 0.7509765625, 2.888671875, 0.6953125, 1.9580078125, 0.2109375, 1.771484375, 1.21484375, 0.2314453125, 1.828125, 0.11328125, 1.771484375, 0.4716796875, 0.94921875, 1.408203125, 0.40625, 2.830078125, 2.3125, 1.830078125, 0.6923828125, 1.013671875, 2.384765625, 2.1328125, 0.232421875, 0.203125, 1.509765625, 0.0390625, 1.455078125, 1.0712890625, 1.10546875, 1.369140625, 1.767578125, 0.576171875, 2.912109375, 0.0859375, 0.01953125, 0.505859375, 0.53125, 1.275390625, 0.8759765625, 2.75390625], [0.123046875, 0.0, 0.970703125, 0.169921875, 2.09765625, 2.71484375, 2.810546875, 1.4609375, 1.5107421875, 2.21484375, 0.7421875, 1.373046875, 1.619140625, 0.119140625, 2.322265625, 1.484375, 2.193359375, 1.3232421875, 0.69921875, 0.63671875, 0.8740234375, 2.763671875, 0.818359375, 2.080078125, 0.333984375, 1.650390625, 1.337890625, 0.3544921875, 1.951171875, 0.009765625, 1.89453125, 0.5947265625, 0.826171875, 1.283203125, 0.529296875, 2.70703125, 2.435546875, 1.705078125, 0.8154296875, 0.892578125, 2.259765625, 2.255859375, 0.109375, 0.326171875, 1.388671875, 0.083984375, 1.330078125, 1.1943359375, 1.228515625, 1.244140625, 1.646484375, 0.69921875, 2.787109375, 0.208984375, 0.142578125, 0.62890625, 0.408203125, 1.154296875, 0.9990234375, 2.876953125], [1.091796875, 0.970703125, 0.0, 0.798828125, 3.06640625, 2.599609375, 1.8408203125, 2.4296875, 2.478515625, 3.099609375, 1.712890625, 0.404296875, 0.6484375, 0.849609375, 1.3544921875, 2.453125, 3.12109375, 2.291015625, 1.666015625, 0.330078125, 1.841796875, 1.7958984375, 1.787109375, 3.048828125, 1.302734375, 0.6796875, 2.306640625, 1.322265625, 2.919921875, 0.978515625, 2.86328125, 1.564453125, 0.142578125, 0.31640625, 1.498046875, 1.73828125, 2.87890625, 0.73828125, 1.783203125, 0.078125, 1.2919921875, 3.05859375, 0.861328125, 1.294921875, 0.419921875, 1.052734375, 0.361328125, 2.162109375, 2.197265625, 0.275390625, 0.677734375, 1.666015625, 1.8193359375, 1.177734375, 1.111328125, 1.595703125, 0.560546875, 0.185546875, 1.966796875, 2.4375], [0.29296875, 0.169921875, 0.798828125, 0.0, 2.267578125, 2.884765625, 2.638671875, 1.630859375, 1.6806640625, 2.384765625, 0.912109375, 1.205078125, 1.447265625, 0.05078125, 2.154296875, 1.654296875, 2.36328125, 1.4931640625, 0.869140625, 0.466796875, 1.0439453125, 2.595703125, 0.98828125, 2.25, 0.50390625, 1.478515625, 1.5078125, 0.5244140625, 2.12109375, 0.1796875, 2.064453125, 0.7646484375, 0.65625, 1.115234375, 0.69921875, 2.537109375, 2.60546875, 1.537109375, 0.9853515625, 0.720703125, 2.091796875, 2.42578125, 0.060546875, 0.49609375, 1.220703125, 0.25390625, 1.158203125, 1.3642578125, 1.3984375, 1.072265625, 1.478515625, 0.869140625, 2.619140625, 0.37890625, 0.3125, 0.798828125, 0.23828125, 0.986328125, 1.1689453125, 3.046875], [1.974609375, 2.09765625, 3.06640625, 2.267578125, 0.0, 0.6171875, 1.375, 0.6376953125, 0.58740234375, 0.11663818359375, 1.35546875, 2.8125, 2.568359375, 2.216796875, 1.861328125, 0.61376953125, 0.0946044921875, 0.77490234375, 1.3984375, 2.734375, 1.224609375, 1.419921875, 1.279296875, 0.0174560546875, 1.763671875, 2.537109375, 0.76025390625, 1.744140625, 0.146484375, 2.087890625, 0.203857421875, 1.50390625, 2.923828125, 2.900390625, 1.568359375, 1.478515625, 0.33642578125, 2.478515625, 1.283203125, 2.98828125, 1.923828125, 0.158447265625, 2.20703125, 1.771484375, 2.796875, 2.013671875, 2.85546875, 0.90380859375, 0.86962890625, 2.94140625, 2.5390625, 1.3984375, 1.396484375, 1.888671875, 1.955078125, 1.46875, 2.505859375, 3.03125, 1.099609375, 0.77880859375], [2.591796875, 2.71484375, 2.599609375, 2.884765625, 0.6171875, 0.0, 0.7587890625, 1.2548828125, 1.2041015625, 0.50048828125, 1.97265625, 2.1953125, 1.951171875, 2.833984375, 1.2451171875, 1.23046875, 0.5224609375, 1.3916015625, 2.015625, 2.931640625, 1.8408203125, 0.8037109375, 1.896484375, 0.63427734375, 2.380859375, 1.919921875, 1.376953125, 2.361328125, 0.763671875, 2.705078125, 0.82080078125, 2.12109375, 2.7421875, 2.283203125, 2.185546875, 0.861328125, 0.2802734375, 1.861328125, 1.8994140625, 2.677734375, 1.3076171875, 0.45849609375, 2.82421875, 2.388671875, 2.1796875, 2.630859375, 2.23828125, 1.5205078125, 1.486328125, 2.32421875, 1.921875, 2.015625, 0.7802734375, 2.505859375, 2.572265625, 2.0859375, 3.123046875, 2.4140625, 1.7158203125, 0.161865234375], [2.931640625, 2.810546875, 1.8408203125, 2.638671875, 1.375, 0.7587890625, 0.0, 2.013671875, 1.962890625, 1.2587890625, 2.73046875, 1.4365234375, 1.1923828125, 2.689453125, 0.486328125, 1.9892578125, 1.28125, 2.150390625, 2.7734375, 2.173828125, 2.599609375, 0.044921875, 2.65625, 1.392578125, 3.140625, 1.1611328125, 2.13671875, 3.119140625, 1.521484375, 2.818359375, 1.5791015625, 2.87890625, 1.982421875, 1.5244140625, 2.9453125, 0.1025390625, 1.0390625, 1.1025390625, 2.658203125, 1.9189453125, 0.548828125, 1.216796875, 2.701171875, 3.134765625, 1.4208984375, 2.892578125, 1.4794921875, 2.279296875, 2.24609375, 1.5654296875, 1.1630859375, 2.7734375, 0.021484375, 3.017578125, 2.951171875, 2.84375, 2.400390625, 1.6552734375, 2.474609375, 0.5966796875], [1.337890625, 1.4609375, 2.4296875, 1.630859375, 0.6376953125, 1.2548828125, 2.013671875, 0.0, 0.05029296875, 0.75439453125, 0.71826171875, 2.833984375, 3.078125, 1.580078125, 2.5, 0.02392578125, 0.732421875, 0.13720703125, 0.76123046875, 2.09765625, 0.58642578125, 2.05859375, 0.64208984375, 0.6201171875, 1.126953125, 3.109375, 0.12255859375, 1.10546875, 0.4912109375, 1.451171875, 0.433837890625, 0.86572265625, 2.287109375, 2.74609375, 0.93115234375, 2.115234375, 0.97412109375, 3.115234375, 0.64501953125, 2.3515625, 2.5625, 0.7958984375, 1.5703125, 1.134765625, 2.849609375, 1.376953125, 2.791015625, 0.26611328125, 0.23193359375, 2.705078125, 3.107421875, 0.76123046875, 2.03515625, 1.251953125, 1.318359375, 0.83154296875, 1.869140625, 2.615234375, 0.46142578125, 1.416015625], [1.3876953125, 1.5107421875, 2.478515625, 1.6806640625, 0.58740234375, 1.2041015625, 1.962890625, 0.05029296875, 0.0, 0.7041015625, 0.7685546875, 2.884765625, 3.126953125, 1.6298828125, 2.44921875, 0.0263671875, 0.68212890625, 0.1875, 0.8115234375, 2.1484375, 0.63671875, 2.0078125, 0.6923828125, 0.56982421875, 1.1767578125, 3.125, 0.1728515625, 1.15625, 0.44091796875, 1.5009765625, 0.383544921875, 0.916015625, 2.3359375, 2.794921875, 0.9814453125, 2.06640625, 0.923828125, 3.06640625, 0.6953125, 2.400390625, 2.51171875, 0.74560546875, 1.6201171875, 1.1845703125, 2.900390625, 1.4267578125, 2.841796875, 0.31640625, 0.2822265625, 2.755859375, 3.125, 0.8115234375, 1.984375, 1.3017578125, 1.3681640625, 0.8818359375, 1.9189453125, 2.666015625, 0.51171875, 1.3662109375], [2.091796875, 2.21484375, 3.099609375, 2.384765625, 0.11663818359375, 0.50048828125, 1.2587890625, 0.75439453125, 0.7041015625, 0.0, 1.47265625, 2.6953125, 2.451171875, 2.333984375, 1.7451171875, 0.73046875, 0.02203369140625, 0.8916015625, 1.515625, 2.8515625, 1.3408203125, 1.3037109375, 1.396484375, 0.134033203125, 1.880859375, 2.419921875, 0.876953125, 1.8603515625, 0.26318359375, 2.205078125, 0.320556640625, 1.6201171875, 3.041015625, 2.783203125, 1.685546875, 1.361328125, 0.219970703125, 2.361328125, 1.3994140625, 3.10546875, 1.8076171875, 0.041748046875, 2.32421875, 1.888671875, 2.6796875, 2.130859375, 2.73828125, 1.0205078125, 0.986328125, 2.82421875, 2.421875, 1.515625, 1.2802734375, 2.005859375, 2.072265625, 1.5859375, 2.623046875, 2.9140625, 1.2158203125, 0.662109375], [0.619140625, 0.7421875, 1.712890625, 0.912109375, 1.35546875, 1.97265625, 2.73046875, 0.71826171875, 0.7685546875, 1.47265625, 0.0, 2.115234375, 2.359375, 0.861328125, 3.064453125, 0.7421875, 1.4501953125, 0.5810546875, 0.04296875, 1.37890625, 0.1318359375, 2.77734375, 0.076171875, 1.3388671875, 0.408203125, 2.390625, 0.595703125, 0.3876953125, 1.208984375, 0.732421875, 1.15234375, 0.1474609375, 1.568359375, 2.025390625, 0.212890625, 2.8339