{"name": "LZB_n60_20", "n": 60, "m": 8, "times": [[0.0, 90.0625, 43.03125, 49.65625, 68.9375, 101.0625, 80.875, 55.90625, 34.875, 70.8125, 71.375, 99.5, 36.34375, 96.25, 65.3125, 96.0, 93.0, 69.0, 32.125, 80.625, 21.546875, 29.421875, 96.25, 31.0625, 94.6875, 32.4375, 82.1875, 88.125, 89.5, 105.125, 89.0625, 110.5, 127.75, 103.9375, 116.1875, 33.53125, 63.78125, 27.453125, 25.171875, 93.125, 22.09375, 93.125, 50.9375, 35.90625, 65.4375, 82.4375, 39.65625, 128.875, 66.4375, 34.46875, 107.625, 99.3125, 15.6171875, 120.0, 101.25, 77.8125, 61.40625, 38.21875, 29.15625, 14.140625, 101.125], [90.0625, 0.0, 116.25, 68.4375, 125.25, 169.0, 74.6875, 75.375, 98.0625, 44.9375, 59.53125, 95.3125, 98.0, 185.25, 28.15625, 14.2109375, 168.0, 153.5, 120.0, 45.5, 89.5625, 70.0, 84.5625, 121.0625, 80.625, 62.65625, 12.6484375, 157.125, 73.3125, 142.375, 156.0, 178.0, 217.0, 28.28125, 132.0, 56.59375, 38.09375, 105.375, 67.625, 122.6875, 101.3125, 3.162109375, 89.875, 117.4375, 132.25, 145.0, 126.8125, 217.625, 59.78125, 124.5, 125.125, 120.4375, 94.0, 173.0, 177.75, 148.375, 41.1875, 57.28125, 105.375, 77.125, 191.125], [43.03125, 116.25, 0.0, 52.46875, 29.203125, 127.375, 123.375, 51.25, 18.4375, 109.4375, 73.9375, 84.3125, 76.9375, 76.25, 97.625, 117.5, 114.8125, 83.5, 52.5, 119.1875, 63.78125, 46.625, 86.0625, 38.21875, 86.375, 71.8125, 112.0625, 115.25, 84.375, 68.0, 117.4375, 136.0, 107.3125, 136.5, 86.9375, 64.375, 80.8125, 63.15625, 51.4375, 134.125, 21.0, 119.0, 35.90625, 12.8046875, 97.625, 114.1875, 26.0, 106.5, 107.6875, 41.21875, 79.1875, 141.125, 56.28125, 152.375, 62.25, 105.4375, 98.4375, 59.1875, 14.0390625, 46.5625, 91.125], [49.65625, 68.4375, 52.46875, 0.0, 56.8125, 150.5, 102.1875, 9.484375, 34.4375, 77.8125, 23.09375, 51.75, 81.0, 127.75, 58.0625, 66.8125, 142.625, 117.25, 80.0625, 86.3125, 65.75, 21.09375, 47.0, 73.0, 45.1875, 51.875, 67.75, 137.5, 39.84375, 78.0, 138.25, 159.875, 159.375, 93.0, 77.0625, 35.34375, 30.53125, 76.5625, 29.0625, 132.0, 45.40625, 70.6875, 21.46875, 58.1875, 114.0625, 130.75, 71.0625, 158.75, 83.1875, 77.0, 68.6875, 135.375, 63.5, 167.25, 111.0625, 127.25, 65.75, 21.9375, 45.875, 37.59375, 139.75], [68.9375, 125.25, 29.203125, 56.8125, 0.0, 156.25, 146.25, 50.8125, 35.21875, 128.0, 72.125, 67.9375, 104.5625, 91.0, 112.0625, 123.125, 143.25, 111.375, 81.6875, 137.5, 90.4375, 61.65625, 73.1875, 67.1875, 74.75, 93.0, 123.875, 144.25, 75.3125, 38.90625, 146.625, 164.875, 119.0625, 149.125, 60.75, 81.625, 87.3125, 91.6875, 69.1875, 161.75, 47.53125, 127.5625, 35.34375, 41.78125, 126.8125, 143.375, 53.40625, 116.875, 129.0, 70.0, 53.84375, 168.25, 83.5625, 181.625, 57.96875, 134.5, 116.25, 72.25, 40.71875, 68.25, 110.5], [101.0625, 169.0, 127.375, 150.5, 156.25, 0.0, 109.125, 157.0, 130.625, 128.125, 171.125, 200.375, 73.1875, 110.8125, 141.0, 180.125, 17.125, 48.3125, 75.4375, 133.5, 86.375, 129.625, 197.25, 89.125, 195.625, 110.3125, 157.125, 13.0, 190.125, 195.125, 13.0390625, 9.484375, 126.1875, 167.5, 213.0, 124.4375, 157.75, 73.9375, 123.0625, 67.0, 114.0625, 172.0, 150.375, 114.5625, 37.65625, 24.328125, 103.375, 131.0, 113.625, 86.25, 204.75, 77.3125, 87.0625, 33.0, 154.0, 23.265625, 128.125, 135.0, 119.0, 113.0625, 92.0], [80.875, 74.6875, 123.375, 102.1875, 146.25, 109.125, 0.0, 111.6875, 111.0625, 30.609375, 110.4375, 149.625, 57.96875, 167.125, 53.75, 88.6875, 114.0625, 113.125, 93.9375, 29.734375, 63.25, 86.6875, 141.25, 104.1875, 137.875, 53.34375, 62.25, 99.8125, 130.375, 177.5, 97.3125, 116.75, 195.875, 62.40625, 179.25, 67.4375, 86.625, 73.8125, 78.0625, 50.25, 102.5, 76.9375, 117.6875, 116.75, 78.75, 85.25, 118.0, 198.375, 19.234375, 105.6875, 170.875, 46.1875, 71.5, 104.0625, 181.625, 94.0, 39.8125, 80.3125, 109.375, 78.0, 163.0], [55.90625, 75.375, 51.25, 9.484375, 50.8125, 157.0, 111.6875, 0.0, 34.53125, 87.125, 22.828125, 43.84375, 88.875, 127.4375, 67.0, 72.375, 148.375, 121.8125, 84.875, 95.5, 73.4375, 29.0, 40.5, 76.4375, 39.28125, 61.0625, 75.6875, 144.0, 35.125, 69.0625, 145.0, 166.375, 158.625, 100.875, 67.625, 44.71875, 37.34375, 83.25, 37.53125, 140.875, 48.09375, 77.5, 16.40625, 58.84375, 121.0625, 137.875, 72.4375, 157.75, 92.625, 80.375, 59.25, 144.5, 70.5, 174.875, 106.875, 133.75, 75.125, 31.390625, 47.15625, 45.0, 140.875], [34.875, 98.0625, 18.4375, 34.4375, 35.21875, 130.625, 111.0625, 34.53125, 0.0, 94.125, 56.625, 72.5625, 71.1875, 93.4375, 80.5, 99.0625, 119.9375, 90.8125, 55.5625, 103.8125, 56.375, 29.0625, 72.4375, 44.28125, 72.125, 58.03125, 94.3125, 118.0, 69.0625, 70.1875, 119.625, 139.75, 124.875, 119.0625, 82.8125, 48.09375, 62.375, 60.3125, 35.15625, 127.9375, 16.640625, 100.75, 21.375, 24.328125, 97.5625, 114.5625, 38.0625, 124.3125, 94.125, 48.09375, 74.4375, 133.875, 50.25, 152.75, 79.875, 107.8125, 82.6875, 41.34375, 13.15625, 33.0625, 106.375], [70.8125, 44.9375, 109.4375, 77.8125, 128.0, 128.125, 30.609375, 87.125, 94.125, 0.0, 82.375, 121.75, 62.65625, 165.25, 23.59375, 58.59375, 129.5, 120.9375, 93.375, 9.8515625, 60.15625, 66.375, 112.6875, 99.625, 109.1875, 38.46875, 32.3125, 117.0625, 101.625, 155.375, 115.4375, 136.75, 196.0, 39.84375, 153.625, 46.375, 57.71875, 74.8125, 59.03125, 77.8125, 89.6875, 47.4375, 96.0, 105.625, 93.125, 103.8125, 110.4375, 197.625, 15.1328125, 102.1875, 145.5, 75.5625, 67.1875, 129.0, 170.875, 109.375, 12.0390625, 57.03125, 95.875, 62.96875, 165.875], [71.375, 59.53125, 73.9375, 23.09375, 72.125, 171.125, 110.4375, 22.828125, 56.625, 82.375, 0.0, 39.40625, 99.75, 150.0, 59.46875, 53.5, 164.25, 139.75, 102.5625, 89.1875, 85.0625, 41.96875, 30.8125, 96.0625, 27.65625, 66.25, 63.125, 158.125, 20.515625, 83.25, 158.625, 180.625, 181.25, 87.0625, 73.3125, 49.40625, 25.0, 97.4375, 48.09375, 146.5, 68.5, 61.0, 39.125, 80.75, 134.125, 150.375, 93.9375, 180.375, 91.25, 100.0625, 66.0, 148.5, 84.125, 185.75, 129.25, 148.0, 71.125, 36.71875, 68.6875, 58.25, 162.625], [99.5, 95.3125, 84.3125, 51.75, 67.9375, 200.375, 149.625, 43.84375, 72.5625, 121.75, 39.40625, 0.0, 132.625, 157.75, 98.8125, 86.0625, 191.25, 163.125, 127.0, 128.5, 117.1875, 72.625, 11.1796875, 116.75, 15.1328125, 102.75, 101.0, 187.5, 22.015625, 58.78125, 188.5, 209.75, 186.75, 123.5625, 38.09375, 85.8125, 64.25, 126.9375, 80.8125, 183.25, 88.5625, 96.125, 51.25, 95.1875, 164.875, 181.75, 109.3125, 184.75, 130.375, 120.625, 33.09375, 186.125, 114.25, 218.625, 124.25, 177.125, 110.4375, 72.25, 85.625, 88.8125, 175.0], [36.34375, 98.0, 76.9375, 81.0, 104.5625, 73.1875, 57.96875, 88.875, 71.1875, 62.65625, 99.75, 132.625, 0.0, 109.1875, 69.875, 108.125, 70.125, 58.3125, 36.40625, 70.75, 15.5546875, 60.0, 127.875, 48.5, 125.6875, 37.21875, 86.875, 60.53125, 119.5625, 141.375, 60.21875, 82.5625, 137.875, 102.0625, 152.125, 51.53125, 84.625, 16.5, 52.15625, 57.25, 57.0, 101.125, 86.5625, 66.9375, 35.5, 50.90625, 64.0625, 140.375, 51.21875, 49.25, 143.5, 64.3125, 21.03125, 86.3125, 128.375, 51.09375, 58.8125, 63.0625, 63.90625, 43.9375, 105.5625], [96.25, 185.25, 76.25, 127.75, 91.0, 110.8125, 167.125, 127.4375, 93.4375, 165.25, 150.0, 157.75, 109.1875, 0.0, 161.5, 189.25, 93.75, 66.0, 73.25, 174.75, 105.8125, 116.625, 161.125, 65.8125, 161.75, 128.0, 178.25, 104.3125, 160.375, 121.5, 108.25, 115.6875, 31.90625, 200.125, 149.625, 128.875, 153.5, 93.3125, 117.625, 153.625, 84.75, 188.25, 112.0625, 69.75, 103.4375, 113.0625, 58.53125, 32.5625, 157.625, 63.125, 143.75, 163.75, 98.25, 143.5, 52.8125, 99.0, 157.0, 129.0, 82.3125, 108.25, 24.765625], [65.3125, 28.15625, 97.625, 58.0625, 112.0625, 141.0, 53.75, 67.0, 80.5, 23.59375, 59.46875, 98.8125, 69.875, 161.5, 0.0, 39.46875, 139.75, 125.875, 93.5625, 29.734375, 62.03125, 51.46875, 89.5, 96.1875, 85.875, 35.34375, 17.46875, 129.0, 78.25, 136.0, 128.0, 150.125, 193.125, 39.21875, 131.75, 33.59375, 34.53125, 77.8125, 46.3125, 97.9375, 80.0, 31.25, 78.0625, 96.375, 104.125, 117.125, 103.9375, 194.125, 35.8125, 99.375, 123.9375, 97.125, 67.0625, 146.25, 159.875, 120.25, 14.765625, 39.84375, 85.125, 53.8125, 165.625], [96.0, 14.2109375, 117.5, 66.8125, 123.125, 180.125, 88.6875, 72.375, 99.0625, 58.59375, 53.5, 86.0625, 108.125, 189.25, 39.46875, 0.0, 178.25, 161.875, 127.125, 59.625, 98.3125, 72.6875, 75.0, 126.625, 71.0, 71.5625, 26.421875, 168.0, 64.125, 136.625, 167.125, 189.375, 221.125, 39.9375, 123.5625, 62.625, 36.78125, 113.9375, 72.0, 136.125, 104.5625, 12.8046875, 88.0, 120.1875, 143.0, 156.5, 130.75, 221.375, 73.1875, 130.25, 117.25, 134.125, 101.875, 185.625, 177.75, 159.0, 53.59375, 60.21875, 107.8125, 82.375, 196.875], [93.0, 168.0, 114.8125, 142.625, 143.25, 17.125, 114.0625, 148.375, 119.9375, 129.5, 164.25, 191.25, 70.125, 93.75, 139.75, 178.25, 0.0, 32.8125, 64.4375, 136.0, 81.3125, 122.25, 188.875, 76.875, 187.5, 107.0, 156.5, 15.6171875, 182.5, 182.0, 19.421875, 22.828125, 109.375, 169.375, 201.375, 119.625, 153.0, 67.0625, 116.5, 77.25, 103.375, 171.0, 140.375, 102.0, 36.40625, 30.40625, 89.9375, 114.1875, 115.75, 73.625, 193.375, 87.9375, 80.4375, 50.09375, 137.75, 20.25, 127.875, 129.125, 107.6875, 106.0, 75.0], [69.0, 153.5, 83.5, 117.25, 111.375, 48.3125, 113.125, 121.8125, 90.8125, 120.9375, 139.75, 163.125, 58.3125, 66.0, 125.875, 161.875, 32.8125, 0.0, 37.21875, 129.0, 63.875, 98.1875, 162.0, 46.625, 161.125, 90.8125, 143.25, 39.28125, 156.75, 149.875, 42.96875, 55.46875, 87.9375, 160.125, 170.5, 100.0, 132.25, 48.09375, 94.0, 89.5625, 74.625, 156.625, 111.9375, 70.8125, 39.0, 47.03125, 58.0, 91.75, 109.3125, 42.96875, 162.625, 100.0625, 60.03125, 79.375, 105.875, 33.0, 116.375, 107.0625, 78.0, 83.0, 52.9375], [32.125, 120.0, 52.5, 80.0625, 81.6875, 75.4375, 93.9375, 84.875, 55.5625, 93.375, 102.5625, 127.0, 36.40625, 73.25, 93.5625, 127.125, 64.4375, 37.21875, 0.0, 102.5625, 33.25, 61.03125, 125.3125, 15.234375, 124.1875, 58.3125, 110.9375, 63.03125, 119.625, 120.5, 65.0625, 84.375, 102.9375, 130.375, 137.625, 64.5625, 95.875, 20.125, 57.3125, 88.1875, 38.9375, 123.1875, 76.0625, 40.0, 45.65625, 61.84375, 31.625, 105.0, 84.625, 14.140625, 129.375, 97.0, 26.625, 100.0, 94.0625, 53.03125, 86.375, 70.375, 43.59375, 46.28125, 72.625], [80.625, 45.5, 119.1875, 86.3125, 137.5, 133.5, 29.734375, 95.5, 103.8125, 9.8515625, 89.1875, 128.5, 70.75, 174.75, 29.734375, 59.625, 136.0, 129.0, 102.5625, 0.0, 69.3125, 75.8125, 119.125, 109.1875, 115.4375, 48.3125, 33.40625, 123.0, 107.8125, 164.125, 121.0625, 141.875, 205.25, 34.125, 161.25, 55.90625, 64.25, 83.625, 68.6875, 79.4375, 99.5625, 47.5, 105.0625, 115.4375, 99.625, 109.25, 120.25, 207.0, 20.25, 111.6875, 153.375, 75.875, 76.5625, 132.125, 180.75, 115.75, 21.21875, 66.0, 105.6875, 72.8125, 174.875], [21.546875, 89.5625, 63.78125, 65.75, 90.4375, 86.375, 63.25, 73.4375, 56.375, 60.15625, 85.0625, 117.1875, 15.5546875, 105.8125, 62.03125, 98.3125, 81.3125, 63.875, 33.25, 69.3125, 0.0, 44.65625, 112.6875, 41.15625, 110.625, 26.921875, 79.5, 73.5, 104.6875, 126.5625, 73.6875, 95.875, 136.0, 97.625, 136.625, 38.3125, 71.6875, 15.8125, 37.125, 71.5625, 43.1875, 92.75, 71.0625, 55.0, 49.03125, 65.3125, 54.8125, 137.875, 51.875, 43.03125, 128.0, 77.8125, 8.25, 101.5, 118.875, 63.5625, 53.53125, 48.71875, 50.21875, 28.421875, 105.75], [29.421875, 70.0, 46.625, 21.09375, 61.65625, 129.625, 86.6875, 29.0, 29.0625, 66.375, 41.96875, 72.625, 60.0, 116.625, 51.46875, 72.6875, 122.25, 98.1875, 61.03125, 75.8125, 44.65625, 0.0, 68.125, 56.28125, 66.1875, 33.84375, 65.4375, 116.625, 60.53125, 90.8125, 117.25, 139.125, 148.5, 90.0625, 95.0, 20.03125, 37.15625, 55.71875, 8.9453125, 112.1875, 31.90625, 72.8125, 31.046875, 47.625, 93.0, 109.6875, 58.1875, 148.625, 68.5, 60.21875, 86.4375, 116.3125, 42.53125, 146.125, 108.75, 106.375, 54.59375, 12.7265625, 35.375, 16.546875, 125.5625], [96.25, 84.5625, 86.0625, 47.0, 73.1875, 197.25, 141.25, 40.5, 72.4375, 112.6875, 30.8125, 11.1796875, 127.875, 161.125, 89.5, 75.0, 188.875, 162.0, 125.3125, 119.125, 112.6875, 68.125, 0.0, 116.125, 4.0, 96.1875, 90.6875, 184.375, 11.3984375, 68.625, 185.125, 206.75, 190.875, 112.875, 49.25, 79.25, 55.0, 123.4375, 75.6875, 176.75, 87.6875, 85.3125, 51.15625, 96.0625, 161.0, 177.75, 110.1875, 189.25, 122.0625, 120.0625, 44.0, 179.125, 110.5, 214.125, 130.625, 174.0, 101.6875, 65.9375, 85.5625, 84.625, 177.25], [31.0625, 121.0625, 38.21875, 73.0, 67.1875, 89.125, 104.1875, 76.4375, 44.28125, 99.625, 96.0625, 116.75, 48.5, 65.8125, 96.1875, 126.625, 76.875, 46.625, 15.234375, 109.1875, 41.15625, 56.28125, 116.125, 0.0, 115.4375, 62.21875, 113.25, 77.125, 111.5625, 106.125, 79.375, 97.8125, 97.0, 134.5, 124.5625, 64.5, 93.0, 32.125, 54.78125, 102.6875, 28.4375, 124.1875, 65.5, 25.453125, 60.8125, 76.875, 16.5, 98.3125, 92.8125, 4.0, 116.5, 111.1875, 33.125, 114.875, 80.0625, 67.375, 91.25, 67.375, 31.390625, 44.28125, 70.1875], [94.6875, 80.625, 86.375, 45.1875, 74.75, 195.625, 137.875, 39.28125, 72.125, 109.1875, 27.65625, 15.1328125, 125.6875, 161.75, 85.875, 71.0, 187.5, 161.125, 124.1875, 115.4375, 110.625, 66.1875, 4.0, 115.4375, 0.0, 93.5, 86.8125, 182.625, 7.6171875, 71.875, 183.375, 205.125, 191.875, 108.875, 53.15625, 76.5625, 51.46875, 121.75, 73.5625, 174.0, 87.0, 81.3125, 51.0, 96.0, 159.25, 175.875, 110.0, 190.25, 118.6875, 119.375, 47.75, 176.125, 108.6875, 212.0, 132.375, 172.375, 98.25, 63.40625, 85.1875, 82.75, 177.5], [32.4375, 62.65625, 71.8125, 51.875, 93.0, 110.3125, 53.34375, 61.0625, 58.03125, 38.46875, 66.25, 102.75, 37.21875, 128.0, 35.34375, 71.5625, 107.0, 90.8125, 58.3125, 48.3125, 26.921875, 33.84375, 96.1875, 62.21875, 93.5, 0.0, 52.8125, 97.75, 86.6875, 124.4375, 97.3125, 119.6875, 159.125, 72.5, 128.375, 16.96875, 48.09375, 42.71875, 25.0, 80.625, 51.53125, 65.8125, 64.875, 67.25, 72.6875, 87.5625, 72.125, 160.5, 36.125, 65.125, 119.875, 83.625, 31.765625, 120.8125, 132.625, 88.25, 29.0625, 30.484375, 57.96875, 25.3125, 130.625], [82.1875, 12.6484375, 112.0625, 67.75, 123.875, 157.125, 62.25, 75.6875, 94.3125, 32.3125, 63.125, 101.0, 86.875, 178.25, 17.46875, 26.421875, 156.5, 143.25, 110.9375, 33.40625, 79.5, 65.4375, 90.6875, 113.25, 86.8125, 52.8125, 0.0, 145.375, 79.3125, 144.25, 144.125, 166.0, 209.875, 25.296875, 136.5, 49.53125, 39.125, 95.25, 61.625, 110.0625, 95.5625, 15.296875, 88.875, 111.9375, 120.625, 133.0, 120.3125, 210.75, 47.125, 116.5, 129.125, 107.8125, 84.5, 160.5, 174.125, 136.875, 29.0, 53.0, 100.25, 70.0625, 182.875], [88.125, 157.125, 115.25, 137.5, 144.25, 13.0, 99.8125, 144.0, 118.0, 117.0625, 158.125, 187.5, 60.53125, 104.3125, 129.0, 168.0, 15.6171875, 39.28125, 63.03125, 123.0, 73.5, 116.625, 184.375, 77.125, 182.625, 97.75, 145.375, 0.0, 177.125, 183.25, 4.125, 22.46875, 122.5, 156.75, 200.5, 111.625, 144.875, 60.9375, 110.0625, 61.625, 101.375, 160.125, 137.625, 102.5625, 25.078125, 15.0, 91.8125, 127.0, 102.8125, 74.4375, 192.25, 72.375, 74.125, 40.15625, 144.875, 10.296875, 116.4375, 122.125, 106.5, 100.0625, 87.5625], [89.5, 73.3125, 84.375, 39.84375, 75.3125, 190.125, 130.375, 35.125, 69.0625, 101.625, 20.515625, 22.015625, 119.5625, 160.375, 78.25, 64.125, 182.5, 156.75, 119.625, 107.8125, 104.6875, 60.53125, 11.3984375, 111.5625, 7.6171875, 86.6875, 79.3125, 177.125, 0.0, 76.1875, 177.75, 199.625, 190.75, 101.625, 59.53125, 69.8125, 43.90625, 116.25, 67.5625, 167.0, 83.1875, 74.125, 48.5, 93.25, 153.5, 170.0, 107.125, 189.375, 111.25, 115.5, 53.59375, 169.0, 103.0625, 205.75, 133.25, 167.0, 90.75, 56.875, 82.0, 77.0625, 175.125], [105.125, 142.375, 68.0, 78.0, 38.90625, 195.125, 177.5, 69.0625, 70.1875, 155.375, 83.25, 58.78125, 141.375, 121.5, 136.0, 136.625, 182.0, 149.875, 120.5, 164.125, 126.5625, 90.8125, 68.625, 106.125, 71.875, 124.4375, 144.25, 183.25, 76.1875, 0.0, 185.5, 203.75, 145.5, 169.125, 30.8125, 110.3125, 105.25, 129.5, 99.4375, 198.125, 84.875, 144.125, 59.84375, 80.6875, 165.375, 182.125, 92.125, 142.125, 159.125, 108.875, 28.65625, 203.875, 120.375, 220.375, 76.0625, 173.375, 143.375, 98.4375, 78.5, 101.5, 143.625], [89.0625, 156.0, 117.4375, 138.25, 146.625, 13.0390625, 97.3125, 145.0, 119.625, 115.4375, 158.625, 188.5, 60.21875, 108.25, 128.0, 167.125, 19.421875, 42.96875, 65.0625, 121.0625, 73.6875, 117.25, 185.125, 79.375, 183.375, 97.3125, 144.125, 4.125, 177.75, 185.5, 0.0, 22.359375, 126.5625, 154.875, 202.25, 111.5625, 144.75, 61.71875, 110.5, 58.0, 103.0625, 159.0, 139.0, 104.8125, 24.734375, 12.0859375, 94.375, 131.125, 101.0, 76.8125, 194.0, 68.6875, 74.75, 36.78125, 148.375, 12.0390625, 115.1875, 122.375, 108.375, 100.75, 91.6875], [110.5, 178.0, 136.0, 159.875, 164.875, 9.484375, 116.75, 166.375, 139.75, 136.75, 180.625, 209.75, 82.5625, 115.6875, 150.125, 189.375, 22.828125, 55.46875, 84.375, 141.875, 95.875, 139.125, 206.75, 97.8125, 205.125, 119.6875, 166.0, 22.46875, 199.625, 203.75, 22.359375, 0.0, 129.0, 175.875, 222.0, 133.875, 167.125, 83.375, 132.5, 72.6875, 123.125, 181.0, 159.625, 123.25, 47.0625, 33.0, 111.75, 134.125, 122.0625, 94.875, 213.75, 82.6875, 96.5625, 31.046875, 160.5, 32.6875, 137.0, 144.5, 128.0, 122.5625, 95.625], [127.75, 217.0, 107.3125, 159.375, 119.0625, 126.1875, 195.875, 158.625, 124.875, 196.0, 181.25, 186.75, 137.875, 31.90625, 193.125, 221.125, 109.375, 87.9375, 102.9375, 205.25, 136.0, 148.5, 190.875, 97.0, 191.875, 159.125, 209.875, 122.5, 190.75, 145.5, 126.5625, 129.0, 0.0, 231.5, 175.125, 160.625, 185.375, 122.625, 149.5, 177.5, 116.625, 220.0, 143.0, 101.5625, 126.875, 133.625, 90.4375, 5.83203125, 187.625, 94.0625, 170.0, 188.0, 128.75, 159.125, 70.625, 119.3125, 188.125, 160.875, 114.0625, 140.0, 35.15625], [103.9375, 28.28125, 136.5, 93.0, 149.125, 167.5, 62.40625, 100.875, 119.0625, 39.84375, 87.0625, 123.5625, 102.0625, 200.125, 39.21875, 39.9375, 169.375, 160.125, 130.375, 34.125, 97.625, 90.0625, 112.875, 134.5, 108.875, 72.5, 25.296875, 156.75, 101.625, 169.125, 154.875, 175.875, 231.5, 0.0, 160.0, 72.8125, 63.9375, 113.0, 85.4375, 112.625, 119.1875, 27.890625, 114.1875, 135.625, 133.0, 143.25, 143.0, 232.75, 53.9375, 137.5, 153.0, 108.0625, 103.8125, 166.0, 198.75, 149.25, 44.09375, 77.8125, 124.25, 92.9375, 203.0], [116.1875, 132.0, 86.9375, 77.0625, 60.75, 213.0, 179.25, 67.625, 82.8125, 153.625, 73.3125, 38.09375, 152.125, 149.625, 131.75, 123.5625, 201.375, 170.5, 137.625, 161.25, 136.625, 95.0, 49.25, 124.5625, 53.15625, 128.375, 136.5, 200.5, 59.53125, 30.8125, 202.25, 222.0, 175.125, 160.0, 0.0, 112.3125, 98.0, 142.875, 103.9375, 206.875, 99.25, 133.0, 65.625, 99.625, 180.375, 197.375, 112.75, 172.0, 160.125, 127.875, 8.6015625, 211.25, 131.75, 235.5, 106.5, 190.375, 141.75, 99.0, 94.0, 109.0625, 170.5], [33.53125, 56.59375, 64.375, 35.34375, 81.625, 124.4375, 67.4375, 44.71875, 48.09375, 46.375, 49.40625, 85.8125, 51.53125, 128.875, 33.59375, 62.625, 119.625, 100.0, 64.5625, 55.90625, 38.3125, 20.03125, 79.25, 64.5, 76.5625, 16.96875, 49.53125, 111.625, 69.8125, 110.3125, 111.5625, 133.875, 160.625, 72.8125, 112.3125, 0.0, 33.375, 53.0, 13.0, 97.5625, 46.40625, 59.6875, 50.5, 62.8125, 86.8125, 102.4375, 70.75, 161.375, 48.84375, 68.0, 103.875, 100.4375, 40.125, 136.875, 126.5625, 101.8125, 34.71875, 13.6015625, 51.625, 20.609375, 134.625], [63.78125, 38.09375, 80.8125, 30.53125, 87.3125, 157.75, 86.625, 37.34375, 62.375, 57.71875, 25.0, 64.25, 84.625, 153.5, 34.53125, 36.78125, 153.0, 132.25, 95.875, 64.25, 71.6875, 37.15625, 55.0, 93.0, 51.46875, 48.09375, 39.125, 144.875, 43.90625, 105.25, 144.75, 167.125, 185.375, 63.9375, 98.0, 33.375, 0.0, 86.125, 38.625, 125.8125, 68.875, 40.25, 51.96875, 84.0625, 120.0625, 135.5, 95.25, 185.375, 67.625, 96.8125, 90.4375, 126.8125, 73.0, 168.875, 141.125, 135.125, 46.875, 25.703125, 71.5625, 49.65625, 162.75], [27.453125, 105.375, 63.15625, 76.5625, 91.6875, 73.9375, 73.8125, 83.25, 60.3125, 74.8125, 97.4375, 126.9375, 16.5, 93.3125, 77.8125, 113.9375, 67.0625, 48.09375, 20.125, 83.625, 15.8125, 55.71875, 123.4375, 32.125, 121.75, 42.71875, 95.25, 60.9375, 116.25, 129.5, 61.71875, 83.375, 122.625, 113.0, 142.875, 53.0, 86.125, 0.0, 49.46875, 71.5625, 44.65625, 108.5, 78.125, 52.1875, 38.0, 55.0, 48.0, 124.875, 65.125, 32.75, 134.375, 79.5, 13.34375, 92.75, 112.1875, 50.6875, 68.9375, 61.96875, 51.09375, 39.21875, 91.25], [25.171875, 67.625, 51.4375, 29.0625, 69.1875, 123.0625, 78.0625, 37.53125, 35.15625, 59.03125, 48.09375, 80.8125, 52.15625, 117.625, 46.3125, 72.0, 116.5, 94.0, 57.3125, 68.6875, 37.125, 8.9453125, 75.6875, 54.78125, 73.5625, 25.0, 61.625, 110.0625, 67.5625, 99.4375, 110.5, 132.5, 149.5, 85.4375, 103.9375, 13.0, 38.625, 49.46875, 0.0, 103.4375, 33.96875, 70.625, 39.84375, 50.34375, 86.0, 102.4375, 59.1875, 150.0, 60.125, 58.53125, 95.375, 107.375, 36.125, 138.5, 113.625, 99.9375, 47.53125, 13.0390625, 38.84375, 11.046875, 124.875], [93.125, 122.6875, 134.125, 132.0, 161.75, 67.0, 50.25, 140.875, 127.9375, 77.8125, 146.5, 183.25, 57.25, 153.625, 97.9375, 136.125, 77.25, 89.5625, 88.1875, 79.4375, 71.5625, 112.1875, 176.75, 102.6875, 174.0, 80.625, 110.0625, 61.625, 167.0, 198.125, 58.0, 72.6875, 177.5, 112.625, 206.875, 97.5625, 125.8125, 71.5625, 103.4375, 0.0, 114.25, 125.25, 141.5, 123.6875, 50.59375, 47.0, 119.0625, 181.25, 62.96875, 102.3125, 198.25, 10.8203125, 78.1875, 54.59375, 182.25, 60.21875, 83.1875, 111.0625, 121.125, 97.9375, 142.5], [22.09375, 101.3125, 21.0, 45.40625, 47.53125, 114.0625, 102.5, 48.09375, 16.640625, 89.6875, 68.5, 88.5625, 57.0, 84.75, 80.0, 104.5625, 103.375, 74.625, 38.9375, 99.5625, 43.1875, 31.90625, 87.6875, 28.4375, 87.0, 51.53125, 95.5625, 101.375, 83.1875, 84.875, 103.0625, 123.125, 116.625, 119.1875, 99.25, 46.40625, 68.875, 44.65625, 33.96875, 114.25, 0.0, 104.25, 37.34375, 16.40625, 81.375, 98.3125, 26.40625, 116.75, 87.125, 32.375, 90.9375, 120.875, 36.0625, 136.5, 81.125, 91.1875, 79.1875, 44.40625, 7.0703125, 26.828125, 94.625], [93.125, 3.162109375, 119.0, 70.6875, 127.5625, 172.0, 76.9375, 77.5, 100.75, 47.4375, 61.0, 96.125, 101.125, 188.25, 31.25, 12.8046875, 171.0, 156.625, 123.1875, 47.5, 92.75, 72.8125, 85.3125, 124.1875, 81.3125, 65.8125, 15.296875, 160.125, 74.125, 144.125, 159.0, 181.0, 220.0, 27.890625, 133.0, 59.6875, 40.25, 108.5, 70.625, 125.25, 104.25, 0.0, 92.1875, 120.3125, 135.25, 148.0, 129.75, 220.625, 62.375, 127.625, 126.3125, 122.75, 97.125, 175.75, 180.375, 151.5, 44.09375, 60.09375, 108.1875, 80.125, 194.25], [50.9375, 89.875, 35.90625, 21.46875, 35.34375, 150.375, 117.6875, 16.40625, 21.375, 96.0, 39.125, 51.25, 86.5625, 112.0625, 78.0625, 88.0, 140.375, 111.9375, 76.0625, 105.0625, 71.0625, 31.046875, 51.15625, 65.5, 51.0, 64.875, 88.875, 137.625, 48.5, 59.84375, 139.0, 159.625, 143.0, 114.1875, 65.625, 50.5, 51.96875, 78.125, 39.84375, 141.5, 37.34375, 92.1875, 0.0, 45.0, 116.0625, 133.0, 59.03125, 141.875, 99.3125, 69.375, 57.0, 146.25, 66.4375, 170.875, 90.5625, 127.3125, 84.0, 39.0, 34.53125, 43.5625, 126.6875], [35.90625, 117.4375, 12.8046875, 58.1875, 41.78125, 114.5625, 116.75, 58.84375, 24.328125, 105.625, 80.75, 95.1875, 66.9375, 69.75, 96.375, 120.1875, 102.0, 70.8125, 40.0, 115.4375, 55.0, 47.625, 96.0625, 25.453125, 96.0, 67.25, 111.9375, 102.5625, 93.25, 80.6875, 104.8125, 123.25, 101.5625, 135.625, 99.625, 62.8125, 84.0625, 52.1875, 50.34375, 123.6875, 16.40625, 120.3125, 45.0, 0.0, 85.4375, 101.8125, 14.140625, 101.375, 102.1875, 28.421875, 91.8125, 131.25, 47.03125, 140.0, 65.4375, 92.75, 95.3125, 60.3125, 12.53125, 43.03125, 82.0625], [65.4375, 132.25, 97.625, 114.0625, 126.8125, 37.65625, 78.75, 121.0625, 97.5625, 93.125, 134.125, 164.875, 35.5, 103.4375, 104.125, 143.0, 36.40625, 39.0, 45.65625, 99.625, 49.03125, 93.0, 161.0, 60.8125, 159.25, 72.6875, 120.625, 25.078125, 153.5, 165.375, 24.734375, 47.0625, 126.875, 133.0, 180.375, 86.8125, 120.0625, 38.0, 86.0, 50.59375, 81.375, 135.25, 116.0625, 85.4375, 0.0, 17.03125, 76.9375, 130.625, 79.375, 59.09375, 172.0, 61.09375, 50.59375, 55.1875, 136.25, 16.28125, 91.8125, 97.75, 87.1875, 76.5, 91.9375], [82.4375, 145.0, 114.1875, 130.75, 143.375, 24.328125, 85.25, 137.875, 114.5625, 103.8125, 150.375, 181.75, 50.90625, 113.0625, 117.125, 156.5, 30.40625, 47.03125, 61.84375, 109.25, 65.3125, 109.6875, 177.75, 76.875, 175.875, 87.5625, 133.0, 15.0, 170.0, 182.125, 12.0859375, 33.0, 133.625, 143.25, 197.375, 102.4375, 135.5, 55.0, 102.4375, 47.0, 98.3125, 148.0, 133.0, 101.8125, 17.03125, 0.0, 92.6875, 137.875, 89.25, 74.8125, 189.0, 57.8125, 67.4375, 38.28125, 149.875, 14.3203125, 104.0, 113.875, 104.0625, 93.125, 98.5], [39.65625, 126.8125, 26.0, 71.0625, 53.40625, 103.375, 118.0, 72.4375, 38.0625, 110.4375, 93.9375, 109.3125, 64.0625, 58.53125, 103.9375, 130.75, 89.9375, 58.0, 31.625, 120.25, 54.8125, 58.1875, 110.1875, 16.5, 110.0, 72.125, 120.3125, 91.8125, 107.125, 92.125, 94.375, 111.75, 90.4375, 143.0, 112.75, 70.75, 95.25, 48.0, 59.1875, 119.0625, 26.40625, 129.75, 59.03125, 14.140625, 76.9375, 92.6875, 0.0, 90.8125, 105.1875, 17.890625, 105.125, 127.375, 46.5625, 130.375, 64.375, 82.4375, 101.0, 70.5, 25.3125, 50.21875, 68.6875], [128.875, 217.625, 106.5, 158.75, 116.875, 131.0, 198.375, 157.75, 124.3125, 197.625, 180.375, 184.75, 140.375, 32.5625, 194.125, 221.375, 114.1875, 91.75, 105.0, 207.0, 137.875, 148.625, 189.25, 98.3125, 190.25, 160.5, 210.75, 127.0, 189.375, 142.125, 131.125, 134.125, 5.83203125, 232.75, 172.0, 161.375, 185.375, 124.875, 150.0, 181.25, 116.75, 220.625, 141.875, 101.375, 130.625, 137.875, 90.8125, 0.0, 189.625, 95.5, 167.125, 191.625, 130.5, 164.0, 66.75, 123.5625, 189.5, 161.125, 113.875, 140.75, 39.46875], [66.4375, 59.78125, 107.6875, 83.1875, 129.0, 113.625, 19.234375, 92.625, 94.125, 15.1328125, 91.25, 130.375, 51.21875, 157.625, 35.8125, 73.1875, 115.75, 109.3125, 84.625, 20.25, 51.875, 68.5, 122.0625, 92.8125, 118.6875, 36.125, 47.125, 102.8125, 111.25, 159.125, 101.0, 122.0625, 187.625, 53.9375, 160.125, 48.84375, 67.625, 65.125, 60.125, 62.96875, 87.125, 62.375, 99.3125, 102.1875, 79.375, 89.25, 105.1875, 189.625, 0.0, 94.875, 151.875, 61.40625, 59.6875, 113.875, 167.625, 95.5, 21.265625, 61.40625, 93.75, 61.40625, 156.25], [34.46875, 124.5, 41.21875, 77.0, 70.0, 86.25, 105.6875, 80.375, 48.09375, 102.1875, 100.0625, 120.625, 49.25, 63.125, 99.375, 130.25, 73.625, 42.96875, 14.140625, 111.6875, 43.03125, 60.21875, 120.0625, 4.0, 119.375, 65.125, 116.5, 74.4375, 115.5, 108.875, 76.8125, 94.875, 94.0625, 137.5, 127.875, 68.0, 96.8125, 32.75, 58.53125, 102.3125, 32.375, 127.625, 69.375, 28.421875, 59.09375, 74.8125, 17.890625, 95.5, 94.875, 0.0, 119.875, 111.0, 35.21875, 112.625, 80.0, 64.8125, 94.0625, 71.1875, 35.125, 47.9375, 66.625], [107.625, 125.125, 79.1875, 68.6875, 53.84375, 204.75, 170.875, 59.25, 74.4375, 145.5, 66.0, 33.09375, 143.5, 143.75, 123.9375, 117.25, 193.375, 162.625, 129.375, 153.375, 128.0, 86.4375, 44.0, 116.5, 47.75, 119.875, 129.125, 192.25, 53.59375, 28.65625, 194.0, 213.75, 170.0, 153.0, 8.6015625, 103.875, 90.4375, 134.375, 95.375, 198.25, 90.9375, 126.3125, 57.0, 91.8125, 172.0, 189.0, 105.125, 167.125, 151.875, 119.875, 0.0, 202.75, 123.25, 227.0, 102.4375, 182.125, 133.625, 90.625, 85.8125, 100.4375, 164.125], [99.3125, 120.4375, 141.125, 135.375, 168.25, 77.3125, 46.1875, 144.5, 133.875, 75.5625, 148.5, 186.125, 64.3125, 163.75, 97.125, 134.125, 87.9375, 100.0625, 97.0, 75.875, 77.8125, 116.3125, 179.125, 111.1875, 176.125, 83.625, 107.8125, 72.375, 169.0, 203.875, 68.6875, 82.6875, 188.0, 108.0625, 211.25, 100.4375, 126.8125, 79.5, 107.375, 10.8203125, 120.875, 122.75, 146.25, 131.25, 61.09375, 57.8125, 127.375, 191.625, 61.40625, 111.0, 202.75, 0.0, 84.875, 62.375, 191.0, 71.0, 82.375, 114.0, 127.875, 102.875, 153.0], [15.6171875, 94.0, 56.28125, 63.5, 83.5625, 87.0625, 71.5, 70.5, 50.25, 67.1875, 84.125, 114.25, 21.03125, 98.25, 67.0625, 101.875, 80.4375, 60.03125, 26.625, 76.5625, 8.25, 42.53125, 110.5, 33.125, 108.6875, 31.765625, 84.5, 74.125, 103.0625, 120.375, 74.75, 96.5625, 128.75, 103.8125, 131.75, 40.125, 73.0, 13.34375, 36.125, 78.1875, 36.0625, 97.125, 66.4375, 47.03125, 50.59375, 67.4375, 46.5625, 130.5, 59.6875, 35.21875, 123.25, 84.875, 0.0, 104.625, 110.625, 63.90625, 59.8125, 48.65625, 43.0, 26.0, 99.1875], [120.0, 173.0, 152.375, 167.25, 181.625, 33.0, 104.0625, 174.875, 152.75, 129.0, 185.75, 218.625, 86.3125, 143.5, 146.25, 185.625, 50.09375, 79.375, 100.0, 132.125, 101.5, 146.125, 214.125, 114.875, 212.0, 120.8125, 160.5, 40.15625, 205.75, 220.375, 36.78125, 31.046875, 159.125, 166.0, 235.5, 136.875, 168.875, 92.75, 138.5, 54.59375, 136.5, 175.75, 170.875, 140.0, 55.1875, 38.28125, 130.375, 164.0, 113.875, 112.625, 227.0, 62.375, 104.625, 0.0, 185.0, 48.3125, 132.0, 149.125, 142.375, 129.875, 125.0625], [101.25, 177.75, 62.25, 111.0625, 57.96875, 154.0, 181.625, 106.875, 79.875, 170.875, 129.25, 124.25, 128.375, 52.8125, 159.875, 177.75, 137.75, 105.875, 94.0625, 180.75, 118.875, 108.75, 130.625, 80.0625, 132.375, 132.625, 174.125, 144.875, 133.25, 76.0625, 148.375, 160.5, 70.625, 198.75, 106.5, 126.5625, 141.125, 112.1875, 113.625, 182.25, 81.125, 180.375, 90.5625, 65.4375, 136.25, 149.875, 64.375, 66.75, 167.625, 80.0, 102.4375, 191.0, 110.625, 185.0, 0.0, 137.25, 160.25, 121.1875, 75.125, 107.9375, 77.4375], [77.8125, 148.375, 105.4375, 127.25, 134.5, 23.265625, 94.0, 133.75, 107.8125, 109.375, 148.0, 177.125, 51.09375, 99.0, 120.25, 159.0, 20.25, 33.0, 53.03125, 115.75, 63.5625, 106.375, 174.0, 67.375, 172.375, 88.25, 136.875, 10.296875, 167.0, 173.375, 12.0390625, 32.6875, 119.3125, 149.25, 190.375, 101.8125, 135.125, 50.6875, 99.9375, 60.21875, 91.1875, 151.5, 127.3125, 92.75, 16.28125, 14.3203125, 82.4375, 123.5625, 95.5, 64.8125, 182.125, 71.0, 63.90625, 48.3125, 137.25, 0.0, 108.0625, 112.0625, 96.4375, 89.875, 84.1875], [61.40625, 41.1875, 98.4375, 65.75, 116.25, 128.125, 39.8125, 75.125, 82.6875, 12.0390625, 71.125, 110.4375, 58.8125, 157.0, 14.765625, 53.59375, 127.875, 116.375, 86.375, 21.21875, 53.53125, 54.59375, 101.6875, 91.25, 98.25, 29.0625, 29.0, 116.4375, 90.75, 143.375, 115.1875, 137.0, 188.125, 44.09375, 141.75, 34.71875, 46.875, 68.9375, 47.53125, 83.1875, 79.1875, 44.09375, 84.0, 95.3125, 91.8125, 104.0, 101.0, 189.5, 21.265625, 94.0625, 133.625, 82.375, 59.8125, 132.0, 160.25, 108.0625, 0.0, 45.0, 85.0625, 52.3125, 159.0], [38.21875, 57.28125, 59.1875, 21.9375, 72.25, 135.0, 80.3125, 31.390625, 41.34375, 57.03125, 36.71875, 72.25, 63.0625, 129.0, 39.84375, 60.21875, 129.125, 107.0625, 70.375, 66.0, 48.71875, 12.7265625, 65.9375, 67.375, 63.40625, 30.484375, 53.0, 122.125, 56.875, 98.4375, 122.375, 144.5, 160.875, 77.8125, 99.0, 13.6015625, 25.703125, 61.96875, 13.0390625, 111.0625, 44.40625, 60.09375, 39.0, 60.3125, 97.75, 113.875, 70.5, 161.125, 61.40625, 71.1875, 90.625, 114.0, 48.65625, 149.125, 121.1875, 112.0625, 45.0, 0.0, 48.09375, 24.078125, 137.25], [29.15625, 105.375, 14.0390625, 45.875, 40.71875, 119.0, 109.375, 47.15625, 13.15625, 95.875, 68.6875, 85.625, 63.90625, 82.3125, 85.125, 107.8125, 107.6875, 78.0, 43.59375, 105.6875, 50.21875, 35.375, 85.5625, 31.390625, 85.1875, 57.96875, 100.25, 106.5, 82.0, 78.5, 108.375, 128.0, 114.0625, 124.25, 94.0, 51.625, 71.5625, 51.09375, 38.84375, 121.125, 7.0703125, 108.1875, 34.53125, 12.53125, 87.1875, 104.0625, 25.3125, 113.875, 93.75, 35.125, 85.8125, 127.875, 43.0, 142.375, 75.125, 96.4375, 85.0625, 48.09375, 0.0, 32.90625, 93.9375], [14.140625, 77.125, 46.5625, 37.59375, 68.25, 113.0625, 78.0, 45.0, 33.0625, 62.96875, 58.25, 88.8125, 43.9375, 108.25, 53.8125, 82.375, 106.0, 83.0, 46.28125, 72.8125, 28.421875, 16.546875, 84.625, 44.28125, 82.75, 25.3125, 70.0625, 100.0625, 77.0625, 101.5, 100.75, 122.5625, 140.0, 92.9375, 109.0625, 20.609375, 49.65625, 39.21875, 11.046875, 97.9375, 26.828125, 80.125, 43.5625, 43.03125, 76.5, 93.125, 50.21875, 140.75, 61.40625, 47.9375, 100.4375, 102.875, 26.0, 129.875, 107.9375, 89.875, 52.3125, 24.078125, 32.90625, 0.0, 114.5], [101.125, 191.125, 91.125, 139.75, 110.5, 92.0, 163.0, 140.875, 106.375, 165.875, 162.625, 175.0, 105.5625, 24.765625, 165.625, 196.875, 75.0, 52.9375, 72.625, 174.875, 105.75, 125.5625, 177.25, 70.1875, 177.5, 130.625, 182.875, 87.5625, 175.125, 143.625, 91.6875, 95.625, 35.15625, 203.0, 170.5, 134.625, 162.75, 91.25, 124.875, 142.5, 94.625, 194.25, 126.6875, 82.0625, 91.9375, 98.5, 68.6875, 39.46875, 156.25, 66.625, 164.125, 153.0, 99.1875, 125.0625, 77.4375, 84.1875, 159.0, 137.25, 93.9375, 114.5, 0.0]], "angleGap": [[0.0, 2.046875, 0.8505859375, 1.7998046875, 2.16796875, 0.89892578125, 0.9873046875, 1.6181640625, 0.5146484375, 0.720703125, 1.0498046875, 1.59765625, 2.923828125, 0.17578125, 0.138671875, 2.32421875, 2.60546875, 2.7109375, 0.52880859375, 1.4287109375, 0.693359375, 0.9404296875, 3.083984375, 0.9013671875, 0.4599609375, 0.11572265625, 2.16015625, 0.8408203125, 1.6298828125, 2.115234375, 2.1796875, 2.966796875, 0.255859375, 1.3701171875, 0.0595703125, 0.365234375, 2.041015625, 0.4033203125, 1.46875, 2.00390625, 0.0068359375, 1.2802734375, 2.318359375, 2.017578125, 1.9970703125, 2.681640625, 2.923828125, 0.72607421875, 3.1328125, 1.3603515625, 1.3759765625, 1.7421875, 1.921875, 2.384765625, 2.166015625, 0.40087890625, 0.41796875, 1.9912109375, 0.380859375, 3.11328125], [2.046875, 0.0, 1.197265625, 0.248046875, 2.068359375, 2.947265625, 1.060546875, 0.4296875, 2.5625, 1.3271484375, 0.998046875, 2.638671875, 0.876953125, 2.22265625, 1.9091796875, 1.912109375, 1.630859375, 1.525390625, 2.576171875, 2.806640625, 1.3544921875, 1.107421875, 1.037109375, 1.146484375, 2.5078125, 2.1640625, 2.076171875, 1.20703125, 0.41796875, 2.119140625, 2.056640625, 0.919921875, 2.3046875, 0.677734375, 1.98828125, 1.6826171875, 2.193359375, 1.64453125, 2.767578125, 0.044921875, 2.041015625, 0.767578125, 0.271484375, 2.216796875, 2.236328125, 0.634765625, 0.876953125, 2.7734375, 1.103515625, 0.6875, 2.859375, 2.4921875, 2.314453125, 0.337890625, 2.068359375, 2.44921875, 1.6298828125, 0.056640625, 1.6669921875, 1.123046875], [0.8505859375, 1.197265625, 0.0, 0.94921875, 3.01953125, 1.75, 0.13671875, 0.767578125, 1.365234375, 0.1298828125, 0.19921875, 2.44921875, 2.072265625, 1.0263671875, 0.7119140625, 3.107421875, 2.828125, 2.720703125, 1.37890625, 2.279296875, 0.1572265625, 0.08984375, 2.236328125, 0.05078125, 1.310546875, 0.96630859375, 3.01171875, 0.009765625, 0.779296875, 2.96484375, 3.03125, 2.119140625, 1.1064453125, 0.51953125, 0.791015625, 0.4853515625, 2.890625, 0.447265625, 2.318359375, 1.15234375, 0.84375, 0.4296875, 1.470703125, 2.869140625, 2.84765625, 1.830078125, 2.072265625, 1.576171875, 2.298828125, 0.509765625, 2.2265625, 2.59375, 2.7734375, 1.533203125, 3.015625, 1.251953125, 0.4326171875, 1.140625, 0.4697265625, 2.3203125], [1.7998046875, 0.248046875, 0.94921875, 0.0, 2.314453125, 2.69921875, 0.8125, 0.181640625, 2.314453125, 1.0791015625, 0.75, 2.884765625, 1.123046875, 1.9755859375, 1.6611328125, 2.158203125, 1.876953125, 1.771484375, 2.328125, 3.0546875, 1.1064453125, 0.859375, 1.283203125, 0.8984375, 2.259765625, 1.916015625, 2.322265625, 0.958984375, 0.169921875, 2.369140625, 2.302734375, 1.166015625, 2.0546875, 0.4296875, 1.740234375, 1.4345703125, 2.443359375, 1.396484375, 3.015625, 0.203125, 1.79296875, 0.51953125, 0.517578125, 2.46484375, 2.486328125, 0.884765625, 1.123046875, 2.525390625, 1.349609375, 0.439453125, 3.107421875, 2.740234375, 2.560546875, 0.583984375, 2.318359375, 2.201171875, 1.3818359375, 0.19140625, 1.4189453125, 1.369140625], [2.16796875, 2.068359375, 3.01953125, 2.314453125, 0.0, 1.26953125, 3.126953125, 2.498046875, 1.6533203125, 2.888671875, 3.064453125, 0.5703125, 1.1923828125, 1.9921875, 2.306640625, 0.15625, 0.4365234375, 0.5439453125, 1.638671875, 0.7392578125, 2.861328125, 3.109375, 1.0302734375, 3.0703125, 1.7080078125, 2.052734375, 0.0078125, 3.0078125, 2.486328125, 0.052734375, 0.01171875, 1.1474609375, 1.912109375, 2.744140625, 2.2265625, 2.533203125, 0.12744140625, 2.5703125, 0.69970703125, 2.111328125, 2.17578125, 2.833984375, 1.7958984375, 0.14990234375, 0.1708984375, 1.4326171875, 1.1923828125, 1.44140625, 0.9658203125, 2.755859375, 0.7919921875, 0.42529296875, 0.24609375, 1.7314453125, 0.001953125, 1.767578125, 2.5859375, 2.123046875, 2.548828125, 0.9443359375], [0.89892578125, 2.947265625, 1.75, 2.69921875, 1.26953125, 0.0, 1.88671875, 2.517578125, 0.38427734375, 1.619140625, 1.94921875, 0.69873046875, 2.4609375, 0.72314453125, 1.037109375, 1.42578125, 1.705078125, 1.8125, 0.3701171875, 0.529296875, 1.591796875, 1.83984375, 2.298828125, 1.80078125, 0.43896484375, 0.783203125, 1.26171875, 1.740234375, 2.529296875, 1.216796875, 1.28125, 2.416015625, 0.64306640625, 2.26953125, 0.95849609375, 1.263671875, 1.1416015625, 1.302734375, 0.5693359375, 2.90234375, 0.90576171875, 2.1796875, 3.064453125, 1.119140625, 1.09765625, 2.701171875, 2.4609375, 0.1728515625, 2.234375, 2.259765625, 0.47705078125, 0.84375, 1.0234375, 3.0, 1.267578125, 0.498046875, 1.31640625, 2.890625, 1.279296875, 2.212890625], [0.9873046875, 1.060546875, 0.13671875, 0.8125, 3.126953125, 1.88671875, 0.0, 0.630859375, 1.501953125, 0.2666015625, 0.0625, 2.5859375, 1.935546875, 1.1630859375, 0.8486328125, 2.970703125, 2.69140625, 2.583984375, 1.515625, 2.416015625, 0.2939453125, 0.046875, 2.095703125, 0.0859375, 1.447265625, 1.103515625, 3.134765625, 0.146484375, 0.642578125, 3.1015625, 3.115234375, 1.978515625, 1.2431640625, 0.3828125, 0.927734375, 0.6220703125, 3.02734375, 0.583984375, 2.455078125, 1.015625, 0.98046875, 0.29296875, 1.330078125, 3.005859375, 2.984375, 1.697265625, 1.935546875, 1.712890625, 2.162109375, 0.373046875, 2.36328125, 2.73046875, 2.91015625, 1.396484375, 3.130859375, 1.388671875, 0.5693359375, 1.00390625, 0.6064453125, 2.181640625], [1.6181640625, 0.4296875, 0.767578125, 0.181640625, 2.498046875, 2.517578125, 0.630859375, 0.0, 2.1328125, 0.8974609375, 0.568359375, 3.068359375, 1.306640625, 1.7939453125, 1.4794921875, 2.341796875, 2.060546875, 1.955078125, 2.146484375, 3.046875, 0.9248046875, 0.677734375, 1.466796875, 0.716796875, 2.078125, 1.734375, 2.505859375, 0.77734375, 0.01171875, 2.548828125, 2.486328125, 1.349609375, 1.8740234375, 0.248046875, 1.55859375, 1.2529296875, 2.625, 1.21484375, 3.0859375, 0.384765625, 1.611328125, 0.337890625, 0.701171875, 2.646484375, 2.66796875, 1.064453125, 1.306640625, 2.34375, 1.533203125, 0.2578125, 2.994140625, 2.921875, 2.744140625, 0.767578125, 2.498046875, 2.01953125, 1.2001953125, 0.373046875, 1.2373046875, 1.552734375], [0.5146484375, 2.5625, 1.365234375, 2.314453125, 1.6533203125, 0.38427734375, 1.501953125, 2.1328125, 0.0, 1.2353515625, 1.564453125, 1.0830078125, 2.845703125, 0.3388671875, 0.6533203125, 1.8095703125, 2.08984375, 2.197265625, 0.01416015625, 0.9140625, 1.2080078125, 1.455078125, 2.68359375, 1.416015625, 0.0546875, 0.39892578125, 1.6455078125, 1.35546875, 2.14453125, 1.6005859375, 1.6650390625, 2.80078125, 0.2587890625, 1.884765625, 0.57421875, 0.8798828125, 1.525390625, 0.91796875, 0.95361328125, 2.517578125, 0.521484375, 1.794921875, 2.833984375, 1.50390625, 1.482421875, 3.0859375, 2.845703125, 0.21142578125, 2.619140625, 1.875, 0.861328125, 1.228515625, 1.4072265625, 2.8984375, 1.6513671875, 0.11376953125, 0.9326171875, 2.505859375, 0.8955078125, 2.59765625], [0.720703125, 1.3271484375, 0.1298828125, 1.0791015625, 2.888671875, 1.619140625, 0.2666015625, 0.8974609375, 1.2353515625, 0.0, 0.3291015625, 2.318359375, 2.201171875, 0.896484375, 0.58203125, 3.044921875, 2.958984375, 2.849609375, 1.25, 2.1484375, 0.02734375, 0.2197265625, 2.365234375, 0.1806640625, 1.1806640625, 0.83642578125, 2.880859375, 0.1201171875, 0.9091796875, 2.8359375, 2.900390625, 2.248046875, 0.9765625, 0.6494140625, 0.6611328125, 0.35546875, 2.76171875, 0.3173828125, 2.189453125, 1.2822265625, 0.7138671875, 0.5595703125, 1.599609375, 2.73828125, 2.71875, 1.962890625, 2.201171875, 1.447265625, 2.427734375, 0.6396484375, 2.09765625, 2.462890625, 2.642578125, 1.662109375, 2.88671875, 1.12109375, 0.302734375, 1.2705078125, 0.33984375, 2.451171875], [1.0498046875, 0.998046875, 0.19921875, 0.75, 3.064453125, 1.94921875, 0.0625, 0.568359375, 1.564453125, 0.3291015625, 0.0, 2.6484375, 1.873046875, 1.2255859375, 0.9111328125, 2.908203125, 2.62890625, 2.521484375, 1.578125, 2.478515625, 0.3564453125, 0.109375, 2.033203125, 0.1484375, 1.50976562