{"name": "LZB_n60_15", "n": 60, "m": 8, "times": [[0.0, 84.5, 34.65625, 48.5625, 38.3125, 94.3125, 90.375, 99.3125, 105.125, 115.125, 77.8125, 80.9375, 111.25, 112.0, 43.65625, 128.875, 87.6875, 78.625, 87.0625, 35.46875, 108.75, 26.828125, 87.6875, 39.21875, 34.46875, 97.0625, 88.625, 79.25, 82.375, 35.4375, 63.5625, 102.5, 103.25, 100.0, 78.625, 96.5, 89.8125, 71.5, 93.625, 44.28125, 58.78125, 79.1875, 116.1875, 26.921875, 87.125, 105.375, 50.8125, 118.0, 7.2109375, 96.0, 106.5, 89.6875, 20.25, 59.375, 90.4375, 93.4375, 22.671875, 125.1875, 100.5, 87.5625, 90.5], [84.5, 0.0, 119.0, 132.75, 69.875, 104.6875, 173.375, 175.375, 159.125, 30.609375, 31.328125, 162.5, 37.0, 32.0625, 126.5, 213.375, 140.125, 54.125, 113.0, 119.625, 154.25, 82.625, 143.625, 111.25, 71.5625, 153.5, 125.5625, 56.375, 159.5, 58.53125, 44.40625, 183.625, 185.25, 168.75, 128.25, 159.75, 48.375, 90.9375, 93.375, 48.09375, 142.875, 6.32421875, 198.625, 110.3125, 40.3125, 128.375, 123.5, 160.75, 84.0625, 79.0625, 190.25, 149.375, 64.4375, 97.0625, 23.859375, 90.6875, 88.125, 157.75, 128.0, 91.4375, 105.0625], [34.65625, 119.0, 0.0, 13.890625, 66.625, 107.125, 56.3125, 70.875, 92.625, 149.625, 111.625, 48.375, 144.0, 146.625, 12.6484375, 94.75, 87.0, 106.0, 101.25, 10.0, 109.0, 46.25, 76.6875, 38.59375, 62.65625, 84.125, 97.125, 106.125, 54.125, 65.8125, 93.5, 73.75, 73.375, 77.375, 74.25, 86.3125, 122.0, 86.0625, 116.375, 76.0625, 26.921875, 113.8125, 85.5, 15.5234375, 120.1875, 117.625, 35.0, 110.8125, 35.34375, 118.125, 74.125, 75.6875, 54.90625, 69.0625, 123.3125, 116.9375, 38.625, 122.6875, 111.5, 104.3125, 102.25], [48.5625, 132.75, 13.890625, 0.0, 79.625, 114.1875, 42.71875, 60.71875, 90.1875, 163.375, 125.375, 36.0, 157.25, 160.5, 11.0, 81.375, 91.1875, 117.75, 110.0625, 18.03125, 112.8125, 57.8125, 75.6875, 46.84375, 75.6875, 81.8125, 104.1875, 117.625, 44.78125, 78.75, 106.0, 64.5, 63.34375, 70.4375, 76.25, 86.625, 135.5, 94.375, 127.5, 89.1875, 18.109375, 127.625, 74.625, 27.171875, 133.75, 125.5625, 36.125, 110.125, 48.90625, 128.125, 62.15625, 73.25, 68.8125, 76.5, 136.5, 128.25, 50.25, 123.6875, 119.125, 112.8125, 109.125], [38.3125, 69.875, 66.625, 79.625, 0.0, 121.0, 122.25, 136.0, 142.875, 97.9375, 50.25, 115.0, 104.5625, 89.1875, 78.1875, 153.125, 72.25, 89.5, 55.9375, 62.375, 89.375, 59.625, 125.375, 43.9375, 4.0, 135.0, 63.0625, 90.9375, 119.0, 51.625, 71.8125, 117.4375, 119.875, 138.125, 115.125, 90.125, 56.46875, 98.875, 55.9375, 53.15625, 83.25, 63.5625, 133.25, 52.625, 56.09375, 74.4375, 89.0625, 154.375, 44.0, 112.9375, 127.3125, 127.8125, 29.0, 91.4375, 85.3125, 55.46875, 58.59375, 159.625, 71.125, 111.3125, 118.25], [94.3125, 104.6875, 107.125, 114.1875, 121.0, 0.0, 134.875, 115.9375, 72.6875, 123.9375, 125.5625, 120.875, 98.0625, 134.875, 103.25, 184.75, 182.0, 51.1875, 176.625, 115.5, 203.0, 67.6875, 65.125, 132.625, 118.6875, 71.5625, 181.25, 49.03125, 107.3125, 69.6875, 61.71875, 178.625, 177.125, 98.5, 50.21875, 189.25, 144.625, 22.84375, 173.25, 71.5, 132.125, 104.9375, 187.375, 112.8125, 137.5, 195.25, 80.625, 63.59375, 87.3125, 33.0, 173.375, 72.9375, 92.375, 38.0625, 87.125, 171.875, 73.5, 55.0, 191.375, 13.34375, 5.38671875], [90.375, 173.375, 56.3125, 42.71875, 122.25, 134.875, 0.0, 34.46875, 85.8125, 203.875, 167.875, 13.9296875, 194.875, 202.125, 47.0, 50.0, 121.25, 151.125, 147.5, 60.03125, 140.875, 93.5, 78.125, 86.0, 118.375, 79.25, 139.0, 150.625, 30.0, 116.8125, 142.125, 61.59375, 57.3125, 54.71875, 87.125, 108.75, 178.125, 119.5, 168.0, 127.625, 43.40625, 168.625, 61.6875, 69.625, 176.5, 161.125, 56.875, 108.75, 89.5625, 156.125, 46.1875, 72.0, 110.4375, 101.1875, 174.625, 169.0, 86.6875, 126.1875, 154.25, 137.25, 129.5], [99.3125, 175.375, 70.875, 60.71875, 136.0, 115.9375, 34.46875, 0.0, 55.21875, 204.75, 175.875, 27.796875, 190.75, 206.125, 58.40625, 78.0625, 149.625, 143.0, 170.75, 78.3125, 170.375, 92.6875, 52.40625, 107.5625, 132.0, 50.21875, 164.5, 142.0, 17.0, 116.8125, 137.875, 96.0625, 91.8125, 22.0, 65.75, 140.125, 189.0, 105.375, 187.25, 127.375, 70.0, 171.375, 95.625, 86.3125, 186.0, 186.125, 51.875, 78.125, 96.0, 142.25, 80.25, 44.9375, 117.5625, 88.625, 171.875, 187.75, 87.625, 96.5, 179.625, 121.375, 110.6875], [105.125, 159.125, 92.625, 90.1875, 142.875, 72.6875, 85.8125, 55.21875, 0.0, 184.875, 169.625, 74.0, 164.0, 191.25, 81.5625, 133.0, 179.625, 114.0, 190.25, 102.5625, 201.625, 85.1875, 17.46875, 130.375, 139.25, 8.484375, 188.5, 112.375, 56.28125, 104.8125, 115.75, 144.25, 140.75, 33.375, 31.0, 176.875, 186.375, 71.8125, 198.625, 113.1875, 106.3125, 157.0, 147.125, 106.3125, 181.125, 207.875, 58.125, 23.015625, 98.875, 104.25, 131.625, 17.03125, 116.6875, 62.0625, 148.5, 198.25, 84.5, 41.3125, 202.25, 82.3125, 68.25], [115.125, 30.609375, 149.625, 163.375, 97.9375, 123.9375, 203.875, 204.75, 184.875, 0.0, 51.25, 192.75, 30.8125, 18.78125, 157.0, 244.0, 165.5, 73.125, 134.375, 150.125, 177.5, 112.25, 170.25, 140.625, 100.125, 179.875, 148.375, 75.1875, 189.25, 88.125, 69.25, 213.625, 215.375, 197.0, 154.25, 186.5, 61.0, 114.1875, 110.0625, 77.375, 173.375, 36.0625, 228.75, 140.75, 54.15625, 147.625, 153.0, 184.0, 114.625, 93.875, 220.625, 176.375, 95.0, 123.1875, 37.0, 107.0, 118.125, 178.625, 148.5, 110.625, 125.375], [77.8125, 31.328125, 111.625, 125.375, 50.25, 125.5625, 167.875, 175.875, 169.625, 51.25, 0.0, 158.75, 67.75, 39.40625, 121.4375, 202.5, 114.375, 78.5625, 83.625, 109.5625, 126.375, 86.0, 152.875, 94.1875, 53.25, 162.875, 97.3125, 80.75, 159.25, 64.75, 64.0625, 167.75, 170.125, 173.25, 138.875, 136.0, 19.203125, 107.9375, 62.15625, 57.28125, 131.875, 26.40625, 183.5, 99.75, 12.0859375, 98.0, 124.875, 175.125, 80.0625, 104.6875, 177.25, 157.375, 58.46875, 109.125, 54.625, 59.4375, 89.25, 175.125, 98.1875, 112.875, 124.8125], [80.9375, 162.5, 48.375, 36.0, 115.0, 120.875, 13.9296875, 27.796875, 74.0, 192.75, 158.75, 0.0, 182.625, 191.875, 37.375, 63.875, 122.125, 138.0, 145.0, 54.03125, 142.75, 81.375, 65.0, 82.1875, 111.0, 66.9375, 137.875, 137.5, 17.71875, 105.125, 129.75, 70.75, 67.0625, 44.78125, 73.375, 112.3125, 170.125, 105.6875, 163.5, 115.9375, 42.5, 157.875, 73.1875, 63.03125, 167.875, 159.75, 43.40625, 96.6875, 79.3125, 142.375, 57.71875, 59.3125, 100.6875, 87.4375, 162.625, 164.25, 74.875, 113.625, 153.0, 123.4375, 115.5], [111.25, 37.0, 144.0, 157.25, 104.5625, 98.0625, 194.875, 190.75, 164.0, 30.8125, 67.75, 182.625, 0.0, 48.09375, 149.25, 238.625, 176.125, 50.0, 150.0, 146.625, 191.0, 101.3125, 150.875, 143.125, 105.625, 160.0, 162.375, 51.65625, 176.375, 78.5, 53.0, 213.375, 214.375, 180.25, 134.375, 194.625, 82.875, 92.1875, 129.875, 68.0, 169.75, 43.0, 227.5, 138.125, 75.0, 165.375, 140.375, 160.375, 108.875, 66.1875, 217.625, 157.625, 92.8125, 104.375, 20.8125, 127.125, 108.25, 153.0, 165.0, 85.1875, 100.3125], [112.0, 32.0625, 146.625, 160.5, 89.1875, 134.875, 202.125, 206.125, 191.25, 18.78125, 39.40625, 191.875, 48.09375, 0.0, 155.25, 239.625, 153.0, 83.6875, 119.625, 145.875, 163.5, 113.625, 175.75, 133.0, 91.9375, 185.625, 134.375, 85.875, 190.125, 89.75, 76.125, 206.5, 208.625, 200.5, 160.25, 175.125, 44.71875, 122.5, 93.625, 79.625, 168.75, 34.9375, 222.125, 136.25, 38.90625, 131.875, 154.375, 192.5, 112.6875, 106.75, 215.125, 181.375, 91.8125, 129.125, 48.46875, 90.5625, 118.625, 188.75, 133.25, 121.5, 135.75], [43.65625, 126.5, 12.6484375, 11.0, 78.1875, 103.25, 47.0, 58.40625, 81.5625, 157.0, 121.4375, 37.375, 149.25, 155.25, 0.0, 89.8125, 98.375, 108.25, 113.875, 21.640625, 120.1875, 48.59375, 66.3125, 51.0, 74.1875, 73.125, 109.4375, 108.0625, 41.59375, 70.75, 97.3125, 75.4375, 74.125, 64.875, 65.8125, 95.6875, 132.75, 83.5625, 128.875, 81.375, 29.0625, 121.5625, 85.1875, 28.15625, 130.5, 130.125, 25.625, 100.6875, 42.53125, 117.625, 72.25, 64.5625, 63.5625, 65.625, 128.75, 129.375, 41.21875, 113.625, 123.9375, 102.0, 98.125], [128.875, 213.375, 94.75, 81.375, 153.125, 184.75, 50.0, 78.0625, 133.0, 244.0, 202.5, 63.875, 238.625, 239.625, 89.8125, 0.0, 127.0625, 197.75, 162.25, 93.875, 141.625, 138.375, 127.25, 110.5, 149.75, 127.25, 149.75, 197.5, 79.25, 160.125, 187.125, 47.15625, 42.0625, 100.0625, 137.0, 106.5, 209.375, 168.625, 188.5, 170.625, 70.8125, 207.875, 33.84375, 103.4375, 209.25, 171.375, 105.5625, 156.0, 130.125, 204.875, 28.28125, 120.6875, 148.875, 150.25, 218.0, 190.25, 131.0, 174.125, 164.5, 186.75, 179.375], [87.6875, 140.125, 87.0, 91.1875, 72.25, 182.0, 121.25, 149.625, 179.625, 165.5, 114.375, 122.125, 176.125, 153.0, 98.375, 127.0625, 0.0, 159.75, 40.21875, 77.0625, 22.015625, 114.375, 163.625, 50.78125, 72.0, 171.125, 24.59375, 160.875, 135.125, 117.875, 142.375, 80.375, 85.1875, 161.625, 159.625, 25.234375, 110.4375, 159.125, 71.0625, 122.5625, 79.625, 133.875, 96.1875, 74.1875, 114.5, 44.71875, 121.8125, 197.375, 94.6875, 181.0, 99.0, 162.625, 94.0625, 146.25, 157.375, 73.75, 109.1875, 208.125, 37.84375, 174.875, 178.125], [78.625, 54.125, 106.0, 117.75, 89.5, 51.1875, 151.125, 143.0, 114.0, 73.125, 78.5625, 138.0, 50.0, 83.6875, 108.25, 197.75, 159.75, 0.0, 144.25, 111.0625, 178.375, 59.9375, 101.0, 116.625, 88.625, 110.0625, 152.5, 2.236328125, 129.75, 43.40625, 17.71875, 179.25, 179.25, 131.125, 84.5, 173.125, 97.75, 42.1875, 133.75, 37.125, 132.875, 55.21875, 191.5, 104.375, 90.125, 162.125, 94.75, 111.25, 73.75, 26.171875, 179.875, 107.9375, 66.0, 55.0625, 36.125, 131.75, 67.5625, 105.5625, 159.75, 37.84375, 52.34375], [87.0625, 113.0, 101.25, 110.0625, 55.9375, 176.625, 147.5, 170.75, 190.25, 134.375, 83.625, 145.0, 150.0, 119.625, 113.875, 162.25, 40.21875, 144.25, 0.0, 92.6875, 44.28125, 112.5625, 173.125, 63.25, 57.96875, 182.0, 16.28125, 145.875, 154.625, 107.5625, 126.5, 117.1875, 121.5, 178.625, 165.375, 65.4375, 75.25, 154.25, 31.109375, 108.75, 104.0625, 107.0, 133.5, 85.9375, 80.75, 18.59375, 132.75, 204.75, 94.0625, 168.5, 134.0, 174.0, 84.3125, 145.25, 133.5, 33.96875, 109.625, 212.125, 15.5234375, 167.25, 173.625], [35.46875, 119.625, 10.0, 18.03125, 62.375, 115.5, 60.03125, 78.3125, 102.5625, 150.125, 109.5625, 54.03125, 146.625, 145.875, 21.640625, 93.875, 77.0625, 111.0625, 92.6875, 0.0, 99.0625, 52.1875, 86.6875, 29.546875, 58.53125, 94.0625, 87.8125, 111.3125, 61.96875, 69.375, 97.5, 68.125, 68.4375, 86.375, 84.125, 76.5, 118.625, 94.0, 109.4375, 79.0625, 23.34375, 114.125, 81.125, 9.8515625, 117.375, 108.6875, 45.0, 120.8125, 38.09375, 124.75, 71.0625, 85.5625, 55.1875, 77.5, 125.8125, 110.25, 44.71875, 132.625, 102.4375, 112.0, 110.75], [108.75, 154.25, 109.0, 112.8125, 89.375, 203.0, 140.875, 170.375, 201.625, 177.5, 126.375, 142.75, 191.0, 163.5, 120.1875, 141.625, 22.015625, 178.375, 44.28125, 99.0625, 0.0, 135.625, 185.625, 72.6875, 89.8125, 193.125, 29.125, 179.75, 156.25, 137.5, 160.75, 94.4375, 99.625, 183.0, 181.625, 35.125, 119.375, 180.125, 74.3125, 141.375, 100.375, 148.125, 109.0, 96.1875, 124.625, 39.0625, 143.875, 219.5, 115.875, 200.625, 114.25, 184.625, 113.5, 167.75, 173.125, 77.375, 130.625, 230.0, 33.96875, 195.5, 199.25], [26.828125, 82.625, 46.25, 57.8125, 59.625, 67.6875, 93.5, 92.6875, 85.1875, 112.25, 86.0, 81.375, 101.3125, 113.625, 48.59375, 138.375, 114.375, 59.9375, 112.5625, 52.1875, 135.625, 0.0, 67.9375, 65.0, 56.40625, 77.875, 115.125, 59.9375, 76.9375, 24.171875, 48.84375, 119.875, 119.625, 87.5625, 55.9375, 122.0, 101.6875, 44.9375, 115.4375, 34.875, 73.1875, 78.75, 131.75, 47.03125, 97.125, 131.0, 40.84375, 94.875, 19.703125, 72.6875, 119.875, 71.6875, 31.78125, 32.8125, 81.1875, 114.75, 7.6171875, 100.125, 126.5, 61.65625, 63.6875], [87.6875, 143.625, 76.6875, 75.6875, 125.375, 65.125, 78.125, 52.40625, 17.46875, 170.25, 152.875, 65.0, 150.875, 175.75, 66.3125, 127.25, 163.625, 101.0, 173.125, 86.6875, 185.625, 67.9375, 0.0, 113.875, 121.75, 10.046875, 171.75, 99.5625, 48.15625, 88.1875, 101.0, 133.25, 130.25, 33.40625, 16.546875, 162.0, 169.375, 59.46875, 181.125, 97.0, 92.625, 141.25, 137.75, 89.8125, 164.375, 190.75, 41.78125, 34.46875, 81.4375, 94.375, 122.4375, 7.80859375, 99.3125, 47.0625, 134.375, 180.875, 67.0625, 49.25, 185.25, 72.625, 60.09375], [39.21875, 111.25, 38.59375, 46.84375, 43.9375, 132.625, 86.0, 107.5625, 130.375, 140.625, 94.1875, 82.1875, 143.125, 133.0, 51.0, 110.5, 50.78125, 116.625, 63.25, 29.546875, 72.6875, 65.0, 113.875, 0.0, 41.0, 121.9375, 58.53125, 117.4375, 91.4375, 73.25, 100.4375, 73.5625, 75.9375, 115.8125, 109.0, 57.3125, 99.125, 109.875, 82.0, 80.4375, 43.28125, 105.125, 89.375, 24.078125, 99.625, 79.1875, 72.25, 147.25, 45.71875, 135.125, 83.875, 113.5625, 51.65625, 96.0, 122.75, 83.125, 59.125, 157.375, 72.9375, 126.5, 128.375], [34.46875, 71.5625, 62.65625, 75.6875, 4.0, 118.6875, 118.375, 132.0, 139.25, 100.125, 53.25, 111.0, 105.625, 91.9375, 74.1875, 149.75, 72.0, 88.625, 57.96875, 58.53125, 89.8125, 56.40625, 121.75, 41.0, 0.0, 131.25, 64.1875, 90.0, 115.0, 49.65625, 71.0, 114.5625, 116.875, 134.125, 111.625, 89.0, 60.15625, 96.375, 59.46875, 51.9375, 79.625, 65.3125, 130.25, 48.75, 59.53125, 76.5625, 85.125, 151.0, 40.3125, 111.625, 124.0625, 124.0625, 26.40625, 88.4375, 86.125, 59.09375, 55.0625, 156.5, 72.9375, 109.25, 115.8125], [97.0625, 153.5, 84.125, 81.8125, 135.0, 71.5625, 79.25, 50.21875, 8.484375, 179.875, 162.875, 66.9375, 160.0, 185.625, 73.125, 127.25, 171.125, 110.0625, 182.0, 94.0625, 193.125, 77.875, 10.046875, 121.9375, 131.25, 0.0, 180.125, 108.5, 49.375, 98.25, 110.625, 136.625, 133.375, 29.15625, 25.703125, 168.5, 179.375, 68.125, 190.625, 107.0, 98.125, 151.125, 140.125, 97.8125, 174.375, 199.5, 49.6875, 29.828125, 91.0, 102.0625, 124.625, 8.6015625, 109.1875, 56.71875, 143.875, 190.375, 76.875, 47.0, 193.75, 80.125, 66.8125], [88.625, 125.5625, 97.125, 104.1875, 63.0625, 181.25, 139.0, 164.5, 188.5, 148.375, 97.3125, 137.875, 162.375, 134.375, 109.4375, 149.75, 24.59375, 152.5, 16.28125, 87.8125, 29.125, 115.125, 171.75, 58.53125, 64.1875, 180.125, 0.0, 154.0, 149.0, 113.4375, 134.875, 103.75, 108.3125, 174.125, 165.5, 49.75, 90.5, 158.5, 47.375, 116.0625, 95.875, 119.4375, 119.875, 82.4375, 95.5, 22.203125, 130.375, 204.375, 95.8125, 175.875, 121.5, 171.875, 89.5625, 147.875, 145.0, 50.25, 111.1875, 213.125, 15.296875, 172.625, 177.875], [79.25, 56.375, 106.125, 117.625, 90.9375, 49.03125, 150.625, 142.0, 112.375, 75.1875, 80.75, 137.5, 51.65625, 85.875, 108.0625, 197.5, 160.875, 2.236328125, 145.875, 111.3125, 179.75, 59.9375, 99.5625, 117.4375, 90.0, 108.5, 154.0, 0.0, 128.875, 44.1875, 19.3125, 179.375, 179.375, 129.875, 83.0, 174.0, 99.875, 40.53125, 135.625, 38.3125, 133.0, 57.46875, 191.625, 104.8125, 92.3125, 163.75, 94.125, 109.3125, 74.1875, 24.078125, 179.75, 106.5, 67.0625, 53.84375, 38.21875, 133.75, 67.5625, 103.5, 161.25, 35.6875, 50.25], [82.375, 159.5, 54.125, 44.78125, 119.0, 107.3125, 30.0, 17.0, 56.28125, 189.25, 159.25, 17.71875, 176.375, 190.125, 41.59375, 79.25, 135.125, 129.75, 154.625, 61.96875, 156.25, 76.9375, 48.15625, 91.4375, 115.0, 49.375, 149.0, 128.875, 0.0, 101.125, 123.4375, 88.375, 84.75, 27.796875, 58.1875, 127.3125, 172.125, 94.1875, 170.5, 111.8125, 56.09375, 155.5, 90.8125, 69.625, 169.125, 170.25, 36.25, 79.0625, 79.25, 131.25, 75.3125, 42.0, 100.8125, 76.5625, 157.125, 171.0, 71.5, 96.25, 163.875, 111.25, 101.9375], [35.4375, 58.53125, 65.8125, 78.75, 51.625, 69.6875, 116.8125, 116.8125, 104.8125, 88.125, 64.75, 105.125, 78.5, 89.75, 70.75, 160.125, 117.875, 43.40625, 107.5625, 69.375, 137.5, 24.171875, 88.1875, 73.25, 49.65625, 98.25, 113.4375, 44.1875, 101.125, 0.0, 28.234375, 137.375, 137.75, 110.8125, 74.125, 130.0, 82.0, 48.09375, 104.0, 10.8203125, 92.125, 54.8125, 150.5, 61.84375, 76.5, 126.0625, 65.0, 111.0, 31.3125, 63.15625, 139.75, 93.0, 24.046875, 44.9375, 58.0, 102.75, 30.234375, 112.75, 122.5625, 59.6875, 67.1875], [63.5625, 44.40625, 93.5, 106.0, 71.8125, 61.71875, 142.125, 137.875, 115.75, 69.25, 64.0625, 129.75, 53.0, 76.125, 97.3125, 187.125, 142.375, 17.71875, 126.5, 97.5, 160.75, 48.84375, 101.0, 100.4375, 71.0, 110.625, 134.875, 19.3125, 123.4375, 28.234375, 0.0, 165.5, 165.875, 128.5, 85.0, 156.375, 83.25, 46.53125, 116.75, 20.09375, 120.0625, 43.6875, 178.5, 90.0625, 76.0, 144.5, 87.4375, 116.4375, 59.5, 42.71875, 167.625, 107.1875, 49.15625, 53.9375, 34.0, 114.875, 56.09375, 113.5, 142.0, 48.875, 61.46875], [102.5, 183.625, 73.75, 64.5, 117.4375, 178.625, 61.59375, 96.0625, 144.25, 213.625, 167.75, 70.75, 213.375, 206.5, 75.4375, 47.15625, 80.375, 179.25, 117.1875, 68.125, 94.4375, 119.875, 133.25, 73.5625, 114.5625, 136.625, 103.75, 179.375, 88.375, 137.375, 165.5, 0.0, 5.38671875, 115.375, 137.75, 59.3125, 171.625, 158.875, 145.0, 146.75, 47.0625, 177.75, 16.546875, 75.5625, 172.75, 125.0, 99.0, 166.5, 106.0, 191.875, 20.609375, 128.625, 120.625, 141.0, 192.625, 147.125, 112.25, 182.5, 118.0625, 177.25, 173.5], [103.25, 185.25, 73.375, 63.34375, 119.875, 177.125, 57.3125, 91.8125, 140.75, 215.375, 170.125, 67.0625, 214.375, 208.625, 74.125, 42.0625, 85.1875, 179.25, 121.5, 68.4375, 99.625, 119.625, 130.25, 75.9375, 116.875, 133.375, 108.3125, 179.375, 84.75, 137.75, 165.875, 5.38671875, 0.0, 111.5, 135.25, 64.5, 174.5, 157.75, 149.0, 147.375, 46.5, 179.375, 13.453125, 76.3125, 175.375, 129.75, 97.0625, 163.25, 106.5, 191.25, 15.234375, 125.375, 121.8125, 139.75, 193.625, 151.0, 112.0, 179.5, 122.8125, 176.125, 172.0], [100.0, 168.75, 77.375, 70.4375, 138.125, 98.5, 54.71875, 22.0, 33.375, 197.0, 173.25, 44.78125, 180.25, 200.5, 64.875, 100.0625, 161.625, 131.125, 178.625, 86.375, 183.0, 87.5625, 33.40625, 115.8125, 134.125, 29.15625, 174.125, 129.875, 27.796875, 110.8125, 128.5, 115.375, 111.5, 0.0, 48.84375, 154.875, 188.0, 91.0, 191.875, 120.8125, 83.4375, 165.5, 116.375, 92.6875, 184.125, 195.0, 49.25, 56.15625, 95.3125, 127.0, 100.875, 25.609375, 116.0625, 76.0625, 162.5, 192.125, 84.0625, 74.6875, 188.75, 105.5, 93.4375], [78.625, 128.25, 74.25, 76.25, 115.125, 50.21875, 87.125, 65.75, 31.0, 154.25, 138.875, 73.375, 134.375, 160.25, 65.8125, 137.0, 159.625, 84.5, 165.375, 84.125, 181.625, 55.9375, 16.546875, 109.0, 111.625, 25.703125, 165.5, 83.0, 58.1875, 74.125, 85.0, 137.75, 135.25, 48.84375, 0.0, 160.5, 156.0, 42.9375, 171.0, 82.3125, 94.125, 126.0, 144.0, 85.4375, 150.625, 183.5, 40.15625, 39.40625, 71.875, 78.25, 129.125, 23.859375, 87.75, 31.140625, 118.125, 170.5, 56.59375, 48.5625, 178.375, 56.625, 45.0], [96.5, 159.75, 86.3125, 86.625, 90.125, 189.25, 108.75, 140.125, 176.875, 186.5, 136.0, 112.3125, 194.625, 175.125, 95.6875, 106.5, 25.234375, 173.125, 65.4375, 76.5, 35.125, 122.0, 162.0, 57.3125, 89.0, 168.5, 49.75, 174.0, 127.3125, 130.0, 156.375, 59.3125, 64.5, 154.875, 160.5, 0.0, 133.75, 166.75, 96.1875, 136.25, 71.4375, 153.5, 74.0, 76.875, 137.25, 68.625, 120.9375, 196.375, 102.9375, 192.375, 79.25, 159.875, 107.25, 151.875, 175.125, 98.875, 115.75, 209.0, 62.03125, 183.625, 184.875], [89.8125, 48.375, 122.0, 135.5, 56.46875, 144.625, 178.125, 189.0, 186.375, 61.0, 19.203125, 170.125, 82.875, 44.71875, 132.75, 209.375, 110.4375, 97.75, 75.25, 118.625, 119.375, 101.6875, 169.375, 99.125, 60.15625, 179.375, 90.5, 99.875, 172.125, 82.0, 83.25, 171.625, 174.5, 188.0, 156.0, 133.75, 0.0, 126.5625, 49.09375, 75.375, 139.75, 44.40625, 187.875, 108.8125, 8.0625, 87.125, 139.0, 192.875, 93.1875, 123.8125, 183.0, 173.375, 72.0, 126.8125, 72.1875, 46.03125, 104.125, 193.5, 88.5, 132.0, 143.75], [71.5, 90.9375, 86.0625, 94.375, 98.875, 22.84375, 119.5, 105.375, 71.8125, 114.1875, 107.9375, 105.6875, 92.1875, 122.5, 83.5625, 168.625, 159.125, 42.1875, 154.25, 94.0, 180.125, 44.9375, 59.46875, 109.875, 96.375, 68.125, 158.5, 40.53125, 94.1875, 48.09375, 46.53125, 158.875, 157.75, 91.0, 42.9375, 166.75, 126.5625, 0.0, 152.125, 51.625, 111.875, 90.0, 168.625, 90.6875, 120.0, 172.875, 63.15625, 70.0625, 64.5, 37.0, 155.125, 66.75, 70.0, 18.390625, 77.3125, 150.875, 51.0, 67.375, 168.875, 18.4375, 19.421875], [93.625, 93.375, 116.375, 127.5, 55.9375, 173.25, 168.0, 187.25, 198.625, 110.0625, 62.15625, 163.5, 129.875, 93.625, 128.875, 188.5, 71.0625, 133.75, 31.109375, 109.4375, 74.3125, 115.4375, 181.125, 82.0, 59.46875, 190.625, 47.375, 135.625, 170.5, 104.0, 116.75, 145.0, 149.0, 191.875, 171.0, 96.1875, 49.09375, 152.125, 0.0, 102.0625, 125.1875, 88.0625, 161.5, 101.0, 56.0, 38.59375, 143.625, 210.25, 99.75, 159.5, 160.5, 183.25, 84.0625, 146.625, 116.0625, 3.162109375, 114.5, 215.0, 41.15625, 162.25, 171.125], [44.28125, 48.09375, 76.0625, 89.1875, 53.15625, 71.5, 127.625, 127.375, 113.1875, 77.375, 57.28125, 115.9375, 68.0, 79.625, 81.375, 170.625, 122.5625, 37.125, 108.75, 79.0625, 141.375, 34.875, 97.0, 80.4375, 51.9375, 107.0, 116.0625, 38.3125, 111.8125, 10.8203125, 20.09375, 146.75, 147.375, 120.8125, 82.3125, 136.25, 75.375, 51.625, 102.0625, 0.0, 102.0625, 44.71875, 160.125, 71.125, 69.25, 127.0, 75.625, 117.875, 41.0625, 59.8125, 149.875, 102.1875, 29.0625, 51.96875, 47.375, 100.5, 41.0625, 118.1875, 124.0625, 60.21875, 69.8125], [58.78125, 142.875, 26.921875, 18.109375, 83.25, 132.125, 43.40625, 70.0, 106.3125, 173.375, 131.875, 42.5, 169.75, 168.75, 29.0625, 70.8125, 79.625, 132.875, 104.0625, 23.34375, 100.375, 73.1875, 92.625, 43.28125, 79.625, 98.125, 95.875, 133.0, 56.09375, 92.125, 120.0625, 47.0625, 46.5, 83.4375, 94.125, 71.4375, 139.75, 111.875, 125.1875, 102.0625, 0.0, 137.375, 58.59375, 32.65625, 139.125, 117.875, 54.125, 127.0, 61.03125, 144.75, 47.8125, 89.5625, 78.5, 94.25, 149.0, 126.375, 65.5625, 141.125, 111.125, 130.25, 127.0625], [79.1875, 6.32421875, 113.8125, 127.625, 63.5625, 104.9375, 168.625, 171.375, 157.0, 36.0625, 26.40625, 157.875, 43.0, 34.9375, 121.5625, 207.875, 133.875, 55.21875, 107.0, 114.125, 148.125, 78.75, 141.25, 105.125, 65.3125, 151.125, 119.4375, 57.46875, 155.5, 54.8125, 43.6875, 177.75, 179.375, 165.5, 126.0, 153.5, 44.40625, 90.0, 88.0625, 44.71875, 137.375, 0.0, 192.75, 104.75, 36.40625, 122.5625, 119.5625, 159.5, 79.0625, 80.8125, 184.5, 146.625, 59.03125, 95.0, 28.234375, 85.4375, 83.9375, 157.125, 122.125, 91.8125, 105.0], [116.1875, 198.625, 85.5, 74.625, 133.25, 187.375, 61.6875, 95.625, 147.125, 228.75, 183.5, 73.1875, 227.5, 222.125, 85.1875, 33.84375, 96.1875, 191.5, 133.5, 81.125, 109.0, 131.75, 137.75, 89.375, 130.25, 140.125, 119.875, 191.625, 90.8125, 150.5, 178.5, 16.546875, 13.453125, 116.375, 144.0, 74.0, 187.875, 168.625, 161.5, 160.125, 58.59375, 192.75, 0.0, 89.3125, 188.875, 140.875, 106.9375, 169.875, 119.1875, 202.75, 15.5234375, 132.375, 135.0, 150.5, 206.625, 163.625, 124.0625, 186.625, 134.0, 187.0, 182.125], [26.921875, 110.3125, 15.5234375, 27.171875, 52.625, 112.8125, 69.625, 86.3125, 106.3125, 140.75, 99.75, 63.03125, 138.125, 136.25, 28.15625, 103.4375, 74.1875, 104.375, 85.9375, 9.8515625, 96.1875, 47.03125, 89.8125, 24.078125, 48.75, 97.8125, 82.4375, 104.8125, 69.625, 61.84375, 90.0625, 75.5625, 76.3125, 92.6875, 85.4375, 76.875, 108.8125, 90.6875, 101.0, 71.125, 32.65625, 104.75, 89.3125, 0.0, 107.5625, 102.5625, 48.15625, 123.3125, 30.671875, 119.625, 80.0, 89.5, 46.0, 75.1875, 117.3125, 101.625, 40.0, 134.0, 96.5625, 108.25, 108.25], [87.125, 40.3125, 120.1875, 133.75, 56.09375, 137.5, 176.5, 186.0, 181.125, 54.15625, 12.0859375, 167.875, 75.0, 38.90625, 130.5, 209.25, 114.5, 90.125, 80.75, 117.375, 124.625, 97.125, 164.375, 99.625, 59.53125, 174.375, 95.5, 92.3125, 169.125, 76.5, 76.0, 172.75, 175.375, 184.125, 150.625, 137.25, 8.0625, 120.0, 56.0, 69.25, 139.125, 36.40625, 188.875, 107.5625, 0.0, 93.5625, 135.375, 187.125, 89.9375, 116.1875, 183.375, 168.625, 68.5, 121.0625, 64.125, 53.03125, 100.0, 187.125, 94.5625, 124.875, 136.875], [105.375, 128.375, 117.625, 125.5625, 74.4375, 195.25, 161.125, 186.125, 207.875, 147.625, 98.0, 159.75, 165.375, 131.875, 130.125, 171.375, 44.71875, 162.125, 18.59375, 108.6875, 39.0625, 131.0, 190.75, 79.1875, 76.5625, 199.5, 22.203125, 163.75, 170.25, 126.0625, 144.5, 125.0, 129.75, 195.0, 183.5, 68.625, 87.125, 172.875, 38.59375, 127.0, 117.875, 122.5625, 140.875, 102.5625, 93.5625, 0.0, 150.0, 222.75, 112.4375, 186.625, 143.25, 191.375, 102.875, 163.75, 149.75, 41.75, 128.0, 230.5, 7.0, 185.75, 192.25], [50.8125, 123.5, 35.0, 36.125, 89.0625, 80.625, 56.875, 51.875, 58.125, 153.0, 124.875, 43.40625, 140.375, 154.375, 25.625, 105.5625, 121.8125, 94.75, 132.75, 45.0, 143.875, 40.84375, 41.78125, 72.25, 85.125, 49.6875, 130.375, 94.125, 36.25, 65.0, 87.4375, 99.0, 97.0625, 49.25, 40.15625, 120.9375, 139.0, 63.15625, 143.625, 75.625, 54.125, 119.5625, 106.9375, 48.15625, 135.375, 150.0, 0.0, 75.8125, 46.09375, 99.375, 92.75, 41.40625, 67.0, 44.78125, 120.9375, 143.625, 35.90625, 88.125, 144.25, 81.375, 75.3125], [118.0, 160.75, 110.8125, 110.125, 154.375, 63.59375, 108.75, 78.125, 23.015625, 184.0, 175.125, 96.6875, 160.375, 192.5, 100.6875, 156.0, 197.375, 111.25, 204.75, 120.8125, 219.5, 94.875, 34.46875, 147.25, 151.0, 29.828125, 204.375, 109.3125, 79.0625, 111.0, 116.4375, 166.5, 163.25, 56.15625, 39.40625, 196.375, 192.875, 70.0625, 210.25, 117.875, 127.0, 159.5, 169.875, 123.3125, 187.125, 222.75, 75.8125, 0.0, 111.25, 96.5625, 154.375, 37.9375, 126.5625, 66.125, 147.0, 209.625, 95.9375, 18.96875, 217.5, 75.5, 60.40625], [7.2109375, 84.0625, 35.34375, 48.90625, 44.0, 87.3125, 89.5625, 96.0, 98.875, 114.625, 80.0625, 79.3125, 108.875, 112.6875, 42.53125, 130.125, 94.6875, 73.75, 94.0625, 38.09375, 115.875, 19.703125, 81.4375, 45.71875, 40.3125, 91.0, 95.8125, 74.1875, 79.25, 31.3125, 59.5, 106.0, 106.5, 95.3125, 71.875, 102.9375, 93.1875, 64.5, 99.75, 41.0625, 61.03125, 79.0625, 119.1875, 30.671875, 89.9375, 112.4375, 46.09375, 111.25, 0.0, 90.0, 108.8125, 83.8125, 21.59375, 52.15625, 88.0625, 99.375, 15.5546875, 118.125, 107.625, 80.8125, 83.375], [96.0, 79.0625, 118.125, 128.125, 112.9375, 33.0, 156.125, 142.25, 104.25, 93.875, 104.6875, 142.375, 66.1875, 106.75, 117.625, 204.875, 181.0, 26.171875, 168.5, 124.75, 200.625, 72.6875, 94.375, 135.125, 111.625, 102.0625, 175.875, 24.078125, 131.25, 63.15625, 42.71875, 191.875, 191.25, 127.0, 78.25, 192.375, 123.8125, 37.0, 159.5, 59.8125, 144.75, 80.8125, 202.75, 119.625, 116.1875, 186.625, 99.375, 96.5625, 90.0, 0.0, 189.875, 102.0, 87.125, 54.90625, 58.3125, 157.5, 80.0625, 87.375, 183.875, 21.953125, 36.40625], [106.5, 190.25, 74.125, 62.15625, 127.3125, 173.375, 46.1875, 80.25, 131.625, 220.625, 177.25, 57.71875, 217.625, 215.125, 72.25, 28.28125, 99.0, 179.875, 134.0, 71.0625, 114.25, 119.875, 122.4375, 83.875, 124.0625, 124.625, 121.5, 179.75, 75.3125, 139.75, 167.625, 20.609375, 15.234375, 100.875, 129.125, 79.25, 183.0, 155.125, 160.5, 149.875, 47.8125, 184.5, 15.5234375, 80.0, 183.375, 143.25, 92.75, 154.375, 108.8125, 189.875, 0.0, 116.9375, 126.0, 136.875, 196.875, 162.25, 112.3125, 171.25, 136.25, 173.5, 168.125], [89.6875, 149.375, 75.6875, 73.25, 127.8125, 72.9375, 72.0, 44.9375, 17.03125, 176.375, 157.375, 59.3125, 157.625, 181.375, 64.5625, 120.6875, 162.625, 107.9375, 174.0, 85.5625, 184.625, 71.6875, 7.80859375, 113.5625, 124.0625, 8.6015625, 171.875, 106.5, 42.0, 93.0, 107.1875, 128.625, 125.375, 25.609375, 23.859375, 159.875, 173.375, 66.75, 183.25, 102.1875, 89.5625, 146.625, 132.375, 89.5, 168.625, 191.375, 41.40625, 37.9375, 83.8125, 102.0, 116.9375, 0.0, 102.625, 53.4375, 140.75, 183.125, 70.0625, 54.34375, 185.625, 80.25, 67.875], [20.25, 64.4375, 54.90625, 68.8125, 29.0, 92.375, 110.4375, 117.5625, 116.6875, 95.0, 58.46875, 100.6875, 92.8125, 91.8125, 63.5625, 148.875, 94.0625, 66.0, 84.3125, 55.1875, 113.5, 31.78125, 99.3125, 51.65625, 26.40625, 109.1875, 89.5625, 67.0625, 100.8125, 24.046875, 49.15625, 120.625, 121.8125, 116.0625, 87.75, 107.25, 72.0, 70.0, 84.0625, 29.0625, 78.5, 59.03125, 135.0, 46.0, 68.5, 102.875, 67.0, 126.5625, 21.59375, 87.125, 126.0, 102.625, 0.0, 62.625, 72.0625, 83.1875, 32.5625, 131.0, 99.125, 83.1875, 89.375], [59.375, 97.0625, 69.0625, 76.5, 91.4375, 38.0625, 101.1875, 88.625, 62.0625, 123.1875, 109.125, 87.4375, 104.375, 129.125, 65.625, 150.25, 146.25, 55.0625, 145.25, 77.5, 167.75, 32.8125, 47.0625, 96.0, 88.4375, 56.71875, 147.875, 53.84375, 76.5625, 44.9375, 53.9375, 141.0, 139.75, 76.0625, 31.140625, 151.875, 126.8125, 18.390625, 146.625, 51.96875, 94.25, 95.0, 150.5, 75.1875, 121.0625, 163.75, 44.78125, 66.125, 52.15625, 54.90625, 136.875, 53.4375, 62.625, 0.0, 87.375, 145.625, 37.125, 68.5, 159.25, 36.6875, 33.25], [90.4375, 23.859375, 123.3125, 136.5, 85.3125, 87.125, 174.625, 171.875, 148.5, 37.0, 54.625, 162.625, 20.8125, 48.46875, 128.75, 218.0, 157.375, 36.125, 133.5, 125.8125, 173.125, 81.1875, 134.375, 122.75, 86.125, 143.875, 145.0, 38.21875, 157.125, 58.0, 34.0, 192.625, 193.625, 162.5, 118.125, 175.125, 72.1875, 77.3125, 116.0625, 47.375, 149.0, 28.234375, 206.625, 117.3125, 64.125, 149.75, 120.9375, 147.0, 88.0625, 58.3125, 196.875, 140.75, 72.0625, 87.375, 0.0, 113.5, 87.9375, 141.75, 148.875, 73.8125, 88.4375], [93.4375, 90.6875, 116.9375, 128.25, 55.46875, 171.875, 169.0, 187.75, 198.25, 107.0, 59.4375, 164.25, 127.125, 90.5625, 129.375, 190.25, 73.75, 131.75, 33.96875, 110.25, 77.375, 114.75, 180.875, 83.125, 59.09375, 190.375, 50.25, 133.75, 171.0, 102.75, 114.875, 147.125, 151.0, 192.125, 170.5, 98.875, 46.03125, 150.875, 3.162109375, 100.5, 126.375, 85.4375, 163.625, 101.625, 53.03125, 41.75, 143.625, 209.625, 99.375, 157.5, 162.25, 183.125, 83.1875, 145.625, 113.5, 0.0, 114.0625, 214.125, 44.28125, 160.75, 169.75], [22.671875, 88.125, 38.625, 50.25, 58.59375, 73.5, 86.6875, 87.625, 84.5, 118.125, 89.25, 74.875, 108.25, 118.625, 41.21875, 131.0, 109.1875, 67.5625, 109.625, 44.71875, 130.625, 7.6171875, 67.0625, 59.125, 55.0625, 76.875, 111.1875, 67.5625, 71.5, 30.234375, 56.09375, 112.25, 112.0, 84.0625, 56.59375, 115.75, 104.125, 51.0, 114.5, 41.0625, 65.5625, 83.9375, 124.0625, 40.0, 100.0, 128.0, 35.90625, 95.9375, 15.5546875, 80.0625, 112.3125, 70.0625, 32.5625, 37.125, 87.9375, 114.0625, 0.0, 102.5625, 123.1875, 68.25, 69.25], [125.1875, 157.75, 122.6875, 123.6875, 159.625, 55.0, 126.1875, 96.5, 41.3125, 178.625, 175.125, 113.625, 153.0, 188.75, 113.625, 174.125, 208.125, 105.5625, 212.125, 132.625, 230.0, 100.125, 49.25, 157.375, 156.5, 47.0, 213.125, 103.5, 96.25, 112.75, 113.5, 182.5, 179.5, 74.6875, 48.5625, 209.0, 193.5, 67.375, 215.0, 118.1875, 141.125, 157.125, 186.625, 134.0, 187.125, 230.5, 88.125, 18.96875, 118.125, 87.375, 171.25, 54.34375, 131.0, 68.5, 141.75, 214.125, 102.5625, 0.0, 225.625, 68.0625, 53.25], [100.5, 128.0, 111.5, 119.125, 71.125, 191.375, 154.25, 179.625, 202.25, 148.5, 98.1875, 153.0, 165.0, 133.25, 123.9375, 164.5, 37.84375, 159.75, 15.5234375, 102.4375, 33.96875, 126.5, 185.25, 72.9375, 72.9375, 193.75, 15.296875, 161.25, 163.875, 122.5625, 142.0, 118.0625, 122.8125, 188.75, 178.375, 62.03125, 88.5, 168.875, 41.15625, 124.0625, 111.125, 122.125, 134.0, 96.5625, 94.5625, 7.0, 144.25, 217.5, 107.625, 183.875, 136.25, 185.625, 99.125, 159.25, 148.875, 44.28125, 123.1875, 225.625, 0.0, 182.25, 188.375], [87.5625, 91.4375, 104.3125, 112.8125, 111.3125, 13.34375, 137.25, 121.375, 82.3125, 110.625, 112.875, 123.4375, 85.1875, 121.5, 102.0, 186.75, 174.875, 37.84375, 167.25, 112.0, 195.5, 61.65625, 72.625, 126.5, 109.25, 80.125, 172.625, 35.6875, 111.25, 59.6875, 48.875, 177.25, 176.125, 105.5, 56.625, 183.625, 132.0, 18.4375, 162.25, 60.21875, 130.25, 91.8125, 187.0, 108.25, 124.875, 185.75, 81.375, 75.5, 80.8125, 21.953125, 173.5, 80.25, 83.1875, 36.6875, 73.8125, 160.75, 68.25, 68.0625, 182.25, 0.0, 15.1328125], [90.5, 105.0625, 102.25, 109.125, 118.25, 5.38671875, 129.5, 110.6875, 68.25, 125.375, 124.8125, 115.5, 100.3125, 135.75, 98.125, 179.375, 178.125, 52.34375, 173.625, 110.75, 199.25, 63.6875, 60.09375, 128.375, 115.8125, 66.8125, 177.875, 50.25, 101.9375, 67.1875, 61.46875, 173.5, 172.0, 93.4375, 45.0, 184.875, 143.75, 19.421875, 171.125, 69.8125, 127.0625, 105.0, 182.125, 108.25, 136.875, 192.25, 75.3125, 60.40625, 83.375, 36.40625, 168.125, 67.875, 89.375, 33.25, 88.4375, 169.75, 69.25, 53.25, 188.375, 15.1328125, 0.0]], "angleGap": [[0.0, 3.02734375, 3.013671875, 0.95703125, 1.24609375, 2.8828125, 2.529296875, 1.984375, 0.00634765625, 0.379638671875, 2.76171875, 0.2646484375, 0.169921875, 2.798828125, 3.103515625, 1.90234375, 0.6728515625, 1.4375, 2.96875, 1.837890625, 1.341796875, 1.974609375, 2.162109375, 0.9873046875, 2.01171875, 1.623046875, 0.7001953125, 2.544921875, 0.591796875, 0.541015625, 2.763671875, 2.814453125, 2.30859375, 1.806640625, 2.16015625, 0.5595703125, 1.234375, 1.099609375, 0.43359375, 2.990234375, 0.04248046875, 2.84765625, 2.810546875, 0.473388671875, 1.47265625, 2.26953125, 1.8125, 1.46484375, 0.8984375, 2.95703125, 2.05859375, 0.119140625, 1.447265625, 0.26513671875, 1.06640625, 1.599609375, 1.66796875, 1.521484375, 1.1201171875, 1.287109375], [3.02734375, 0.0, 0.013671875, 2.298828125, 1.783203125, 0.14453125, 0.498046875, 1.041015625, 3.033203125, 2.876953125, 0.265625, 2.763671875, 3.0859375, 0.228515625, 0.15234375, 1.353515625, 2.353515625, 1.818359375, 0.287109375, 1.41796875, 1.685546875, 1.052734375, 1.09375, 2.267578125, 1.017578125, 1.6328125, 2.326171875, 0.482421875, 2.435546875, 2.486328125, 0.4921875, 0.44140625, 0.720703125, 1.220703125, 1.095703125, 2.697265625, 1.791015625, 2.15625, 2.59375, 0.265625, 3.0703125, 0.408203125, 0.4453125, 2.783203125, 1.783203125, 0.759765625, 1.212890625, 1.564453125, 2.126953125, 0.298828125, 0.970703125, 3.13671875, 1.580078125, 2.76171875, 2.189453125, 1.427734375, 1.361328125, 1.734375, 1.908203125, 1.740234375], [3.013671875, 0.013671875, 0.0, 2.3125, 1.767578125, 0.130859375, 0.484375, 1.029296875, 3.01953125, 2.890625, 0.251953125, 2.748046875, 3.099609375, 0.21484375, 0.166015625, 1.3671875, 2.341796875, 1.83203125, 0.30078125, 1.431640625, 1.673828125, 1.041015625, 1.107421875, 2.28125, 1.001953125, 1.646484375, 2.314453125, 0.46875, 2.421875, 2.47265625, 0.505859375, 0.455078125, 0.705078125, 1.205078125, 1.109375, 2.7109375, 1.779296875, 2.169921875, 2.580078125, 0.279296875, 3.056640625, 0.421875, 0.458984375, 2.796875, 1.796875, 0.744140625, 1.201171875, 1.548828125, 2.115234375, 0.3125, 0.955078125, 3.1328125, 1.564453125, 2.748046875, 2.203125, 1.416015625, 1.345703125, 1.748046875, 1.892578125, 1.728515625], [0.95703125, 2.298828125, 2.3125, 0.0, 2.203125, 2.443359375, 2.796875, 2.94140625, 0.951171875, 0.57763671875, 2.564453125, 1.2216796875, 0.787109375, 2.52734375, 2.146484375, 0.9453125, 1.6298828125, 0.480712890625, 2.01171875, 0.880859375, 2.298828125, 2.931640625, 1.205078125, 0.0302734375, 2.96875, 0.666015625, 1.6572265625, 2.78125, 1.548828125, 1.498046875, 1.806640625, 1.857421875, 3.017578125, 2.763671875, 1.203125, 0.39794921875, 2.19140625, 0.142333984375, 1.390625, 2.033203125, 0.9150390625, 1.890625, 1.853515625, 0.48388671875, 0.5146484375, 3.056640625, 2.76953125, 2.421875, 1.85546875, 2.0, 3.015625, 0.837890625, 2.404296875, 1.22265625, 0.108642578125, 2.556640625, 2.625, 0.5634765625, 2.078125, 2.244140625], [1.24609375, 1.783203125, 1.767578125, 2.203125, 0.0, 1.634765625, 1.283203125, 0.73828125, 1.251953125, 1.6259765625, 1.517578125, 0.9814453125, 1.416015625, 1.552734375, 1.931640625, 3.134765625, 0.5732421875, 2.68359375, 2.068359375, 3.083984375, 0.095703125, 0.728515625, 2.875, 2.234375, 0.765625, 2.869140625, 0.5458984375, 1.298828125, 0.654296875, 0.705078125, 2.275390625, 2.220703125, 1.0625, 0.560546875, 2.876953125, 1.8056640625, 0.01171875, 2.345703125, 0.8125, 2.048828125, 1.2890625, 2.189453125, 2.228515625, 1.7197265625, 2.71875, 1.0234375, 0.56640625, 0.21875, 0.34765625, 2.080078125, 0.8125, 1.365234375, 0.201171875, 0.98095703125, 2.3125, 0.353515625, 0.421875, 2.767578125, 0.1259765625, 0.041015625], [2.8828125, 0.14453125, 0.130859375, 2.443359375, 1.634765625, 0.0, 0.353515625, 0.900390625, 2.888671875, 3.021484375, 0.12109375, 2.619140625, 3.052734375, 0.083984375, 0.296875, 1.498046875, 2.208984375, 1.962890625, 0.431640625, 1.5625, 1.541015625, 0.908203125, 1.23828125, 2.412109375, 0.869140625, 1.77734375, 2.181640625, 0.337890625, 2.291015625, 2.341796875, 0.63671875, 0.5859375, 0.572265625, 1.076171875, 1.240234375, 2.841796875, 1.650390625, 2.30078125, 2.44921875, 0.41015625, 2.92578125, 0.552734375, 0.58984375, 2.927734375, 1.927734375, 0.611328125, 1.072265625, 1.416015625, 1.986328125, 0.443359375, 0.822265625, 3.001953125, 1.435546875, 2.6171875, 2.333984375, 1.283203125, 1.212890625, 1.87890625, 1.763671875, 1.595703125], [2.529296875, 0.498046875, 0.484375, 2.796875, 1.283203125, 0.353515625, 0.0, 0.544921875, 2.53515625, 2.908203125, 0.232421875, 2.263671875, 2.69921875, 0.26953125, 0.650390625, 1.8515625, 1.857421875, 2.31640625, 0.78515625, 1.916015625, 1.189453125, 0.556640625, 1.591796875, 2.765625, 0.517578125, 2.130859375, 1.830078125, 0.015625, 1.939453125, 1.986328125, 0.990234375, 0.939453125, 0.220703125, 0.720703125, 1.59375, 3.087890625, 1.294921875, 2.654296875, 2.095703125, 0.763671875, 2.572265625, 0.90625, 0.943359375, 3.001953125, 2.28125, 0.259765625, 0.716796875, 1.064453125, 1.630859375, 0.796875, 0.470703125, 2.6484375, 1.080078125, 2.263671875, 2.6875, 0.931640625, 0.861328125, 2.232421875, 1.408203125, 1.244140625], [1.984375, 1.041015625, 1.029296875, 2.94140625, 0.73828125, 0.900390625, 0.544921875, 0.0, 1.990234375, 2.36328125, 0.775390625, 1.7197265625, 2.154296875, 0.814453125, 1.197265625, 2.396484375, 1.3115234375, 2.861328125, 1.330078125, 2.4609375, 0.642578125, 0.009765625, 2.134765625, 2.97265625, 0.02734375, 2.67578125, 1.2841796875, 0.560546875, 1.392578125, 1.443359375, 1.533203125, 1.486328125, 0.32421875, 0.177734375, 2.138671875, 2.54296875, 0.75, 3.083984375, 1.55078125, 1.306640625, 2.02734375, 1.451171875, 1.486328125, 2.45703125, 2.826171875, 0.28515625, 0.171875, 0.51953125, 1.0859375, 1.341796875, 0.07421875, 2.103515625, 0.537109375, 1.71875, 3.05078125, 0.384765625, 0.31640625, 2.77734375, 0.8642578125, 0.697265625], [0.00634765625, 3.033203125, 3.01953125, 0.951171875, 1.251953125, 2.888671875, 2.53515625, 1.990234375, 0.0, 0.373291015625, 2.767578125, 0.27099609375, 0.16357421875, 2.8046875, 3.09765625, 1.896484375, 0.67919921875, 1.431640625, 2.962890625, 1.83203125, 1.34765625, 1.98046875, 2.15625, 0.9814453125, 2.017578125, 1.6171875, 0.70654296875, 2.55078125, 0.59814453125, 0.54736328125, 2.7578125, 2.80859375, 2.314453125, 1.8125, 2.154296875, 0.552734375, 1.240234375, 1.09375, 0.43994140625, 2.984375, 0.0361328125, 2.841796875, 2.8046875, 0.467041015625, 1.4658203125, 2.275390625, 1.818359375, 1.470703125, 0.90478515625, 2.951171875, 2.064453125, 0.11279296875, 1.453125, 0.271484375, 1.0595703125, 1.60546875, 1.673828125, 1.5146484375, 1.126953125, 1.29296875], [0.379638671875, 2.876953125, 2.890625, 0.57763671875, 1.6259765625, 3.021484375, 2.908203125, 2.36328125, 0.373291015625, 0.0, 3.140625, 0.64453125, 0.209716796875, 3.10546875, 2.724609375, 1.5224609375, 1.052734375, 1.05859375, 2.58984375, 1.4580078125, 1.7216796875, 2.353515625, 1.7822265625, 0.60791015625, 2.390625, 1.2431640625, 1.080078125, 2.923828125, 0.9716796875, 0.9208984375, 2.384765625, 2.435546875, 2.6875, 2.185546875, 1.7802734375, 0.1796875, 1.6142578125, 0.7197265625, 0.8134765625, 2.611328125, 0.337158203125, 2.46875, 2.431640625, 0.09375, 1.0927734375, 2.6484375, 2.19140625, 1.8447265625, 1.2783203125, 2.578125, 2.4375, 0.260498046875, 1.8271484375, 0.64453125, 0.6865234375, 1.9794921875, 2.046875, 1.1416015625, 1.5, 1.6669921875], [2.76171875, 0.265625, 0.251953125, 2.564453125, 1.517578125, 0.12109375, 0.232421875, 0.775390625, 2.767578125, 3.140625, 0.0, 2.498046875, 2.931640625, 0.037109375, 0.41796875, 1.619140625, 2.087890625, 2.083984375, 0.552734375, 1.68359375, 1.419921875, 0.787109375, 1.359375, 2.533203125, 0.751953125, 1.8984375, 2.060546875, 0.216796875, 2.169921875, 2.220703125, 0.7578125, 0.70703125, 0.455078125, 0.955078125, 1.361328125, 2.962890625, 1.525390625, 2.421875, 2.328125, 0.53125, 2.8046875, 0.673828125, 0.7109375, 3.048828125, 2.048828125, 0.494140625, 0.947265625, 1.298828125, 1.861328125, 0.564453125, 0.705078125, 2.880859375, 1.314453125, 2.49609375, 2.455078125, 1.162109375, 1.095703125, 2.0, 1.642578125,