{"name": "LZB_n60_11", "n": 60, "m": 8, "times": [[0.0, 89.875, 94.1875, 83.75, 66.375, 109.875, 112.375, 59.8125, 65.25, 20.8125, 82.4375, 54.40625, 85.0625, 77.8125, 58.25, 77.8125, 23.859375, 77.375, 52.34375, 86.8125, 70.1875, 67.4375, 98.4375, 52.34375, 45.875, 41.625, 94.0, 92.0, 126.125, 79.6875, 96.875, 82.875, 68.5625, 96.375, 59.375, 102.9375, 62.3125, 107.4375, 110.625, 43.03125, 101.0, 65.125, 71.375, 131.5, 82.1875, 79.25, 65.9375, 52.9375, 88.25, 37.15625, 118.8125, 127.125, 61.0625, 65.75, 83.375, 107.0625, 74.125, 80.125, 56.4375, 106.875, 55.90625], [89.875, 0.0, 174.0, 115.0, 24.703125, 199.25, 120.3125, 115.5, 78.0625, 89.5625, 113.0, 95.5625, 125.375, 143.125, 129.75, 138.625, 113.4375, 96.0625, 106.9375, 151.5, 107.0625, 119.125, 105.625, 141.25, 133.5, 103.875, 178.875, 175.375, 156.875, 167.25, 162.875, 172.5, 21.640625, 152.75, 98.625, 153.125, 147.625, 131.625, 154.125, 125.875, 121.0625, 154.875, 161.125, 221.375, 165.0, 148.375, 77.125, 52.875, 98.5, 82.4375, 29.0625, 151.625, 101.8125, 137.875, 155.0, 34.53125, 39.8125, 157.875, 144.75, 157.125, 118.3125], [94.1875, 174.0, 0.0, 88.125, 149.375, 80.75, 119.1875, 133.875, 108.875, 110.0625, 89.0, 84.875, 76.6875, 133.25, 45.0, 138.375, 80.125, 102.0625, 131.0, 38.09375, 152.25, 66.0, 186.125, 74.75, 81.9375, 70.75, 18.6875, 105.375, 98.0, 84.1875, 34.0625, 50.59375, 155.375, 52.15625, 144.0, 164.625, 34.375, 186.25, 175.875, 95.1875, 102.8125, 53.53125, 65.3125, 76.0, 102.9375, 32.65625, 158.0, 122.875, 176.625, 92.125, 202.375, 202.125, 82.25, 37.53125, 127.125, 198.0, 167.375, 16.40625, 45.875, 167.25, 58.71875], [83.75, 115.0, 88.125, 0.0, 94.625, 154.25, 34.0, 143.5, 37.0, 104.0, 2.0, 29.734375, 12.8046875, 159.125, 52.09375, 160.25, 93.5, 19.640625, 136.0, 51.625, 152.75, 25.015625, 176.375, 113.75, 113.5625, 44.71875, 102.8125, 157.875, 45.1875, 138.75, 60.875, 119.25, 104.25, 44.21875, 141.5, 186.25, 84.125, 189.75, 194.25, 118.9375, 18.6875, 108.1875, 121.5, 160.375, 150.375, 55.46875, 140.625, 65.125, 166.125, 49.21875, 138.625, 210.125, 22.671875, 55.09375, 161.5, 147.375, 128.5, 73.75, 92.125, 190.125, 39.21875], [66.375, 24.703125, 149.375, 94.625, 0.0, 176.25, 105.125, 100.0625, 57.875, 68.9375, 92.625, 72.5625, 104.0625, 126.6875, 105.3125, 123.125, 90.1875, 76.6875, 91.0625, 127.8125, 95.5, 96.0, 102.1875, 118.4375, 111.125, 79.5, 154.25, 154.75, 138.25, 145.125, 139.25, 148.5, 10.296875, 130.0, 85.5625, 140.75, 123.0, 125.1875, 143.5, 104.8125, 103.1875, 131.0, 137.75, 197.375, 144.5, 124.25, 68.6875, 30.015625, 93.5, 58.1875, 53.59375, 146.0, 79.25, 113.4375, 137.25, 53.0, 38.9375, 133.25, 120.3125, 144.875, 94.25], [109.875, 199.25, 80.75, 154.25, 176.25, 0.0, 188.125, 108.875, 159.75, 111.75, 154.375, 137.5, 146.0, 91.5625, 102.1875, 99.0625, 86.0, 161.5, 111.8125, 113.9375, 129.625, 129.25, 164.5, 58.125, 66.4375, 117.625, 62.25, 44.0, 175.875, 35.34375, 113.625, 35.0, 177.75, 129.625, 127.0, 118.0625, 70.125, 152.375, 130.0, 77.0, 172.0, 48.375, 38.59375, 32.0, 49.8125, 105.0625, 150.375, 159.625, 157.875, 133.0, 227.875, 161.25, 139.125, 100.0, 78.4375, 211.625, 176.375, 86.6875, 63.5625, 119.0, 115.75], [112.375, 120.3125, 119.1875, 34.0, 105.125, 188.125, 0.0, 171.75, 51.65625, 131.5, 34.125, 58.6875, 42.96875, 189.625, 86.0, 190.125, 125.25, 35.21875, 163.625, 81.375, 178.5, 59.0, 198.25, 147.125, 146.25, 76.9375, 135.125, 191.375, 42.71875, 172.5, 88.5625, 153.125, 115.375, 69.8125, 167.125, 215.25, 118.0625, 214.625, 222.5, 150.625, 16.5, 142.125, 155.5, 193.125, 183.625, 87.0625, 162.125, 79.625, 188.25, 75.5, 138.625, 235.5, 53.4375, 88.5625, 193.125, 154.75, 142.875, 106.0, 126.125, 219.125, 73.1875], [59.8125, 115.5, 133.875, 143.5, 100.0625, 108.875, 171.75, 0.0, 122.5625, 40.3125, 142.25, 114.1875, 144.25, 27.859375, 111.0, 23.1875, 56.8125, 136.5, 9.0546875, 139.25, 20.875, 125.9375, 56.28125, 62.0, 53.15625, 100.4375, 125.8125, 70.625, 185.25, 73.75, 147.625, 99.3125, 95.75, 151.375, 19.84375, 43.875, 99.75, 52.5, 50.8125, 39.21875, 160.75, 85.0625, 80.625, 139.125, 61.28125, 130.125, 45.59375, 102.625, 49.03125, 96.25, 139.75, 69.8125, 120.875, 116.875, 41.34375, 114.625, 80.625, 124.3125, 88.0625, 47.9375, 112.9375], [65.25, 78.0625, 108.875, 37.0, 57.875, 159.75, 51.65625, 122.5625, 0.0, 82.375, 35.0, 24.203125, 47.53125, 143.0, 64.8125, 142.5, 83.125, 18.96875, 114.0625, 78.5625, 127.625, 44.9375, 146.625, 109.3125, 106.0, 42.53125, 119.375, 153.0, 80.5, 136.875, 89.5625, 126.3125, 67.6875, 76.5625, 116.25, 166.375, 93.0, 163.375, 172.75, 107.0625, 46.09375, 111.375, 122.8125, 172.625, 144.0, 78.25, 110.4375, 29.15625, 136.5, 29.0625, 102.375, 184.25, 27.203125, 71.5, 148.5, 110.4375, 93.25, 92.6875, 96.4375, 170.375, 50.34375], [20.8125, 89.5625, 110.0625, 104.0, 68.9375, 111.75, 131.5, 40.3125, 82.375, 0.0, 102.625, 74.4375, 105.75, 61.8125, 77.8125, 60.4375, 31.046875, 96.25, 32.1875, 106.5625, 49.40625, 88.25, 78.4375, 54.03125, 45.28125, 62.4375, 107.0625, 85.9375, 146.875, 78.25, 116.1875, 89.9375, 68.0, 116.75, 38.59375, 84.0625, 76.4375, 86.625, 91.0, 36.34375, 120.875, 72.4375, 75.0, 137.0, 75.625, 98.5, 48.0, 64.375, 68.4375, 56.03125, 117.3125, 106.375, 81.375, 84.875, 70.0, 100.0, 65.0, 97.25, 67.9375, 88.125, 76.5625], [82.4375, 113.0, 89.0, 2.0, 92.625, 154.375, 34.125, 142.25, 35.0, 102.625, 0.0, 28.28125, 14.421875, 158.125, 52.25, 159.25, 92.625, 17.71875, 134.75, 52.8125, 151.375, 25.171875, 174.75, 113.25, 112.875, 43.875, 103.4375, 157.5, 47.0, 138.5, 62.25, 119.4375, 102.25, 45.8125, 140.125, 185.125, 84.3125, 188.25, 193.0, 118.125, 19.3125, 108.0625, 121.3125, 160.875, 149.875, 56.34375, 139.0, 63.15625, 164.5, 47.625, 136.625, 208.625, 21.40625, 55.53125, 160.625, 145.375, 126.5, 74.4375, 92.0625, 188.875, 39.0625], [54.40625, 95.5625, 84.875, 29.734375, 72.5625, 137.5, 58.6875, 114.1875, 24.203125, 74.4375, 28.28125, 0.0, 34.1875, 131.0, 40.59375, 131.75, 66.75, 25.171875, 106.5, 56.46875, 123.0625, 23.53125, 147.0, 90.25, 88.4375, 20.09375, 95.1875, 134.625, 74.125, 117.0, 67.75, 103.4375, 81.125, 57.4375, 111.8125, 157.25, 69.4375, 160.0, 165.0, 92.0, 46.625, 89.4375, 101.625, 149.0, 126.3125, 54.90625, 111.5, 42.75, 136.75, 19.71875, 122.0625, 180.375, 7.6171875, 47.375, 134.5, 125.3125, 102.4375, 68.5625, 74.0, 161.125, 26.171875], [85.0625, 125.375, 76.6875, 12.8046875, 104.0625, 146.0, 42.96875, 144.25, 47.53125, 105.75, 14.421875, 34.1875, 0.0, 157.875, 44.5625, 159.625, 91.5, 31.78125, 137.25, 39.4375, 155.125, 19.234375, 180.625, 109.1875, 110.0, 43.875, 92.1875, 152.75, 41.125, 132.875, 48.28125, 111.0, 113.3125, 31.40625, 144.0, 186.0, 76.1875, 192.25, 194.625, 116.8125, 26.46875, 101.25, 114.9375, 150.25, 145.875, 44.28125, 145.375, 74.125, 170.25, 53.71875, 149.875, 212.125, 26.578125, 46.0, 159.0, 157.0, 136.125, 63.0625, 85.3125, 189.75, 34.0], [77.8125, 143.125, 133.25, 159.125, 126.6875, 91.5625, 189.625, 27.859375, 143.0, 61.8125, 158.125, 131.0, 157.875, 0.0, 119.5, 7.6171875, 66.375, 155.0, 36.125, 146.125, 43.875, 138.75, 75.3125, 58.59375, 52.4375, 114.5625, 121.75, 49.03125, 198.0, 59.0, 152.75, 90.8125, 123.0, 159.875, 47.0, 31.3125, 101.0, 60.8125, 42.71875, 41.71875, 177.25, 80.4375, 71.8125, 123.3125, 41.78125, 136.375, 72.6875, 126.125, 70.625, 114.9375, 167.625, 71.4375, 137.0, 123.9375, 15.0, 142.25, 108.4375, 126.75, 88.3125, 34.125, 124.625], [58.25, 129.75, 45.0, 52.09375, 105.3125, 102.1875, 86.0, 111.0, 64.8125, 77.8125, 52.25, 40.59375, 44.5625, 119.5, 0.0, 122.5, 54.40625, 61.09375, 105.5625, 28.796875, 125.6875, 27.078125, 156.25, 66.25, 68.625, 25.9375, 54.65625, 108.875, 80.5, 88.625, 38.625, 67.1875, 111.9375, 40.59375, 115.6875, 149.5, 32.0625, 162.375, 159.25, 77.8125, 70.0, 56.71875, 70.375, 109.8125, 102.4375, 21.09375, 124.125, 78.0625, 146.125, 47.40625, 157.875, 180.75, 39.34375, 8.25, 118.375, 155.5, 126.875, 28.59375, 40.78125, 152.875, 14.765625], [77.8125, 138.625, 138.375, 160.25, 123.125, 99.0625, 190.125, 23.1875, 142.5, 60.4375, 159.25, 131.75, 159.625, 7.6171875, 122.5, 0.0, 68.625, 155.125, 32.0625, 149.625, 37.0, 140.75, 67.75, 63.6875, 56.8125, 116.0, 127.5, 56.65625, 200.125, 66.0625, 156.75, 97.1875, 118.9375, 163.0, 41.21875, 27.015625, 105.5625, 53.46875, 37.59375, 45.0, 178.25, 86.0, 78.0625, 130.75, 49.25, 140.0, 66.625, 124.3125, 63.25, 114.9375, 162.5, 64.9375, 137.875, 127.3125, 22.46875, 136.375, 103.125, 131.25, 93.0, 30.40625, 126.8125], [23.859375, 113.4375, 80.125, 93.5, 90.1875, 86.0, 125.25, 56.8125, 83.125, 31.046875, 92.625, 66.75, 91.5, 66.375, 54.40625, 68.625, 0.0, 91.6875, 52.1875, 82.5, 73.0625, 72.4375, 106.0625, 28.640625, 23.1875, 48.75, 76.125, 70.25, 131.625, 56.3125, 90.8125, 60.21875, 92.0, 95.0, 64.125, 95.4375, 46.0, 108.875, 105.0, 25.5, 111.875, 42.4375, 47.625, 108.4375, 61.0, 73.375, 78.5, 75.5625, 96.5, 54.03125, 142.25, 126.6875, 71.875, 60.03125, 68.0, 128.75, 94.5, 68.6875, 36.875, 99.0, 58.25], [77.375, 96.0625, 102.0625, 19.640625, 76.6875, 161.5, 35.21875, 136.5, 18.96875, 96.25, 17.71875, 25.171875, 31.78125, 155.0, 61.09375, 155.125, 91.6875, 0.0, 128.375, 67.875, 143.375, 36.0625, 164.125, 115.4375, 113.625, 45.0, 114.9375, 159.75, 61.625, 142.0, 78.125, 126.875, 86.5625, 62.78125, 132.0, 180.125, 92.1875, 179.75, 187.25, 116.75, 27.296875, 113.75, 126.25, 170.875, 151.5, 69.8125, 128.0, 48.09375, 154.0, 40.3125, 119.0625, 200.5, 22.359375, 66.1875, 159.125, 129.0, 112.1875, 86.625, 98.0, 184.125, 46.5], [52.34375, 106.9375, 131.0, 136.0, 91.0625, 111.8125, 163.625, 9.0546875, 114.0625, 32.1875, 134.75, 106.5, 137.25, 36.125, 105.5625, 32.0625, 52.1875, 128.375, 0.0, 134.125, 21.21875, 119.1875, 56.09375, 61.53125, 52.25, 93.5, 124.125, 75.6875, 178.375, 76.5, 142.875, 99.4375, 87.0, 145.75, 15.234375, 52.5625, 96.6875, 56.8125, 58.84375, 38.3125, 153.0, 84.1875, 81.25, 141.375, 65.9375, 125.3125, 39.625, 93.6875, 47.6875, 88.25, 131.625, 75.4375, 113.375, 111.8125, 48.75, 107.375, 72.875, 120.625, 85.5625, 56.65625, 106.625], [86.8125, 151.5, 38.09375, 51.625, 127.8125, 113.9375, 81.375, 139.25, 78.5625, 106.5625, 52.8125, 56.46875, 39.4375, 146.125, 28.796875, 149.625, 82.5, 67.875, 134.125, 0.0, 154.375, 33.625, 185.0, 90.0, 94.0625, 50.03125, 55.15625, 129.5, 61.96875, 108.3125, 11.3984375, 80.0625, 135.5, 15.8125, 144.5, 176.625, 48.875, 191.0, 186.875, 104.625, 65.0, 75.1875, 89.0, 113.5625, 124.5625, 10.0, 152.625, 98.6875, 174.875, 70.0625, 178.5, 209.125, 51.46875, 22.46875, 143.625, 179.75, 153.125, 27.296875, 61.03125, 179.875, 34.125], [70.1875, 107.0625, 152.25, 152.75, 95.5, 129.625, 178.5, 20.875, 127.625, 49.40625, 151.375, 123.0625, 155.125, 43.875, 125.6875, 37.0, 73.0625, 143.375, 21.21875, 154.375, 0.0, 137.625, 35.5, 82.125, 73.0, 111.8125, 145.25, 90.4375, 196.125, 94.5625, 163.375, 119.8125, 89.375, 165.5, 11.3984375, 46.03125, 117.875, 37.1875, 48.0625, 59.03125, 169.125, 105.0625, 101.25, 160.0, 81.5, 145.75, 31.046875, 104.1875, 28.234375, 103.9375, 128.625, 57.28125, 130.25, 132.25, 58.6875, 100.6875, 69.0625, 141.625, 106.8125, 50.0, 125.6875], [67.4375, 119.125, 66.0, 25.015625, 96.0, 129.25, 59.0, 125.9375, 44.9375, 88.25, 25.171875, 23.53125, 19.234375, 138.75, 27.078125, 140.75, 72.4375, 36.0625, 119.1875, 33.625, 137.625, 0.0, 164.625, 90.125, 90.8125, 25.8125, 79.1875, 133.875, 59.46875, 114.3125, 44.71875, 94.25, 104.375, 34.0625, 126.75, 167.25, 59.125, 174.875, 176.125, 97.625, 43.1875, 83.3125, 96.75, 136.0, 126.8125, 33.96875, 130.0, 66.3125, 154.25, 40.3125, 145.5, 194.5, 17.890625, 30.671875, 139.75, 148.625, 124.5625, 50.59375, 67.25, 171.0, 14.8671875], [98.4375, 105.625, 186.125, 176.375, 102.1875, 164.5, 198.25, 56.28125, 146.625, 78.4375, 174.75, 147.0, 180.625, 75.3125, 156.25, 67.75, 106.0625, 164.125, 56.09375, 185.0, 35.5, 164.625, 0.0, 117.5, 108.3125, 139.125, 180.0, 123.875, 221.125, 129.75, 194.625, 155.25, 93.5, 194.75, 42.09375, 63.8125, 151.75, 28.4375, 58.59375, 94.3125, 191.0, 140.25, 136.75, 195.25, 115.5625, 176.875, 36.125, 119.5625, 10.296875, 127.3125, 120.3125, 46.375, 154.5, 163.375, 90.1875, 88.0, 66.125, 174.625, 141.125, 66.5625, 154.125], [52.34375, 141.25, 74.75, 113.75, 118.4375, 58.125, 147.125, 62.0, 109.3125, 54.03125, 113.25, 90.25, 109.1875, 58.59375, 66.25, 63.6875, 28.640625, 115.4375, 61.53125, 90.0, 82.125, 90.125, 117.5, 0.0, 9.484375, 70.5625, 64.3125, 44.40625, 146.75, 27.890625, 95.5, 38.09375, 119.625, 104.8125, 76.3125, 89.875, 42.8125, 113.3125, 101.125, 23.1875, 132.5, 23.09375, 21.09375, 83.1875, 36.6875, 80.0625, 96.5625, 104.0625, 109.1875, 80.625, 169.75, 127.875, 94.0625, 68.8125, 53.8125, 154.0, 119.0, 68.625, 30.0, 92.6875, 75.25], [45.875, 133.5, 81.9375, 113.5625, 111.125, 66.4375, 146.25, 53.15625, 106.0, 45.28125, 112.875, 88.4375, 110.0, 52.4375, 68.625, 56.8125, 23.1875, 113.625, 52.25, 94.0625, 73.0, 90.8125, 108.3125, 9.484375, 0.0, 69.375, 72.6875, 47.09375, 148.75, 34.0, 100.4375, 47.53125, 111.8125, 108.3125, 66.9375, 83.5, 48.75, 104.9375, 94.4375, 14.0, 132.25, 32.0, 30.40625, 92.4375, 38.0625, 84.25, 87.0625, 98.5, 99.875, 77.0, 161.875, 120.1875, 92.875, 72.1875, 49.8125, 145.25, 110.125, 74.4375, 36.25, 86.5625, 76.0], [41.625, 103.875, 70.75, 44.71875, 79.5, 117.625, 76.9375, 100.4375, 42.53125, 62.4375, 43.875, 20.09375, 43.875, 114.5625, 25.9375, 116.0, 48.75, 45.0, 93.5, 50.03125, 111.8125, 25.8125, 139.125, 70.5625, 69.375, 0.0, 78.5, 115.0, 84.875, 97.0, 61.21875, 83.8125, 86.375, 56.5, 100.9375, 142.25, 50.59375, 149.0, 150.875, 74.25, 63.15625, 69.4375, 81.5, 130.125, 106.875, 45.125, 105.0, 52.15625, 128.875, 21.46875, 132.0, 168.625, 23.53125, 34.0, 116.75, 130.25, 103.0625, 54.375, 54.125, 146.0, 16.03125], [94.0, 178.875, 18.6875, 102.8125, 154.25, 62.25, 135.125, 125.8125, 119.375, 107.0625, 103.4375, 95.1875, 92.1875, 121.75, 54.65625, 127.5, 76.125, 114.9375, 124.125, 55.15625, 145.25, 79.1875, 180.0, 64.3125, 72.6875, 78.5, 0.0, 89.5, 116.1875, 68.8125, 52.46875, 34.0625, 159.125, 70.0, 138.0, 152.875, 31.78125, 177.5, 164.5, 86.5625, 118.625, 41.5, 51.0, 58.40625, 88.1875, 48.0625, 154.625, 129.75, 171.0, 99.0625, 207.75, 192.125, 93.8125, 48.75, 114.0625, 200.375, 168.125, 29.125, 39.3125, 155.25, 69.3125], [92.0, 175.375, 105.375, 157.875, 154.75, 44.0, 191.375, 70.625, 153.0, 85.9375, 157.5, 134.625, 152.75, 49.03125, 108.875, 56.65625, 70.25, 159.75, 75.6875, 129.5, 90.4375, 133.875, 123.875, 44.40625, 47.09375, 115.0, 89.5, 0.0, 189.0, 21.40625, 132.875, 55.4375, 153.875, 145.0, 90.125, 74.0625, 80.625, 109.375, 86.0, 49.96875, 176.625, 54.375, 40.8125, 76.0, 10.296875, 119.5625, 115.3125, 144.875, 118.3125, 124.0625, 202.5, 117.375, 138.5, 110.0625, 34.9375, 181.625, 146.375, 104.625, 68.875, 75.0, 119.125], [126.125, 156.875, 98.0, 45.1875, 138.25, 175.875, 42.71875, 185.25, 80.5, 146.875, 47.0, 74.125, 41.125, 198.0, 80.5, 200.125, 131.625, 61.625, 178.375, 61.96875, 196.125, 59.46875, 221.125, 146.75, 148.75, 84.875, 116.1875, 189.0, 0.0, 168.25, 64.0, 141.875, 148.25, 46.375, 185.125, 226.75, 109.125, 233.375, 235.5, 156.625, 36.0, 135.375, 149.375, 174.0, 182.875, 71.0625, 185.625, 109.5, 210.875, 93.8125, 178.0, 253.25, 66.5625, 78.9375, 198.25, 190.375, 173.25, 89.25, 120.125, 230.375, 73.4375], [79.6875, 167.25, 84.1875, 138.75, 145.125, 35.34375, 172.5, 73.75, 136.875, 78.25, 138.5, 117.0, 132.875, 59.0, 88.625, 66.0625, 56.3125, 142.0, 76.5, 108.3125, 94.5625, 114.3125, 129.75, 27.890625, 34.0, 97.0, 68.8125, 21.40625, 168.25, 0.0, 111.5, 35.0, 145.625, 123.875, 91.6875, 88.125, 59.46875, 119.4375, 100.125, 42.4375, 157.375, 33.125, 19.421875, 65.5, 19.703125, 98.4375, 115.125, 131.875, 122.75, 108.3125, 195.375, 130.25, 120.1875, 89.3125, 47.84375, 177.5, 142.125, 83.25, 48.09375, 89.8125, 99.625], [96.875, 162.875, 34.0625, 60.875, 139.25, 113.625, 88.5625, 147.625, 89.5625, 116.1875, 62.25, 67.75, 48.28125, 152.75, 38.625, 156.75, 90.8125, 78.125, 142.875, 11.3984375, 163.375, 44.71875, 194.625, 95.5, 100.4375, 61.21875, 52.46875, 132.875, 64.0, 111.5, 0.0, 81.0, 146.875, 18.96875, 153.75, 183.625, 53.0625, 199.625, 194.125, 111.75, 72.5625, 78.625, 92.0625, 110.0, 128.75, 17.71875, 162.75, 110.0625, 184.625, 81.375, 189.875, 217.375, 62.625, 31.328125, 149.375, 191.0, 164.25, 28.296875, 65.75, 186.875, 45.40625], [82.875, 172.5, 50.59375, 119.25, 148.5, 35.0, 153.125, 99.3125, 126.3125, 89.9375, 119.4375, 103.4375, 111.0, 90.8125, 67.1875, 97.1875, 60.21875, 126.875, 99.4375, 80.0625, 119.8125, 94.25, 155.25, 38.09375, 47.53125, 83.8125, 34.0625, 55.4375, 141.875, 35.0, 81.0, 0.0, 151.375, 95.875, 114.3125, 121.3125, 35.125, 149.25, 133.125, 61.1875, 137.0, 17.796875, 19.109375, 48.84375, 54.59375, 70.8125, 134.375, 129.0, 147.125, 100.625, 201.5, 162.125, 104.5625, 65.0625, 81.625, 188.875, 154.5, 53.15625, 29.96875, 123.375, 80.875], [68.5625, 21.640625, 155.375, 104.25, 10.296875, 177.75, 115.375, 95.75, 67.6875, 68.0, 102.25, 81.125, 113.3125, 123.0, 111.9375, 118.9375, 92.0, 86.5625, 87.0, 135.5, 89.375, 104.375, 93.5, 119.625, 111.8125, 86.375, 159.125, 153.875, 148.25, 145.625, 146.875, 151.375, 0.0, 138.5, 80.0, 135.125, 127.625, 117.3125, 137.125, 104.3125, 113.25, 133.75, 139.625, 200.125, 143.5, 131.5, 61.125, 39.21875, 85.0625, 65.5, 50.25, 138.0, 88.0, 120.1875, 134.375, 44.28125, 29.0, 139.5, 124.0, 139.125, 101.625], [96.375, 152.75, 52.15625, 44.21875, 130.0, 129.625, 69.8125, 151.375, 76.5625, 116.75, 45.8125, 57.4375, 31.40625, 159.875, 40.59375, 163.0, 95.0, 62.78125, 145.75, 15.8125, 165.5, 34.0625, 194.75, 104.8125, 108.3125, 56.5, 70.0, 145.0, 46.375, 123.875, 18.96875, 95.875, 138.5, 0.0, 155.125, 190.0, 64.4375, 202.375, 199.875, 118.1875, 54.09375, 90.8125, 104.625, 128.125, 139.875, 25.5, 161.25, 100.125, 184.625, 74.0625, 178.625, 221.125, 51.0, 36.125, 158.0, 182.75, 158.375, 42.96875, 76.3125, 193.375, 40.8125], [59.375, 98.625, 144.0, 141.5, 85.5625, 127.0, 167.125, 19.84375, 116.25, 38.59375, 140.125, 111.8125, 144.0, 47.0, 115.6875, 41.21875, 64.125, 132.0, 15.234375, 144.5, 11.3984375, 126.75, 42.09375, 76.3125, 66.9375, 100.9375, 138.0, 90.125, 185.125, 91.6875, 153.75, 114.3125, 80.0, 155.125, 0.0, 55.21875, 109.6875, 48.28125, 58.53125, 53.15625, 157.75, 98.75, 96.3125, 156.5, 80.625, 136.0, 25.8125, 93.0625, 33.0625, 92.625, 121.5625, 68.5625, 119.0, 122.4375, 61.03125, 95.25, 61.96875, 132.75, 99.0625, 59.3125, 115.125], [102.9375, 153.125, 164.625, 186.25, 140.75, 118.0625, 215.25, 43.875, 166.375, 84.0625, 185.125, 157.25, 186.0, 31.3125, 149.5, 27.015625, 95.4375, 180.125, 52.5625, 176.625, 46.03125, 167.25, 63.8125, 89.875, 83.5, 142.25, 152.875, 74.0625, 226.75, 88.125, 183.625, 121.3125, 135.125, 190.0, 55.21875, 0.0, 132.25, 40.0, 12.0390625, 72.0, 203.875, 111.625, 102.5, 150.0, 69.25, 167.0, 76.625, 146.125, 63.5, 139.75, 174.25, 43.40625, 163.625, 154.25, 40.3125, 145.125, 114.875, 158.0, 119.5625, 4.125, 153.5], [62.3125, 147.625, 34.375, 84.125, 123.0, 70.125, 118.0625, 99.75, 93.0, 76.4375, 84.3125, 69.4375, 76.1875, 101.0, 32.0625, 105.5625, 46.0, 92.1875, 96.6875, 48.875, 117.875, 59.125, 151.75, 42.8125, 48.75, 50.59375, 31.78125, 80.625, 109.125, 59.46875, 53.0625, 35.125, 127.625, 64.4375, 109.6875, 132.25, 0.0, 152.25, 143.125, 61.46875, 102.0, 26.40625, 40.3125, 79.625, 75.8125, 38.9375, 124.3125, 99.75, 142.375, 69.6875, 176.625, 168.375, 69.9375, 30.59375, 96.5625, 168.625, 136.375, 25.8125, 12.8046875, 135.125, 45.90625], [107.4375, 131.625, 186.25, 189.75, 125.1875, 152.375, 214.625, 52.5, 163.375, 86.625, 188.25, 160.0, 192.25, 60.8125, 162.375, 53.46875, 108.875, 179.75, 56.8125, 191.0, 37.1875, 174.875, 28.4375, 113.3125, 104.9375, 149.0, 177.5, 109.375, 233.375, 119.4375, 199.625, 149.25, 117.3125, 202.375, 48.28125, 40.0, 152.25, 0.0, 32.0, 91.25, 205.75, 136.375, 130.125, 184.125, 102.5625, 182.125, 56.46875, 138.375, 33.25, 140.75, 148.0, 21.09375, 167.25, 168.625, 74.4375, 116.125, 91.8125, 176.75, 140.375, 41.78125, 162.875], [110.625, 154.125, 175.875, 194.25, 143.5, 130.0, 222.5, 50.8125, 172.75, 91.0, 193.0, 165.0, 194.625, 42.71875, 159.25, 37.59375, 105.0, 187.25, 58.84375, 186.875, 48.0625, 176.125, 58.59375, 101.125, 94.4375, 150.875, 164.5, 86.0, 235.5, 100.125, 194.125, 133.125, 137.125, 199.875, 58.53125, 12.0390625, 143.125, 32.0, 0.0, 82.375, 211.625, 123.125, 114.3125, 162.0, 81.3125, 177.25, 77.0, 151.125, 60.15625, 147.0, 173.75, 31.78125, 171.625, 164.375, 52.34375, 143.375, 115.0, 168.875, 130.625, 11.3984375, 162.625], [43.03125, 125.875, 95.1875, 118.9375, 104.8125, 77.0, 150.625, 39.21875, 107.0625, 36.34375, 118.125, 92.0, 116.8125, 41.71875, 77.8125, 45.0, 25.5, 116.75, 38.3125, 104.625, 59.03125, 97.625, 94.3125, 23.1875, 14.0, 74.25, 86.5625, 49.96875, 156.625, 42.4375, 111.75, 61.1875, 104.3125, 118.1875, 53.15625, 72.0, 61.46875, 91.25, 82.375, 0.0, 137.375, 46.0, 43.3125, 104.6875, 39.84375, 95.0, 74.25, 95.75, 86.0, 78.0625, 153.625, 107.0, 97.3125, 82.3125, 42.53125, 135.0, 99.6875, 86.75, 49.34375, 75.3125, 83.25], [101.0, 121.0625, 102.8125, 18.6875, 103.1875, 172.0, 16.5, 160.75, 46.09375, 120.875, 19.3125, 46.625, 26.46875, 177.25, 70.0, 178.25, 111.875, 27.296875, 153.0, 65.0, 169.125, 43.1875, 191.0, 132.5, 132.25, 63.15625, 118.625, 176.625, 36.0, 157.375, 72.5625, 137.0, 113.25, 54.09375, 157.75, 203.875, 102.0, 205.75, 211.625, 137.375, 0.0, 126.5, 139.875, 176.75, 169.125, 70.625, 155.0, 75.25, 180.875, 65.125, 142.0, 226.375, 40.3125, 72.25, 179.875, 154.75, 139.375, 89.5, 110.4375, 207.75, 57.71875], [65.125, 154.875, 53.53125, 108.1875, 131.0, 48.375, 142.125, 85.0625, 111.375, 72.4375, 108.0625, 89.4375, 101.25, 80.4375, 56.71875, 86.0, 42.4375, 113.75, 84.1875, 75.1875, 105.0625, 83.3125, 140.25, 23.09375, 32.0, 69.4375, 41.5, 54.375, 135.375, 33.125, 78.625, 17.796875, 133.75, 90.8125, 98.75, 111.625, 26.40625, 136.375, 123.125, 46.0, 126.5, 0.0, 13.9296875, 66.4375, 50.25, 65.3125, 117.75, 112.1875, 131.75, 84.6875, 183.875, 150.625, 91.4375, 56.625, 73.5625, 171.125, 136.875, 50.4375, 16.03125, 114.125, 69.0], [71.375, 161.125, 65.3125, 121.5, 137.75, 38.59375, 155.5, 80.625, 122.8125, 75.0, 121.3125, 101.625, 114.9375, 71.8125, 70.375, 78.0625, 47.625, 126.25, 81.25, 89.0, 101.25, 96.75, 136.75, 21.09375, 30.40625, 81.5, 51.0, 40.8125, 149.375, 19.421875, 92.0625, 19.109375, 139.625, 104.625, 96.3125, 102.5, 40.3125, 130.125, 114.3125, 43.3125, 139.875, 13.9296875, 0.0, 62.125, 37.65625, 79.1875, 117.375, 121.1875, 128.875, 95.1875, 189.875, 143.0, 104.0625, 70.5, 63.15625, 174.875, 140.0, 63.8125, 29.609375, 104.6875, 82.3125], [131.5, 221.375, 76.0, 160.375, 197.375, 32.0, 193.125, 139.125, 172.625, 137.0, 160.875, 149.0, 150.25, 123.3125, 109.8125, 130.75, 108.4375, 170.875, 141.375, 113.5625, 160.0, 136.0, 195.25, 83.1875, 92.4375, 130.125, 58.40625, 76.0, 174.0, 65.5, 110.0, 48.84375, 200.125, 128.125, 156.5, 150.0, 79.625, 184.125, 162.0, 104.6875, 176.75, 66.4375, 62.125, 0.0, 81.625, 106.375, 178.875, 177.375, 188.125, 148.375, 250.375, 193.25, 148.875, 105.375, 110.375, 236.75, 202.0, 87.3125, 78.0, 151.0, 124.4375], [82.1875, 165.0, 102.9375, 150.375, 144.5, 49.8125, 183.625, 61.28125, 144.0, 75.625, 149.875, 126.3125, 145.875, 41.78125, 102.4375, 49.25, 61.0, 151.5, 65.9375, 124.5625, 81.5, 126.8125, 115.5625, 36.6875, 38.0625, 106.875, 88.1875, 10.296875, 182.875, 19.703125, 128.75, 54.59375, 143.5, 139.875, 80.625, 69.25, 75.8125, 102.5625, 81.3125, 39.84375, 169.125, 50.25, 37.65625, 81.625, 0.0, 114.5625, 105.5625, 135.125, 109.5625, 115.0, 192.25, 112.0, 130.375, 104.3125, 29.015625, 171.5, 136.25, 100.6875, 63.5, 70.6875, 111.9375], [79.25, 148.375, 32.65625, 55.46875, 124.25, 105.0625, 87.0625, 130.125, 78.25, 98.5, 56.34375, 54.90625, 44.28125, 136.375, 21.09375, 140.0, 73.375, 69.8125, 125.3125, 10.0, 145.75, 33.96875, 176.875, 80.0625, 84.25, 45.125, 48.0625, 119.5625, 71.0625, 98.4375, 17.71875, 70.8125, 131.5, 25.5, 136.0, 167.0, 38.9375, 182.125, 177.25, 95.0, 70.625, 65.3125, 79.1875, 106.375, 114.5625, 0.0, 145.125, 95.875, 166.875, 66.125, 176.0, 200.0, 51.09375, 13.6015625, 133.625, 175.375, 147.625, 19.109375, 51.03125, 170.25, 30.078125], [65.9375, 77.125, 158.0, 140.625, 68.6875, 150.375, 162.125, 45.59375, 110.4375, 48.0, 139.0, 111.5, 145.375, 72.6875, 124.125, 66.625, 78.5, 128.0, 39.625, 152.625, 31.046875, 130.0, 36.125, 96.5625, 87.0625, 105.0, 154.625, 115.3125, 185.625, 115.125, 162.75, 134.375, 61.125, 161.25, 25.8125, 76.625, 124.3125, 56.46875, 77.0, 74.25, 155.0, 117.75, 117.375, 178.875, 105.5625, 145.125, 0.0, 83.625, 26.171875, 91.8125, 97.6875, 77.375, 119.0625, 131.625, 86.8125, 69.875, 38.21875, 145.125, 115.25, 80.5, 120.5], [52.9375, 52.875, 122.875, 65.125, 30.015625, 159.625, 79.625, 102.625, 29.15625, 64.375, 63.15625, 42.75, 74.125, 126.125, 78.0625, 124.3125, 75.5625, 48.09375, 93.6875, 98.6875, 104.1875, 66.3125, 119.5625, 104.0625, 98.5, 52.15625, 129.75, 144.875, 109.5, 131.875, 110.0625, 129.0, 39.21875, 100.125, 93.0625, 146.125, 99.75, 138.375, 151.125, 95.75, 75.25, 112.1875, 121.1875, 177.375, 135.125, 95.875, 83.625, 0.0, 109.8125, 30.8125, 80.125, 159.5, 49.25, 85.9375, 134.125, 83.0, 64.0625, 106.5625, 99.375, 150.25, 65.8125], [88.25, 98.5, 176.625, 166.125, 93.5, 157.875, 188.25, 49.03125, 136.5, 68.4375, 164.5, 136.75, 170.25, 70.625, 146.125, 63.25, 96.5, 154.0, 47.6875, 174.875, 28.234375, 154.25, 10.296875, 109.1875, 99.875, 128.875, 171.0, 118.3125, 210.875, 122.75, 184.625, 147.125, 85.0625, 184.625, 33.0625, 63.5, 142.375, 33.25, 60.15625, 86.0, 180.875, 131.75, 128.875, 188.125, 109.5625, 166.875, 26.171875, 109.8125, 0.0, 117.0625, 115.0, 53.15625, 144.25, 153.25, 85.625, 83.625, 58.6875, 164.875, 132.0, 66.6875, 143.875], [37.15625, 82.4375, 92.125, 49.21875, 58.1875, 133.0, 75.5, 96.25, 29.0625, 56.03125, 47.625, 19.71875, 53.71875, 114.9375, 47.40625, 114.9375, 54.03125, 40.3125, 88.25, 70.0625, 103.9375, 40.3125, 127.3125, 80.625, 77.0, 21.46875, 99.0625, 124.0625, 93.8125, 108.3125, 81.375, 100.625, 65.5, 74.0625, 92.625, 139.75, 69.6875, 140.75, 147.0, 78.0625, 65.125, 84.6875, 95.1875, 148.375, 115.0, 66.125, 91.8125, 30.8125, 117.0625, 0.0, 110.5, 161.25, 27.296875, 55.46875, 119.8125, 109.6875, 84.3125, 75.8125, 70.6875, 143.75, 36.125], [118.8125, 29.0625, 202.375, 138.625, 53.59375, 227.875, 138.625, 139.75, 102.375, 117.3125, 136.625, 122.0625, 149.875, 167.625, 157.875, 162.5, 142.25, 119.0625, 131.625, 178.5, 128.625, 145.5, 120.3125, 169.75, 161.875, 132.0, 207.75, 202.5, 178.0, 195.375, 189.875, 201.5, 50.25, 178.625, 121.5625, 174.25, 176.625, 148.0, 173.75, 153.625, 142.0, 183.875, 189.875, 250.375, 192.25, 176.0, 97.6875, 80.125, 115.0, 110.5, 0.0, 166.625, 127.75, 165.875, 180.375, 33.53125, 59.65625, 186.25, 173.75, 178.0, 145.875], [127.125, 151.625, 202.125, 210.125, 146.0, 161.25, 235.5, 69.8125, 184.25, 106.375, 208.625, 180.375, 212.125, 71.4375, 180.75, 64.9375, 126.6875, 200.5, 75.4375, 209.125, 57.28125, 194.5, 46.375, 127.875, 120.1875, 168.625, 192.125, 117.375, 253.25, 130.25, 217.375, 162.125, 138.0, 221.125, 68.5625, 43.40625, 168.375, 21.09375, 31.78125, 107.0, 226.375, 150.625, 143.0, 193.25, 112.0, 200.0, 77.375, 159.5, 53.15625, 161.25, 166.625, 0.0, 187.5, 186.625, 83.0, 134.125, 111.8125, 193.5, 156.25, 43.1875, 182.0], [61.0625, 101.8125, 82.25, 22.671875, 79.25, 139.125, 53.4375, 120.875, 27.203125, 81.375, 21.40625, 7.6171875, 26.578125, 137.0, 39.34375, 137.875, 71.875, 22.359375, 113.375, 51.46875, 130.25, 17.890625, 154.5, 94.0625, 92.875, 23.53125, 93.8125, 138.5, 66.5625, 120.1875, 62.625, 104.5625, 88.0, 51.0, 119.0, 163.625, 69.9375, 167.25, 171.625, 97.3125, 40.3125, 91.4375, 104.0625, 148.875, 130.375, 51.09375, 119.0625, 49.25, 144.25, 27.296875, 127.75, 187.5, 0.0, 45.21875, 139.875, 132.125, 109.8125, 66.25, 75.6875, 167.5, 24.59375], [65.75, 137.875, 37.53125, 55.09375, 113.4375, 100.0, 88.5625, 116.875, 71.5, 84.875, 55.53125, 47.375, 46.0, 123.9375, 8.25, 127.3125, 60.03125, 66.1875, 111.8125, 22.46875, 132.25, 30.671875, 163.375, 68.8125, 72.1875, 34.0, 48.75, 110.0625, 78.9375, 89.3125, 31.328125, 65.0625, 120.1875, 36.125, 122.4375, 154.25, 30.59375, 168.625, 164.375, 82.3125, 72.25, 56.625, 70.5, 105.375, 104.3125, 13.6015625, 131.625, 85.9375, 153.25, 55.46875, 165.875, 186.625, 45.21875, 0.0, 121.9375, 163.75, 135.125, 21.21875, 41.21875, 157.625, 21.21875], [83.375, 155.0, 127.125, 161.5, 137.25, 78.4375, 193.125, 41.34375, 148.5, 70.0, 160.625, 134.5, 159.0, 15.0, 118.375, 22.46875, 68.0, 159.125, 48.75, 143.625, 58.6875, 139.75, 90.1875, 53.8125, 49.8125, 116.75, 114.0625, 34.9375, 198.25, 47.84375, 149.375, 81.625, 134.375, 158.0, 61.03125, 40.3125, 96.5625, 74.4375, 52.34375, 42.53125, 179.875, 73.5625, 63.15625, 110.375, 29.015625, 133.625, 86.8125, 134.125, 85.625, 119.8125, 180.375, 83.0, 139.875, 121.9375, 0.0, 155.875, 121.625, 122.3125, 83.75, 41.96875, 125.1875], [107.0625, 34.53125, 198.0, 147.375, 53.0, 211.625, 154.75, 114.625, 110.4375, 100.0, 145.375, 125.3125, 157.0, 142.25, 155.5, 136.375, 128.75, 129.0, 107.375, 179.75, 100.6875, 148.625, 88.0, 154.0, 145.25, 130.25, 200.375, 181.625, 190.375, 177.5, 191.0, 188.875, 44.28125, 182.75, 95.25, 145.125, 168.625, 116.125, 143.375, 135.0, 154.75, 171.125, 174.875, 236.75, 171.5, 175.375, 69.875, 83.0, 83.625, 109.6875, 33.53125, 134.125, 132.125, 163.75, 155.875, 0.0, 35.375, 182.5, 163.5, 148.625, 145.75], [74.125, 39.8125, 167.375, 128.5, 38.9375, 176.375, 142.875, 80.625, 93.25, 65.0, 126.5, 102.4375, 136.125, 108.4375, 126.875, 103.125, 94.5, 112.1875, 72.875, 153.125, 69.0625, 124.5625, 66.125, 119.0, 110.125, 103.0625, 168.125, 146.375, 173.25, 142.125, 164.25, 154.5, 29.0, 158.375, 61.96875, 114.875, 136.375, 91.8125, 115.0, 99.6875, 139.375, 136.875, 140.0, 202.0, 136.25, 147.625, 38.21875, 64.0625, 58.6875, 84.3125, 59.65625, 111.8125, 109.8125, 135.125, 121.625, 35.375, 0.0, 152.375, 130.25, 118.6875, 119.0], [80.125, 157.875, 16.40625, 73.75, 133.25, 86.6875, 106.0, 124.3125, 92.6875, 97.25, 74.4375, 68.5625, 63.0625, 126.75, 28.59375, 131.25, 68.6875, 86.625, 120.625, 27.296875, 141.625, 50.59375, 174.625, 68.625, 74.4375, 54.375, 29.125, 104.625, 89.25, 83.25, 28.296875, 53.15625, 139.5, 42.96875, 132.75, 158.0, 25.8125, 176.75, 168.875, 86.75, 89.5, 50.4375, 63.8125, 87.3125, 100.6875, 19.109375, 145.125, 106.5625, 164.875, 75.8125, 186.25, 193.5, 66.25, 21.21875, 122.3125, 182.5, 152.375, 0.0, 38.59375, 160.875, 42.4375], [56.4375, 144.75, 45.875, 92.125, 120.3125, 63.5625, 126.125, 88.0625, 96.4375, 67.9375, 92.0625, 74.0, 85.3125, 88.3125, 40.78125, 93.0, 36.875, 98.0, 85.5625, 61.03125, 106.8125, 67.25, 141.125, 30.0, 36.25, 54.125, 39.3125, 68.875, 120.125, 48.09375, 65.75, 29.96875, 124.0, 76.3125, 99.0625, 119.5625, 12.8046875, 140.375, 130.625, 49.34375, 110.4375, 16.03125, 29.609375, 78.0, 63.5, 51.03125, 115.25, 99.375, 132.0, 70.6875, 173.75, 156.25, 75.6875, 41.21875, 83.75, 163.5, 130.25, 38.59375, 0.0, 122.4375, 53.0], [106.875, 157.125, 167.25, 190.125, 144.875, 119.0, 219.125, 47.9375, 170.375, 88.125, 188.875, 161.125, 189.75, 34.125, 152.875, 30.40625, 99.0, 184.125, 56.65625, 179.875, 50.0, 171.0, 66.5625, 92.6875, 86.5625, 146.0, 155.25, 75.0, 230.375, 89.8125, 186.875, 123.375, 139.125, 193.375, 59.3125, 4.125, 135.125, 41.78125, 11.3984375, 75.3125, 207.75, 114.125, 104.6875, 151.0, 70.6875, 170.25, 80.5, 150.25, 66.6875, 143.75, 178.0, 43.1875, 167.5, 157.625, 41.96875, 148.625, 118.6875, 160.875, 122.4375, 0.0, 157.125], [55.90625, 118.3125, 58.71875, 39.21875, 94.25, 115.75, 73.1875, 112.9375, 50.34375, 76.5625, 39.0625, 26.171875, 34.0, 124.625, 14.765625, 126.8125, 58.25, 46.5, 106.625, 34.125, 125.6875, 14.8671875, 154.125, 75.25, 76.0, 16.03125, 69.3125, 119.125, 73.4375, 99.625, 45.40625, 80.875, 101.625, 40.8125, 115.125, 153.5, 45.90625, 162.875, 162.625, 83.25, 57.71875, 69.0, 82.3125, 124.4375, 111.9375, 30.078125, 120.5, 65.8125, 143.875, 36.125, 145.875, 182.0, 24.59375, 21.21875, 125.1875, 145.75, 119.0, 42.4375, 53.0, 157.125, 0.0]], "angleGap": [[0.0, 2.4765625, 1.447265625, 0.099609375, 3.005859375, 1.2578125, 1.728515625, 1.009765625, 1.439453125, 1.427734375, 1.375, 1.59765625, 2.041015625, 2.109375, 1.943359375, 2.97265625, 1.2158203125, 1.63671875, 2.060546875, 1.44921875, 1.7001953125, 1.1884765625, 2.892578125, 2.751953125, 1.7021484375, 2.67578125, 2.603515625, 1.5986328125, 2.80859375, 2.119140625, 3.04296875, 0.0498046875, 1.9228515625, 1.39453125, 1.83203125, 2.64453125, 1.451171875, 1.744140625, 2.44140625, 1.369140625, 3.05859375, 3.041015625, 3.080078125, 2.56640625, 2.140625, 0.9921875, 0.55615234375, 1.171875, 1.162109375, 0.02734375, 1.515625, 1.439453125, 2.1640625, 2.21484375, 0.306640625, 0.4521484375, 2.37890625, 2.8359375, 1.84375, 1.853515625], [2.4765625, 0.0, 1.029296875, 2.376953125, 0.80078125, 1.21875, 2.080078125, 1.466796875, 2.3671875, 1.048828125, 1.1015625, 0.87841796875, 1.767578125, 0.3671875, 1.861328125, 0.833984375, 1.2607421875, 2.169921875, 0.416015625, 2.357421875, 0.7763671875, 2.619140625, 0.9140625, 1.0546875, 0.7744140625, 0.19921875, 1.203125, 0.8779296875, 0.998046875, 0.357421875, 0.56640625, 2.52734375, 0.5537109375, 2.412109375, 1.974609375, 0.1669921875, 2.35546875, 2.064453125, 1.365234375, 1.107421875, 0.58203125, 0.765625, 0.603515625, 1.240234375, 0.3369140625, 2.814453125, 1.919921875, 2.634765625, 1.314453125, 2.50390625, 2.291015625, 1.037109375, 0.3125, 1.591796875, 2.783203125, 2.9296875, 0.09765625, 0.359375, 1.962890625, 0.623046875], [1.447265625, 1.029296875, 0.0, 1.34765625, 1.830078125, 0.189453125, 3.107421875, 0.43701171875, 2.88671875, 0.0185546875, 0.07177734375, 0.1513671875, 2.794921875, 0.66259765625, 2.892578125, 1.86328125, 0.231201171875, 3.083984375, 0.61376953125, 2.896484375, 0.25341796875, 2.634765625, 1.943359375, 2.083984375, 0.25537109375, 1.228515625, 2.232421875, 0.15185546875, 2.02734375, 0.67236328125, 1.595703125, 1.49609375, 0.47607421875, 2.841796875, 3.00390625, 1.197265625, 2.8984375, 3.091796875, 2.39453125, 0.0771484375, 1.611328125, 1.794921875, 1.6328125, 2.26953125, 0.69287109375, 2.439453125, 0.890625, 2.619140625, 0.28515625, 1.474609375, 2.962890625, 0.0078125, 0.71728515625, 2.62109375, 1.75390625, 1.8984375, 0.93212890625, 1.388671875, 2.9921875, 0.40673828125], [0.099609375, 2.376953125, 1.34765625, 0.0, 3.10546875, 1.158203125, 1.828125, 0.91015625, 1.5390625, 1.328125, 1.275390625, 1.498046875, 2.140625, 2.009765625, 2.04296875, 3.072265625, 1.1162109375, 1.736328125, 1.9609375, 1.548828125, 1.6005859375, 1.2880859375, 2.9921875, 2.8515625, 1.6025390625, 2.576171875, 2.703125, 1.4990234375, 2.908203125, 2.01953125, 2.943359375, 0.1494140625, 1.8232421875, 1.494140625, 1.931640625, 2.54296875, 1.55078125, 1.84375, 2.541015625, 1.26953125, 2.958984375, 3.140625, 2.98046875, 2.666015625, 2.0390625, 1.091796875, 0.45654296875, 1.271484375, 1.0625, 0.126953125, 1.615234375, 1.33984375, 2.064453125, 2.314453125, 0.40625, 0.5517578125, 2.279296875, 2.736328125, 1.943359375, 1.75390625], [3.005859375, 0.80078125, 1.830078125, 3.10546875, 0.0, 2.01953125, 1.275390625, 2.267578125, 1.564453125, 1.849609375, 1.90234375, 1.6796875, 0.962890625, 1.16796875, 1.064453125, 0.033203125, 2.0625, 1.369140625, 1.216796875, 1.556640625, 1.5771484375, 1.818359375, 0.11328125, 0.25390625, 1.5751953125, 0.6015625, 0.40234375, 1.6787109375, 0.197265625, 1.158203125, 0.234375, 2.955078125, 1.3544921875, 1.611328125, 1.173828125, 0.6337890625, 1.556640625, 1.259765625, 0.564453125, 1.908203125, 0.21875, 0.03515625, 0.197265625, 0.439453125, 1.1376953125, 2.013671875, 2.720703125, 1.833984375, 2.115234375, 2.978515625, 1.490234375, 1.837890625, 1.11328125, 0.791015625, 2.69921875, 2.552734375, 0.8984375, 0.44140625, 1.162109375, 1.423828125], [1.2578125, 1.21875, 0.189453125, 1.158203125, 2.01953125, 0.0, 2.986328125, 0.24755859375, 2.697265625, 0.1708984375, 0.11767578125, 0.3408203125, 2.984375, 0.85205078125, 3.08203125, 2.052734375, 0.041748046875, 2.89453125, 0.80322265625, 2.70703125, 0.44287109375, 2.4453125, 2.1328125, 2.2734375, 0.44482421875, 1.41796875, 2.421875, 0.34130859375, 2.216796875, 0.86181640625, 1.78515625, 1.306640625, 0.66552734375, 2.65234375, 3.08984375, 1.38671875, 2.708984375, 3.001953125, 2.583984375, 0.1123046875, 1.80078125, 1.984375, 1.822265625, 2.458984375, 0.88232421875, 2.25, 0.701171875, 2.4296875, 0.095703125, 1.28515625, 2.7734375, 0.181640625, 0.90673828125, 2.810546875, 1.564453125, 1.708984375, 1.12109375, 1.578125, 3.1015625, 0.59619140625], [1.728515625, 2.080078125, 3.107421875, 1.828125, 1.275390625, 2.986328125, 0.0, 2.73828125, 0.2890625, 3.126953125, 3.103515625, 2.95703125, 0.3125, 2.4453125, 0.21484375, 1.244140625, 2.943359375, 0.091796875, 2.494140625, 0.279296875, 2.853515625, 0.5400390625, 1.166015625, 1.025390625, 2.853515625, 1.876953125, 0.876953125, 2.955078125, 1.080078125, 2.435546875, 1.509765625, 1.6787109375, 2.630859375, 0.333984375, 0.103515625, 1.912109375, 0.27734375, 0.015625, 0.712890625, 3.09765625, 1.494140625, 1.314453125, 1.474609375, 0.837890625, 2.416015625, 0.736328125, 2.28515625, 0.556640625, 2.890625, 1.701171875, 0.212890625, 3.115234375, 2.390625, 0.486328125, 1.421875, 1.2763671875, 2.173828125, 1.720703125, 0.115234375, 2.701171875], [1.009765625, 1.466796875, 0.43701171875, 0.91015625, 2.267578125, 0.24755859375, 2.73828125, 0.0, 2.44921875, 0.41845703125, 0.365234375, 0.58837890625, 3.05078125, 1.099609375, 2.953125, 2.30078125, 0.205810546875, 2.646484375, 1.05078125, 2.458984375, 0.6904296875, 2.19921875, 2.380859375, 2.521484375, 0.6923828125, 1.666015625, 2.669921875, 0.5888671875, 2.46484375, 1.109375, 2.033203125, 1.0595703125, 0.9130859375, 2.404296875, 2.841796875, 1.6337890625, 2.4609375, 2.75390625, 2.83203125, 0.35986328125, 2.048828125, 2.232421875, 2.0703125, 2.70703125, 1.1298828125, 2.001953125, 0.45361328125, 2.181640625, 0.15185546875, 1.037109375, 2.525390625, 0.42919921875, 1.154296875, 3.05859375, 1.31640625, 1.4619140625, 1.369140625, 1.826171875, 2.853515625, 0.84375], [1.439453125, 2.3671875, 2.88671875, 1.5390625, 1.564453125, 2.697265625, 0.2890625, 2.44921875, 0.0, 2.8671875, 2.814453125, 3.037109375, 0.6015625, 2.734375, 0.50390625, 1.533203125, 2.654296875, 0.197265625, 2.783203125, 0.009765625, 3.140625, 0.2509765625, 1.455078125, 1.314453125, 3.140625, 2.166015625, 1.166015625, 3.0390625, 1.369140625, 2.724609375, 1.798828125, 1.3896484375, 2.919921875, 0.044921875, 0.392578125, 2.201171875, 0.01171875, 0.3046875, 1.001953125, 2.80859375, 1.783203125, 1.603515625, 1.763671875, 1.126953125, 2.705078125, 0.447265625, 1.99609375, 0.267578125, 2.6015625, 1.412109375, 0.076171875, 2.87890625, 2.6796875, 0.775390625, 1.1328125, 0.9873046875, 2.46484375, 2.009765625, 0.404296875, 2.990234375], [1.427734375, 1.048828125, 0.0185546875, 1.328125, 1.849609375, 0.1708984375, 3.126953125, 0.41845703125, 2.8671875, 0.0, 0.05322265625, 0.169921875, 2.814453125, 0.68115234375, 2.912109375, 1.8828125, 0.212646484375, 3.064453125, 0.63232421875, 2.876953125, 0.27197265625, 2.6171875, 1.962890625, 2.103515625, 0.27392578125, 1.248046875, 2.251953125, 0.17041015625, 2.046875, 0.69091796875, 1.615234375, 1.478515625, 0.49462890625, 2.822265625, 3.0234375, 1.21484375, 2.87890625, 3.111328125, 2.4140625, 0.05859375, 1.630859375, 1.814453125, 1.65234375, 2.2890625, 0.71142578125, 2.419921875, 0.8720703125, 2.599609375, 0.2666015625, 1.455078125, 2.943359375, 0.0107421875, 0.73583984375, 2.640625, 1.734375, 1.880859375, 0.95068359375, 1.408203125, 3.01171875, 0.42529296875], [1.375, 1.1015625, 0.07177734375, 1.275390625, 1.90234375, 0.11767578125, 3.103515625, 0.365234375, 2.814453125, 0.05322265625, 0.0, 0.22314453125, 2.8671875, 0.734375, 2.96484375, 1.935546875, 0.159423828125, 3.01171875, 0.685546875, 2.82421875, 0.3251953125, 2.5625, 2.015625, 2.15625, 0.3271484375, 1.30078125, 2.3046875, 0.2236328125, 2.099609375, 0.744140625, 1.66796875, 1.4248046875, 0.5478515625, 2.76953125, 3.076171875, 1.2685546875, 2.826171875, 3.119140625, 2.466796875, 0.00537109375, 1.68359375, 1.8671875, 1.705078125