{"name": "LZB_n60_16", "n": 60, "m": 8, "times": [[0.0, 77.8125, 107.5625, 81.3125, 23.34375, 72.6875, 34.0, 100.625, 15.8125, 42.0, 59.6875, 78.5, 83.0, 91.5, 51.625, 70.75, 21.84375, 64.125, 49.25, 43.9375, 97.75, 12.0, 85.125, 53.0, 103.75, 98.4375, 71.4375, 46.09375, 82.75, 73.3125, 69.3125, 89.5625, 62.9375, 116.75, 98.0625, 123.1875, 44.03125, 104.25, 74.6875, 91.0625, 77.8125, 48.71875, 108.4375, 69.4375, 58.25, 61.71875, 91.0625, 65.75, 99.125, 83.5625, 88.6875, 76.5625, 61.03125, 105.375, 70.1875, 88.75, 91.6875, 137.875, 93.3125, 72.8125, 46.25], [77.8125, 0.0, 134.125, 53.25, 66.75, 92.1875, 94.0, 86.625, 93.375, 56.28125, 131.125, 140.125, 159.5, 109.25, 128.875, 8.25, 59.40625, 23.015625, 125.1875, 86.125, 94.4375, 70.0, 9.0546875, 102.875, 48.75, 118.4375, 149.25, 114.0625, 93.375, 142.75, 104.0625, 165.625, 101.5, 194.5, 171.5, 45.46875, 58.84375, 135.75, 151.0, 144.0, 151.0, 72.4375, 120.625, 71.375, 100.8125, 17.46875, 164.375, 87.0625, 29.15625, 8.0, 75.125, 151.5, 129.75, 142.0, 102.0, 18.6875, 162.875, 60.09375, 42.0, 100.0625, 39.21875], [107.5625, 134.125, 0.0, 86.375, 90.125, 42.4375, 140.125, 199.875, 105.25, 140.75, 149.375, 64.0, 116.25, 198.5, 109.4375, 133.375, 99.625, 139.875, 131.875, 64.0, 200.5, 116.6875, 134.25, 56.40625, 113.0, 205.75, 128.5, 144.5, 188.125, 162.75, 176.875, 117.0, 170.5, 153.125, 107.8125, 163.0, 144.0, 211.5, 145.75, 46.6875, 97.125, 153.5, 23.34375, 170.875, 49.53125, 130.25, 168.25, 172.0, 130.5, 142.0, 186.875, 104.375, 154.5, 17.5, 177.75, 128.0, 95.5, 177.75, 108.1875, 180.125, 100.5625], [81.3125, 53.25, 86.375, 0.0, 59.03125, 48.84375, 111.375, 135.125, 92.1875, 87.3125, 140.875, 111.375, 146.5, 149.0, 121.3125, 55.8125, 60.0, 67.875, 128.875, 60.0, 140.375, 81.125, 50.59375, 74.25, 30.0, 157.875, 144.25, 127.0625, 134.5, 154.625, 136.0, 151.125, 131.375, 185.375, 151.75, 76.625, 90.875, 171.25, 152.875, 108.4375, 132.625, 104.5625, 69.4375, 112.875, 68.125, 57.28125, 171.375, 123.0625, 44.1875, 60.40625, 122.5625, 135.875, 142.25, 97.75, 135.125, 42.59375, 140.75, 91.5625, 22.46875, 135.0, 39.28125], [23.34375, 66.75, 90.125, 59.03125, 0.0, 51.75, 56.65625, 110.875, 33.25, 51.0, 82.125, 75.3125, 94.0625, 109.0, 65.1875, 61.3125, 10.1953125, 59.84375, 69.875, 26.921875, 110.5625, 28.015625, 72.4375, 41.3125, 83.6875, 116.6875, 87.4375, 69.375, 98.0, 96.0625, 89.1875, 99.8125, 83.25, 131.0, 104.875, 110.4375, 54.125, 124.875, 94.25, 83.125, 84.3125, 63.40625, 87.875, 80.9375, 43.3125, 53.75, 112.375, 82.25, 82.875, 73.8125, 98.0625, 85.25, 84.0, 91.0, 89.5, 73.5625, 96.1875, 125.8125, 73.375, 91.3125, 29.0], [72.6875, 92.1875, 42.4375, 48.84375, 51.75, 0.0, 106.6875, 158.625, 75.25, 100.625, 124.4375, 66.375, 110.0625, 160.5, 92.0625, 91.0625, 60.15625, 97.4375, 108.5, 30.359375, 160.125, 79.625, 93.0625, 34.71875, 78.3125, 168.375, 114.5, 115.5, 148.875, 138.5, 140.875, 113.3125, 134.75, 149.625, 110.125, 124.4375, 104.0, 176.375, 128.0, 60.21875, 93.25, 114.625, 36.125, 130.375, 25.96875, 87.8125, 149.375, 133.625, 91.9375, 100.1875, 145.625, 98.375, 128.125, 50.15625, 141.25, 87.8125, 98.25, 139.75, 71.3125, 143.0, 58.1875], [34.0, 94.0, 140.125, 111.375, 56.65625, 106.6875, 0.0, 83.875, 35.8125, 40.46875, 38.28125, 101.75, 87.9375, 63.5625, 58.0, 85.9375, 51.96875, 74.125, 39.0, 77.4375, 77.0, 30.265625, 102.6875, 84.1875, 129.875, 68.875, 68.625, 20.609375, 59.21875, 48.75, 38.46875, 95.0625, 31.765625, 112.6875, 108.0625, 138.25, 39.59375, 71.4375, 62.4375, 117.75, 90.1875, 33.09375, 142.25, 54.40625, 90.625, 76.5625, 71.375, 42.0, 120.1875, 97.5, 74.4375, 86.0, 35.84375, 136.25, 40.3125, 109.125, 105.3125, 151.5, 119.625, 44.28125, 73.0], [100.625, 86.625, 199.875, 135.125, 110.875, 158.625, 83.875, 0.0, 112.375, 60.09375, 115.5, 179.0, 171.875, 40.21875, 141.5, 81.0, 100.875, 67.375, 122.0, 137.75, 13.4140625, 88.8125, 93.9375, 151.125, 135.375, 46.96875, 151.875, 100.0, 29.40625, 119.4375, 57.46875, 178.875, 61.28125, 194.125, 191.625, 110.1875, 57.28125, 68.4375, 142.375, 191.375, 173.125, 53.03125, 193.375, 31.25, 154.125, 77.875, 143.625, 43.0, 113.625, 82.75, 13.0390625, 169.5, 109.75, 201.875, 53.84375, 104.6875, 188.0, 116.0, 128.375, 48.5625, 102.1875], [15.8125, 93.375, 105.25, 92.1875, 33.25, 75.25, 35.8125, 112.375, 0.0, 55.90625, 50.15625, 67.4375, 67.25, 98.4375, 35.8125, 86.4375, 35.5, 79.9375, 36.6875, 44.9375, 108.0625, 26.578125, 100.5, 48.90625, 116.625, 104.3125, 56.09375, 40.3125, 91.75, 64.25, 74.125, 73.8125, 67.4375, 101.125, 82.875, 138.625, 57.4375, 107.0625, 61.09375, 82.3125, 62.8125, 59.40625, 109.5625, 81.125, 56.03125, 77.4375, 79.25, 74.3125, 113.75, 99.25, 101.0, 61.09375, 53.15625, 100.5625, 75.6875, 103.625, 77.125, 153.5, 106.25, 79.1875, 60.03125], [42.0, 56.28125, 140.75, 87.3125, 51.0, 100.625, 40.46875, 60.09375, 55.90625, 0.0, 78.75, 120.25, 121.25, 62.125, 89.5625, 48.0625, 41.1875, 34.53125, 77.1875, 77.875, 59.6875, 30.015625, 65.3125, 91.0625, 98.625, 70.8125, 105.3125, 61.0625, 48.84375, 88.75, 49.65625, 128.125, 46.03125, 150.625, 138.5, 98.875, 3.60546875, 84.125, 102.0625, 131.625, 118.6875, 17.46875, 136.25, 30.015625, 94.125, 39.3125, 111.8125, 35.78125, 84.5, 58.53125, 47.53125, 116.5, 76.0, 142.0, 48.28125, 73.3125, 133.0, 111.5, 89.125, 47.75, 48.875], [59.6875, 131.125, 149.375, 140.875, 82.125, 124.4375, 38.28125, 115.5, 50.15625, 78.75, 0.0, 96.875, 64.0, 85.375, 43.9375, 123.1875, 81.375, 112.0625, 17.796875, 94.125, 106.0625, 62.625, 139.5, 94.125, 163.0, 87.0, 40.59375, 17.6875, 87.375, 14.140625, 60.03125, 70.625, 54.8125, 78.875, 86.6875, 176.0, 77.8125, 79.5625, 26.921875, 116.125, 73.8125, 69.8125, 157.25, 89.1875, 102.5, 113.75, 33.28125, 72.625, 156.0, 135.125, 108.25, 67.125, 7.28125, 141.125, 63.34375, 145.125, 88.125, 189.375, 152.5, 68.6875, 105.25], [78.5, 140.125, 64.0, 111.375, 75.3125, 66.375, 101.75, 179.0, 67.4375, 120.25, 96.875, 0.0, 52.46875, 165.25, 53.0625, 135.75, 84.875, 135.125, 79.25, 54.5625, 175.375, 90.4375, 144.25, 38.09375, 141.375, 170.625, 67.5625, 97.9375, 159.25, 108.4375, 140.125, 53.0, 133.375, 89.25, 45.21875, 180.625, 122.5, 170.5, 86.4375, 20.125, 33.25, 126.5, 81.5625, 147.75, 43.28125, 128.75, 108.6875, 141.75, 149.75, 147.625, 167.25, 40.78125, 103.3125, 50.0, 142.125, 142.625, 32.90625, 196.375, 132.75, 146.0, 100.875], [83.0, 159.5, 116.25, 146.5, 94.0625, 110.0625, 87.9375, 171.875, 67.25, 121.25, 64.0, 52.46875, 0.0, 147.25, 31.78125, 153.0, 100.125, 147.125, 51.03125, 86.8125, 164.5, 93.5, 166.0, 75.625, 174.875, 150.0, 23.765625, 74.0625, 146.25, 70.6875, 121.125, 7.0703125, 115.0, 39.5625, 22.84375, 204.125, 122.0625, 143.625, 42.71875, 71.8125, 19.234375, 120.0625, 132.25, 142.0, 84.125, 144.25, 62.21875, 129.5, 176.875, 165.75, 162.25, 12.0390625, 71.3125, 102.4375, 124.0625, 167.625, 27.65625, 219.375, 165.0, 129.0, 123.0625], [91.5, 109.25, 198.5, 149.0, 109.0, 160.5, 63.5625, 40.21875, 98.4375, 62.125, 85.375, 165.25, 147.25, 0.0, 119.875, 101.875, 100.4375, 86.5625, 96.1875, 134.5, 27.015625, 81.8125, 117.875, 144.5, 156.625, 9.21875, 125.0, 73.1875, 16.03125, 85.875, 26.171875, 154.125, 32.5625, 163.625, 168.875, 142.125, 58.53125, 29.125, 112.0, 180.75, 152.375, 46.09375, 196.625, 37.84375, 149.625, 95.5, 109.125, 26.90625, 138.25, 107.9375, 41.75, 147.375, 78.625, 196.875, 23.53125, 127.875, 167.5, 150.5, 148.0, 19.3125, 111.0], [51.625, 128.875, 109.4375, 121.3125, 65.1875, 92.0625, 58.0, 141.5, 35.8125, 89.5625, 43.9375, 53.0625, 31.78125, 119.875, 0.0, 122.125, 70.0625, 115.6875, 26.625, 64.3125, 135.0, 61.78125, 135.75, 58.0625, 148.25, 123.6875, 23.09375, 47.75, 117.125, 55.4375, 93.75, 38.625, 87.3125, 65.9375, 50.15625, 174.0, 90.4375, 120.4375, 36.6875, 72.625, 32.5625, 89.125, 120.6875, 111.1875, 67.0625, 113.25, 58.9375, 100.0, 147.875, 135.0, 131.375, 28.015625, 50.59375, 99.3125, 96.3125, 138.25, 47.6875, 189.0, 138.0, 101.0, 93.875], [70.75, 8.25, 133.375, 55.8125, 61.3125, 91.0625, 85.9375, 81.0, 86.4375, 48.0625, 123.1875, 135.75, 153.0, 101.875, 122.125, 0.0, 53.34375, 15.296875, 117.625, 82.375, 88.125, 62.46875, 17.265625, 99.0625, 55.15625, 111.0625, 142.125, 106.0, 86.125, 134.625, 96.0, 159.25, 93.3125, 187.5, 165.75, 53.0, 50.625, 128.0, 143.375, 140.625, 145.125, 64.25, 121.125, 64.0, 97.625, 9.4375, 156.375, 79.25, 37.0, 12.8046875, 69.125, 145.375, 121.625, 140.375, 94.0, 26.171875, 157.375, 67.25, 47.5, 92.1875, 35.34375], [21.84375, 59.40625, 99.625, 60.0, 10.1953125, 60.15625, 51.96875, 100.875, 35.5, 41.1875, 81.375, 84.875, 100.125, 100.4375, 70.0625, 53.34375, 0.0, 50.4375, 70.9375, 37.0, 100.875, 21.84375, 65.875, 51.46875, 81.9375, 108.375, 91.375, 67.0625, 88.875, 94.875, 81.8125, 106.1875, 76.1875, 136.0, 112.375, 104.0625, 44.40625, 117.6875, 96.1875, 93.1875, 91.8125, 54.5, 96.1875, 71.1875, 53.4375, 45.1875, 112.9375, 73.5625, 78.25, 66.0625, 88.0, 92.0625, 82.375, 101.0, 81.8125, 68.25, 104.25, 119.1875, 71.5, 83.25, 24.59375], [64.125, 23.015625, 139.875, 67.875, 59.84375, 97.4375, 74.125, 67.375, 79.9375, 34.53125, 112.0625, 135.125, 147.125, 86.5625, 115.6875, 15.296875, 50.4375, 0.0, 108.1875, 84.0, 73.5625, 54.21875, 32.0, 100.125, 70.25, 95.8125, 134.375, 94.5625, 70.875, 122.8125, 81.125, 153.625, 78.75, 179.875, 161.5, 64.375, 36.6875, 112.75, 133.75, 142.125, 141.0, 49.8125, 129.75, 48.75, 100.0625, 10.6328125, 145.375, 64.0625, 52.15625, 24.046875, 55.0, 140.375, 109.9375, 145.125, 79.0, 41.4375, 154.125, 77.375, 62.15625, 77.0625, 39.28125], [49.25, 125.1875, 131.875, 128.875, 69.875, 108.5, 39.0, 122.0, 36.6875, 77.1875, 17.796875, 79.25, 51.03125, 96.1875, 26.625, 117.625, 70.9375, 108.1875, 0.0, 78.5, 114.0, 55.21875, 133.125, 77.1875, 152.75, 99.125, 29.828125, 23.015625, 95.5, 30.875, 70.0625, 58.0, 64.0, 73.8125, 72.8125, 170.625, 77.125, 94.3125, 25.8125, 98.375, 57.9375, 72.0625, 140.375, 93.3125, 85.75, 108.25, 42.59375, 79.25, 148.125, 130.125, 113.25, 51.9375, 24.078125, 123.4375, 73.0, 137.5, 72.75, 184.75, 142.375, 78.0, 95.4375], [43.9375, 86.125, 64.0, 60.0, 26.921875, 30.359375, 77.4375, 137.75, 44.9375, 77.875, 94.125, 54.5625, 86.8125, 134.5, 64.3125, 82.375, 37.0, 84.0, 78.5, 0.0, 137.25, 52.625, 89.875, 16.765625, 89.1875, 141.75, 87.3125, 85.25, 124.25, 108.25, 113.125, 91.25, 106.8125, 126.125, 91.9375, 126.125, 80.9375, 148.125, 99.1875, 58.3125, 72.625, 89.5625, 65.0, 107.8125, 16.5, 76.3125, 120.0, 108.0, 95.4375, 93.875, 125.0, 76.0, 97.8125, 64.0625, 113.875, 88.125, 81.375, 141.75, 79.875, 116.1875, 47.0625], [97.75, 94.4375, 200.5, 140.375, 110.5625, 160.125, 77.0, 13.4140625, 108.0625, 59.6875, 106.0625, 175.375, 164.5, 27.015625, 135.0, 88.125, 100.875, 73.5625, 114.0, 137.25, 0.0, 86.375, 102.3125, 149.75, 143.125, 33.53125, 143.75, 91.4375, 18.6875, 108.875, 46.625, 171.625, 51.25, 184.875, 185.0, 121.4375, 56.4375, 55.0, 133.0, 188.75, 167.125, 49.03125, 195.375, 29.6875, 153.375, 83.75, 132.875, 35.0, 122.4375, 91.4375, 19.640625, 163.0, 99.9375, 201.25, 43.09375, 112.9375, 182.125, 128.0, 135.625, 37.6875, 105.375], [12.0, 70.0, 116.6875, 81.125, 28.015625, 79.625, 30.265625, 88.8125, 26.578125, 30.015625, 62.625, 90.4375, 93.5, 81.8125, 61.78125, 62.46875, 21.84375, 54.21875, 55.21875, 52.625, 86.375, 0.0, 77.9375, 63.5, 100.8125, 89.1875, 80.125, 46.875, 72.0625, 75.4375, 61.21875, 100.1875, 55.21875, 125.75, 109.4375, 115.4375, 32.0625, 96.8125, 81.0, 102.625, 89.3125, 37.5625, 115.75, 57.71875, 67.9375, 53.15625, 95.3125, 55.46875, 93.5, 75.0625, 76.8125, 87.6875, 62.59375, 115.625, 61.625, 82.75, 103.375, 129.75, 90.4375, 63.65625, 43.28125], [85.125, 9.0546875, 134.25, 50.59375, 72.4375, 93.0625, 102.6875, 93.9375, 100.5, 65.3125, 139.5, 144.25, 166.0, 117.875, 135.75, 17.265625, 65.875, 32.0, 133.125, 89.875, 102.3125, 77.9375, 0.0, 106.625, 41.625, 127.125, 156.5, 122.5625, 102.0, 151.25, 113.125, 172.0, 110.5625, 201.5, 177.25, 38.21875, 67.875, 144.625, 158.875, 147.0, 156.75, 81.5, 119.4375, 80.0625, 103.875, 26.25, 172.75, 96.0625, 20.390625, 11.3984375, 82.875, 157.625, 138.25, 143.125, 111.0, 10.8203125, 168.25, 53.40625, 36.125, 109.0625, 43.90625], [53.0, 102.875, 56.40625, 74.25, 41.3125, 34.71875, 84.1875, 151.125, 48.90625, 91.0625, 94.125, 38.09375, 75.625, 144.5, 58.0625, 99.0625, 51.46875, 100.125, 77.1875, 16.765625, 149.75, 63.5, 106.625, 0.0, 104.0, 151.25, 80.125, 88.1875, 135.5, 107.9375, 121.6875, 79.1875, 115.125, 115.1875, 77.8125, 142.625, 93.9375, 155.625, 94.5, 42.0, 59.53125, 101.0625, 63.3125, 120.5625, 9.0, 92.75, 116.375, 118.6875, 111.625, 110.625, 138.625, 64.0625, 98.8125, 52.4375, 122.8125, 104.625, 66.625, 158.375, 95.125, 125.6875, 63.78125], [103.75, 48.75, 113.0, 30.0, 83.6875, 78.3125, 129.875, 135.375, 116.625, 98.625, 163.0, 141.375, 174.875, 156.625, 148.25, 55.15625, 81.9375, 70.25, 152.75, 89.1875, 143.125, 100.8125, 41.625, 104.0, 0.0, 165.75, 170.875, 147.625, 141.0, 176.125, 148.25, 179.75, 144.625, 213.25, 181.125, 52.625, 101.8125, 181.75, 177.75, 138.25, 161.75, 116.0, 93.5625, 118.875, 98.0625, 61.125, 194.875, 132.75, 24.40625, 53.0, 123.875, 164.625, 163.375, 125.875, 146.625, 30.8125, 170.375, 66.0, 10.4375, 145.5, 57.71875], [98.4375, 118.4375, 205.75, 157.875, 116.6875, 168.375, 68.875, 46.96875, 104.3125, 70.8125, 87.0, 170.625, 150.0, 9.21875, 123.6875, 111.0625, 108.375, 95.8125, 99.125, 141.75, 33.53125, 89.1875, 127.125, 151.25, 165.75, 0.0, 127.25, 76.3125, 25.171875, 86.0, 30.46875, 156.875, 37.15625, 164.25, 172.0, 151.125, 67.25, 21.46875, 113.1875, 186.5, 156.25, 54.40625, 204.5, 47.0625, 156.625, 104.6875, 108.4375, 35.21875, 147.5, 117.125, 50.0, 150.875, 80.0, 203.625, 28.65625, 137.125, 171.25, 159.125, 157.125, 25.609375, 119.6875], [71.4375, 149.25, 128.5, 144.25, 87.4375, 114.5, 68.625, 151.875, 56.09375, 105.3125, 40.59375, 67.5625, 23.765625, 125.0, 23.09375, 142.125, 91.375, 134.375, 29.828125, 87.3125, 143.75, 80.125, 156.5, 80.125, 170.875, 127.25, 0.0, 52.34375, 125.1875, 46.96875, 99.0625, 30.078125, 93.25, 45.59375, 46.625, 194.625, 105.5625, 120.0625, 19.796875, 87.6875, 37.53125, 101.5625, 141.625, 123.0, 89.0625, 133.0, 41.34375, 109.0625, 169.625, 154.875, 143.0, 29.703125, 47.84375, 116.6875, 102.1875, 159.625, 50.0, 209.375, 160.625, 107.3125, 115.6875], [46.09375, 114.0625, 144.5, 127.0625, 69.375, 115.5, 20.609375, 100.0, 40.3125, 61.0625, 17.6875, 97.9375, 74.0625, 73.1875, 47.75, 106.0, 67.0625, 94.5625, 23.015625, 85.25, 91.4375, 46.875, 122.5625, 88.1875, 147.625, 76.3125, 52.34375, 0.0, 72.8125, 28.796875, 47.03125, 81.0, 41.0, 94.3125, 95.75, 158.625, 60.15625, 72.875, 42.9375, 115.875, 80.0625, 52.4375, 149.875, 72.4375, 95.875, 96.625, 50.8125, 57.0, 139.5, 117.8125, 91.9375, 74.5, 15.8125, 138.25, 50.0, 128.5, 95.0625, 172.0, 137.25, 55.03125, 90.125], [82.75, 93.375, 188.125, 134.5, 98.0, 148.875, 59.21875, 29.40625, 91.75, 48.84375, 87.375, 159.25, 146.25, 16.03125, 117.125, 86.125, 88.875, 70.875, 95.5, 124.25, 18.6875, 72.0625, 102.0, 135.5, 141.0, 25.171875, 125.1875, 72.8125, 0.0, 90.375, 28.171875, 153.25, 32.5625, 166.25, 167.0, 126.25, 45.28125, 44.5625, 114.3125, 173.5, 149.375, 34.65625, 184.75, 22.140625, 140.0, 80.0625, 114.5, 17.46875, 122.375, 91.9375, 27.296875, 145.0, 81.25, 187.625, 24.59375, 112.0625, 164.5, 134.75, 132.625, 19.234375, 97.1875], [73.3125, 142.75, 162.75, 154.625, 96.0625, 138.5, 48.75, 119.4375, 64.25, 88.75, 14.140625, 108.4375, 70.6875, 85.875, 55.4375, 134.625, 94.875, 122.8125, 30.875, 108.25, 108.875, 75.4375, 151.25, 107.9375, 176.125, 86.0, 46.96875, 28.796875, 90.375, 0.0, 62.25, 76.6875, 58.1875, 78.3125, 93.5, 187.125, 87.4375, 75.25, 28.859375, 128.0, 83.0, 77.8125, 171.125, 95.4375, 116.375, 125.25, 24.40625, 77.375, 168.25, 146.25, 113.4375, 75.6875, 13.0, 154.0, 65.8125, 157.25, 96.5625, 200.125, 165.75, 71.1875, 118.4375], [69.3125, 104.0625, 176.875, 136.0, 89.1875, 140.875, 38.46875, 57.46875, 74.125, 49.65625, 60.03125, 140.125, 121.125, 26.171875, 93.75, 96.0, 81.8125, 81.125, 70.0625, 113.125, 46.625, 61.21875, 113.125, 121.6875, 148.25, 30.46875, 99.0625, 47.03125, 28.171875, 62.25, 0.0, 128.0, 6.70703125, 138.75, 142.75, 142.875, 46.375, 35.84375, 86.875, 156.125, 126.3125, 32.25, 177.0, 38.46875, 127.5, 88.0625, 86.3125, 18.78125, 133.0, 104.6875, 53.03125, 121.1875, 53.59375, 174.0, 3.60546875, 122.0, 141.375, 153.375, 138.75, 8.9453125, 96.8125], [89.5625, 165.625, 117.0, 151.125, 99.8125, 113.3125, 95.0625, 178.875, 73.8125, 128.125, 70.625, 53.0, 7.0703125, 154.125, 38.625, 159.25, 106.1875, 153.625, 58.0, 91.25, 171.625, 100.1875, 172.0, 79.1875, 179.75, 156.875, 30.078125, 81.0, 153.25, 76.6875, 128.0, 0.0, 122.0, 36.6875, 17.203125, 210.125, 129.0, 150.125, 48.3125, 71.5625, 20.390625, 127.125, 134.0, 149.0, 87.4375, 150.625, 66.6875, 136.625, 182.375, 172.0, 169.25, 15.265625, 77.875, 102.5, 131.0, 173.375, 24.59375, 225.375, 170.125, 136.0, 128.875], [62.9375, 101.5, 170.5, 131.375, 83.25, 134.75, 31.765625, 61.28125, 67.4375, 46.03125, 54.8125, 133.375, 115.0, 32.5625, 87.3125, 93.3125, 76.1875, 78.75, 64.0, 106.8125, 51.25, 55.21875, 110.5625, 115.125, 144.625, 37.15625, 93.25, 41.0, 32.5625, 58.1875, 6.70703125, 122.0, 0.0, 133.625, 136.5, 141.5, 43.0, 41.625, 81.75, 149.5, 119.875, 29.0625, 170.875, 39.21875, 121.0, 85.0625, 82.5, 19.796875, 130.25, 102.5625, 55.59375, 114.875, 48.71875, 167.375, 9.0546875, 119.125, 135.0, 152.5, 135.0, 14.0390625, 92.0625], [116.75, 194.5, 153.125, 185.375, 131.0, 149.625, 112.6875, 194.125, 101.125, 150.625, 78.875, 89.25, 39.5625, 163.625, 65.9375, 187.5, 136.0, 179.875, 73.8125, 126.125, 184.875, 125.75, 201.5, 115.1875, 213.25, 164.25, 45.59375, 94.3125, 166.25, 78.3125, 138.75, 36.6875, 133.625, 0.0, 46.53125, 239.75, 150.75, 153.0, 51.9375, 107.0, 57.0625, 145.75, 170.5, 166.625, 123.625, 178.375, 58.40625, 151.125, 213.875, 200.25, 186.25, 51.25, 85.125, 138.0, 142.125, 204.125, 58.125, 254.625, 203.25, 147.5, 159.75], [98.0625, 171.5, 107.8125, 151.75, 104.875, 110.125, 108.0625, 191.625, 82.875, 138.5, 86.6875, 45.21875, 22.84375, 168.875, 50.15625, 165.75, 112.375, 161.5, 72.8125, 91.9375, 185.0, 109.4375, 177.25, 77.8125, 181.125, 172.0, 46.625, 95.75, 167.0, 93.5, 142.75, 17.203125, 136.5, 46.53125, 0.0, 215.0, 139.75, 166.25, 65.375, 61.21875, 20.59375, 139.125, 126.625, 161.25, 85.125, 157.5, 83.875, 150.0, 186.0, 178.375, 181.5, 22.203125, 93.9375, 92.0625, 145.5, 177.625, 12.3671875, 230.5, 171.875, 150.375, 133.5], [123.1875, 45.46875, 163.0, 76.625, 110.4375, 124.4375, 138.25, 110.1875, 138.625, 98.875, 176.0, 180.625, 204.125, 142.125, 174.0, 53.0, 104.0625, 64.375, 170.625, 126.125, 121.4375, 115.4375, 38.21875, 142.625, 52.625, 151.125, 194.625, 158.625, 126.25, 187.125, 142.875, 210.125, 141.5, 239.75, 215.0, 0.0, 100.875, 170.625, 196.375, 181.625, 194.625, 113.1875, 145.0, 106.0625, 138.875, 62.4375, 209.25, 124.5625, 32.5625, 40.8125, 102.125, 195.625, 174.125, 174.125, 140.25, 38.0, 205.75, 15.65625, 55.03125, 137.25, 81.625], [44.03125, 58.84375, 144.0, 90.875, 54.125, 104.0, 39.59375, 57.28125, 57.4375, 3.60546875, 77.8125, 122.5, 122.0625, 58.53125, 90.4375, 50.625, 44.40625, 36.6875, 77.125, 80.9375, 56.4375, 32.0625, 67.875, 93.9375, 101.8125, 67.25, 105.5625, 60.15625, 45.28125, 87.4375, 46.375, 129.0, 43.0, 150.75, 139.75, 100.875, 0.0, 80.625, 101.6875, 134.125, 120.0625, 14.140625, 139.75, 26.828125, 97.1875, 42.09375, 110.75, 32.1875, 87.25, 60.71875, 44.90625, 117.625, 74.8125, 145.0, 44.90625, 76.1875, 134.5, 113.1875, 92.375, 44.28125, 52.46875], [104.25, 135.75, 211.5, 171.25, 124.875, 176.375, 71.4375, 68.4375, 107.0625, 84.125, 79.5625, 170.5, 143.625, 29.125, 120.4375, 128.0, 117.6875, 112.75, 94.3125, 148.125, 55.0, 96.8125, 144.625, 155.625, 181.75, 21.46875, 120.0625, 72.875, 44.5625, 75.25, 35.84375, 150.125, 41.625, 153.0, 166.25, 170.625, 80.625, 0.0, 103.8125, 187.75, 152.25, 66.75, 212.375, 65.0, 162.0, 120.8125, 95.3125, 49.03125, 164.875, 135.125, 70.875, 146.125, 72.25, 207.625, 36.25, 154.125, 167.0, 179.375, 172.75, 36.40625, 132.25], [74.6875, 151.0, 145.75, 152.875, 94.25, 128.0, 62.4375, 142.375, 61.09375, 102.0625, 26.921875, 86.4375, 42.71875, 112.0, 36.6875, 143.375, 96.1875, 133.75, 25.8125, 99.1875, 133.0, 81.0, 158.875, 94.5, 177.75, 113.1875, 19.796875, 42.9375, 114.3125, 28.859375, 86.875, 48.3125, 81.75, 51.9375, 65.375, 196.375, 101.6875, 103.8125, 0.0, 106.5625, 57.3125, 95.1875, 157.375, 115.375, 103.5, 134.0, 22.46875, 99.375, 173.75, 155.875, 134.75, 49.5, 33.375, 134.875, 90.25, 163.25, 69.6875, 210.5, 167.375, 95.5625, 120.75], [91.0625, 144.0, 46.6875, 108.4375, 83.125, 60.21875, 117.75, 191.375, 82.3125, 131.625, 116.125, 20.125, 71.8125, 180.75, 72.625, 140.625, 93.1875, 142.125, 98.375, 58.3125, 188.75, 102.625, 147.0, 42.0, 138.25, 186.5, 87.6875, 115.875, 173.5, 128.0, 156.125, 71.5625, 149.5, 107.0, 61.21875, 181.625, 134.125, 187.75, 106.5625, 0.0, 52.625, 139.75, 66.875, 160.375, 43.1875, 134.625, 128.875, 156.125, 149.75, 151.75, 179.125, 60.4375, 122.375, 31.015625, 157.875, 143.875, 49.03125, 197.25, 130.625, 161.5, 105.25], [77.8125, 151.0, 97.125, 132.625, 84.3125, 93.25, 90.1875, 173.125, 62.8125, 118.6875, 73.8125, 33.25, 19.234375, 152.375, 32.5625, 145.125, 91.8125, 141.0, 57.9375, 72.625, 167.125, 89.3125, 156.75, 59.53125, 161.75, 156.25, 37.53125, 80.0625, 149.375, 83.0, 126.3125, 20.390625, 119.875, 57.0625, 20.59375, 194.625, 120.0625, 152.25, 57.3125, 52.625, 0.0, 120.25, 113.625, 142.375, 67.5625, 136.875, 78.625, 132.125, 165.875, 157.75, 162.5, 8.0625, 80.9375, 83.1875, 128.875, 157.25, 15.1328125, 210.0, 152.25, 133.5, 113.0], [48.71875, 72.4375, 153.5, 104.5625, 63.40625, 114.625, 33.09375, 53.03125, 59.40625, 17.46875, 69.8125, 126.5, 120.0625, 46.09375, 89.125, 64.25, 54.5, 49.8125, 72.0625, 89.5625, 49.03125, 37.5625, 81.5, 101.0625, 116.0, 54.40625, 101.5625, 52.4375, 34.65625, 77.8125, 32.25, 127.125, 29.0625, 145.75, 139.125, 113.1875, 14.140625, 66.75, 95.1875, 139.75, 120.25, 0.0, 150.625, 22.09375, 105.3125, 56.0, 101.8125, 19.203125, 101.125, 73.75, 42.28125, 116.9375, 65.8125, 153.125, 30.8125, 90.0625, 135.125, 124.875, 106.5625, 30.46875, 65.75], [108.4375, 120.625, 23.34375, 69.4375, 87.875, 36.125, 142.25, 193.375, 109.5625, 136.25, 157.25, 81.5625, 132.25, 196.625, 120.6875, 121.125, 96.1875, 129.75, 140.375, 65.0, 195.375, 115.75, 119.4375, 63.3125, 93.5625, 204.5, 141.625, 149.875, 184.75, 171.125, 177.0, 134.0, 170.875, 170.5, 126.625, 145.0, 139.75, 212.375, 157.375, 66.875, 113.625, 150.625, 0.0, 165.875, 54.71875, 119.5, 179.5, 169.75, 113.0625, 128.375, 180.25, 120.25, 161.5, 40.46875, 177.375, 112.0, 114.25, 159.25, 90.0, 179.125, 91.4375], [69.4375, 71.375, 170.875, 112.875, 80.9375, 130.375, 54.40625, 31.25, 81.125, 30.015625, 89.1875, 147.75, 142.0, 37.84375, 111.1875, 64.0, 71.1875, 48.75, 93.3125, 107.8125, 29.6875, 57.71875, 80.0625, 120.5625, 118.875, 47.0625, 123.0, 72.4375, 22.140625, 95.4375, 38.46875, 149.0, 39.21875, 166.625, 161.25, 106.0625, 26.828125, 65.0, 115.375, 160.375, 142.375, 22.09375, 165.875, 0.0, 124.0, 57.9375, 119.8125, 19.71875, 100.4375, 70.25, 20.21875, 139.0, 84.3125, 171.875, 35.34375, 90.0, 157.25, 115.6875, 110.5, 31.625, 76.5], [58.25, 100.8125, 49.53125, 68.125, 43.3125, 25.96875, 90.625, 154.125, 56.03125, 94.125, 102.5, 43.28125, 84.125, 149.625, 67.0625, 97.625, 53.4375, 100.0625, 85.75, 16.5, 153.375, 67.9375, 103.875, 9.0, 98.0625, 156.625, 89.0625, 95.875, 140.0, 116.375, 127.5, 87.4375, 121.0, 123.625, 85.125, 138.875, 97.1875, 162.0, 103.5, 43.1875, 67.5625, 105.3125, 54.71875, 124.0, 0.0, 92.0625, 125.3125, 123.4375, 107.3125, 108.6875, 141.375, 72.4375, 107.0, 47.84375, 128.375, 101.0, 73.625, 154.5, 89.625, 131.0, 62.28125], [61.71875, 17.46875, 130.25, 57.28125, 53.75, 87.8125, 76.5625, 77.875, 77.4375, 39.3125, 113.75, 128.75, 144.25, 95.5, 113.25, 9.4375, 45.1875, 10.6328125, 108.25, 76.3125, 83.75, 53.15625, 26.25, 92.75, 61.125, 104.6875, 133.0, 96.625, 80.0625, 125.25, 88.0625, 150.625, 85.0625, 178.375, 157.5, 62.4375, 42.09375, 120.8125, 134.0, 134.625, 136.875, 56.0, 119.5, 57.9375, 92.0625, 0.0, 147.0, 71.875, 45.1875, 21.9375, 65.4375, 136.875, 112.25, 136.25, 86.1875, 34.0625, 149.5, 76.5625, 52.5625, 84.6875, 30.15625], [91.0625, 164.375, 168.25, 171.375, 112.375, 149.375, 71.375, 143.625, 79.25, 111.8125, 33.28125, 108.6875, 62.21875, 109.125, 58.9375, 156.375, 112.9375, 145.375, 42.59375, 120.0, 132.875, 95.3125, 172.75, 116.375, 194.875, 108.4375, 41.34375, 50.8125, 114.5, 24.40625, 86.3125, 66.6875, 82.5, 58.40625, 83.875, 209.25, 110.75, 95.3125, 22.46875, 128.875, 78.625, 101.8125, 179.5, 119.8125, 125.3125, 147.0, 0.0, 101.8125, 188.875, 168.375, 137.875, 70.625, 36.0625, 157.25, 89.875, 178.0, 89.8125, 222.75, 184.375, 95.25, 137.25], [65.75, 87.0625, 172.0, 123.0625, 82.25, 133.625, 42.0, 43.0, 74.3125, 35.78125, 72.625, 141.75, 129.5, 26.90625, 100.0, 79.25, 73.5625, 64.0625, 79.25, 108.0, 35.0, 55.46875, 96.0625, 118.6875, 132.75, 35.21875, 109.0625, 57.0, 17.46875, 77.375, 18.78125, 136.625, 19.796875, 151.125, 150.0, 124.5625, 32.1875, 49.03125, 99.375, 156.125, 132.125, 19.203125, 169.75, 19.71875, 123.4375, 71.875, 101.8125, 0.0, 116.1875, 87.0625, 36.0625, 128.0, 67.0625, 171.0, 15.8125, 105.375, 147.25, 134.75, 123.6875, 13.0, 84.625], [99.125, 29.15625, 130.5, 44.1875, 82.875, 91.9375, 120.1875, 113.625, 113.75, 84.5, 156.0, 149.75, 176.875, 138.25, 147.875, 37.0, 78.25, 52.15625, 148.125, 95.4375, 122.4375, 93.5, 20.390625, 111.625, 24.40625, 147.5, 169.625, 139.5, 122.375, 168.25, 133.0, 182.375, 130.25, 213.875, 186.0, 32.5625, 87.25, 164.875, 173.75, 149.75, 165.875, 101.125, 113.0625, 100.4375, 107.3125, 45.1875, 188.875, 116.1875, 0.0, 31.015625, 102.875, 167.625, 155.375, 141.625, 131.0, 11.1796875, 176.25, 47.8125, 23.34375, 129.25, 54.03125], [83.5625, 8.0, 142.0, 60.40625, 73.8125, 100.1875, 97.5, 82.75, 99.25, 58.53125, 135.125, 147.625, 165.75, 107.9375, 135.0, 12.8046875, 66.0625, 24.046875, 130.125, 93.875, 91.4375, 75.0625, 11.3984375, 110.625, 53.0, 117.125, 154.875, 117.8125, 91.9375, 146.25, 104.6875, 172.0, 102.5625, 200.25, 178.375, 40.8125, 60.71875, 135.125, 155.875, 151.75, 157.75, 73.75, 128.375, 70.25, 108.6875, 21.9375, 168.375, 87.0625, 31.015625, 0.0, 71.875, 158.125, 133.375, 150.0, 102.375, 22.203125, 170.0, 54.65625, 47.375, 100.0625, 46.84375], [88.6875, 75.125, 186.875, 122.5625, 98.0625, 145.625, 74.4375, 13.0390625, 101.0, 47.53125, 108.25, 167.25, 162.25, 41.75, 131.375, 69.125, 88.0, 55.0, 113.25, 125.0, 19.640625, 76.8125, 82.875, 138.625, 123.875, 50.0, 143.0, 91.9375, 27.296875, 113.4375, 53.03125, 169.25, 55.59375, 186.25, 181.5, 102.125, 44.90625, 70.875, 134.75, 179.125, 162.5, 42.28125, 180.25, 20.21875, 141.375, 65.4375, 137.875, 36.0625, 102.875, 71.875, 0.0, 159.25, 102.9375, 189.0, 49.5, 93.5, 177.375, 109.375, 116.625, 44.59375, 89.1875], [76.5625, 151.5, 104.375, 135.875, 85.25, 98.375, 86.0, 169.5, 61.09375, 116.5, 67.125, 40.78125, 12.0390625, 147.375, 28.015625, 145.375, 92.0625, 140.375, 51.9375, 76.0, 163.0, 87.6875, 157.625, 64.0625, 164.625, 150.875, 29.703125, 74.5, 145.0, 75.6875, 121.1875, 15.265625, 114.875, 51.25, 22.203125, 195.625, 117.625, 146.125, 49.5, 60.4375, 8.0625, 116.9375, 120.25, 139.0, 72.4375, 136.875, 70.625, 128.0, 167.625, 158.125, 159.25, 0.0, 74.3125, 90.8125, 123.9375, 158.75, 21.03125, 211.0, 154.875, 128.625, 114.1875], [61.03125, 129.75, 154.5, 142.25, 84.0, 128.125, 35.84375, 109.75, 53.15625, 76.0, 7.28125, 103.3125, 71.3125, 78.625, 50.59375, 121.625, 82.375, 109.9375, 24.078125, 97.8125, 99.9375, 62.59375, 138.25, 98.8125, 163.375, 80.0, 47.84375, 15.8125, 81.25, 13.0, 53.59375, 77.875, 48.71875, 85.125, 93.9375, 174.125, 74.8125, 72.25, 33.375, 122.375, 80.9375, 65.8125, 161.5, 84.3125, 107.0, 112.25, 36.0625, 67.0625, 155.375, 133.375, 102.9375, 74.3125, 0.0, 146.875, 57.0, 144.25, 95.3125, 187.25, 153.0, 62.375, 105.75], [105.375, 142.0, 17.5, 97.75, 91.0, 50.15625, 136.25, 201.875, 100.5625, 142.0, 141.125, 50.0, 102.4375, 196.875, 99.3125, 140.375, 101.0, 145.125, 123.4375, 64.0625, 201.25, 115.625, 143.125, 52.4375, 125.875, 203.625, 116.6875, 138.25, 187.625, 154.0, 174.0, 102.5, 167.375, 138.0, 92.0625, 174.125, 145.0, 207.625, 134.875, 31.015625, 83.1875, 153.125, 40.46875, 171.875, 47.84375, 136.25, 157.25, 171.0, 141.625, 150.0, 189.0, 90.8125, 146.875, 0.0, 175.25, 137.875, 80.0, 189.25, 120.0625, 178.125, 106.0625], [70.1875, 102.0, 177.75, 135.125, 89.5, 141.25, 40.3125, 53.84375, 75.6875, 48.28125, 63.34375, 142.125, 124.0625, 23.53125, 96.3125, 94.0, 81.8125, 79.0, 73.0, 113.875, 43.09375, 61.625, 111.0, 122.8125, 146.625, 28.65625, 102.1875, 50.0, 24.59375, 65.8125, 3.60546875, 131.0, 9.0546875, 142.125, 145.5, 140.25, 44.90625, 36.25, 90.25, 157.875, 128.875, 30.8125, 177.375, 35.34375, 128.375, 86.1875, 89.875, 15.8125, 131.0, 102.375, 49.5, 123.9375, 57.0, 175.25, 0.0, 120.0625, 144.0, 150.625, 137.25, 5.38671875, 96.0], [88.75, 18.6875, 128.0, 42.59375, 73.5625, 87.8125, 109.125, 104.6875, 103.625, 73.3125, 145.125, 142.625, 167.625, 127.875, 138.25, 26.171875, 68.25, 41.4375, 137.5, 88.125, 112.9375, 82.75, 10.8203125, 104.625, 30.8125, 137.125, 159.625, 128.5, 112.0625, 157.25, 122.0, 173.375, 119.125, 204.125, 177.625, 38.0, 76.1875, 154.125, 163.25, 143.875, 157.25, 90.0625, 112.0, 90.0, 101.0, 34.0625, 178.0, 105.375, 11.1796875, 22.203125, 93.5, 158.75, 144.25, 137.875, 120.0625, 0.0, 168.125, 53.65625, 25.8125, 118.3125, 44.5625], [91.6875, 162.875, 95.5, 140.75, 96.1875, 98.25, 105.3125, 188.0, 77.125, 133.0, 88.125, 32.90625, 27.65625, 167.5, 47.6875, 157.375, 104.25, 154.125, 72.75, 81.375, 182.125, 103.375, 168.25, 66.625, 170.375, 171.25, 50.0, 95.0625, 164.5, 96.5625, 141.375, 24.59375, 135.0, 58.125, 12.3671875, 205.75, 134.5, 167.0, 69.6875, 49.03125, 15.1328125, 135.125, 114.25, 157.25, 73.625, 149.5, 89.8125, 147.25, 176.25, 170.0, 177.375, 21.03125, 95.3125, 80.0, 144.0, 168.125, 0.0, 221.375, 161.25, 148.625, 124.3125], [137.875, 60.09375, 177.75, 91.5625, 125.8125, 139.75, 151.5, 116.0, 153.5, 111.5, 189.375, 196.375, 219.375, 150.5, 189.0, 67.25, 119.1875, 77.375, 184.75, 141.75, 128.0, 129.75, 53.40625, 158.375, 66.0, 159.125, 209.375, 172.0, 134.75, 200.125, 153.375, 225.375, 152.5, 254.625, 230.5, 15.65625, 113.1875, 179.375, 210.5, 197.25, 210.0, 124.875, 159.25, 115.6875, 154.5, 76.5625, 222.75, 134.75, 47.8125, 54.65625, 109.375, 211.0, 187.25, 189.25, 150.625, 53.65625, 221.375, 0.0, 69.5625, 147.25, 97.0625], [93.3125, 42.0, 108.1875, 22.46875, 73.375, 71.3125, 119.625, 128.375, 106.25, 89.125, 152.5, 132.75, 165.0, 148.0, 138.0, 47.5, 71.5, 62.15625, 142.375, 79.875, 135.625, 90.4375, 36.125, 95.125, 10.4375, 157.125, 160.625, 137.25, 132.625, 165.75, 138.75, 170.125, 135.0, 203.25, 171.875, 55.03125, 92.375, 172.75, 167.375, 130.625, 152.25, 106.5625, 90.0, 110.5, 89.625, 52.5625, 184.375, 123.6875, 23.34375, 47.375, 116.625, 154.875, 153.0, 120.0625, 137.25, 25.8125, 161.25, 69.5625, 0.0, 136.375, 47.3125], [72.8125, 100.0625, 180.125, 135.0, 91.3125, 143.0, 44.28125, 48.5625, 79.1875, 47.75, 68.6875, 146.0, 129.0, 19.3125, 101.0, 92.1875, 83.25, 77.0625, 78.0, 116.1875, 37.6875, 63.65625, 109.0625, 125.6875, 145.5, 25.609375, 107.3125, 55.03125, 19.234375, 71.1875, 8.9453125, 136.0, 14.0390625, 147.5, 150.375, 137.25, 44.28125, 36.40625, 95.5625, 161.5, 133.5, 30.46875, 179.125, 31.625, 131.0, 84.6875, 95.25, 13.0, 129.25, 100.0625, 44.59375, 128.625, 62.375, 178.125, 5.38671875, 118.3125, 148.625, 147.25, 136.375, 0.0, 96.1875], [46.25, 39.21875, 100.5625, 39.28125, 29.0, 58.1875, 73.0, 102.1875, 60.03125, 48.875, 105.25, 100.875, 123.0625, 111.0, 93.875, 35.34375, 24.59375, 39.28125, 95.4375, 47.0625, 105.375, 43.28125, 43.90625, 63.78125, 57.71875, 119.6875, 115.6875, 90.125, 97.1875, 118.4375, 96.8125, 128.875, 92.0625, 159.75, 133.5, 81.625, 52.46875, 132.25, 120.75, 105.25, 113.0, 65.75, 91.4375, 76.5, 62.28125, 30.15625, 137.25, 84.625, 54.03125, 46.84375, 89.1875, 114.1875, 105.75, 106.0625, 96.0, 44.5625, 124.3125, 97.0625, 47.3125, 96.1875, 0.0]], "angleGap": [[0.0, 1.5927734375, 0.6806640625, 0.939453125, 1.3173828125, 1.884765625, 0.9833984375, 2.943359375, 0.77978515625, 2.52734375, 2.22265625, 2.880859375, 1.39453125, 2.958984375, 0.05810546875, 0.4892578125, 0.26318359375, 2.79296875, 1.4873046875, 1.115234375, 0.8037109375, 0.06494140625, 1.7822265625, 0.4638671875, 1.458984375, 3.12890625, 2.30859375, 1.240234375, 2.46875, 1.568359375, 2.849609375, 1.6005859375, 3.091796875, 2.693359375, 0.02783203125, 0.84912109375, 1.6640625, 2.86328125, 2.03515625, 2.650390625, 1.138671875, 1.3759765625, 1.0068359375, 1.6494140625, 0.0986328125, 2.67578125, 1.294921875, 0.2265625, 0.0693359375, 0.92822265625, 2.755859375, 2.40625, 1.7548828125, 1.5185546875, 0.18212890625, 2.580078125, 0.01318359375, 0.4619140625, 1.453125, 0.390625], [1.5927734375, 0.0, 0.912109375, 0.6533203125, 0.275390625, 2.806640625, 2.576171875, 1.353515625, 2.373046875, 2.166015625, 0.630859375, 1.291015625, 2.98828125, 1.365234375, 1.650390625, 1.103515625, 1.85546875, 1.896484375, 0.10546875, 2.708984375, 2.396484375, 1.52734375, 0.189453125, 1.12890625, 3.052734375, 1.560546875, 2.380859375, 2.83203125, 2.220703125, 3.12109375, 1.259765625, 3.08984375, 1.501953125, 1.099609375, 1.564453125, 2.44140625, 3.02734375, 1.830078125, 0.443359375, 1.056640625, 2.73046875, 0.216796875, 2.599609375, 0.056640625, 1.69140625, 2.013671875, 2.88671875, 1.3662109375, 1.662109375, 2.521484375, 1.162109375, 2.283203125, 0.162109375, 3.111328125, 1.41015625, 0.986328125, 1.60546875, 1.130859375, 3.044921875, 1.2021484375], [0.6806640625, 0.912109375, 0.0, 0.2587890625, 0.63671875, 2.56640625, 1.6640625, 2.263671875, 1.4609375, 3.076171875, 1.54296875, 2.201171875, 2.07421875, 2.275390625, 0.73876953125, 0.19140625, 0.94384765625, 2.810546875, 0.806640625, 1.796875, 1.484375, 0.61572265625, 1.1015625, 0.216796875, 2.140625, 2.47265625, 2.990234375, 1.9208984375, 3.1328125, 2.25, 2.169921875, 2.28125, 2.412109375, 2.009765625, 0.65283203125, 1.529296875, 2.34375, 2.740234375, 1.35546875, 1.970703125, 1.8193359375, 0.6953125, 1.6875, 0.96875, 0.779296875, 2.927734375, 1.9755859375, 0.4541015625, 0.75, 1.6083984375, 2.072265625, 3.087890625, 1.07421875, 2.19921875, 0.49853515625, 1.900390625, 0.69384765625, 0.21875, 2.1328125, 0.2900390625], [0.939453125, 0.6533203125, 0.2587890625, 0.0, 0.3779296875, 2.82421875, 1.9228515625, 2.005859375, 1.7197265625, 2.818359375, 1.2841796875, 1.943359375, 2.333984375, 2.017578125, 0.99755859375, 0.4501953125, 1.203125, 2.55078125, 0.5478515625, 2.0546875, 1.7431640625, 0.87451171875, 0.8427734375, 0.4755859375, 2.3984375, 2.212890625, 3.033203125, 2.1796875, 2.873046875, 2.5078125, 1.912109375, 2.5390625, 2.154296875, 1.751953125, 0.91162109375, 1.7890625, 2.603515625, 2.482421875, 1.0966796875, 1.712890625, 2.078125, 0.4365234375, 1.9462890625, 0.7099609375, 1.0380859375, 2.66796875, 2.234375, 0.712890625, 1.0087890625, 1.8671875, 1.814453125, 2.935546875, 0.8154296875, 2.45703125, 0.75732421875, 1.642578125, 0.95263671875, 0.4775390625, 2.392578125, 0.548828125], [1.3173828125, 0.275390625, 0.63671875, 0.3779296875, 0.0, 3.080078125, 2.30078125, 1.626953125, 2.09765625, 2.439453125, 0.90625, 1.564453125, 2.7109375, 1.642578125, 1.375, 0.828125, 1.580078125, 2.173828125, 0.169921875, 2.43359375, 2.12109375, 1.251953125, 0.46484375, 0.853515625, 2.77734375, 1.837890625, 2.65625, 2.55859375, 2.49609375, 2.88671875, 1.533203125, 2.91796875, 1.775390625, 1.376953125, 1.2890625, 2.166015625, 2.98046875, 2.103515625, 0.71875, 1.333984375, 2.455078125, 0.05859375, 2.32421875, 0.33203125, 1.416015625, 2.291015625, 2.611328125, 1.0908203125, 1.38671875, 2.24609375, 1.439453125, 2.55859375, 0.4375, 2.8359375, 1.134765625, 1.263671875, 1.330078125, 0.85546875, 2.76953125, 0.9267578125], [1.884765625, 2.806640625, 2.56640625, 2.82421875, 3.080078125, 0.0, 0.9013671875, 1.4541015625, 1.1044921875, 0.6416015625, 2.173828125, 1.5166015625, 0.490234375, 1.4404296875, 1.826171875, 2.375, 1.62109375, 0.908203125, 2.912109375, 0.76904296875, 1.0810546875, 1.94921875, 2.615234375, 2.34765625, 0.42529296875, 1.2451171875, 0.4248046875, 0.64453125, 0.5849609375, 0.31591796875, 1.5478515625, 0.2841796875, 1.3056640625, 1.7060546875, 1.912109375, 1.03515625, 0.22119140625, 0.9775390625, 2.361328125, 1.7470703125, 0.74609375, 3.021484375, 0.8779296875, 2.748046875, 1.7861328125, 0.791015625, 0.58984375, 2.111328125, 1.8154296875, 0.95654296875, 1.6435546875, 0.5224609375, 2.642578125, 0.3662109375, 2.06640625, 1.8173828125, 1.87109375, 2.34765625, 0.43212890625, 2.275390625], [0.9833984375, 2.576171875, 1.6640625, 1.9228515625, 2.30078125, 0.9013671875, 0.0, 2.35546875, 0.20361328125, 1.54296875, 3.076171875, 2.41796875, 0.4111328125, 2.341796875, 0.92529296875, 1.47265625, 0.72021484375, 1.8095703125, 2.470703125, 0.1322021484375, 0.1798095703125, 1.048828125, 2.765625, 1.447265625, 0.47607421875, 2.146484375, 1.326171875, 0.2568359375, 1.486328125, 0.58544921875, 2.44921875, 0.6171875, 2.20703125, 2.607421875, 1.01171875, 0.1343994140625, 0.68017578125, 1.87890625, 3.01953125, 2.6484375, 0.1549072265625, 2.359375, 0.023193359375, 2.6328125, 0.884765625, 1.6923828125, 0.31103515625, 1.2099609375, 0.9140625, 0.05548095703125, 2.544921875, 1.423828125, 2.73828125, 0.53515625, 1.166015625, 2.71875, 0.97021484375, 1.4453125, 0.46923828125, 1.3740234375], [2.943359375, 1.353515625, 2.263671875, 2.005859375, 1.626953125, 1.4541015625, 2.35546875, 0.0, 2.55859375, 0.8125, 0.720703125, 0.0625, 1.9443359375, 0.013671875, 3.001953125, 2.455078125, 3.076171875, 0.5458984375, 1.455078125, 2.22265625, 2.53515625, 2.87890625, 1.162109375, 2.48046875, 1.87890625, 0.208984375, 1.029296875, 2.09765625, 0.869140625, 1.76953125, 0.09375, 1.73828125, 0.1484375, 0.251953125, 2.916015625, 2.490234375, 1.67578125, 0.4765625, 0.908203125, 0.29296875, 2.201171875, 1.568359375, 2.33203125, 1.294921875, 3.04296875, 0.6630859375, 2.044921875, 2.716796875, 3.013671875, 2.41015625, 0.189453125, 0.931640625, 1.189453125, 1.8203125, 2.76171875, 0.36328125, 2.95703125, 2.482421875, 1.88671875, 2.552734375], [0.77978515625, 2.373046875, 1.4609375, 1.7197265625, 2.09765625, 1.1044921875, 0.20361328125, 2.55859375, 0.0, 1.74609375, 3.00390625, 2.62109375, 0.61474609375, 2.544921875, 0.7216796875, 1.26953125, 0.5166015625, 2.013671875, 2.267578125, 0.3359375, 0.0238037109375, 0.8447265625, 2.5625, 1.244140625, 0.6796875, 2.349609375, 1.529296875, 0.46044921875, 1.689453125, 0.7890625, 2.65234375, 0.82080078125, 2.41015625, 2.810546875, 0.8076171875, 0.0692138671875, 0.8837890625, 2.08203125, 2.81640625, 2.8515625, 0.3583984375, 2.15625, 0.226806640625, 2.4296875, 0.68115234375, 1.8955078125, 0.5146484375, 1.0068359375, 0.71044921875, 0.148193359375, 2.748046875, 1.626953125, 2.53515625, 0.73876953125, 0.9619140625, 2.921875, 0.7666015625, 1.2421875, 0.6728515625, 1.1708984375], [2.52734375, 2.166015625, 3.076171875, 2.818359375, 2.439453125, 0.6416015625, 1.54296875, 0.8125, 1.74609375, 0.0, 1.533203125, 0.875, 1.1318359375, 0.798828125, 2.46875, 3.015625, 2.263671875, 0.2666015625, 2.267578125, 1.41015625, 1.72265625, 2.591796875, 1.974609375, 2.990234375, 1.06640625, 0.603515625, 0.216796875, 1.2861328125, 0.056640625, 0.95751953125, 0.90625, 0.92578125, 0.6640625, 1.064453125, 2.5546875, 1.677734375, 0.86279296875, 0.3359375, 1.720703125, 1.10546875, 1.3876953125, 2.380859375, 1.51953125, 2.107421875, 2.427734375, 0.1494140625, 1.2314453125, 2.75390625, 2.45703125, 1.5986328125, 1.001953125, 0.119140625, 2.001953125, 1.0078125, 2.708984375, 1.17578125, 2.513671875, 2.98828125, 1.07421875, 2.91796875], [2.22265625, 0.630859375, 1.54296875, 1.2841796875, 0.90625, 2.173828125, 3.076171875, 0.720703125, 3.00390625, 1.533203125, 0.0, 0.658203125, 2.666015625, 0.736328125, 2.28125, 1.734375, 2.486328125, 1.267578125, 0.736328125, 2.943359375, 3.02734375, 2.158203125, 0.44140625, 1.759765625, 2.599609375, 0.931640625, 1.751953125, 2.818359375, 1.587890625, 2.490234375, 0.