{"name": "LZB_n60_17", "n": 60, "m": 8, "times": [[0.0, 82.875, 28.453125, 115.75, 62.8125, 71.625, 86.0, 98.0625, 69.3125, 87.125, 79.375, 65.625, 89.625, 40.25, 106.375, 76.25, 38.3125, 55.09375, 13.890625, 51.15625, 82.0625, 30.0625, 92.75, 81.5, 87.0, 87.0, 101.9375, 79.25, 75.4375, 27.203125, 110.4375, 73.0625, 82.75, 57.28125, 76.1875, 72.0, 38.0, 81.625, 117.875, 84.75, 92.6875, 57.59375, 117.375, 119.625, 123.6875, 56.59375, 88.375, 55.0, 102.875, 35.84375, 110.5, 95.75, 99.4375, 74.1875, 84.1875, 53.8125, 10.8203125, 97.1875, 46.875, 87.0, 80.125], [82.875, 0.0, 62.125, 190.75, 145.625, 27.015625, 167.25, 76.3125, 68.0, 147.75, 154.25, 148.0, 152.25, 60.8125, 84.125, 157.5, 75.125, 100.875, 87.0, 35.0, 56.09375, 94.625, 44.65625, 89.625, 144.75, 164.875, 177.0, 140.0, 94.125, 87.4375, 157.125, 153.625, 164.875, 128.625, 131.375, 137.375, 80.0625, 153.875, 199.0, 156.5, 169.75, 126.6875, 90.25, 56.71875, 203.0, 40.5, 8.546875, 84.5, 25.9375, 64.4375, 149.125, 114.8125, 39.4375, 30.40625, 167.0, 35.5, 90.0, 150.25, 54.8125, 137.625, 133.875], [28.453125, 62.125, 0.0, 128.875, 88.1875, 59.6875, 113.1875, 99.75, 74.0625, 113.8125, 92.1875, 92.0, 116.75, 12.7265625, 108.6875, 96.1875, 51.90625, 45.59375, 39.96875, 27.296875, 53.71875, 32.65625, 64.625, 91.8125, 113.0625, 102.75, 130.375, 105.8125, 55.375, 25.5, 134.5, 100.6875, 104.375, 66.6875, 74.25, 99.3125, 54.21875, 92.125, 137.5, 94.875, 107.625, 65.0625, 90.0, 108.75, 141.0, 50.0, 69.1875, 69.4375, 85.6875, 9.8515625, 132.375, 111.0625, 72.0, 47.15625, 108.875, 43.46875, 39.0, 122.4375, 48.0, 82.875, 77.5], [115.75, 190.75, 128.875, 0.0, 75.125, 186.0, 87.8125, 211.625, 182.5, 147.25, 36.78125, 80.5, 145.0, 130.875, 219.375, 47.3125, 149.625, 96.0, 121.1875, 155.75, 160.875, 96.1875, 179.625, 189.125, 151.5, 29.96875, 119.4375, 143.875, 120.0625, 103.4375, 179.25, 92.0, 50.0, 62.1875, 70.1875, 134.125, 147.0, 37.21875, 35.34375, 34.875, 23.703125, 64.375, 175.0, 234.875, 24.59375, 172.125, 198.0, 161.875, 214.5, 126.75, 188.375, 194.125, 190.625, 170.125, 66.375, 168.25, 115.125, 163.375, 162.375, 73.0, 70.5625], [62.8125, 145.625, 88.1875, 75.125, 0.0, 132.0, 28.171875, 145.0, 116.75, 73.125, 50.96875, 7.2109375, 71.5625, 97.0625, 151.625, 28.078125, 84.625, 85.0, 60.375, 113.625, 137.875, 64.75, 152.0, 118.8125, 77.0, 47.0, 56.71875, 69.0625, 114.125, 69.875, 105.0625, 21.640625, 26.828125, 52.3125, 82.8125, 59.125, 80.8125, 58.1875, 62.0, 60.71875, 53.03125, 56.59375, 167.0, 177.25, 72.0625, 115.4375, 150.875, 92.875, 164.5, 92.0625, 113.4375, 120.4375, 160.125, 135.375, 21.546875, 114.625, 56.09375, 89.0, 102.375, 93.75, 86.4375], [71.625, 27.015625, 59.6875, 186.0, 132.0, 0.0, 150.625, 51.625, 41.0625, 124.0625, 149.25, 133.125, 128.75, 63.90625, 60.09375, 147.875, 53.15625, 104.25, 71.5625, 38.625, 75.1875, 91.1875, 68.5, 62.625, 120.6875, 158.0, 156.625, 116.625, 105.0625, 84.375, 131.125, 136.625, 154.0, 124.75, 133.75, 115.0, 58.125, 150.125, 189.375, 153.0, 163.5, 123.6875, 112.75, 49.21875, 195.25, 17.265625, 25.625, 59.4375, 33.53125, 65.8125, 122.5625, 87.8125, 65.4375, 49.65625, 153.5, 17.796875, 76.0625, 125.1875, 32.125, 141.875, 136.875], [86.0, 167.25, 113.1875, 87.8125, 28.171875, 150.625, 0.0, 155.25, 128.75, 63.5625, 73.25, 22.140625, 60.15625, 123.0625, 160.75, 47.0, 99.375, 113.125, 80.25, 137.125, 164.625, 92.375, 177.75, 126.125, 68.6875, 65.0, 32.3125, 62.625, 142.25, 97.0, 94.625, 13.9296875, 39.21875, 79.625, 109.6875, 54.375, 94.875, 81.0, 63.34375, 83.0, 69.875, 84.0, 194.75, 192.75, 76.625, 133.5, 171.625, 103.1875, 183.875, 118.0625, 105.9375, 122.0, 185.125, 160.0, 21.59375, 134.125, 77.4375, 79.375, 119.25, 120.1875, 113.1875], [98.0625, 76.3125, 99.75, 211.625, 145.0, 51.625, 155.25, 0.0, 29.15625, 108.8125, 176.375, 143.625, 114.1875, 108.0625, 9.0, 167.625, 62.125, 145.0, 90.5625, 86.8125, 126.5, 125.5625, 119.875, 31.328125, 103.875, 182.0, 150.375, 103.4375, 152.0, 120.0625, 103.0, 141.875, 170.875, 155.375, 171.75, 106.4375, 65.0, 179.375, 206.75, 182.5, 188.125, 155.625, 164.375, 49.8125, 215.5, 51.03125, 71.375, 52.40625, 66.8125, 108.3125, 90.375, 51.25, 115.75, 101.25, 164.875, 59.21875, 96.75, 103.25, 52.625, 181.5, 175.375], [69.3125, 68.0, 74.0625, 182.5, 116.75, 41.0625, 128.75, 29.15625, 0.0, 89.25, 147.25, 115.75, 94.4375, 83.875, 37.15625, 138.625, 33.0, 118.3125, 61.40625, 66.6875, 109.1875, 97.5, 106.6875, 21.9375, 85.0625, 152.875, 127.5, 82.75, 128.375, 92.375, 91.5, 115.125, 142.25, 126.4375, 144.0, 83.6875, 36.125, 150.25, 178.25, 153.375, 158.875, 126.875, 148.375, 66.0, 186.625, 31.0625, 66.25, 26.0, 69.125, 83.3125, 81.9375, 46.875, 105.375, 86.0, 137.0, 39.4375, 67.625, 87.4375, 26.078125, 154.0, 147.625], [87.125, 147.75, 113.8125, 147.25, 73.125, 124.0625, 63.5625, 108.8125, 89.25, 0.0, 123.3125, 67.0, 5.38671875, 126.375, 111.8125, 101.0, 72.8125, 136.875, 74.0, 127.9375, 166.75, 110.625, 173.5, 77.5, 5.65625, 120.0625, 44.59375, 8.0625, 161.5, 111.3125, 32.0, 55.59375, 97.3125, 117.375, 146.875, 16.125, 68.0, 130.0, 126.625, 132.875, 126.0, 120.6875, 203.75, 154.75, 139.5, 107.6875, 149.125, 65.0625, 156.375, 122.4375, 42.375, 64.625, 177.125, 152.625, 82.5625, 112.3125, 76.4375, 16.125, 92.9375, 158.5, 150.875], [79.375, 154.25, 92.1875, 36.78125, 50.96875, 149.25, 73.25, 176.375, 147.25, 123.3125, 0.0, 57.875, 122.1875, 94.875, 184.25, 26.40625, 114.5, 62.96875, 85.875, 119.25, 127.375, 59.625, 145.5, 155.5, 126.75, 14.140625, 105.1875, 118.5, 90.0, 66.875, 154.875, 71.875, 36.0625, 25.9375, 43.6875, 108.4375, 112.3125, 7.80859375, 52.0, 9.8515625, 16.5, 28.796875, 146.0, 198.125, 50.96875, 135.5, 161.375, 127.9375, 177.75, 90.5625, 162.0, 162.75, 156.0, 134.625, 53.25, 131.5, 79.625, 138.875, 126.25, 51.4375, 45.875], [65.625, 148.0, 92.0, 80.5, 7.2109375, 133.125, 22.140625, 143.625, 115.75, 67.0, 57.875, 0.0, 65.1875, 101.375, 149.875, 34.0625, 84.3125, 91.3125, 61.6875, 116.75, 142.75, 70.1875, 156.25, 116.5, 71.125, 53.15625, 49.59375, 63.375, 120.3125, 74.9375, 99.0, 14.421875, 31.046875, 59.40625, 89.9375, 53.59375, 80.1875, 65.1875, 64.6875, 67.6875, 59.03125, 63.625, 172.625, 177.5, 75.625, 116.375, 152.875, 91.25, 166.125, 96.4375, 107.9375, 116.75, 164.0, 139.0, 21.265625, 116.125, 57.96875, 83.0, 102.875, 100.875, 93.625], [89.625, 152.25, 116.75, 145.0, 71.5625, 128.75, 60.15625, 114.1875, 94.4375, 5.38671875, 122.1875, 65.1875, 0.0, 129.25, 117.1875, 99.25, 77.125, 138.25, 76.875, 131.75, 170.0, 112.1875, 177.25, 82.875, 10.8203125, 118.3125, 39.59375, 12.1640625, 163.375, 113.1875, 34.53125, 53.09375, 95.0625, 117.375, 147.125, 17.6875, 72.25, 129.125, 123.4375, 131.75, 124.1875, 120.8125, 206.75, 160.0, 136.5, 112.3125, 153.75, 70.0, 161.25, 125.1875, 46.09375, 69.875, 181.125, 156.375, 79.75, 116.6875, 78.875, 19.3125, 97.5, 158.75, 151.125], [40.25, 60.8125, 12.7265625, 130.875, 97.0625, 63.90625, 123.0625, 108.0625, 83.875, 126.375, 94.875, 101.375, 129.25, 0.0, 117.0625, 102.125, 64.0, 40.8125, 52.4375, 26.625, 42.0625, 36.0625, 55.0, 102.625, 125.75, 106.5, 141.625, 118.375, 44.5625, 29.125, 147.125, 111.0, 111.0, 68.9375, 71.0, 111.75, 66.5625, 93.75, 142.625, 96.25, 110.9375, 66.5625, 77.4375, 111.8125, 145.0, 57.21875, 68.6875, 81.375, 85.9375, 5.0, 145.0, 122.75, 63.625, 40.15625, 117.125, 49.65625, 51.0, 135.125, 57.875, 78.3125, 73.8125], [106.375, 84.125, 108.6875, 219.375, 151.625, 60.09375, 160.75, 9.0, 37.15625, 111.8125, 184.25, 149.875, 117.1875, 117.0625, 0.0, 174.875, 69.8125, 153.875, 98.4375, 95.75, 135.125, 134.25, 128.0, 35.0, 106.625, 189.5, 154.25, 106.9375, 161.0, 128.75, 103.375, 147.5, 177.75, 163.625, 180.5, 110.625, 72.375, 187.375, 213.625, 190.5, 195.625, 164.0, 172.75, 52.1875, 222.625, 60.03125, 78.75, 58.78125, 72.8125, 117.25, 90.0, 51.15625, 123.5625, 109.75, 171.125, 68.1875, 104.6875, 105.0, 61.40625, 190.25, 184.125], [76.25, 157.5, 96.1875, 47.3125, 28.078125, 147.875, 47.0, 167.625, 138.625, 101.0, 26.40625, 34.0625, 99.25, 102.125, 174.875, 0.0, 105.75, 78.625, 78.5, 123.3125, 139.5, 66.3125, 156.0, 143.375, 105.0, 19.109375, 79.1875, 97.125, 107.6875, 73.0, 133.0, 47.0625, 10.7734375, 40.03125, 66.75, 87.1875, 102.625, 34.21875, 41.6875, 36.0625, 25.0, 44.375, 163.25, 195.375, 48.09375, 132.5, 163.75, 116.5, 178.875, 97.25, 141.5, 147.125, 165.5, 142.125, 26.90625, 130.125, 72.9375, 117.0, 121.0, 76.0, 69.625], [38.3125, 75.125, 51.90625, 149.625, 84.625, 53.15625, 99.375, 62.125, 33.0, 72.8125, 114.5, 84.3125, 77.125, 64.0, 69.8125, 105.75, 0.0, 91.5625, 28.640625, 57.1875, 99.0, 68.0625, 102.625, 43.1875, 70.25, 119.8125, 103.5, 65.0, 107.0, 64.0625, 86.375, 85.5, 109.625, 94.5625, 114.4375, 62.28125, 5.0, 117.8125, 145.625, 120.9375, 125.9375, 95.3125, 138.0, 93.5, 153.75, 36.0, 77.1875, 17.71875, 86.5625, 61.75, 82.0625, 59.46875, 105.125, 81.3125, 105.4375, 39.625, 34.9375, 76.9375, 21.03125, 125.125, 118.3125], [55.09375, 100.875, 45.59375, 96.0, 85.0, 104.25, 113.125, 145.0, 118.3125, 136.875, 62.96875, 91.3125, 138.25, 40.8125, 153.875, 78.625, 91.5625, 0.0, 68.625, 67.4375, 64.875, 26.421875, 83.6875, 134.125, 137.875, 76.5, 139.0, 129.5, 29.40625, 27.890625, 163.375, 104.3125, 89.125, 39.0, 30.484375, 120.8125, 92.25, 59.46875, 114.5, 61.34375, 79.4375, 35.0, 84.5625, 152.625, 113.75, 95.625, 109.0, 109.0625, 126.375, 38.46875, 164.75, 150.5, 94.8125, 76.0625, 100.5625, 88.875, 63.6875, 149.0, 92.625, 37.5625, 33.0], [13.890625, 87.0, 39.96875, 121.1875, 60.375, 71.5625, 80.25, 90.5625, 61.40625, 74.0, 85.875, 61.6875, 76.875, 52.4375, 98.4375, 78.5, 28.640625, 68.625, 0.0, 58.5625, 93.5, 42.96875, 102.5, 70.8125, 73.5625, 91.625, 92.375, 66.0625, 89.3125, 40.84375, 96.625, 66.625, 83.4375, 66.25, 88.0, 59.375, 26.921875, 89.1875, 119.3125, 92.3125, 97.625, 67.25, 129.875, 117.4375, 126.5625, 55.0625, 91.4375, 43.5625, 104.375, 48.40625, 96.625, 83.125, 108.0625, 82.75, 81.875, 54.4375, 6.32421875, 83.5625, 42.625, 99.1875, 92.0625], [51.15625, 35.0, 27.296875, 155.75, 113.625, 38.625, 137.125, 86.8125, 66.6875, 127.9375, 119.25, 116.75, 131.75, 26.625, 95.75, 123.3125, 57.1875, 67.4375, 58.5625, 0.0, 43.0, 59.625, 45.65625, 87.6875, 126.125, 130.0, 150.875, 119.9375, 66.5, 52.4375, 143.625, 124.0, 131.25, 93.625, 97.625, 115.1875, 61.28125, 118.875, 164.75, 121.5, 134.875, 91.6875, 82.4375, 85.4375, 168.375, 36.40625, 42.4375, 72.125, 59.46875, 29.734375, 138.75, 110.6875, 49.71875, 24.703125, 134.75, 27.890625, 60.03125, 133.75, 43.0, 104.8125, 100.375], [82.0625, 56.09375, 53.71875, 160.875, 137.875, 75.1875, 164.625, 126.5, 109.1875, 166.75, 127.375, 142.75, 170.0, 42.0625, 135.125, 139.5, 99.0, 64.875, 93.5, 43.0, 0.0, 74.0, 19.84375, 130.5, 165.625, 140.5, 183.75, 158.625, 45.28125, 68.1875, 185.0, 152.875, 149.25, 102.1875, 92.6875, 152.75, 102.625, 124.25, 178.125, 126.1875, 143.875, 98.6875, 39.40625, 112.625, 178.25, 78.25, 64.25, 114.75, 80.4375, 46.84375, 181.0, 153.75, 31.828125, 26.078125, 157.25, 69.75, 92.6875, 174.25, 86.0, 95.1875, 93.8125], [30.0625, 94.625, 32.65625, 96.1875, 64.75, 91.1875, 92.375, 125.5625, 97.5, 110.625, 59.625, 70.1875, 112.1875, 36.0625, 134.25, 66.3125, 68.0625, 26.421875, 42.96875, 59.625, 74.0, 0.0, 89.8125, 111.25, 111.5, 70.6875, 115.625, 103.25, 52.0, 7.2109375, 137.0, 81.9375, 75.5625, 34.0625, 46.53125, 94.625, 68.0, 59.46875, 106.5625, 62.25, 75.3125, 32.5625, 102.4375, 140.375, 109.125, 79.25, 101.8125, 85.0, 118.3125, 31.390625, 138.5, 125.8125, 99.25, 76.1875, 83.3125, 74.0625, 37.65625, 122.625, 73.0625, 57.09375, 50.34375], [92.75, 44.65625, 64.625, 179.625, 152.0, 68.5, 177.75, 119.875, 106.6875, 173.5, 145.5, 156.25, 177.25, 55.0, 128.0, 156.0, 102.625, 83.6875, 102.5, 45.65625, 19.84375, 89.8125, 0.0, 128.5, 171.75, 158.25, 194.5, 165.5, 65.125, 83.375, 188.875, 165.375, 165.375, 119.9375, 112.1875, 160.5, 106.875, 142.75, 195.5, 144.875, 161.875, 116.6875, 45.71875, 99.0625, 196.375, 75.8125, 51.78125, 116.6875, 66.0, 60.0, 183.375, 152.875, 12.0390625, 21.40625, 172.125, 67.875, 102.8125, 179.375, 86.4375, 115.0, 113.4375], [81.5, 89.625, 91.8125, 189.125, 118.8125, 62.625, 126.125, 31.328125, 21.9375, 77.5, 155.5, 116.5, 82.875, 102.625, 35.0, 143.375, 43.1875, 134.125, 70.8125, 87.6875, 130.5, 111.25, 128.5, 0.0, 72.5625, 159.25, 119.4375, 72.25, 147.0, 107.0, 73.5625, 113.1875, 145.375, 137.0, 157.625, 75.6875, 43.9375, 159.375, 180.75, 162.5, 165.5, 138.125, 169.75, 79.0, 190.5, 52.8125, 87.375, 27.515625, 88.375, 101.4375, 62.375, 25.234375, 127.25, 107.8125, 137.5, 61.03125, 77.125, 72.3125, 45.3125, 168.25, 161.5], [87.0, 144.75, 113.0625, 151.5, 77.0, 120.6875, 68.6875, 103.875, 85.0625, 5.65625, 126.75, 71.125, 10.8203125, 125.75, 106.625, 105.0, 70.25, 137.875, 73.5625, 126.125, 165.625, 111.5, 171.75, 72.5625, 0.0, 124.0, 50.25, 8.546875, 161.875, 111.8125, 28.15625, 60.21875, 101.6875, 119.875, 148.875, 18.4375, 65.5625, 133.375, 131.625, 136.25, 130.0, 123.0625, 203.0, 150.25, 144.25, 104.5625, 145.875, 61.40625, 152.625, 121.9375, 37.375, 59.0625, 175.0, 150.75, 87.3125, 109.5, 76.4375, 12.1640625, 90.0, 160.625, 153.0], [87.0, 164.875, 102.75, 29.96875, 47.0, 158.0, 65.0, 182.0, 152.875, 120.0625, 14.140625, 53.15625, 118.3125, 106.5, 189.5, 19.109375, 119.8125, 76.5, 91.625, 130.0, 140.5, 70.6875, 158.25, 159.25, 124.0, 0.0, 97.3125, 116.0625, 104.0, 77.8125, 152.0, 66.125, 25.9375, 38.3125, 57.71875, 106.0625, 117.125, 20.609375, 38.0625, 21.09375, 6.32421875, 41.78125, 160.0, 206.5, 38.46875, 143.5, 171.625, 132.0, 187.625, 102.0, 160.25, 164.5, 168.5, 146.5, 43.84375, 140.25, 85.625, 136.0, 133.25, 65.0, 59.78125], [101.9375, 177.0, 130.375, 119.4375, 56.71875, 156.625, 32.3125, 150.375, 127.5, 44.59375, 105.1875, 49.59375, 39.59375, 141.625, 154.25, 79.1875, 103.5, 139.0, 92.375, 150.875, 183.75, 115.625, 194.5, 119.4375, 50.25, 97.3125, 0.0, 47.71875, 167.25, 118.9375, 70.6875, 35.34375, 71.5, 109.0, 139.5, 44.0, 98.5, 112.875, 92.0, 115.0, 102.1875, 113.1875, 217.0, 193.375, 106.0, 139.375, 180.125, 101.625, 190.0, 137.0, 84.3125, 109.0, 200.5, 175.125, 53.75, 142.0, 91.6875, 57.8125, 124.5, 150.5, 143.125], [79.25, 140.0, 105.8125, 143.875, 69.0625, 116.625, 62.625, 103.4375, 82.75, 8.0625, 118.5, 63.375, 12.1640625, 118.375, 106.9375, 97.125, 65.0, 129.5, 66.0625, 119.9375, 158.625, 103.25, 165.5, 72.25, 8.546875, 116.0625, 47.71875, 0.0, 153.75, 103.6875, 36.5, 53.15625, 94.1875, 111.3125, 140.375, 10.046875, 60.15625, 125.0, 124.9375, 127.875, 122.125, 114.5, 195.75, 148.5, 137.375, 100.125, 141.625, 58.0, 149.125, 114.5, 44.5625, 61.625, 169.125, 144.625, 80.375, 104.5625, 68.5625, 20.609375, 85.3125, 152.125, 144.5], [75.4375, 94.125, 55.375, 120.0625, 114.125, 105.0625, 142.25, 152.0, 128.375, 161.5, 90.0, 120.3125, 163.375, 44.5625, 161.0, 107.6875, 107.0, 29.40625, 89.3125, 66.5, 45.28125, 52.0, 65.125, 147.0, 161.875, 104.0, 167.25, 153.75, 0.0, 50.21875, 185.875, 133.0, 118.25, 67.75, 50.0, 145.75, 108.875, 85.375, 142.0, 86.6875, 106.1875, 63.5, 56.0, 149.875, 139.875, 101.0, 102.6875, 124.625, 120.0, 45.59375, 185.625, 166.375, 77.125, 64.875, 130.0, 93.0, 85.625, 172.375, 102.4375, 50.59375, 50.34375], [27.203125, 87.4375, 25.5, 103.4375, 69.875, 84.375, 97.0, 120.0625, 92.375, 111.3125, 66.875, 74.9375, 113.1875, 29.125, 128.75, 73.0, 64.0625, 27.890625, 40.84375, 52.4375, 68.1875, 7.2109375, 83.375, 107.0, 111.8125, 77.8125, 118.9375, 103.6875, 50.21875, 0.0, 136.5, 86.0625, 82.0625, 41.21875, 51.65625, 95.5, 64.5, 66.625, 113.5625, 69.375, 82.5, 39.59375, 98.25, 133.625, 116.25, 72.875, 94.625, 81.375, 111.1875, 24.359375, 137.375, 122.625, 92.5625, 69.25, 89.0625, 67.4375, 36.25, 122.625, 67.4375, 61.65625, 55.3125], [110.4375, 157.125, 134.5, 179.25, 105.0625, 131.125, 94.625, 103.0, 91.5, 32.0, 154.875, 99.0, 34.53125, 147.125, 103.375, 133.0, 86.375, 163.375, 96.625, 143.625, 185.0, 137.0, 188.875, 73.5625, 28.15625, 152.0, 70.6875, 36.5, 185.875, 136.5, 0.0, 87.4375, 129.375, 147.5, 176.125, 46.53125, 82.4375, 161.5, 157.875, 164.375, 158.0, 150.625, 223.5, 152.25, 171.0, 116.75, 156.75, 72.9375, 160.625, 143.875, 15.265625, 52.25, 190.75, 167.5, 114.25, 123.0625, 100.375, 16.03125, 103.4375, 187.875, 180.25], [73.0625, 153.625, 100.6875, 92.0, 21.640625, 136.625, 13.9296875, 141.875, 115.125, 55.59375, 71.875, 14.421875, 53.09375, 111.0, 147.5, 47.0625, 85.5, 104.3125, 66.625, 124.0, 152.875, 81.9375, 165.375, 113.1875, 60.21875, 66.125, 35.34375, 53.15625, 133.0, 86.0625, 87.4375, 0.0, 42.0, 73.6875, 104.25, 44.0, 80.9375, 79.3125, 71.875, 81.6875, 71.6875, 77.8125, 184.25, 178.875, 84.1875, 119.5625, 157.875, 89.625, 170.0, 106.125, 97.5, 110.375, 172.375, 147.25, 27.203125, 120.3125, 64.0625, 71.6875, 105.3125, 115.25, 107.9375], [82.75, 164.875, 104.375, 50.0, 26.828125, 154.0, 39.21875, 170.875, 142.25, 97.3125, 36.0625, 31.046875, 95.0625, 111.0, 177.75, 10.7734375, 109.625, 89.125, 83.4375, 131.25, 149.25, 75.5625, 165.375, 145.375, 101.6875, 25.9375, 71.5, 94.1875, 118.25, 82.0625, 129.375, 42.0, 0.0, 50.6875, 77.4375, 84.5, 106.125, 43.84375, 36.0625, 45.34375, 30.671875, 55.09375, 173.625, 200.75, 45.28125, 138.125, 170.875, 119.0, 185.625, 106.125, 138.75, 147.25, 174.625, 150.875, 17.890625, 136.375, 78.25, 113.4375, 126.0625, 86.5625, 80.25], [57.28125, 128.625, 66.6875, 62.1875, 52.3125, 124.75, 79.625, 155.375, 126.4375, 117.375, 25.9375, 59.40625, 117.375, 68.9375, 163.625, 40.03125, 94.5625, 39.0, 66.25, 93.625, 102.1875, 34.0625, 119.9375, 137.0, 119.875, 38.3125, 109.0, 111.3125, 67.75, 41.21875, 147.5, 73.6875, 50.6875, 0.0, 30.609375, 101.5, 93.125, 25.453125, 75.9375, 28.3125, 42.15625, 4.47265625, 123.5, 173.875, 76.5625, 111.8125, 135.875, 109.6875, 152.375, 64.6875, 152.375, 147.5, 130.25, 108.6875, 63.9375, 107.3125, 59.90625, 131.875, 103.8125, 41.875, 34.40625], [76.1875, 131.375, 74.25, 70.1875, 82.8125, 133.75, 109.6875, 171.75, 144.0, 146.875, 43.6875, 89.9375, 147.125, 71.0, 180.5, 66.75, 114.4375, 30.484375, 88.0, 97.625, 92.6875, 46.53125, 112.1875, 157.625, 148.875, 57.71875, 139.5, 140.375, 50.0, 51.65625, 176.125, 104.25, 77.4375, 30.609375, 0.0, 130.75, 114.125, 37.46875, 94.75, 38.125, 58.5625, 26.625, 104.8125, 182.5, 91.0, 123.875, 139.5, 131.125, 156.875, 68.25, 180.0, 171.125, 123.6875, 106.1875, 92.625, 117.6875, 82.125, 160.875, 119.125, 11.703125, 4.125], [72.0, 137.375, 99.3125, 134.125, 59.125, 115.0, 54.375, 106.4375, 83.6875, 16.125, 108.4375, 53.59375, 17.6875, 111.75, 110.625, 87.1875, 62.28125, 120.8125, 59.375, 115.1875, 152.75, 94.625, 160.5, 75.6875, 18.4375, 106.0625, 44.0, 10.046875, 145.75, 95.5, 46.53125, 44.0, 84.5, 101.5, 130.75, 0.0, 57.3125, 115.0, 115.875, 117.8125, 112.1875, 104.75, 189.125, 149.625, 128.125, 98.125, 139.375, 58.0625, 148.0, 107.625, 54.34375, 68.0, 164.75, 139.875, 71.1875, 101.8125, 61.21875, 30.59375, 83.125, 142.5, 134.875], [38.0, 80.0625, 54.21875, 147.0, 80.8125, 58.125, 94.875, 65.0, 36.125, 68.0, 112.3125, 80.1875, 72.25, 66.5625, 72.375, 102.625, 5.0, 92.25, 26.921875, 61.28125, 102.625, 68.0, 106.875, 43.9375, 65.5625, 117.125, 98.5, 60.15625, 108.875, 64.5, 82.4375, 80.9375, 106.125, 93.125, 114.125, 57.3125, 0.0, 115.875, 142.125, 119.0625, 123.3125, 94.125, 141.375, 97.9375, 150.625, 41.0, 82.125, 17.0, 91.5625, 64.0, 78.75, 58.25, 109.5625, 85.5625, 101.375, 44.5625, 33.25, 72.5625, 26.015625, 125.0, 118.0625], [81.625, 153.875, 92.125, 37.21875, 58.1875, 150.125, 81.0, 179.375, 150.25, 130.0, 7.80859375, 65.1875, 129.125, 93.75, 187.375, 34.21875, 117.8125, 59.46875, 89.1875, 118.875, 124.25, 59.46875, 142.75, 159.375, 133.375, 20.609375, 112.875, 125.0, 85.375, 66.625, 161.5, 79.3125, 43.84375, 25.453125, 37.46875, 115.0, 115.875, 0.0, 57.3125, 3.162109375, 21.09375, 27.203125, 141.125, 199.25, 54.59375, 137.0, 161.25, 131.875, 177.75, 89.625, 168.25, 167.75, 153.625, 133.0, 61.0625, 132.625, 82.875, 145.5, 128.5, 44.375, 39.28125], [117.875, 199.0, 137.5, 35.34375, 62.0, 189.375, 63.34375, 206.75, 178.25, 126.625, 52.0, 64.6875, 123.4375, 142.625, 213.625, 41.6875, 145.625, 114.5, 119.3125, 164.75, 178.125, 106.5625, 195.5, 180.75, 131.625, 38.0625, 92.0, 124.9375, 142.0, 113.5625, 157.875, 71.875, 36.0625, 75.9375, 94.75, 115.875, 142.125, 57.3125, 0.0, 56.71875, 36.21875, 79.625, 198.0, 236.625, 14.3203125, 173.75, 205.375, 154.75, 220.5, 137.875, 169.0, 181.25, 205.5, 182.75, 44.78125, 171.625, 114.0, 142.625, 162.0, 100.6875, 96.3125], [84.75, 156.5, 94.875, 34.875, 60.71875, 153.0, 83.0, 182.5, 153.375, 132.875, 9.8515625, 67.6875, 131.75, 96.25, 190.5, 36.0625, 120.9375, 61.34375, 92.3125, 121.5, 126.1875, 62.25, 144.875, 162.5, 136.25, 21.09375, 115.0, 127.875, 86.6875, 69.375, 164.375, 81.6875, 45.34375, 28.3125, 38.125, 117.8125, 119.0625, 3.162109375, 56.71875, 0.0, 20.609375, 29.828125, 142.375, 202.125, 53.25, 140.0, 163.875, 135.0, 180.5, 92.1875, 171.125, 170.875, 155.75, 135.375, 62.8125, 135.625, 86.0, 148.375, 131.5, 44.28125, 39.625], [92.6875, 169.75, 107.625, 23.703125, 53.03125, 163.5, 69.875, 188.125, 158.875, 126.0, 16.5, 59.03125, 124.1875, 110.9375, 195.625, 25.0, 125.9375, 79.4375, 97.625, 134.875, 143.875, 75.3125, 161.875, 165.5, 130.0, 6.32421875, 102.1875, 122.125, 106.1875, 82.5, 158.0, 71.6875, 30.671875, 42.15625, 58.5625, 112.1875, 123.3125, 21.09375, 36.21875, 20.609375, 0.0, 45.21875, 162.125, 212.125, 34.46875, 149.25, 176.75, 138.25, 192.75, 106.5, 166.375, 170.75, 172.375, 150.75, 48.46875, 145.75, 91.625, 142.0, 139.125, 64.875, 60.21875], [57.59375, 126.6875, 65.0625, 64.375, 56.59375, 123.6875, 84.0, 155.625, 126.875, 120.6875, 28.796875, 63.625, 120.8125, 66.5625, 164.0, 44.375, 95.3125, 35.0, 67.25, 91.6875, 98.6875, 32.5625, 116.6875, 138.125, 123.0625, 41.78125, 113.1875, 114.5, 63.5, 39.59375, 150.625, 77.8125, 55.09375, 4.47265625, 26.625, 104.75, 94.125, 27.203125, 79.625, 29.828125, 45.21875, 0.0, 119.3125, 172.875, 79.6875, 111.25, 134.125, 110.8125, 150.75, 62.4375, 155.125, 149.25, 127.25, 106.0, 68.4375, 106.375, 61.0, 135.0, 103.75, 38.09375, 30.53125], [117.375, 90.25, 90.0, 175.0, 167.0, 112.75, 194.75, 164.375, 148.375, 203.75, 146.0, 172.625, 206.75, 77.4375, 172.75, 163.25, 138.0, 84.5625, 129.875, 82.4375, 39.40625, 102.4375, 45.71875, 169.75, 203.0, 160.0, 217.0, 195.75, 56.0, 98.25, 223.5, 184.25, 173.625, 123.5, 104.8125, 189.125, 141.375, 141.125, 198.0, 142.375, 162.125, 119.3125, 0.0, 144.375, 195.625, 117.3125, 97.5, 154.0, 111.3125, 81.5625, 220.0, 193.125, 54.0, 63.15625, 184.375, 108.9375, 128.125, 212.125, 125.4375, 102.8125, 104.375], [119.625, 56.71875, 108.75, 234.875, 177.25, 49.21875, 192.75, 49.8125, 66.0, 154.75, 198.125, 177.5, 160.0, 111.8125, 52.1875, 195.375, 93.5, 152.625, 117.4375, 85.4375, 112.625, 140.375, 99.0625, 79.0, 150.25, 206.5, 193.375, 148.5, 149.875, 133.625, 152.25, 178.875, 200.75, 173.875, 182.5, 149.625, 97.9375, 199.25, 236.625, 202.125, 212.125, 172.875, 144.375, 0.0, 243.125, 63.03125, 48.375, 91.75, 33.125, 114.25, 140.0, 101.0, 90.6875, 87.125, 198.375, 66.625, 122.625, 151.125, 74.875, 190.125, 185.375], [123.6875, 203.0, 141.0, 24.59375, 72.0625, 195.25, 76.625, 215.5, 186.625, 139.5, 50.96875, 75.625, 136.5, 145.0, 222.625, 48.09375, 153.75, 113.75, 126.5625, 168.375, 178.25, 109.125, 196.375, 190.5, 144.25, 38.46875, 106.0, 137.375, 139.875, 116.25, 171.0, 84.1875, 45.28125, 76.5625, 91.0, 128.125, 150.625, 54.59375, 14.3203125, 53.25, 34.46875, 79.6875, 195.625, 243.125, 0.0, 180.125, 209.75, 164.0, 225.5, 140.5, 181.625, 192.375, 206.875, 185.0, 57.0, 177.375, 120.9375, 155.5, 169.0, 95.4375, 92.0], [56.59375, 40.5, 50.0, 172.125, 115.4375, 17.265625, 133.5, 51.03125, 31.0625, 107.6875, 135.5, 116.375, 112.3125, 57.21875, 60.03125, 132.5, 36.0, 95.625, 55.0625, 36.40625, 78.25, 79.25, 75.8125, 52.8125, 104.5625, 143.5, 139.375, 100.125, 101.0, 72.875, 116.75, 119.5625, 138.125, 111.8125, 123.875, 98.125, 41.0, 137.0, 173.75, 140.0, 149.25, 111.25, 117.3125, 63.03125, 180.125, 0.0, 41.4375, 44.0, 50.8125, 57.875, 109.3125, 77.125, 75.3125, 55.0, 136.875, 8.546875, 59.90625, 109.75, 15.0, 132.875, 127.25], [88.375, 8.546875, 69.1875, 198.0, 150.875, 25.625, 171.625, 71.375, 66.25, 149.125, 161.375, 152.875, 153.75, 68.6875, 78.75, 163.75, 77.1875, 109.0, 91.4375, 42.4375, 64.25, 101.8125, 51.78125, 87.375, 145.875, 171.625, 180.125, 141.625, 102.6875, 94.625, 156.75, 157.875, 170.875, 135.875, 139.5, 139.375, 82.125, 161.25, 205.375, 163.875, 176.75, 134.125, 97.5, 48.375, 209.75, 41.4375, 0.0, 84.875, 17.5, 72.125, 148.0, 112.625, 45.3125, 38.84375, 172.375, 38.0625, 94.9375, 150.625, 56.3125, 145.875, 142.0], [55.0, 84.5, 69.4375, 161.875, 92.875, 59.4375, 103.1875, 52.40625, 26.0, 65.0625, 127.9375, 91.25, 70.0, 81.375, 58.78125, 116.5, 17.71875, 109.0625, 43.5625, 72.125, 114.75, 85.0, 116.6875, 27.515625, 61.40625, 132.0, 101.625, 58.0, 124.625, 81.375, 72.9375, 89.625, 119.0, 109.6875, 131.125, 58.0625, 17.0, 131.875, 154.75, 135.0, 138.25, 110.8125, 154.0, 91.75, 164.0, 44.0, 84.875, 0.0, 91.25, 79.3125, 66.6875, 41.75, 117.875, 95.25, 112.4375, 50.125, 49.8125, 65.8125, 30.53125, 142.0, 135.0], [102.875, 25.9375, 85.6875, 214.5, 164.5, 33.53125, 183.875, 66.8125, 69.125, 156.375, 177.75, 166.125, 161.25, 85.9375, 72.8125, 178.875, 86.5625, 126.375, 104.375, 59.46875, 80.4375, 118.3125, 66.0, 88.375, 152.625, 187.625, 190.0, 149.125, 120.0, 111.1875, 160.625, 170.0, 185.625, 152.375, 156.875, 148.0, 91.5625, 177.75, 220.5, 180.5, 192.75, 150.75, 111.3125, 33.125, 225.5, 50.8125, 17.5, 91.25, 0.0, 89.1875, 150.5, 113.1875, 57.5625, 55.65625, 186.125, 49.96875, 108.4375, 156.125, 65.625, 163.375, 159.375], [35.84375, 64.4375, 9.8515625, 126.75, 92.0625, 65.8125, 118.0625, 108.3125, 83.3125, 122.4375, 90.5625, 96.4375, 125.1875, 5.0, 117.25, 97.25, 61.75, 38.46875, 48.40625, 29.734375, 46.84375, 31.390625, 60.0, 101.4375, 121.9375, 102.0, 137.0, 114.5, 45.59375, 24.359375, 143.875, 106.125, 106.125, 64.6875, 68.25, 107.625, 64.0, 89.625, 137.875, 92.1875, 106.5, 62.4375, 81.5625, 114.25, 140.5, 57.875, 72.125, 79.3125, 89.1875, 0.0, 142.0, 120.875, 68.5625, 44.9375, 112.125, 50.6875, 46.65625, 131.5, 57.21875, 76.0625, 71.1875], [110.5, 149.125, 132.375, 188.375, 113.4375, 122.5625, 105.9375, 90.375, 81.9375, 42.375, 162.0, 107.9375, 46.09375, 145.0, 90.0, 141.5, 82.0625, 164.75, 96.625, 138.75, 181.0, 138.5, 183.375, 62.375, 37.375, 160.25, 84.3125, 44.5625, 185.625, 137.375, 15.265625, 97.5, 138.75, 152.375, 180.0, 54.34375, 78.75, 168.25, 169.0, 171.125, 166.375, 155.125, 220.0, 140.0, 181.625, 109.3125, 148.0, 66.6875, 150.5, 142.0, 0.0, 39.125, 184.25, 162.0, 124.6875, 116.25, 101.125, 26.828125, 97.0, 191.625, 184.125], [95.75, 114.8125, 111.0625, 194.125, 120.4375, 87.8125, 122.0, 51.25, 46.875, 64.625, 162.75, 116.75, 69.875, 122.75, 51.15625, 147.125, 59.46875, 150.5, 83.125, 110.6875, 153.75, 125.8125, 152.875, 25.234375, 59.0625, 164.5, 109.0, 61.625, 166.375, 122.625, 52.25, 110.375, 147.25, 147.5, 171.125, 68.0, 58.25, 167.75, 181.25, 170.875, 170.75, 149.25, 193.125, 101.0, 192.375, 77.125, 112.625, 41.75, 113.1875, 120.875, 39.125, 0.0, 152.125, 131.875, 136.75, 85.0625, 89.0625, 55.15625, 67.6875, 182.375, 175.125], [99.4375, 39.4375, 72.0, 190.625, 160.125, 65.4375, 185.125, 115.75, 105.375, 177.125, 156.0, 164.0, 181.125, 63.625, 123.5625, 165.5, 105.125, 94.8125, 108.0625, 49.71875, 31.828125, 99.25, 12.0390625, 127.25, 175.0, 168.5, 200.5, 169.125, 77.125, 92.5625, 190.75, 172.375, 174.625, 130.25, 123.6875, 164.75, 109.5625, 153.625, 205.5, 155.75, 172.375, 127.25, 54.0, 90.6875, 206.875, 75.3125, 45.3125, 117.875, 57.5625, 68.5625, 184.25, 152.125, 0.0, 25.3125, 180.5, 68.0, 109.0625, 182.0, 87.375, 126.8125, 125.125], [74.1875, 30.40625, 47.15625, 170.125, 135.375, 49.65625, 160.0, 101.25, 86.0, 152.625, 134.625, 139.0, 156.375, 40.15625, 109.75, 142.125, 81.3125, 76.0625, 82.75, 24.703125, 26.078125, 76.1875, 21.40625, 107.8125, 150.75, 146.5, 175.125, 144.625, 64.875, 69.25, 167.5, 147.25, 150.875, 108.6875, 106.1875, 139.875, 85.5625, 133.0, 182.75, 135.375, 150.75, 106.0, 63.15625, 87.125, 185.0, 55.0, 38.84375, 95.25, 55.65625, 44.9375, 162.0, 131.875, 25.3125, 0.0, 156.0, 46.875, 83.75, 158.125, 65.125, 111.125, 108.1875], [84.1875, 167.0, 108.875, 66.375, 21.546875, 153.5, 21.59375, 164.875, 137.0, 82.5625, 53.25, 21.265625, 79.75, 117.125, 171.125, 26.90625, 105.4375, 100.5625, 81.875, 134.75, 157.25, 83.3125, 172.125, 137.5, 87.3125, 43.84375, 53.75, 80.375, 130.0, 89.0625, 114.25, 27.203125, 17.890625, 63.9375, 92.625, 71.1875, 101.375, 61.0625, 44.78125, 62.8125, 48.46875, 68.4375, 184.375, 198.375, 57.0, 136.875, 172.375, 112.4375, 186.125, 112.125, 124.6875, 136.75, 180.5, 156.0, 0.0, 136.125, 77.625, 98.625, 123.6875, 102.4375, 95.8125], [53.8125, 35.5, 43.46875, 168.25, 114.625, 17.796875, 134.125, 59.21875, 39.4375, 112.3125, 131.5, 116.125, 116.6875, 49.65625, 68.1875, 130.125, 39.625, 88.875, 54.4375, 27.890625, 69.75, 74.0625, 67.875, 61.03125, 109.5, 140.25, 142.0, 104.5625, 93.0, 67.4375, 123.0625, 120.3125, 136.375, 107.3125, 117.6875, 101.8125, 44.5625, 132.625, 171.625, 135.625, 145.75, 106.375, 108.9375, 66.625, 177.375, 8.546875, 38.0625, 50.125, 49.96875, 50.6875, 116.25, 85.0625, 68.0, 46.875, 136.125, 0.0, 58.59375, 115.3125, 19.703125, 126.3125, 120.9375], [10.8203125, 90.0, 39.0, 115.125, 56.09375, 76.0625, 77.4375, 96.75, 67.625, 76.4375, 79.625, 57.96875, 78.875, 51.0, 104.6875, 72.9375, 34.9375, 63.6875, 6.32421875, 60.03125, 92.6875, 37.65625, 102.8125, 77.125, 76.4375, 85.625, 91.6875, 68.5625, 85.625, 36.25, 100.375, 64.0625, 78.25, 59.90625, 82.125, 61.21875, 33.25, 82.875, 114.0, 86.0, 91.625, 61.0, 128.125, 122.625, 120.9375, 59.90625, 94.9375, 49.8125, 108.4375, 46.65625, 101.125, 89.0625, 109.0625, 83.75, 77.625, 58.59375, 0.0, 86.8125, 48.09375, 93.3125, 86.125], [97.1875, 150.25, 122.4375, 163.375, 89.0, 125.1875, 79.375, 103.25, 87.4375, 16.125, 138.875, 83.0, 19.3125, 135.125, 105.0, 117.0, 76.9375, 149.0, 83.5625, 133.75, 174.25, 122.625, 179.375, 72.3125, 12.1640625, 136.0, 57.8125, 20.609375, 172.375, 122.625, 16.03125, 71.6875, 113.4375, 131.875, 160.875, 30.59375, 72.5625, 145.5, 142.625, 148.375, 142.0, 135.0, 212.125, 151.125, 155.5, 109.75, 150.625, 65.8125, 156.125, 131.5, 26.828125, 55.15625, 182.0, 158.125, 98.625, 115.3125, 86.8125, 0.0, 95.625, 172.5, 164.875], [46.875, 54.8125, 48.0, 162.375, 102.375, 32.125, 119.25, 52.625, 26.078125, 92.9375, 126.25, 102.875, 97.5, 57.875, 61.40625, 121.0, 21.03125, 92.625, 42.625, 43.0, 86.0, 73.0625, 86.4375, 45.3125, 90.0, 133.25, 124.5, 85.3125, 102.4375, 67.4375, 103.4375, 105.3125, 126.0625, 103.8125, 119.125, 83.125, 26.015625, 128.5, 162.0, 131.5, 139.125, 103.75, 125.4375, 74.875, 169.0, 15.0, 56.3125, 30.53125, 65.625, 57.21875, 97.0, 67.6875, 87.375, 65.125, 123.6875, 19.703125, 48.09375, 95.625, 0.0, 128.875, 122.75], [87.0, 137.625, 82.875, 73.0, 93.75, 141.875, 120.1875, 181.5, 154.0, 158.5, 51.4375, 100.875, 158.75, 78.3125, 190.25, 76.0, 125.125, 37.5625, 99.1875, 104.8125, 95.1875, 57.09375, 115.0, 168.25, 160.625, 65.0, 150.5, 152.125, 50.59375, 61.65625, 187.875, 115.25, 86.5625, 41.875, 11.703125, 142.5, 125.0, 44.375, 100.6875, 44.28125, 64.875, 38.09375, 102.8125, 190.125, 95.4375, 132.875, 145.875, 142.0, 163.375, 76.0625, 191.625, 182.375, 126.8125, 111.125, 102.4375, 126.3125, 93.3125, 172.5, 128.875, 0.0, 7.6171875], [80.125, 133.875, 77.5, 70.5625, 86.4375, 136.875, 113.1875, 175.375, 147.625, 150.875, 45.875, 93.625, 151.125, 73.8125, 184.125, 69.625, 118.3125, 33.0, 92.0625, 100.375, 93.8125, 50.34375, 113.4375, 161.5, 153.0, 59.78125, 143.125, 144.5, 50.34375, 55.3125, 180.25, 107.9375, 80.25, 34.40625, 4.125, 134.875, 118.0625, 39.28125, 96.3125, 39.625, 60.21875, 30.53125, 104.375, 185.375, 92.0, 127.25, 142.0, 135.0, 159.375, 71.1875, 184.125, 175.125, 125.125, 108.1875, 95.8125, 120.9375, 86.125, 164.875, 122.75, 7.6171875, 0.0]], "angleGap": [[0.0, 0.6279296875, 2.5703125, 3.076171875, 0.320556640625, 2.857421875, 0.85546875, 0.91015625, 2.10546875, 2.51171875, 2.97265625, 2.16015625, 0.77001953125, 0.888671875, 2.849609375, 1.1337890625, 1.6015625, 1.79296875, 0.2281494140625, 0.693359375, 1.810546875, 0.501953125, 1.1533203125, 2.041015625, 2.654296875, 2.556640625, 2.0859375, 1.2705078125, 1.5791015625, 1.8828125, 2.79296875, 2.95703125, 2.310546875, 1.943359375, 2.177734375, 1.263671875, 2.41796875, 2.875, 2.41015625, 2.625, 2.232421875, 0.873046875, 0.437744140625, 2.765625, 0.453857421875, 0.076171875, 1.263671875, 0.178955078125, 0.83203125, 1.744140625, 1.3896484375, 0.39697265625, 0.373779296875, 3.111328125, 0.307373046875, 2.24609375, 1.96875, 0.6767578125, 1.888671875, 1.927734375], [0.6279296875, 0.0, 1.94140625, 2.578125, 0.94873046875, 2.796875, 1.484375, 1.5390625, 2.734375, 1.8828125, 2.681640625, 2.7890625, 0.141845703125, 1.517578125, 2.220703125, 1.76171875, 0.97314453125, 2.421875, 0.39990234375, 0.0654296875, 1.181640625, 0.12646484375, 1.78125, 2.669921875, 2.025390625, 3.09765625, 2.71484375, 0.642578125, 0.95068359375, 2.51171875, 2.861328125, 2.328125, 1.681640625, 1.314453125, 2.806640625, 1.892578125, 1.7890625, 2.24609375, 1.78125, 1.99609375, 1.603515625, 0.2451171875, 1.06640625, 2.13671875, 1.08203125, 0.7041015625, 1.892578125, 0.80712890625, 0.2041015625, 2.373046875, 2.017578125, 0.231201171875, 0.25439453125, 2.54296875, 0.935546875, 2.875, 2.59765625, 1.3046875, 1.259765625, 1.298828125], [2.5703125, 1.94140625, 0.0, 0.63671875, 2.890625, 0.85546875, 2.857421875, 2.802734375, 1.607421875, 0.05859375, 0.740234375, 1.552734375, 1.7998046875, 2.82421875, 0.279296875, 2.580078125, 0.96875, 1.919921875, 2.341796875, 1.876953125, 0.759765625, 2.068359375, 2.560546875, 1.673828125, 0.083984375, 1.158203125, 1.626953125, 1.298828125, 0.9912109375, 1.830078125, 0.919921875, 0.38671875, 0.259765625, 0.626953125, 1.533203125, 2.44921875, 0.15234375, 0.3046875, 0.16015625, 0.0546875, 0.337890625, 1.697265625, 3.0078125, 0.1953125, 3.0234375, 2.646484375, 2.44921875, 2.75, 1.73828125, 1.970703125, 2.322265625, 2.173828125, 2.1953125, 0.6015625, 2.876953125, 1.466796875, 1.744140625, 3.037109375, 0.681640625, 0.642578125], [3.076171875, 2.578125, 0.63671875, 0.0, 2.755859375, 0.21875, 2.220703125, 2.166015625, 0.970703125, 0.6953125, 0.103515625, 0.916015625, 2.4375, 2.189453125, 0.357421875, 1.943359375, 1.60546875, 1.283203125, 2.978515625, 2.513671875, 1.396484375, 2.705078125, 1.923828125, 1.033203125, 0.552734375, 0.517578125, 0.990234375, 1.935546875, 1.6279296875, 1.193359375, 0.283203125, 0.25, 0.896484375, 1.263671875, 0.900390625, 1.814453125, 0.7890625, 0.33203125, 0.796875, 0.58203125, 0.974609375, 2.333984375, 2.638671875, 0.44140625, 2.623046875, 3.0, 1.814453125, 2.896484375, 2.375, 1.330078125, 1.685546875, 2.810546875, 2.83203125, 0.03515625, 2.76953125, 0.830078125, 1.107421875, 2.400390625, 1.318359375, 1.279296875], [0.320556640625, 0.94873046875, 2.890625, 2.755859375, 0.0, 2.537109375, 0.53515625, 0.58984375, 1.78515625, 2.83203125, 2.65234375, 1.83984375, 1.0908203125, 0.568359375, 3.11328125, 0.8134765625, 1.921875, 1.47265625, 0.548828125, 1.013671875, 2.130859375, 0.822265625, 0.8330078125, 1.720703125, 2.974609375, 2.236328125, 1.765625, 1.591796875, 1.8994140625, 1.5625, 2.47265625, 3.005859375, 2.630859375, 2.263671875, 1.857421875, 0.943359375, 2.73828125, 3.087890625, 2.73046875, 2.9453125, 2.552734375, 1.193359375, 0.1171875, 3.0859375, 0.13330078125, 0.244384765625, 0.943359375, 0.1416015625, 1.15234375, 1.423828125, 1.0693359375, 0.7177734375, 0.6943359375, 2.791015625, 0.01318359375, 1.92578125, 1.6484375, 0.35595703125, 2.208984375, 2.248046875], [2.857421875, 2.796875, 0.85546875, 0.21875, 2.537109375, 0.0, 2.001953125, 1.947265625, 0.751953125, 0.9140625, 0.115234375, 0.697265625, 2.65625, 1.970703125, 0.576171875, 1.724609375, 1.82421875, 1.064453125, 3.0859375, 2.732421875, 1.615234375, 2.923828125, 1.705078125, 0.814453125, 0.771484375, 0.298828125, 0.771484375, 2.154296875, 1.8466796875, 0.974609375, 0.064453125, 0.46875, 1.115234375, 1.482421875, 0.681640625, 1.595703125, 1.0078125, 0.55078125, 1.015625, 0.80078125, 1.193359375, 2.552734375, 2.419921875, 0.66015625, 2.404296875, 2.78125, 1.595703125, 2.677734375, 2.59375, 1.111328125, 1.466796875, 3.029296875, 3.05078125, 0.25390625, 2.55078125, 0.611328125, 0.888671875, 2.181640625, 1.537109375, 1.498046875], [0.85546875, 1.484375, 2.857421875, 2.220703125, 0.53515625, 2.001953125, 0.0, 0.0546875, 1.25, 2.916015625, 2.119140625, 1.3046875, 1.6259765625, 0.033203125, 2.578125, 0.2783203125, 2.45703125, 0.9375, 1.083984375, 1.548828125, 2.666015625, 1.357421875, 0.2978515625, 1.185546875, 2.7734375, 1.701171875, 1.23046875, 2.126953125, 2.43359375, 1.02734375, 1.9375, 2.470703125, 3.1171875, 2.798828125, 1.322265625, 0.408203125, 3.009765625, 2.552734375, 3.017578125, 2.802734375, 3.087890625, 1.728515625, 0.41796875, 2.662109375, 0.40185546875, 0.779296875, 0.408203125, 0.6767578125, 1.6875, 0.888671875, 0.5341796875, 1.2529296875, 1.2294921875, 2.255859375, 0.54833984375, 1.390625, 1.11328125, 0.17919921875, 2.744140625, 2.783203125], [0.91015625, 1.5390625, 2.802734375, 2.166015625, 0.58984375, 1.947265625, 0.0546875, 0.0, 1.1953125, 2.861328125, 2.064453125, 1.25, 1.6806640625, 0.021484375, 2.5234375, 0.2236328125, 2.51171875, 0.8828125, 1.138671875, 1.603515625, 2.720703125, 1.412109375, 0.2431640625, 1.130859375, 2.71875, 1.646484375, 1.17578125, 2.181640625, 2.48828125, 0.97265625, 1.8828125, 2.416015625, 3.0625, 2.853515625, 1.267578125, 0.353515625, 2.955078125, 2.498046875, 2.962890625, 2.748046875, 3.140625, 1.783203125, 0.47265625, 2.607421875, 0.45654296875, 0.833984375, 0.353515625, 0.7314453125, 1.7421875, 0.833984375, 0.4794921875, 1.3076171875, 1.2841796875, 2.201171875, 0.60302734375, 1.3359375, 1.05859375, 0.23388671875, 2.798828125, 2.837890625], [2.10546875, 2.734375, 1.607421875, 0.970703125, 1.78515625, 0.751953125, 1.25, 1.1953125, 0.0, 1.666015625, 0.869140625, 0.0546875, 2.875, 1.216796875, 1.330078125, 0.9716796875, 2.576171875, 0.3125, 2.333984375, 2.798828125, 2.3671875, 2.607421875, 0.9521484375, 0.064453125, 1.525390625, 0.451171875, 0.01953125, 2.90625, 2.599609375, 0.22265625, 0.6875, 1.220703125, 1.869140625, 2.236328125, 0.072265625, 0.841796875, 1.759765625, 1.302734375, 1.767578125, 1.552734375, 1.947265625, 2.978515625, 1.66796875, 1.412109375, 1.65234375, 2.029296875, 0.841796875, 1.9267578125, 2.9375, 0.361328125, 0.7158203125, 2.501953125, 2.48046875, 1.005859375, 1.798828125, 0.140625, 0.13671875, 1.4296875, 2.2890625, 2.251953125], [2.51171875, 1.8828125, 0.05859375, 0.6953125, 2.83203125, 0.9140625, 2.916015625, 2.861328125, 1.666015625, 0.0, 0.798828125, 1.611328125, 1.7412109375, 2.8828125, 0.337890625, 2.638671875, 0.91015625, 1.978515625, 2.283203125, 1.818359375, 0.701171875, 2.009765625, 2.619140625, 1.728515625, 0.142578125, 1.212890625, 1.685546875, 1.240234375, 0.9326171875, 1.888671875, 0.978515625, 0.4453125, 0.201171875, 0.568359375, 1.595703125, 2.5078125, 0.09375, 0.36328125, 0.1015625, 0.11328125, 0.279296875, 1.638671875, 2.94921875, 0.25390625, 2.96484375, 2.587890625, 2.5078125, 2.69140625, 1.6796875, 2.025390625, 2.380859375, 2.115234375, 2.13671875, 0.66015625, 2.818359375, 1.525390625, 1.802734375, 3.095703125, 0.623046875, 0.583984375], [2.97265625, 2.681640625, 0.740234375, 0.103515625, 2.65234375, 0.115234375, 2.119140625, 2.064453125, 0.869140625, 0.798828125, 0.0, 0.814453125, 2.541015625, 2.083984375, 0.4609375, 1.837890625, 1.708984375, 1.181640625, 3.08203125, 2.6171875, 1.5, 2.80859375, 1.818359375, 0.931640625, 0.65625, 0.416015625, 0.884765625, 2.0390625, 1.7314453125, 1.087890625, 0.181640625, 0.353515625, 1.0, 1.3671875, 0.794921875, 1.708984375, 0.892578125, 0.435546875, 0.900390625, 0.685546875, 1.078125, 2.4375, 2.53515625, 0.544921875, 2.51953125, 2.896484375, 1.708984375, 2.794921875, 2.478515625, 1.228515625, 1.583984375, 2.9140625, 2.935546875, 0.138671875, 2.666015625, 0.728515625, 1.001953125, 2.296875, 1.421875, 1.3828125], [2.16015625, 2.7890625, 1.552734375,