{"name": "LZB_n60_13", "n": 60, "m": 8, "times": [[0.0, 104.125, 98.9375, 100.25, 95.0, 34.25, 87.0, 33.84375, 94.5625, 14.8671875, 80.0, 107.0, 76.375, 114.0, 87.9375, 17.125, 114.9375, 99.375, 59.53125, 77.1875, 98.4375, 102.8125, 88.4375, 99.5625, 123.25, 57.8125, 123.375, 32.5625, 35.0, 90.25, 96.3125, 74.0625, 48.78125, 59.84375, 120.4375, 52.34375, 41.875, 91.8125, 76.625, 40.0, 94.9375, 76.3125, 118.4375, 129.875, 21.1875, 98.875, 78.875, 112.3125, 87.4375, 76.1875, 41.0, 24.0, 14.2109375, 60.15625, 59.6875, 90.9375, 84.125, 91.5625, 32.5625, 89.1875, 70.375], [104.125, 0.0, 176.125, 15.8125, 31.40625, 70.5625, 52.5, 78.875, 145.0, 118.9375, 179.375, 198.5, 27.859375, 68.0, 114.0625, 108.25, 217.125, 202.25, 55.21875, 76.9375, 180.625, 53.0, 53.8125, 136.0, 122.3125, 150.0, 73.375, 78.1875, 117.875, 138.625, 13.9296875, 178.125, 65.1875, 114.0, 186.125, 54.15625, 132.0, 83.625, 64.125, 122.3125, 96.4375, 177.375, 196.0, 206.5, 122.0, 132.375, 157.875, 84.3125, 59.5625, 131.625, 109.5625, 100.125, 117.3125, 160.125, 160.25, 107.5625, 89.875, 182.625, 122.3125, 192.875, 150.375], [98.9375, 176.125, 0.0, 179.625, 151.625, 115.625, 179.875, 101.8125, 185.125, 91.5625, 54.65625, 157.5, 151.125, 208.375, 76.5625, 83.1875, 82.3125, 79.1875, 120.9375, 106.0, 165.125, 143.375, 181.625, 62.125, 106.0625, 127.6875, 217.75, 128.5, 65.9375, 48.84375, 163.375, 88.5, 142.75, 155.625, 197.375, 139.75, 123.25, 190.0, 172.375, 60.53125, 100.5625, 115.375, 185.125, 195.0, 103.0625, 194.25, 20.25, 209.625, 182.0, 47.40625, 136.875, 122.375, 87.9375, 58.53125, 110.6875, 86.0, 183.0, 30.0, 66.5, 84.1875, 28.796875], [100.25, 15.8125, 179.625, 0.0, 44.1875, 68.5, 37.4375, 79.3125, 131.625, 115.0625, 178.125, 189.0, 28.59375, 52.40625, 122.4375, 106.75, 214.75, 199.5, 59.375, 85.75, 170.0, 66.625, 38.59375, 144.125, 134.25, 141.625, 58.25, 71.3125, 118.4375, 145.375, 26.3125, 173.875, 56.5625, 102.4375, 173.25, 48.09375, 123.9375, 68.4375, 50.15625, 123.25, 106.875, 170.625, 184.375, 194.625, 116.375, 118.125, 160.75, 68.5, 44.40625, 137.0, 100.0, 92.75, 114.0625, 158.5, 153.625, 116.75, 75.3125, 183.625, 122.0, 189.375, 152.75], [95.0, 31.40625, 151.625, 44.1875, 0.0, 61.28125, 73.8125, 63.625, 156.25, 109.0625, 162.5, 198.125, 29.703125, 95.3125, 84.625, 94.1875, 201.5, 187.75, 36.5, 47.8125, 183.75, 22.5625, 75.5625, 106.5625, 90.9375, 148.25, 102.0, 77.5, 99.625, 110.75, 18.0, 167.125, 70.0, 121.4375, 194.875, 55.9375, 130.25, 103.75, 81.1875, 103.25, 65.5625, 171.25, 201.125, 212.25, 115.375, 147.125, 134.75, 109.375, 80.625, 105.4375, 112.1875, 98.5, 106.25, 144.375, 154.375, 77.4375, 107.1875, 162.0, 105.375, 180.0, 127.9375], [34.25, 70.5625, 115.625, 68.5, 61.28125, 0.0, 64.5, 15.1328125, 107.625, 48.84375, 109.625, 137.625, 42.71875, 93.25, 78.4375, 38.28125, 146.75, 131.75, 27.734375, 54.40625, 125.25, 71.6875, 66.3125, 96.0625, 107.3125, 87.625, 102.5625, 23.328125, 51.09375, 91.5625, 62.15625, 107.9375, 30.015625, 70.4375, 141.25, 24.1875, 69.875, 80.0625, 59.03125, 56.21875, 76.5625, 110.0625, 143.875, 155.25, 54.09375, 105.125, 95.6875, 96.875, 67.375, 79.625, 56.09375, 39.4375, 46.84375, 90.0625, 93.125, 77.8125, 76.4375, 115.9375, 53.8125, 122.375, 87.375], [87.0, 52.5, 179.875, 37.4375, 73.8125, 64.5, 0.0, 79.125, 95.625, 100.5, 166.875, 159.25, 46.1875, 28.796875, 136.5, 98.8125, 200.25, 184.25, 71.0, 103.1875, 138.0, 95.75, 2.0, 156.5, 156.5, 115.125, 38.09375, 54.4375, 114.375, 154.25, 58.59375, 155.625, 38.28125, 70.125, 137.75, 40.5, 98.8125, 31.140625, 15.03125, 119.6875, 126.5, 147.125, 150.625, 160.375, 97.625, 80.9375, 159.75, 36.6875, 7.0703125, 143.25, 72.75, 71.5625, 101.125, 147.125, 130.625, 133.0, 38.0, 177.625, 115.6875, 172.5, 151.375], [33.84375, 78.875, 101.8125, 79.3125, 63.625, 15.1328125, 79.125, 0.0, 118.75, 46.375, 100.625, 140.75, 51.625, 107.9375, 64.3125, 30.59375, 138.875, 124.625, 27.171875, 44.6875, 130.875, 69.25, 81.0, 81.25, 95.1875, 91.25, 117.1875, 36.40625, 39.21875, 76.4375, 68.5625, 103.5, 45.09375, 81.625, 149.875, 38.625, 74.4375, 95.125, 74.125, 43.9375, 65.0, 109.5, 150.375, 161.875, 55.03125, 117.9375, 82.1875, 112.0, 82.25, 64.5625, 65.4375, 47.4375, 43.03125, 81.6875, 93.1875, 64.5, 91.1875, 104.375, 43.40625, 116.5, 74.0], [94.5625, 145.0, 185.125, 131.625, 156.25, 107.625, 95.625, 118.75, 0.0, 95.6875, 145.5, 80.4375, 127.0, 102.0, 181.125, 111.3125, 163.0, 147.625, 133.0, 162.0, 54.375, 173.75, 95.0625, 194.125, 213.875, 62.65625, 107.375, 84.5, 128.375, 184.75, 146.5, 116.6875, 86.6875, 37.1875, 42.4375, 100.875, 62.0, 69.1875, 81.625, 132.625, 183.625, 93.0625, 59.21875, 67.1875, 82.875, 21.03125, 166.625, 85.5625, 89.5, 170.5, 54.125, 72.4375, 100.25, 130.5, 84.4375, 182.75, 58.6875, 167.75, 123.75, 133.75, 159.0], [14.8671875, 118.9375, 91.5625, 115.0625, 109.0625, 48.84375, 100.5, 46.375, 95.6875, 0.0, 66.5, 96.75, 91.1875, 126.8125, 92.6875, 20.0, 100.375, 84.75, 73.0625, 87.3125, 91.25, 115.5625, 101.875, 101.375, 129.5, 49.53125, 136.125, 46.21875, 33.53125, 90.375, 111.0, 59.1875, 62.625, 64.125, 116.625, 67.0625, 36.71875, 102.5625, 89.25, 37.34375, 102.875, 63.15625, 111.8125, 123.0625, 13.4140625, 103.0, 72.0625, 123.6875, 100.4375, 76.0625, 45.28125, 32.1875, 5.0, 46.875, 47.125, 97.0, 93.9375, 80.5, 28.15625, 74.3125, 64.0], [80.0, 179.375, 54.65625, 178.125, 162.5, 109.625, 166.875, 100.625, 145.5, 66.5, 0.0, 104.5625, 151.75, 193.375, 109.6875, 71.375, 39.46875, 28.640625, 126.625, 125.8125, 115.5625, 161.75, 168.25, 104.1875, 146.0, 83.5, 202.625, 112.4375, 62.9375, 89.3125, 169.125, 35.125, 128.75, 123.1875, 149.75, 131.375, 85.375, 168.125, 155.75, 59.65625, 130.25, 63.3125, 134.625, 143.625, 72.375, 158.75, 47.875, 189.625, 167.0, 79.5625, 106.5, 97.8125, 65.8125, 19.84375, 63.0, 118.0625, 158.625, 26.40625, 57.375, 29.828125, 47.4375], [107.0, 198.5, 157.5, 189.0, 198.125, 137.625, 159.25, 140.75, 80.4375, 96.75, 104.5625, 0.0, 173.625, 174.5, 187.25, 116.625, 103.0, 91.6875, 165.125, 183.75, 26.25, 209.0, 159.5, 191.625, 225.0, 50.0, 181.5, 121.5, 126.0625, 178.25, 194.875, 69.4375, 133.25, 89.4375, 57.28125, 145.125, 67.9375, 141.125, 144.25, 127.6875, 199.5, 42.1875, 34.9375, 41.0, 85.9375, 101.25, 144.75, 161.0, 155.0, 164.75, 89.0625, 99.8125, 101.375, 99.875, 51.75, 192.625, 129.375, 130.875, 118.6875, 79.625, 140.0], [76.375, 27.859375, 151.125, 28.59375, 29.703125, 42.71875, 46.1875, 51.625, 127.0, 91.1875, 151.75, 173.625, 0.0, 71.125, 95.3125, 80.5, 189.25, 174.375, 30.890625, 59.53125, 157.375, 50.25, 48.09375, 116.6875, 111.3125, 124.375, 79.0, 52.25, 90.8125, 117.1875, 21.21875, 150.375, 41.78125, 93.0625, 166.375, 28.640625, 106.3125, 74.8125, 51.875, 95.4375, 82.0625, 150.5, 174.0, 184.75, 94.75, 117.5, 132.25, 82.6875, 52.5625, 108.5625, 85.625, 74.1875, 89.5, 132.375, 133.375, 90.4375, 77.625, 155.875, 94.875, 165.125, 124.4375], [114.0, 68.0, 208.375, 52.40625, 95.3125, 93.25, 28.796875, 107.9375, 102.0, 126.8125, 193.375, 174.5, 71.125, 0.0, 164.375, 126.75, 225.25, 209.0, 98.625, 130.0, 151.0, 117.875, 26.921875, 184.75, 182.375, 134.625, 9.4375, 81.625, 142.75, 182.875, 78.125, 179.5, 66.0625, 85.8125, 144.125, 69.3125, 119.875, 33.53125, 37.53125, 148.125, 153.0, 168.0, 160.5, 169.125, 122.4375, 83.375, 188.25, 19.234375, 26.625, 172.0, 93.5, 96.1875, 127.9375, 173.625, 152.375, 160.5, 45.125, 205.25, 143.75, 196.75, 179.875], [87.9375, 114.0625, 76.5625, 122.4375, 84.625, 78.4375, 136.5, 64.3125, 181.125, 92.6875, 109.6875, 187.25, 95.3125, 164.375, 0.0, 73.125, 147.625, 138.25, 65.75, 37.125, 183.875, 70.75, 138.5, 21.953125, 38.09375, 142.125, 173.0, 100.6875, 61.21875, 28.65625, 100.1875, 130.75, 107.9375, 144.625, 208.25, 98.0625, 128.75, 157.5, 135.0, 59.90625, 24.171875, 148.375, 204.5, 215.75, 105.625, 181.875, 66.125, 172.0, 141.125, 31.015625, 127.0, 108.6875, 87.75, 98.375, 135.625, 9.484375, 154.75, 97.125, 68.625, 136.375, 63.125], [17.125, 108.25, 83.1875, 106.75, 94.1875, 38.28125, 98.8125, 30.59375, 111.3125, 20.0, 71.375, 116.625, 80.5, 126.75, 73.125, 0.0, 108.875, 94.25, 57.71875, 68.0, 111.0625, 98.25, 100.4375, 83.1875, 109.6875, 69.4375, 136.25, 45.625, 18.03125, 73.375, 98.6875, 73.125, 60.75, 76.9375, 135.375, 60.8125, 55.59375, 106.875, 89.9375, 23.1875, 82.9375, 81.625, 131.5, 142.875, 32.5625, 116.0, 62.9375, 126.6875, 100.1875, 59.1875, 58.0625, 41.0625, 15.265625, 51.875, 66.3125, 77.125, 99.9375, 78.875, 17.0, 85.9375, 54.40625], [114.9375, 217.125, 82.3125, 214.75, 201.5, 146.75, 200.25, 138.875, 163.0, 100.375, 39.46875, 103.0, 189.25, 225.25, 147.625, 108.875, 0.0, 16.28125, 165.375, 165.25, 121.625, 201.25, 201.5, 139.75, 182.875, 101.125, 234.25, 146.5, 102.125, 124.9375, 207.375, 47.4375, 162.875, 148.0, 156.875, 167.25, 109.1875, 197.375, 188.0, 99.0625, 169.0, 70.5, 137.25, 144.0, 102.8125, 179.375, 82.75, 219.25, 199.5, 116.8125, 133.875, 129.125, 100.875, 57.25, 79.25, 156.375, 187.0, 53.15625, 96.1875, 29.6875, 84.5], [99.375, 202.25, 79.1875, 199.5, 187.75, 131.75, 184.25, 124.625, 147.625, 84.75, 28.640625, 91.6875, 174.375, 209.0, 138.25, 94.25, 16.28125, 0.0, 151.375, 153.25, 108.375, 188.5, 185.375, 132.5, 174.625, 85.4375, 218.125, 130.625, 88.9375, 117.625, 192.875, 31.390625, 147.0, 131.875, 143.625, 151.75, 93.0, 181.125, 171.875, 86.375, 158.75, 56.09375, 125.0625, 132.5, 86.6875, 163.625, 75.75, 203.0, 183.375, 108.1875, 117.5625, 112.9375, 85.4375, 43.5625, 63.5, 146.625, 170.75, 49.21875, 82.5625, 13.9296875, 75.9375], [59.53125, 55.21875, 120.9375, 59.375, 36.5, 27.734375, 71.0, 27.171875, 133.0, 73.0625, 126.625, 165.125, 30.890625, 98.625, 65.75, 57.71875, 165.375, 151.375, 0.0, 32.75, 153.0, 44.0, 73.0, 86.5625, 87.0625, 115.125, 107.1875, 48.90625, 63.96875, 86.375, 43.28125, 130.625, 48.375, 96.1875, 168.25, 35.46875, 97.5, 94.625, 71.375, 68.0, 56.28125, 135.875, 171.5, 182.875, 80.4375, 128.125, 102.625, 107.1875, 76.125, 77.6875, 83.25, 67.125, 70.0, 108.1875, 119.1875, 62.0, 94.0, 127.875, 69.3125, 143.5, 95.125], [77.1875, 76.9375, 106.0, 85.75, 47.8125, 54.40625, 103.1875, 44.6875, 162.0, 87.3125, 125.8125, 183.75, 59.53125, 130.0, 37.125, 68.0, 165.25, 153.25, 32.75, 0.0, 175.375, 37.5625, 105.1875, 59.0625, 54.40625, 135.0, 138.25, 77.6875, 65.1875, 63.03125, 63.0625, 138.25, 80.25, 124.8125, 194.5, 68.0, 118.6875, 127.375, 104.125, 67.0, 23.53125, 149.625, 195.0, 206.375, 98.0, 159.0, 90.875, 139.625, 108.5625, 58.8125, 109.6875, 91.9375, 83.0, 110.0, 134.25, 31.046875, 126.5, 120.1875, 72.4375, 148.125, 85.125], [98.4375, 180.625, 165.125, 170.0, 183.75, 125.25, 138.0, 130.875, 54.375, 91.25, 115.5625, 26.25, 157.375, 151.0, 183.875, 111.0625, 121.625, 108.375, 153.0, 175.375, 0.0, 196.875, 138.125, 191.25, 220.75, 41.78125, 157.625, 106.3125, 123.5625, 178.875, 178.5, 81.3125, 115.9375, 68.0, 35.21875, 128.875, 56.625, 117.5, 123.0, 126.1875, 193.25, 53.03125, 20.8125, 31.890625, 78.5625, 75.3125, 150.0, 136.625, 133.25, 164.875, 71.8125, 85.9375, 96.1875, 106.5625, 54.4375, 188.125, 105.875, 141.25, 116.8125, 95.0625, 144.0], [102.8125, 53.0, 143.375, 66.625, 22.5625, 71.6875, 95.75, 69.25, 173.75, 115.5625, 161.75, 209.0, 50.25, 117.875, 70.75, 98.25, 201.25, 188.5, 44.0, 37.5625, 196.875, 0.0, 97.5625, 92.0, 70.3125, 159.125, 124.5625, 91.5625, 99.625, 98.6875, 40.3125, 171.0, 87.125, 137.75, 210.75, 72.9375, 141.5, 125.0625, 102.0625, 102.25, 48.59375, 178.75, 215.125, 226.375, 123.9375, 166.25, 128.5, 131.625, 102.4375, 96.0625, 126.375, 110.9375, 112.0, 145.0, 162.375, 62.28125, 127.625, 157.5, 106.3125, 182.375, 122.5625], [88.4375, 53.8125, 181.625, 38.59375, 75.5625, 66.3125, 2.0, 81.0, 95.0625, 101.875, 168.25, 159.5, 48.09375, 26.921875, 138.5, 100.4375, 201.5, 185.375, 73.0, 105.1875, 138.125, 97.5625, 0.0, 158.5, 158.5, 115.75, 36.25, 55.90625, 116.125, 156.25, 60.21875, 156.75, 39.8125, 70.25, 137.375, 42.375, 99.5625, 29.828125, 15.296875, 121.4375, 128.5, 147.875, 150.5, 160.125, 98.8125, 80.125, 161.5, 34.71875, 5.83203125, 145.25, 73.375, 72.6875, 102.5625, 148.5, 131.5, 135.0, 37.15625, 179.25, 117.3125, 173.625, 153.125], [99.5625, 136.0, 62.125, 144.125, 106.5625, 96.0625, 156.5, 81.25, 194.125, 101.375, 104.1875, 191.625, 116.6875, 184.75, 21.953125, 83.1875, 139.75, 132.5, 86.5625, 59.0625, 191.25, 92.0, 158.5, 0.0, 44.0, 149.625, 193.625, 117.125, 67.9375, 14.8671875, 122.125, 130.125, 126.0625, 158.5, 218.0, 117.25, 138.0, 176.0, 154.125, 65.0, 43.9375, 151.0, 212.0, 223.0, 114.75, 196.75, 57.0, 191.625, 160.875, 26.90625, 140.125, 122.0625, 96.375, 96.5625, 140.0, 29.734375, 172.375, 87.125, 74.375, 132.875, 56.875], [123.25, 122.3125, 106.0625, 134.25, 90.9375, 107.3125, 156.5, 95.1875, 213.875, 129.5, 146.0, 225.0, 111.3125, 182.375, 38.09375, 109.6875, 182.875, 174.625, 87.0625, 54.40625, 220.75, 70.3125, 158.5, 44.0, 0.0, 179.125, 190.125, 130.625, 99.0625, 58.21875, 108.75, 168.625, 134.5, 176.875, 243.5, 122.4375, 164.75, 181.625, 158.375, 97.9375, 31.015625, 186.5, 241.125, 252.5, 142.125, 212.375, 100.125, 193.25, 162.25, 66.5, 160.375, 142.0, 124.625, 135.875, 173.5, 32.5625, 180.875, 130.75, 106.5, 173.625, 98.6875], [57.8125, 150.0, 127.6875, 141.625, 148.25, 87.625, 115.125, 91.25, 62.65625, 49.53125, 83.5, 50.0, 124.375, 134.625, 142.125, 69.4375, 101.125, 85.4375, 115.125, 135.0, 41.78125, 159.125, 115.75, 149.625, 179.125, 0.0, 142.75, 72.1875, 81.8125, 137.625, 145.625, 54.21875, 85.125, 50.0, 70.25, 96.0625, 18.109375, 102.9375, 100.5625, 84.625, 152.0, 34.0625, 62.46875, 73.6875, 37.1875, 78.3125, 111.0, 124.5625, 112.0, 123.4375, 42.4375, 50.25, 54.4375, 70.25, 21.9375, 146.5, 91.5, 107.0, 75.1875, 71.5625, 104.375], [123.375, 73.375, 217.75, 58.25, 102.0, 102.5625, 38.09375, 117.1875, 107.375, 136.125, 202.625, 181.5, 79.0, 9.4375, 173.0, 136.25, 234.25, 218.125, 107.1875, 138.25, 157.625, 124.5625, 36.25, 193.625, 190.125, 142.75, 0.0, 91.0, 152.25, 191.875, 84.375, 188.375, 75.5, 93.5, 149.0, 78.5625, 128.375, 40.5, 46.875, 157.5, 161.0, 176.25, 166.375, 174.5, 131.5, 88.0, 197.75, 22.015625, 36.0625, 181.25, 102.0625, 105.375, 137.25, 183.0, 160.875, 168.875, 52.1875, 214.75, 153.125, 205.75, 189.25], [32.5625, 78.1875, 128.5, 71.3125, 77.5, 23.328125, 54.4375, 36.40625, 84.5, 46.21875, 112.4375, 121.5, 52.25, 81.625, 100.6875, 45.625, 146.5, 130.625, 48.90625, 77.6875, 106.3125, 91.5625, 55.90625, 117.125, 130.625, 72.1875, 91.0, 0.0, 62.625, 111.0, 73.4375, 103.3125, 16.40625, 47.4375, 119.375, 24.015625, 54.09375, 61.84375, 44.40625, 68.0, 99.875, 99.4375, 123.9375, 135.0, 45.3125, 81.875, 108.25, 81.125, 55.0, 98.0625, 34.875, 22.0, 46.65625, 92.625, 82.375, 100.6875, 56.15625, 123.6875, 62.625, 119.5625, 99.75], [35.0, 117.875, 65.9375, 118.4375, 99.625, 51.09375, 114.375, 39.21875, 128.375, 33.53125, 62.9375, 126.0625, 90.8125, 142.75, 61.21875, 18.03125, 102.125, 88.9375, 63.96875, 65.1875, 123.5625, 99.625, 116.125, 67.9375, 99.0625, 81.8125, 152.25, 62.625, 0.0, 56.875, 106.9375, 73.375, 76.9375, 94.625, 150.125, 75.0, 70.25, 124.3125, 106.5, 5.38671875, 75.375, 87.6875, 144.25, 155.5, 46.96875, 133.75, 45.6875, 143.75, 116.3125, 42.53125, 75.6875, 59.0, 28.640625, 45.40625, 74.375, 66.875, 117.6875, 65.1875, 7.6171875, 83.0, 37.15625], [90.25, 138.625, 48.84375, 145.375, 110.75, 91.5625, 154.25, 76.4375, 184.75, 90.375, 89.3125, 178.25, 117.1875, 182.875, 28.65625, 73.375, 124.9375, 117.625, 86.375, 63.03125, 178.875, 98.6875, 156.25, 14.8671875, 58.21875, 137.625, 191.875, 111.0, 56.875, 0.0, 125.125, 115.6875, 121.5, 149.875, 206.75, 114.125, 127.0, 171.5, 150.5, 53.25, 52.78125, 137.25, 199.75, 210.625, 103.8125, 188.625, 42.1875, 188.25, 158.125, 14.3203125, 131.25, 113.5625, 85.5, 82.125, 126.875, 38.0, 167.0, 72.5625, 62.65625, 118.0625, 42.0625], [96.3125, 13.9296875, 163.375, 26.3125, 18.0, 62.15625, 58.59375, 68.5625, 146.5, 111.0, 169.125, 194.875, 21.21875, 78.125, 100.1875, 98.6875, 207.375, 192.875, 43.28125, 63.0625, 178.5, 40.3125, 60.21875, 122.125, 108.75, 145.625, 84.375, 73.4375, 106.9375, 125.125, 0.0, 170.125, 62.65625, 113.4375, 186.5, 49.8125, 127.5, 89.375, 67.9375, 111.125, 82.5625, 171.25, 194.75, 205.625, 115.375, 135.625, 145.625, 93.0, 65.625, 118.4375, 106.75, 95.3125, 108.9375, 150.25, 154.125, 93.625, 94.125, 171.125, 111.8125, 184.25, 138.25], [74.0625, 178.125, 88.5, 173.875, 167.125, 107.9375, 155.625, 103.5, 116.6875, 59.1875, 35.125, 69.4375, 150.375, 179.5, 130.75, 73.125, 47.4375, 31.390625, 130.625, 138.25, 81.3125, 171.0, 156.75, 130.125, 168.625, 54.21875, 188.375, 103.3125, 73.375, 115.6875, 170.125, 0.0, 119.4375, 100.625, 116.0625, 125.6875, 61.84375, 150.625, 142.625, 72.5625, 148.125, 28.4375, 99.8125, 108.6875, 58.1875, 132.375, 77.8125, 172.5, 154.25, 103.5625, 87.0, 84.0625, 61.1875, 33.59375, 32.3125, 138.0, 140.0, 61.46875, 65.9375, 17.796875, 74.5], [48.78125, 65.1875, 142.75, 56.5625, 70.0, 30.015625, 38.28125, 45.09375, 86.6875, 62.625, 128.75, 133.25, 41.78125, 66.0625, 107.9375, 60.75, 162.875, 147.0, 48.375, 80.25, 115.9375, 87.125, 39.8125, 126.0625, 134.5, 85.125, 75.5, 16.40625, 76.9375, 121.5, 62.65625, 119.4375, 0.0, 51.46875, 124.9375, 14.2109375, 67.375, 50.03125, 29.734375, 82.3125, 103.4375, 114.25, 132.25, 143.0, 61.28125, 80.0, 122.5625, 67.4375, 39.4375, 109.3125, 44.40625, 36.40625, 62.96875, 108.9375, 97.25, 106.5, 46.875, 139.375, 77.6875, 135.875, 114.0625], [59.84375, 114.0, 155.625, 102.4375, 121.4375, 70.4375, 70.125, 81.625, 37.1875, 64.125, 123.1875, 89.4375, 93.0625, 85.8125, 144.625, 76.9375, 148.0, 131.875, 96.1875, 124.8125, 68.0, 137.75, 70.25, 158.5, 176.875, 50.0, 93.5, 47.4375, 94.625, 149.875, 113.4375, 100.625, 51.46875, 0.0, 73.4375, 65.5, 38.84375, 53.25, 55.09375, 99.4375, 146.5, 84.0, 82.0, 92.4375, 52.9375, 39.125, 136.125, 74.625, 65.625, 135.875, 19.03125, 36.40625, 68.0, 105.625, 70.0, 145.875, 41.6875, 142.125, 91.0625, 118.375, 128.0], [120.4375, 186.125, 197.375, 173.25, 194.875, 141.25, 137.75, 149.875, 42.4375, 116.625, 149.75, 57.28125, 166.375, 144.125, 208.25, 135.375, 156.875, 143.625, 168.25, 194.5, 35.21875, 210.75, 137.375, 218.0, 243.5, 70.25, 149.0, 119.375, 150.125, 206.75, 186.5, 116.0625, 124.9375, 73.4375, 0.0, 138.875, 79.9375, 111.5625, 123.5, 153.5, 214.5, 88.0, 24.078125, 27.3125, 103.25, 61.0625, 181.25, 127.0625, 131.75, 192.375, 85.125, 102.5625, 121.5625, 139.25, 87.3125, 211.25, 101.125, 175.0, 144.0, 130.25, 174.625], [52.34375, 54.15625, 139.75, 48.09375, 55.9375, 24.1875, 40.5, 38.625, 100.875, 67.0625, 131.375, 145.125, 28.640625, 69.3125, 98.0625, 60.8125, 167.25, 151.75, 35.46875, 68.0, 128.875, 72.9375, 42.375, 117.25, 122.4375, 96.0625, 78.5625, 24.015625, 75.0, 114.125, 49.8125, 125.6875, 14.2109375, 65.5, 138.875, 0.0, 78.0, 59.6875, 37.0, 80.1875, 91.5, 123.3125, 145.625, 156.5, 68.4375, 93.875, 119.875, 74.3125, 43.9375, 102.875, 57.0, 46.0, 66.375, 111.625, 106.1875, 95.75, 58.53125, 139.5, 77.125, 141.375, 111.5], [41.875, 132.0, 123.25, 123.9375, 130.25, 69.875, 98.8125, 74.4375, 62.0, 36.71875, 85.375, 67.9375, 106.3125, 119.875, 128.75, 55.59375, 109.1875, 93.0, 97.5, 118.6875, 56.625, 141.5, 99.5625, 138.0, 164.75, 18.109375, 128.375, 54.09375, 70.25, 127.0, 127.5, 61.84375, 67.375, 38.84375, 79.9375, 78.0, 0.0, 89.5, 84.5625, 73.8125, 136.75, 48.34375, 76.5625, 87.9375, 23.328125, 73.5, 105.0625, 111.375, 96.1875, 112.6875, 26.421875, 32.125, 41.6875, 69.0625, 32.4375, 132.375, 78.5625, 106.1875, 64.5, 79.625, 97.6875], [91.8125, 83.625, 190.0, 68.4375, 103.75, 80.0625, 31.140625, 95.125, 69.1875, 102.5625, 168.125, 141.125, 74.8125, 33.53125, 157.5, 106.875, 197.375, 181.125, 94.625, 127.375, 117.5, 125.0625, 29.828125, 176.0, 181.625, 102.9375, 40.5, 61.84375, 124.3125, 171.5, 89.375, 150.625, 50.03125, 53.25, 111.5625, 59.6875, 89.5, 0.0, 23.40625, 129.75, 150.875, 136.75, 127.1875, 136.0, 95.8125, 51.9375, 169.875, 21.9375, 24.078125, 159.125, 63.65625, 70.5, 104.6875, 149.0, 121.8125, 155.375, 11.703125, 183.0, 123.6875, 168.25, 161.25], [76.625, 64.125, 172.375, 50.15625, 81.1875, 59.03125, 15.03125, 74.125, 81.625, 89.25, 155.75, 144.25, 51.875, 37.53125, 135.0, 89.9375, 188.0, 171.875, 71.375, 104.125, 123.0, 102.0625, 15.296875, 154.125, 158.375, 100.5625, 46.875, 44.40625, 106.5, 150.5, 67.9375, 142.625, 29.734375, 55.09375, 123.5, 37.0, 84.5625, 23.40625, 0.0, 111.875, 127.6875, 132.875, 135.875, 145.625, 85.125, 68.25, 152.25, 37.84375, 11.6640625, 138.625, 58.3125, 58.90625, 90.4375, 136.125, 116.75, 132.625, 26.171875, 168.125, 106.9375, 159.75, 143.625], [40.0, 122.3125, 60.53125, 123.25, 103.25, 56.21875, 119.6875, 43.9375, 132.625, 37.34375, 59.65625, 127.6875, 95.4375, 148.125, 59.90625, 23.1875, 99.0625, 86.375, 68.0, 67.0, 126.1875, 102.25, 121.4375, 65.0, 97.9375, 84.625, 157.5, 68.0, 5.38671875, 53.25, 111.125, 72.5625, 82.3125, 99.4375, 153.5, 80.1875, 73.8125, 129.75, 111.875, 0.0, 75.5625, 88.5, 147.0, 158.0, 50.6875, 138.5, 40.3125, 149.125, 121.625, 38.9375, 80.375, 64.0, 32.5625, 43.0, 75.9375, 66.1875, 123.0, 60.4375, 9.4375, 81.125, 31.78125], [94.9375, 96.4375, 100.5625, 106.875, 65.5625, 76.5625, 126.5, 65.0, 183.625, 102.875, 130.25, 199.5, 82.0625, 153.0, 24.171875, 82.9375, 169.0, 158.75, 56.28125, 23.53125, 193.25, 48.59375, 128.5, 43.9375, 31.015625, 152.0, 161.0, 99.875, 75.375, 52.78125, 82.5625, 148.125, 103.4375, 146.5, 214.5, 91.5, 136.75, 150.875, 127.6875, 75.5625, 0.0, 162.875, 213.375, 224.75, 114.8125, 181.625, 89.125, 163.0, 132.0, 54.125, 130.375, 112.3125, 98.1875, 117.0625, 148.625, 14.765625, 149.875, 119.9375, 83.0, 155.5, 85.1875], [76.3125, 177.375, 115.375, 170.625, 171.25, 110.0625, 147.125, 109.5, 93.0625, 63.15625, 63.3125, 42.1875, 150.5, 168.0, 148.375, 81.625, 70.5, 56.09375, 135.875, 149.625, 53.03125, 178.75, 147.875, 151.0, 186.5, 34.0625, 176.25, 99.4375, 87.6875, 137.25, 171.25, 28.4375, 114.25, 84.0, 88.0, 123.3125, 48.34375, 136.75, 132.875, 88.5, 162.875, 0.0, 71.375, 80.375, 56.0, 110.6875, 102.625, 158.5, 144.5, 124.0625, 74.6875, 77.875, 66.9375, 57.6875, 17.125, 154.5, 125.4375, 89.5, 80.125, 42.4375, 98.0625], [118.4375, 196.0, 185.125, 184.375, 201.125, 143.875, 150.625, 150.375, 59.21875, 111.8125, 134.625, 34.9375, 174.0, 160.5, 204.5, 131.5, 137.25, 125.0625, 171.5, 195.0, 20.8125, 215.125, 150.5, 212.0, 241.125, 62.46875, 166.375, 123.9375, 144.25, 199.75, 194.75, 99.8125, 132.25, 82.0, 24.078125, 145.625, 76.5625, 127.1875, 135.875, 147.0, 213.375, 71.375, 0.0, 11.3984375, 99.0, 79.8125, 170.375, 144.625, 145.25, 185.625, 89.0625, 104.4375, 116.75, 126.625, 74.75, 208.625, 116.0625, 160.625, 137.625, 112.3125, 164.625], [129.875, 206.5, 195.0, 194.625, 212.25, 155.25, 160.375, 161.875, 67.1875, 123.0625, 143.625, 41.0, 184.75, 169.125, 215.75, 142.875, 144.0, 132.5, 182.875, 206.375, 31.890625, 226.375, 160.125, 223.0, 252.5, 73.6875, 174.5, 135.0, 155.5, 210.625, 205.625, 108.6875, 143.0, 92.4375, 27.3125, 156.5, 87.9375, 136.0, 145.625, 158.0, 224.75, 80.375, 11.3984375, 0.0, 110.3125, 87.125, 180.625, 152.75, 154.875, 196.625, 100.1875, 115.75, 128.0, 136.625, 85.0, 219.875, 125.0625, 169.875, 148.625, 120.1875, 175.0], [21.1875, 122.0, 103.0625, 116.375, 115.375, 54.09375, 97.625, 55.03125, 82.875, 13.4140625, 72.375, 85.9375, 94.75, 122.4375, 105.625, 32.5625, 102.8125, 86.6875, 80.4375, 98.0, 78.5625, 123.9375, 98.8125, 114.75, 142.125, 37.1875, 131.5, 45.3125, 46.96875, 103.8125, 115.375, 58.1875, 61.28125, 52.9375, 103.25, 68.4375, 23.328125, 95.8125, 85.125, 50.6875, 114.8125, 56.0, 99.0, 110.3125, 0.0, 91.25, 84.0625, 117.4375, 96.6875, 89.5, 34.78125, 26.25, 18.359375, 53.65625, 39.0625, 109.625, 86.3125, 89.5, 41.4375, 74.875, 76.25], [98.875, 132.375, 194.25, 118.125, 147.125, 105.125, 80.9375, 117.9375, 21.03125, 103.0, 158.75, 101.25, 117.5, 83.375, 181.875, 116.0, 179.375, 163.625, 128.125, 159.0, 75.3125, 166.25, 80.125, 196.75, 212.375, 78.3125, 88.0, 81.875, 133.75, 188.625, 135.625, 132.375, 80.0, 39.125, 61.0625, 93.875, 73.5, 51.9375, 68.25, 138.5, 181.625, 110.6875, 79.8125, 87.125, 91.25, 0.0, 175.0, 66.0, 74.3125, 174.75, 58.125, 75.125, 107.0, 142.375, 100.1875, 182.375, 42.96875, 179.5, 130.25, 149.875, 167.0], [78.875, 157.875, 20.25, 160.75, 134.75, 95.6875, 159.75, 82.1875, 166.625, 72.0625, 47.875, 144.75, 132.25, 188.25, 66.125, 62.9375, 82.75, 75.75, 102.625, 90.875, 150.0, 128.5, 161.5, 57.0, 100.125, 111.0, 197.75, 108.25, 45.6875, 42.1875, 145.625, 77.8125, 122.5625, 136.125, 181.25, 119.875, 105.0625, 169.875, 152.25, 40.3125, 89.125, 102.625, 170.375, 180.625, 84.0625, 175.0, 0.0, 189.375, 161.875, 35.125, 117.25, 102.4375, 68.25, 45.0, 95.6875, 75.3125, 162.75, 31.015625, 46.3125, 77.375, 8.546875], [112.3125, 84.3125, 209.625, 68.5, 109.375, 96.875, 36.6875, 112.0, 85.5625, 123.6875, 189.625, 161.0, 82.6875, 19.234375, 172.0, 126.6875, 219.25, 203.0, 107.1875, 139.625, 136.625, 131.625, 34.71875, 191.625, 193.25, 124.5625, 22.015625, 81.125, 143.75, 188.25, 93.0, 172.5, 67.4375, 74.625, 127.0625, 74.3125, 111.375, 21.9375, 37.84375, 149.125, 163.0, 158.5, 144.625, 152.75, 117.4375, 66.0, 189.375, 0.0, 31.0625, 176.5, 85.5625, 91.8125, 125.5625, 170.375, 143.625, 169.125, 33.0, 203.75, 143.625, 190.25, 180.875], [87.4375, 59.5625, 182.0, 44.40625, 80.625, 67.375, 7.0703125, 82.25, 89.5, 100.4375, 167.0, 155.0, 52.5625, 26.625, 141.125, 100.1875, 199.5, 183.375, 76.125, 108.5625, 133.25, 102.4375, 5.83203125, 160.875, 162.25, 112.0, 36.0625, 55.0, 116.3125, 158.125, 65.625, 154.25, 39.4375, 65.625, 131.75, 43.9375, 96.1875, 24.078125, 11.6640625, 121.625, 132.0, 144.5, 145.25, 154.875, 96.6875, 74.3125, 161.875, 31.0625, 0.0, 146.75, 69.875, 70.4375, 101.4375, 147.25, 128.375, 138.0, 31.390625, 178.625, 117.125, 171.375, 153.375], [76.1875, 131.625, 47.40625, 137.0, 105.4375, 79.625, 143.25, 64.5625, 170.5, 76.0625, 79.5625, 164.75, 108.5625, 172.0, 31.015625, 59.1875, 116.8125, 108.1875, 77.6875, 58.8125, 164.875, 96.0625, 145.25, 26.90625, 66.5, 123.4375, 181.25, 98.0625, 42.53125, 14.3203125, 118.4375, 103.5625, 109.3125, 135.875, 192.375, 102.875, 112.6875, 159.125, 138.625, 38.9375, 54.125, 124.0625, 185.625, 196.625, 89.5, 174.75, 35.125, 176.5, 146.75, 0.0, 117.125, 99.625, 71.1875, 70.25, 113.1875, 40.1875, 154.25, 66.125, 48.375, 107.3125, 32.375], [41.0, 109.5625, 136.875, 100.0, 112.1875, 56.09375, 72.75, 65.4375, 54.125, 45.28125, 106.5, 89.0625, 85.625, 93.5, 127.0, 58.0625, 133.875, 117.5625, 83.25, 109.6875, 71.8125, 126.375, 73.375, 140.125, 160.375, 42.4375, 102.0625, 34.875, 75.6875, 131.25, 106.75, 87.0, 44.40625, 19.03125, 85.125, 57.0, 26.421875, 63.65625, 58.3125, 80.375, 130.375, 74.6875, 89.0625, 100.1875, 34.78125, 58.125, 117.25, 85.5625, 69.875, 117.125, 0.0, 18.359375, 49.03125, 88.25, 58.84375, 128.75, 53.15625, 124.25, 72.0625, 104.6875, 109.125], [24.0, 100.125, 122.375, 92.75, 98.5, 39.4375, 71.5625, 47.4375, 72.4375, 32.1875, 97.8125, 99.8125, 74.1875, 96.1875, 108.6875, 41.0625, 129.125, 112.9375, 67.125, 91.9375, 85.9375, 110.9375, 72.6875, 122.0625, 142.0, 50.25, 105.375, 22.0, 59.0, 113.5625, 95.3125, 84.0625, 36.40625, 36.40625, 102.5625, 46.0, 32.125, 70.5, 58.90625, 64.0, 112.3125, 77.875, 104.4375, 115.75, 26.25, 75.125, 102.4375, 91.8125, 70.4375, 99.625, 18.359375, 0.0, 34.78125, 78.5, 60.875, 110.4375, 61.75, 112.75, 56.3125, 101.0, 94.0625], [14.2109375, 117.3125, 87.9375, 114.0625, 106.25, 46.84375, 101.125, 43.03125, 100.25, 5.0, 65.8125, 101.375, 89.5, 127.9375, 87.75, 15.265625, 100.875, 85.4375, 70.0, 83.0, 96.1875, 112.0, 102.5625, 96.375, 124.625, 54.4375, 137.25, 46.65625, 28.640625, 85.5, 108.9375, 61.1875, 62.96875, 68.0, 121.5625, 66.375, 41.6875, 104.6875, 90.4375, 32.5625, 98.1875, 66.9375, 116.75, 128.0, 18.359375, 107.0, 68.25, 125.5625, 101.4375, 71.1875, 49.03125, 34.78125, 0.0, 45.96875, 51.25, 92.125, 96.375, 78.3125, 23.53125, 75.625, 60.0625], [60.15625, 160.125, 58.53125, 158.5, 144.375, 90.0625, 147.125, 81.6875, 130.5, 46.875, 19.84375, 99.875, 132.375, 173.625, 98.375, 51.875, 57.25, 43.5625, 108.1875, 110.0, 106.5625, 145.0, 148.5, 96.5625, 135.875, 70.25, 183.0, 92.625, 45.40625, 82.125, 150.25, 33.59375, 108.9375, 105.625, 139.25, 111.625, 69.0625, 149.0, 136.125, 43.0, 117.0625, 57.6875, 126.625, 136.625, 53.65625, 142.375, 45.0, 170.375, 147.25, 70.25, 88.25, 78.5, 45.96875, 0.0, 52.1875, 106.0625, 139.75, 37.21875, 39.0625, 38.46875, 41.03125], [59.6875, 160.25, 110.6875, 153.625, 154.375, 93.125, 130.625, 93.1875, 84.4375, 47.125, 63.0, 51.75, 133.375, 152.375, 135.625, 66.3125, 79.25, 63.5, 119.1875, 134.25, 54.4375, 162.375, 131.5, 140.0, 173.5, 21.9375, 160.875, 82.375, 74.375, 126.875, 154.125, 32.3125, 97.25, 70.0, 87.3125, 106.1875, 32.4375, 121.8125, 116.75, 75.9375, 148.625, 17.125, 74.75, 85.0, 39.0625, 100.1875, 95.6875, 143.625, 128.375, 113.1875, 58.84375, 60.875, 51.25, 52.1875, 0.0, 141.125, 110.75, 87.6875, 67.0, 49.65625, 90.0625], [90.9375, 107.5625, 86.0, 116.75, 77.4375, 77.8125, 133.0, 64.5, 182.75, 97.0, 118.0625, 192.625, 90.4375, 160.5, 9.484375, 77.125, 156.375, 146.625, 62.0, 31.046875, 188.125, 62.28125, 135.0, 29.734375, 32.5625, 146.5, 168.875, 100.6875, 66.875, 38.0, 93.625, 138.0, 106.5, 145.875, 211.25, 95.75, 132.375, 155.375, 132.625, 66.1875, 14.765625, 154.5, 208.625, 219.875, 109.625, 182.375, 75.3125, 169.125, 138.0, 40.1875, 128.75, 110.4375, 92.125, 106.0625, 141.125, 0.0, 153.375, 106.3125, 74.4375, 144.25, 72.0], [84.125, 89.875, 183.0, 75.3125, 107.1875, 76.4375, 38.0, 91.1875, 58.6875, 93.9375, 158.625, 129.375, 77.625, 45.125, 154.75, 99.9375, 187.0, 170.75, 94.0, 126.5, 105.875, 127.625, 37.15625, 172.375, 180.875, 91.5, 52.1875, 56.15625, 117.6875, 167.0, 94.125, 140.0, 46.875, 41.6875, 101.125, 58.53125, 78.5625, 11.703125, 26.171875, 123.0, 149.875, 125.4375, 116.0625, 125.0625, 86.3125, 42.96875, 162.75, 33.0, 31.390625, 154.25, 53.15625, 61.75, 96.375, 139.75, 110.75, 153.375, 0.0, 174.5, 116.5, 157.75, 154.25], [91.5625, 182.625, 30.0, 183.625, 162.0, 115.9375, 177.625, 104.375, 167.75, 80.5, 26.40625, 130.875, 155.875, 205.25, 97.125, 78.875, 53.15625, 49.21875, 127.875, 120.1875, 141.25, 157.5, 179.25, 87.125, 130.75, 107.0, 214.75, 123.6875, 65.1875, 72.5625, 171.125, 61.46875, 139.375, 142.125, 175.0, 139.5, 106.1875, 183.0, 168.125, 60.4375, 119.9375, 89.5, 160.625, 169.875, 89.5, 179.5, 31.015625, 203.75, 178.625, 66.125, 124.25, 112.75, 78.3125, 37.21875, 87.6875, 106.3125, 174.5, 0.0, 62.28125, 54.8125, 35.15625], [32.5625, 122.3125, 66.5, 122.0, 105.375, 53.8125, 115.6875, 43.40625, 123.75, 28.15625, 57.375, 118.6875, 94.875, 143.75, 68.625, 17.0, 96.1875, 82.5625, 69.3125, 72.4375, 116.8125, 106.3125, 117.3125, 74.375, 106.5, 75.1875, 153.125, 62.625, 7.6171875, 62.65625, 111.8125, 65.9375, 77.6875, 91.0625, 144.0, 77.125, 64.5, 123.6875, 106.9375, 9.4375, 83.0, 80.125, 137.625, 148.625, 41.4375, 130.25, 46.3125, 143.625, 117.125, 48.375, 72.0625, 56.3125, 23.53125, 39.0625, 67.0, 74.4375, 116.5, 62.28125, 0.0, 76.0625, 37.84375], [89.1875, 192.875, 84.1875, 189.375, 180.0, 122.375, 172.5, 116.5, 133.75, 74.3125, 29.828125, 79.625, 165.125, 196.75, 136.375, 85.9375, 29.6875, 13.9296875, 143.5, 148.125, 95.0625, 182.375, 173.625, 132.875, 173.625, 71.5625, 205.75, 119.5625, 83.0, 118.0625, 184.25, 17.796875, 135.875, 118.375, 130.25, 141.375, 79.625, 168.25, 159.75, 81.125, 155.5, 42.4375, 112.3125, 120.1875, 74.875, 149.875, 77.375, 190.25, 171.375, 107.3125, 104.6875, 101.0, 75.625, 38.46875, 49.65625, 144.25, 157.75, 54.8125, 76.0625, 0.0, 76.0], [70.375, 150.375, 28.796875, 152.75, 127.9375, 87.375, 151.375, 74.0, 159.0, 64.0, 47.4375, 140.0, 124.4375, 179.875, 63.125, 54.40625, 84.5, 75.9375, 95.125, 85.125, 144.0, 122.5625, 153.125, 56.875, 98.6875, 104.375, 189.25, 99.75, 37.15625, 42.0625, 138.25, 74.5, 114.0625, 128.0, 174.625, 111.5, 97.6875, 161.25, 143.625, 31.78125, 85.1875, 98.0625, 164.625, 175.0, 76.25, 167.0, 8.546875, 180.875, 153.375, 32.375, 109.125, 94.0625, 60.0625, 41.03125, 90.0625, 72.0, 154.25, 35.15625, 37.84375, 76.0, 0.0]], "angleGap": [[0.0, 2.09765625, 0.150390625, 0.3037109375, 0.166015625, 0.52734375, 0.6142578125, 1.634765625, 3.08203125, 2.68359375, 2.4453125, 0.03125, 0.626953125, 1.26171875, 1.736328125, 2.875, 2.919921875, 0.41796875, 0.8271484375, 2.205078125, 0.5185546875, 0.54296875, 1.4619140625, 1.125, 2.333984375, 0.634765625, 0.546875, 1.8251953125, 1.583984375, 0.1162109375, 3.13671875, 0.48828125, 1.455078125, 1.947265625, 0.21484375, 2.158203125, 0.873046875, 0.66015625, 1.87890625, 1.0078125, 2.767578125, 2.150390625, 2.158203125, 2.521484375, 1.419921875, 2.0703125, 0.796875, 0.607421875, 1.615234375, 1.509765625, 1.291015625, 2.73828125, 2.673828125, 2.70703125, 1.162109375, 0.974609375, 2.40625, 2.0390625, 3.01953125, 2.0546875], [2.09765625, 0.0, 2.248046875, 1.794921875, 1.9326171875, 2.625, 1.484375, 2.552734375, 0.982421875, 0.58447265625, 1.7392578125, 2.06640625, 2.724609375, 0.83642578125, 0.362060546875, 0.7763671875, 0.8212890625, 1.6806640625, 1.271484375, 1.9814453125, 1.580078125, 2.640625, 0.63671875, 0.97314453125, 1.8505859375, 2.732421875, 2.64453125, 0.2734375, 0.51416015625, 1.982421875, 1.0380859375, 2.5859375, 2.73046875, 2.236328125, 2.3125, 2.02734375, 2.970703125, 2.7578125, 0.219970703125, 1.08984375, 1.41796875, 2.03515625, 2.029296875, 1.662109375, 2.765625, 0.0277099609375, 2.89453125, 2.705078125, 0.483642578125, 2.67578125, 2.896484375, 0.64013671875, 0.57568359375, 1.4775390625, 0.93701171875, 3.072265625, 0.306640625, 0.0596923828125, 0.921875, 0.0447998046875], [0.150390625, 2.248046875, 0.0, 0.4541015625, 0.31640625, 0.376953125, 0.7646484375, 1.482421875, 3.052734375, 2.833984375, 2.294921875, 0.181640625, 0.4765625, 1.412109375, 1.88671875, 3.025390625, 3.0703125, 0.568359375, 0.9775390625, 2.052734375, 0.6689453125, 0.392578125, 1.6123046875, 1.275390625, 2.181640625, 0.484375, 0.396484375, 1.9755859375, 1.734375, 0.2666015625, 2.99609375, 0.337890625, 1.306640625, 1.798828125, 0.064453125, 2.009765625, 0.72265625, 0.509765625, 2.029296875, 1.158203125, 2.615234375, 2.001953125, 2.005859375, 2.373046875, 1.267578125, 2.220703125, 0.646484375, 0.45703125, 1.765625, 1.361328125, 1.138671875, 2.888671875, 2.82421875, 2.556640625, 1.3125, 0.82421875, 2.5546875, 2.189453125, 3.111328125, 2.203125], [0.3037109375, 1.794921875, 0.4541015625, 0.0, 0.1376953125, 0.8310546875, 0.310546875, 1.935546875, 2.77734375, 2.37890625, 2.748046875, 0.2724609375, 0.9306640625, 0.95849609375, 1.4326171875, 2.5703125, 2.6171875, 0.1142578125, 0.5234375, 2.505859375, 0.21484375, 0.8466796875, 1.158203125, 0.82177734375, 2.638671875, 0.9384765625, 0.8505859375, 1.521484375, 1.2802734375, 0.1875, 2.83203125, 0.7919921875, 1.759765625, 2.251953125, 0.5185546875, 2.462890625, 1.1767578125, 0.9638671875, 1.5751953125, 0.70458984375, 3.0703125, 2.455078125, 2.458984375, 2.826171875, 1.724609375, 1.767578125, 1.1005859375, 0.9111328125, 1.3115234375, 1.814453125, 1.591796875, 2.435546875, 2.37109375, 3.009765625, 0.85791015625, 1.2783203125, 2.1015625, 1.7353515625, 2.716796875, 1.75], [0.166015625, 1.9326171875, 0.31640625, 0.1376953125, 0.0, 0.693359375, 0.4482421875, 1.798828125, 2.9140625, 2.517578125, 2.611328125, 0.134765625, 0.79296875, 1.095703125, 1.5703125, 2.708984375, 2.75390625, 0.251953125, 0.6611328125, 2.369140625, 0.3525390625, 0.708984375, 1.2958984375, 0.95947265625, 2.5, 0.80078125, 0.712890625, 1.6591796875, 1.41796875, 0.0498046875, 2.970703125, 0.654296875, 1.619140625, 2.115234375, 0.380859375, 2.32421875, 1.0390625, 0.826171875, 1.712890625, 0.84228515625, 2.931640625, 2.31640625, 2.322265625, 2.689453125, 1.587890625, 1.904296875, 0.962890625, 0.7734375, 1.44921875, 1.673828125, 1.455078125, 2.572265625, 2.5078125, 2.873046875, 0.99560546875, 1.140625, 2.23828125, 1.873046875, 2.85546875, 1.8876953125], [0.52734375, 2.625, 0.376953125, 0.8310546875, 0.693359375, 0.0, 1.1416015625, 1.103515625, 2.673828125, 3.072265625, 1.916015625, 0.55859375, 0.099609375, 1.7890625, 2.263671875, 2.880859375, 2.8359375, 0.9453125, 1.3544921875, 1.673828125, 1.0458984375, 0.015625, 1.9892578125, 1.65234375, 1.806640625, 0.107421875, 0.01953125, 2.3515625, 2.111328125, 0.6435546875, 2.619140625, 0.0390625, 0.927734375, 1.423828125, 0.3125, 1.630859375, 0.345703125, 0.1328125, 2.40625, 1.53515625, 2.240234375, 1.623046875, 1.626953125, 1.994140625, 0.892578125, 2.59765625, 0.26953125, 0.080078125, 2.142578125, 0.982421875, 0.759765625, 3.017578125, 3.08203125, 2.181640625, 1.689453125, 0.447265625, 2.93359375, 2.56640625, 2.736328125, 2.58203125], [0.6142578125, 1.484375, 0.7646484375, 0.310546875, 0.4482421875, 1.1416015625, 0.0, 2.248046875, 2.466796875, 2.068359375, 3.060546875, 0.5830078125, 1.2412109375, 0.64794921875, 1.1220703125, 2.26171875, 2.3046875, 0.1962890625, 0.212890625, 2.818359375, 0.095703125, 1.1572265625, 0.84765625, 0.51123046875, 2.947265625, 1.2490234375, 1.1611328125, 1.2109375, 0.9697265625, 0.498046875, 2.5234375, 1.1025390625, 2.068359375, 2.564453125, 0.8291015625, 2.771484375, 1.4873046875, 1.2744140625, 1.2646484375, 0.39404296875, 2.90234375, 2.763671875, 2.771484375, 3.13671875, 2.033203125, 1.45703125, 1.4111328125, 1.2216796875, 1.0009765625, 2.123046875, 1.904296875, 2.125, 2.060546875, 2.9609375, 0.54736328125, 1.5888671875, 1.791015625, 1.4248046875, 2.40625, 1.439453125], [1.634765625, 2.552734375, 1.482421875, 1.935546875, 1.798828125, 1.103515625, 2.248046875, 0.0, 1.5693359375, 1.966796875, 0.8125, 1.666015625, 1.005859375, 2.89453125, 2.9140625, 1.775390625, 1.73046875, 2.048828125, 2.458984375, 0.5703125, 2.150390625, 1.087890625, 3.095703125, 2.7578125, 0.701171875, 0.998046875, 1.087890625, 2.826171875, 3.06640625, 1.748046875, 1.513671875, 1.142578125, 0.177734375, 0.31640625, 1.416015625, 0.525390625, 0.759765625, 0.970703125, 2.771484375, 2.640625, 1.1337890625, 0.517578125, 0.5234375, 0.8896484375, 0.212890625, 2.580078125, 0.837890625, 1.025390625, 3.03515625, 0.123046875, 0.34375, 1.912109375, 1.9765625, 1.07421875, 2.794921875, 0.658203125, 2.24609375, 2.611328125, 1.6298828125, 2.59765625], [3.08203125, 0.982421875, 3.052734375, 2.77734375, 2.9140625, 2.673828125, 2.466796875, 1.5693359375, 0.0, 0.39794921875, 0.7568359375, 3.05078125, 2.576171875, 1.818359375, 1.3447265625, 0.2060546875, 0.1611328125, 2.6640625, 2.25390625, 0.9990234375, 2.5625, 2.658203125, 1.619140625, 1.955078125, 0.8681640625, 2.568359375, 2.654296875, 1.255859375, 1.4970703125, 2.96484375, 0.0556640625, 2.712890625, 1.7470703125, 1.2529296875, 2.986328125, 1.0439453125, 2.330078125, 2.541015625, 1.2021484375, 2.072265625, 0.435546875, 1.0517578125, 1.0458984375, 0.6796875, 1.7822265625, 1.009765625, 2.404296875, 2.595703125, 1.4658203125, 1.6923828125, 1.9130859375, 0.34228515625, 0.40673828125, 0.4951171875, 1.919921875, 2.228515625, 0.67578125, 1.0419921875, 0.060546875, 1.02734375], [2.68359375, 0.58447265625, 2.833984375, 2.37890625, 2.517578125, 3.072265625, 2.068359375, 1.966796875, 0.39794921875, 0.0, 1.154296875, 2.65234375, 2.97265625, 1.4208984375, 0.94677734375, 0.19189453125, 0.23681640625, 2.265625, 1.85546875, 1.396484375, 2.1640625, 3.056640625, 1.220703125, 1.5576171875, 1.265625, 2.96484375, 3.052734375, 0.8583984375, 1.0986328125, 2.56640625, 0.45361328125, 3.111328125, 2.14453125, 1.650390625, 2.8984375, 1.44140625, 2.7265625, 2.939453125, 0.8046875, 1.6748046875, 0.83349609375, 1.44921875, 1.443359375, 1.078125, 2.1796875, 0.6123046875, 2.802734375, 2.9921875, 1.068359375, 2.08984375, 2.310546875, 0.0556640625, 0.0087890625, 0.89306640625, 1.521484375, 2.625, 0.27783203125, 0.64453125, 0.33740234375, 0.62939453125], [2.4453125, 1.7392578125, 2.294921875, 2.748046875, 2.611328125, 1.916015625, 3.060546875, 0.8125, 0.7568359375, 1.154296875, 0.0, 2.4765625, 1.818359375, 2.576171875, 2.1015625, 0.962890625, 0.91796875, 2.86328125, 3.01171875, 0.2421875, 2.962890625, 1.900390625, 2.375, 2.712890625, 0.111328125, 1.810546875, 1.900390625, 2.013671875, 2.25390625, 2.560546875, 0.701171875, 1.955078125, 0.990234375, 0.49609375, 2.228515625, 0.287109375, 1.572265625, 1.783203125, 1.958984375, 2.830078125, 0.32128