{"name": "LZB_n160_11", "n": 160, "m": 20, "times": [[0.0, 50.6875, 100.0, 93.4375, 44.40625, 87.6875, 110.375, 117.0, 37.46875, 54.15625, 19.109375, 13.0, 92.0, 74.4375, 79.0625, 42.71875, 64.5625, 77.125, 57.3125, 66.3125, 98.25, 99.375, 100.6875, 83.75, 126.0625, 97.0625, 93.625, 54.21875, 31.234375, 111.4375, 96.1875, 66.1875, 88.0, 50.21875, 85.8125, 61.84375, 81.25, 78.5625, 70.3125, 78.9375, 102.375, 66.75, 72.25, 91.5625, 93.125, 39.625, 63.96875, 52.8125, 45.40625, 99.25, 52.8125, 37.53125, 48.28125, 93.5, 69.125, 83.0, 90.875, 101.875, 60.75, 18.03125, 98.8125, 41.125, 98.5, 89.8125, 91.8125, 98.375, 70.8125, 57.71875, 66.375, 10.1953125, 43.9375, 64.0, 98.25, 60.625, 66.5625, 100.5, 100.25, 29.0625, 72.875, 80.75, 66.0, 114.625, 89.625, 51.90625, 71.8125, 98.0625, 52.8125, 71.0, 77.625, 81.125, 116.125, 128.125, 67.25, 52.9375, 101.5625, 89.5, 95.875, 83.0, 95.4375, 97.9375, 17.125, 99.0625, 70.3125, 94.875, 112.75, 117.125, 73.25, 58.0625, 87.25, 70.0, 91.375, 88.0625, 75.25, 50.34375, 57.3125, 99.9375, 87.0, 89.4375, 64.625, 43.0, 97.75, 108.875, 98.5, 117.1875, 64.0625, 68.9375, 32.0625, 34.25, 79.625, 92.6875, 69.5625, 86.1875, 63.40625, 75.0, 96.4375, 92.0, 108.4375, 55.0, 93.0625, 58.0625, 116.5, 75.3125, 80.25, 116.1875, 109.3125, 89.5625, 42.1875, 127.9375, 106.9375, 93.875, 60.09375, 59.90625, 81.0, 66.75, 36.125, 75.4375, 83.1875, 97.0, 98.375, 34.0625, 32.1875], [50.6875, 0.0, 133.5, 87.375, 88.25, 40.3125, 157.0, 144.25, 86.3125, 67.0, 67.625, 44.0, 141.375, 111.0, 57.875, 67.125, 98.6875, 105.1875, 104.8125, 85.9375, 76.5625, 142.5, 55.59375, 43.65625, 155.75, 132.0, 138.25, 34.0, 69.875, 161.125, 130.25, 68.875, 40.53125, 57.59375, 35.84375, 13.6015625, 72.5, 28.84375, 96.75, 62.9375, 153.0, 85.0, 106.6875, 47.875, 133.625, 27.203125, 88.3125, 92.9375, 95.875, 50.34375, 91.25, 84.625, 83.5, 115.625, 47.8125, 95.4375, 110.875, 89.5, 41.21875, 39.0625, 76.25, 81.1875, 76.0625, 124.0625, 90.0, 149.0, 44.5625, 90.9375, 110.8125, 52.3125, 44.9375, 96.375, 130.875, 78.0, 107.5, 145.75, 72.375, 25.0, 97.125, 82.3125, 70.8125, 142.625, 72.125, 92.9375, 63.0625, 114.5625, 103.125, 24.59375, 108.25, 36.71875, 156.25, 109.6875, 116.1875, 68.4375, 144.125, 56.5625, 141.75, 58.3125, 72.0, 75.25, 47.15625, 148.375, 41.1875, 145.0, 112.125, 81.25, 25.0, 104.3125, 39.59375, 37.0, 126.1875, 137.875, 26.25, 29.6875, 107.6875, 87.625, 136.75, 137.0, 115.125, 84.875, 138.625, 154.625, 144.625, 72.625, 42.0625, 104.875, 22.671875, 49.65625, 124.1875, 132.875, 106.1875, 107.9375, 95.4375, 124.6875, 147.125, 93.5, 63.25, 64.5625, 110.4375, 18.359375, 90.4375, 120.1875, 98.4375, 82.0, 158.375, 62.0, 66.625, 171.625, 141.5, 140.375, 55.3125, 40.3125, 91.4375, 113.1875, 83.25, 35.4375, 123.0625, 97.25, 143.25, 18.59375, 81.5625], [100.0, 133.5, 0.0, 87.8125, 58.21875, 173.375, 57.0, 193.875, 102.375, 151.875, 83.375, 112.9375, 117.0625, 147.625, 109.25, 137.875, 35.84375, 160.75, 58.6875, 51.40625, 114.8125, 34.875, 189.0, 176.0, 198.125, 5.0, 141.375, 108.1875, 120.25, 82.125, 167.375, 165.375, 151.875, 79.1875, 166.75, 147.0, 181.25, 160.75, 157.125, 178.625, 99.6875, 160.25, 27.859375, 146.875, 23.4375, 136.625, 154.0, 128.75, 91.5625, 163.5, 47.3125, 68.0625, 133.0, 179.625, 167.75, 177.25, 179.25, 100.4375, 159.125, 117.3125, 198.125, 123.0625, 116.125, 162.25, 80.25, 91.25, 168.25, 43.375, 44.65625, 91.0625, 90.625, 146.5, 3.162109375, 155.625, 134.875, 45.65625, 125.5625, 109.9375, 161.125, 75.0, 164.75, 190.875, 105.875, 49.375, 171.875, 188.125, 76.625, 139.25, 158.25, 142.0, 31.25, 122.3125, 109.1875, 67.1875, 153.0, 185.625, 138.625, 181.5, 116.625, 197.25, 116.9375, 121.8125, 166.875, 80.625, 82.0625, 212.625, 143.5, 54.125, 172.625, 165.0, 9.0, 110.6875, 159.0, 147.25, 94.5625, 199.875, 111.8125, 127.0625, 78.8125, 121.1875, 25.0625, 51.25, 139.125, 206.0, 162.125, 31.046875, 111.5, 133.875, 40.5, 22.671875, 30.59375, 35.4375, 146.375, 106.875, 92.625, 189.875, 196.625, 153.625, 183.125, 126.6875, 130.25, 42.9375, 45.3125, 212.5, 73.9375, 187.5, 66.875, 53.09375, 174.875, 134.625, 89.1875, 158.25, 59.46875, 120.5, 69.125, 167.375, 24.171875, 195.0, 143.5, 115.9375, 77.0], [93.4375, 87.375, 87.8125, 0.0, 87.75, 117.6875, 138.0, 210.375, 123.4375, 141.75, 92.1875, 100.5, 167.25, 167.0, 33.53125, 134.125, 71.875, 170.375, 105.0, 44.90625, 28.59375, 116.125, 133.5, 128.25, 219.375, 89.8125, 179.625, 53.46875, 124.625, 156.375, 189.0, 149.375, 82.0625, 43.28125, 107.5, 98.0, 157.625, 104.25, 163.375, 149.5, 163.25, 157.5, 75.125, 72.5, 103.25, 107.25, 156.5, 145.0, 122.5625, 91.25, 77.8125, 94.0, 141.625, 186.125, 134.625, 172.25, 183.0, 13.0, 127.3125, 100.625, 163.625, 134.0, 30.0, 182.75, 7.6171875, 155.75, 131.875, 68.125, 99.25, 84.375, 51.0, 157.375, 84.625, 150.75, 157.75, 125.0, 40.46875, 77.25, 165.625, 15.8125, 150.375, 208.0, 22.203125, 83.5, 147.75, 189.25, 117.1875, 77.25, 171.0, 73.0625, 118.875, 39.21875, 147.625, 44.65625, 189.5, 143.0, 180.0, 145.625, 31.828125, 162.625, 106.3125, 174.0, 128.5, 147.0, 25.171875, 165.0, 81.5625, 100.875, 116.75, 124.25, 86.0, 161.5, 104.6875, 114.5625, 132.75, 174.125, 161.5, 170.625, 127.25, 135.125, 107.4375, 133.0, 182.0, 148.625, 128.75, 77.4375, 76.1875, 120.3125, 107.6875, 102.25, 79.375, 52.40625, 156.875, 151.375, 155.625, 175.875, 139.75, 141.0, 184.5, 71.0, 42.4375, 106.1875, 43.28125, 166.625, 149.75, 149.25, 57.4375, 140.25, 199.5, 177.0, 34.9375, 126.3125, 29.0625, 152.625, 93.625, 121.0, 95.0, 180.25, 183.625, 79.375, 99.5625], [44.40625, 88.25, 58.21875, 87.75, 0.0, 128.0, 68.8125, 139.5, 46.1875, 93.9375, 26.0, 57.3125, 79.75, 93.0625, 90.0625, 79.75, 26.578125, 103.9375, 19.03125, 45.0, 104.75, 55.3125, 142.375, 126.625, 145.375, 54.59375, 95.5, 74.9375, 62.0625, 76.5, 114.125, 107.6875, 118.0, 52.09375, 124.0, 101.1875, 124.3125, 117.0625, 99.75, 123.0, 76.9375, 102.0625, 32.375, 117.375, 48.75, 83.625, 96.0625, 72.5625, 38.84375, 130.0, 13.4140625, 10.1953125, 75.4375, 122.625, 113.5625, 119.125, 121.8125, 99.75, 105.125, 62.4375, 143.125, 65.5, 105.5625, 108.4375, 82.75, 70.25, 115.125, 23.59375, 22.671875, 37.53125, 56.71875, 89.625, 57.03125, 97.4375, 81.0, 57.625, 111.4375, 63.25, 103.5, 72.0, 106.9375, 136.75, 94.75, 9.0546875, 115.3125, 130.5, 29.6875, 102.1875, 102.125, 109.125, 71.6875, 126.875, 62.21875, 44.375, 106.375, 133.625, 94.8125, 127.4375, 103.9375, 142.25, 60.40625, 86.375, 114.375, 63.03125, 98.25, 161.25, 105.625, 16.765625, 127.4375, 113.6875, 49.25, 73.8125, 114.375, 94.375, 46.6875, 143.0, 73.9375, 84.5, 39.5625, 64.125, 53.34375, 66.375, 96.3125, 159.25, 108.4375, 28.15625, 65.75, 76.875, 36.125, 48.3125, 28.015625, 56.09375, 89.4375, 64.375, 69.5625, 131.875, 150.125, 95.8125, 125.375, 88.25, 123.5625, 32.0, 55.21875, 160.375, 72.125, 134.0, 33.125, 84.1875, 123.0, 91.375, 66.125, 104.3125, 63.59375, 70.1875, 11.046875, 118.125, 39.0, 137.0, 99.0, 69.625, 19.234375], [87.6875, 40.3125, 173.375, 117.6875, 128.0, 0.0, 196.625, 156.5, 119.5625, 81.875, 106.0, 78.0, 173.625, 133.125, 84.5625, 89.0, 139.0, 122.0, 144.0, 124.6875, 99.0625, 182.75, 16.15625, 17.6875, 169.25, 172.125, 165.25, 68.5625, 98.625, 199.125, 149.0, 75.875, 41.5, 95.875, 11.3984375, 26.90625, 68.8125, 13.6015625, 113.625, 56.3125, 188.625, 98.5, 146.875, 53.84375, 174.0, 51.65625, 105.25, 119.4375, 131.125, 41.34375, 131.5, 123.6875, 108.125, 126.8125, 44.375, 102.6875, 121.125, 116.1875, 44.90625, 72.25, 58.0, 109.0625, 98.0625, 143.375, 122.0, 185.375, 38.09375, 131.125, 150.75, 91.25, 83.5, 117.25, 170.75, 92.5625, 133.125, 185.75, 90.6875, 65.125, 112.375, 116.375, 78.75, 155.625, 98.25, 133.125, 63.0625, 121.75, 140.375, 40.4375, 126.4375, 47.15625, 196.625, 130.125, 148.375, 107.375, 169.0, 33.59375, 169.625, 44.6875, 94.0625, 57.1875, 79.0625, 180.25, 34.1875, 182.5, 142.875, 48.03125, 36.21875, 143.75, 1.0, 29.125, 166.375, 171.0, 14.421875, 44.1875, 142.375, 76.375, 169.5, 167.0, 152.125, 113.3125, 178.875, 194.5, 172.75, 32.75, 42.4375, 145.125, 62.9375, 73.4375, 164.125, 173.25, 146.5, 146.375, 116.25, 157.75, 183.25, 92.625, 23.328125, 78.0625, 118.875, 48.84375, 107.0625, 160.125, 136.375, 50.34375, 196.875, 43.28125, 106.6875, 211.75, 159.625, 169.125, 90.625, 44.71875, 127.75, 142.875, 122.3125, 18.6875, 163.375, 94.625, 170.25, 58.71875, 119.6875], [110.375, 157.0, 57.0, 138.0, 68.8125, 196.625, 0.0, 168.25, 92.1875, 150.25, 91.375, 122.3125, 77.8125, 126.5, 151.625, 135.0, 68.0625, 144.125, 53.0625, 94.5, 162.0, 22.5625, 210.5, 194.125, 169.0, 52.8125, 107.25, 141.75, 116.3125, 27.796875, 141.375, 165.125, 185.75, 115.125, 192.75, 169.875, 183.625, 185.875, 143.625, 185.0, 52.1875, 152.25, 63.1875, 183.875, 35.5, 149.875, 143.5, 113.875, 77.8125, 197.75, 68.6875, 73.125, 122.625, 162.5, 177.875, 168.25, 164.0, 151.0, 169.875, 128.0, 205.625, 113.625, 163.125, 137.875, 131.0, 44.65625, 180.375, 74.1875, 46.53125, 105.4375, 122.9375, 131.5, 59.46875, 149.875, 113.75, 13.0390625, 171.125, 132.0, 148.0, 123.125, 163.625, 165.25, 152.25, 65.3125, 175.875, 173.5, 62.4375, 170.375, 140.0, 176.5, 33.3125, 175.375, 82.1875, 104.3125, 118.5, 199.5, 102.5625, 191.5, 162.625, 204.75, 123.9375, 80.0625, 180.375, 35.34375, 137.125, 227.125, 174.0, 52.8125, 196.0, 180.375, 54.34375, 72.3125, 183.125, 160.5, 73.0625, 201.5, 74.25, 91.25, 55.15625, 110.0625, 32.28125, 5.83203125, 101.9375, 227.25, 173.375, 61.65625, 134.5, 138.25, 33.625, 36.5, 59.6875, 87.6875, 131.875, 75.25, 47.3125, 185.125, 218.375, 153.125, 169.0, 156.5, 179.375, 37.125, 95.0625, 225.875, 19.421875, 198.5, 97.125, 24.0, 146.0, 98.5, 128.375, 169.125, 109.0, 95.5, 74.5, 185.75, 43.0, 190.125, 107.6875, 138.375, 78.5], [117.0, 144.25, 193.875, 210.375, 139.5, 156.5, 168.25, 0.0, 93.4375, 77.5, 121.6875, 111.0625, 93.375, 46.5, 193.0, 78.625, 166.125, 40.3125, 135.125, 179.0, 212.875, 173.375, 158.125, 140.5, 13.0390625, 189.25, 63.3125, 166.25, 85.8125, 148.5, 27.015625, 80.625, 183.25, 167.25, 163.25, 145.375, 91.0625, 157.625, 48.15625, 102.9375, 122.25, 59.53125, 171.375, 192.0, 175.75, 117.0625, 56.21875, 67.5625, 102.375, 190.5, 152.875, 129.5, 68.8125, 29.734375, 112.25, 54.34375, 35.4375, 218.625, 112.1875, 112.4375, 114.0625, 77.1875, 212.875, 31.578125, 208.625, 126.9375, 118.625, 162.25, 149.25, 126.25, 160.25, 53.0, 193.5, 66.375, 58.9375, 167.0, 212.5, 137.875, 47.1875, 197.5, 77.8125, 3.0, 205.125, 148.375, 94.125, 37.0, 117.25, 168.625, 39.40625, 180.875, 193.375, 244.125, 87.0625, 168.625, 54.21875, 130.25, 69.25, 116.125, 209.375, 114.125, 105.375, 94.25, 122.375, 133.875, 229.125, 146.0, 168.25, 139.75, 156.875, 127.5, 185.125, 97.5, 153.5, 117.625, 100.0, 95.0625, 95.375, 78.875, 117.5, 76.9375, 178.25, 171.125, 71.1875, 166.625, 114.25, 167.0, 140.125, 95.4375, 156.375, 175.875, 166.375, 194.875, 53.59375, 93.0625, 123.8125, 70.0, 163.0, 80.5, 38.46875, 160.75, 230.0, 152.75, 191.875, 142.0, 153.5, 121.3125, 156.625, 192.25, 23.765625, 72.8125, 176.75, 112.5625, 195.875, 74.3125, 128.875, 137.875, 170.25, 71.125, 64.875, 139.0, 120.6875], [37.46875, 86.3125, 102.375, 123.4375, 46.1875, 119.5625, 92.1875, 93.4375, 0.0, 58.25, 31.234375, 42.4375, 55.15625, 47.0, 114.5625, 43.0, 72.75, 58.3125, 45.28125, 86.8125, 132.875, 88.75, 130.375, 111.8125, 99.75, 98.1875, 57.25, 91.0625, 24.765625, 84.875, 68.5, 73.25, 125.0625, 81.0, 119.625, 95.6875, 92.0, 112.375, 55.03125, 94.75, 69.75, 60.71875, 78.3125, 129.0, 87.4375, 68.0, 52.9375, 26.46875, 14.421875, 136.0, 59.46875, 36.0625, 31.578125, 77.25, 90.1875, 77.375, 77.0, 133.625, 83.1875, 47.84375, 115.25, 21.84375, 133.25, 62.625, 120.25, 67.6875, 94.0625, 68.9375, 59.0625, 42.15625, 78.25, 44.09375, 101.6875, 57.78125, 35.5, 85.8125, 136.125, 66.5, 59.125, 108.9375, 71.5625, 90.625, 123.6875, 55.09375, 84.9375, 86.0625, 30.078125, 108.0625, 56.09375, 118.5, 108.25, 160.625, 30.0, 79.1875, 66.3125, 113.1875, 58.875, 103.0625, 130.625, 114.5625, 40.53125, 62.0625, 95.0, 67.1875, 139.0, 140.0, 110.0, 49.03125, 119.25, 96.625, 93.4375, 51.78125, 108.6875, 76.9375, 23.328125, 109.5625, 50.5, 51.96875, 37.8125, 19.109375, 90.9375, 92.625, 61.34375, 145.75, 86.8125, 74.0, 69.4375, 49.65625, 69.25, 87.375, 73.5625, 101.5625, 44.03125, 38.46875, 65.1875, 93.25, 137.875, 61.40625, 81.125, 95.4375, 151.625, 64.9375, 99.125, 138.0, 85.125, 110.25, 66.4375, 113.875, 77.9375, 56.625, 93.3125, 82.6875, 104.625, 29.96875, 35.46875, 104.375, 80.0, 98.25, 61.75, 71.125, 27.3125], [54.15625, 67.0, 151.875, 141.75, 93.9375, 81.875, 150.25, 77.5, 58.25, 0.0, 68.5625, 42.96875, 102.1875, 52.25, 119.375, 15.265625, 117.4375, 40.25, 100.4375, 120.1875, 139.25, 144.875, 87.0625, 68.0, 89.4375, 148.5, 86.8125, 92.4375, 34.0, 142.375, 67.0625, 15.0, 105.6875, 100.5625, 87.0625, 68.0, 33.96875, 80.9375, 31.78125, 38.9375, 124.1875, 18.03125, 124.8125, 114.5625, 141.375, 39.8125, 23.34375, 43.90625, 72.6875, 113.1875, 104.8125, 84.625, 31.90625, 48.59375, 40.3125, 30.40625, 43.9375, 147.875, 37.125, 41.4375, 58.59375, 38.1875, 139.0, 61.53125, 141.75, 123.75, 46.09375, 111.125, 112.875, 64.25, 90.875, 36.21875, 150.5, 11.1796875, 55.03125, 143.125, 137.375, 65.0, 31.015625, 131.375, 13.4140625, 76.0625, 132.625, 102.5625, 28.296875, 48.40625, 87.8125, 91.25, 44.5625, 103.5, 163.5, 171.75, 79.1875, 105.75, 88.6875, 62.8125, 92.0625, 49.96875, 135.25, 58.0, 37.46875, 107.8125, 49.0, 124.75, 163.625, 86.8125, 90.75, 103.125, 82.0625, 53.15625, 143.0, 101.5, 76.875, 40.3125, 80.0625, 51.3125, 99.5625, 92.1875, 96.0, 42.4375, 145.5, 150.375, 95.1875, 99.3125, 40.0, 121.0625, 66.5625, 21.546875, 124.8125, 141.125, 121.3125, 140.375, 35.21875, 89.1875, 120.9375, 38.125, 93.3125, 4.125, 43.9375, 84.25, 155.25, 120.3125, 134.25, 84.0625, 143.25, 57.0, 96.0, 171.25, 77.875, 92.375, 106.875, 37.21875, 133.875, 69.4375, 83.4375, 63.375, 132.5, 43.1875, 91.6875, 64.375, 76.25], [19.109375, 67.625, 83.375, 92.1875, 26.0, 106.0, 91.375, 121.6875, 31.234375, 68.5625, 0.0, 31.625, 80.625, 76.25, 84.75, 55.0, 49.0, 83.5625, 38.28125, 57.25, 102.4375, 80.4375, 119.375, 102.75, 129.25, 80.0625, 88.0, 63.375, 38.625, 93.5, 98.25, 82.0, 102.25, 49.9375, 103.3125, 79.625, 98.375, 96.125, 78.1875, 97.0625, 86.8125, 78.25, 56.21875, 104.0625, 74.6875, 58.71875, 73.375, 54.375, 33.0, 113.9375, 36.21875, 18.4375, 54.09375, 101.5625, 87.9375, 95.125, 99.9375, 102.4375, 79.625, 37.0, 117.25, 44.78125, 102.9375, 92.0625, 89.125, 82.0, 89.8125, 43.1875, 47.4375, 15.5234375, 48.375, 69.4375, 81.875, 73.0, 65.9375, 81.375, 106.5625, 43.6875, 81.5, 77.8125, 81.375, 119.0625, 93.0, 34.21875, 89.3125, 108.0625, 35.90625, 85.5, 82.75, 94.4375, 97.5, 129.5, 57.59375, 48.09375, 97.4375, 108.5625, 89.0, 101.8125, 100.4375, 116.375, 34.4375, 87.6875, 89.375, 77.5, 108.25, 136.25, 88.3125, 38.9375, 105.5, 89.125, 74.5, 75.8125, 93.0625, 69.4375, 44.71875, 117.0, 75.125, 80.75, 48.0625, 44.78125, 79.1875, 89.8125, 91.25, 136.0, 83.0, 52.46875, 46.5625, 50.90625, 60.59375, 74.25, 52.78125, 74.4375, 69.0625, 63.5625, 80.4375, 106.6875, 127.1875, 70.1875, 102.9375, 71.875, 121.3125, 56.21875, 70.375, 135.25, 90.9375, 108.4375, 35.46875, 108.875, 108.25, 86.3125, 62.625, 78.8125, 74.3125, 60.75, 17.03125, 94.375, 65.0, 111.75, 92.3125, 49.65625, 13.9296875], [13.0, 44.0, 112.9375, 100.5, 57.3125, 78.0, 122.3125, 111.0625, 42.4375, 42.96875, 31.625, 0.0, 97.5, 71.375, 82.25, 33.625, 77.375, 70.75, 69.375, 77.4375, 101.9375, 112.0625, 90.0625, 72.4375, 121.0, 110.0625, 95.125, 55.8125, 27.734375, 121.8125, 92.4375, 54.0, 83.625, 58.1875, 77.375, 53.375, 68.4375, 70.0625, 63.25, 65.9375, 110.75, 57.28125, 85.1875, 88.75, 106.0625, 27.796875, 56.03125, 51.09375, 53.15625, 94.125, 65.8125, 50.0, 43.84375, 85.6875, 56.3125, 72.75, 82.5, 107.8125, 48.0, 5.83203125, 85.875, 39.0, 102.0, 86.0, 99.75, 107.4375, 58.25, 70.375, 79.0625, 22.203125, 49.65625, 58.90625, 111.125, 50.6875, 65.5625, 112.8125, 102.4375, 27.78125, 65.1875, 89.0625, 54.09375, 108.875, 94.0625, 64.875, 58.9375, 89.0, 62.96875, 66.75, 72.1875, 77.875, 129.0, 133.125, 72.25, 62.8125, 101.8125, 77.125, 98.125, 70.1875, 98.625, 85.0, 5.83203125, 104.375, 58.0, 104.8125, 121.3125, 104.8125, 68.25, 70.4375, 77.625, 58.125, 104.375, 94.1875, 66.5, 38.21875, 64.5625, 87.125, 92.9375, 93.0625, 74.3125, 42.0625, 110.625, 121.0625, 101.0, 106.25, 51.40625, 81.9375, 30.40625, 22.015625, 92.1875, 105.5625, 82.5625, 98.0, 58.125, 80.875, 105.3125, 80.25, 97.75, 43.28125, 84.0625, 55.09375, 119.5, 87.8125, 91.4375, 103.6875, 120.1875, 76.875, 53.25, 140.375, 103.5, 96.625, 66.0, 47.1875, 90.9375, 69.375, 48.59375, 64.375, 96.125, 85.125, 100.0, 30.671875, 43.84375], [92.0, 141.375, 117.0625, 167.25, 79.75, 173.625, 77.8125, 93.375, 55.15625, 102.1875, 80.625, 97.5, 0.0, 59.1875, 165.0, 89.0, 101.5625, 79.0, 64.6875, 124.5625, 181.875, 88.375, 183.5, 164.5, 92.375, 112.0625, 30.265625, 143.875, 75.3125, 55.3125, 67.6875, 116.1875, 180.0, 128.375, 174.375, 150.625, 135.125, 167.25, 82.0625, 141.125, 28.859375, 95.75, 103.25, 183.375, 94.875, 122.0, 85.8125, 58.3125, 47.6875, 191.125, 91.25, 73.4375, 70.3125, 94.6875, 140.125, 108.25, 97.9375, 179.0, 134.25, 102.8125, 160.625, 65.9375, 182.5, 65.8125, 162.5, 34.0, 144.875, 101.8125, 75.6875, 94.75, 128.75, 70.75, 117.875, 96.625, 49.53125, 79.6875, 186.875, 121.0625, 86.3125, 151.625, 113.75, 90.5, 172.125, 85.4375, 130.5, 107.0625, 50.125, 163.0, 73.625, 173.125, 107.1875, 206.25, 25.3125, 123.0625, 41.0, 163.375, 25.0, 151.625, 180.25, 160.125, 95.1875, 7.0703125, 146.5, 42.4375, 177.5, 188.75, 165.0, 69.5, 173.5, 149.0, 109.625, 6.40234375, 163.375, 130.125, 35.90625, 149.875, 5.83203125, 14.5625, 41.21875, 61.46875, 95.6875, 81.5625, 24.1875, 198.0, 137.75, 99.0625, 124.0625, 101.1875, 76.5625, 95.375, 97.5625, 131.75, 71.5, 17.125, 31.0, 128.0, 190.625, 106.1875, 103.5, 150.125, 200.75, 74.375, 133.375, 186.25, 61.0, 158.75, 110.6875, 101.625, 70.0625, 21.03125, 142.0, 133.875, 143.125, 32.75, 73.9375, 157.625, 93.25, 132.25, 30.015625, 126.0, 69.25], [74.4375, 111.0, 147.625, 167.0, 93.0625, 133.125, 126.5, 46.5, 47.0, 52.25, 76.25, 71.375, 59.1875, 0.0, 153.0, 44.71875, 119.625, 19.84375, 89.125, 133.25, 172.375, 129.0, 139.25, 120.125, 53.0, 143.25, 36.25, 127.0, 43.84375, 110.3125, 22.015625, 63.3125, 151.5, 123.8125, 137.125, 115.75, 80.75, 130.5, 24.1875, 89.3125, 86.4375, 39.9375, 124.9375, 158.375, 130.375, 85.375, 30.359375, 22.015625, 56.09375, 160.625, 106.375, 83.0, 27.734375, 36.40625, 92.5625, 49.6875, 38.9375, 176.125, 89.0, 74.25, 106.75, 33.3125, 172.625, 15.8125, 164.625, 89.0625, 98.3125, 115.9375, 103.25, 82.75, 118.3125, 16.03125, 147.25, 43.1875, 13.0, 123.5625, 173.625, 99.125, 28.015625, 153.375, 60.4375, 43.65625, 164.0, 101.8125, 78.5625, 48.3125, 71.4375, 135.375, 14.421875, 147.25, 149.0, 202.5, 44.375, 124.0, 36.5, 114.75, 42.1875, 101.4375, 169.375, 106.375, 66.25, 62.96875, 101.125, 93.9375, 184.375, 137.25, 136.0, 93.5625, 133.25, 105.0, 138.875, 61.0625, 126.4375, 89.6875, 55.0, 93.3125, 58.84375, 45.96875, 73.125, 31.890625, 133.125, 128.625, 45.28125, 151.5, 92.0625, 120.5, 101.6875, 61.84375, 111.1875, 130.5, 119.9375, 148.5, 17.03125, 52.5625, 85.9375, 69.8125, 145.625, 56.3125, 44.40625, 125.3125, 190.375, 107.3125, 145.875, 134.125, 113.8125, 108.1875, 111.625, 150.125, 32.5625, 43.59375, 134.5, 89.0, 150.625, 31.046875, 82.4375, 115.0, 124.3125, 73.75, 40.71875, 101.5625, 74.3125], [79.0625, 57.875, 109.25, 33.53125, 90.0625, 84.5625, 151.625, 193.0, 114.5625, 119.375, 84.75, 82.25, 165.0, 153.0, 0.0, 114.5625, 83.6875, 152.75, 109.0625, 58.6875, 19.84375, 131.625, 100.3125, 96.0625, 203.25, 110.0, 171.75, 27.015625, 109.1875, 165.375, 174.5, 124.5, 48.75, 38.0, 74.125, 66.75, 130.125, 71.25, 145.0, 120.8125, 166.75, 136.5, 89.5, 40.0, 119.5625, 81.5, 137.25, 131.75, 117.625, 58.53125, 84.375, 93.0625, 125.875, 166.5, 105.625, 149.5, 162.625, 32.125, 99.0, 80.625, 133.125, 119.875, 19.796875, 168.0, 38.90625, 160.25, 102.125, 77.4375, 107.5625, 72.4375, 36.40625, 141.125, 106.1875, 129.5, 145.625, 138.75, 21.84375, 55.1875, 146.5, 36.78125, 126.0625, 191.0, 14.3203125, 89.125, 120.5625, 167.75, 116.75, 44.1875, 154.375, 39.5625, 138.75, 52.46875, 142.375, 47.53125, 180.25, 111.4375, 173.375, 115.5, 16.40625, 132.25, 87.8125, 172.0, 98.5, 153.0, 58.46875, 132.25, 48.375, 106.0, 83.625, 93.75, 105.125, 159.875, 72.0, 86.9375, 129.125, 145.5, 159.375, 165.5, 128.25, 122.0625, 124.3125, 147.5, 175.75, 115.1875, 99.9375, 90.25, 53.15625, 98.6875, 118.6875, 118.625, 92.1875, 75.1875, 140.375, 148.125, 159.5, 150.25, 106.3125, 117.875, 163.25, 40.03125, 37.4375, 116.125, 64.625, 134.0, 159.875, 118.375, 57.0, 158.625, 185.375, 170.875, 24.0, 98.0625, 51.75, 144.5, 92.25, 89.375, 109.75, 154.25, 176.25, 55.0, 95.8125], [42.71875, 67.125, 137.875, 134.125, 79.75, 89.0, 135.0, 78.625, 43.0, 15.265625, 55.0, 33.625, 89.0, 44.71875, 114.5625, 0.0, 104.0, 38.59375, 85.4375, 108.9375, 134.375, 129.75, 96.3125, 77.125, 89.375, 134.375, 76.5, 87.6875, 18.78125, 127.375, 63.15625, 30.234375, 107.3125, 91.6875, 92.5625, 71.0625, 49.03125, 85.8125, 30.484375, 52.8125, 109.8125, 24.046875, 111.1875, 114.9375, 126.625, 40.8125, 22.671875, 31.328125, 57.4375, 116.0625, 91.125, 70.1875, 19.421875, 52.1875, 51.25, 40.4375, 48.875, 141.25, 46.09375, 34.0625, 73.0, 23.59375, 134.375, 57.0, 133.25, 109.0625, 56.3125, 98.0625, 98.0625, 52.875, 83.1875, 29.40625, 136.625, 18.109375, 44.28125, 127.9375, 133.875, 59.40625, 31.890625, 122.5625, 28.65625, 76.6875, 127.0, 88.5625, 42.53125, 55.53125, 72.5625, 91.6875, 41.1875, 103.75, 148.625, 166.25, 65.1875, 95.5, 80.0, 74.4375, 81.1875, 62.65625, 130.875, 72.375, 27.78125, 94.9375, 58.46875, 109.6875, 154.75, 99.875, 91.9375, 88.25, 89.0, 61.65625, 129.0, 87.8125, 81.75, 45.09375, 65.0625, 66.5625, 85.9375, 80.0, 80.8125, 28.015625, 130.625, 135.125, 84.375, 109.875, 49.46875, 107.3125, 61.53125, 17.46875, 109.8125, 126.375, 107.4375, 128.25, 28.453125, 75.1875, 106.3125, 52.1875, 103.1875, 18.4375, 50.5625, 82.6875, 151.375, 105.3125, 122.8125, 97.4375, 128.0, 69.8125, 84.875, 156.125, 74.3125, 81.0, 99.5625, 45.90625, 123.625, 56.46875, 69.0625, 71.25, 117.875, 57.28125, 81.5, 60.3125, 61.625], [64.5625, 98.6875, 35.84375, 71.875, 26.578125, 139.0, 68.0625, 166.125, 72.75, 117.4375, 49.0, 77.375, 101.5625, 119.625, 83.6875, 104.0, 0.0, 130.25, 36.875, 27.078125, 94.1875, 48.09375, 154.25, 140.625, 171.875, 33.625, 120.4375, 76.5625, 87.1875, 84.5625, 140.625, 130.375, 120.9375, 48.3125, 132.875, 112.3125, 145.75, 126.625, 125.75, 143.0, 92.6875, 127.125, 8.0625, 117.625, 36.71875, 100.75, 121.6875, 99.0625, 64.875, 132.875, 13.34375, 36.6875, 101.4375, 148.875, 131.875, 144.0, 147.75, 84.6875, 123.3125, 81.625, 162.375, 91.5625, 95.25, 135.0, 65.5, 84.875, 132.375, 7.80859375, 27.859375, 55.375, 58.0, 115.9375, 33.84375, 122.0, 107.5625, 55.09375, 103.125, 74.625, 129.375, 56.3125, 130.0, 163.25, 84.3125, 17.890625, 136.25, 156.25, 53.25, 107.0, 128.625, 111.3125, 58.25, 110.625, 87.0, 36.78125, 131.625, 149.875, 119.125, 145.625, 94.625, 161.375, 81.5625, 107.625, 131.0, 75.5625, 76.9375, 177.0, 111.0625, 32.0, 138.25, 129.375, 27.78125, 95.25, 124.625, 111.375, 71.375, 164.5, 95.75, 108.25, 60.3125, 90.5, 41.6875, 63.78125, 120.3125, 171.375, 126.3125, 6.70703125, 76.375, 98.625, 36.0, 35.84375, 8.546875, 30.484375, 115.75, 87.6875, 85.0625, 155.5, 162.0, 118.8125, 151.25, 93.75, 112.0, 34.375, 32.25, 176.75, 78.125, 151.75, 32.5625, 76.0625, 149.375, 115.4375, 60.75, 122.375, 43.96875, 96.0625, 37.375, 132.0, 26.40625, 160.625, 123.5625, 80.8125, 45.59375], [77.125, 105.1875, 160.75, 170.375, 103.9375, 122.0, 144.125, 40.3125, 58.3125, 40.25, 83.5625, 70.75, 79.0, 19.84375, 152.75, 38.59375, 130.25, 0.0, 103.0, 140.625, 172.5, 144.875, 126.1875, 107.4375, 50.8125, 156.5, 55.21875, 126.0, 46.15625, 129.25, 27.078125, 48.03125, 144.875, 127.3125, 127.375, 107.6875, 63.78125, 121.1875, 8.546875, 73.5625, 106.0, 24.0, 136.25, 153.125, 145.0, 78.25, 17.09375, 32.0, 70.0, 153.0, 116.9375, 93.75, 29.546875, 19.0, 79.1875, 30.234375, 19.921875, 178.375, 77.125, 72.1875, 89.5625, 38.90625, 172.5, 22.09375, 168.875, 108.25, 85.3125, 125.6875, 117.0625, 86.625, 120.125, 14.3203125, 160.0, 29.421875, 30.875, 140.25, 172.375, 97.6875, 10.046875, 157.875, 45.03125, 38.21875, 164.875, 113.0, 63.1875, 29.40625, 86.125, 129.75, 5.83203125, 141.875, 164.75, 203.875, 62.78125, 129.375, 53.3125, 100.125, 61.40625, 86.3125, 169.125, 89.3125, 65.0625, 82.8125, 88.5625, 112.5625, 189.625, 120.8125, 129.75, 107.0625, 122.1875, 93.0625, 151.75, 80.6875, 117.0625, 80.3125, 71.375, 74.6875, 78.5, 65.8125, 89.625, 39.8125, 148.125, 145.75, 64.375, 137.125, 79.75, 132.0, 99.875, 55.75, 126.1875, 145.0, 131.625, 157.75, 14.5625, 71.5625, 105.125, 50.46875, 132.0, 43.9375, 25.078125, 121.1875, 189.75, 122.125, 154.0, 117.375, 132.375, 92.625, 117.625, 167.375, 37.65625, 63.125, 136.5, 77.25, 157.0, 49.65625, 92.9375, 103.4375, 138.125, 54.21875, 59.375, 98.875, 84.75], [57.3125, 104.8125, 58.6875, 105.0, 19.03125, 144.0, 53.0625, 135.125, 45.28125, 100.4375, 38.28125, 69.375, 64.6875, 89.125, 109.0625, 85.4375, 36.875, 103.0, 0.0, 60.84375, 123.3125, 44.375, 157.625, 141.0, 139.5, 54.125, 84.625, 93.75, 66.75, 57.71875, 108.6875, 115.0625, 136.25, 71.0, 140.625, 117.375, 132.875, 133.625, 100.25, 133.125, 58.46875, 105.5625, 39.21875, 136.125, 42.1875, 96.875, 98.125, 71.0, 33.125, 148.375, 27.3125, 20.25, 76.8125, 122.0, 125.25, 122.375, 122.125, 117.3125, 117.125, 74.9375, 153.625, 66.9375, 124.1875, 103.5625, 99.5625, 51.46875, 127.5625, 37.59375, 14.140625, 52.6875, 75.6875, 89.0, 58.53125, 101.9375, 76.3125, 43.59375, 130.25, 80.0625, 104.375, 89.1875, 113.875, 132.25, 113.3125, 21.546875, 124.5, 131.25, 18.03125, 120.1875, 100.1875, 127.625, 63.3125, 144.25, 51.46875, 62.8125, 96.0625, 146.5, 82.8125, 139.0, 122.6875, 152.875, 71.1875, 70.8125, 127.375, 44.0, 113.1875, 174.125, 123.5, 5.0, 143.375, 127.3125, 50.0, 58.40625, 130.75, 107.5, 36.25, 151.125, 58.90625, 71.6875, 23.4375, 64.375, 45.71875, 51.75, 83.875, 174.25, 120.625, 34.84375, 82.75, 86.3125, 24.359375, 42.09375, 33.59375, 67.1875, 89.0625, 51.09375, 51.0, 137.25, 165.375, 102.9375, 126.3125, 106.3125, 142.0, 19.921875, 68.8125, 173.0, 53.84375, 145.875, 52.03125, 71.5625, 116.375, 79.0, 85.0625, 116.375, 79.1875, 62.03125, 21.640625, 132.625, 35.21875, 142.375, 87.4375, 86.375, 25.609375], [66.3125, 85.9375, 51.40625, 44.90625, 45.0, 124.6875, 94.5, 179.0, 86.8125, 120.1875, 57.25, 77.4375, 124.5625, 133.25, 58.6875, 108.9375, 27.078125, 140.625, 60.84375, 0.0, 67.5, 73.5625, 140.625, 129.5, 186.25, 51.625, 140.0, 57.5, 94.9375, 111.625, 155.125, 131.25, 100.5625, 28.84375, 117.0625, 99.3125, 144.125, 111.5, 134.875, 139.0, 118.625, 132.875, 31.40625, 95.4375, 61.125, 95.0625, 129.375, 111.5, 82.75, 112.1875, 33.53125, 53.03125, 111.0625, 158.25, 126.125, 149.25, 156.25, 57.71875, 117.6875, 80.0625, 156.875, 102.0, 68.5625, 149.0, 38.90625, 111.0, 125.375, 23.40625, 54.34375, 56.09375, 41.1875, 126.625, 48.40625, 126.875, 122.3125, 81.5, 76.875, 65.0, 137.875, 29.28125, 131.5, 176.25, 57.71875, 39.34375, 134.125, 163.875, 74.625, 88.625, 140.0, 90.6875, 80.0625, 83.9375, 106.9375, 17.46875, 150.625, 141.0, 139.625, 139.25, 68.25, 155.875, 82.75, 131.0, 123.25, 102.125, 53.25, 167.0, 92.9375, 56.46875, 123.8125, 120.5, 46.53125, 118.5, 110.25, 104.9375, 91.5625, 162.375, 118.75, 129.5, 83.75, 102.0, 65.8125, 89.9375, 141.25, 157.375, 120.25, 33.0, 65.8125, 99.4375, 63.0625, 60.15625, 35.0, 22.140625, 126.1875, 109.375, 111.0, 157.625, 148.0, 120.6875, 158.75, 76.625, 85.0, 61.40625, 14.0390625, 167.375, 105.1875, 144.5, 24.1875, 99.9375, 164.75, 136.25, 37.8125, 116.75, 18.59375, 113.9375, 53.03125, 121.0625, 51.78125, 162.5, 143.625, 70.1875, 60.3125], [98.25, 76.5625, 114.8125, 28.59375, 104.75, 99.0625, 162.0, 212.875, 132.875, 139.25, 102.4375, 101.9375, 181.875, 172.375, 19.84375, 134.375, 94.1875, 172.5, 123.3125, 67.5, 0.0, 140.875, 114.0625, 112.125, 222.875, 116.375, 190.125, 46.875, 128.75, 178.0, 194.0, 144.0, 59.53125, 53.4375, 88.0, 84.1875, 149.0, 86.3125, 164.75, 139.25, 181.625, 156.375, 98.875, 48.28125, 128.25, 101.0, 157.125, 151.0, 135.0, 66.75, 97.25, 108.9375, 145.5, 186.375, 124.0625, 169.25, 182.5, 19.71875, 117.8125, 100.4375, 150.625, 139.25, 1.4140625, 187.625, 36.0625, 174.75, 120.1875, 89.0, 120.0625, 91.0625, 54.71875, 160.75, 111.6875, 149.25, 164.75, 149.0, 12.0390625, 75.0, 166.25, 39.84375, 145.625, 210.75, 10.046875, 102.5, 139.5, 187.625, 132.75, 59.6875, 174.125, 52.0, 145.5, 33.09375, 159.875, 60.53125, 199.0, 128.125, 191.375, 133.25, 5.0, 149.625, 107.5, 188.75, 116.375, 166.875, 49.40625, 147.125, 63.375, 119.8125, 98.0625, 111.375, 112.0625, 176.5, 87.6875, 106.0, 146.125, 163.875, 176.125, 183.125, 143.875, 141.25, 132.75, 157.375, 193.625, 127.75, 118.5, 100.375, 73.0, 118.5625, 130.125, 127.3125, 102.375, 79.5, 160.0, 165.125, 174.25, 169.625, 119.3125, 137.625, 183.0, 58.3125, 18.96875, 128.0, 69.5625, 149.25, 172.0, 135.625, 71.8125, 166.375, 204.875, 188.75, 39.9375, 116.875, 55.375, 162.875, 108.25, 106.125, 119.1875, 173.5, 194.5, 74.8125, 112.625], [99.375, 142.5, 34.875, 116.125, 55.3125, 182.75, 22.5625, 173.375, 88.75, 144.875, 80.4375, 112.0625, 88.375, 129.0, 131.625, 129.75, 48.09375, 144.875, 44.375, 73.5625, 140.875, 0.0, 197.375, 181.875, 175.75, 30.46875, 115.6875, 123.9375, 111.0625, 47.4375, 146.375, 159.375, 168.375, 96.25, 177.875, 155.75, 177.125, 171.125, 143.0, 177.0, 67.1875, 149.5, 42.1875, 165.5, 13.0390625, 138.875, 141.625, 113.3125, 75.3125, 180.375, 51.625, 62.125, 120.3125, 163.75, 168.375, 166.125, 164.5, 129.125, 160.125, 117.4375, 197.375, 110.625, 142.0, 142.125, 109.0625, 58.8125, 170.25, 55.03125, 33.0, 92.875, 105.1875, 131.375, 37.15625, 146.125, 116.0625, 10.8203125, 150.5, 117.5625, 147.375, 101.625, 158.25, 170.375, 131.25, 49.59375, 168.625, 173.75, 59.03125, 153.75, 141.375, 158.875, 20.0, 153.125, 86.375, 84.875, 127.375, 188.875, 112.0, 182.25, 141.75, 196.5, 114.5625, 92.125, 169.625, 48.25, 114.5625, 216.5, 157.5, 42.0625, 182.0, 169.0, 31.78125, 82.25, 168.75, 149.625, 74.0, 195.5, 83.8125, 100.3125, 56.0, 107.6875, 9.8515625, 17.125, 111.9375, 214.25, 163.5, 41.4375, 119.875, 130.25, 20.125, 14.0390625, 39.5625, 65.25, 131.5, 81.5625, 60.75, 181.5, 205.125, 147.375, 169.0, 140.125, 157.875, 24.59375, 73.0, 215.625, 39.125, 188.875, 79.25, 29.0625, 152.5, 107.875, 108.875, 159.25, 87.0625, 99.125, 63.5, 173.375, 21.84375, 186.625, 117.0625, 124.0, 69.375], [100.6875, 55.59375, 189.0, 133.5, 142.375, 16.15625, 210.5, 158.125, 130.375, 87.0625, 119.375, 90.0625, 183.5, 139.25, 100.3125, 96.3125, 154.25, 126.1875, 157.625, 140.625, 114.0625, 197.375, 0.0, 19.234375, 171.0, 187.625, 172.875, 84.6875, 108.1875, 211.75, 153.25, 78.5, 55.21875, 111.875, 26.171875, 42.0, 67.6875, 29.734375, 118.0625, 55.375, 200.0, 102.25, 162.25, 67.5, 188.875, 62.625, 110.0, 127.5, 142.625, 52.5, 146.5, 137.375, 115.75, 128.625, 47.03125, 103.8125, 122.8125, 131.625, 50.34375, 84.25, 51.21875, 117.875, 113.0, 148.125, 138.0, 197.25, 41.0, 146.5, 165.0, 105.125, 99.5, 123.1875, 186.5, 97.0, 140.625, 199.875, 105.125, 80.0, 116.25, 132.5, 81.5, 157.5, 113.75, 147.75, 64.125, 122.125, 153.0, 56.28125, 131.0, 62.03125, 211.75, 144.375, 158.375, 123.3125, 175.5, 28.640625, 177.5, 42.375, 109.0625, 50.59375, 90.3125, 189.875, 38.125, 194.875, 158.625, 33.96875, 51.96875, 157.75, 17.09375, 34.71875, 181.875, 181.25, 30.40625, 53.5, 153.5, 71.25, 179.625, 175.875, 164.375, 122.25, 193.875, 208.625, 180.625, 17.03125, 47.15625, 160.375, 78.0, 82.25, 178.5, 188.25, 161.75, 162.375, 122.1875, 168.0, 195.0, 91.0, 7.80859375, 83.0, 119.8125, 65.0, 120.9375, 174.375, 152.5, 37.0, 210.0, 38.46875, 122.1875, 226.375, 163.625, 177.25, 106.75, 50.5, 143.875, 151.875, 136.0, 26.0, 178.375, 92.125, 177.75, 73.6875, 132.875], [83.75, 43.65625, 176.0, 128.25, 126.625, 17.6875, 194.125, 140.5, 111.8125, 68.0, 102.75, 72.4375, 164.5, 120.125, 96.0625, 77.125, 140.625, 107.4375, 141.0, 129.5, 112.125, 181.875, 19.234375, 0.0, 153.25, 174.125, 153.625, 76.3125, 89.1875, 194.125, 134.5, 60.21875, 57.28125, 101.25, 28.015625, 30.8125, 51.46875, 26.578125, 99.25, 38.9375, 181.625, 83.625, 148.625, 69.4375, 174.125, 44.65625, 91.0625, 108.25, 124.4375, 58.59375, 131.875, 121.0, 96.5, 110.875, 28.4375, 86.3125, 105.0625, 128.125, 31.140625, 66.625, 40.8125, 98.75, 111.3125, 129.25, 131.75, 179.0, 22.203125, 132.875, 149.25, 89.125, 88.625, 104.0625, 173.5, 78.1875, 121.3125, 183.875, 104.8125, 66.0625, 97.625, 124.9375, 63.15625, 139.75, 110.1875, 132.625, 46.5, 105.125, 135.375, 52.46875, 112.1875, 61.40625, 197.125, 144.125, 139.5, 112.0, 156.375, 16.546875, 158.375, 27.015625, 107.1875, 39.96875, 72.1875, 170.75, 19.0, 177.0, 153.375, 37.65625, 48.84375, 141.5, 18.390625, 15.5234375, 168.375, 162.375, 24.515625, 34.875, 135.0, 58.71875, 160.75, 156.625, 146.5, 103.1875, 179.0, 192.375, 161.5, 34.0, 28.015625, 146.5, 64.5, 63.25, 162.625, 173.5, 147.625, 151.5, 103.0625, 149.125, 176.75, 75.3125, 26.25, 64.0, 102.4375, 57.3125, 121.8125, 158.375, 142.125, 38.625, 192.625, 25.8125, 109.25, 210.75, 145.0, 158.125, 98.25, 31.25, 134.875, 132.75, 119.625, 8.6015625, 163.625, 77.125, 158.5, 60.03125, 115.875], [126.0625, 155.75, 198.125, 219.375, 145.375, 169.25, 169.0, 13.0390625, 99.75, 89.4375, 129.25, 121.0, 92.375, 53.0, 203.25, 89.375, 171.875, 50.8125, 139.5, 186.25, 222.875, 175.75, 171.0, 153.25, 0.0, 193.375, 62.125, 176.625, 94.875, 147.625, 31.3125, 93.3125, 195.0, 176.0, 175.625, 157.375, 104.0625, 169.875, 59.0625, 115.9375, 120.9375, 71.5625, 176.75, 203.625, 179.125, 128.625, 67.4375, 74.875, 107.3125, 202.625, 158.875, 135.5, 77.8125, 42.4375, 125.0, 67.25, 48.28125, 227.875, 124.625, 122.8125, 127.125, 85.4375, 223.0, 37.21875, 217.25, 126.3125, 131.375, 168.625, 153.5, 135.0, 169.75, 62.21875, 198.0, 78.25, 64.375, 168.75, 223.0, 148.25, 58.65625, 206.0, 90.4375, 13.6015625, 215.0, 154.0, 106.9375, 50.03125, 121.4375, 180.25, 48.84375, 192.375, 195.625, 253.875, 89.625, 176.875, 51.625, 143.25, 67.5, 129.125, 219.625, 127.125, 115.4375, 92.25, 135.0, 134.0, 237.25, 159.0, 180.0, 144.25, 169.5, 140.125, 189.5, 97.0625, 165.875, 129.75, 103.5625, 108.0625, 95.0625, 78.125, 120.4375, 84.625, 181.25, 172.125, 68.875, 179.625, 126.8125, 172.375, 150.625, 106.5, 159.625, 179.25, 171.625, 201.25, 62.9375, 94.4375, 123.25, 83.0, 175.875, 92.625, 51.46875, 172.0, 240.375, 156.25, 198.875, 155.0, 153.25, 134.375, 164.5, 193.0, 23.34375, 71.375, 186.125, 125.0, 203.625, 77.625, 135.0, 150.5, 174.125, 84.0625, 62.65625, 149.625, 127.0], [97.0625, 132.0, 5.0, 89.8125, 54.59375, 172.125, 52.8125, 189.25, 98.1875, 148.5, 80.0625, 110.0625, 112.0625, 143.25, 110.0, 134.375, 33.625, 156.5, 54.125, 51.625, 116.375, 30.46875, 187.625, 174.125, 193.375, 0.0, 136.5, 107.6875, 116.5, 77.5, 162.75, 162.0, 151.625, 78.75, 165.625, 145.625, 178.125, 159.5, 153.0, 175.875, 94.75, 156.5, 25.546875, 147.0, 18.59375, 134.125, 150.0, 124.5, 87.125, 163.375, 44.28125, 64.25, 129.0, 175.375, 165.25, 173.5, 175.125, 102.5625, 156.625, 114.5625, 195.5, 119.0, 117.625, 157.75, 82.375, 86.25, 165.875, 41.34375, 40.03125, 88.375, 89.8125, 142.25, 6.70703125, 152.0, 130.375, 41.15625, 126.875, 108.1875, 157.0, 76.5625, 161.375, 186.375, 107.25, 45.90625, 168.875, 184.0, 72.0625, 138.75, 154.0, 141.875, 29.125, 125.125, 104.375, 66.6875, 148.125, 183.5, 133.75, 179.0, 118.0, 194.625, 113.875, 116.8125, 164.625, 75.6875, 85.3125, 210.625, 142.875, 49.65625, 171.375, 163.0, 5.83203125, 105.6875, 157.75, 144.875, 89.875, 196.875, 106.875, 122.125, 73.9375, 117.0625, 20.609375, 47.125, 134.25, 204.625, 159.75, 28.234375, 109.875, 130.75, 35.5, 17.796875, 27.515625, 37.46875, 142.25, 102.0, 87.6875, 186.375, 195.25, 150.25, 179.0, 125.875, 132.25, 38.0, 46.84375, 210.375, 69.375, 185.125, 65.4375, 50.5, 170.25, 129.75, 89.3125, 155.75, 61.125, 115.8125, 65.375, 165.625, 19.3125, 191.5, 138.625, 114.3125, 73.1875], [93.625, 138.25, 141.375, 179.625, 95.5, 165.25, 107.25, 63.3125, 57.25, 86.8125, 88.0, 95.125, 30.265625, 36.25, 171.75, 76.5, 120.4375, 55.21875, 84.625, 140.0, 190.125, 115.6875, 172.875, 153.625, 62.125, 136.5, 0.0, 147.875, 68.5, 85.5625, 38.46875, 99.0, 178.5, 137.875, 168.0, 145.25, 116.875, 161.0, 60.40625, 124.9375, 59.03125, 76.0625, 123.6875, 183.875, 120.5625, 115.0625, 66.3125, 46.0, 57.375, 188.625, 108.4375, 87.0, 57.21875, 68.0, 126.875, 85.4375, 72.125, 190.25, 122.5, 99.4375, 142.875, 57.21875, 190.5, 37.8125, 175.875, 64.1875, 132.375, 119.0, 97.625, 99.3125, 135.5, 51.25, 141.75, 78.75, 32.25, 107.875, 193.375, 121.8125, 64.125, 164.625, 96.1875, 60.4375, 180.875, 102.9375, 114.1875, 80.75, 67.1875, 161.75, 49.40625, 173.0, 135.125, 217.5, 33.40625, 135.0, 11.703125, 149.625, 6.40234375, 136.625, 187.875, 142.5, 91.25, 31.015625, 134.75, 72.0, 193.25, 173.0, 163.125, 89.5625, 165.25, 138.125, 133.25, 35.0, 157.0, 121.125, 49.03125, 129.5, 33.0, 16.0, 62.625, 53.46875, 122.0625, 110.625, 9.21875, 185.875, 125.75, 119.25, 124.75, 92.0, 101.375, 120.875, 118.125, 150.875, 52.1875, 34.53125, 61.125, 105.6875, 179.5, 90.9375, 77.8125, 150.125, 208.875, 98.5, 150.75, 170.0, 91.0625, 143.625, 122.1875, 131.125, 39.8125, 9.484375, 150.5, 122.3125, 158.5, 27.296875, 87.0625, 147.75, 117.1875, 109.375, 5.0, 125.625, 80.25], [54.21875, 34.0, 108.1875, 53.46875, 74.9375, 68.5625, 141.75, 166.25, 91.0625, 92.4375, 63.375, 55.8125, 143.875, 127.0, 27.015625, 87.6875, 76.5625, 126.0, 93.75, 57.5, 46.875, 123.9375, 84.6875, 76.3125, 176.625, 107.6875, 147.875, 0.0, 83.1875, 151.375, 148.25, 97.9375, 44.40625, 29.0, 60.03125, 45.53125, 104.6875, 55.03125, 118.125, 96.125, 149.125, 109.5, 83.8125, 42.4375, 113.1875, 55.03125, 110.3125, 106.1875, 96.1875, 56.4375, 73.0, 75.3125, 99.625, 139.5, 81.1875, 122.5625, 135.625, 56.65625, 74.0, 53.8125, 110.25, 94.125, 46.75, 141.875, 56.0, 143.375, 78.4375, 69.125, 95.5, 49.25, 18.78125, 114.625, 105.375, 102.4375, 120.375, 129.375, 46.625, 28.3125, 119.5, 48.65625, 99.375, 164.25, 40.3125, 76.5625, 94.875, 140.75, 98.0, 31.140625, 127.75, 34.875, 134.625, 79.3125, 120.0625, 41.03125, 155.75, 90.25, 149.875, 92.25, 43.125, 109.25, 61.21875, 150.875, 75.1875, 137.375, 78.125, 113.75, 35.46875, 91.6875, 67.625, 71.0, 102.1875, 139.125, 54.4375, 61.40625, 108.0625, 120.8125, 138.5, 142.875, 110.0625, 96.625, 118.1875, 138.25, 152.375, 101.0625, 75.3125, 83.1875, 26.171875, 71.6875, 108.0625, 112.375, 84.875, 78.5, 113.875, 126.75, 142.25, 124.0, 91.6875, 91.0, 136.25, 19.703125, 63.78125, 104.75, 68.25, 114.9375, 147.0, 96.0, 44.71875, 152.5, 159.25, 147.75, 22.140625, 73.0, 59.25, 120.8125, 74.25, 68.5625, 102.75, 128.125, 152.5, 28.015625, 76.0], [31.234375, 69.875, 120.25, 124.625, 62.0625, 98.625, 116.3125, 85.8125, 24.765625, 34.0, 38.625, 27.734375, 75.3125, 43.84375, 109.1875, 18.78125, 87.1875, 46.15625, 66.75, 94.9375, 128.75, 111.0625, 108.1875, 89.1875, 94.875, 116.5, 68.5, 83.1875, 0.0, 109.625, 65.3125, 48.875, 110.1875, 81.375, 100.25, 77.0, 67.4375, 93.125, 39.9375, 70.0, 93.5, 40.0, 94.0, 116.0625, 108.1875, 47.25, 34.71875, 23.40625, 39.0625, 120.1875, 74.0625, 52.25, 17.03125, 63.3125, 66.0625, 57.03125, 61.40625, 133.0, 59.46875, 31.328125, 90.5, 11.3984375, 128.875, 58.90625, 122.875, 92.0, 70.25, 81.75, 79.5625, 40.5, 74.9375, 32.8125, 119.125, 35.5, 37.9375, 109.125, 129.75, 55.46875, 43.0, 111.75, 47.40625, 83.4375, 120.4375, 71.0, 60.21875, 69.4375, 53.84375, 93.625, 46.40625, 105.0625, 130.0, 159.125, 50.34375, 83.25, 74.4375, 89.1875, 72.0625, 78.625, 125.625, 89.8125, 23.09375, 81.75, 71.5625, 91.9375, 143.5, 115.6875, 94.75, 69.625, 98.5, 73.75, 111.3125, 73.1875, 89.1875, 54.8125, 47.625, 85.25, 71.5, 68.5, 62.46875, 15.03125, 112.0625, 116.375, 75.0, 122.9375, 63.0625, 90.0, 58.125, 26.0, 91.0625, 107.9375, 90.0, 113.0, 32.1875, 60.0, 89.375, 70.625, 115.4375, 36.90625, 64.3125, 82.5625, 146.625, 86.625, 108.4375, 113.625, 109.875, 85.8125, 71.5625, 137.25, 76.1875, 71.0, 91.25, 59.03125, 110.9375, 