{"name": "LZB_n160_19", "n": 160, "m": 20, "times": [[0.0, 112.4375, 84.1875, 89.0625, 88.6875, 28.3125, 76.6875, 102.4375, 71.5, 79.0625, 30.234375, 57.28125, 99.4375, 88.125, 100.3125, 85.125, 101.5625, 80.125, 28.84375, 80.375, 52.875, 26.6875, 21.640625, 86.8125, 62.8125, 94.0625, 99.5, 22.828125, 96.5, 109.8125, 86.3125, 69.875, 22.203125, 39.5625, 109.5625, 14.5625, 39.0, 66.1875, 100.0, 106.25, 77.3125, 76.3125, 99.9375, 86.5, 62.15625, 52.3125, 2.236328125, 39.84375, 102.3125, 110.9375, 74.0, 107.6875, 102.4375, 46.40625, 95.6875, 115.9375, 41.125, 47.1875, 85.0625, 63.0625, 80.0625, 19.421875, 121.625, 89.0625, 30.484375, 115.9375, 41.21875, 106.9375, 118.625, 88.625, 16.15625, 123.1875, 70.0, 42.53125, 90.8125, 91.4375, 119.875, 77.125, 79.375, 78.125, 88.625, 61.5625, 71.5625, 90.9375, 113.75, 100.6875, 93.625, 64.75, 103.75, 49.1875, 85.5625, 95.5, 76.6875, 52.1875, 88.625, 100.5625, 88.3125, 128.125, 82.0, 46.625, 78.625, 97.1875, 53.90625, 47.75, 22.359375, 99.0, 18.96875, 101.1875, 23.53125, 77.4375, 61.53125, 96.5, 99.625, 70.0625, 113.25, 110.0625, 104.375, 26.421875, 87.4375, 76.5, 87.6875, 3.60546875, 77.0625, 19.109375, 70.4375, 70.5625, 95.75, 55.96875, 27.515625, 97.6875, 91.375, 74.8125, 115.9375, 55.59375, 35.15625, 53.59375, 110.0, 106.5, 92.4375, 20.0, 110.125, 72.8125, 56.71875, 48.59375, 82.75, 56.75, 88.0625, 55.0, 47.4375, 96.8125, 106.8125, 125.375, 66.3125, 84.625, 105.9375, 40.46875, 104.9375, 31.25, 70.1875, 72.5, 56.375], [112.4375, 0.0, 85.125, 42.0, 123.0625, 140.75, 118.8125, 139.0, 135.875, 175.75, 142.25, 169.75, 187.875, 198.25, 208.875, 126.3125, 212.5, 112.1875, 140.75, 182.125, 146.25, 135.75, 118.4375, 122.0625, 157.375, 66.3125, 168.5, 90.6875, 197.25, 15.265625, 126.125, 120.0625, 95.8125, 99.8125, 180.5, 100.0, 142.25, 108.875, 19.0, 214.625, 142.0, 120.8125, 184.75, 176.625, 172.25, 164.75, 110.3125, 79.0625, 23.765625, 220.25, 81.25, 218.625, 209.125, 115.3125, 169.375, 21.265625, 90.8125, 128.0, 184.25, 173.625, 44.71875, 117.4375, 167.125, 61.53125, 114.25, 175.625, 79.75, 217.0, 150.75, 24.703125, 107.1875, 171.0, 77.625, 70.0625, 202.75, 191.875, 171.0, 76.0, 57.09375, 167.0, 63.5, 130.375, 174.375, 196.25, 225.125, 104.75, 202.5, 169.25, 36.78125, 67.75, 89.125, 175.625, 95.125, 161.375, 200.5, 207.75, 124.0625, 240.5, 187.125, 128.5, 36.25, 206.125, 121.125, 156.875, 101.25, 80.5, 95.75, 211.875, 126.625, 117.5, 50.9375, 199.25, 181.75, 182.5, 223.625, 178.25, 184.875, 138.125, 180.5, 153.75, 39.0625, 111.8125, 136.5, 114.625, 166.0, 70.6875, 171.5, 164.375, 127.0, 174.875, 203.375, 178.375, 226.875, 90.5, 133.75, 165.625, 8.9453125, 162.375, 153.5, 127.3125, 135.125, 157.25, 169.0, 64.6875, 137.5, 149.875, 192.375, 131.625, 159.75, 107.9375, 6.32421875, 237.75, 49.25, 147.5, 217.25, 123.0, 181.25, 138.375, 157.5, 150.25, 166.625], [84.1875, 85.125, 0.0, 43.09375, 38.625, 105.8125, 37.59375, 54.0, 59.1875, 109.0625, 109.5625, 128.875, 113.8125, 144.25, 150.875, 43.0, 159.5, 29.15625, 101.625, 164.0, 136.5, 92.1875, 73.0, 150.375, 92.8125, 21.9375, 179.0, 66.25, 180.0, 94.5625, 152.125, 42.0, 85.6875, 104.6875, 190.125, 82.4375, 123.1875, 32.5625, 66.125, 185.375, 153.625, 142.875, 109.0, 170.375, 121.75, 124.9375, 83.375, 49.40625, 94.9375, 188.75, 10.7734375, 183.0, 148.25, 51.90625, 90.375, 72.0, 43.09375, 64.5, 169.0, 141.875, 42.71875, 73.6875, 193.75, 113.4375, 62.59375, 92.0, 46.8125, 161.125, 65.9375, 66.25, 92.4375, 196.375, 16.125, 62.125, 164.125, 126.0, 194.125, 115.25, 102.1875, 96.1875, 114.625, 137.625, 113.4375, 134.75, 172.125, 149.25, 172.75, 148.0, 106.0625, 79.625, 4.125, 98.8125, 13.453125, 133.5, 162.0, 181.0, 39.8125, 191.875, 164.5, 65.375, 57.0, 176.125, 127.9375, 107.3125, 62.03125, 133.25, 67.0625, 177.5, 80.8125, 141.875, 64.6875, 134.625, 182.625, 142.0, 189.5, 96.4375, 187.125, 107.25, 110.375, 79.0, 46.375, 86.5, 57.46875, 71.4375, 154.625, 20.515625, 177.125, 112.3125, 111.0, 179.5, 164.5, 158.125, 172.625, 29.0625, 118.9375, 121.75, 77.0, 181.75, 168.625, 85.1875, 171.625, 155.375, 126.5, 57.0, 56.375, 140.375, 130.375, 63.59375, 119.5625, 148.75, 79.25, 188.75, 77.0, 67.5625, 164.875, 119.375, 186.75, 91.5, 87.6875, 76.5625, 136.25], [89.0625, 42.0, 43.09375, 0.0, 81.125, 116.375, 77.4375, 97.0, 95.875, 139.75, 118.9375, 144.0, 149.375, 167.625, 176.875, 84.5625, 182.625, 70.4375, 114.5625, 167.125, 134.0, 107.4375, 88.25, 129.0, 121.8125, 25.9375, 167.5, 66.3125, 183.125, 51.9375, 132.0, 79.375, 79.4375, 92.0, 179.375, 80.375, 125.3125, 68.3125, 23.015625, 195.25, 140.625, 124.1875, 145.625, 167.375, 142.5, 139.25, 87.3125, 49.75, 53.65625, 200.0, 39.625, 196.375, 175.875, 78.5, 129.0, 31.765625, 56.5625, 91.8125, 170.75, 152.125, 9.21875, 87.8125, 174.75, 79.625, 81.3125, 134.0, 49.09375, 186.0, 108.875, 25.234375, 89.75, 178.0, 36.6875, 49.8125, 178.875, 156.5, 176.875, 86.75, 69.875, 129.375, 81.1875, 126.125, 140.625, 162.625, 195.375, 120.5625, 182.625, 152.375, 66.0625, 59.40625, 47.15625, 136.125, 53.34375, 141.125, 176.625, 189.375, 82.125, 212.875, 170.125, 92.4375, 20.59375, 186.25, 116.0625, 127.0, 71.875, 100.4375, 70.1875, 190.125, 96.8125, 122.0, 38.625, 164.375, 176.125, 157.25, 202.125, 137.125, 180.0, 115.375, 143.375, 114.625, 4.2421875, 89.6875, 95.875, 85.0, 153.75, 30.078125, 168.0, 133.75, 110.625, 171.0, 179.375, 162.25, 196.625, 51.96875, 118.375, 138.5, 34.125, 165.875, 154.375, 99.0625, 147.375, 149.375, 142.5, 42.75, 96.3125, 137.875, 158.5, 94.125, 134.0, 121.625, 36.125, 209.875, 47.53125, 106.75, 187.625, 112.5625, 178.0, 108.875, 120.0625, 111.375, 145.375], [88.6875, 123.0625, 38.625, 81.125, 0.0, 101.125, 12.0859375, 17.09375, 30.359375, 81.875, 105.5, 117.0625, 80.75, 122.8125, 126.4375, 6.70703125, 137.625, 11.703125, 95.125, 161.125, 140.5, 84.9375, 70.0, 169.0, 69.375, 60.15625, 188.125, 79.1875, 176.25, 131.375, 169.75, 19.640625, 99.1875, 120.3125, 198.125, 93.25, 124.4375, 23.34375, 104.0625, 175.0, 165.375, 159.875, 74.9375, 172.75, 104.6875, 114.1875, 88.8125, 68.25, 130.5, 177.0, 42.09375, 169.375, 122.125, 43.09375, 54.65625, 110.625, 54.5625, 49.375, 167.125, 133.875, 79.1875, 71.6875, 208.625, 143.25, 59.09375, 53.375, 65.4375, 137.375, 32.4375, 102.5, 101.8125, 210.625, 46.53125, 84.875, 150.375, 98.0, 207.625, 141.375, 131.625, 67.125, 144.125, 149.25, 90.125, 109.25, 149.625, 173.625, 163.125, 145.0, 140.5, 103.75, 34.9375, 64.375, 28.078125, 128.625, 148.25, 172.375, 1.4140625, 170.75, 159.125, 50.34375, 92.0625, 166.125, 140.625, 93.0, 68.0, 161.5, 77.3125, 165.125, 75.0, 159.75, 94.3125, 106.9375, 187.25, 129.0, 176.375, 58.59375, 192.125, 104.6875, 80.4375, 48.375, 84.0, 91.9375, 25.5, 70.6875, 155.875, 53.46875, 184.25, 95.4375, 115.8125, 186.0, 150.375, 154.625, 149.125, 42.1875, 123.0, 109.0, 115.1875, 194.5, 180.625, 80.625, 191.75, 161.0, 114.0, 82.3125, 21.40625, 144.125, 104.8125, 44.0, 109.375, 172.0, 117.0, 167.625, 106.75, 32.5625, 143.0, 128.75, 193.25, 82.0625, 60.53125, 47.4375, 129.5], [28.3125, 140.75, 105.8125, 116.375, 101.125, 0.0, 89.25, 111.8125, 76.9375, 64.625, 4.47265625, 29.0625, 87.6875, 62.3125, 75.4375, 96.1875, 74.6875, 95.0625, 7.0703125, 60.03125, 44.59375, 16.546875, 33.0, 97.3125, 53.0, 118.6875, 94.8125, 50.8125, 75.5625, 137.75, 95.3125, 81.5, 47.5, 57.875, 102.75, 41.40625, 26.90625, 81.5, 128.25, 80.0625, 78.75, 86.125, 90.0625, 72.9375, 37.46875, 24.078125, 30.40625, 66.625, 130.0, 84.125, 96.5, 80.0625, 78.9375, 58.6875, 91.9375, 144.0, 64.0, 52.5625, 66.0, 36.40625, 107.5625, 32.125, 123.1875, 113.3125, 44.0, 115.4375, 67.5625, 80.75, 127.125, 116.9375, 37.15625, 123.6875, 93.375, 70.8125, 62.6875, 73.0, 119.625, 99.1875, 104.6875, 69.0625, 112.625, 65.5625, 53.375, 69.0, 86.4375, 117.0, 67.4375, 43.9375, 130.5, 76.25, 106.375, 88.625, 96.0625, 28.015625, 60.46875, 75.3125, 100.4375, 100.0, 59.0, 51.625, 106.8125, 70.875, 61.625, 26.46875, 45.53125, 120.25, 46.3125, 73.8125, 26.3125, 88.4375, 89.8125, 76.125, 88.75, 41.78125, 85.9375, 106.8125, 93.75, 6.32421875, 74.3125, 74.4375, 115.25, 29.0625, 83.1875, 34.375, 55.9375, 95.1875, 88.5, 34.125, 28.4375, 89.5, 63.25, 53.59375, 89.0, 76.8125, 30.875, 26.40625, 138.25, 106.25, 92.375, 21.03125, 119.625, 65.0625, 28.84375, 76.8125, 89.5, 47.375, 67.0, 59.5, 19.421875, 112.1875, 135.125, 97.3125, 94.0, 87.6875, 78.75, 46.09375, 96.1875, 20.8125, 63.78125, 71.0625, 30.40625], [76.6875, 118.8125, 37.59375, 77.4375, 12.0859375, 89.25, 0.0, 27.015625, 22.796875, 74.625, 93.625, 106.0, 76.6875, 113.875, 118.5, 9.4375, 128.875, 9.21875, 83.375, 149.25, 128.5, 73.1875, 57.9375, 157.75, 60.53125, 59.46875, 176.125, 67.9375, 164.625, 126.0, 158.375, 8.0, 87.6875, 108.875, 186.125, 81.5625, 112.375, 12.53125, 100.0, 164.0, 153.5, 148.5, 71.625, 160.75, 94.5625, 103.0, 76.875, 58.1875, 124.3125, 166.25, 37.84375, 158.875, 114.75, 31.015625, 52.78125, 108.25, 43.84375, 38.0, 155.25, 122.4375, 74.25, 59.625, 197.0, 134.5, 47.0, 57.0, 55.46875, 129.25, 43.1875, 97.0, 90.0, 198.875, 41.1875, 75.125, 139.75, 91.25, 195.75, 131.5, 122.75, 60.59375, 135.25, 137.375, 81.5625, 101.625, 141.125, 163.375, 152.0, 133.25, 133.5, 93.9375, 34.65625, 61.28125, 24.703125, 116.875, 137.75, 161.125, 11.6640625, 162.0, 147.5, 39.0, 86.0625, 155.0, 128.875, 82.25, 56.21875, 152.125, 65.8125, 154.375, 63.0625, 148.5, 86.125, 100.125, 175.125, 118.25, 165.75, 59.65625, 180.0, 92.75, 74.5, 42.4375, 79.875, 79.9375, 20.0, 58.59375, 143.875, 48.15625, 172.25, 85.1875, 103.75, 174.0, 139.875, 142.75, 141.0, 32.90625, 110.9375, 98.0625, 111.4375, 182.625, 168.625, 68.6875, 180.625, 148.875, 103.0625, 73.1875, 18.96875, 132.125, 97.125, 33.375, 98.0625, 161.5, 112.625, 158.875, 98.375, 29.96875, 134.25, 116.75, 181.125, 70.4375, 53.0, 40.59375, 117.9375], [102.4375, 139.0, 54.0, 97.0, 17.09375, 111.8125, 27.015625, 0.0, 35.6875, 82.25, 116.25, 124.4375, 76.1875, 125.3125, 127.125, 17.6875, 139.5, 28.796875, 105.3125, 171.125, 153.125, 95.25, 82.5, 184.75, 73.0, 74.6875, 201.625, 94.9375, 185.875, 147.875, 185.25, 32.65625, 114.5625, 135.75, 211.25, 108.25, 136.375, 39.40625, 120.0625, 182.0, 179.625, 175.375, 69.625, 184.375, 110.0625, 122.1875, 102.8125, 84.875, 147.375, 183.375, 58.6875, 175.0, 121.75, 56.03125, 48.5625, 125.6875, 70.8125, 59.25, 177.375, 142.375, 95.625, 84.375, 223.5, 160.375, 72.125, 40.25, 82.125, 138.25, 16.28125, 119.0625, 116.375, 225.25, 63.34375, 101.6875, 156.125, 97.0625, 222.125, 158.125, 148.625, 66.9375, 161.125, 163.625, 92.625, 109.625, 150.875, 190.25, 170.5, 155.25, 157.375, 120.5625, 50.03125, 59.15625, 44.71875, 138.5, 154.125, 180.0, 16.546875, 172.625, 168.375, 60.15625, 108.875, 173.25, 155.375, 100.125, 82.8125, 178.5, 92.625, 171.25, 86.3125, 175.5, 111.4375, 105.9375, 199.5, 135.625, 182.125, 48.28125, 204.375, 115.9375, 78.75, 48.65625, 100.125, 105.8125, 29.421875, 83.75, 167.375, 70.1875, 197.25, 101.25, 129.0, 198.875, 156.125, 164.5, 149.875, 59.0625, 135.875, 116.25, 131.0, 208.875, 194.75, 92.125, 207.625, 173.75, 121.1875, 99.3125, 23.1875, 156.625, 105.25, 52.5, 117.6875, 188.5, 133.125, 169.5, 123.875, 30.59375, 144.75, 142.75, 205.875, 91.6875, 62.40625, 49.15625, 138.75], [71.5, 135.875, 59.1875, 95.875, 30.359375, 76.9375, 22.796875, 35.6875, 0.0, 51.96875, 81.375, 88.8125, 54.65625, 92.4375, 96.25, 23.765625, 107.1875, 32.0, 70.25, 135.625, 119.5625, 60.375, 50.21875, 157.25, 39.0625, 80.6875, 169.0, 69.875, 150.25, 141.25, 157.25, 17.203125, 87.4375, 108.4375, 178.125, 80.125, 102.375, 27.734375, 117.4375, 146.5, 148.5, 147.25, 50.125, 149.875, 75.0625, 86.5, 72.375, 65.75, 138.25, 148.125, 57.25, 140.0, 92.1875, 27.3125, 33.53125, 127.375, 50.5, 25.0, 142.125, 106.75, 91.1875, 52.3125, 193.0, 143.0, 41.40625, 46.25, 63.5, 107.125, 50.34375, 112.625, 86.8125, 194.5, 59.25, 82.5625, 121.0, 68.5, 191.0, 137.25, 131.375, 37.8125, 143.375, 133.0, 59.78125, 79.1875, 119.25, 166.875, 135.0, 120.0, 146.0, 100.4375, 56.71875, 40.3125, 45.8125, 103.125, 119.0, 144.375, 29.125, 140.375, 132.75, 25.8125, 101.125, 137.75, 125.375, 64.5, 55.46875, 158.75, 66.1875, 136.0, 52.4375, 147.875, 97.125, 77.375, 165.375, 100.1875, 147.0, 44.1875, 170.25, 81.5, 51.75, 19.84375, 97.75, 75.0625, 6.32421875, 52.40625, 132.875, 65.8125, 163.875, 66.0, 96.5625, 165.25, 121.0, 129.0, 118.875, 45.53125, 102.8125, 80.625, 129.125, 177.625, 163.5, 58.25, 180.625, 140.375, 85.5625, 82.5, 12.6484375, 122.875, 74.6875, 17.5, 82.0, 164.125, 129.5, 137.25, 108.5625, 13.9296875, 112.5625, 111.75, 172.25, 56.46875, 30.40625, 17.796875, 103.1875], [79.0625, 175.75, 109.0625, 139.75, 81.875, 64.625, 74.625, 82.25, 51.96875, 0.0, 68.0, 57.375, 23.59375, 44.0, 44.9375, 75.125, 57.4375, 83.75, 58.1875, 109.25, 107.5625, 53.75, 61.65625, 161.375, 18.390625, 129.375, 156.75, 91.5625, 120.6875, 177.875, 159.75, 68.0, 101.0, 117.8125, 163.0, 93.0, 90.375, 76.5, 158.875, 107.9375, 143.125, 150.25, 27.65625, 129.5, 37.8125, 58.0, 81.0, 97.5, 172.625, 107.5625, 104.75, 97.75, 40.25, 61.28125, 39.625, 171.375, 85.0, 48.03125, 116.25, 77.3125, 133.25, 63.5, 187.125, 166.75, 62.3125, 64.3125, 96.375, 56.03125, 92.375, 151.25, 94.4375, 187.25, 105.125, 110.875, 80.0, 16.96875, 183.0, 156.0, 156.25, 15.296875, 166.625, 130.125, 14.421875, 27.515625, 68.6875, 178.875, 98.4375, 96.1875, 177.25, 124.4375, 107.1875, 31.015625, 95.6875, 80.125, 78.4375, 108.25, 80.5, 90.4375, 103.0, 47.5, 139.5, 100.3125, 125.875, 38.9375, 77.375, 178.0, 86.3125, 95.5, 56.03125, 152.375, 129.375, 25.609375, 146.625, 63.625, 104.8125, 52.1875, 151.5, 70.9375, 10.0, 33.84375, 140.625, 82.125, 56.375, 65.75, 113.5625, 110.625, 149.25, 33.40625, 92.625, 149.5, 79.6875, 102.75, 67.75, 88.0, 95.4375, 50.21875, 170.5, 169.75, 156.125, 59.0625, 184.0, 126.75, 53.8125, 113.8125, 61.09375, 109.625, 23.09375, 46.09375, 56.21875, 174.625, 169.5, 87.3125, 138.25, 51.65625, 62.65625, 110.375, 155.5, 48.5, 21.640625, 34.4375, 77.0625], [30.234375, 142.25, 109.5625, 118.9375, 105.5, 4.47265625, 93.625, 116.25, 81.375, 68.0, 0.0, 28.296875, 91.25, 63.0625, 76.5, 100.5625, 74.875, 99.3125, 11.3984375, 55.71875, 40.46875, 21.03125, 37.0, 94.5625, 57.0, 122.0, 90.625, 53.0, 71.375, 138.875, 92.4375, 85.875, 48.0, 56.75, 98.4375, 42.4375, 22.796875, 85.6875, 130.25, 76.875, 75.125, 83.375, 93.8125, 68.5, 39.0625, 23.328125, 32.1875, 69.375, 130.875, 81.125, 100.125, 77.5, 80.375, 62.96875, 96.1875, 146.125, 67.4375, 57.0, 61.625, 33.25, 110.0625, 36.0, 119.375, 112.9375, 48.09375, 119.75, 70.375, 81.25, 131.625, 118.6875, 37.21875, 119.8125, 96.875, 72.625, 60.59375, 75.6875, 115.6875, 98.375, 104.6875, 73.0, 112.1875, 62.3125, 56.3125, 71.0, 86.3125, 115.0, 64.1875, 39.625, 130.875, 77.0, 110.25, 92.625, 100.0, 24.015625, 58.40625, 71.8125, 104.8125, 99.0, 55.0, 56.09375, 108.8125, 67.6875, 58.84375, 29.40625, 48.75, 119.125, 48.75, 71.125, 30.59375, 85.8125, 91.375, 78.4375, 84.3125, 40.375, 83.1875, 111.0625, 89.3125, 4.47265625, 77.8125, 78.75, 117.75, 30.484375, 87.6875, 38.125, 51.46875, 98.5, 84.25, 36.6875, 26.015625, 85.125, 61.21875, 49.375, 89.0625, 80.5, 27.515625, 26.921875, 140.125, 102.3125, 88.5, 25.171875, 116.6875, 60.8125, 28.640625, 78.8125, 93.9375, 43.125, 69.25, 63.96875, 19.3125, 110.0, 136.75, 96.375, 95.0, 92.125, 78.75, 43.40625, 91.8125, 25.234375, 67.9375, 75.4375, 26.921875], [57.28125, 169.75, 128.875, 144.0, 117.0625, 29.0625, 106.0, 124.4375, 88.8125, 57.375, 28.296875, 0.0, 80.625, 37.0, 51.0, 111.1875, 47.125, 113.3125, 29.40625, 51.84375, 56.09375, 37.15625, 56.875, 117.0, 54.21875, 143.875, 101.9375, 79.375, 64.0, 166.875, 114.1875, 98.0, 76.25, 84.125, 107.0625, 70.4375, 42.0, 100.8125, 156.875, 58.0, 92.9375, 106.0, 85.0625, 72.625, 19.84375, 5.0, 59.40625, 94.3125, 159.0, 60.40625, 120.5, 54.125, 56.4375, 78.0625, 93.5625, 172.375, 89.5, 68.0625, 58.90625, 20.0, 135.375, 56.8125, 134.5, 141.0, 66.4375, 118.5625, 94.875, 54.125, 138.25, 145.75, 65.5, 134.125, 118.125, 99.75, 35.46875, 58.84375, 129.5, 125.9375, 132.875, 67.75, 140.125, 83.125, 43.125, 49.96875, 58.1875, 140.0, 46.1875, 39.21875, 159.25, 105.1875, 128.75, 87.0625, 117.6875, 24.703125, 33.25, 55.59375, 116.0625, 70.9375, 46.15625, 67.0625, 135.5, 49.03125, 82.125, 24.328125, 72.1875, 146.125, 74.625, 48.84375, 48.46875, 109.0625, 118.8125, 58.6875, 89.8125, 13.4140625, 60.625, 107.6875, 94.625, 32.75, 67.1875, 79.6875, 143.125, 58.125, 95.0625, 59.46875, 57.46875, 120.8125, 93.625, 25.0625, 51.9375, 93.5, 35.84375, 45.34375, 61.09375, 100.5625, 50.34375, 8.25, 167.125, 116.8125, 104.0625, 45.1875, 137.75, 72.625, 3.60546875, 105.5625, 101.25, 57.0, 49.65625, 73.0625, 10.0, 134.625, 164.125, 68.25, 123.0625, 96.3125, 50.6875, 67.625, 99.0625, 37.375, 66.3125, 77.5, 20.25], [99.4375, 187.875, 113.8125, 149.375, 80.75, 87.6875, 76.6875, 76.1875, 54.65625, 23.59375, 91.25, 80.625, 0.0, 61.34375, 57.3125, 74.25, 72.0, 85.8125, 81.0, 132.375, 131.0, 75.5625, 80.125, 183.75, 36.6875, 135.375, 180.375, 109.0625, 143.25, 191.625, 182.25, 71.875, 120.8125, 138.875, 186.625, 112.75, 113.75, 82.125, 170.125, 128.375, 166.375, 172.625, 7.0703125, 153.0, 60.8125, 81.4375, 101.25, 112.0, 187.375, 127.25, 111.625, 116.8125, 50.0, 72.8125, 27.734375, 181.125, 98.0, 61.0, 139.375, 100.4375, 143.875, 82.25, 210.5, 185.0, 78.25, 48.03125, 110.4375, 68.125, 82.5625, 163.875, 115.3125, 210.75, 113.1875, 126.875, 100.1875, 26.921875, 206.5, 175.5, 174.125, 22.015625, 185.0, 153.125, 37.46875, 41.21875, 81.125, 200.0, 119.6875, 119.625, 193.25, 142.125, 111.1875, 17.0, 100.4375, 103.6875, 98.8125, 129.5, 79.3125, 103.0625, 125.75, 60.8125, 152.125, 121.3125, 148.375, 62.4375, 94.125, 197.625, 104.0, 115.4375, 75.9375, 174.5, 144.375, 34.125, 170.125, 85.8125, 123.6875, 35.0, 175.0, 93.9375, 13.6015625, 35.0, 150.875, 102.75, 56.71875, 84.125, 137.125, 119.4375, 172.75, 57.0, 115.3125, 173.0, 99.75, 125.875, 79.0, 97.6875, 118.5625, 73.6875, 181.75, 193.25, 179.625, 79.8125, 206.625, 150.375, 77.0625, 128.875, 59.40625, 133.125, 37.9375, 56.3125, 79.8125, 196.0, 181.5, 100.0625, 154.25, 48.15625, 76.625, 133.0, 179.0, 70.1875, 31.25, 38.0, 100.5], [88.125, 198.25, 144.25, 167.625, 122.8125, 62.3125, 113.875, 125.3125, 92.4375, 44.0, 63.0625, 37.0, 61.34375, 0.0, 14.0390625, 116.1875, 15.265625, 122.5625, 59.5, 80.125, 92.5625, 62.6875, 80.0625, 154.0, 53.4375, 162.5, 135.625, 107.875, 87.4375, 197.25, 151.125, 106.375, 109.25, 119.8125, 139.25, 102.4375, 79.0, 112.6875, 183.5, 67.9375, 129.25, 143.0, 67.75, 103.8125, 26.078125, 41.1875, 90.375, 119.75, 190.25, 66.1875, 137.875, 55.53125, 20.609375, 92.625, 83.375, 198.0, 111.125, 79.75, 86.9375, 51.25, 159.75, 80.9375, 169.375, 175.625, 86.375, 107.5, 119.625, 18.875, 136.125, 173.625, 99.375, 168.625, 136.875, 128.75, 40.0, 34.53125, 163.875, 161.375, 166.75, 59.03125, 174.875, 120.0625, 32.75, 20.59375, 28.015625, 176.875, 60.875, 71.8125, 191.875, 137.25, 143.125, 74.0, 131.5, 60.53125, 39.0625, 70.3125, 121.5625, 48.09375, 71.5625, 78.875, 162.625, 61.84375, 119.125, 41.40625, 97.1875, 182.125, 102.625, 54.71875, 71.6875, 146.0, 148.125, 29.40625, 120.75, 32.90625, 62.40625, 94.9375, 125.25, 67.4375, 50.8125, 76.625, 167.625, 89.875, 97.75, 83.75, 90.75, 141.0, 126.625, 33.96875, 88.3125, 125.9375, 39.40625, 74.6875, 29.0, 118.8125, 87.25, 36.125, 194.5, 151.625, 139.5, 71.0, 174.5, 107.4375, 35.21875, 133.625, 103.1875, 93.0625, 23.40625, 81.4375, 43.9375, 171.625, 192.25, 44.9375, 154.125, 94.75, 20.59375, 104.5, 130.625, 59.8125, 62.96875, 76.3125, 54.90625], [100.3125, 208.875, 150.875, 176.875, 126.4375, 75.4375, 118.5, 127.125, 96.25, 44.9375, 76.5, 51.0, 57.3125, 14.0390625, 0.0, 119.75, 15.234375, 127.5, 72.125, 93.0625, 106.5625, 74.25, 90.4375, 168.0, 58.3125, 170.125, 149.25, 119.1875, 99.3125, 208.5, 165.125, 111.4375, 121.8125, 133.25, 152.5, 114.75, 93.0, 118.75, 193.625, 77.25, 143.25, 157.0, 64.1875, 117.0, 38.28125, 55.09375, 102.5625, 130.0, 201.875, 74.375, 145.25, 63.25, 8.6015625, 100.125, 82.25, 207.75, 120.3125, 86.8125, 99.75, 65.0, 169.375, 91.5, 183.125, 188.5, 95.6875, 105.0625, 129.625, 11.1796875, 136.625, 184.25, 112.25, 182.25, 144.75, 140.0, 50.34375, 31.015625, 177.5, 174.625, 179.375, 60.15625, 187.875, 134.125, 37.4375, 17.46875, 24.078125, 190.75, 71.6875, 85.4375, 204.0, 149.5, 149.5, 72.0, 137.875, 74.5625, 49.8125, 80.6875, 125.1875, 46.09375, 84.125, 86.0625, 173.0, 72.1875, 133.125, 52.78125, 107.625, 195.625, 113.875, 63.78125, 82.375, 160.0, 159.375, 23.1875, 133.875, 46.5625, 69.625, 92.125, 138.25, 80.8125, 49.25, 78.75, 177.0, 102.3125, 101.0, 94.3125, 104.375, 149.375, 140.125, 44.78125, 101.9375, 139.25, 49.59375, 87.875, 22.796875, 126.8125, 101.1875, 49.65625, 204.75, 165.375, 153.375, 82.375, 188.5, 121.25, 49.09375, 144.5, 105.9375, 107.0625, 21.84375, 87.375, 57.5625, 185.5, 202.875, 43.03125, 166.0, 96.5625, 19.421875, 118.3125, 143.75, 70.8125, 65.9375, 79.125, 68.875], [85.125, 126.3125, 43.0, 84.5625, 6.70703125, 96.1875, 9.4375, 17.6875, 23.765625, 75.125, 100.5625, 111.1875, 74.25, 116.1875, 119.75, 0.0, 131.0, 14.140625, 90.0, 156.0, 136.375, 79.8125, 65.75, 167.0, 62.8125, 64.875, 184.5, 77.25, 171.0, 134.0, 167.625, 15.265625, 96.875, 118.125, 194.375, 90.625, 120.0, 21.953125, 107.375, 169.125, 162.25, 157.625, 68.625, 168.25, 98.4375, 108.4375, 85.4375, 67.625, 132.75, 171.0, 45.09375, 163.25, 115.375, 38.9375, 48.59375, 114.75, 53.25, 43.9375, 162.125, 128.25, 82.0, 67.5625, 205.875, 143.75, 55.0625, 49.375, 64.875, 130.75, 33.9375, 105.0625, 98.875, 207.75, 49.0, 84.5625, 144.125, 91.3125, 204.625, 141.0, 132.0, 60.40625, 144.5, 146.25, 83.5, 102.5625, 143.0, 172.75, 157.375, 140.0, 142.25, 103.375, 39.5625, 58.0625, 31.25, 123.4375, 142.125, 166.625, 5.38671875, 164.125, 153.75, 44.90625, 94.3125, 160.25, 137.75, 87.0, 65.1875, 161.5, 74.9375, 159.0, 70.25, 157.75, 95.1875, 100.25, 183.0, 123.0, 170.25, 53.5, 187.875, 99.9375, 73.8125, 41.6875, 87.25, 88.5, 18.78125, 66.75, 151.375, 56.0, 180.375, 89.1875, 112.0, 182.0, 144.25, 149.375, 142.5, 42.15625, 119.0, 103.0625, 118.6875, 191.375, 177.375, 75.9375, 189.875, 157.0, 108.0625, 82.4375, 14.8671875, 140.0, 98.0625, 38.125, 103.6875, 170.875, 120.1875, 161.0, 107.5, 26.171875, 136.25, 125.4375, 189.25, 76.6875, 53.84375, 40.71875, 124.125], [101.5625, 212.5, 159.5, 182.625, 137.625, 74.6875, 128.875, 139.5, 107.1875, 57.4375, 74.875, 47.125, 72.0, 15.265625, 15.234375, 131.0, 0.0, 137.625, 72.6875, 82.25, 100.0625, 76.8125, 94.75, 162.5, 68.375, 177.75, 139.75, 122.0, 86.8125, 211.125, 159.25, 121.4375, 122.125, 131.25, 142.0, 115.625, 88.3125, 127.875, 198.125, 62.9375, 136.125, 151.625, 78.75, 106.625, 40.375, 51.875, 103.75, 134.375, 203.875, 59.65625, 153.125, 48.40625, 23.703125, 107.9375, 96.0, 212.875, 126.125, 95.0, 88.625, 57.03125, 174.75, 95.5, 174.125, 187.75, 101.4375, 119.4375, 134.375, 8.546875, 149.75, 188.125, 111.8125, 173.0, 152.0, 142.75, 37.21875, 45.28125, 168.125, 173.0, 179.375, 72.6875, 187.0, 128.375, 47.4375, 31.0625, 12.8046875, 186.625, 58.53125, 76.625, 205.0, 150.625, 158.375, 86.0625, 146.75, 68.1875, 37.125, 67.0, 136.25, 33.25, 72.8125, 94.125, 177.125, 58.59375, 128.375, 55.90625, 111.8125, 193.25, 116.8125, 49.53125, 86.3125, 154.875, 162.25, 38.09375, 123.0625, 39.0625, 54.65625, 106.5625, 127.25, 79.3125, 63.0, 90.8125, 182.5, 103.0625, 112.375, 98.375, 95.375, 156.25, 130.25, 48.84375, 99.0625, 129.125, 36.34375, 77.625, 14.421875, 134.0, 97.0625, 48.3125, 209.0, 156.5, 145.125, 85.25, 182.0, 112.875, 46.25, 147.875, 117.625, 100.0, 35.0, 96.625, 55.53125, 181.0, 206.625, 30.078125, 167.875, 108.875, 5.38671875, 114.3125, 133.125, 74.3125, 77.375, 90.6875, 62.0625], [80.125, 112.1875, 29.15625, 70.4375, 11.703125, 95.0625, 9.21875, 28.796875, 32.0, 83.75, 99.3125, 113.3125, 85.8125, 122.5625, 127.5, 14.140625, 137.625, 0.0, 89.4375, 155.0, 132.625, 79.3125, 62.8125, 158.5, 69.375, 51.09375, 179.375, 68.875, 170.5, 120.125, 159.375, 16.15625, 89.0, 110.0, 189.625, 83.5, 117.0625, 13.9296875, 93.25, 171.125, 155.875, 149.625, 80.625, 165.375, 102.625, 110.0625, 80.0625, 57.0, 119.0625, 173.625, 31.015625, 166.625, 123.8125, 36.34375, 61.40625, 100.6875, 43.875, 45.28125, 160.875, 129.0, 68.0, 64.3125, 198.75, 131.625, 51.65625, 63.5, 54.21875, 138.25, 43.90625, 91.1875, 92.4375, 200.875, 35.125, 73.5, 147.5, 100.4375, 198.0, 129.875, 119.9375, 69.8125, 132.375, 139.875, 90.375, 110.625, 150.0, 162.375, 159.0, 138.875, 128.875, 92.375, 25.9375, 70.1875, 17.125, 122.9375, 145.375, 168.0, 12.3671875, 170.625, 153.75, 46.28125, 80.625, 162.125, 130.875, 89.8125, 58.65625, 149.875, 67.4375, 161.875, 68.75, 149.375, 82.625, 109.3125, 179.375, 125.8125, 173.375, 67.375, 184.25, 98.0625, 83.75, 51.65625, 73.1875, 83.1875, 29.0625, 62.9375, 148.75, 42.09375, 175.875, 93.1875, 107.5625, 177.75, 147.625, 148.625, 149.875, 30.8125, 114.9375, 105.5, 104.5625, 185.0, 171.25, 74.125, 181.0, 152.875, 110.4375, 70.6875, 27.296875, 136.375, 106.1875, 41.5, 105.0, 160.875, 106.125, 167.5, 95.0625, 38.59375, 143.0, 119.5625, 185.0, 77.0, 62.125, 49.8125, 124.3125], [28.84375, 140.75, 101.625, 114.5625, 95.125, 7.0703125, 83.375, 105.3125, 70.25, 58.1875, 11.3984375, 29.40625, 81.0, 59.5, 72.125, 90.0, 72.6875, 89.4375, 0.0, 66.0, 51.65625, 10.1953125, 28.640625, 103.3125, 46.03125, 115.4375, 101.875, 50.21875, 81.1875, 138.625, 101.5625, 75.5, 49.78125, 62.1875, 109.8125, 42.9375, 33.96875, 76.125, 127.5625, 83.75, 85.5625, 92.1875, 83.25, 79.75, 33.84375, 24.703125, 31.0625, 64.875, 131.125, 87.375, 92.625, 82.4375, 74.9375, 53.15625, 84.875, 143.0, 60.75, 46.1875, 72.125, 40.3125, 105.9375, 28.15625, 130.125, 116.375, 39.21875, 108.375, 65.5, 78.25, 120.5625, 116.6875, 40.25, 130.625, 89.875, 70.75, 64.4375, 67.375, 126.625, 102.9375, 107.3125, 62.125, 115.8125, 72.0625, 47.53125, 64.375, 84.875, 122.1875, 71.1875, 50.0, 132.375, 77.875, 101.9375, 81.625, 91.375, 33.53125, 62.1875, 79.5, 94.375, 99.6875, 64.25, 45.21875, 106.1875, 74.5, 67.75, 21.0, 42.9375, 124.3125, 45.34375, 76.5625, 21.03125, 94.375, 90.0, 71.0, 95.6875, 42.71875, 88.625, 99.75, 100.6875, 13.0390625, 67.75, 67.375, 113.75, 30.40625, 76.5625, 30.671875, 62.78125, 92.125, 95.5625, 29.0625, 34.46875, 96.5625, 64.875, 59.4375, 87.125, 72.75, 37.59375, 24.84375, 137.875, 113.25, 99.3125, 16.5, 125.875, 72.125, 28.3125, 76.375, 82.875, 54.4375, 62.0625, 52.9375, 19.421875, 117.5, 135.125, 96.875, 95.125, 80.75, 77.125, 52.1875, 103.25, 13.890625, 56.71875, 64.0, 35.0], [80.375, 182.125, 164.0, 167.125, 161.125, 60.03125, 149.25, 171.125, 135.625, 109.25, 55.71875, 51.84375, 132.375, 80.125, 93.0625, 156.0, 82.25, 155.0, 66.0, 0.0, 36.40625, 76.1875, 92.5625, 92.1875, 104.9375, 174.375, 58.3125, 101.8125, 16.125, 175.0, 87.875, 141.5, 88.25, 82.9375, 59.78125, 86.8125, 41.96875, 141.375, 173.875, 37.59375, 61.6875, 83.25, 136.875, 24.515625, 71.5, 51.875, 81.625, 119.6875, 165.625, 44.71875, 154.125, 49.46875, 100.625, 118.6875, 144.75, 190.5, 121.125, 112.0625, 7.0703125, 31.890625, 158.0, 91.375, 93.25, 137.25, 103.6875, 169.625, 121.3125, 90.75, 186.0, 161.125, 77.5, 91.6875, 150.375, 117.625, 46.53125, 109.25, 86.6875, 119.5, 132.875, 119.25, 135.75, 61.03125, 94.9375, 98.25, 87.5, 120.375, 29.609375, 16.125, 161.5, 114.5, 165.0, 138.75, 155.25, 32.5625, 45.90625, 29.15625, 160.375, 87.1875, 10.0, 111.125, 153.25, 32.28125, 66.5, 73.9375, 102.0625, 134.75, 99.0, 42.75, 86.3125, 87.3125, 133.5, 107.4375, 40.84375, 48.0, 50.6875, 159.25, 45.1875, 57.21875, 119.0, 129.75, 165.125, 78.75, 142.0, 93.1875, 18.875, 151.0, 48.5, 76.625, 56.625, 47.0625, 47.53125, 6.70703125, 91.8125, 135.0, 49.03125, 59.40625, 182.0, 76.0, 66.5, 80.875, 107.1875, 36.0625, 55.4375, 124.625, 148.375, 33.3125, 99.0, 118.625, 55.0625, 114.0625, 177.5, 86.0625, 132.875, 145.125, 82.6875, 59.625, 50.90625, 79.375, 117.0, 127.0, 33.125], [52.875, 146.25, 136.5, 134.0, 140.5, 44.59375, 128.5, 153.125, 119.5625, 107.5625, 40.46875, 56.09375, 131.0, 92.5625, 106.5625, 136.375, 100.0625, 132.625, 51.65625, 36.40625, 0.0, 60.21875, 70.6875, 62.65625, 97.4375, 144.0, 50.21875, 71.0625, 51.0, 138.75, 59.21875, 121.1875, 54.59375, 46.65625, 58.59375, 55.0, 17.6875, 118.6875, 138.875, 72.375, 36.875, 52.1875, 134.0, 34.0625, 74.0, 52.875, 53.375, 89.0, 129.25, 79.0, 126.0, 81.125, 112.4375, 97.5, 136.5, 155.625, 93.5625, 94.5625, 38.0, 43.28125, 124.75, 68.875, 79.625, 101.125, 81.4375, 159.875, 91.0625, 108.0, 169.0, 125.9375, 45.0, 79.75, 121.5625, 84.1875, 71.5, 113.0625, 75.5, 83.625, 96.5625, 113.4375, 99.75, 28.640625, 94.8125, 105.75, 108.75, 88.5625, 61.84375, 27.296875, 125.125, 78.9375, 138.125, 133.0, 129.5, 32.0625, 69.9375, 64.375, 140.0, 114.5, 43.1875, 93.75, 118.6875, 65.1875, 31.390625, 68.625, 75.1875, 100.1875, 69.4375, 73.9375, 67.125, 55.78125, 98.6875, 114.1875, 46.8125, 61.0, 84.0625, 151.375, 51.625, 38.90625, 117.5, 118.8125, 131.625, 50.21875, 125.625, 69.875, 19.921875, 121.125, 44.40625, 74.6875, 25.5, 45.78125, 72.4375, 33.96875, 112.5625, 108.25, 17.71875, 60.09375, 146.5, 62.25, 48.75, 61.28125, 82.0625, 20.8125, 58.6875, 91.25, 131.75, 4.0, 105.0, 102.0625, 52.5625, 82.5625, 141.875, 112.625, 97.0625, 131.25, 102.3125, 23.328125, 52.84375, 65.0625, 108.375, 115.375, 38.0], [26.6875, 135.75, 92.1875, 107.4375, 84.9375, 16.546875, 73.1875, 95.25, 60.375, 53.75, 21.03125, 37.15625, 75.5625, 62.6875, 74.25, 79.8125, 76.8125, 79.3125, 10.1953125, 76.1875, 60.21875, 0.0, 19.703125, 108.1875, 39.40625, 106.75, 110.375, 45.21875, 91.4375, 134.5, 106.75, 65.3125, 48.84375, 64.1875, 118.6875, 41.21875, 42.625, 66.0, 121.625, 93.1875, 92.625, 97.125, 77.0625, 89.5, 36.625, 32.90625, 28.859375, 58.125, 127.625, 96.5625, 83.5, 91.0625, 75.9375, 43.03125, 76.8125, 136.75, 52.3125, 36.0625, 82.25, 50.09375, 99.0, 19.71875, 137.375, 115.75, 29.609375, 99.6875, 58.40625, 81.5625, 110.5625, 111.3125, 41.0, 138.25, 81.0, 66.0, 72.625, 65.0625, 134.375, 103.5, 106.0625, 55.46875, 115.3125, 78.375, 45.09375, 64.3125, 89.375, 125.1875, 80.75, 60.15625, 129.875, 75.375, 92.375, 74.4375, 81.625, 43.75, 70.375, 89.25, 84.1875, 105.625, 74.4375, 35.125, 100.4375, 84.0, 73.0, 21.46875, 35.59375, 125.25, 40.0, 85.4375, 11.3984375, 99.0, 85.4375, 69.875, 105.125, 50.5625, 97.4375, 91.6875, 110.125, 21.40625, 62.8125, 58.6875, 106.8125, 29.28125, 66.625, 22.46875, 72.5, 83.6875, 104.5, 29.546875, 40.3125, 105.625, 73.0, 69.625, 91.1875, 63.59375, 44.8125, 31.0625, 132.375, 120.875, 106.8125, 8.484375, 131.125, 80.9375, 35.34375, 71.0625, 72.9375, 63.25, 61.40625, 42.96875, 27.515625, 120.8125, 129.875, 102.75, 91.6875, 71.25, 81.5625, 57.6875, 112.4375, 5.38671875, 49.09375, 55.1875, 45.03125], [21.640625, 118.4375, 73.0, 88.25, 70.0, 33.0, 57.9375, 82.5, 50.21875, 61.65625, 37.0, 56.875, 80.125, 80.0625, 90.4375, 65.75, 94.75, 62.8125, 28.640625, 92.5625, 70.6875, 19.703125, 0.0, 108.4375, 44.03125, 87.0625, 119.25, 30.078125, 108.3125, 118.5625, 107.9375, 50.5625, 41.0, 60.53125, 128.75, 33.0, 54.4375, 49.03125, 103.5, 112.375, 98.3125, 97.9375, 79.875, 102.8125, 54.4375, 52.5625, 22.828125, 39.6875, 112.375, 115.9375, 64.0, 110.75, 90.9375, 26.921875, 74.3125, 118.0625, 32.65625, 25.609375, 98.125, 68.875, 80.0625, 2.236328125, 142.875, 105.25, 11.1796875, 94.3125, 39.59375, 98.6875, 98.5, 93.8125, 37.59375, 144.25, 61.34375, 50.15625, 92.3125, 75.9375, 140.75, 95.3125, 94.625, 58.3125, 105.125, 82.75, 57.0, 78.25, 107.5, 121.1875, 99.8125, 76.4375, 116.0625, 62.8125, 73.4375, 74.75, 63.03125, 61.0, 90.0625, 108.0625, 69.4375, 124.625, 92.0, 25.0, 82.625, 103.1875, 75.4375, 38.90625, 17.203125, 117.4375, 24.734375, 105.0, 8.6015625, 99.0, 69.3125, 82.25, 117.25, 70.25, 117.0, 88.5625, 122.125, 35.34375, 69.0625, 55.03125, 87.875, 25.234375, 55.96875, 4.125, 86.0, 63.96875, 114.75, 46.09375, 46.625, 116.375, 92.6875, 86.3125, 109.0, 44.15625, 53.34375, 50.59375, 114.5, 127.375, 113.25, 12.1640625, 131.75, 91.3125, 55.0, 54.21875, 61.84375, 74.25, 74.75, 33.40625, 47.15625, 117.625, 112.4375, 121.6875, 77.1875, 63.125, 99.6875, 61.53125, 123.5, 20.609375, 49.8125, 51.0, 63.28125], [86.8125, 122.0625, 150.375, 129.0, 169.0, 97.3125, 157.75, 184.75, 157.25, 161.375, 94.5625, 117.0, 183.75, 154.0, 168.0, 167.0, 162.5, 158.5, 103.3125, 92.1875, 62.65625, 108.1875, 108.4375, 0.0, 147.5, 148.5, 51.09375, 89.8125, 101.5625, 109.5625, 5.0, 152.375, 70.3125, 49.03125, 62.15625, 77.1875, 75.0625, 145.625, 123.0625, 129.75, 31.0625, 11.1796875, 185.125, 73.8125, 132.875, 113.125, 85.5625, 102.4375, 99.4375, 136.875, 139.75, 141.125, 173.25, 130.625, 182.5, 138.5, 114.5625, 133.75, 89.9375, 105.9375, 121.125, 106.1875, 45.90625, 61.96875, 115.9375, 202.625, 105.25, 170.25, 201.0, 110.5, 70.8125, 49.5, 134.25, 88.1875, 133.625, 170.25, 49.03125, 46.0, 65.0, 163.375, 60.03125, 34.125, 150.625, 165.125, 171.375, 29.0625, 121.25, 88.75, 89.625, 71.5625, 153.375, 181.75, 148.875, 94.25, 132.25, 121.1875, 169.0, 176.625, 101.375, 133.25, 108.9375, 124.25, 35.6875, 123.75, 102.4375, 49.65625, 92.1875, 134.125, 109.5625, 9.4375, 90.8125, 172.875, 70.1875, 123.375, 142.875, 196.875, 71.375, 91.0, 170.75, 163.25, 125.3125, 83.25, 162.375, 105.5, 73.5625, 130.5, 57.625, 131.25, 68.875, 61.21875, 134.625, 92.6875, 175.125, 128.375, 67.5, 119.4375, 126.125, 40.78125, 35.0, 104.8125, 23.328125, 56.34375, 119.125, 93.625, 167.625, 63.34375, 163.625, 141.5, 111.4375, 22.671875, 120.0625, 174.875, 81.75, 170.875, 164.875, 51.1875, 65.75, 113.5625, 156.25, 159.25, 100.375], [62.8125, 157.375, 92.8125, 121.8125, 69.375, 53.0, 60.53125, 73.0, 39.0625, 18.390625, 57.0, 54.21875, 36.6875, 53.4375, 58.3125, 62.8125, 68.375, 69.375, 46.03125, 104.9375, 97.4375, 39.40625, 44.03125, 147.5, 0.0, 112.5625, 147.5, 73.6875, 118.0625, 159.5, 146.125, 53.21875, 84.3125, 102.1875, 154.875, 76.25, 79.8125, 60.46875, 140.625, 110.0, 131.5, 136.5, 37.6875, 122.9375, 37.46875, 53.25, 64.625, 79.125, 154.375, 110.875, 87.75, 102.1875, 55.4375, 43.40625, 40.0, 153.375, 66.625, 30.0, 111.8125, 73.8125, 115.125, 46.0, 176.125, 149.25, 43.96875, 64.6875, 78.0, 68.875, 85.5, 132.875, 78.625, 176.75, 87.75, 92.625, 83.375, 34.65625, 172.625, 139.125, 138.625, 16.125, 149.125, 117.625, 21.03125, 42.0, 80.625, 163.375, 99.1875, 90.4375, 159.125, 106.6875, 91.25, 35.59375, 79.625, 73.625, 81.5, 108.9375, 68.125, 101.5, 100.1875, 29.40625, 121.1875, 101.625, 112.375, 31.0625, 59.21875, 161.25, 68.5, 98.75, 39.3125, 138.25, 111.0, 42.625, 139.625, 63.78125, 109.25, 54.65625, 144.625, 59.0625, 25.015625, 25.703125, 122.5625, 66.125, 44.5625, 48.09375, 106.3125, 92.9375, 140.75, 29.40625, 79.625, 141.375, 83.3125, 98.25, 80.5, 70.3125, 83.5, 46.09375, 152.25, 159.25, 145.375, 43.1875, 170.5, 117.5625, 50.6875, 95.5, 50.25, 100.0, 37.65625, 29.203125, 49.9375, 159.375, 151.125, 98.375, 120.0625, 43.1875, 73.75, 97.0625, 147.875, 34.0, 12.0859375, 24.078125, 71.875], [94.0625, 66.3125, 21.9375, 25.9375, 60.15625, 118.6875, 59.46875, 74.6875, 80.6875, 129.375, 122.0, 143.875, 135.375, 162.5, 170.125, 64.875, 177.75, 51.09375, 115.4375, 174.375, 144.0, 106.75, 87.0625, 148.5, 112.5625, 0.0, 182.625, 73.0625, 190.5, 77.5, 151.0, 63.5, 90.375, 106.75, 194.125, 89.0, 132.625, 53.40625, 47.8125, 198.75, 156.25, 142.5, 130.75, 178.0, 138.875, 139.625, 92.75, 55.03125, 79.625, 202.75, 24.84375, 197.75, 167.875, 70.0, 112.25, 51.09375, 54.71875, 83.25, 178.75, 155.125, 29.703125, 87.3125, 193.5, 103.9375, 77.8125, 113.5, 53.15625, 180.0, 85.0, 51.09375, 99.0, 196.5, 25.9375, 62.59375, 179.375, 146.375, 194.875, 109.0625, 93.5, 117.125, 105.375, 140.75, 132.75, 154.5, 190.5, 143.25, 186.125, 158.875, 91.9375, 77.0625, 25.296875, 120.5625, 35.0, 145.5, 177.125, 193.75, 61.40625, 209.625, 175.875, 84.0, 44.59375, 189.5, 130.875, 123.9375, 73.25, 124.5, 75.4375, 192.0, 95.4375, 140.75, 58.3125, 154.875, 188.625, 157.25, 204.0, 118.3125, 193.0, 119.125, 131.375, 100.4375, 30.015625, 95.625, 79.25, 84.75, 163.125, 23.53125, 181.875, 129.625, 119.125, 184.625, 179.75, 168.875, 191.25, 43.90625, 127.125, 137.375, 57.71875, 183.125, 170.75, 99.0, 168.375, 161.5, 142.0, 56.03125, 78.3125, 148.0, 150.125, 83.4375, 134.25, 143.625, 60.875, 206.5, 69.375, 89.4375, 183.0, 124.5625, 191.75, 106.9375, 108.375, 97.8125, 148.875], [99.5, 168.5, 179.0, 167.5, 188.125, 94.8125, 176.125, 201.625, 169.0, 156.75, 90.625, 101.9375, 180.375, 135.625, 149.25, 184.5, 139.75, 179.375, 101.875, 58.3125, 50.21875, 110.375, 119.25, 51.09375, 147.5, 182.625, 0.0, 112.9375, 60.8125, 157.375, 46.15625, 169.25, 93.3125, 75.9375, 12.0390625, 96.9375, 67.875, 165.5, 166.25, 91.8125, 27.0, 48.375, 183.625, 34.0, 121.3125, 99.875, 99.375, 129.75, 147.25, 99.0, 168.25, 106.1875, 156.25, 145.625, 186.75, 182.625, 137.625, 144.0, 53.0, 84.5, 158.75, 117.3125, 35.0, 111.3125, 129.5, 210.0, 132.25, 148.25, 217.75, 153.25, 87.3125, 33.375, 163.25, 120.0625, 104.8125, 160.625, 28.4375, 93.9375, 112.0625, 163.375, 109.4375, 41.78125, 143.375, 151.75, 145.625, 79.1875, 87.0, 63.90625, 138.875, 108.1875, 181.25, 183.125, 174.0, 77.4375, 104.0625, 83.5, 187.75, 145.0, 68.25, 143.25, 149.0, 89.0625, 51.78125, 118.0, 120.75, 100.75, 112.9375, 100.0, 116.6875, 52.1875, 129.125, 160.625, 21.9375, 102.8125, 105.8125, 201.625, 21.40625, 89.125, 166.75, 169.0, 164.25, 96.25, 175.0, 117.875, 44.9375, 161.25, 10.046875, 123.4375, 72.6875, 12.6484375, 105.8125, 62.15625, 149.875, 152.5, 66.25, 107.5625, 171.25, 18.4375, 16.125, 110.875, 56.03125, 30.0, 105.125, 126.75, 181.0, 47.5, 151.625, 151.625, 100.6875, 73.0, 165.625, 144.0, 123.125, 181.0, 140.625, 60.0, 14.8671875, 115.25, 158.5, 165.5, 81.875], [22.828125, 90.6875, 66.25, 66.3125, 79.1875, 50.8125, 67.9375, 94.9375, 69.875, 91.5625, 53.0, 79.375, 109.0625, 107.875, 119.1875, 77.25, 122.0, 68.875, 50.21875, 101.8125, 71.0625, 45.21875, 30.078125, 89.8125, 73.6875, 73.0625, 112.9375, 0.0, 117.875, 89.375, 90.5625, 62.8125, 20.25, 41.125, 123.9375, 16.28125, 59.84375, 55.875, 77.4375, 129.0, 88.125, 80.75, 108.0625, 105.125, 81.8125, 74.5, 21.03125, 18.03125, 82.75, 133.75, 55.53125, 130.5, 120.3125, 42.53125, 99.4375, 93.25, 25.234375, 49.65625, 105.9375, 85.875, 57.28125, 28.453125, 130.125, 76.0, 31.140625, 116.0625, 20.03125, 126.75, 111.125, 66.4375, 26.3125, 132.25, 50.8125, 20.8125, 113.4375, 106.0625, 129.625, 67.9375, 65.0625, 87.0, 76.0625, 72.0, 87.0, 107.9375, 134.5, 97.0625, 116.375, 86.5625, 86.0, 33.0625, 68.3125, 101.6875, 61.28125, 74.875, 111.25, 123.125, 79.1875, 149.875, 104.125, 49.5, 56.09375, 119.9375, 62.65625, 66.5625, 15.1328125, 89.8125, 5.38671875, 124.0625, 37.15625, 80.625, 40.21875, 112.25, 116.5625, 92.4375, 136.125, 112.625, 121.0, 49.25, 98.625, 80.4375, 64.875, 23.40625, 74.25, 25.96875, 90.0625, 50.03125, 110.875, 74.4375, 46.03125, 113.25, 114.0625, 96.5625, 136.375, 39.8125, 54.03125, 74.9375, 87.75, 116.875, 103.3125, 36.90625, 112.6875, 89.25, 78.5, 26.171875, 78.875, 75.0625, 104.5625, 56.5, 69.4375, 94.5, 84.875, 147.125, 47.15625, 83.75, 126.6875, 53.15625, 120.5625, 48.375, 78.0, 76.3125, 79.1875], [96.5, 197.25, 180.0, 183.125, 176.25, 75.5625, 164.625, 185.875, 150.25, 120.6875, 71.375, 64.0, 143.25, 87.4375, 99.3125, 171.0, 86.8125, 170.5, 81.1875, 16.125, 51.0, 91.4375, 108.3125, 101.5625, 118.0625, 190.5, 60.8125, 117.875, 0.0, 189.625, 96.875, 156.75, 104.0625, 97.625, 59.03125, 102.8125, 58.0625, 157.0, 189.375, 31.0625, 70.5, 93.625, 148.25, 28.234375, 82.9375, 64.875, 97.75, 135.75, 180.125, 38.21875, 170.25, 46.1875, 107.4375, 134.25, 157.5, 206.125, 137.125, 127.125, 13.0390625, 44.28125, 173.875, 107.1875, 95.4375, 150.5, 119.4375, 182.5, 137.5, 95.3125, 200.5, 176.625, 93.4375, 93.125, 166.375, 133.5, 49.65625, 118.875, 88.125, 132.5, 146.875, 131.75, 148.875, 72.8125, 106.25, 106.8125, 89.875, 130.375, 28.796875, 32.0, 175.375, 129.75, 181.0, 151.0, 171.125, 47.6875, 49.75, 23.015625, 175.5, 85.5625, 17.890625, 126.125, 168.875, 29.828125, 79.5, 87.3125, 118.125, 146.625, 115.125, 40.78125, 101.8125, 97.8125, 149.125, 116.0625, 40.0, 57.5, 45.09375, 171.625, 43.09375, 73.0625, 130.25, 143.25, 181.0, 94.875, 156.625, 109.0625, 31.625, 167.125, 50.8125, 89.0625, 72.5625, 48.375, 50.53125, 22.01