{"name": "LZB_n160_12", "n": 160, "m": 20, "times": [[0.0, 105.125, 74.5, 78.5, 77.3125, 46.5625, 55.21875, 87.0625, 79.1875, 81.5, 91.25, 37.46875, 85.8125, 62.65625, 111.875, 76.25, 86.375, 17.46875, 85.3125, 91.8125, 120.3125, 17.46875, 117.0625, 97.75, 61.6875, 105.8125, 29.40625, 91.8125, 82.3125, 129.375, 99.875, 107.375, 104.0, 126.5625, 27.734375, 85.0625, 18.359375, 60.21875, 101.25, 50.90625, 101.1875, 102.5625, 109.375, 111.8125, 85.5625, 113.0, 62.28125, 124.0625, 58.1875, 59.0, 44.0, 84.375, 34.78125, 94.875, 105.3125, 102.5625, 61.21875, 66.0625, 81.125, 74.25, 27.3125, 47.84375, 71.1875, 21.03125, 97.4375, 30.8125, 46.625, 84.1875, 94.125, 113.75, 84.875, 29.125, 103.4375, 75.4375, 48.375, 79.0625, 95.5, 44.28125, 92.25, 54.4375, 49.8125, 6.0, 101.1875, 110.9375, 32.0, 101.4375, 89.5, 37.34375, 66.0, 117.4375, 34.0, 34.71875, 5.83203125, 21.1875, 129.375, 99.3125, 17.03125, 77.875, 76.3125, 100.3125, 25.703125, 128.75, 90.375, 93.9375, 56.71875, 45.21875, 86.4375, 62.625, 22.46875, 116.1875, 44.0, 102.4375, 9.8515625, 98.375, 93.375, 96.75, 91.9375, 102.8125, 112.5, 121.625, 22.828125, 67.75, 106.4375, 96.9375, 34.65625, 73.375, 22.46875, 67.0625, 72.25, 22.015625, 48.8125, 102.0625, 111.5, 99.3125, 91.6875, 98.4375, 94.6875, 95.0, 73.375, 101.8125, 107.1875, 95.4375, 121.8125, 79.875, 71.125, 84.875, 75.5625, 101.1875, 103.9375, 66.3125, 14.3203125, 44.15625, 76.3125, 71.0, 108.0625, 106.625, 110.875, 116.9375, 69.0, 89.4375, 98.4375], [105.125, 0.0, 174.125, 102.0625, 180.0, 145.375, 158.875, 170.375, 149.5, 181.375, 152.5, 138.75, 150.125, 59.1875, 211.125, 181.25, 144.125, 87.6875, 147.5, 182.0, 45.125, 96.3125, 219.0, 190.125, 120.6875, 161.0, 89.5625, 195.875, 161.75, 52.25, 199.125, 144.625, 131.5, 53.9375, 110.75, 106.0, 87.0, 105.3125, 196.25, 134.0, 59.0, 115.1875, 212.625, 144.5, 186.75, 140.75, 48.15625, 133.125, 163.25, 100.25, 99.1875, 115.5625, 87.125, 75.3125, 193.75, 43.59375, 164.625, 84.25, 157.375, 179.25, 107.4375, 144.0, 174.5, 125.25, 202.5, 132.0, 141.5, 42.0625, 106.0625, 171.375, 149.25, 83.75, 196.125, 62.25, 74.25, 143.75, 199.875, 61.40625, 167.125, 53.8125, 153.375, 99.5625, 156.25, 196.5, 118.6875, 197.625, 51.40625, 142.5, 137.0, 213.5, 86.8125, 105.0625, 106.25, 83.9375, 52.25, 54.0, 114.25, 75.0, 159.125, 146.25, 111.5, 228.375, 77.6875, 13.6015625, 161.0, 124.0, 180.75, 70.75, 127.5625, 68.125, 127.75, 11.3984375, 112.3125, 67.125, 43.9375, 182.5, 166.875, 106.875, 212.25, 51.9375, 121.0625, 40.125, 211.375, 198.375, 79.5, 90.625, 119.875, 157.625, 177.375, 84.5, 126.0, 107.0625, 17.03125, 127.125, 190.25, 143.5, 186.0, 49.53125, 66.1875, 114.25, 128.625, 31.140625, 186.625, 53.5, 143.875, 62.09375, 143.875, 39.21875, 16.125, 43.0, 105.1875, 61.71875, 176.75, 174.875, 184.5, 185.75, 55.5625, 218.625, 143.75, 80.0625, 6.70703125], [74.5, 174.125, 0.0, 104.0, 13.0390625, 69.0625, 52.46875, 108.6875, 57.375, 73.8125, 71.125, 63.9375, 66.1875, 120.0, 37.46875, 43.0, 133.125, 90.5, 68.5625, 100.6875, 194.5, 90.4375, 45.1875, 100.1875, 118.125, 148.125, 102.3125, 29.828125, 111.0, 203.75, 25.453125, 102.1875, 109.1875, 201.0, 89.5625, 150.875, 91.9375, 124.625, 28.859375, 93.75, 151.375, 120.1875, 40.78125, 108.4375, 13.34375, 113.3125, 126.75, 134.25, 38.625, 125.5625, 111.375, 146.625, 107.625, 167.875, 40.59375, 176.875, 19.0, 106.3125, 49.25, 31.40625, 67.125, 30.40625, 15.265625, 62.15625, 50.59375, 43.875, 33.09375, 158.5, 117.1875, 151.875, 65.8125, 90.4375, 102.9375, 126.8125, 102.9375, 64.5, 34.9375, 116.875, 53.90625, 120.4375, 27.515625, 78.5, 145.0, 119.9375, 86.625, 94.0625, 164.0, 45.875, 111.4375, 43.40625, 88.125, 99.8125, 76.625, 93.375, 203.75, 151.625, 76.5, 121.625, 38.46875, 90.875, 62.78125, 54.5625, 131.375, 161.5, 48.65625, 96.5625, 18.6875, 112.875, 55.9375, 190.375, 49.71875, 173.625, 65.125, 144.75, 167.75, 39.34375, 121.5, 126.375, 38.28125, 196.125, 73.5625, 140.375, 49.25, 24.703125, 109.0, 143.125, 74.875, 25.703125, 35.5, 96.25, 99.0625, 125.375, 183.25, 106.9375, 17.203125, 149.625, 100.3125, 169.5, 123.0625, 120.0625, 115.6875, 169.125, 151.625, 134.75, 53.84375, 134.625, 59.78125, 175.375, 175.875, 139.5, 69.6875, 113.0, 69.875, 18.875, 130.125, 125.875, 185.375, 44.71875, 51.40625, 129.125, 167.5], [78.5, 102.0625, 104.0, 0.0, 115.125, 121.1875, 121.75, 164.875, 56.375, 151.25, 53.90625, 111.25, 53.25, 46.375, 134.0, 133.125, 163.0, 73.8125, 50.21875, 167.5, 140.75, 88.8125, 146.5, 172.125, 136.75, 182.75, 95.375, 133.125, 160.75, 149.625, 123.625, 43.1875, 32.0, 149.5, 105.0, 149.75, 75.5, 130.125, 115.0, 129.375, 54.8125, 24.203125, 144.375, 44.1875, 117.125, 42.0625, 61.28125, 46.3125, 116.6875, 127.0, 114.25, 153.0, 98.8125, 141.875, 105.6875, 129.0, 105.375, 20.0, 66.3125, 125.125, 54.09375, 77.9375, 112.5625, 94.0625, 149.75, 79.875, 74.9375, 113.125, 15.8125, 191.375, 52.6875, 54.71875, 177.375, 39.8125, 41.21875, 48.75, 138.125, 77.875, 73.0625, 62.03125, 98.0, 74.3125, 178.0, 187.5, 110.375, 173.125, 124.0, 100.25, 143.875, 131.25, 46.875, 109.0625, 84.125, 71.6875, 149.625, 57.3125, 95.5, 27.453125, 72.8125, 44.28125, 58.3125, 149.875, 31.0625, 88.75, 121.0625, 123.25, 101.0, 34.125, 90.1875, 152.25, 57.0625, 107.8125, 75.625, 46.03125, 122.3125, 93.625, 170.5, 25.0625, 135.75, 145.75, 100.6875, 90.0, 152.25, 127.5, 91.8125, 133.75, 100.5625, 79.375, 126.125, 79.25, 126.8125, 24.1875, 117.375, 27.0, 115.125, 172.875, 169.75, 127.125, 35.84375, 23.4375, 32.0, 115.5625, 200.25, 48.75, 54.40625, 42.0, 51.09375, 125.3125, 112.25, 92.0, 65.3125, 66.3125, 145.875, 114.875, 186.375, 184.625, 141.75, 145.625, 55.78125, 28.296875, 96.9375], [77.3125, 180.0, 13.0390625, 115.125, 0.0, 63.5625, 45.1875, 99.875, 70.25, 62.96875, 84.125, 60.15625, 79.1875, 127.75, 36.6875, 31.3125, 127.25, 94.1875, 81.4375, 90.5, 197.625, 91.9375, 39.6875, 89.3125, 114.5, 141.125, 103.5, 18.0, 103.0625, 206.625, 25.96875, 115.0625, 121.75, 203.75, 88.5, 148.5, 95.4375, 122.5625, 35.21875, 89.0, 160.625, 132.25, 32.65625, 121.3125, 10.1953125, 126.0625, 133.375, 146.75, 31.25, 123.9375, 110.4375, 143.375, 108.5625, 168.25, 50.34375, 179.75, 16.28125, 116.0, 62.25, 19.703125, 74.3125, 38.625, 6.70703125, 62.0, 37.59375, 48.03125, 41.59375, 161.5, 128.75, 144.125, 78.75, 96.625, 91.6875, 135.625, 110.6875, 77.25, 23.015625, 121.0, 66.8125, 126.5625, 27.59375, 82.0, 138.25, 109.1875, 84.5625, 82.375, 166.125, 44.09375, 106.125, 46.09375, 95.25, 98.8125, 78.5, 97.4375, 206.625, 160.625, 76.375, 131.25, 51.46875, 103.8125, 69.625, 52.4375, 141.5, 167.75, 41.125, 93.0625, 29.6875, 121.5, 56.625, 191.625, 59.3125, 178.625, 68.625, 154.375, 170.5, 51.03125, 113.3125, 138.0, 36.71875, 198.75, 72.375, 144.625, 37.21875, 20.0, 111.0, 142.125, 73.8125, 38.28125, 24.359375, 99.375, 95.1875, 137.0, 188.0, 119.375, 21.03125, 144.0, 89.8125, 171.875, 132.0, 132.0, 128.125, 172.75, 142.75, 143.125, 66.4375, 143.75, 72.4375, 178.5, 180.625, 143.375, 74.8125, 118.3125, 59.46875, 9.0546875, 120.625, 116.1875, 187.5, 39.625, 63.875, 139.375, 173.25], [46.5625, 145.375, 69.0625, 121.1875, 63.5625, 0.0, 19.71875, 45.8125, 103.8125, 36.125, 118.3125, 10.0, 112.5, 109.0625, 99.625, 44.03125, 64.125, 61.21875, 113.1875, 46.3125, 150.25, 49.25, 98.375, 51.46875, 51.875, 79.5, 56.3125, 69.75, 44.78125, 158.5, 89.5, 142.0, 142.125, 154.75, 35.46875, 87.375, 61.0625, 62.46875, 97.5, 25.625, 147.75, 144.375, 88.1875, 147.375, 73.75, 150.0, 107.1875, 164.625, 32.5625, 65.0625, 54.40625, 80.9375, 59.8125, 112.6875, 109.0625, 132.0, 50.09375, 111.375, 101.25, 49.1875, 67.125, 60.0, 57.0625, 27.296875, 64.375, 45.8125, 61.28125, 115.5625, 137.0, 84.1875, 111.625, 75.6875, 57.0, 122.0, 94.9375, 107.0625, 71.375, 84.5, 110.75, 99.125, 43.40625, 52.40625, 76.1875, 66.375, 28.171875, 54.90625, 116.875, 26.921875, 42.59375, 109.6875, 80.0625, 43.90625, 42.59375, 65.1875, 158.5, 145.75, 32.0, 124.0625, 92.375, 132.75, 63.0, 113.875, 136.5, 135.875, 23.703125, 31.40625, 87.0, 109.125, 31.234375, 138.25, 71.8125, 140.375, 46.0625, 144.875, 123.0, 105.0625, 55.53125, 146.125, 99.3125, 149.75, 25.015625, 105.5625, 77.25, 82.25, 66.25, 84.125, 26.0, 78.1875, 44.78125, 62.03125, 32.75, 145.375, 148.375, 138.0, 84.0, 80.625, 48.75, 122.6875, 119.9375, 143.75, 146.625, 128.875, 86.8125, 126.3125, 96.375, 131.5, 102.375, 132.0, 140.75, 103.0625, 56.8125, 88.0, 31.40625, 54.5625, 68.25, 65.4375, 136.75, 98.8125, 93.625, 135.375, 138.875], [55.21875, 158.875, 52.46875, 121.75, 45.1875, 19.71875, 0.0, 56.625, 95.25, 29.53125, 110.125, 21.09375, 104.375, 117.0625, 80.5, 24.765625, 82.1875, 72.0, 105.5625, 51.03125, 167.375, 62.96875, 78.75, 53.03125, 71.5625, 96.0, 72.0, 50.09375, 58.5625, 175.875, 70.875, 136.625, 138.75, 172.25, 52.4375, 107.0625, 72.375, 82.0, 80.0, 45.1875, 154.875, 143.625, 68.5, 142.375, 55.3125, 145.75, 117.5, 162.5, 14.0, 84.375, 72.9375, 100.625, 76.1875, 131.5, 93.0625, 149.0, 33.71875, 115.0, 91.0, 29.546875, 68.9375, 51.0, 39.0, 34.25, 45.8125, 42.0625, 53.03125, 132.0, 137.375, 99.4375, 103.5625, 83.0625, 57.375, 128.75, 101.5, 99.75, 51.625, 97.5, 99.375, 109.6875, 30.53125, 61.21875, 93.125, 71.375, 46.09375, 51.625, 134.25, 21.546875, 61.40625, 91.0625, 85.6875, 61.84375, 52.9375, 75.9375, 175.875, 153.375, 44.9375, 128.875, 81.125, 126.5625, 64.1875, 94.3125, 140.875, 148.5, 4.125, 51.03125, 71.0, 115.125, 34.125, 156.75, 67.4375, 155.0, 51.15625, 150.875, 140.0, 90.5, 69.0625, 146.75, 80.0625, 167.25, 38.46875, 119.875, 57.96875, 63.0625, 81.4375, 103.375, 39.8125, 66.25, 25.0625, 74.4375, 52.46875, 145.875, 163.375, 135.125, 66.0625, 99.0625, 51.84375, 140.125, 126.125, 143.125, 144.0, 144.875, 99.4375, 134.125, 88.5, 138.0, 94.875, 148.75, 155.75, 117.75, 61.53125, 99.125, 24.1875, 36.125, 78.5625, 74.75, 154.625, 79.1875, 85.6875, 139.5, 152.375], [87.0625, 170.375, 108.6875, 164.875, 99.875, 45.8125, 56.625, 0.0, 149.375, 41.0, 164.0, 55.4375, 158.125, 146.0, 132.0, 71.0, 41.125, 97.5, 158.875, 16.96875, 163.375, 82.4375, 126.125, 25.609375, 51.78125, 45.6875, 83.6875, 99.125, 9.8515625, 170.0, 124.125, 187.75, 187.5, 165.375, 64.625, 83.1875, 96.6875, 67.875, 135.125, 38.28125, 184.75, 188.625, 115.125, 193.125, 109.5625, 195.5, 140.75, 209.375, 70.0625, 72.6875, 71.1875, 72.9375, 84.5, 117.9375, 149.25, 146.0, 90.25, 153.125, 146.25, 81.125, 111.1875, 105.1875, 94.375, 71.4375, 83.4375, 91.625, 106.6875, 133.25, 180.75, 45.71875, 157.25, 115.125, 30.53125, 160.125, 134.25, 152.875, 98.5, 114.5, 155.25, 132.875, 86.5625, 92.125, 44.78125, 26.171875, 57.28125, 38.1875, 130.5, 72.1875, 34.375, 144.0, 120.9375, 66.6875, 81.8125, 101.125, 170.0, 182.0, 70.1875, 164.375, 136.875, 178.625, 107.5, 143.0, 176.875, 163.5, 60.15625, 47.53125, 127.375, 148.5, 76.5, 144.25, 117.625, 163.0, 89.375, 183.375, 138.125, 147.125, 14.8671875, 189.625, 131.125, 160.75, 64.375, 130.75, 98.0, 115.0, 93.1875, 89.0, 64.625, 122.25, 76.1875, 95.625, 44.90625, 188.875, 169.125, 183.125, 120.8125, 56.71875, 21.265625, 136.0, 158.75, 188.0, 191.625, 147.375, 42.96875, 162.875, 142.0, 169.625, 148.125, 147.375, 162.0, 127.5625, 99.625, 121.4375, 42.1875, 91.0625, 22.46875, 19.796875, 146.75, 127.0, 139.25, 176.125, 164.625], [79.1875, 149.5, 57.375, 56.375, 70.25, 103.8125, 95.25, 149.375, 0.0, 123.0625, 14.8671875, 94.8125, 9.21875, 90.25, 80.125, 96.625, 161.625, 86.6875, 11.1796875, 146.25, 181.125, 96.0, 94.0625, 148.125, 139.5, 180.0, 107.0625, 87.0, 148.5, 190.5, 71.125, 44.78125, 52.625, 189.125, 105.375, 164.0, 88.6875, 139.375, 60.3125, 122.0625, 110.4375, 66.1875, 94.0625, 51.09375, 68.6875, 55.96875, 102.3125, 77.4375, 84.875, 138.125, 123.125, 163.5, 112.1875, 168.625, 49.40625, 166.125, 67.0, 67.375, 10.1953125, 86.0, 54.34375, 44.40625, 70.3125, 82.25, 107.8125, 58.6875, 42.71875, 148.0, 65.75, 186.25, 8.6015625, 74.625, 152.125, 90.6875, 76.0, 8.0625, 92.0, 105.625, 17.6875, 99.0, 65.125, 79.0, 175.875, 166.625, 106.9375, 145.0, 156.875, 77.1875, 139.75, 75.6875, 67.75, 113.625, 84.375, 87.3125, 190.5, 112.3125, 91.8125, 81.0, 19.421875, 33.53125, 54.0, 95.0625, 87.25, 135.875, 92.875, 120.0625, 48.15625, 79.25, 75.625, 185.625, 35.34375, 152.5, 70.5625, 102.0625, 157.875, 37.34375, 159.25, 74.0, 82.0625, 184.75, 93.4375, 125.6875, 106.25, 77.125, 108.875, 151.25, 94.125, 32.25, 88.8125, 93.75, 123.5, 73.0, 162.5, 51.09375, 63.5, 175.625, 147.125, 161.375, 86.4375, 66.25, 59.40625, 154.75, 190.5, 99.8125, 8.0625, 95.8125, 5.65625, 163.25, 156.125, 126.3125, 66.0, 96.75, 118.125, 73.5625, 171.875, 168.625, 177.375, 93.0, 10.4375, 84.5625, 143.375], [81.5, 181.375, 73.8125, 151.25, 62.96875, 36.125, 29.53125, 41.0, 123.0625, 0.0, 137.875, 44.09375, 132.25, 144.125, 92.1875, 32.0, 78.0625, 97.0, 133.625, 28.15625, 184.125, 85.375, 85.375, 26.40625, 77.4375, 86.3125, 92.0, 59.125, 47.53125, 191.875, 85.3125, 165.375, 168.125, 187.875, 70.8125, 113.25, 97.0, 91.5, 97.5, 52.46875, 182.5, 173.125, 74.3125, 171.375, 71.8125, 174.75, 143.0, 192.0, 38.21875, 95.1875, 87.3125, 104.6875, 95.0625, 143.375, 113.3125, 165.875, 57.4375, 143.875, 117.8125, 43.3125, 98.0625, 79.375, 58.59375, 60.8125, 42.4375, 71.5625, 81.6875, 150.25, 166.875, 86.6875, 131.5, 110.3125, 29.40625, 156.5, 129.25, 128.125, 58.0, 120.625, 125.1875, 135.0, 58.0, 87.4375, 84.875, 46.25, 63.0625, 22.203125, 150.5, 51.0, 62.25, 104.6875, 113.75, 78.125, 78.125, 101.0, 191.875, 180.75, 68.0, 157.375, 107.4375, 155.125, 93.4375, 102.3125, 169.625, 172.0, 30.8125, 61.71875, 92.1875, 143.125, 62.375, 169.625, 96.8125, 176.125, 79.0625, 179.125, 157.125, 113.125, 55.78125, 176.25, 91.0625, 182.875, 61.03125, 141.375, 57.0, 75.6875, 102.0, 114.0, 62.0625, 92.4375, 38.625, 98.125, 61.40625, 175.375, 183.875, 164.5, 83.25, 94.875, 26.921875, 156.25, 154.125, 172.75, 173.375, 163.875, 82.0, 161.375, 116.75, 165.875, 123.125, 166.25, 176.375, 138.875, 89.75, 124.0, 5.38671875, 55.03125, 59.0625, 54.21875, 169.5, 86.3125, 113.875, 168.25, 175.0], [91.25, 152.5, 71.125, 53.90625, 84.125, 118.3125, 110.125, 164.0, 14.8671875, 137.875, 0.0, 109.1875, 5.83203125, 93.625, 90.25, 111.1875, 175.25, 97.0, 6.0, 161.0, 186.875, 107.5625, 104.9375, 163.0, 152.375, 193.75, 118.125, 100.3125, 162.875, 196.125, 82.375, 31.78125, 42.09375, 195.125, 118.125, 175.375, 99.0, 151.375, 70.1875, 135.875, 108.6875, 58.25, 106.0, 38.09375, 81.6875, 43.5625, 106.875, 66.125, 99.6875, 149.75, 135.0, 175.5, 123.0625, 177.75, 56.4375, 172.625, 81.6875, 68.625, 21.9375, 100.4375, 65.125, 59.1875, 84.625, 96.0, 121.6875, 72.875, 57.4375, 155.0, 59.9375, 200.25, 6.70703125, 83.0, 167.0, 91.6875, 81.125, 12.1640625, 105.3125, 113.5625, 22.09375, 104.5625, 80.0, 90.4375, 189.5, 181.5, 120.1875, 159.75, 164.5, 91.8125, 153.5, 84.125, 75.5, 125.9375, 96.6875, 97.125, 196.125, 111.1875, 104.8125, 80.625, 32.65625, 20.390625, 65.625, 104.0625, 84.8125, 139.0, 107.6875, 133.5, 59.90625, 81.8125, 89.5625, 193.375, 48.375, 156.625, 83.1875, 99.8125, 164.75, 45.03125, 173.625, 67.0625, 92.375, 190.875, 106.875, 132.25, 119.375, 89.3125, 119.0625, 162.0, 107.5, 46.625, 103.4375, 104.0, 136.875, 66.125, 166.625, 41.78125, 75.4375, 188.75, 162.0, 168.625, 87.4375, 58.53125, 49.15625, 160.625, 204.875, 100.875, 21.953125, 95.4375, 16.15625, 169.625, 160.625, 133.125, 77.5, 103.875, 133.0, 87.9375, 186.5, 183.375, 184.375, 103.8125, 24.703125, 82.0, 146.875], [37.46875, 138.75, 63.9375, 111.25, 60.15625, 10.0, 21.09375, 55.4375, 94.8125, 44.09375, 109.1875, 0.0, 103.375, 100.125, 96.75, 45.59375, 70.125, 53.0, 103.9375, 56.3125, 146.25, 42.4375, 97.125, 61.28125, 54.40625, 86.6875, 51.0, 68.8125, 53.71875, 154.75, 86.0625, 132.25, 132.25, 151.125, 31.40625, 88.5625, 53.09375, 62.78125, 92.75, 30.015625, 138.625, 134.375, 87.4375, 137.625, 70.25, 140.125, 99.0, 154.625, 30.8125, 64.625, 52.34375, 83.1875, 55.0625, 111.0625, 103.0625, 127.9375, 45.34375, 101.625, 92.6875, 48.40625, 57.125, 51.53125, 53.5, 17.46875, 66.875, 36.34375, 52.5625, 110.9375, 127.0, 92.0625, 102.5, 66.5, 66.6875, 112.8125, 85.625, 97.75, 71.0625, 77.4375, 102.5, 91.0, 37.0625, 43.40625, 83.0, 76.375, 25.5, 64.0, 113.1875, 19.109375, 48.0, 105.9375, 70.5, 41.03125, 34.0, 57.0, 154.75, 136.75, 24.515625, 114.5, 84.1875, 123.25, 53.0, 111.8125, 126.875, 128.75, 24.203125, 32.90625, 81.25, 99.75, 21.265625, 136.0, 62.1875, 134.375, 36.25, 135.625, 118.875, 98.25, 64.4375, 136.25, 96.6875, 146.125, 17.71875, 99.3125, 78.625, 79.625, 60.53125, 83.4375, 18.96875, 70.375, 44.59375, 54.59375, 35.15625, 135.375, 142.625, 128.0, 79.8125, 86.0, 58.65625, 119.0, 110.625, 133.75, 136.625, 123.9375, 95.6875, 117.375, 87.25, 122.25, 93.125, 127.625, 135.125, 97.0625, 47.0, 80.125, 39.0, 51.46875, 77.8125, 75.1875, 133.625, 97.4375, 84.5625, 125.6875, 132.25], [85.8125, 150.125, 66.1875, 53.25, 79.1875, 112.5, 104.375, 158.125, 9.21875, 132.25, 5.83203125, 103.375, 0.0, 91.0, 87.0, 105.8125, 169.5, 92.0625, 3.162109375, 155.25, 183.5, 102.3125, 101.375, 157.25, 146.75, 188.0, 113.0625, 95.625, 157.125, 192.875, 78.625, 36.0625, 45.03125, 191.75, 112.5625, 170.25, 94.0625, 146.0, 67.0, 130.125, 108.0, 60.03125, 102.0, 42.375, 77.1875, 47.53125, 103.8125, 69.5625, 94.0625, 144.5, 129.625, 170.125, 118.0, 173.25, 54.34375, 169.0, 76.1875, 66.625, 17.46875, 95.125, 60.0, 53.40625, 79.375, 90.25, 116.75, 67.0625, 51.625, 151.125, 60.75, 194.5, 1.0, 78.625, 161.375, 89.875, 77.8125, 7.0703125, 100.6875, 109.375, 20.25, 101.125, 74.25, 85.1875, 183.75, 175.75, 114.5625, 154.125, 160.5, 86.0, 147.75, 81.625, 71.3125, 120.5, 91.25, 92.375, 192.875, 110.25, 99.1875, 79.3125, 27.859375, 24.703125, 60.3125, 101.3125, 84.3125, 136.5, 102.0, 127.75, 55.90625, 79.375, 83.75, 189.25, 42.71875, 153.875, 77.6875, 99.3125, 161.0, 42.59375, 167.75, 68.4375, 89.0625, 187.375, 101.1875, 128.5, 114.8125, 85.125, 114.1875, 157.0, 101.8125, 41.34375, 98.0, 99.125, 131.25, 67.4375, 163.75, 44.09375, 71.375, 183.125, 156.25, 164.75, 85.625, 60.21875, 52.0, 157.125, 199.0, 99.0625, 16.125, 94.1875, 10.4375, 166.0, 157.625, 129.375, 72.25, 99.9375, 127.3125, 82.6875, 180.625, 177.5, 180.625, 100.3125, 18.875, 81.5625, 144.25], [62.65625, 59.1875, 120.0, 46.375, 127.75, 109.0625, 117.0625, 146.0, 90.25, 144.125, 93.625, 100.125, 91.0, 0.0, 155.75, 135.625, 133.5, 48.71875, 88.5, 153.125, 94.625, 63.5625, 165.25, 159.625, 106.6875, 153.125, 64.625, 144.875, 139.5, 103.75, 144.0, 89.4375, 78.1875, 103.3125, 81.4375, 111.0, 49.40625, 96.1875, 139.5, 107.8125, 38.90625, 65.625, 160.125, 90.5625, 133.125, 88.0625, 15.0, 87.125, 117.4375, 92.0, 82.3125, 116.375, 66.0625, 97.5, 135.5, 82.625, 113.75, 26.6875, 98.375, 131.0, 53.4375, 89.6875, 123.0625, 83.375, 155.75, 81.5625, 86.9375, 67.0, 55.4375, 162.75, 90.125, 34.0, 165.375, 14.8671875, 17.09375, 84.625, 149.5, 37.8125, 107.9375, 17.890625, 103.375, 56.71875, 148.125, 171.25, 88.75, 164.0, 78.1875, 97.0625, 118.1875, 156.75, 32.75, 81.3125, 66.5, 44.9375, 103.75, 36.6875, 77.625, 24.703125, 100.6875, 89.1875, 58.25, 172.75, 35.21875, 45.59375, 118.0, 99.3125, 124.0, 12.3671875, 83.0, 106.0, 71.1875, 63.0625, 66.0, 37.75, 76.0625, 123.9375, 147.75, 60.15625, 157.0, 99.4375, 84.375, 44.1875, 162.25, 144.75, 57.375, 94.125, 83.6875, 100.6875, 130.25, 50.53125, 102.5, 59.90625, 72.9375, 73.25, 135.125, 140.0, 156.375, 81.0, 15.265625, 64.625, 77.0, 69.25, 174.5, 17.265625, 84.875, 23.859375, 84.625, 78.9375, 67.125, 46.53125, 56.15625, 26.875, 138.875, 124.1875, 165.0, 164.625, 95.3125, 164.75, 84.875, 35.84375, 53.25], [111.875, 211.125, 37.46875, 134.0, 36.6875, 99.625, 80.5, 132.0, 80.125, 92.1875, 90.25, 96.75, 87.0, 155.75, 0.0, 61.03125, 162.625, 128.0, 90.0, 120.3125, 231.875, 127.4375, 15.65625, 117.25, 151.0, 175.25, 139.25, 33.0625, 136.5, 241.125, 12.0390625, 121.8125, 132.0, 238.375, 125.0625, 185.25, 129.375, 159.25, 20.09375, 125.25, 184.75, 146.25, 22.203125, 128.0, 26.921875, 133.75, 163.375, 156.375, 67.0625, 160.625, 147.0, 180.0, 144.375, 204.375, 36.78125, 214.375, 52.46875, 139.5, 70.0, 51.625, 103.75, 67.1875, 43.375, 98.1875, 53.75, 81.3125, 69.625, 195.875, 145.25, 177.375, 87.0, 127.4375, 118.25, 161.25, 138.75, 88.125, 34.71875, 154.25, 68.5625, 157.25, 63.25, 116.0, 172.875, 137.0, 121.1875, 107.6875, 201.375, 80.625, 141.875, 13.4140625, 124.5625, 135.375, 113.6875, 130.875, 241.125, 185.5, 112.625, 154.625, 61.53125, 110.5625, 99.625, 17.203125, 163.375, 198.25, 76.375, 129.625, 33.0, 147.625, 92.4375, 227.375, 84.5625, 210.875, 102.5625, 177.375, 205.125, 45.90625, 146.25, 153.875, 2.236328125, 233.5, 108.9375, 177.75, 42.53125, 17.46875, 146.25, 178.75, 110.25, 55.71875, 56.5625, 133.75, 131.625, 152.875, 220.5, 131.0, 20.8125, 179.5, 118.6875, 206.875, 157.25, 146.375, 139.0, 206.5, 174.125, 169.625, 79.875, 168.375, 84.375, 212.875, 213.25, 176.875, 107.0625, 150.25, 90.0, 45.3125, 151.25, 146.375, 222.625, 14.3203125, 78.25, 160.875, 204.5], [76.25, 181.25, 43.0, 133.125, 31.3125, 44.03125, 24.765625, 71.0, 96.625, 32.0, 111.1875, 45.59375, 105.8125, 135.625, 61.03125, 0.0, 103.0625, 93.625, 107.625, 60.03125, 191.625, 86.3125, 56.3125, 58.1875, 95.4375, 114.5625, 96.0625, 28.28125, 75.6875, 200.25, 53.46875, 140.625, 145.375, 196.75, 77.0, 131.25, 94.25, 106.5, 65.5, 68.8125, 172.0, 153.125, 45.53125, 146.875, 39.84375, 151.0, 137.875, 170.0, 18.25, 109.0625, 97.6875, 124.3125, 100.375, 156.25, 81.5625, 173.375, 29.6875, 129.625, 90.0, 11.6640625, 84.0625, 56.09375, 27.796875, 56.09375, 21.46875, 55.09375, 58.875, 156.125, 148.125, 116.375, 105.1875, 101.9375, 60.40625, 146.0, 119.1875, 102.625, 28.453125, 120.0, 96.1875, 130.25, 35.15625, 82.0, 112.375, 78.125, 70.8125, 51.09375, 158.625, 39.0625, 83.6875, 73.125, 103.1875, 86.5625, 75.0, 97.4375, 200.25, 171.125, 68.5, 144.375, 79.3125, 129.75, 79.0625, 72.75, 155.875, 170.25, 21.40625, 75.4375, 60.90625, 132.0, 53.84375, 181.5, 76.25, 177.875, 70.1875, 167.125, 164.25, 82.125, 85.1875, 157.625, 60.125, 191.75, 62.4375, 142.875, 33.25, 44.03125, 105.1875, 128.125, 63.8125, 64.6875, 7.80859375, 96.9375, 76.625, 156.625, 186.625, 142.25, 51.25, 120.1875, 58.9375, 164.5, 143.0, 152.75, 151.25, 168.75, 113.3125, 152.375, 91.25, 155.0, 97.625, 172.875, 179.0, 141.0, 79.5, 120.3125, 29.15625, 24.203125, 90.6875, 86.0, 179.25, 57.0, 88.5, 154.0, 174.625], [86.375, 144.125, 133.125, 163.0, 127.25, 64.125, 82.1875, 41.125, 161.625, 78.0625, 175.25, 70.125, 169.5, 133.5, 162.625, 103.0625, 0.0, 89.5, 169.5, 58.0625, 129.125, 74.1875, 159.375, 66.6875, 26.90625, 19.84375, 69.3125, 131.0, 31.828125, 134.75, 153.0, 193.625, 190.25, 129.875, 58.65625, 44.90625, 87.9375, 39.40625, 161.625, 40.3125, 170.375, 187.25, 148.625, 198.125, 137.5, 199.375, 124.5625, 209.25, 96.0, 44.375, 51.21875, 33.96875, 67.5, 81.625, 173.0, 113.0625, 114.1875, 147.375, 161.125, 111.0625, 113.625, 120.6875, 120.9375, 79.5625, 119.4375, 103.5625, 121.1875, 103.5625, 178.0, 29.203125, 168.5, 108.6875, 71.375, 148.375, 125.875, 163.25, 131.5, 97.0625, 171.375, 117.4375, 107.0, 89.375, 15.0, 61.84375, 55.15625, 79.25, 98.25, 89.1875, 22.203125, 173.25, 116.1875, 54.03125, 80.5, 92.125, 134.75, 166.75, 70.75, 155.625, 153.375, 186.25, 111.375, 175.625, 167.75, 139.875, 86.3125, 41.78125, 151.0, 139.375, 86.375, 107.0625, 126.8125, 135.125, 92.6875, 171.0, 106.375, 168.375, 29.0625, 186.0, 162.0, 125.5625, 68.3125, 107.125, 133.875, 145.125, 76.1875, 55.15625, 67.6875, 140.125, 106.25, 84.875, 38.28125, 185.375, 139.625, 185.375, 148.0, 17.09375, 62.375, 103.0625, 148.125, 186.375, 193.0, 117.25, 42.71875, 148.75, 153.75, 157.25, 159.125, 115.1875, 133.125, 103.625, 100.625, 106.8125, 77.375, 118.25, 43.75, 46.84375, 111.4375, 160.0, 151.25, 167.625, 139.125], [17.46875, 87.6875, 90.5, 73.8125, 94.1875, 61.21875, 72.0, 97.5, 86.6875, 97.0, 97.0, 53.0, 92.0625, 48.71875, 128.0, 93.625, 89.5, 0.0, 91.0, 104.375, 103.9375, 15.6171875, 133.875, 111.0625, 63.0, 109.3125, 22.140625, 109.0625, 91.4375, 113.1875, 115.9375, 108.25, 102.5625, 110.625, 33.28125, 79.0625, 2.0, 57.0, 116.1875, 59.53125, 87.625, 97.9375, 126.5, 111.9375, 102.0625, 112.1875, 46.0, 120.125, 75.625, 54.40625, 40.71875, 80.625, 26.46875, 82.5625, 118.625, 86.5625, 78.25, 58.0, 90.5, 91.6875, 32.375, 62.1875, 88.25, 37.84375, 114.8125, 46.6875, 60.46875, 68.0, 88.625, 118.1875, 91.0625, 19.203125, 116.9375, 62.65625, 37.1875, 85.0625, 112.875, 26.921875, 101.625, 38.0, 66.875, 12.203125, 104.5, 122.5625, 40.25, 116.0, 74.3125, 54.78125, 71.5625, 132.75, 26.921875, 35.46875, 19.109375, 4.0, 113.1875, 85.1875, 29.28125, 67.4375, 87.3125, 102.75, 33.53125, 145.0, 79.875, 76.625, 73.75, 51.625, 101.0, 51.3125, 39.9375, 102.0, 53.4375, 85.0, 25.609375, 85.9375, 77.4375, 109.1875, 100.125, 96.5625, 128.75, 105.75, 36.21875, 50.46875, 123.9375, 113.5625, 22.203125, 65.0, 35.34375, 80.125, 89.6875, 7.0703125, 55.0, 95.875, 94.125, 97.5625, 107.5, 99.125, 107.6875, 79.625, 61.28125, 97.0625, 104.6875, 78.625, 128.375, 65.8125, 78.9375, 72.0625, 82.3125, 84.875, 86.625, 49.21875, 22.359375, 27.171875, 92.0, 88.1875, 117.125, 116.375, 95.6875, 133.625, 77.25, 79.375, 81.0], [85.3125, 147.5, 68.5625, 50.21875, 81.4375, 113.1875, 105.5625, 158.875, 11.1796875, 133.625, 6.0, 103.9375, 3.162109375, 88.5, 90.0, 107.625, 169.5, 91.0, 0.0, 156.375, 181.375, 101.625, 104.3125, 158.5, 146.5, 188.125, 112.1875, 98.0625, 157.625, 190.625, 81.5, 33.625, 42.09375, 189.625, 112.3125, 169.375, 93.0, 145.375, 70.0, 130.375, 105.0, 56.875, 104.75, 39.9375, 79.6875, 44.9375, 101.5625, 66.75, 95.5, 143.75, 129.0, 169.625, 117.0625, 171.875, 57.5, 167.0, 78.0, 63.875, 20.21875, 97.125, 59.125, 54.5625, 81.5, 90.5, 118.9375, 67.625, 52.625, 149.25, 57.59375, 194.75, 3.0, 77.125, 162.625, 87.125, 75.625, 6.32421875, 103.125, 107.6875, 23.40625, 99.0, 75.6875, 84.5, 183.875, 176.875, 114.5, 155.625, 158.625, 86.8125, 147.875, 84.6875, 69.625, 120.0625, 90.8125, 91.125, 190.625, 107.3125, 99.0625, 76.4375, 30.359375, 22.359375, 59.6875, 104.375, 81.25, 134.0, 103.25, 127.75, 58.6875, 76.875, 84.125, 187.5, 42.71875, 151.5, 77.375, 96.25, 159.125, 45.71875, 168.375, 65.25, 92.0, 185.375, 101.25, 126.5, 117.3125, 87.875, 113.0625, 156.0, 101.8125, 43.40625, 99.875, 98.0, 131.25, 64.3125, 161.375, 41.0625, 74.125, 183.0, 157.375, 162.875, 82.875, 57.0625, 49.03125, 155.125, 199.625, 96.3125, 17.03125, 91.3125, 10.8203125, 164.0, 155.25, 127.4375, 71.5625, 98.0625, 128.75, 84.75, 181.375, 178.375, 178.625, 103.25, 19.84375, 78.5, 141.75], [91.8125, 182.0, 100.6875, 167.5, 90.5, 46.3125, 51.03125, 16.96875, 146.25, 28.15625, 161.0, 56.3125, 155.25, 153.125, 120.3125, 60.03125, 58.0625, 104.375, 156.375, 0.0, 177.75, 90.25, 113.125, 8.9453125, 66.4375, 61.78125, 93.4375, 87.25, 26.40625, 184.75, 113.4375, 186.75, 187.75, 180.25, 73.0, 99.375, 103.875, 82.25, 125.375, 48.0, 192.0, 190.625, 102.0625, 192.375, 99.6875, 195.25, 149.25, 210.625, 63.0625, 86.8125, 83.3125, 89.375, 95.0625, 133.375, 140.75, 160.125, 83.1875, 157.375, 142.0, 71.0625, 113.4375, 101.8125, 85.6875, 73.5625, 69.4375, 90.5625, 103.6875, 146.5, 183.375, 60.40625, 154.5, 120.6875, 14.5625, 166.75, 140.0, 150.5, 86.0, 124.0625, 150.25, 141.25, 81.5625, 97.3125, 61.28125, 20.515625, 65.125, 21.21875, 144.625, 70.0, 49.03125, 132.875, 125.6875, 77.0625, 87.0625, 108.25, 184.75, 189.5, 75.625, 169.625, 132.125, 177.0, 109.3125, 130.125, 182.125, 174.25, 53.84375, 58.0, 119.25, 154.375, 77.4375, 159.75, 116.6875, 175.25, 92.3125, 189.875, 152.0, 139.875, 31.0625, 192.5, 119.1875, 175.625, 69.0625, 142.0, 83.875, 103.8125, 103.3125, 104.0625, 69.625, 117.125, 66.25, 103.5625, 56.09375, 191.625, 181.875, 183.75, 111.0625, 73.6875, 4.47265625, 150.125, 164.875, 190.125, 192.5, 160.5, 54.09375, 170.25, 139.375, 176.125, 145.625, 161.25, 174.625, 139.0, 102.9375, 129.875, 31.046875, 82.25, 31.0, 26.078125, 161.625, 114.0625, 136.5, 181.125, 176.0], [120.3125, 45.125, 194.5, 140.75, 197.625, 150.25, 167.375, 163.375, 181.125, 184.125, 186.875, 146.25, 183.5, 94.625, 231.875, 191.625, 129.125, 103.9375, 181.375, 177.75, 0.0, 106.1875, 237.25, 186.5, 111.625, 142.25, 95.6875, 211.25, 153.75, 9.4375, 219.875, 183.875, 171.875, 9.0, 115.125, 85.0625, 102.5625, 95.5625, 219.875, 132.25, 103.5625, 156.875, 229.375, 184.5, 205.875, 181.5, 80.3125, 176.125, 175.125, 90.9375, 96.75, 96.0, 91.25, 48.15625, 220.625, 18.359375, 181.375, 121.3125, 187.625, 192.375, 131.875, 165.875, 191.375, 137.0, 213.125, 150.625, 163.875, 36.125, 147.25, 152.5, 182.625, 108.1875, 192.375, 102.125, 105.6875, 176.75, 214.625, 78.25, 198.25, 82.375, 170.0, 115.9375, 138.125, 188.375, 122.125, 196.375, 33.625, 155.375, 129.125, 236.625, 113.875, 106.4375, 119.1875, 101.25, 9.4375, 98.5, 123.4375, 115.25, 187.25, 183.75, 134.75, 248.875, 120.125, 55.03125, 170.375, 122.5625, 204.5, 107.0, 141.375, 28.296875, 153.75, 35.125, 129.375, 111.1875, 27.453125, 210.25, 156.125, 149.375, 232.625, 7.2109375, 129.25, 55.75, 224.125, 217.25, 87.0, 74.6875, 127.875, 182.625, 189.5, 98.3125, 123.375, 149.375, 28.453125, 167.125, 211.5, 123.375, 182.125, 27.859375, 105.5625, 155.875, 169.75, 26.421875, 169.25, 94.4375, 174.5, 104.1875, 175.75, 19.109375, 30.0625, 55.8125, 125.5, 84.875, 180.375, 190.875, 172.625, 175.0, 18.4375, 237.125, 173.75, 122.25, 47.15625], [17.46875, 96.3125, 90.4375, 88.8125, 91.9375, 49.25, 62.96875, 82.4375, 96.0, 85.375, 107.5625, 42.4375, 102.3125, 63.5625, 127.4375, 86.3125, 74.1875, 15.6171875, 101.625, 90.25, 106.1875, 0.0, 131.5, 97.3125, 48.03125, 94.0, 12.0859375, 105.125, 76.0625, 115.125, 115.625, 121.5, 116.75, 111.9375, 17.890625, 68.0, 14.421875, 43.9375, 117.8125, 44.28125, 102.3125, 113.0, 123.25, 125.5625, 100.75, 126.125, 59.03125, 135.125, 69.125, 42.1875, 27.453125, 68.0625, 17.46875, 77.8125, 122.5625, 88.0625, 75.6875, 73.5625, 98.4375, 86.25, 42.59375, 65.0, 85.5625, 30.8125, 107.8125, 47.40625, 63.90625, 70.1875, 103.875, 102.75, 101.3125, 34.65625, 103.25, 77.8125, 52.8125, 95.4375, 108.4375, 35.21875, 109.5625, 51.0, 64.4375, 17.125, 89.1875, 107.8125, 25.296875, 103.125, 74.25, 49.21875, 55.96875, 133.75, 42.0, 20.25, 13.890625, 18.875, 115.125, 99.625, 18.03125, 83.0, 93.75, 115.25, 42.0625, 144.0, 95.4375, 86.5625, 65.375, 36.0625, 103.3125, 66.875, 35.34375, 100.0, 61.125, 92.0, 27.203125, 101.0625, 78.875, 114.1875, 84.625, 111.9375, 127.9375, 106.9375, 24.734375, 56.90625, 118.1875, 111.875, 19.203125, 55.90625, 23.53125, 84.4375, 83.5, 13.34375, 39.40625, 111.3125, 100.4375, 111.8125, 107.625, 84.5625, 93.75, 79.9375, 76.6875, 112.1875, 119.1875, 82.5, 112.6875, 80.4375, 88.0, 87.1875, 92.125, 87.1875, 92.875, 54.78125, 30.0625, 39.625, 80.625, 84.875, 101.6875, 101.0625, 95.5, 131.5, 86.0, 95.0, 89.8125], [117.0625, 219.0, 45.1875, 146.5, 39.6875, 98.375, 78.75, 126.125, 94.0625, 85.375, 104.9375, 97.125, 101.375, 165.25, 15.65625, 56.3125, 159.375, 133.875, 104.3125, 113.125, 237.25, 131.5, 0.0, 109.0625, 150.25, 170.625, 142.875, 28.640625, 131.625, 246.375, 23.015625, 136.625, 146.375, 243.375, 127.0, 185.375, 135.125, 159.875, 35.15625, 123.9375, 195.875, 160.0, 11.046875, 142.875, 32.25, 148.5, 171.875, 171.0, 66.375, 161.75, 148.75, 179.375, 147.875, 207.125, 52.40625, 219.375, 55.90625, 150.625, 84.125, 49.1875, 112.25, 75.5625, 45.96875, 101.25, 44.09375, 87.4375, 78.3125, 201.125, 158.5, 171.875, 101.3125, 135.375, 109.375, 171.75, 148.125, 102.0, 27.890625, 160.625, 83.5625, 165.375, 67.25, 121.6875, 168.625, 128.375, 122.3125, 98.5, 205.75, 83.0, 139.625, 27.59375, 133.25, 137.25, 118.125, 137.0, 246.375, 196.375, 115.5, 166.0, 75.0, 125.3125, 107.8125, 17.0, 175.125, 206.5, 74.6875, 129.375, 46.0, 157.875, 96.1875, 231.0, 94.5625, 218.0, 108.25, 189.0, 210.125, 61.125, 140.75, 167.25, 13.4140625, 238.375, 111.0625, 184.25, 30.8125, 20.59375, 150.625, 180.375, 112.4375, 67.25, 53.71875, 139.0, 131.0, 166.25, 227.5, 145.125, 31.40625, 176.5, 111.0, 211.375, 167.875, 160.0, 153.375, 212.375, 167.25, 179.75, 93.125, 179.375, 98.0, 218.125, 220.0, 183.0, 114.0, 157.5, 84.0, 46.75, 144.125, 139.0, 227.0, 1.4140625, 91.25, 172.75, 212.375], [97.75, 190.125, 100.1875, 172.125, 89.3125, 51.46875, 53.03125, 25.609375, 148.125, 26.40625, 163.0, 61.28125, 157.25, 159.625, 117.25, 58.1875, 66.6875, 111.0625, 158.5, 8.9453125, 186.5, 97.3125, 109.0625, 0.0, 75.25, 69.3125, 101.125, 84.375, 35.21875, 193.625, 111.0625, 189.625, 191.375, 189.125, 80.375, 108.3125, 110.625, 91.0625, 123.6875, 56.09375, 198.5, 195.0, 98.0625, 195.375, 98.0, 198.5, 156.375, 214.625, 63.8125, 95.625, 91.6875, 98.25, 103.0, 142.25, 139.625, 168.75, 83.5, 162.875, 143.375, 69.625, 118.1875, 104.0, 85.0, 78.75, 65.0, 94.0, 106.0625, 155.0, 188.0, 67.125, 156.5, 126.8125, 6.0, 173.0, 146.125, 152.75, 82.625, 131.5, 151.125, 148.25, 83.125, 103.4375, 69.1875, 19.921875, 72.4375, 13.0390625, 153.25, 73.25, 57.9375, 130.0, 131.5, 85.0, 93.3125, 115.0, 193.625, 196.25, 82.0, 175.5, 133.25, 179.625, 113.875, 126.0625, 187.875, 182.125, 55.3125, 66.125, 118.625, 160.375, 82.0, 168.625, 120.0, 183.5, 97.5, 196.0, 160.625, 139.5, 39.0625, 197.25, 116.0, 184.375, 75.3125, 150.0, 79.125, 101.1875, 111.0625, 112.9375, 75.9375, 118.25, 65.0, 110.625, 64.375, 196.375, 190.25, 187.375, 109.4375, 82.0625, 4.47265625, 158.875, 171.125, 194.375, 196.25, 169.0, 59.03125, 176.875, 141.5, 182.5, 147.875, 169.875, 183.0, 147.0, 108.25, 137.0, 30.53125, 81.4375, 35.90625, 30.59375, 170.5, 110.0625, 138.75, 186.875, 184.0], [61.6875, 120.6875, 118.125, 136.75, 114.5, 51.875, 71.5625, 51.78125, 139.5, 77.4375, 152.375, 54.40625, 146.75, 106.6875, 151.0, 95.4375, 26.90625, 63.0, 146.5, 66.4375, 111.625, 48.03125, 150.25, 75.25, 0.0, 46.65625, 42.4375, 121.625, 42.28125, 118.375, 140.375, 168.875, 164.625, 113.875, 34.21875, 36.125, 61.40625, 16.125, 147.0, 26.625, 143.625, 160.875, 140.125, 173.125, 124.625, 174.0, 97.9375, 183.0, 84.1875, 21.03125, 24.40625, 29.0625, 40.59375, 67.125, 156.25, 94.1875, 99.75, 120.75, 139.875, 101.0625, 88.9375, 101.0, 107.8125, 59.0, 114.625, 83.0625, 101.0625, 82.0, 151.625, 56.09375, 145.75, 82.1875, 80.9375, 121.5, 99.0625, 140.125, 123.1875, 70.5, 150.625, 90.6875, 90.8125, 63.96875, 41.71875, 77.25, 33.0, 85.9375, 78.75, 72.375, 17.46875, 160.375, 89.875, 27.78125, 55.96875, 65.4375, 118.375, 140.125, 47.6875, 128.75, 133.125, 162.0, 87.25, 165.625, 140.75, 115.25, 75.5625, 21.59375, 134.75, 112.4375, 66.0, 93.5, 104.125, 112.5625, 69.125, 144.25, 86.5, 150.25, 46.28125, 159.5, 150.75, 109.1875, 47.0, 82.25, 128.25, 133.75, 49.40625, 37.6875, 46.03125, 121.0, 96.625, 58.125, 19.3125, 158.875, 118.0625, 159.75, 134.25, 36.78125, 70.8125, 84.1875, 121.1875, 160.125, 167.25, 96.0, 68.5, 122.0625, 131.375, 130.375, 136.375, 95.625, 111.1875, 78.875, 75.9375, 80.0, 75.0, 105.6875, 63.78125, 65.1875, 95.1875, 150.75, 129.125, 140.75, 115.3125], [105.8125, 161.0, 148.125, 182.75, 141.125, 79.5, 96.0, 45.6875, 180.0, 86.3125, 193.75, 86.6875, 188.0, 153.125, 175.25, 114.5625, 19.84375, 109.3125, 188.125, 61.78125, 142.25, 94.0, 170.625, 69.3125, 46.65625, 0.0, 89.125, 142.875, 39.0625, 147.0, 166.375, 213.0, 209.75, 142.0, 78.25, 57.3125, 107.8125, 57.96875, 176.0, 57.875, 189.625, 207.0, 159.625, 217.625, 151.125, 218.875, 143.75, 229.0, 110.0, 62.78125, 70.8125, 46.53125, 87.125, 94.125, 188.5, 127.25, 129.125, 167.25, 178.875, 123.6875, 133.0, 138.0, 135.0, 97.75, 128.75, 121.4375, 138.75, 119.625, 197.875, 10.4375, 187.0, 128.5, 72.8125, 168.0, 145.75, 181.75, 142.75, 116.375, 189.0, 136.875, 122.9375, 109.0, 5.0, 58.78125, 74.25, 82.375, 113.1875, 105.75, 40.3125, 186.625, 136.0, 73.875, 100.0, 111.9375, 147.0, 185.875, 89.875, 175.375, 170.75, 205.25, 130.625, 187.25, 187.5, 157.625, 100.0, 60.8125, 166.375, 159.125, 104.375, 118.125, 145.375, 151.5, 111.8125, 190.5, 121.375, 184.625, 30.875, 205.875, 174.5, 138.0, 86.9375, 125.25, 143.25, 157.875, 95.75, 70.625, 86.375, 157.125, 118.6875, 104.75, 57.25, 205.25, 155.25, 205.0, 162.0, 19.03125, 65.5, 117.5625, 167.75, 206.25, 212.75, 132.875, 27.0, 168.25, 172.125, 176.875, 177.5, 129.875, 149.25, 121.625, 120.0625, 126.375, 86.8125, 132.0, 37.8125, 42.53125, 124.125, 171.375, 169.5, 187.375, 156.375], [29.40625, 89.5625, 102.3125, 95.375, 103.5, 56.3125, 72.0, 83.6875, 107.0625, 92.0, 118.125, 51.0, 113.0625, 64.625, 139.25, 96.0625, 69.3125, 22.140625, 112.1875, 93.4375, 95.6875, 12.0859375, 142.875, 101.125, 42.4375, 89.125, 0.0, 116.125, 76.1875, 104.375, 127.4375, 130.375, 124.625, 101.0625, 21.21875, 57.3125, 20.25, 34.9375, 129.875, 45.71875, 102.5, 119.375, 134.375, 134.125, 112.4375, 134.25, 57.375, 141.625, 79.375, 32.28125, 18.875, 58.53125, 5.38671875, 65.75, 134.625, 77.4375, 87.1875, 78.625, 109.875, 96.8125, 53.03125, 77.0625, 97.0, 41.71875, 117.5, 59.46875, 75.9375, 60.03125, 109.8125, 98.4375, 112.0625, 40.71875, 107.125, 79.375, 56.71875, 106.0625, 119.1875, 30.8125, 121.0625, 49.65625, 76.0625, 28.15625, 84.125, 109.6875, 29.15625, 108.1875, 63.125, 60.15625, 53.71875, 145.625, 48.75, 17.09375, 25.9375, 23.703125, 104.375, 99.3125, 27.796875, 86.25, 105.5625, 124.75, 53.09375, 155.75, 98.4375, 81.0, 74.8125, 36.125, 115.375, 70.0, 46.875, 88.25, 72.5625, 84.1875, 39.21875, 102.3125, 68.25, 126.1875, 83.6875, 117.4375, 139.625, 96.0625, 33.625, 49.5, 128.5, 123.4375, 10.046875, 44.28125, 32.25, 96.4375, 93.8125, 16.125, 38.90625, 116.8125, 92.0625, 119.625, 119.5625, 77.6875, 97.25, 68.875, 78.875, 118.5, 126.5625, 72.9375, 109.875, 80.625, 99.125, 88.5, 103.0, 76.875, 84.5, 46.875, 41.125, 38.46875, 87.5625, 96.1875, 101.25, 101.25, 84.1875, 143.0, 97.25, 98.3125, 83.3125], [91.8125, 195.875, 29.828125, 133.125, 18.0, 69.75, 50.09375, 99.125, 87.0, 59.125, 100.3125, 68.8125, 95.625, 144.875, 33.0625, 28.28125, 131.0, 109.0625, 98.0625, 87.25, 211.25, 105.125, 28.640625, 84.375, 121.625, 142.875, 116.125, 0.0, 103.9375, 220.25, 27.3125, 131.625, 139.0, 217.0, 99.25, 156.875, 110.125, 131.5, 41.34375, 95.25, 178.375, 149.875, 18.59375, 138.0, 18.875, 143.0, 149.875, 164.0, 38.0, 133.5, 120.875, 150.75, 120.9375, 179.375, 59.1875, 193.25, 31.390625, 133.875, 78.375, 20.59375, 91.5, 56.4375, 21.84375, 74.4375, 23.4375, 64.0625, 59.40625, 175.25, 146.625, 144.625, 95.25, 113.0625, 85.625, 153.125, 127.875, 94.25, 5.09765625, 136.0, 81.625, 142.875, 42.5, 96.875, 140.625, 104.125, 94.1875, 75.3125, 179.25, 55.96875, 111.0625, 45.71875, 112.25, 109.3125, 92.1875, 112.5, 220.25, 178.25, 88.4375, 149.125, 67.75, 120.3125, 86.6875, 44.65625, 159.5, 183.875, 46.0625, 100.875, 42.1875, 139.0, 70.0, 203.75, 77.25, 194.0, 83.75, 172.25, 184.0, 63.03125, 113.4375, 155.875, 32.0, 212.0, 83.5, 159.5, 19.421875, 17.09375, 124.3125, 152.25, 84.875, 55.53125, 25.078125, 113.75, 102.5, 154.875, 203.25, 136.75, 28.3125, 148.125, 85.6875, 185.0, 149.625, 149.75, 145.5, 187.0, 141.0, 160.5, 83.6875, 161.5, 89.5625, 192.25, 195.625, 158.125, 90.875, 134.125, 57.0, 21.03125, 118.1875, 113.375, 200.25, 29.15625, 81.25, 157.375, 189.125], [82.3125, 161.75, 111.0, 160.75, 103.0625, 44.78125, 58.5625, 9.8515625, 148.5, 47.53125, 162.875, 53.71875, 157.125, 139.5, 136.5, 75.6875, 31.828125, 91.4375, 157.625, 26.40625, 153.75, 76.0625, 131.625, 35.21875, 42.28125, 39.0625, 76.1875, 103.9375, 0.0, 160.375, 128.0, 185.375, 184.375, 155.75, 58.1875, 73.375, 90.4375, 58.40625, 138.25, 31.90625, 178.125, 184.625, 120.625, 190.625, 113.0, 192.75, 133.5, 205.75, 72.4375, 63.28125, 62.65625, 63.125, 76.625, 108.1875, 151.625, 136.5, 92.25, 148.0, 146.0, 85.125, 107.5, 104.8125, 97.25, 68.4375, 89.8125, 90.0625, 106.0, 124.125, 176.375, 41.0, 156.125, 109.5625, 40.3125, 153.875, 128.5, 151.5, 103.75, 106.875, 155.5, 125.6875, 87.375, 87.0, 37.34375, 35.0, 51.3125, 47.5, 121.0625, 71.6875, 25.015625, 148.125, 115.8125, 59.125, 76.8125, 94.875, 160.375, 175.125, 65.3125, 158.625, 137.0, 176.625, 104.125, 148.25, 171.25, 155.25, 62.40625, 40.3125, 129.5, 142.75, 74.0625, 134.375, 115.6875, 154.125, 85.5625, 177.125, 128.75, 148.75, 10.7734375, 185.125, 135.75, 151.125, 60.09375, 122.3125, 104.375, 119.25, 85.4375, 79.3125, 60.15625, 122.6875, 80.125, 89.0, 37.34375, 184.375, 160.0, 180.0, 124.125, 48.0, 30.8125, 126.4375, 152.75, 183.875, 188.25, 138.125, 42.0625, 156