{"name": "LZB_n160_17", "n": 160, "m": 20, "times": [[0.0, 102.1875, 73.375, 70.8125, 53.15625, 132.5, 124.625, 99.625, 56.3125, 81.0625, 104.8125, 104.1875, 86.8125, 132.25, 59.15625, 92.5625, 34.65625, 97.625, 15.265625, 108.875, 44.28125, 94.125, 97.5, 63.40625, 76.875, 97.25, 69.25, 100.4375, 96.8125, 88.25, 85.625, 84.5, 86.375, 85.375, 55.09375, 92.4375, 102.375, 91.6875, 96.0, 71.5625, 103.3125, 101.25, 30.359375, 83.0, 35.375, 33.25, 66.75, 116.875, 110.0, 67.1875, 21.09375, 67.25, 111.5, 91.6875, 74.4375, 89.1875, 111.0, 52.15625, 91.75, 83.75, 89.0625, 102.1875, 60.0, 32.6875, 71.5625, 95.875, 57.0, 30.0, 88.1875, 97.625, 50.0, 134.375, 136.5, 83.75, 117.1875, 38.3125, 92.0, 57.5625, 87.75, 36.0625, 71.375, 88.0, 34.4375, 62.6875, 96.25, 94.625, 90.0, 101.125, 47.0625, 121.625, 22.0, 62.0, 42.0, 42.0, 52.8125, 32.0, 83.5, 110.625, 44.0, 51.96875, 101.8125, 97.9375, 61.625, 133.75, 76.0, 123.875, 92.4375, 78.5625, 91.8125, 27.65625, 87.0, 33.71875, 64.0, 130.0, 95.3125, 66.5, 21.40625, 46.1875, 78.5, 107.625, 135.75, 106.5, 117.0625, 72.1875, 64.875, 104.0, 70.0, 104.625, 60.125, 43.75, 80.4375, 78.5, 64.375, 100.6875, 98.125, 91.3125, 107.5625, 90.625, 87.25, 44.40625, 88.3125, 9.484375, 124.5625, 83.875, 80.75, 98.0625, 69.375, 90.0, 70.5, 83.5625, 97.4375, 100.8125, 65.375, 38.59375, 93.0, 61.78125, 96.3125, 39.84375, 62.8125, 85.125, 54.71875], [102.1875, 0.0, 83.25, 164.25, 111.375, 71.875, 218.25, 201.75, 54.65625, 122.125, 110.625, 157.125, 178.625, 67.375, 71.5, 194.0, 127.375, 75.0625, 92.6875, 106.875, 118.25, 49.375, 105.125, 158.125, 131.875, 164.0, 122.3125, 197.375, 91.6875, 186.875, 82.0, 186.5, 174.375, 88.0, 120.25, 172.5, 204.5, 69.625, 118.6875, 173.75, 3.60546875, 88.3125, 107.0, 100.1875, 92.1875, 135.5, 124.75, 185.25, 161.875, 39.21875, 87.6875, 36.125, 63.0625, 18.03125, 29.015625, 44.5625, 206.5, 71.5625, 137.375, 102.375, 34.21875, 117.0, 47.1875, 134.75, 168.625, 84.125, 159.125, 114.375, 30.609375, 153.125, 135.875, 68.1875, 66.0, 32.75, 99.0625, 136.375, 27.65625, 117.875, 95.25, 76.0, 108.75, 151.375, 68.4375, 163.125, 69.4375, 189.0, 153.5, 176.75, 89.625, 101.0, 110.5, 162.75, 85.125, 121.0, 154.625, 133.375, 104.125, 66.625, 122.1875, 103.25, 145.875, 78.5625, 100.4375, 230.125, 162.5, 106.0, 90.8125, 176.25, 190.5, 74.625, 31.953125, 135.875, 165.0, 54.03125, 141.375, 168.625, 85.8125, 133.75, 64.875, 31.046875, 66.0, 60.90625, 73.8125, 75.1875, 152.125, 196.375, 43.96875, 73.8125, 45.5, 142.5, 166.625, 49.40625, 130.125, 162.0, 124.0, 75.1875, 204.25, 192.625, 119.9375, 58.6875, 50.4375, 111.6875, 121.8125, 185.625, 139.5, 25.0, 50.34375, 116.3125, 76.1875, 126.75, 165.75, 197.25, 111.0, 129.125, 173.375, 44.0, 192.125, 86.5, 94.0, 162.0, 156.875], [73.375, 83.25, 0.0, 142.75, 39.8125, 69.3125, 194.75, 156.75, 81.125, 39.5625, 153.75, 74.3125, 158.875, 71.3125, 18.6875, 141.125, 73.5625, 28.015625, 77.9375, 154.375, 114.75, 111.375, 28.15625, 135.125, 144.25, 169.0, 135.0, 134.5, 138.75, 155.625, 12.8046875, 137.375, 104.8125, 12.1640625, 123.8125, 97.625, 156.25, 122.5625, 36.78125, 128.75, 86.4375, 139.625, 52.5, 17.6875, 95.0, 96.625, 47.375, 104.5625, 78.9375, 76.5625, 52.875, 56.71875, 49.03125, 65.3125, 60.15625, 41.96875, 180.375, 25.171875, 157.0, 19.796875, 97.0625, 155.25, 76.5, 98.75, 109.25, 23.015625, 119.125, 102.125, 53.3125, 166.625, 123.3125, 73.5625, 77.5, 50.53125, 155.125, 85.5625, 94.75, 44.28125, 134.75, 81.5, 130.5, 158.625, 54.34375, 129.375, 29.546875, 123.6875, 160.75, 174.375, 27.453125, 158.75, 94.375, 111.6875, 95.3125, 113.75, 116.6875, 90.25, 21.265625, 46.09375, 115.75, 114.0, 62.625, 26.90625, 119.5, 201.625, 93.3125, 162.75, 135.375, 147.5, 159.0, 63.03125, 93.5, 95.625, 113.875, 76.3125, 161.0, 122.4375, 53.375, 119.5625, 19.421875, 65.75, 76.5625, 44.9375, 49.9375, 112.25, 85.625, 175.25, 41.125, 36.0625, 73.8125, 91.375, 96.5625, 34.0, 134.25, 80.625, 41.71875, 125.6875, 176.0, 142.75, 36.71875, 65.8125, 107.875, 79.625, 171.5, 135.0, 149.625, 97.75, 34.0625, 33.40625, 111.625, 147.125, 86.3125, 133.75, 32.25, 72.5, 166.375, 48.59375, 128.375, 33.625, 16.546875, 158.25, 115.4375], [70.8125, 164.25, 142.75, 0.0, 113.3125, 203.25, 54.5625, 57.28125, 110.5, 140.0, 113.9375, 151.0, 16.125, 202.75, 129.75, 68.625, 77.125, 168.125, 73.6875, 121.5, 48.75, 139.0, 164.0, 7.6171875, 61.6875, 53.15625, 63.625, 93.4375, 118.0625, 27.078125, 155.25, 57.96875, 103.75, 154.25, 53.09375, 118.875, 64.875, 126.3125, 158.625, 46.625, 164.5, 125.0, 92.125, 149.5, 72.9375, 49.03125, 121.625, 148.375, 156.125, 125.375, 91.8125, 133.0, 182.25, 157.625, 139.75, 159.25, 42.1875, 122.875, 74.75, 149.75, 141.375, 106.0, 117.3125, 45.59375, 77.25, 165.625, 37.65625, 49.9375, 156.5, 66.375, 29.40625, 204.75, 206.625, 152.125, 136.625, 67.1875, 146.375, 114.75, 106.0625, 88.3125, 79.125, 53.8125, 102.5625, 24.171875, 167.0, 96.375, 54.21875, 44.375, 115.375, 140.75, 54.65625, 59.46875, 81.125, 44.59375, 35.5, 56.875, 149.0, 181.375, 43.96875, 69.0625, 154.375, 168.25, 78.3125, 65.875, 100.4375, 140.375, 114.0, 16.5, 30.0, 93.4375, 140.625, 50.8125, 59.25, 199.375, 75.5625, 48.75, 92.1875, 30.875, 149.25, 175.75, 206.0, 177.25, 187.875, 105.875, 93.75, 33.3125, 139.25, 175.25, 118.875, 65.0, 103.3125, 148.875, 49.5, 142.5, 159.375, 122.6875, 40.3125, 61.71875, 148.25, 106.625, 133.25, 63.28125, 130.75, 60.875, 57.78125, 152.75, 139.5, 152.625, 103.9375, 75.0, 134.375, 95.0, 126.9375, 80.75, 33.25, 129.5, 93.75, 109.25, 129.875, 34.71875, 41.21875], [53.15625, 111.375, 39.8125, 113.3125, 0.0, 109.125, 161.875, 118.8125, 88.625, 28.078125, 153.125, 54.03125, 129.0, 111.0625, 41.0, 102.0, 37.59375, 67.625, 64.625, 155.875, 97.3125, 125.6875, 52.15625, 105.75, 130.0, 149.0, 122.25, 94.6875, 141.875, 121.6875, 51.625, 99.0625, 65.9375, 47.8125, 108.25, 61.28125, 117.5625, 130.875, 45.34375, 91.6875, 114.0, 144.75, 23.09375, 38.40625, 85.5, 64.5, 15.5546875, 75.5625, 59.8125, 91.0625, 40.5, 77.5, 88.75, 94.875, 83.5, 77.4375, 147.125, 39.8125, 144.75, 38.0, 114.625, 152.125, 87.4375, 67.75, 69.625, 60.8125, 84.25, 82.75, 85.125, 150.625, 100.0625, 113.3125, 117.1875, 81.25, 161.0, 49.40625, 114.5, 6.70703125, 134.75, 78.25, 122.75, 140.625, 55.96875, 96.1875, 69.375, 84.125, 142.5, 150.625, 21.84375, 165.125, 74.8125, 73.5625, 89.5625, 94.625, 82.75, 57.0, 36.90625, 85.9375, 96.625, 103.8125, 49.25, 66.0625, 112.3125, 167.0, 54.125, 168.25, 137.75, 115.0625, 124.9375, 59.65625, 111.4375, 62.96875, 75.6875, 115.25, 148.375, 85.25, 42.4375, 96.0625, 56.5, 101.25, 116.25, 84.5, 89.5625, 115.125, 45.875, 144.125, 67.75, 75.6875, 85.6875, 54.40625, 57.71875, 67.0625, 117.375, 54.21875, 46.375, 132.25, 142.25, 104.125, 35.21875, 71.6875, 120.8125, 55.03125, 172.5, 96.3125, 133.875, 119.125, 62.1875, 39.28125, 113.875, 136.25, 55.46875, 94.0, 13.6015625, 35.21875, 141.25, 68.625, 88.625, 26.921875, 23.265625, 135.25, 80.25], [132.5, 71.875, 69.3125, 203.25, 109.125, 0.0, 257.25, 224.625, 110.4375, 102.0, 178.75, 132.125, 219.125, 5.65625, 75.1875, 210.125, 141.5, 41.78125, 130.875, 176.25, 165.75, 120.125, 70.125, 195.875, 188.5, 218.25, 178.625, 203.625, 160.375, 219.875, 57.9375, 205.75, 173.375, 62.9375, 171.75, 164.5, 224.625, 139.0, 87.0625, 196.25, 75.125, 158.0, 119.375, 76.1875, 140.875, 161.375, 115.125, 165.5, 135.0, 97.0625, 111.8125, 78.125, 21.265625, 61.125, 74.1875, 45.1875, 243.5, 81.375, 197.625, 77.875, 104.0, 183.875, 102.625, 162.625, 178.5, 50.4375, 185.0, 156.375, 53.59375, 211.125, 179.125, 6.70703125, 12.0859375, 56.625, 170.125, 153.25, 98.125, 113.3125, 161.625, 123.9375, 168.625, 206.375, 101.8125, 193.75, 39.8125, 192.75, 208.5, 227.5, 94.0625, 172.375, 149.875, 180.0, 137.125, 166.5, 182.0, 156.125, 79.8125, 23.328125, 168.25, 157.25, 118.0625, 43.96875, 158.375, 266.0, 162.125, 177.25, 158.75, 210.75, 223.5, 111.5, 101.0, 160.75, 182.25, 21.40625, 201.75, 190.0, 111.1875, 175.875, 55.4375, 41.125, 11.1796875, 26.171875, 20.390625, 139.25, 154.875, 236.5, 65.75, 33.84375, 99.75, 159.25, 165.125, 54.65625, 182.5, 141.75, 92.0, 144.125, 239.75, 211.375, 94.875, 103.375, 120.0, 140.75, 192.0, 203.625, 195.375, 96.625, 64.0625, 88.5625, 139.625, 186.875, 149.875, 202.875, 100.3125, 140.875, 221.375, 77.375, 197.5, 97.3125, 85.875, 211.5, 181.625], [124.625, 218.25, 194.75, 54.5625, 161.875, 257.25, 0.0, 61.0, 164.0, 186.625, 153.75, 190.875, 39.65625, 257.0, 183.0, 83.5, 124.3125, 221.0, 128.25, 161.875, 100.75, 189.625, 213.875, 61.53125, 101.625, 76.125, 107.4375, 111.1875, 162.375, 40.5, 207.5, 77.0, 134.125, 205.875, 101.75, 151.375, 68.875, 174.5, 206.375, 75.3125, 218.25, 169.625, 142.75, 199.625, 126.25, 98.25, 167.5, 180.125, 195.125, 179.125, 145.5, 187.625, 236.125, 212.125, 194.25, 213.625, 14.8671875, 176.375, 109.125, 199.5, 193.625, 144.375, 171.125, 95.9375, 108.75, 217.75, 78.0, 104.1875, 211.0, 94.0625, 82.375, 259.0, 261.0, 206.75, 178.5, 112.8125, 199.125, 162.0, 150.625, 142.25, 124.1875, 85.125, 157.0, 65.75, 220.25, 119.25, 84.0625, 58.21875, 167.25, 182.25, 109.25, 94.375, 134.0, 97.4375, 79.1875, 105.1875, 198.625, 235.125, 96.375, 119.125, 197.0, 220.875, 126.5, 16.28125, 135.375, 180.75, 158.875, 47.15625, 37.65625, 148.0, 193.25, 99.5, 92.9375, 253.875, 108.0, 81.0, 146.0, 84.625, 202.75, 230.25, 260.25, 231.125, 241.25, 155.5, 132.25, 21.953125, 193.75, 228.375, 172.75, 108.625, 136.875, 203.0, 94.5625, 180.375, 206.375, 170.25, 20.390625, 76.25, 195.375, 161.0, 184.125, 116.5, 167.0, 81.0, 94.875, 205.375, 193.75, 200.5, 153.625, 114.0, 170.375, 113.125, 175.375, 127.125, 53.25, 184.125, 114.5, 161.875, 180.75, 64.75, 82.0625], [99.625, 201.75, 156.75, 57.28125, 118.8125, 224.625, 61.0, 0.0, 152.375, 139.0, 170.0, 136.125, 58.125, 225.5, 149.75, 23.09375, 83.25, 184.625, 109.875, 177.25, 99.625, 186.5, 170.125, 57.5625, 118.6875, 108.0, 119.625, 50.25, 172.125, 33.3125, 169.375, 20.25, 76.1875, 166.25, 107.0625, 93.625, 8.6015625, 177.125, 159.625, 28.65625, 202.75, 178.75, 105.1875, 157.125, 118.1875, 66.5, 120.0, 121.0625, 139.75, 165.375, 116.75, 166.75, 203.375, 191.125, 174.0, 185.125, 48.71875, 144.25, 132.0, 156.5, 185.25, 162.5, 157.75, 67.0625, 53.65625, 179.125, 42.71875, 94.0625, 186.5, 122.9375, 81.375, 227.75, 230.75, 182.0, 191.625, 71.375, 189.25, 116.9375, 160.25, 129.75, 134.0, 110.625, 133.875, 42.0625, 185.25, 59.0625, 110.8125, 94.8125, 130.625, 195.875, 94.625, 45.25, 127.1875, 94.4375, 47.3125, 69.75, 155.125, 201.375, 94.625, 120.625, 144.5, 183.625, 131.125, 57.21875, 79.875, 196.0, 167.875, 41.1875, 32.5625, 127.125, 183.75, 66.3125, 43.125, 226.0, 132.875, 34.65625, 118.125, 80.75, 169.25, 205.75, 229.875, 198.625, 206.25, 156.0, 79.75, 57.46875, 167.75, 192.625, 158.375, 65.4375, 80.3125, 173.875, 105.625, 124.625, 158.375, 174.375, 42.71875, 16.765625, 148.25, 143.375, 180.5, 90.125, 187.5, 23.703125, 115.0625, 195.5, 165.625, 154.25, 154.0, 131.875, 113.875, 52.25, 131.0, 84.3125, 84.375, 160.875, 54.0, 127.5625, 140.875, 90.125, 44.9375], [56.3125, 54.65625, 81.125, 110.5, 88.625, 110.4375, 164.0, 152.375, 0.0, 110.25, 73.375, 142.125, 124.3125, 107.8125, 62.65625, 148.0, 88.625, 91.375, 43.03125, 73.375, 63.59375, 38.625, 109.1875, 104.6875, 79.25, 110.6875, 69.4375, 156.75, 57.59375, 134.25, 88.0625, 139.375, 140.125, 91.6875, 65.8125, 143.125, 156.25, 42.625, 116.375, 125.6875, 54.40625, 58.59375, 73.8125, 97.9375, 37.75, 88.0625, 104.125, 163.125, 147.75, 15.5546875, 51.0, 32.5625, 93.1875, 52.46875, 36.40625, 66.75, 152.625, 57.3125, 87.3125, 99.75, 33.0625, 76.1875, 8.0625, 86.3125, 127.75, 95.6875, 110.0, 60.9375, 56.90625, 101.5, 81.625, 109.4375, 109.375, 53.84375, 74.4375, 94.375, 36.875, 95.125, 54.59375, 22.796875, 58.1875, 98.1875, 32.65625, 111.8125, 87.0625, 150.5, 100.375, 122.5625, 69.4375, 78.25, 58.25, 118.125, 30.484375, 66.5625, 105.25, 88.125, 100.625, 94.625, 67.6875, 49.21875, 134.875, 93.625, 48.34375, 176.25, 128.875, 82.0, 54.40625, 123.3125, 137.75, 31.390625, 31.40625, 89.0, 120.0625, 99.3125, 91.4375, 121.25, 48.75, 79.625, 72.0, 73.375, 109.0, 88.8125, 102.5625, 31.578125, 117.75, 142.0, 48.0, 95.0, 10.7734375, 100.0, 133.375, 61.0, 75.9375, 142.75, 120.5625, 44.9375, 150.75, 145.375, 112.3125, 16.96875, 33.09375, 65.0625, 90.4375, 139.125, 86.625, 43.1875, 53.25, 111.625, 31.25, 76.5625, 142.875, 157.0, 94.9375, 91.6875, 118.8125, 36.0625, 152.375, 62.21875, 82.125, 107.5, 108.5625], [81.0625, 122.125, 39.5625, 140.0, 28.078125, 102.0, 186.625, 139.0, 110.25, 0.0, 178.5, 34.9375, 155.5, 105.25, 51.875, 119.75, 63.0625, 61.21875, 91.75, 180.625, 125.3125, 145.0, 34.0, 132.625, 157.875, 177.125, 149.875, 106.625, 165.875, 146.125, 46.0, 118.8125, 74.125, 40.0, 136.125, 62.96875, 136.5, 152.875, 20.609375, 113.75, 125.25, 168.125, 51.15625, 26.078125, 112.25, 91.0, 19.234375, 65.375, 39.8125, 109.6875, 66.5, 92.4375, 84.1875, 104.375, 97.125, 81.5, 171.75, 54.5625, 172.5, 24.1875, 132.125, 178.125, 107.5625, 94.5625, 86.4375, 51.625, 108.625, 110.75, 92.6875, 178.625, 128.0, 107.375, 112.0, 89.6875, 184.25, 74.0, 130.75, 25.3125, 159.75, 103.3125, 149.625, 168.625, 78.5, 121.4375, 65.0, 94.875, 170.625, 178.375, 41.0625, 188.25, 102.8125, 94.6875, 115.5625, 122.6875, 107.8125, 83.1875, 22.203125, 80.375, 124.6875, 131.0, 24.765625, 58.40625, 138.875, 190.5, 64.1875, 191.75, 162.125, 140.375, 149.125, 84.125, 128.75, 89.25, 96.5625, 113.0625, 176.125, 107.4375, 68.125, 124.0, 58.9375, 105.125, 111.0, 81.0, 81.5625, 139.0, 60.15625, 169.875, 78.75, 68.5625, 105.375, 78.0, 66.3125, 73.375, 145.375, 41.3125, 19.703125, 155.0, 166.625, 123.25, 9.21875, 93.4375, 140.75, 83.125, 197.5, 115.625, 161.75, 134.5, 72.0, 15.6171875, 137.875, 163.75, 48.15625, 105.4375, 16.15625, 59.78125, 168.875, 83.625, 100.1875, 48.875, 29.203125, 163.125, 104.5625], [104.8125, 110.625, 153.75, 113.9375, 153.125, 178.75, 153.75, 170.0, 73.375, 178.5, 0.0, 206.875, 120.1875, 175.25, 135.0, 175.75, 138.625, 164.5, 90.25, 8.25, 73.375, 62.03125, 181.875, 112.5625, 53.09375, 79.3125, 50.4375, 193.875, 18.96875, 140.875, 161.25, 165.125, 188.375, 164.75, 63.6875, 196.625, 176.875, 41.125, 187.5, 151.0, 108.25, 23.859375, 133.0, 169.875, 69.4375, 123.125, 168.375, 221.625, 212.75, 83.0625, 112.6875, 104.3125, 164.0, 117.75, 106.0, 138.0, 148.0, 129.0, 45.125, 171.5, 76.375, 9.8515625, 79.625, 119.25, 168.125, 169.0, 135.625, 84.875, 126.0625, 61.96875, 89.1875, 176.5, 175.25, 124.0, 25.296875, 138.5, 83.0, 158.875, 18.96875, 75.1875, 37.125, 68.75, 100.875, 129.375, 160.0, 191.625, 70.0625, 97.0625, 137.75, 28.640625, 89.625, 152.875, 63.8125, 78.6875, 130.625, 127.8125, 172.125, 166.0, 77.8125, 55.0, 202.0, 166.875, 44.03125, 169.375, 179.25, 27.015625, 20.09375, 130.375, 143.5, 94.375, 78.875, 125.125, 154.0, 163.75, 47.125, 149.375, 110.8125, 90.625, 145.375, 138.5, 175.125, 160.0, 174.0, 41.78125, 168.5, 134.0, 120.8125, 167.625, 82.625, 142.0, 183.5, 133.75, 64.5625, 204.75, 191.375, 35.4375, 149.125, 170.25, 182.125, 87.9375, 60.15625, 108.9375, 19.796875, 166.625, 59.03125, 86.625, 126.4375, 182.375, 42.1875, 40.0, 202.125, 194.875, 162.375, 142.875, 100.5, 109.1875, 191.625, 129.75, 152.375, 89.125, 136.375], [104.1875, 157.125, 74.3125, 151.0, 54.03125, 132.125, 190.875, 136.125, 142.125, 34.9375, 206.875, 0.0, 165.125, 136.0, 86.4375, 114.125, 76.6875, 93.4375, 117.3125, 209.875, 146.75, 178.25, 62.03125, 144.125, 180.0, 194.75, 173.125, 94.0625, 195.875, 150.875, 79.4375, 116.375, 61.40625, 73.1875, 158.25, 45.0, 131.625, 184.625, 45.03125, 115.5, 160.125, 198.75, 74.3125, 59.21875, 138.375, 103.8125, 38.59375, 33.71875, 5.83203125, 143.0, 94.375, 126.75, 116.25, 139.375, 131.75, 116.0625, 176.125, 88.5, 195.375, 57.0625, 166.0, 205.5, 140.25, 108.0625, 82.875, 83.1875, 115.25, 131.875, 127.5625, 199.0, 145.375, 138.0, 143.0, 124.625, 215.0, 84.375, 165.0, 48.0, 188.625, 132.25, 175.375, 188.0, 109.625, 129.25, 97.875, 82.125, 189.625, 193.0, 73.0, 219.125, 124.4375, 96.5, 143.125, 143.25, 116.0625, 95.875, 55.09375, 112.1875, 145.125, 156.125, 14.3203125, 90.25, 165.25, 191.75, 56.3125, 222.25, 191.875, 147.625, 153.375, 113.6875, 162.625, 101.6875, 97.875, 145.375, 198.75, 109.8125, 96.375, 141.5, 93.625, 139.5, 142.0, 113.625, 112.0, 169.125, 58.6875, 177.0, 113.625, 100.125, 138.25, 86.0, 55.9375, 108.25, 166.375, 12.7265625, 40.1875, 186.25, 170.375, 119.375, 38.625, 125.1875, 173.625, 103.4375, 226.375, 112.625, 182.75, 169.0, 106.875, 44.1875, 167.875, 187.625, 24.078125, 92.4375, 47.8125, 72.375, 182.625, 117.875, 87.9375, 79.875, 63.625, 178.875, 111.25], [86.8125, 178.625, 158.875, 16.125, 129.0, 219.125, 39.65625, 58.125, 124.3125, 155.5, 120.1875, 165.125, 0.0, 218.625, 145.875, 74.0625, 92.4375, 184.25, 89.125, 128.125, 61.28125, 150.875, 180.0, 23.703125, 67.125, 50.25, 71.1875, 100.75, 126.5, 24.84375, 171.375, 64.125, 115.0, 170.375, 63.3125, 130.875, 66.5, 136.75, 174.375, 55.375, 178.625, 133.625, 108.0625, 165.5, 86.625, 64.5625, 136.875, 160.5, 170.0, 139.5, 107.875, 148.125, 198.25, 172.625, 154.75, 175.0, 29.125, 139.0, 77.875, 165.625, 154.25, 111.5625, 131.5, 61.34375, 88.3125, 181.75, 50.09375, 64.6875, 171.875, 66.3125, 42.71875, 220.625, 222.375, 167.625, 144.0, 82.0625, 159.625, 130.25, 114.5, 102.625, 87.5625, 54.71875, 118.125, 36.0625, 183.0, 105.3125, 54.4375, 36.78125, 131.5, 148.0, 70.0, 71.0, 94.4375, 57.8125, 49.03125, 72.25, 164.875, 197.375, 56.8125, 80.3125, 169.125, 184.375, 88.5, 52.5625, 112.875, 147.125, 122.6875, 19.703125, 26.078125, 108.875, 153.875, 66.25, 70.375, 215.0, 77.875, 58.9375, 108.25, 45.0, 165.375, 191.0, 221.75, 193.25, 203.875, 117.0625, 107.0625, 17.796875, 154.875, 191.375, 133.125, 79.3125, 115.4375, 164.625, 57.4375, 156.0, 174.875, 132.75, 29.0625, 66.625, 163.75, 121.5, 145.25, 79.375, 135.625, 67.625, 61.65625, 165.875, 155.375, 168.25, 115.125, 80.3125, 147.375, 102.5, 142.625, 95.875, 26.25, 145.0, 102.0, 125.375, 145.875, 33.25, 54.03125], [132.25, 67.375, 71.3125, 202.75, 111.0625, 5.65625, 257.0, 225.5, 107.8125, 105.25, 175.25, 136.0, 218.625, 0.0, 75.8125, 211.5, 142.625, 44.375, 130.0, 172.5, 164.25, 116.0, 74.0, 195.5, 186.375, 216.5, 176.5, 205.75, 156.75, 220.0, 60.4375, 206.875, 175.875, 65.75, 170.0, 167.375, 225.75, 135.25, 91.0, 197.0, 70.5625, 154.25, 120.375, 79.25, 139.125, 161.75, 117.75, 169.25, 139.0, 94.125, 111.75, 75.75, 22.359375, 57.5625, 71.5, 43.84375, 243.25, 81.6875, 195.125, 81.0625, 100.0, 180.5, 99.9375, 162.875, 180.25, 53.59375, 185.5, 155.375, 50.90625, 208.875, 178.25, 2.236328125, 7.0703125, 54.21875, 166.0, 154.25, 94.0, 115.5, 158.375, 122.125, 166.0, 204.375, 100.8125, 193.875, 41.78125, 195.0, 206.625, 226.0, 95.1875, 168.125, 149.0, 181.125, 135.125, 165.25, 182.375, 156.625, 83.0, 25.296875, 167.0, 155.25, 122.0, 46.875, 156.0, 266.0, 164.5, 173.125, 155.125, 210.75, 223.5, 110.4375, 97.0625, 161.25, 183.375, 15.8125, 199.25, 190.875, 111.0, 175.0, 56.3125, 37.0, 6.08203125, 26.921875, 24.0, 136.125, 156.875, 236.0, 64.375, 36.6875, 97.0625, 160.25, 167.625, 53.90625, 180.75, 145.375, 96.0, 140.375, 239.75, 212.5, 98.4375, 101.5625, 116.125, 140.75, 188.125, 204.75, 193.375, 92.25, 63.25, 92.1875, 136.625, 184.375, 153.25, 205.0, 102.8125, 142.125, 220.25, 75.6875, 199.625, 98.0, 87.875, 210.125, 182.25], [59.15625, 71.5, 18.6875, 129.75, 41.0, 75.1875, 183.0, 149.75, 62.65625, 51.875, 135.0, 86.4375, 145.875, 75.8125, 0.0, 136.375, 67.125, 38.46875, 61.40625, 135.75, 98.25, 94.25, 46.84375, 122.3125, 126.6875, 152.5, 117.375, 133.375, 120.125, 145.0, 28.15625, 131.375, 106.5, 30.15625, 106.6875, 102.25, 150.25, 104.4375, 54.09375, 121.25, 74.3125, 121.1875, 44.78125, 35.34375, 77.25, 86.25, 53.375, 113.8125, 91.5625, 59.03125, 38.09375, 40.59375, 53.90625, 54.34375, 45.28125, 37.09375, 169.0, 7.28125, 139.0, 37.21875, 80.6875, 136.625, 58.3125, 87.75, 106.3125, 37.84375, 109.875, 86.375, 44.09375, 149.25, 108.3125, 78.0, 81.0, 40.3125, 136.875, 78.5625, 79.0, 47.15625, 116.0625, 63.125, 112.1875, 141.75, 36.0, 118.8125, 37.1875, 123.5625, 144.0, 158.875, 20.609375, 140.5, 78.9375, 105.6875, 77.0625, 97.75, 106.8125, 80.9375, 38.28125, 52.3125, 99.625, 96.0625, 76.375, 39.0, 101.1875, 191.125, 94.5, 144.5, 116.8125, 136.25, 148.5, 45.09375, 77.125, 85.625, 107.9375, 76.9375, 143.125, 115.125, 38.0, 104.6875, 19.796875, 60.53125, 80.125, 49.03125, 58.25, 93.625, 85.3125, 162.875, 27.515625, 45.5, 55.75, 84.75, 98.3125, 26.3125, 117.25, 90.625, 58.59375, 107.375, 165.125, 137.0, 51.625, 47.125, 90.4375, 66.625, 152.875, 129.375, 132.375, 82.6875, 21.375, 49.8125, 93.0, 129.0, 94.375, 132.875, 39.5625, 67.125, 151.375, 31.890625, 127.5625, 22.203125, 22.828125, 142.625, 106.5], [92.5625, 194.0, 141.125, 68.625, 102.0, 210.125, 83.5, 23.09375, 148.0, 119.75, 175.75, 114.125, 74.0625, 211.5, 136.375, 0.0, 69.375, 169.25, 105.0, 182.375, 102.8125, 184.25, 152.0, 66.375, 126.9375, 121.625, 126.125, 27.890625, 175.25, 50.53125, 153.5, 10.8203125, 53.4375, 149.75, 112.0, 70.875, 17.46875, 177.375, 140.375, 24.703125, 195.375, 181.5, 91.6875, 139.625, 117.125, 60.0, 101.125, 98.0, 117.5625, 159.75, 106.75, 158.125, 189.125, 181.75, 165.375, 172.75, 70.375, 131.625, 141.5, 138.75, 181.125, 169.125, 152.375, 62.0625, 33.3125, 162.75, 40.53125, 94.125, 175.875, 134.875, 86.75, 213.75, 217.125, 171.375, 195.5, 58.53125, 184.375, 99.25, 163.875, 126.0, 138.75, 122.125, 125.5, 47.15625, 170.375, 36.0, 122.6875, 110.625, 116.375, 199.875, 92.75, 31.328125, 126.0, 97.4375, 45.59375, 60.65625, 137.25, 186.75, 98.0625, 123.0625, 123.1875, 167.875, 134.125, 80.3125, 58.1875, 200.5, 170.875, 54.8125, 51.09375, 120.0625, 179.25, 59.0625, 29.125, 213.375, 142.875, 27.296875, 108.4375, 85.0625, 155.25, 194.625, 216.25, 184.625, 191.125, 156.375, 59.65625, 77.25, 156.875, 177.25, 152.625, 52.1875, 58.1875, 161.625, 112.75, 102.3125, 138.625, 175.375, 64.3125, 7.6171875, 129.0, 137.0, 178.25, 83.3125, 194.125, 9.21875, 124.5625, 190.5, 154.0, 135.25, 154.375, 139.625, 91.4375, 29.828125, 113.375, 69.375, 99.625, 151.375, 31.0625, 114.5625, 124.875, 103.25, 40.59375], [34.65625, 127.375, 73.5625, 77.125, 37.59375, 141.5, 124.3125, 83.25, 88.625, 63.0625, 138.625, 76.6875, 92.4375, 142.625, 67.125, 69.375, 0.0, 101.4375, 49.9375, 143.125, 71.5625, 127.125, 89.6875, 69.75, 104.625, 118.0625, 98.625, 70.0, 131.375, 84.125, 86.25, 64.375, 51.90625, 83.5625, 83.25, 58.0625, 83.1875, 126.125, 82.25, 55.1875, 129.25, 135.875, 22.359375, 75.6875, 69.5, 28.15625, 44.5625, 83.8125, 82.25, 97.0, 40.0, 91.25, 120.375, 113.75, 98.4375, 103.5, 109.5625, 62.25, 120.3125, 75.5, 120.25, 135.25, 90.8125, 32.0, 41.1875, 96.1875, 46.65625, 56.9375, 107.0, 122.6875, 68.6875, 144.75, 148.0, 102.625, 151.875, 12.0390625, 122.1875, 37.9375, 122.0, 70.1875, 103.6875, 111.375, 60.125, 58.6875, 102.0, 62.40625, 113.0625, 117.0625, 47.4375, 156.25, 50.21875, 38.59375, 76.625, 67.5625, 45.1875, 20.21875, 74.4375, 118.25, 69.375, 84.375, 78.0, 100.5, 94.8125, 129.5, 41.34375, 158.375, 127.0, 77.625, 87.3125, 57.5, 117.6875, 26.3125, 40.8125, 144.0, 123.4375, 48.84375, 42.0625, 64.75, 86.3125, 125.5625, 147.125, 115.6875, 123.0625, 106.875, 30.234375, 106.875, 88.0625, 109.3125, 90.25, 17.796875, 45.78125, 92.3125, 90.5, 70.5625, 82.5625, 125.875, 104.6875, 70.0, 71.5, 74.125, 121.4375, 29.734375, 158.375, 62.25, 106.75, 127.875, 84.75, 76.3125, 105.125, 113.5625, 65.375, 70.0, 51.0, 4.47265625, 107.0, 83.75, 65.0, 45.1875, 58.0625, 102.5, 42.71875], [97.625, 75.0625, 28.015625, 168.125, 67.625, 41.78125, 221.0, 184.625, 91.375, 61.21875, 164.5, 93.4375, 184.25, 44.375, 38.46875, 169.25, 101.4375, 0.0, 99.375, 163.75, 136.0, 113.875, 32.90625, 160.625, 163.0, 190.125, 153.375, 162.0, 147.625, 182.5, 16.15625, 165.375, 131.625, 21.375, 143.875, 123.0, 184.25, 128.875, 49.25, 156.5, 78.625, 147.25, 79.875, 35.125, 113.5625, 123.4375, 73.375, 126.0, 97.0, 82.25, 76.5625, 60.625, 23.015625, 57.8125, 60.75, 30.8125, 206.875, 45.625, 174.375, 37.0625, 98.0, 167.5, 84.875, 125.25, 137.25, 10.4375, 146.375, 124.625, 45.21875, 185.75, 146.75, 46.5625, 51.0, 44.78125, 161.625, 113.375, 93.9375, 71.5625, 145.875, 98.0, 146.375, 179.0, 72.0625, 156.25, 5.65625, 151.0, 181.25, 197.0, 54.4375, 164.75, 117.25, 139.625, 112.0, 135.75, 143.75, 117.4375, 39.0625, 19.234375, 137.625, 131.875, 79.875, 3.60546875, 135.5, 228.5, 120.3125, 169.25, 145.0, 174.0, 185.875, 81.75, 94.4375, 122.5625, 141.875, 52.03125, 178.5, 150.25, 76.5, 143.125, 20.390625, 49.40625, 50.0, 20.21875, 21.953125, 122.8125, 113.1875, 201.125, 43.75, 8.0625, 81.875, 119.1875, 123.375, 31.046875, 154.5, 102.0, 54.5625, 132.875, 202.75, 170.75, 55.03125, 79.125, 111.6875, 104.875, 180.625, 163.0, 169.125, 95.1875, 38.125, 49.25, 122.5625, 164.0, 109.375, 161.125, 58.53125, 100.4375, 189.75, 55.3125, 155.75, 59.1875, 44.40625, 180.875, 142.875], [15.265625, 92.6875, 77.9375, 73.6875, 64.625, 130.875, 128.25, 109.875, 43.03125, 91.75, 90.25, 117.3125, 89.125, 130.0, 61.40625, 105.0, 49.9375, 99.375, 0.0, 94.0625, 36.875, 79.875, 104.0625, 66.8125, 67.125, 91.25, 58.5625, 114.75, 81.6875, 94.5, 89.25, 96.3125, 101.625, 90.125, 46.03125, 107.625, 113.4375, 76.5625, 104.8125, 82.75, 93.4375, 86.0, 43.03125, 90.0, 21.09375, 45.0, 79.1875, 131.5, 123.1875, 55.53125, 26.078125, 59.625, 110.4375, 84.3125, 66.5625, 86.1875, 115.4375, 54.125, 81.0625, 91.0, 76.125, 88.1875, 47.84375, 43.28125, 86.125, 99.1875, 67.25, 25.546875, 82.8125, 89.0, 48.25, 132.0, 133.5, 78.5, 102.0, 53.15625, 79.625, 69.75, 72.8125, 21.375, 58.1875, 80.75, 29.203125, 70.375, 97.1875, 109.4375, 82.875, 97.6875, 54.09375, 106.375, 19.109375, 75.3125, 26.90625, 36.40625, 62.59375, 45.53125, 91.0625, 110.125, 38.28125, 39.21875, 113.875, 100.25, 47.875, 138.75, 91.25, 108.6875, 77.3125, 84.0625, 98.125, 19.796875, 74.3125, 46.0, 77.25, 125.875, 84.875, 78.25, 25.0, 45.0, 79.3125, 102.0625, 132.875, 105.5, 117.1875, 56.9375, 80.125, 106.8125, 65.9375, 105.6875, 48.5, 58.25, 95.6875, 76.25, 56.3125, 114.625, 107.5, 76.0625, 112.625, 102.375, 97.0625, 34.0, 74.0, 22.5625, 110.0, 96.0625, 72.0, 85.8125, 66.875, 99.0, 55.21875, 72.0625, 111.9375, 115.1875, 75.6875, 53.8125, 90.8125, 55.90625, 110.875, 46.0, 70.0625, 81.5625, 65.625], [108.875, 106.875, 154.375, 121.5, 155.875, 176.25, 161.875, 177.25, 73.375, 180.625, 8.25, 209.875, 128.125, 172.5, 135.75, 182.375, 143.125, 163.75, 94.0625, 0.0, 79.6875, 57.71875, 182.5, 119.875, 61.0, 87.5625, 57.875, 200.0, 16.125, 148.5, 161.375, 171.875, 193.375, 165.125, 70.5, 201.125, 183.875, 37.34375, 188.875, 157.625, 104.375, 18.6875, 136.375, 170.875, 73.5625, 128.75, 171.25, 225.625, 215.625, 81.75, 115.4375, 103.25, 162.125, 115.125, 104.375, 136.5, 156.0, 130.0, 53.375, 172.5, 72.8125, 18.03125, 79.0625, 125.0625, 173.75, 168.75, 142.125, 90.5625, 124.0625, 70.1875, 96.1875, 173.625, 172.125, 122.25, 17.09375, 143.625, 79.25, 161.875, 21.265625, 77.6875, 43.65625, 76.9375, 102.4375, 136.25, 159.125, 197.375, 78.25, 105.3125, 139.625, 20.390625, 94.875, 158.875, 67.25, 85.0625, 137.125, 133.125, 173.375, 164.375, 84.3125, 60.53125, 204.5, 166.25, 49.40625, 177.5, 184.0, 19.03125, 18.96875, 137.875, 151.25, 96.5625, 75.5625, 130.75, 160.125, 160.5, 55.375, 155.875, 113.4375, 97.4375, 145.0, 135.5, 172.0, 158.375, 172.375, 42.15625, 173.125, 142.125, 120.0625, 166.625, 82.0, 147.25, 188.375, 132.875, 72.0, 208.25, 192.75, 32.0625, 157.0, 177.125, 183.875, 88.75, 56.5625, 113.5625, 17.09375, 173.25, 67.125, 82.4375, 125.9375, 183.875, 42.96875, 48.03125, 206.0, 200.875, 164.625, 147.25, 108.6875, 108.6875, 197.5, 131.75, 153.875, 97.25, 142.75], [44.28125, 118.25, 114.75, 48.75, 97.3125, 165.75, 100.75, 99.625, 63.59375, 125.3125, 73.375, 146.75, 61.28125, 164.25, 98.25, 102.8125, 71.5625, 136.0, 36.875, 79.6875, 0.0, 90.25, 140.5, 44.40625, 33.25, 54.34375, 27.203125, 120.5625, 72.75, 74.8125, 126.125, 92.375, 117.4375, 126.9375, 11.6640625, 127.8125, 105.5625, 78.1875, 140.125, 78.125, 118.0, 79.25, 74.3125, 126.25, 26.171875, 50.9375, 110.375, 155.125, 152.5, 79.0, 62.28125, 90.25, 145.75, 113.875, 96.3125, 120.5625, 90.0625, 90.9375, 48.75, 127.125, 93.0625, 67.6875, 71.0625, 46.75, 95.4375, 136.0, 62.40625, 14.8671875, 115.0, 53.34375, 19.421875, 166.25, 167.25, 111.0, 92.75, 68.4375, 98.4375, 101.4375, 61.125, 43.1875, 36.25, 44.09375, 64.5, 57.71875, 133.5, 118.8125, 46.1875, 61.78125, 90.125, 97.125, 22.5625, 79.625, 33.28125, 5.38671875, 57.375, 56.71875, 127.0625, 145.875, 5.0, 21.03125, 145.5, 137.0, 31.578125, 113.75, 109.5, 97.75, 68.4375, 63.625, 78.0625, 54.625, 92.5625, 53.03125, 80.75, 158.625, 52.0, 76.1875, 61.53125, 19.0, 115.75, 133.5, 166.75, 140.875, 153.125, 57.4375, 99.375, 78.75, 100.0, 142.125, 73.0, 70.75, 113.5625, 111.375, 20.09375, 141.875, 142.375, 75.0, 88.875, 97.8125, 131.5, 63.40625, 84.5, 43.3125, 92.4375, 93.625, 36.5, 104.6875, 101.9375, 134.125, 55.4375, 42.1875, 137.0, 121.5625, 109.6875, 76.0625, 56.21875, 88.75, 118.4375, 82.3125, 106.125, 45.78125, 63.0625], [94.125, 49.375, 111.375, 139.0, 125.6875, 120.125, 189.625, 186.5, 38.625, 145.0, 62.03125, 178.25, 150.875, 116.0, 94.25, 184.25, 127.125, 113.875, 79.875, 57.71875, 90.25, 0.0, 138.125, 134.375, 93.0, 125.4375, 84.625, 194.5, 43.09375, 164.75, 115.25, 175.0, 178.75, 120.125, 87.875, 181.625, 191.125, 21.03125, 148.0, 161.0, 46.6875, 39.0625, 112.25, 129.0, 68.25, 124.5, 141.0, 200.875, 183.75, 35.34375, 89.5, 54.90625, 108.0625, 59.6875, 53.21875, 84.125, 180.0, 90.5, 94.75, 131.0, 16.28125, 69.3125, 38.28125, 122.1875, 165.75, 120.75, 145.0, 92.5625, 70.3125, 111.75, 109.625, 117.0, 115.1875, 69.5625, 50.03125, 132.5, 22.0, 132.25, 48.8125, 58.5625, 68.625, 112.8125, 70.3125, 144.75, 108.625, 188.75, 114.8125, 140.625, 105.25, 52.34375, 92.0, 155.125, 59.3125, 94.625, 140.0, 125.4375, 132.25, 110.875, 95.0625, 70.5625, 169.75, 116.875, 63.53125, 203.375, 167.5, 57.21875, 42.9375, 153.625, 168.125, 70.0, 19.640625, 125.6875, 157.0, 103.3125, 98.375, 157.125, 87.25, 108.6875, 97.625, 79.0, 115.125, 104.8125, 118.6875, 34.46875, 156.375, 167.875, 71.6875, 115.125, 40.0, 137.875, 172.0, 83.1875, 95.6875, 179.875, 152.75, 26.828125, 179.0, 181.0, 145.75, 54.59375, 6.0, 102.4375, 72.4375, 175.125, 100.8125, 24.734375, 78.5625, 144.0, 36.25, 84.875, 180.625, 195.0, 130.5, 130.25, 139.625, 62.8125, 190.5, 98.8125, 115.9375, 127.625, 144.0], [97.5, 105.125, 28.15625, 164.0, 52.15625, 70.125, 213.875, 170.125, 109.1875, 34.0, 181.875, 62.03125, 180.0, 74.0, 46.84375, 152.0, 89.6875, 32.90625, 104.0625, 182.5, 140.5, 138.125, 0.0, 156.375, 171.0, 194.5, 162.0, 140.375, 166.75, 173.75, 23.34375, 150.125, 108.0625, 18.03125, 150.125, 96.75, 168.375, 150.25, 17.0, 143.625, 108.5625, 167.5, 71.875, 14.5625, 122.1875, 115.875, 51.09375, 95.4375, 65.0625, 103.8125, 78.25, 83.1875, 54.90625, 87.1875, 85.625, 60.8125, 199.125, 53.15625, 184.25, 14.3203125, 123.25, 183.375, 104.25, 118.6875, 118.875, 22.46875, 136.375, 127.125, 74.5, 193.125, 147.25, 76.0, 81.0, 72.875, 183.0, 101.5625, 120.25, 53.25, 162.875, 109.3125, 158.25, 184.625, 82.1875, 148.0, 38.09375, 128.75, 186.625, 198.5, 50.5, 186.5, 119.1875, 125.125, 123.0625, 139.0, 134.75, 108.6875, 15.265625, 50.625, 141.0, 141.25, 48.0, 29.40625, 147.25, 219.25, 97.9375, 190.625, 163.5, 166.75, 177.0, 90.5625, 119.625, 114.5, 127.125, 84.0, 188.125, 137.25, 79.125, 143.375, 41.125, 81.8125, 80.0, 52.875, 50.0, 140.375, 92.9375, 195.625, 66.625, 38.625, 101.5625, 106.5, 100.1875, 56.59375, 160.25, 71.875, 22.09375, 153.5, 194.375, 154.875, 25.625, 93.9375, 135.0, 102.375, 199.625, 147.125, 176.125, 122.5625, 59.625, 18.96875, 139.75, 174.5, 80.5, 139.25, 39.21875, 87.375, 189.875, 75.6875, 134.0, 58.21875, 34.71875, 182.625, 132.375], [63.40625, 158.125, 135.125, 7.6171875, 105.75, 195.875, 61.53125, 57.5625, 104.6875, 132.625, 112.5625, 144.125, 23.703125, 195.5, 122.3125, 66.375, 69.75, 160.625, 66.8125, 119.875, 44.40625, 134.375, 156.375, 0.0, 61.3125, 56.875, 62.09375, 89.9375, 115.4375, 30.40625, 147.75, 55.59375, 98.25, 146.625, 50.15625, 112.9375, 64.625, 122.5, 151.125, 43.125, 158.375, 122.25, 84.5, 141.875, 67.4375, 41.59375, 114.25, 142.5, 149.25, 119.4375, 84.375, 126.375, 174.875, 151.0, 133.25, 152.125, 48.59375, 115.4375, 75.3125, 142.125, 136.0, 105.0, 111.375, 38.09375, 72.0, 158.0, 32.1875, 43.84375, 149.625, 68.625, 25.078125, 197.625, 199.5, 145.25, 134.5, 60.03125, 141.0, 107.25, 103.5, 82.3125, 76.8125, 55.90625, 95.5, 19.84375, 159.5, 92.0625, 56.5625, 50.0, 107.8125, 138.75, 48.0, 54.125, 75.875, 39.8125, 29.40625, 49.5, 141.375, 174.0, 39.46875, 65.1875, 147.25, 160.75, 75.0, 72.125, 94.375, 138.625, 111.3125, 19.234375, 33.71875, 86.5625, 135.25, 43.40625, 54.125, 192.375, 76.5625, 44.40625, 84.8125, 25.703125, 141.875, 168.875, 198.75, 169.875, 180.375, 101.8125, 87.3125, 40.59375, 132.25, 167.75, 112.75, 58.125, 97.4375, 141.625, 48.09375, 135.875, 151.875, 119.125, 46.15625, 59.90625, 140.75, 100.125, 128.5, 55.75, 130.0, 58.125, 58.3125, 147.25, 132.375, 145.125, 99.875, 74.4375, 127.875, 91.4375, 119.375, 73.4375, 39.0625, 122.6875, 89.8125, 101.6875, 122.25, 38.59375, 35.46875], [76.875, 131.875, 144.25, 61.6875, 130.0, 188.5, 101.625, 118.6875, 79.25, 157.875, 53.09375, 180.0, 67.125, 186.375, 126.6875, 126.9375, 104.625, 163.0, 67.125, 61.0, 33.25, 93.0, 171.0, 61.3125, 0.0, 32.5625, 9.8515625, 148.0, 60.875, 88.3125, 154.875, 116.125, 148.625, 156.375, 21.84375, 160.0, 125.9375, 75.1875, 171.875, 102.625, 130.75, 68.125, 107.1875, 157.0, 49.5, 82.1875, 143.375, 187.75, 185.75, 94.3125, 93.1875, 110.5625, 169.875, 131.75, 115.375, 143.625, 95.0625, 119.5, 15.8125, 158.125, 101.125, 44.5625, 87.3125, 77.8125, 125.1875, 164.375, 88.4375, 48.09375, 135.625, 22.796875, 41.125, 188.0, 188.25, 132.125, 77.1875, 100.6875, 107.5, 134.375, 49.34375, 65.25, 24.40625, 19.84375, 91.0625, 79.75, 159.875, 147.875, 21.9375, 47.875, 121.1875, 81.0625, 55.65625, 108.25, 51.53125, 37.125, 83.875, 88.75, 158.25, 170.5, 35.34375, 31.328125, 178.625, 164.375, 31.40625, 116.9375, 141.5, 80.0, 57.5625, 78.1875, 90.8125, 81.625, 101.875, 84.375, 109.0625, 178.5, 18.78125, 102.1875, 92.0625, 43.84375, 142.625, 152.625, 187.875, 165.125, 178.125, 58.90625, 131.75, 81.3125, 123.3125, 168.375, 89.9375, 102.4375, 145.375, 135.75, 14.8671875, 175.0, 174.375, 70.1875, 96.0, 120.8125, 163.75, 85.375, 88.25, 76.5625, 69.125, 118.1875, 7.80859375, 113.125, 126.625, 166.0, 57.375, 13.34375, 170.0, 149.25, 142.0, 109.125, 48.75, 111.3125, 146.75, 113.125, 137.125, 36.875, 90.125], [97.25, 164.0, 169.0, 53.15625, 149.0, 218.25, 76.125, 108.0, 110.6875, 177.125, 79.3125, 194.75, 50.25, 216.5, 152.5, 121.625, 118.0625, 190.125, 91.25, 87.5625, 54.34375, 125.4375, 194.5, 56.875, 32.5625, 0.0, 41.78125, 146.5, 90.875, 74.875, 180.5, 111.0625, 154.25, 181.25, 46.625, 168.125, 116.1875, 107.0625, 193.125, 99.625, 163.0, 98.0625, 126.0, 180.125, 77.5, 91.5, 160.75, 197.25, 200.25, 126.0, 116.375, 141.0, 198.875, 163.125, 146.25, 173.125, 73.25, 145.25, 34.21875, 180.875, 133.625, 69.625, 118.6875, 87.0625, 128.5, 190.375, 88.8125, 67.375, 166.125, 18.0, 49.5, 218.25, 218.875, 162.375, 104.5625, 111.125, 140.0, 152.375, 80.0625, 94.375, 56.84375, 12.7265625, 118.25, 76.625, 187.5, 149.0, 10.6328125, 18.03125, 144.0, 107.9375, 75.3125, 110.625, 81.5, 55.4375, 85.5, 99.1875, 180.75, 199.25, 53.46875, 61.59375, 195.5, 191.25, 63.6875, 92.25, 149.25, 105.875, 88.125, 67.375, 76.3125, 108.4375, 134.375, 93.6875, 110.8125, 209.375, 32.375, 101.25, 115.75, 53.46875, 169.875, 183.75, 218.375, 194.125, 206.75, 91.4375, 141.0, 58.9375, 152.625, 196.0, 121.1875, 111.0, 152.75, 164.5, 35.84375, 188.0, 195.0, 101.875, 75.875, 114.5625, 184.0, 114.9375, 120.75, 94.0, 91.125, 114.0, 24.765625, 145.75, 155.25, 187.125, 89.9375, 41.59375, 181.25, 148.0, 162.0, 122.375, 24.703125, 140.875, 146.625, 136.375, 159.875, 18.4375, 91.8125], [69.25, 122.3125, 135.0, 63.625, 122.25, 178.625, 107.4375, 119.625, 69.4375, 149.875, 50.4375, 173.125, 71.1875, 176.5, 117.375, 126.125, 98.625, 153.375, 58.5625, 57.875, 27.203125, 84.625, 162.0, 62.09375, 9.8515625, 41.78125, 0.0, 145.875, 55.3125, 90.6875, 145.5, 115.375, 144.375, 147.125, 15.6171875, 155.0, 126.5, 67.625, 163.375, 101.5625, 121.25, 62.5, 99.625, 148.25, 40.125, 77.8125, 136.0, 182.25, 178.875, 84.625, 84.5625, 100.75, 160.0, 121.9375, 105.5625, 133.75, 99.875, 110.25, 22.5625, 149.375, 92.0, 43.09375, 77.5, 73.5625, 121.8125, 154.875, 86.625, 41.6875, 125.6875, 32.5625, 39.34375, 178.25, 178.5, 122.25, 73.125, 95.625, 98.3125, 126.8125, 43.40625, 55.53125, 16.765625, 29.0625, 81.625, 79.3125, 150.25, 145.0, 31.234375, 56.03125, 112.5625, 77.25, 48.75, 105.4375, 41.75, 31.890625, 81.8125, 83.875, 149.5, 160.75, 30.40625, 21.59375, 171.125, 154.875, 21.9375, 122.375, 136.625, 76.8125, 51.625, 80.0625, 93.4375, 72.25, 92.625, 80.0, 106.375, 168.625, 26.3125, 100.5, 83.375, 41.34375, 133.0, 142.75, 178.0, 155.25, 168.375, 50.21875, 126.625, 86.5, 113.5, 158.625, 80.125, 97.8125, 140.75, 125.9375, 14.140625, 168.625, 166.0, 62.96875, 100.25, 120.4375, 155.5, 75.5625, 79.625, 69.75, 68.125, 117.1875, 17.203125, 104.0625, 116.9375, 157.5, 48.59375, 15.0, 164.0, 147.0, 134.0, 103.0625, 55.53125, 101.5, 144.25, 104.375, 128.5, 43.46875, 87.9375], [100.4375, 197.375, 134.5, 93.4375, 94.6875, 203.625, 111.1875, 50.25, 156.75, 106.625, 193.875, 94.0625, 100.75, 205.75, 133.375, 27.890625, 70.0, 162.0, 114.75, 200.0, 120.5625, 194.5, 140.375, 89.9375, 148.0, 146.5, 145.875, 0.0, 191.25, 78.0, 145.875, 36.6875, 33.25, 141.375, 130.875, 49.09375, 43.0, 190.375, 126.6875, 46.875, 199.25, 196.875, 90.8125, 129.5, 130.25, 71.875, 89.6875, 73.0625, 96.5625, 166.375, 110.0, 161.25, 183.5, 183.375, 168.375, 170.5, 98.25, 129.875, 163.25, 128.25, 189.125, 188.125, 159.75, 75.25, 29.0625, 154.25, 59.65625, 109.5625, 175.75, 158.375, 107.0, 208.0, 211.875, 171.5, 211.75, 62.40625, 191.625, 90.375, 180.25, 136.125, 156.75, 145.75, 130.0, 70.0625, 164.0, 12.0390625, 146.5, 136.75, 112.8125, 216.125, 106.375, 41.15625, 138.875, 115.25, 64.1875, 69.375, 126.5625, 180.5, 116.3125, 139.5, 105.0, 160.125, 150.75, 107.0, 42.4375, 217.375, 186.75, 81.125, 78.75, 126.5, 186.875, 70.25, 39.8125, 209.625, 165.125, 46.0, 112.0, 104.625, 150.875, 193.625, 211.0, 179.25, 183.875, 169.875, 48.84375, 105.0, 157.0, 170.0, 159.5, 56.71875, 40.46875, 159.625, 133.375, 81.5625, 124.0625, 189.125, 92.1875, 35.4375, 115.625, 143.375, 188.625, 92.1875, 213.0, 33.125, 146.625, 197.375, 153.0, 122.1875, 167.875, 160.25, 70.1875, 2.0, 103.75, 68.25, 125.625, 153.5, 6.40234375, 113.0, 117.9375, 128.0, 58.0], [96.8125, 91.6875, 138.75, 118.0625, 141.875, 160.375, 162.375, 172.125, 57.59375, 165.875, 18.96875, 195.875, 126.5, 156.75, 120.125, 175.25, 131.375, 147.625, 81.6875, 16.125, 72.75, 43.09375, 166.75, 115.4375, 60.875, 90.875, 55.3125, 191.25, 0.0, 145.125, 145.5, 165.0, 182.5, 149.25, 65.25, 189.25, 178.25, 22.140625, 173.5, 150.625, 89.3125, 7.28125, 123.0625, 155.375, 62.125, 119.4375, 157.25, 212.875, 201.625, 65.625, 101.5625, 87.125, 146.125, 99.25, 88.25, 120.4375, 155.125, 114.5625, 57.3125, 157.125, 57.5, 26.625, 63.0625, 115.9375, 164.125, 152.75, 134.75, 81.6875, 108.0, 74.8125, 90.8125, 157.875, 156.5, 106.1875, 20.59375, 132.875, 64.0, 147.875, 12.0, 63.78125, 39.0, 79.125, 87.4375, 130.375, 143.0, 187.875, 80.75, 107.9375, 124.875, 25.0625, 85.0, 150.125, 54.8125, 78.125, 129.75, 123.0625, 157.875, 148.25, 77.6875, 52.1875, 190.0, 150.25, 41.21875, 177.5, 172.625, 27.015625, 4.47265625, 134.125, 148.0, 82.1875, 60.03125, 121.1875, 151.5, 145.0, 60.21875, 148.375, 99.5, 91.4375, 129.0, 119.8125, 156.375, 142.25, 156.25, 26.921875, 161.625, 141.75, 103.9375, 150.5, 66.0, 137.0, 177.0, 116.75, 69.125, 194.75, 177.5, 16.5, 155.5, 170.5, 168.875, 73.375, 41.21875, 102.3125, 33.0, 166.125, 68.0, 67.6875, 109.875, 168.625, 28.015625, 49.40625, 193.0, 192.0, 150.0, 135.375, 109.625, 92.625, 188.25, 117.0625, 138.75, 97.75, 135.0], [88.25, 186.875, 155.625, 27.078125, 121.6875, 219.875, 40.5, 33.3125, 134.25, 146.125, 140.875, 150.875, 24.84375, 220.0, 145.0, 50.53125, 84.