{"name": "LZB_n160_15", "n": 160, "m": 20, "times": [[0.0, 51.0, 17.09375, 100.0, 83.625, 44.15625, 93.125, 57.0625, 120.9375, 99.9375, 81.0625, 56.09375, 105.25, 49.65625, 22.015625, 79.125, 93.8125, 109.8125, 71.4375, 85.0625, 126.8125, 97.1875, 116.125, 89.125, 93.5, 42.4375, 137.875, 83.1875, 107.125, 98.25, 64.5, 79.0625, 73.0, 55.9375, 61.3125, 101.125, 85.125, 86.375, 71.875, 90.1875, 83.75, 87.0625, 62.0, 43.9375, 47.5, 60.15625, 51.0, 77.875, 81.3125, 66.8125, 105.875, 51.875, 89.6875, 66.75, 22.671875, 116.0, 82.625, 82.4375, 52.625, 97.0625, 96.25, 70.6875, 91.4375, 31.40625, 18.4375, 90.375, 100.3125, 73.25, 130.875, 58.6875, 69.4375, 48.65625, 88.0, 61.3125, 110.375, 69.375, 89.8125, 104.3125, 106.5, 105.0, 56.90625, 58.3125, 127.375, 87.3125, 104.6875, 86.375, 43.65625, 84.875, 70.0625, 91.375, 89.25, 84.0, 66.1875, 82.5, 119.25, 55.0, 69.8125, 104.6875, 33.53125, 57.09375, 93.75, 63.5625, 102.875, 53.21875, 87.625, 87.125, 103.1875, 24.59375, 123.625, 55.9375, 89.875, 61.40625, 78.0625, 76.8125, 9.0546875, 59.53125, 58.53125, 68.5, 133.0, 58.84375, 49.9375, 74.5625, 93.9375, 47.71875, 61.53125, 55.21875, 74.375, 101.25, 135.125, 62.96875, 96.5625, 84.375, 74.0, 104.6875, 102.0625, 98.875, 42.1875, 51.625, 65.5, 98.5, 71.5625, 71.1875, 73.625, 73.1875, 89.125, 53.15625, 70.1875, 101.8125, 88.6875, 65.75, 67.6875, 85.875, 63.0625, 83.625, 91.8125, 69.6875, 63.875, 70.25, 64.875, 104.0625, 103.75], [51.0, 0.0, 68.0, 150.0, 113.875, 41.6875, 63.5, 66.375, 74.3125, 49.03125, 43.0, 34.21875, 155.375, 31.828125, 71.8125, 129.75, 54.75, 159.375, 30.15625, 57.28125, 116.75, 89.5, 68.8125, 55.3125, 105.8125, 55.65625, 187.0, 48.0, 121.125, 88.625, 42.0625, 47.4375, 68.6875, 5.83203125, 78.75, 136.375, 114.9375, 35.5, 122.6875, 137.25, 128.875, 135.375, 112.375, 89.9375, 13.453125, 19.109375, 72.125, 100.1875, 55.21875, 74.125, 135.625, 102.5625, 140.5, 37.75, 31.40625, 118.0625, 48.15625, 63.5625, 35.34375, 148.0, 142.75, 115.375, 142.25, 41.96875, 38.21875, 118.25, 141.5, 117.0625, 154.375, 79.375, 89.5, 98.6875, 109.5625, 10.4375, 158.875, 116.0, 116.8125, 53.53125, 142.75, 154.875, 99.375, 79.6875, 122.0625, 110.125, 118.8125, 96.1875, 36.34375, 58.9375, 74.0, 133.125, 114.3125, 134.25, 101.6875, 128.625, 137.0, 55.8125, 120.75, 114.0625, 41.5, 21.953125, 43.875, 85.75, 82.125, 73.6875, 138.25, 136.875, 53.46875, 57.0, 74.25, 5.09765625, 129.75, 111.8125, 125.4375, 104.0625, 56.3125, 51.34375, 109.1875, 104.25, 85.8125, 109.6875, 97.0625, 75.6875, 42.9375, 7.2109375, 21.09375, 51.0, 97.6875, 51.09375, 87.8125, 19.421875, 72.0, 109.375, 51.875, 117.0, 51.09375, 141.875, 62.78125, 18.03125, 116.375, 134.5, 118.125, 109.3125, 81.0, 38.1875, 50.78125, 33.53125, 120.75, 75.0625, 43.40625, 95.3125, 75.1875, 124.0625, 98.125, 45.1875, 43.59375, 32.0625, 63.0625, 110.25, 81.8125, 101.875, 121.9375], [17.09375, 68.0, 0.0, 83.1875, 77.0, 55.46875, 105.8125, 62.1875, 136.75, 117.0, 97.0625, 71.1875, 89.1875, 63.40625, 7.80859375, 62.09375, 108.4375, 94.0625, 87.125, 97.75, 135.625, 106.5625, 132.125, 104.3125, 93.875, 51.46875, 122.4375, 97.4375, 109.0625, 108.0625, 77.375, 94.25, 80.625, 72.875, 62.65625, 94.0, 81.5, 103.3125, 55.21875, 76.5625, 71.5, 71.0625, 45.96875, 30.890625, 63.8125, 76.1875, 52.34375, 78.3125, 95.5, 74.0, 98.4375, 35.46875, 72.9375, 82.125, 38.59375, 121.625, 98.0625, 93.25, 67.375, 80.0625, 81.0625, 59.1875, 74.625, 42.53125, 34.0625, 87.375, 90.0, 60.0, 125.1875, 61.84375, 68.6875, 32.0625, 85.0, 78.375, 95.4375, 54.5625, 84.3125, 121.25, 96.0, 89.125, 48.03125, 61.21875, 134.875, 86.8125, 103.75, 88.125, 56.3125, 97.125, 78.0, 78.75, 87.6875, 67.9375, 61.0, 67.6875, 116.25, 63.3125, 53.0, 108.4375, 44.78125, 73.5625, 110.4375, 65.4375, 115.1875, 57.3125, 70.625, 71.4375, 120.1875, 28.4375, 140.125, 73.0, 80.625, 45.28125, 62.65625, 75.0, 15.296875, 71.8125, 41.5, 60.15625, 148.875, 42.1875, 37.65625, 80.3125, 110.9375, 64.5, 77.4375, 67.0625, 71.6875, 118.0, 151.125, 79.8125, 109.875, 80.125, 87.875, 107.3125, 119.125, 87.625, 48.40625, 67.5, 48.8125, 88.4375, 58.6875, 64.0625, 80.0625, 89.0, 105.0, 68.1875, 53.90625, 115.4375, 105.375, 60.90625, 72.0, 75.1875, 58.46875, 98.4375, 108.25, 84.875, 73.8125, 59.40625, 68.75, 111.5, 104.1875], [100.0, 150.0, 83.1875, 0.0, 82.75, 125.0625, 171.875, 115.5, 212.25, 199.0, 179.75, 153.25, 48.71875, 136.875, 78.3125, 22.09375, 180.625, 55.375, 163.625, 164.375, 203.375, 177.25, 208.5, 186.125, 120.4375, 127.5, 76.0, 169.0, 159.875, 179.75, 147.0, 176.125, 135.125, 154.375, 105.375, 115.25, 120.9375, 184.375, 41.15625, 69.5, 77.8125, 20.25, 52.1875, 62.1875, 143.375, 154.5, 100.6875, 131.125, 176.0, 143.625, 88.4375, 55.71875, 33.40625, 164.25, 118.875, 181.75, 180.25, 154.625, 149.125, 25.5, 27.078125, 78.75, 32.1875, 114.9375, 117.125, 127.0, 97.1875, 46.625, 115.25, 125.6875, 101.8125, 51.40625, 101.9375, 160.5, 65.1875, 39.625, 91.0, 201.875, 70.125, 51.25, 86.9375, 124.75, 198.875, 134.75, 121.875, 121.75, 128.375, 162.625, 148.5, 49.25, 131.875, 45.25, 103.75, 33.125, 121.75, 124.1875, 39.5625, 164.625, 116.75, 156.75, 190.125, 125.5625, 191.75, 124.1875, 14.8671875, 50.34375, 203.0, 96.625, 218.25, 155.125, 97.6875, 51.875, 30.484375, 122.5625, 97.625, 150.25, 42.09375, 71.0, 224.375, 49.25, 74.3125, 129.5, 192.25, 145.5, 155.375, 145.25, 96.5, 197.75, 226.625, 163.0, 188.625, 94.375, 168.0, 160.625, 200.75, 90.25, 121.0625, 145.625, 44.28125, 69.0625, 71.25, 98.625, 147.25, 171.625, 187.625, 150.25, 46.0625, 194.5, 188.625, 84.8125, 119.5, 61.6875, 104.25, 171.625, 186.625, 160.125, 148.5, 59.625, 132.625, 177.375, 151.25], [83.625, 113.875, 77.0, 82.75, 0.0, 74.0, 105.375, 52.0, 152.75, 155.875, 155.25, 135.25, 122.5, 86.6875, 69.375, 78.0625, 119.875, 129.375, 112.0625, 99.6875, 210.5, 180.75, 150.75, 166.0, 38.40625, 125.9375, 155.25, 109.0625, 185.875, 181.875, 89.0625, 156.5, 65.5, 115.4375, 38.0, 162.25, 155.25, 139.75, 93.0, 128.375, 129.875, 62.78125, 94.0625, 50.15625, 101.875, 107.9375, 41.96875, 154.75, 161.125, 149.875, 22.46875, 86.375, 101.9375, 144.5, 86.75, 198.375, 158.875, 86.6875, 132.75, 100.875, 58.25, 122.0, 102.25, 72.125, 100.1875, 161.5, 151.625, 37.84375, 48.25, 138.875, 28.4375, 64.75, 19.421875, 122.75, 136.5, 48.375, 9.0, 154.0, 31.40625, 124.1875, 117.9375, 138.25, 210.75, 162.75, 39.21875, 42.0, 79.25, 97.0, 153.5, 36.125, 162.875, 107.0625, 134.125, 49.78125, 43.28125, 64.0, 89.0, 185.375, 72.4375, 130.75, 141.0, 142.375, 185.0, 134.125, 82.6875, 113.0, 164.125, 61.59375, 163.125, 118.375, 145.75, 93.0625, 54.125, 150.5, 89.125, 142.375, 72.3125, 18.03125, 164.0, 87.0, 103.4375, 57.25, 147.625, 107.0, 107.6875, 138.375, 19.640625, 148.0, 166.125, 132.5, 177.5, 12.0390625, 154.75, 184.25, 156.5, 146.625, 124.5, 100.625, 89.25, 24.046875, 117.5, 134.625, 156.375, 148.625, 163.375, 132.625, 96.1875, 182.25, 157.25, 18.78125, 49.25, 22.015625, 132.375, 113.625, 135.0, 107.0, 147.5, 26.015625, 145.75, 187.375, 180.375], [44.15625, 41.6875, 55.46875, 125.0625, 74.0, 0.0, 50.46875, 24.703125, 87.25, 82.125, 84.625, 70.3125, 142.625, 13.0390625, 54.40625, 107.8125, 55.8125, 148.0, 40.03125, 42.4375, 152.875, 123.8125, 83.6875, 96.625, 64.5625, 76.375, 176.625, 44.21875, 145.375, 123.6875, 22.625, 88.0625, 31.625, 42.15625, 37.34375, 145.125, 128.125, 66.0, 107.6875, 132.0, 126.6875, 107.375, 100.1875, 62.96875, 28.640625, 34.0625, 32.125, 118.5, 94.75, 100.25, 95.0625, 89.375, 124.4375, 77.125, 26.46875, 148.75, 89.375, 38.3125, 69.375, 129.625, 111.9375, 114.0, 125.875, 13.0, 47.6875, 133.0, 144.25, 84.75, 112.6875, 97.875, 48.09375, 77.25, 68.0, 49.40625, 150.375, 86.8125, 75.9375, 81.375, 104.25, 142.875, 100.9375, 97.75, 156.25, 128.375, 77.4375, 55.1875, 5.38671875, 41.6875, 101.9375, 98.125, 131.125, 121.6875, 110.0, 98.0625, 95.4375, 15.0, 104.75, 140.75, 10.7734375, 61.71875, 68.5625, 103.5625, 121.0, 91.9375, 116.0, 125.8125, 90.125, 29.703125, 94.25, 45.625, 133.875, 99.375, 96.6875, 119.0, 53.15625, 83.375, 89.1875, 67.1875, 99.375, 95.25, 92.6875, 36.34375, 74.0, 34.46875, 34.0, 80.9375, 56.625, 75.9375, 101.625, 61.0625, 111.75, 68.3125, 89.9375, 142.125, 83.0, 142.5, 79.875, 26.6875, 101.4375, 96.125, 114.0625, 115.3125, 107.5, 79.1875, 92.4375, 68.4375, 107.4375, 115.4375, 84.3125, 56.15625, 33.96875, 87.125, 106.8125, 46.65625, 63.5625, 35.75, 92.625, 75.3125, 102.75, 134.125, 143.5], [93.125, 63.5, 105.8125, 171.875, 105.375, 50.46875, 0.0, 56.9375, 49.0, 70.9375, 97.9375, 97.5, 192.875, 43.65625, 104.875, 156.375, 19.234375, 198.375, 34.78125, 8.0625, 178.375, 152.375, 48.5, 110.9375, 77.0, 116.375, 227.0, 16.546875, 184.0, 151.125, 28.640625, 105.875, 39.84375, 59.03125, 69.375, 192.5, 173.375, 58.125, 157.875, 182.375, 176.625, 152.875, 150.625, 111.0625, 54.03125, 44.40625, 71.5625, 160.875, 115.1875, 137.0, 121.3125, 139.875, 174.375, 99.0625, 71.8125, 181.5, 104.6875, 18.6875, 98.875, 178.875, 155.0, 163.75, 175.625, 63.28125, 91.25, 177.5, 193.375, 127.9375, 128.375, 139.75, 77.1875, 126.6875, 91.0625, 62.65625, 200.75, 132.375, 103.1875, 62.96875, 136.5, 193.25, 149.875, 139.875, 184.625, 171.0, 88.25, 68.125, 49.65625, 9.21875, 137.25, 137.375, 174.5, 172.0, 157.0, 142.0, 106.8125, 47.625, 154.75, 177.375, 61.0625, 84.1875, 51.84375, 146.0, 141.75, 133.875, 164.25, 176.25, 82.8125, 79.8125, 61.96875, 63.34375, 182.625, 149.875, 142.0, 163.25, 101.75, 114.875, 138.75, 106.0, 59.3125, 145.625, 142.625, 48.28125, 62.96875, 59.03125, 42.4375, 114.375, 85.75, 55.75, 61.40625, 77.8125, 130.75, 95.3125, 113.625, 180.125, 69.8125, 192.0, 122.0625, 48.03125, 151.625, 129.375, 164.125, 163.125, 144.125, 96.5625, 103.4375, 97.0, 157.75, 132.375, 89.3125, 92.1875, 56.3125, 124.25, 153.625, 21.640625, 44.03125, 31.578125, 126.5, 116.375, 143.25, 165.125, 184.125], [57.0625, 66.375, 62.1875, 115.5, 52.0, 24.703125, 56.9375, 0.0, 101.9375, 104.375, 109.3125, 94.0625, 141.125, 36.0625, 58.0625, 101.5625, 68.9375, 147.25, 60.125, 50.09375, 175.625, 146.25, 99.4375, 121.25, 40.3125, 95.75, 175.625, 57.71875, 163.5, 146.375, 37.125, 112.625, 20.25, 66.625, 14.0, 156.0, 141.75, 88.3125, 106.5, 135.625, 132.5, 96.1875, 101.375, 56.875, 53.25, 57.0, 14.8671875, 134.875, 119.0, 120.3125, 71.875, 90.8125, 121.5, 101.4375, 46.875, 169.5, 114.0625, 39.21875, 92.75, 124.8125, 98.125, 120.8125, 122.5625, 29.6875, 66.625, 147.25, 151.875, 71.0, 88.125, 115.125, 24.328125, 73.9375, 43.65625, 73.8125, 151.25, 75.9375, 52.625, 102.125, 83.1875, 141.875, 110.25, 114.8125, 178.375, 144.375, 53.0625, 31.40625, 30.015625, 47.875, 122.5625, 81.0, 146.375, 121.1875, 122.125, 85.125, 70.8125, 12.0390625, 102.9375, 160.125, 28.59375, 86.1875, 89.0625, 120.3125, 145.0, 109.4375, 109.0625, 126.125, 113.25, 34.0, 111.4375, 70.25, 142.75, 100.4375, 85.4375, 133.875, 65.75, 105.8125, 85.75, 49.40625, 113.5, 95.3125, 99.3125, 18.109375, 96.0, 59.15625, 56.5, 102.875, 33.25, 96.0, 115.75, 85.75, 136.0, 44.71875, 113.875, 160.75, 104.9375, 149.0, 97.75, 50.6875, 100.625, 75.4375, 119.3125, 126.0, 127.5, 103.8125, 117.125, 91.9375, 107.375, 139.875, 108.75, 36.125, 10.7734375, 68.4375, 119.25, 61.96875, 83.0, 55.03125, 114.0625, 59.46875, 120.8125, 155.75, 160.625], [120.9375, 74.3125, 136.75, 212.25, 152.75, 87.25, 49.0, 101.9375, 0.0, 45.28125, 87.1875, 100.25, 226.0, 75.5, 138.25, 194.375, 33.0, 230.625, 49.6875, 53.34375, 168.25, 147.625, 6.08203125, 98.0, 126.0, 128.75, 258.75, 44.28125, 188.75, 145.375, 65.9375, 97.4375, 87.6875, 68.5, 115.4375, 210.375, 188.25, 44.375, 191.75, 210.375, 202.625, 194.5, 182.75, 150.125, 73.5625, 60.8125, 115.4375, 172.125, 107.375, 143.25, 169.875, 172.25, 209.25, 96.3125, 98.375, 179.0, 94.125, 67.125, 103.4375, 215.375, 198.5, 189.125, 210.875, 97.625, 111.8125, 191.125, 215.75, 171.25, 177.375, 152.125, 124.3125, 163.375, 139.625, 66.625, 231.25, 174.0, 151.375, 33.25, 184.125, 225.875, 173.375, 152.5, 177.0, 181.75, 137.25, 117.0625, 83.875, 56.21875, 141.75, 182.75, 186.5, 204.75, 176.0, 184.875, 155.625, 90.75, 189.25, 179.875, 95.6875, 86.375, 33.25, 158.375, 130.125, 146.75, 202.75, 208.0, 56.28125, 115.9375, 15.6171875, 70.8125, 204.125, 182.0, 183.75, 177.125, 128.0, 118.3125, 175.125, 151.125, 12.203125, 178.875, 169.875, 96.5, 42.09375, 74.625, 59.40625, 119.875, 133.125, 29.0625, 14.421875, 77.1875, 119.0625, 143.375, 109.3125, 184.125, 42.4375, 216.0, 136.5, 69.375, 185.375, 176.75, 191.375, 183.625, 149.375, 90.125, 89.0, 101.25, 190.625, 118.3125, 73.0, 138.0, 103.5625, 170.375, 172.375, 40.71875, 30.890625, 52.4375, 130.625, 160.75, 153.375, 161.875, 191.375], [99.9375, 49.03125, 117.0, 199.0, 155.875, 82.125, 70.9375, 104.375, 45.28125, 0.0, 43.40625, 62.1875, 203.25, 69.1875, 120.8125, 178.75, 52.3125, 206.875, 44.9375, 69.875, 123.0625, 103.5625, 39.46875, 53.15625, 138.875, 94.1875, 233.875, 56.3125, 147.125, 101.125, 68.9375, 53.84375, 98.0625, 44.65625, 118.25, 175.375, 152.0, 16.125, 171.25, 183.25, 173.875, 183.875, 160.625, 138.25, 56.5625, 48.03125, 114.1875, 134.25, 63.5625, 103.8125, 176.25, 151.125, 189.125, 55.46875, 80.0625, 135.125, 50.0, 82.875, 66.25, 196.875, 190.75, 160.5, 191.0, 87.375, 85.5625, 154.0, 183.875, 164.375, 190.375, 115.8125, 128.75, 147.625, 147.5, 38.625, 205.625, 164.125, 157.0, 12.0390625, 186.375, 202.625, 144.0, 116.375, 132.125, 143.375, 151.625, 129.0, 77.0, 72.9375, 101.5, 179.375, 148.5, 182.375, 143.0, 176.625, 170.5, 92.375, 169.5, 137.625, 86.1875, 50.21875, 19.109375, 121.8125, 85.0, 111.0625, 187.25, 184.5, 12.203125, 104.375, 35.6875, 44.0, 171.875, 160.125, 173.75, 140.625, 104.6875, 78.875, 158.25, 149.0, 52.25, 158.375, 144.0, 106.875, 8.546875, 53.59375, 48.15625, 81.5625, 137.625, 17.46875, 53.46875, 41.03125, 74.0, 149.125, 66.75, 142.375, 3.162109375, 185.25, 102.5625, 56.03125, 165.0, 178.25, 164.25, 151.375, 109.125, 47.9375, 44.09375, 64.0, 169.125, 73.125, 28.28125, 138.25, 110.375, 169.0, 139.375, 50.46875, 26.90625, 50.28125, 90.8125, 156.375, 115.6875, 118.0625, 150.875], [81.0625, 43.0, 97.0625, 179.75, 155.25, 84.625, 97.9375, 109.3125, 87.1875, 43.40625, 0.0, 27.203125, 174.75, 74.625, 103.0, 158.125, 83.1875, 177.375, 63.625, 93.625, 82.1875, 60.40625, 81.125, 13.0390625, 148.75, 59.0625, 202.625, 81.375, 104.0, 58.125, 82.875, 10.4375, 111.0625, 43.875, 121.3125, 136.5, 112.5, 44.28125, 146.25, 151.125, 140.625, 168.0, 134.625, 124.5625, 56.40625, 57.5, 114.0625, 93.75, 20.21875, 62.625, 177.375, 126.6875, 163.75, 16.546875, 68.9375, 91.9375, 7.0703125, 103.0, 31.625, 172.75, 177.25, 127.9375, 165.625, 83.25, 63.0, 113.5625, 147.375, 153.5, 197.125, 77.25, 132.0, 129.125, 152.25, 37.53125, 174.375, 150.375, 158.875, 54.90625, 182.875, 173.625, 111.375, 78.0, 90.1875, 102.1875, 161.875, 139.25, 79.3125, 96.0625, 59.625, 170.875, 107.625, 155.0, 106.625, 163.5, 180.0, 98.8125, 145.375, 94.25, 83.1875, 24.734375, 55.09375, 82.75, 44.375, 73.4375, 166.5, 156.0, 36.71875, 95.3125, 79.0625, 39.6875, 135.375, 134.375, 159.125, 101.125, 82.25, 38.9375, 137.75, 144.0, 95.375, 134.0, 114.8125, 118.4375, 45.09375, 50.21875, 59.03125, 42.8125, 140.0, 58.125, 96.6875, 23.59375, 33.25, 151.625, 23.703125, 99.1875, 46.5625, 149.875, 67.625, 60.21875, 140.5, 174.625, 132.875, 115.4375, 67.125, 8.25, 8.25, 30.078125, 143.125, 34.4375, 15.65625, 136.5, 118.25, 163.25, 103.25, 76.5625, 60.65625, 67.9375, 49.6875, 148.5, 75.6875, 74.8125, 108.25], [56.09375, 34.21875, 71.1875, 153.25, 135.25, 70.3125, 97.5, 94.0625, 100.25, 62.1875, 27.203125, 0.0, 147.625, 63.625, 77.625, 131.5, 87.0, 150.375, 63.28125, 91.4375, 83.25, 55.375, 94.25, 33.125, 134.375, 32.8125, 175.875, 81.625, 89.125, 54.625, 75.75, 23.09375, 100.375, 38.46875, 104.375, 113.25, 89.875, 56.09375, 119.125, 124.5, 114.25, 142.25, 107.4375, 100.0, 46.09375, 53.15625, 95.8125, 72.5, 25.9375, 43.0, 157.625, 99.625, 136.5, 11.046875, 48.8125, 84.0, 27.015625, 97.5, 4.47265625, 145.5, 152.125, 101.375, 138.5, 65.3125, 37.65625, 91.9375, 122.4375, 129.25, 179.625, 53.59375, 114.625, 103.0625, 134.75, 36.0, 147.625, 125.3125, 139.875, 71.6875, 161.0, 146.5, 84.75, 54.21875, 88.0, 81.875, 147.125, 125.25, 65.625, 93.125, 41.78125, 147.25, 86.75, 127.75, 81.375, 138.5, 164.375, 85.25, 118.25, 81.125, 65.875, 14.140625, 67.0625, 59.625, 50.9375, 48.90625, 139.75, 128.875, 59.46875, 73.8125, 95.6875, 34.25, 110.375, 107.1875, 133.75, 78.5, 56.03125, 18.25, 111.1875, 122.25, 110.3125, 106.875, 87.6875, 106.375, 60.40625, 39.9375, 55.09375, 19.703125, 121.8125, 72.5, 112.0, 23.09375, 42.4375, 133.125, 19.84375, 84.6875, 65.1875, 124.3125, 41.40625, 51.625, 113.375, 152.875, 106.0, 90.0, 49.25, 18.96875, 34.53125, 3.0, 115.9375, 47.0, 39.65625, 116.5, 104.0625, 140.75, 77.875, 78.1875, 70.0625, 65.9375, 30.59375, 125.5625, 53.71875, 67.6875, 91.1875], [105.25, 155.375, 89.1875, 48.71875, 122.5, 142.625, 192.875, 141.125, 226.0, 203.25, 174.75, 147.625, 0.0, 152.125, 88.4375, 44.40625, 197.375, 7.0, 176.25, 184.875, 177.875, 156.0, 221.25, 177.75, 157.0, 116.375, 34.46875, 186.125, 127.375, 159.125, 165.25, 168.5, 161.375, 160.625, 134.625, 75.125, 88.0625, 190.875, 35.0, 29.828125, 41.59375, 63.1875, 43.28125, 84.5625, 152.75, 165.25, 127.0625, 103.375, 165.625, 124.8125, 133.0, 53.75, 20.609375, 158.25, 127.6875, 152.625, 173.25, 178.125, 143.125, 23.53125, 74.3125, 50.09375, 20.21875, 130.25, 117.6875, 93.125, 54.71875, 84.6875, 161.25, 105.6875, 134.5, 67.25, 140.25, 165.25, 16.546875, 74.125, 131.375, 208.875, 116.625, 2.828125, 65.125, 104.6875, 171.125, 103.75, 161.25, 155.875, 144.375, 183.875, 129.75, 94.125, 99.4375, 21.265625, 77.0, 75.0, 164.625, 146.75, 38.28125, 134.5, 132.5, 155.125, 198.75, 103.1875, 175.125, 106.5625, 41.0625, 18.78125, 204.375, 113.0625, 228.875, 160.0, 59.46875, 43.9375, 69.125, 93.5625, 99.0625, 139.0, 55.46875, 106.9375, 238.125, 47.4375, 60.0, 157.875, 198.0, 152.75, 166.625, 134.25, 131.625, 206.25, 240.25, 163.25, 174.75, 132.75, 157.75, 129.25, 205.625, 47.5, 108.25, 156.625, 41.21875, 114.0625, 43.40625, 69.125, 126.1875, 166.625, 181.5, 144.875, 35.34375, 180.875, 186.625, 118.625, 148.0, 104.125, 79.0625, 187.375, 197.125, 174.0, 133.375, 96.6875, 111.3125, 152.375, 117.75], [49.65625, 31.828125, 63.40625, 136.875, 86.6875, 13.0390625, 43.65625, 36.0625, 75.5, 69.1875, 74.625, 63.625, 152.125, 0.0, 63.625, 119.0, 45.25, 157.25, 27.203125, 35.75, 146.875, 118.5625, 71.5625, 87.125, 74.3125, 75.25, 185.75, 34.0625, 144.125, 118.0625, 15.296875, 79.1875, 37.0, 31.0625, 49.46875, 148.875, 130.375, 53.09375, 117.375, 139.5, 133.375, 119.625, 109.125, 74.6875, 18.390625, 21.21875, 45.03125, 119.0, 86.6875, 97.875, 107.5, 98.4375, 134.5, 69.0, 28.15625, 145.125, 80.0, 36.125, 63.5, 140.25, 124.625, 120.3125, 136.0, 22.203125, 48.25, 134.875, 149.75, 97.5, 124.0, 98.0, 60.15625, 88.0, 79.6875, 38.09375, 158.875, 99.1875, 88.3125, 68.375, 117.125, 152.125, 106.25, 98.0, 151.25, 129.0, 87.375, 64.625, 8.546875, 35.90625, 98.9375, 111.1875, 132.25, 130.875, 113.5, 110.6875, 105.8125, 24.59375, 114.625, 138.625, 20.25, 53.25, 55.59375, 104.0, 113.4375, 92.0, 127.3125, 134.75, 77.4375, 40.5, 81.6875, 35.0, 138.875, 108.375, 109.0, 120.625, 58.1875, 78.5625, 99.8125, 80.25, 87.6875, 104.6875, 99.5, 43.875, 61.03125, 24.765625, 21.03125, 76.875, 68.875, 62.96875, 89.875, 51.09375, 103.5625, 80.5, 82.6875, 140.625, 70.0, 148.5, 80.0, 14.765625, 111.0, 109.0625, 121.0625, 119.5625, 105.125, 70.0, 82.1875, 62.1875, 116.75, 106.8125, 72.875, 69.0625, 43.90625, 100.1875, 110.125, 35.46875, 50.6875, 23.265625, 88.875, 88.3125, 102.1875, 129.75, 143.25], [22.015625, 71.8125, 7.80859375, 78.3125, 69.375, 54.40625, 104.875, 58.0625, 138.25, 120.8125, 103.0, 77.625, 88.4375, 63.625, 0.0, 57.9375, 108.875, 93.75, 88.625, 96.8125, 143.5, 114.25, 133.75, 110.75, 87.6875, 59.15625, 122.3125, 97.625, 116.5, 115.75, 76.8125, 100.6875, 77.1875, 76.3125, 57.09375, 99.25, 87.9375, 106.625, 53.75, 78.375, 74.4375, 65.0, 45.8125, 23.265625, 66.25, 78.25, 47.0, 85.5625, 102.375, 81.8125, 90.6875, 35.0, 71.0625, 88.4375, 41.15625, 129.375, 104.375, 91.25, 74.0, 77.375, 74.4375, 62.8125, 72.625, 41.875, 40.125, 93.9375, 93.875, 52.5625, 117.625, 69.5, 62.375, 26.921875, 78.0, 82.25, 95.9375, 47.6875, 76.875, 124.375, 88.25, 88.625, 53.15625, 68.875, 142.625, 93.9375, 97.125, 82.375, 55.96875, 95.9375, 85.8125, 71.1875, 94.5625, 67.375, 67.1875, 60.8125, 109.1875, 60.53125, 51.09375, 116.0625, 44.03125, 79.125, 113.1875, 73.0, 122.5625, 65.0625, 66.5, 71.375, 124.6875, 25.5, 142.375, 76.875, 85.125, 45.0, 56.15625, 81.9375, 22.46875, 79.125, 37.5625, 52.40625, 150.375, 41.03125, 41.3125, 76.125, 114.375, 67.625, 79.3125, 74.4375, 64.875, 120.75, 152.625, 84.875, 117.0625, 72.875, 94.8125, 114.875, 122.75, 91.0, 56.21875, 69.3125, 47.375, 80.625, 61.40625, 69.5625, 87.875, 95.0625, 111.0625, 74.6875, 53.15625, 122.5, 110.625, 53.65625, 67.375, 67.4375, 64.875, 99.0625, 110.4375, 85.9375, 81.5, 51.625, 76.5, 119.3125, 111.4375], [79.125, 129.75, 62.09375, 22.09375, 78.0625, 107.8125, 156.375, 101.5625, 194.375, 178.75, 158.125, 131.5, 44.40625, 119.0, 57.9375, 0.0, 163.625, 51.34375, 145.25, 148.625, 181.875, 155.5, 190.375, 164.25, 113.1875, 105.375, 77.5, 152.0, 140.125, 157.875, 130.25, 154.25, 121.6875, 134.25, 93.1875, 99.0, 101.8125, 164.5, 21.9375, 55.9375, 61.84375, 21.953125, 31.390625, 45.28125, 123.9375, 135.5, 86.8125, 110.5625, 154.0, 121.75, 89.1875, 33.71875, 24.015625, 142.5, 99.0, 161.0, 158.5, 140.125, 127.3125, 23.703125, 35.21875, 60.15625, 24.1875, 96.8125, 95.6875, 108.0625, 82.875, 40.3125, 117.8125, 104.0625, 91.6875, 31.3125, 96.0625, 140.125, 59.0, 29.828125, 87.0, 182.25, 74.1875, 46.1875, 66.25, 103.0625, 177.75, 114.8125, 116.9375, 112.8125, 110.6875, 147.125, 126.625, 51.1875, 112.4375, 31.625, 83.5, 31.578125, 120.25, 108.875, 19.203125, 144.125, 98.75, 135.375, 170.875, 104.1875, 169.75, 102.375, 8.546875, 37.65625, 182.25, 78.5, 199.625, 134.75, 81.1875, 30.890625, 25.078125, 102.375, 76.125, 128.25, 20.609375, 62.9375, 206.625, 27.515625, 52.9375, 117.0625, 172.375, 125.5625, 136.5, 123.1875, 88.0, 178.5, 208.875, 141.875, 166.5, 88.5, 146.0, 140.5, 180.75, 76.5, 99.0, 126.5625, 23.328125, 70.6875, 53.03125, 79.1875, 125.5625, 150.0, 165.875, 128.5, 26.875, 172.375, 167.25, 75.25, 107.0625, 60.0, 83.75, 154.25, 167.75, 142.0, 126.4375, 52.40625, 111.0, 156.0, 131.875], [93.8125, 54.75, 108.4375, 180.625, 119.875, 55.8125, 19.234375, 68.9375, 33.0, 52.3125, 83.1875, 87.0, 197.375, 45.25, 108.875, 163.625, 0.0, 202.375, 24.734375, 21.09375, 164.875, 140.25, 31.0625, 95.875, 94.4375, 110.125, 230.875, 11.6640625, 175.5, 138.75, 33.625, 91.9375, 55.09375, 49.375, 82.4375, 189.375, 168.875, 40.8125, 162.625, 184.0, 177.25, 162.5, 154.25, 118.6875, 48.84375, 36.6875, 82.625, 154.75, 101.625, 128.625, 137.25, 143.625, 179.75, 86.6875, 71.25, 170.5, 90.125, 35.21875, 89.0625, 185.25, 166.0, 164.0, 181.25, 67.25, 88.125, 172.5, 192.375, 138.75, 146.25, 133.875, 91.4375, 132.875, 107.125, 51.0, 203.875, 141.875, 118.625, 43.84375, 151.25, 197.375, 149.125, 134.125, 172.0, 164.75, 106.1875, 85.125, 53.15625, 24.1875, 128.25, 149.875, 168.75, 176.125, 154.125, 152.5, 124.9375, 57.9375, 159.875, 168.125, 65.1875, 73.0, 33.25, 140.125, 127.5, 128.0, 171.875, 179.875, 64.375, 85.25, 44.03125, 53.15625, 181.125, 153.625, 151.75, 158.25, 101.8125, 105.0625, 144.75, 118.25, 44.59375, 149.875, 143.75, 64.0, 44.6875, 52.1875, 34.78125, 105.3125, 100.3125, 36.625, 46.8125, 65.375, 116.375, 110.625, 101.125, 171.375, 51.0, 191.75, 116.75, 43.375, 156.25, 143.75, 165.375, 161.0, 135.5, 83.0, 87.875, 87.0625, 162.0, 117.375, 72.875, 105.0625, 70.6875, 137.375, 150.625, 10.296875, 25.5, 24.59375, 117.125, 127.9375, 136.5, 153.75, 176.625], [109.8125, 159.375, 94.0625, 55.375, 129.375, 148.0, 198.375, 147.25, 230.625, 206.875, 177.375, 150.375, 7.0, 157.25, 93.75, 51.34375, 202.375, 0.0, 181.125, 190.375, 177.375, 156.375, 225.875, 180.0, 163.75, 118.6875, 28.59375, 191.25, 125.6875, 159.5, 170.5, 170.875, 167.5, 164.75, 141.0, 72.25, 86.8125, 194.875, 40.8125, 29.0, 41.0, 70.1875, 48.09375, 90.8125, 157.25, 169.875, 133.25, 103.0, 167.625, 125.75, 140.0, 58.78125, 27.453125, 160.875, 132.375, 151.5, 175.625, 183.875, 145.875, 30.40625, 81.1875, 51.0, 27.171875, 135.625, 121.5, 91.5625, 51.46875, 91.6875, 168.25, 106.6875, 141.0, 73.375, 147.125, 169.25, 10.6328125, 81.0625, 138.25, 212.875, 123.5625, 5.38671875, 66.75, 105.75, 170.125, 102.6875, 168.125, 162.5, 149.625, 189.375, 130.75, 101.125, 98.125, 26.40625, 77.3125, 82.0, 171.625, 152.5, 44.28125, 133.375, 137.75, 158.375, 203.0, 103.8125, 176.125, 107.9375, 48.03125, 22.671875, 207.75, 118.625, 233.125, 164.0, 57.5, 48.84375, 76.125, 93.0625, 103.25, 141.0, 61.75, 113.75, 242.75, 52.8125, 63.125, 164.125, 202.0, 157.125, 171.25, 136.25, 138.375, 210.375, 244.875, 166.75, 176.125, 139.625, 159.75, 127.875, 209.375, 44.375, 110.375, 161.375, 46.875, 121.0625, 44.9375, 69.0625, 126.75, 169.25, 184.0, 147.625, 40.59375, 182.25, 189.625, 125.3125, 154.25, 111.125, 79.625, 192.375, 201.5, 178.875, 134.875, 103.5625, 112.0, 152.0, 115.9375], [71.4375, 30.15625, 87.125, 163.625, 112.0625, 40.03125, 34.78125, 60.125, 49.6875, 44.9375, 63.625, 63.28125, 176.25, 27.203125, 88.625, 145.25, 24.734375, 181.125, 0.0, 30.015625, 143.625, 117.6875, 45.21875, 76.6875, 94.0, 85.375, 209.25, 18.4375, 151.25, 116.4375, 24.046875, 71.1875, 53.3125, 25.0, 74.125, 164.875, 144.25, 29.15625, 142.125, 161.375, 154.0, 146.75, 133.0, 101.5625, 24.703125, 12.0859375, 71.25, 130.0, 80.4375, 104.25, 131.875, 122.5625, 159.625, 64.3125, 48.78125, 147.25, 70.25, 40.3125, 65.0, 165.875, 151.875, 140.625, 161.25, 48.75, 64.0, 147.75, 168.5, 124.75, 145.5, 109.125, 84.375, 114.0625, 102.75, 27.890625, 181.875, 126.3125, 112.625, 42.0, 143.0, 176.125, 125.375, 109.375, 149.875, 140.0, 106.75, 84.125, 35.75, 32.4375, 104.0, 138.125, 144.125, 155.0, 129.75, 137.875, 125.6875, 48.09375, 139.625, 144.0, 47.0, 49.65625, 29.0, 115.4375, 107.0, 103.3125, 153.625, 158.375, 55.03125, 67.0625, 54.625, 29.0625, 157.125, 132.375, 136.125, 133.5, 78.875, 81.0625, 125.625, 106.9375, 61.84375, 129.25, 120.875, 62.03125, 36.40625, 27.515625, 10.296875, 81.0, 93.3125, 36.125, 64.0, 43.0, 96.1875, 104.6875, 78.875, 147.125, 45.125, 168.125, 92.0625, 19.84375, 135.75, 135.0, 142.375, 136.875, 111.125, 61.84375, 69.625, 63.0625, 141.0, 98.0, 56.59375, 95.125, 65.5, 126.75, 126.1875, 15.03125, 23.53125, 5.38671875, 93.0, 115.3125, 111.8125, 130.75, 152.125], [85.0625, 57.28125, 97.75, 164.375, 99.6875, 42.4375, 8.0625, 50.09375, 53.34375, 69.875, 93.625, 91.4375, 184.875, 35.75, 96.8125, 148.625, 21.09375, 190.375, 30.015625, 0.0, 173.125, 146.625, 52.0, 106.6875, 73.3125, 109.125, 219.0, 13.6015625, 177.125, 145.5, 20.609375, 101.0625, 34.375, 53.15625, 62.96875, 184.625, 165.75, 55.96875, 149.875, 174.25, 168.625, 145.625, 142.625, 103.375, 47.03125, 38.3125, 64.5, 153.5, 110.1875, 130.25, 116.5, 131.875, 166.375, 93.625, 63.875, 175.375, 100.25, 14.140625, 92.5625, 171.125, 148.125, 155.625, 167.75, 55.21875, 83.5625, 170.0, 185.375, 120.9375, 125.1875, 132.5, 71.3125, 118.8125, 86.3125, 57.375, 192.75, 125.125, 98.0, 63.0625, 131.0, 185.25, 141.875, 132.5, 179.0, 163.625, 85.1875, 64.0625, 41.59375, 3.162109375, 130.625, 130.875, 167.125, 164.0, 149.25, 135.0, 103.9375, 40.21875, 146.875, 170.75, 53.0, 78.4375, 51.09375, 138.625, 136.875, 126.5, 156.625, 168.25, 81.375, 71.8125, 65.125, 57.5625, 174.625, 141.875, 134.75, 155.75, 93.75, 108.5, 130.875, 99.375, 64.3125, 137.625, 134.625, 43.1875, 61.625, 52.34375, 36.40625, 107.8125, 80.0625, 55.9375, 66.5, 72.625, 126.125, 90.125, 108.1875, 173.25, 69.125, 184.0, 114.625, 41.0625, 143.625, 123.6875, 156.125, 155.25, 137.375, 91.6875, 99.5625, 90.8125, 149.75, 128.0, 86.0625, 85.8125, 50.4375, 118.0, 145.75, 19.421875, 43.40625, 26.0, 119.9375, 109.5625, 136.125, 159.125, 177.0], [126.8125, 116.75, 135.625, 203.375, 210.5, 152.875, 178.375, 175.625, 168.25, 123.0625, 82.1875, 83.25, 177.875, 146.875, 143.5, 181.875, 164.875, 177.375, 143.625, 173.125, 0.0, 29.703125, 162.25, 70.375, 215.625, 84.625, 194.375, 161.875, 56.03125, 29.203125, 158.75, 73.0, 183.5, 120.125, 184.375, 111.1875, 91.0, 126.4375, 162.625, 148.375, 136.5, 199.25, 151.125, 166.375, 129.25, 135.0, 174.875, 74.5625, 63.3125, 61.90625, 232.625, 148.5, 176.125, 79.5, 128.875, 28.796875, 75.125, 180.375, 83.5, 186.5, 211.625, 128.75, 178.125, 146.0, 111.0625, 87.1875, 130.375, 194.875, 257.5, 78.0, 194.0, 162.0, 213.625, 115.75, 170.0, 187.5, 216.5, 135.0, 231.625, 175.75, 116.9375, 78.9375, 12.0390625, 75.0, 228.0, 207.0, 148.375, 175.125, 57.6875, 213.75, 80.125, 164.125, 101.625, 200.0, 244.375, 167.75, 163.875, 45.71875, 147.0, 94.9375, 137.0, 77.8125, 38.125, 80.5, 188.5, 162.125, 113.0625, 149.875, 158.0, 115.6875, 121.0, 151.5, 193.625, 84.375, 121.8125, 69.8125, 165.25, 194.875, 175.0, 154.375, 129.0, 189.125, 126.5, 123.0, 136.875, 73.0, 200.125, 139.375, 176.0, 100.5625, 49.25, 210.75, 65.0, 52.1875, 126.0, 136.125, 87.375, 134.625, 159.125, 224.0, 136.125, 108.875, 56.8125, 82.0, 79.25, 84.75, 158.0, 50.0, 95.25, 192.5, 186.0, 210.875, 100.25, 157.625, 142.875, 147.125, 62.96875, 195.125, 70.9375, 25.96875, 65.75], [97.1875, 89.5, 106.5625, 177.25, 180.75, 123.8125, 152.375, 146.25, 147.625, 103.5625, 60.40625, 55.375, 156.0, 118.5625, 114.25, 155.5, 140.25, 156.375, 117.6875, 146.625, 29.703125, 0.0, 141.5, 50.96875, 186.25, 55.21875, 176.125, 136.125, 48.84375, 3.60546875, 131.125, 50.15625, 154.875, 93.4375, 154.75, 96.375, 73.375, 104.0, 137.25, 127.375, 115.4375, 171.875, 125.5, 137.375, 101.375, 108.25, 145.25, 54.34375, 40.1875, 33.84375, 203.125, 121.8125, 152.0, 53.59375, 99.375, 31.578125, 53.59375, 152.875, 55.03125, 162.25, 183.875, 106.0, 154.0, 116.625, 81.375, 71.3125, 113.3125, 166.125, 227.75, 51.78125, 164.375, 133.875, 183.875, 89.8125, 150.125, 159.25, 186.75, 115.25, 202.5, 154.125, 92.4375, 52.78125, 32.6875, 58.3125, 198.5, 177.625, 119.5625, 148.375, 29.15625, 185.0, 64.0625, 140.375, 79.0625, 171.875, 214.625, 138.75, 138.125, 37.65625, 117.625, 68.125, 115.0625, 53.09375, 24.765625, 53.15625, 162.5, 139.125, 95.3125, 120.1875, 139.25, 89.0, 102.625, 125.6875, 165.75, 64.3125, 92.4375, 40.5, 137.875, 165.375, 155.75, 128.0, 103.1875, 160.125, 105.5, 95.25, 110.1875, 43.40625, 170.5, 118.5, 157.0, 74.9375, 32.25, 181.0, 39.21875, 43.875, 106.6875, 118.125, 58.59375, 107.0, 133.25, 194.75, 113.0625, 87.25, 30.265625, 58.0, 59.90625, 56.46875, 132.875, 36.40625, 75.3125, 162.75, 156.75, 181.625, 77.0, 132.25, 120.0, 120.8125, 33.3125, 165.875, 45.28125, 14.5625, 56.09375], [116.125, 68.8125, 132.125, 208.5, 150.75, 83.6875, 48.5, 99.4375, 6.08203125, 39.46875, 81.125, 94.25, 221.25, 71.5625, 133.75, 190.375, 31.0625, 225.875, 45.21875, 52.0, 162.25, 141.5, 0.0, 92.0, 125.1875, 123.0, 254.0, 41.78125, 182.625, 139.25, 62.9375, 91.375, 86.125, 63.0, 113.1875, 204.625, 182.5, 38.3125, 187.25, 205.25, 197.25, 191.0, 178.0, 146.25, 68.625, 55.96875, 112.625, 166.25, 101.3125, 137.25, 168.375, 167.625, 204.75, 90.25, 93.625, 173.0, 88.0625, 66.0, 97.5, 211.125, 195.375, 183.875, 206.375, 93.625, 106.5, 185.25, 210.25, 168.125, 176.875, 146.25, 122.3125, 159.25, 138.125, 60.90625, 226.25, 170.5, 149.625, 27.453125, 182.125, 221.125, 168.0, 146.75, 171.0, 175.875, 136.75, 116.0625, 80.0625, 55.0, 135.75, 180.125, 180.5, 200.0, 170.375, 181.625, 155.25, 88.0625, 184.75, 173.75, 91.8125, 80.4375, 27.203125, 152.5, 124.125, 140.875, 198.75, 203.25, 50.6875, 112.0, 13.6015625, 65.1875, 198.625, 177.375, 180.375, 171.25, 123.0625, 112.25, 170.875, 148.5, 17.03125, 174.25, 164.875, 95.0625, 36.0625, 69.4375, 54.65625, 113.875, 131.25, 23.015625, 19.109375, 71.1875, 113.0625, 141.75, 103.25, 178.0, 36.6875, 210.625, 130.75, 64.6875, 180.875, 174.625, 186.25, 178.0, 143.25, 84.0, 83.0625, 95.25, 186.0, 112.4375, 67.0, 135.625, 101.6875, 167.875, 166.75, 37.65625, 25.234375, 48.375, 124.625, 157.75, 147.5, 155.875, 185.375], [89.125, 55.3125, 104.3125, 186.125, 166.0, 96.625, 110.9375, 121.25, 98.0, 53.15625, 13.0390625, 33.125, 177.75, 87.125, 110.75, 164.25, 95.875, 180.0, 76.6875, 106.6875, 70.375, 50.96875, 92.0, 0.0, 161.0, 61.40625, 204.25, 94.375, 97.125, 48.28125, 95.75, 10.046875, 123.75, 56.59375, 132.875, 134.125, 110.0, 56.28125, 150.875, 152.875, 141.875, 175.375, 139.125, 133.0, 68.75, 70.4375, 125.3125, 90.625, 13.453125, 59.65625, 188.25, 131.875, 168.125, 22.359375, 79.3125, 82.4375, 7.2109375, 116.0, 37.0, 177.375, 185.25, 129.625, 170.0, 94.4375, 70.6875, 110.375, 146.75, 162.25, 208.75, 76.3125, 143.5, 136.125, 163.75, 50.4375, 176.25, 158.375, 170.0, 65.0625, 192.875, 176.5, 113.3125, 77.1875, 79.0, 98.3125, 174.0, 151.5, 91.375, 109.0625, 55.90625, 180.0, 103.9375, 158.625, 106.5625, 171.5, 192.0, 111.0625, 150.375, 86.75, 94.5, 35.34375, 66.75, 81.25, 32.25, 73.375, 172.375, 159.25, 44.375, 105.3125, 88.6875, 52.3125, 134.875, 138.875, 166.875, 98.875, 89.125, 39.0, 144.0, 154.0, 105.375, 139.0, 118.375, 131.0, 56.15625, 62.46875, 72.0, 43.65625, 151.375, 69.0625, 106.5625, 36.0625, 21.09375, 162.875, 20.59375, 92.1875, 56.21875, 149.75, 69.5625, 72.8125, 145.375, 184.75, 135.125, 115.5, 62.9375, 17.5, 9.0546875, 36.125, 147.5, 21.546875, 25.0, 147.25, 130.375, 173.0, 103.375, 89.5, 72.75, 81.0, 47.4375, 158.0, 73.625, 65.5, 102.3125], [93.5, 105.8125, 93.875, 120.4375, 38.40625, 64.5625, 77.0, 40.3125, 126.0, 138.875, 148.75, 134.375, 157.0, 74.3125, 87.6875, 113.1875, 94.4375, 163.75, 94.0, 73.3125, 215.625, 186.25, 125.1875, 161.0, 0.0, 134.5, 190.625, 85.3125, 200.625, 186.5, 70.0, 152.625, 40.8125, 105.375, 32.1875, 186.5, 175.375, 123.125, 124.9375, 158.625, 158.0, 100.25, 123.375, 76.125, 92.4375, 93.9375, 42.53125, 170.875, 159.25, 159.125, 46.625, 114.0625, 136.375, 141.625, 86.8125, 208.5, 153.875, 59.21875, 133.0, 136.75, 96.625, 148.125, 137.0, 69.6875, 105.6875, 181.25, 179.0, 74.25, 51.96875, 152.25, 25.3125, 93.4375, 19.109375, 112.375, 169.875, 83.5625, 31.890625, 134.375, 65.1875, 158.375, 140.625, 151.75, 218.125, 180.0, 13.0390625, 9.8515625, 69.6875, 70.25, 161.75, 74.5, 181.25, 139.625, 154.75, 87.3125, 31.78125, 50.0, 121.0, 198.125, 68.75, 126.25, 121.5625, 156.875, 185.25, 146.75, 118.875, 145.375, 148.875, 68.9375, 138.5, 109.3125, 171.5, 122.4375, 90.8125, 168.625, 101.375, 145.875, 103.4375, 50.34375, 136.125, 116.5, 127.5625, 31.953125, 130.25, 98.625, 93.0, 142.75, 25.5, 127.5625, 138.125, 125.1875, 176.125, 26.40625, 154.125, 198.25, 138.875, 175.0, 135.5, 89.0625, 120.1875, 59.8125, 145.0, 157.125, 166.25, 143.625, 156.5, 132.25, 127.25, 180.0, 147.0, 38.625, 30.609375, 60.4375, 152.375, 90.8125, 114.5, 88.625, 153.75, 61.3125, 158.375, 195.25, 196.875], [42.4375, 55.65625, 51.46875, 127.5, 125.9375, 76.375, 116.375, 95.75, 128.75, 94.1875, 59.0625, 32.8125, 116.375, 75.25, 59.15625, 105.375, 110.125, 118.6875, 85.375, 109.125, 84.625, 55.21875, 123.0, 61.40625, 134.5, 0.0, 143.5, 102.25, 69.0625, 56.59375, 90.0625, 52.1875, 107.9375, 61.34375, 102.375, 81.8125, 59.5, 86.0, 90.25, 92.125, 81.625, 119.3125, 78.3125, 82.375, 62.40625, 73.5625, 92.375, 44.71875, 49.65625, 24.703125, 148.125, 72.0, 107.0625, 42.53125, 50.0, 74.125, 57.0, 111.375, 28.421875, 116.625, 130.625, 68.875, 109.0625, 66.5, 29.15625, 62.625, 89.8125, 111.375, 173.25, 23.765625, 111.25, 80.375, 130.25, 62.15625, 115.375, 105.125, 132.25, 102.8125, 147.25, 115.125, 52.3125, 24.046875, 84.875, 54.75, 146.125, 126.5625, 73.375, 110.0, 27.65625, 130.125, 58.6875, 97.3125, 48.78125, 118.0, 161.375, 90.4375, 90.0625, 64.5, 68.0, 44.03125, 96.375, 30.078125, 64.75, 18.03125, 113.1875, 97.8125, 92.1875, 66.375, 126.1875, 58.3125, 77.8125, 78.25, 112.25, 48.46875, 37.1875, 23.09375, 86.125, 110.25, 139.625, 79.0, 57.0625, 111.6875, 91.375, 58.0625, 75.5, 18.109375, 116.6875, 102.625, 141.5, 53.40625, 61.125, 126.8125, 41.59375, 65.75, 97.0625, 91.5625, 8.6015625, 68.375, 85.0625, 139.5, 73.9375, 57.3125, 31.765625, 51.09375, 65.375, 30.484375, 86.5625, 67.0625, 72.4375, 108.1875, 106.5, 126.5, 45.25, 100.25, 97.9375, 86.3125, 22.359375, 110.6875, 27.0, 61.625, 68.0], [137.875, 187.0, 122.4375, 76.0, 155.25, 176.625, 227.0, 175.625, 258.75, 233.875, 202.625, 175.875, 34.46875, 185.75, 122.3125, 77.5, 230.875, 28.59375, 209.25, 219.0, 194.375, 176.125, 254.0, 204.25, 190.625, 143.5, 0.0, 219.75, 140.0, 179.5, 199.125, 195.5, 195.875, 192.5, 169.0, 84.125, 103.5625, 222.25, 69.3125, 51.4375, 62.40625, 93.75, 76.5625, 119.0, 185.375, 198.0, 161.5, 121.8125, 191.5, 147.75, 163.875, 87.3125, 54.625, 186.125, 160.5, 167.0, 200.375, 212.5, 171.375, 54.34375, 103.0625, 74.6875, 53.84375, 164.125, 148.875, 107.1875, 64.0, 117.375, 191.25, 129.0, 168.625, 101.6875, 173.5, 196.625, 28.296875, 107.25, 164.0, 240.25, 146.125, 33.84375, 91.25, 128.125, 186.0, 119.5, 194.25, 190.0, 178.25, 218.0, 152.5, 124.5625, 114.25, 55.0, 98.6875, 106.375, 196.5, 181.125, 72.6875, 149.0, 166.375, 184.75, 230.75, 125.3125, 197.375, 131.125, 72.5625, 51.0, 234.125, 147.25, 261.0, 191.5, 73.6875, 77.3125, 101.1875, 111.8125, 131.0, 165.25, 89.9375, 140.375, 271.0, 81.375, 90.0, 192.375, 229.25, 185.0, 199.375, 160.625, 165.375, 238.0, 273.0, 193.375, 198.625, 166.0, 183.75, 143.0, 236.5, 58.3125, 135.0, 189.5, 75.4375, 144.625, 70.0, 89.875, 147.75, 194.625, 208.875, 173.25, 69.1875, 204.625, 215.5, 152.5, 182.5, 135.75, 101.5, 220.875, 229.5, 207.25, 157.875, 129.75, 133.5, 170.125, 130.0], [83.1875, 48.0, 97.4375, 169.0, 109.0625, 44.21875, 16.546875, 57.71875, 44.28125, 56.3125, 81.375, 81.625, 186.125, 34.0625, 97.625, 152.0, 11.6640625, 191.25, 18.4375, 13.6015625, 161.875, 136.125, 41.78125, 94.375, 85.3125, 102.25, 219.75, 0.0, 169.0, 134.875, 21.953125, 89.3125, 45.09375, 43.1875, 71.375, 180.25, 160.375, 42.4375, 151.375, 173.375, 166.875, 150.875, 143.125, 107.0625, 40.03125, 29.015625, 71.1875, 147.0, 98.6875, 122.0625, 127.0625, 132.5, 168.375, 82.6875, 60.90625, 165.625, 88.125, 26.921875, 83.1875, 173.75, 154.375, 153.625, 169.75, 55.875, 78.75, 164.25, 182.5, 127.125, 137.25, 125.9375, 80.625, 121.375, 97.0, 46.3125, 192.875, 130.25, 108.1875, 49.78125, 140.375, 186.25, 139.125, 126.125, 168.375, 157.0, 97.5, 75.8125, 41.71875, 16.640625, 122.0, 138.5, 160.875, 165.0, 144.875, 140.875, 116.4375, 46.5, 148.5, 162.125, 53.75, 68.0625, 37.59375, 132.25, 125.1875, 120.0625, 160.25, 168.75, 67.8125, 73.75, 54.15625, 47.375, 171.375, 142.375, 140.125, 149.875, 91.4375, 99.25, 133.25, 106.875, 56.09375, 138.625, 133.125, 54.15625, 48.0, 44.28125, 27.015625, 99.0, 89.5625, 42.71875, 58.3125, 61.40625, 114.25, 100.1875, 97.25, 165.0, 55.5625, 181.625, 108.4375, 34.21875, 145.0, 132.875, 154.75, 151.5, 129.0, 80.0625, 86.9375, 81.3125, 150.75, 115.8125, 73.0, 93.875, 60.125, 126.125, 141.375, 5.83203125, 29.96875, 16.03125, 111.0625, 116.4375, 129.0, 149.125, 169.625], [107.125, 121.125, 109.0625, 159.875, 185.875, 145.375, 184.0, 163.5, 188.75, 147.125, 104.0, 89.125, 127.375, 144.125, 116.5, 140.125, 175.5, 125.6875, 151.25, 177.125, 56.03125, 48.84375, 182.625, 97.125, 200.625, 69.0625, 140.0, 169.0, 0.0, 52.34375, 158.75, 93.625, 176.875, 126.25, 168.5, 56.0, 39.5625, 144.25, 118.875, 97.5, 86.0, 160.0, 108.75, 136.875, 130.125, 140.0, 158.125, 31.234375, 84.5, 47.0, 206.625, 109.3125, 129.375, 92.4375, 118.875, 27.453125, 98.0, 180.25, 86.5625, 139.75, 173.25, 81.375, 131.125, 134.875, 97.75, 34.21875, 76.1875, 162.0, 234.125, 48.46875, 176.25, 127.3125, 193.75, 124.875, 117.375, 152.75, 193.375, 158.125, 201.0, 124.9375, 74.1875, 48.84375, 46.375, 25.234375, 211.625, 193.5, 142.375, 178.25, 47.375, 180.375, 28.234375, 116.875, 56.625, 163.625, 225.125, 159.125, 120.9375, 11.3984375, 136.5, 103.25, 155.5, 43.84375, 73.5625, 54.09375, 145.25, 113.625, 140.5, 131.75, 182.5, 122.4375, 68.25, 109.3125, 156.75, 37.8125, 99.3125, 70.875, 127.0, 168.5, 198.125, 113.625, 88.75, 180.125, 147.375, 125.0, 142.0, 70.25, 180.25, 160.125, 199.625, 112.0, 80.625, 189.125, 80.4375, 5.0, 150.25, 82.5, 65.8125, 136.125, 116.75, 194.25, 89.0, 61.28125, 40.125, 99.3125, 105.5625