{"name": "LZB_n160_14", "n": 160, "m": 20, "times": [[0.0, 77.5, 80.0625, 93.75, 86.8125, 100.0, 84.6875, 68.5, 71.5625, 20.59375, 33.125, 124.3125, 98.6875, 107.0625, 78.0, 97.4375, 100.375, 95.6875, 85.75, 104.375, 92.9375, 86.625, 62.4375, 53.34375, 97.625, 73.0625, 78.625, 21.640625, 60.65625, 60.21875, 51.1875, 107.8125, 57.375, 98.3125, 41.96875, 56.3125, 41.4375, 93.5, 110.875, 106.625, 94.1875, 90.75, 69.25, 101.0625, 61.28125, 7.6171875, 89.5, 42.71875, 31.0625, 22.828125, 121.5, 81.125, 99.9375, 128.0, 83.25, 70.1875, 64.25, 92.4375, 86.3125, 96.3125, 123.1875, 103.75, 54.75, 37.0, 65.5625, 85.375, 75.625, 35.90625, 125.4375, 98.0, 83.375, 102.0, 17.125, 137.125, 88.625, 81.3125, 100.3125, 63.0625, 47.0, 78.4375, 86.5625, 79.0625, 84.875, 63.0, 83.9375, 85.875, 114.5, 28.859375, 25.015625, 55.09375, 72.0, 117.0625, 44.40625, 97.5, 64.875, 87.25, 58.40625, 31.578125, 35.46875, 87.625, 126.6875, 68.6875, 30.671875, 33.375, 47.0, 127.5625, 130.125, 47.8125, 29.546875, 29.15625, 126.75, 93.25, 18.59375, 97.3125, 78.875, 51.96875, 12.1640625, 71.8125, 83.625, 62.0, 85.1875, 97.625, 123.8125, 39.0, 109.625, 27.65625, 46.1875, 90.25, 116.3125, 118.8125, 80.625, 113.75, 47.4375, 61.40625, 105.125, 58.1875, 132.375, 86.9375, 46.3125, 99.3125, 52.1875, 46.875, 87.3125, 88.75, 117.375, 44.59375, 95.8125, 112.625, 44.03125, 99.25, 56.875, 65.8125, 65.125, 100.4375, 34.0625, 86.0625, 52.25, 54.0, 127.75, 74.25, 87.9375], [77.5, 0.0, 88.4375, 108.25, 164.125, 176.625, 65.625, 142.125, 137.5, 63.5, 76.3125, 57.78125, 78.0625, 65.75, 24.515625, 173.625, 60.71875, 114.75, 102.875, 174.125, 164.625, 156.875, 48.25, 111.75, 56.625, 149.875, 153.375, 95.6875, 107.1875, 78.3125, 98.0625, 138.25, 98.75, 174.375, 83.375, 63.5, 115.75, 76.25, 165.0, 167.25, 45.625, 168.25, 105.6875, 165.0, 58.1875, 78.3125, 74.1875, 114.25, 76.4375, 95.75, 126.0625, 143.75, 78.375, 119.9375, 160.625, 44.5625, 140.75, 107.9375, 123.0625, 21.59375, 117.4375, 70.5625, 128.125, 74.8125, 60.21875, 11.6640625, 153.0, 113.25, 125.0625, 115.0, 20.59375, 166.125, 60.9375, 209.875, 158.0, 20.609375, 163.375, 94.875, 97.1875, 139.375, 162.75, 155.25, 19.03125, 81.8125, 109.75, 152.25, 115.0, 96.5, 72.0, 127.875, 100.25, 45.5, 77.8125, 85.8125, 15.296875, 138.5, 130.625, 46.53125, 60.40625, 165.125, 198.625, 137.0, 46.8125, 68.375, 52.1875, 62.40625, 176.125, 111.0625, 59.65625, 49.25, 198.375, 27.59375, 74.3125, 127.25, 155.625, 27.203125, 67.125, 46.1875, 120.4375, 137.75, 162.0, 103.8125, 192.875, 84.875, 158.125, 72.375, 71.8125, 140.875, 43.59375, 191.5, 151.625, 41.875, 61.03125, 107.4375, 172.875, 126.0, 204.25, 70.0, 34.0, 173.0, 129.625, 84.375, 135.375, 44.9375, 190.25, 89.4375, 58.8125, 50.21875, 39.0625, 117.8125, 123.6875, 101.5625, 16.640625, 23.328125, 92.9375, 160.5, 29.703125, 77.25, 72.5625, 92.4375, 72.0], [80.0625, 88.4375, 0.0, 19.84375, 142.0, 158.375, 30.0625, 101.125, 148.75, 62.40625, 47.375, 93.0, 32.6875, 55.90625, 108.1875, 133.875, 52.15625, 170.0, 158.625, 176.375, 163.625, 159.375, 40.375, 133.25, 53.0, 134.375, 145.875, 99.125, 140.125, 130.375, 130.25, 51.25, 36.78125, 134.0, 40.8125, 29.0625, 86.0625, 150.625, 89.5625, 184.375, 130.875, 140.75, 147.125, 100.6875, 120.3125, 73.25, 25.5, 118.875, 106.9375, 101.0, 191.75, 82.75, 34.0, 192.75, 132.25, 44.40625, 109.0, 165.25, 42.09375, 108.4375, 188.75, 46.5625, 91.0625, 43.1875, 28.3125, 100.0, 132.25, 95.875, 193.75, 171.75, 107.625, 178.25, 79.25, 203.25, 103.75, 106.8125, 177.25, 139.125, 46.875, 157.125, 148.375, 142.25, 77.375, 17.265625, 25.015625, 161.875, 182.5, 108.4375, 55.03125, 89.5, 147.625, 96.3125, 118.25, 24.203125, 75.0, 167.25, 131.875, 79.125, 48.0625, 138.0, 194.5, 86.6875, 74.6875, 47.03125, 43.84375, 93.0625, 93.1875, 65.4375, 95.0625, 68.625, 195.0, 115.875, 95.3125, 41.21875, 139.375, 84.875, 82.5, 119.8125, 40.3125, 129.0, 128.125, 167.0, 195.375, 116.625, 79.0, 102.125, 34.0, 170.25, 97.875, 186.125, 153.125, 94.9375, 37.0, 43.40625, 179.0, 79.1875, 200.0, 143.375, 65.75, 124.875, 108.8125, 36.0625, 60.40625, 55.3125, 184.25, 42.0625, 140.875, 81.125, 60.53125, 29.40625, 134.5, 30.8125, 91.375, 99.3125, 114.0, 117.0625, 89.5625, 26.078125, 81.0, 10.8203125, 26.171875], [93.75, 108.25, 19.84375, 0.0, 145.375, 161.875, 47.4375, 101.8125, 159.0, 78.1875, 60.65625, 108.875, 45.0, 70.0625, 128.0, 132.75, 67.625, 186.625, 175.5, 183.875, 170.875, 167.625, 60.21875, 146.125, 69.25, 139.625, 152.375, 111.0, 154.375, 147.5, 144.875, 33.375, 41.21875, 132.625, 52.09375, 48.0, 91.6875, 169.5, 77.5, 194.625, 150.625, 142.75, 162.375, 92.9375, 138.75, 86.5, 40.78125, 129.5, 122.5, 113.0, 209.25, 77.875, 46.0, 211.125, 134.5, 64.0625, 111.8125, 182.125, 31.390625, 128.125, 207.125, 60.0, 93.9375, 57.0625, 48.15625, 119.8125, 136.5, 103.5625, 211.625, 188.5, 127.5, 187.75, 95.5, 208.125, 99.75, 126.6875, 187.125, 155.0, 53.15625, 168.375, 153.25, 147.875, 96.75, 32.3125, 15.6171875, 171.25, 200.5, 121.125, 69.25, 92.125, 163.75, 113.75, 134.5, 34.0625, 94.875, 180.125, 141.0, 97.0625, 65.0, 140.25, 200.125, 85.625, 92.5625, 62.375, 62.6875, 108.375, 77.0, 69.0625, 112.0, 86.3125, 200.75, 135.75, 110.4375, 25.171875, 144.25, 104.1875, 98.0, 139.0, 30.8125, 136.125, 129.0, 184.625, 202.375, 131.75, 65.5, 117.875, 49.65625, 183.125, 115.5, 191.625, 161.25, 112.625, 55.0625, 44.28125, 187.25, 80.25, 205.375, 162.25, 85.0, 121.625, 114.5, 47.09375, 51.09375, 73.375, 189.75, 51.09375, 160.375, 97.6875, 79.625, 9.8515625, 145.375, 32.5625, 111.0625, 118.5625, 127.75, 115.75, 108.8125, 41.125, 94.125, 19.921875, 42.1875], [86.8125, 164.125, 142.0, 145.375, 0.0, 16.546875, 159.75, 45.34375, 56.9375, 104.125, 102.625, 209.375, 170.875, 186.125, 161.5, 32.4375, 179.875, 132.375, 129.375, 50.90625, 39.8125, 44.03125, 143.0, 74.9375, 178.0, 16.03125, 25.609375, 69.375, 91.1875, 119.3125, 91.0625, 138.25, 105.6875, 33.84375, 104.0625, 130.875, 56.625, 158.625, 106.25, 76.5625, 173.25, 9.8984375, 104.375, 80.875, 133.125, 87.3125, 161.5, 56.0, 96.5, 69.875, 161.25, 77.5, 172.25, 176.5, 13.0390625, 151.875, 33.53125, 134.125, 119.875, 182.125, 171.125, 180.375, 51.46875, 106.8125, 141.5, 171.375, 11.1796875, 52.15625, 168.25, 135.5, 167.875, 66.0625, 103.25, 63.59375, 61.28125, 165.625, 68.25, 108.0625, 95.1875, 68.25, 13.890625, 16.640625, 171.375, 126.6875, 130.125, 55.875, 160.0, 72.4375, 100.625, 53.25, 113.75, 203.25, 105.0, 165.375, 151.625, 88.25, 44.15625, 117.75, 115.0, 8.9453125, 57.4375, 62.8125, 117.375, 108.6875, 127.8125, 212.25, 131.375, 76.875, 108.6875, 115.8125, 58.3125, 177.25, 92.4375, 132.875, 11.703125, 137.875, 97.125, 148.875, 118.6875, 30.0625, 22.5625, 144.875, 64.25, 94.0, 115.0625, 98.125, 116.6875, 90.0, 202.75, 49.15625, 41.03125, 200.125, 124.0625, 101.125, 57.78125, 65.375, 61.96875, 154.25, 132.875, 48.34375, 35.8125, 107.8125, 105.5625, 171.25, 47.15625, 100.875, 170.125, 197.25, 129.875, 145.125, 58.25, 113.375, 150.875, 187.25, 81.0, 40.59375, 137.25, 120.4375, 209.5, 132.0, 160.75], [100.0, 176.625, 158.375, 161.875, 16.546875, 0.0, 175.5, 61.6875, 57.71875, 118.25, 118.0625, 223.625, 186.75, 201.5, 172.375, 43.40625, 195.25, 134.375, 132.875, 40.8125, 32.8125, 39.8125, 158.0, 80.0, 193.25, 26.921875, 27.015625, 81.0, 95.4375, 126.125, 97.0, 154.5, 122.125, 44.65625, 120.0, 146.375, 72.625, 165.0, 121.0, 69.3125, 182.625, 22.0, 108.0625, 95.125, 141.75, 101.25, 177.5, 64.75, 106.0, 81.125, 162.5, 93.375, 188.25, 179.0, 28.640625, 166.75, 50.09375, 136.875, 136.375, 193.875, 173.625, 196.0, 68.0, 122.375, 157.0, 183.25, 26.25, 66.6875, 169.875, 137.5, 179.0, 58.6875, 115.8125, 47.3125, 76.0, 176.75, 61.625, 113.1875, 111.5, 67.4375, 14.3203125, 21.84375, 184.875, 142.75, 146.75, 52.34375, 162.5, 82.25, 115.5, 69.75, 117.8125, 217.0, 113.0, 181.625, 164.75, 86.8125, 50.25, 130.125, 129.875, 23.1875, 42.0, 79.125, 130.125, 123.8125, 142.625, 226.625, 146.0, 93.3125, 119.5625, 129.125, 43.0, 188.125, 103.4375, 149.25, 21.09375, 150.0, 109.5625, 158.125, 135.25, 39.21875, 37.0625, 148.25, 50.6875, 102.125, 130.375, 108.25, 132.375, 88.125, 216.25, 34.125, 39.21875, 213.75, 139.375, 117.625, 48.40625, 81.9375, 46.1875, 161.125, 146.25, 60.40625, 50.90625, 123.875, 121.75, 186.0, 32.125, 117.0, 178.25, 211.625, 143.625, 161.625, 63.0, 129.875, 162.75, 199.875, 89.625, 55.0, 148.875, 136.375, 224.5, 148.375, 176.625], [84.6875, 65.625, 30.0625, 47.4375, 159.75, 175.5, 0.0, 122.875, 156.25, 64.25, 57.625, 63.0, 15.0, 27.734375, 88.3125, 156.375, 22.796875, 163.375, 151.5, 187.75, 175.625, 170.125, 25.0, 136.625, 23.09375, 149.75, 159.25, 106.0, 140.125, 123.1875, 129.875, 80.5, 60.40625, 156.75, 55.96875, 29.40625, 103.25, 136.0, 119.25, 191.25, 110.6875, 160.0, 144.5, 128.625, 109.0625, 79.625, 8.6015625, 127.0, 105.25, 107.4375, 181.625, 109.4375, 16.03125, 179.625, 151.5, 22.46875, 128.375, 157.75, 72.0, 83.5, 176.25, 20.515625, 111.0625, 53.25, 19.234375, 76.5625, 149.25, 109.625, 182.375, 164.625, 86.0, 186.625, 77.6875, 218.0, 129.375, 85.6875, 185.0, 135.125, 67.125, 162.875, 164.0, 157.25, 51.09375, 36.25, 55.09375, 170.375, 171.5, 113.3125, 61.90625, 109.8125, 143.0, 66.5, 114.1875, 20.25, 55.0, 169.75, 141.875, 72.0, 49.25, 157.125, 208.375, 110.5625, 68.125, 53.0, 38.3125, 63.28125, 123.1875, 86.25, 90.1875, 63.5, 208.625, 92.9375, 95.5625, 71.0, 155.375, 70.3125, 82.6875, 104.375, 70.0625, 142.0, 148.875, 157.375, 207.125, 115.4375, 109.0, 100.125, 43.1875, 172.75, 68.125, 200.0, 164.0, 65.25, 37.59375, 68.6875, 189.25, 101.5625, 213.875, 129.0, 53.34375, 149.375, 124.625, 52.8125, 89.6875, 26.0, 198.375, 60.0, 122.5625, 51.09375, 50.0, 57.25, 141.5, 57.28125, 72.9375, 72.125, 116.1875, 140.125, 75.4375, 40.0, 52.9375, 39.21875, 6.40234375], [68.5, 142.125, 101.125, 101.8125, 45.34375, 61.6875, 122.875, 0.0, 82.3125, 78.625, 69.625, 178.75, 132.0, 150.375, 146.125, 33.625, 144.625, 145.625, 139.0, 92.1875, 79.375, 79.8125, 110.5625, 87.0, 143.375, 45.28125, 60.65625, 61.75, 102.75, 120.3125, 98.0, 92.875, 64.375, 34.0, 67.625, 95.75, 27.078125, 158.0, 64.5625, 112.375, 162.625, 41.15625, 115.75, 42.71875, 127.5, 65.0, 123.0625, 62.9375, 91.5625, 63.5, 174.5, 33.0625, 133.375, 185.875, 33.25, 119.5, 14.5625, 145.0, 74.875, 162.5, 180.5, 143.25, 14.0390625, 73.0, 106.1875, 151.5, 39.0, 36.6875, 180.25, 148.5, 151.0, 102.8125, 85.1875, 108.9375, 24.046875, 149.0, 103.875, 115.125, 55.8125, 94.4375, 56.15625, 53.09375, 144.75, 87.4375, 86.3125, 88.5625, 170.375, 70.8125, 71.0625, 14.3203125, 123.0, 175.25, 103.8125, 125.1875, 127.75, 112.875, 62.78125, 99.0, 84.75, 39.0, 102.5625, 17.46875, 97.0, 77.1875, 96.8125, 180.75, 89.5, 36.625, 97.0625, 93.25, 103.4375, 161.0, 82.25, 87.6875, 48.0, 119.0, 80.625, 139.875, 73.8125, 49.78125, 27.203125, 153.625, 108.125, 93.9375, 71.4375, 90.75, 81.4375, 115.4375, 175.25, 94.1875, 74.4375, 172.375, 90.875, 58.25, 97.75, 21.9375, 107.25, 152.125, 108.3125, 31.0, 29.203125, 70.1875, 60.21875, 138.625, 92.25, 62.96875, 163.5, 166.125, 103.9375, 100.625, 75.0, 70.9375, 132.0, 163.75, 81.625, 18.4375, 120.0625, 82.9375, 174.875, 90.5625, 122.625], [71.5625, 137.5, 148.75, 159.0, 56.9375, 57.71875, 156.25, 82.3125, 0.0, 92.125, 101.625, 191.375, 170.125, 178.25, 127.125, 87.3125, 171.5, 76.625, 75.4375, 37.21875, 30.59375, 21.59375, 133.75, 26.828125, 168.625, 43.28125, 31.78125, 50.34375, 39.3125, 72.8125, 43.65625, 163.75, 118.25, 88.75, 108.0625, 127.5625, 71.875, 110.0, 146.125, 35.6875, 132.75, 66.5625, 51.0, 124.9375, 91.375, 76.875, 160.875, 29.828125, 61.0625, 48.84375, 105.0, 113.3125, 171.375, 121.25, 65.3125, 141.125, 68.125, 79.25, 142.25, 150.875, 115.9375, 175.25, 77.8125, 106.0625, 137.125, 141.375, 51.75, 57.21875, 112.25, 79.8125, 134.5, 30.40625, 81.8125, 74.25, 105.5, 132.25, 28.796875, 57.5625, 106.25, 12.203125, 45.3125, 40.3125, 150.0, 131.5, 146.25, 14.8671875, 104.8125, 43.5625, 95.1875, 79.6875, 61.0, 181.75, 63.0625, 168.25, 128.75, 31.828125, 19.921875, 93.625, 107.0, 64.625, 62.625, 96.1875, 95.4375, 104.0625, 118.5, 195.125, 170.5, 94.3125, 77.8125, 97.0625, 62.1875, 142.5, 64.6875, 155.125, 45.5, 110.375, 75.6875, 108.75, 140.125, 33.0, 74.25, 90.8125, 55.4375, 53.53125, 151.125, 65.125, 116.0625, 33.96875, 180.375, 56.65625, 19.03125, 178.25, 118.875, 118.0, 35.375, 91.9375, 68.0, 107.0625, 113.4375, 100.4375, 53.84375, 113.0, 134.5, 158.875, 55.96875, 108.0625, 125.9375, 180.5, 112.875, 162.25, 14.765625, 127.25, 121.5, 160.375, 44.5625, 88.875, 107.8125, 123.0, 197.75, 141.0, 159.375], [20.59375, 63.5, 62.40625, 78.1875, 104.125, 118.25, 64.25, 78.625, 92.125, 0.0, 19.84375, 105.4375, 78.4375, 86.5625, 69.875, 110.375, 79.875, 108.4375, 97.5, 124.875, 113.25, 107.0625, 41.875, 72.75, 77.1875, 91.375, 98.3125, 42.1875, 78.0, 69.75, 68.0, 97.0625, 47.4375, 111.0625, 29.828125, 36.5, 52.40625, 96.875, 109.1875, 127.0, 89.3125, 106.875, 84.6875, 104.3125, 64.375, 17.03125, 69.375, 63.28125, 44.5625, 43.40625, 131.875, 83.25, 79.6875, 135.625, 98.875, 49.8125, 77.8125, 104.1875, 76.6875, 84.0625, 131.125, 83.1875, 64.625, 21.953125, 45.21875, 73.0, 92.9375, 51.96875, 134.875, 110.375, 73.6875, 122.5625, 17.46875, 157.125, 95.25, 71.875, 120.8125, 76.875, 40.21875, 98.6875, 105.25, 97.9375, 67.625, 46.09375, 70.6875, 106.5, 123.6875, 49.03125, 11.3984375, 64.375, 85.625, 99.3125, 56.3125, 77.9375, 49.25, 106.375, 78.8125, 24.1875, 15.296875, 103.75, 146.75, 74.3125, 20.609375, 15.8125, 26.421875, 108.4375, 125.4375, 49.25, 34.46875, 15.296875, 146.875, 83.75, 33.0, 86.0, 97.1875, 41.78125, 20.09375, 70.1875, 73.875, 81.375, 99.3125, 107.375, 144.25, 54.21875, 105.4375, 39.8125, 28.640625, 109.3125, 98.8125, 138.75, 101.0, 96.125, 27.453125, 53.90625, 125.6875, 63.28125, 152.375, 89.8125, 29.828125, 109.4375, 68.5, 33.84375, 82.1875, 68.625, 137.25, 34.65625, 94.125, 93.4375, 26.0, 84.875, 77.375, 54.40625, 54.34375, 85.375, 52.625, 97.0, 43.96875, 37.09375, 107.625, 58.25, 67.75], [33.125, 76.3125, 47.375, 60.65625, 102.625, 118.0625, 57.625, 69.625, 101.625, 19.84375, 0.0, 109.1875, 70.0, 83.5, 86.75, 102.9375, 77.25, 127.0, 116.375, 131.0, 118.625, 113.625, 41.1875, 86.0625, 75.4375, 92.1875, 101.8125, 51.78125, 93.75, 89.0625, 84.1875, 77.375, 27.59375, 103.5, 10.0, 28.3125, 46.625, 116.6875, 90.875, 137.25, 107.3125, 103.625, 101.875, 88.6875, 84.25, 26.0, 60.53125, 71.8125, 62.3125, 53.59375, 151.25, 67.5, 71.375, 155.375, 95.1875, 50.125, 72.375, 123.0625, 56.84375, 97.75, 150.875, 78.0, 56.375, 4.47265625, 38.90625, 87.0, 91.9375, 52.0, 154.375, 129.125, 89.5625, 131.5, 36.90625, 160.375, 82.375, 87.9375, 130.375, 94.875, 21.546875, 109.8125, 106.375, 99.625, 75.9375, 30.15625, 51.625, 115.125, 143.25, 61.125, 8.9453125, 55.53125, 103.75, 105.625, 74.875, 66.875, 61.125, 120.0625, 85.625, 43.40625, 16.0, 100.625, 150.875, 61.53125, 39.40625, 8.0, 27.203125, 111.375, 106.0, 35.21875, 54.09375, 33.28125, 151.125, 99.4375, 50.0, 66.375, 97.75, 58.6875, 38.09375, 89.375, 54.03125, 84.625, 93.625, 126.75, 150.25, 71.3125, 86.3125, 57.9375, 14.765625, 123.0625, 105.75, 142.5, 107.375, 102.875, 21.640625, 34.40625, 133.0, 50.8125, 156.375, 109.625, 42.75, 99.1875, 67.1875, 14.3203125, 62.96875, 69.4375, 140.875, 15.0, 113.1875, 96.625, 37.34375, 66.5, 87.3125, 34.65625, 70.1875, 96.125, 67.1875, 87.9375, 61.71875, 21.375, 107.0, 41.125, 59.375], [124.3125, 57.78125, 93.0, 108.875, 209.375, 223.625, 63.0, 178.75, 191.375, 105.4375, 109.1875, 0.0, 64.5625, 39.5625, 79.0625, 212.125, 41.3125, 172.0, 160.375, 227.0, 216.375, 209.25, 68.125, 166.875, 40.0, 196.875, 203.0, 145.125, 164.0, 136.0, 154.5, 142.25, 120.8125, 212.625, 111.6875, 83.8125, 155.25, 130.125, 182.25, 223.0, 94.0625, 211.625, 163.25, 190.25, 115.875, 122.4375, 68.25, 165.5, 131.375, 145.75, 181.0, 170.25, 63.78125, 172.125, 203.375, 59.25, 181.125, 165.125, 135.0, 58.03125, 170.5, 49.71875, 165.5, 105.6875, 74.1875, 60.40625, 198.25, 157.25, 179.0, 172.125, 72.1875, 221.0, 110.3125, 261.25, 188.875, 73.5625, 218.5, 152.5, 124.9375, 194.625, 210.625, 203.25, 41.625, 97.3125, 118.0, 206.25, 169.75, 148.5, 109.25, 164.75, 158.0, 15.1328125, 134.625, 75.6875, 62.8125, 195.375, 181.75, 97.75, 94.875, 208.5, 250.375, 168.875, 96.1875, 101.9375, 82.3125, 5.0, 185.75, 143.0, 114.1875, 95.5625, 250.375, 72.0625, 126.75, 133.5, 202.625, 82.375, 116.6875, 102.625, 133.0, 186.375, 202.625, 160.125, 246.125, 140.625, 172.0, 126.8125, 97.75, 197.875, 18.25, 242.75, 203.625, 18.0, 87.875, 129.625, 226.5, 158.875, 256.0, 124.75, 78.5, 207.5, 173.625, 110.0625, 152.5, 40.53125, 241.375, 117.0, 109.125, 12.6484375, 80.25, 118.375, 177.0, 119.1875, 74.25, 41.125, 147.0, 196.875, 86.0625, 98.25, 23.59375, 102.125, 67.125], [98.6875, 78.0625, 32.6875, 45.0, 170.875, 186.75, 15.0, 132.0, 170.125, 78.4375, 70.0, 64.5625, 0.0, 25.171875, 101.5, 165.25, 23.765625, 178.375, 166.375, 200.875, 188.5, 183.375, 40.0, 151.125, 26.421875, 161.625, 171.75, 119.75, 154.875, 138.125, 144.625, 78.1875, 68.0, 165.375, 66.8125, 42.53125, 114.1875, 150.25, 121.1875, 205.25, 123.5625, 170.375, 159.5, 133.375, 123.8125, 93.25, 9.4375, 140.625, 120.0625, 121.25, 196.375, 115.375, 1.4140625, 194.0, 162.0, 36.875, 138.625, 172.625, 73.75, 94.375, 190.625, 15.03125, 120.9375, 65.5, 33.25, 88.5, 160.5, 121.75, 197.0, 179.5, 98.625, 200.375, 92.375, 230.25, 136.25, 98.5, 198.875, 150.125, 76.4375, 177.125, 175.75, 169.25, 61.84375, 44.59375, 56.28125, 184.125, 186.125, 127.4375, 75.125, 119.5625, 158.0, 71.1875, 129.25, 11.1796875, 68.6875, 184.375, 155.125, 87.0, 63.25, 167.625, 220.75, 118.4375, 83.125, 66.1875, 52.9375, 63.625, 122.0, 95.5625, 105.1875, 78.4375, 221.125, 104.875, 110.1875, 70.0625, 167.0, 84.9375, 97.3125, 118.625, 72.25, 154.5, 158.5, 172.125, 220.25, 130.25, 109.875, 115.0, 55.21875, 187.375, 73.375, 212.5, 177.125, 70.6875, 51.25, 75.5, 202.625, 110.25, 226.375, 143.25, 68.25, 157.0, 136.25, 63.03125, 92.75, 34.65625, 210.75, 70.0625, 136.0, 54.09375, 65.0, 54.15625, 155.5, 63.125, 86.75, 81.375, 130.75, 148.625, 90.0, 50.4375, 49.25, 43.375, 10.7734375], [107.0625, 65.75, 55.90625, 70.0625, 186.125, 201.5, 27.734375, 150.375, 178.25, 86.5625, 83.5, 39.5625, 25.171875, 0.0, 90.25, 183.875, 6.70703125, 175.5, 163.5, 211.375, 199.625, 193.625, 44.65625, 156.625, 10.1953125, 175.375, 184.0, 128.75, 157.75, 136.25, 147.625, 103.3125, 88.125, 184.25, 83.0, 55.3125, 129.875, 141.625, 145.375, 212.375, 110.6875, 186.75, 160.375, 156.0, 119.0625, 103.0, 30.40625, 149.75, 123.0625, 129.875, 190.375, 137.0, 24.328125, 185.5, 178.375, 37.125, 155.25, 169.25, 97.875, 77.8125, 182.75, 10.1953125, 138.25, 79.3125, 44.6875, 74.3125, 175.375, 135.125, 190.0, 176.375, 85.75, 208.625, 97.0625, 242.875, 157.125, 86.125, 206.75, 150.25, 94.6875, 183.75, 189.625, 182.625, 47.125, 63.96875, 80.5, 192.75, 179.5, 134.75, 86.4375, 137.0, 157.375, 47.71875, 130.0, 36.34375, 61.0, 188.5, 165.375, 88.25, 72.625, 183.875, 232.875, 138.25, 85.125, 77.8125, 60.21875, 38.46875, 147.125, 113.75, 106.625, 81.9375, 233.0, 90.0625, 115.0625, 95.0, 181.0, 80.3125, 102.875, 110.5625, 96.1875, 166.875, 176.0, 167.0, 230.75, 133.125, 134.5, 118.0, 69.6875, 191.375, 50.21875, 224.75, 187.5, 47.8125, 62.25, 96.375, 212.25, 129.125, 238.5, 135.125, 67.75, 177.125, 150.625, 80.125, 116.3125, 22.015625, 223.125, 87.375, 124.4375, 30.015625, 66.5, 79.3125, 163.5, 84.75, 78.25, 62.6875, 136.0, 167.75, 85.1875, 67.4375, 25.296875, 66.0, 29.828125], [78.0, 24.515625, 108.1875, 128.0, 161.5, 172.375, 88.3125, 146.125, 127.125, 69.875, 86.75, 79.0625, 101.5, 90.25, 0.0, 175.375, 85.1875, 93.4375, 81.9375, 164.25, 156.125, 147.75, 68.0, 100.375, 81.0625, 146.25, 147.25, 92.1875, 92.75, 60.4375, 84.8125, 156.0, 112.25, 176.25, 95.3125, 80.9375, 119.0625, 52.0, 177.5, 153.75, 22.671875, 166.875, 88.75, 174.125, 39.21875, 81.125, 96.875, 107.9375, 67.125, 91.6875, 102.375, 153.0, 102.0, 95.5, 160.0, 66.3125, 142.25, 86.375, 139.0, 24.84375, 93.125, 94.875, 132.125, 86.375, 80.0, 18.6875, 150.625, 113.4375, 101.0, 93.3125, 7.80859375, 154.0, 61.0, 201.0, 164.625, 5.83203125, 150.875, 78.0, 108.25, 127.0, 158.125, 150.5, 43.40625, 99.0, 127.4375, 141.5, 91.1875, 90.125, 80.375, 132.25, 81.8125, 65.125, 64.375, 108.5625, 33.59375, 123.0625, 123.6875, 47.15625, 72.0, 163.75, 189.5, 143.875, 49.65625, 79.3125, 67.4375, 83.9375, 191.125, 119.125, 52.875, 54.5625, 189.125, 15.8125, 69.125, 144.75, 151.875, 28.15625, 66.125, 23.765625, 136.25, 133.125, 162.75, 81.0, 182.25, 73.5625, 172.125, 64.25, 86.0625, 125.25, 62.625, 183.0, 143.125, 61.6875, 76.25, 120.3125, 162.0, 132.875, 195.0, 46.09375, 45.28125, 177.125, 129.125, 97.5, 148.875, 69.25, 182.0, 101.25, 34.53125, 73.25, 51.09375, 137.25, 114.5, 116.625, 17.203125, 39.0, 84.125, 164.0, 26.171875, 92.9375, 96.0625, 110.625, 94.6875], [97.4375, 173.625, 133.875, 132.75, 32.4375, 43.40625, 156.375, 33.625, 87.3125, 110.375, 102.9375, 212.125, 165.25, 183.875, 175.375, 0.0, 178.25, 160.125, 155.75, 82.75, 72.1875, 76.375, 144.0, 101.0625, 177.0, 44.03125, 57.375, 85.5, 117.625, 141.625, 115.5, 118.9375, 97.3125, 1.4140625, 101.1875, 129.375, 57.96875, 180.75, 79.75, 109.0, 190.125, 22.828125, 131.0, 53.34375, 152.375, 95.375, 156.375, 78.75, 115.25, 86.6875, 189.25, 56.8125, 166.625, 203.125, 22.015625, 153.0, 33.125, 161.0, 103.75, 193.375, 197.75, 176.75, 46.625, 106.4375, 139.75, 182.375, 35.59375, 62.0, 195.875, 163.25, 180.75, 98.5, 114.5, 88.0, 36.0625, 178.75, 100.6875, 133.0, 89.3125, 99.1875, 46.3125, 48.15625, 177.375, 120.8125, 117.125, 87.9375, 187.0, 92.0, 103.75, 47.4375, 139.75, 208.25, 125.9375, 158.0, 159.625, 119.125, 71.375, 128.875, 117.75, 23.59375, 84.6875, 47.375, 127.4375, 110.3125, 130.0, 214.25, 104.3125, 70.1875, 124.0625, 124.3125, 85.8125, 190.625, 108.1875, 115.75, 42.4375, 149.25, 109.25, 166.375, 103.25, 56.09375, 13.9296875, 171.125, 94.125, 115.1875, 90.5, 115.625, 115.0, 121.0625, 208.125, 77.25, 73.0, 205.25, 124.3125, 90.5625, 89.875, 55.0, 88.25, 175.5, 140.125, 17.125, 47.375, 103.75, 86.375, 172.125, 75.3125, 96.5625, 189.125, 199.5, 136.125, 130.375, 85.5625, 103.25, 162.375, 195.75, 102.125, 17.03125, 149.625, 116.5, 208.5, 123.1875, 156.0], [100.375, 60.71875, 52.15625, 67.625, 179.875, 195.25, 22.796875, 144.625, 171.5, 79.875, 77.25, 41.3125, 23.765625, 6.70703125, 85.1875, 178.25, 0.0, 169.375, 157.375, 204.75, 193.0, 187.0, 38.0, 150.0, 4.125, 169.0, 177.5, 122.0625, 151.125, 129.875, 141.0, 101.0, 83.0, 178.5, 77.125, 49.21875, 123.6875, 136.125, 141.75, 205.75, 106.0625, 180.75, 153.75, 151.375, 113.0, 96.375, 27.015625, 143.125, 116.375, 123.1875, 184.5, 132.25, 23.265625, 180.0, 172.25, 30.40625, 149.25, 163.125, 94.25, 74.125, 177.25, 10.6328125, 132.25, 73.125, 38.59375, 69.875, 169.125, 128.75, 184.375, 170.25, 81.0, 201.875, 90.375, 236.375, 151.875, 81.25, 200.0, 143.75, 89.0625, 177.125, 183.125, 176.125, 42.53125, 58.875, 77.0625, 186.125, 173.875, 128.0, 80.0, 131.125, 150.875, 47.4375, 123.4375, 34.78125, 55.09375, 181.875, 158.625, 81.625, 66.0625, 177.75, 226.25, 132.875, 78.4375, 71.4375, 53.59375, 41.0, 144.375, 108.0625, 100.0, 75.25, 226.5, 85.875, 108.3125, 92.1875, 174.625, 74.125, 96.125, 104.9375, 92.4375, 160.25, 170.125, 161.125, 224.125, 126.5, 131.125, 111.3125, 63.59375, 184.75, 49.65625, 218.125, 180.875, 47.0, 55.875, 91.4375, 205.5, 123.5625, 231.875, 129.5, 61.125, 171.75, 144.25, 74.4375, 112.3125, 16.125, 216.625, 81.625, 119.5625, 30.359375, 59.8125, 77.125, 156.75, 80.0625, 72.5625, 59.65625, 129.375, 162.125, 79.0625, 61.78125, 30.40625, 61.8125, 26.015625], [95.6875, 114.75, 170.0, 186.625, 132.375, 134.375, 163.375, 145.625, 76.625, 108.4375, 127.0, 172.0, 178.375, 175.5, 93.4375, 160.125, 169.375, 0.0, 12.0390625, 106.0, 104.9375, 96.1875, 138.5, 59.375, 165.375, 117.25, 108.1875, 87.3125, 43.0, 40.1875, 48.09375, 203.5, 153.0, 161.5, 136.75, 141.75, 124.5, 49.5, 202.25, 82.375, 85.4375, 141.5, 29.828125, 186.75, 56.875, 103.3125, 170.75, 83.0, 64.875, 85.125, 29.15625, 169.875, 179.25, 44.71875, 138.625, 142.0, 133.75, 7.2109375, 182.0, 117.1875, 39.46875, 177.0, 135.75, 130.0, 147.375, 112.0, 125.25, 110.3125, 35.84375, 3.162109375, 100.875, 88.25, 91.0625, 141.5, 169.5, 99.1875, 84.3125, 32.75, 142.75, 67.75, 121.75, 116.125, 133.0, 154.375, 178.625, 84.5, 28.28125, 76.5, 118.125, 137.125, 23.859375, 158.5, 52.1875, 181.375, 114.875, 51.03125, 89.0, 91.9375, 122.0, 139.25, 130.25, 154.125, 96.1875, 124.25, 127.75, 176.875, 223.75, 140.375, 74.9375, 101.8125, 129.375, 104.25, 77.375, 192.875, 120.6875, 95.25, 88.9375, 69.625, 179.375, 104.1875, 146.375, 17.890625, 117.9375, 56.9375, 203.25, 69.0625, 137.0, 51.25, 156.0, 127.0, 95.3125, 155.0, 133.25, 157.125, 100.0625, 145.875, 134.5, 51.40625, 110.125, 170.625, 117.1875, 141.375, 182.0, 153.5, 127.0, 140.0, 72.375, 164.875, 113.4375, 193.25, 74.6875, 161.125, 99.0625, 132.375, 66.0625, 157.5, 90.375, 145.5, 186.875, 166.625, 168.625], [85.75, 102.875, 158.625, 175.5, 129.375, 132.875, 151.5, 139.0, 75.4375, 97.5, 116.375, 160.375, 166.375, 163.5, 81.9375, 155.75, 157.375, 12.0390625, 0.0, 107.5625, 105.0, 96.0625, 126.5625, 54.78125, 153.375, 113.8125, 106.125, 79.1875, 38.28125, 28.4375, 41.0625, 193.25, 142.75, 157.125, 126.125, 130.25, 116.75, 41.0625, 193.875, 86.3125, 75.3125, 138.25, 25.0, 179.375, 44.90625, 93.3125, 158.875, 77.4375, 54.71875, 77.125, 36.125, 161.875, 167.375, 47.4375, 134.625, 130.0, 127.9375, 6.70703125, 171.875, 106.0, 42.0625, 165.0, 128.5, 119.25, 135.625, 100.4375, 121.5, 103.0625, 41.21875, 13.15625, 89.5, 91.0, 80.0625, 144.0, 162.75, 87.75, 87.125, 24.078125, 132.75, 68.0, 119.625, 113.5, 121.0625, 143.25, 168.0, 85.0625, 31.390625, 68.75, 107.4375, 129.875, 16.125, 146.875, 41.59375, 169.625, 102.8125, 53.84375, 85.375, 80.25, 110.75, 135.625, 132.5, 146.625, 84.5, 113.3125, 116.125, 165.125, 214.875, 131.5, 63.59375, 90.25, 131.625, 93.3125, 67.25, 182.5, 117.75, 83.1875, 78.3125, 58.1875, 169.25, 100.3125, 141.875, 15.5234375, 121.0625, 47.625, 194.25, 58.59375, 125.875, 54.71875, 144.5, 128.5, 94.4375, 143.375, 121.75, 147.125, 102.25, 137.875, 137.125, 41.71875, 98.1875, 165.25, 111.3125, 130.625, 172.625, 141.5, 128.375, 129.75, 62.96875, 153.0, 101.625, 182.375, 71.1875, 150.75, 87.125, 120.9375, 58.0625, 152.0, 78.3125, 134.375, 175.0, 155.625, 156.875], [104.375, 174.125, 176.375, 183.875, 50.90625, 40.8125, 187.75, 92.1875, 37.21875, 124.875, 131.0, 227.0, 200.875, 211.375, 164.25, 82.75, 204.75, 106.0, 107.5625, 0.0, 13.15625, 17.796875, 166.75, 64.0, 202.0, 47.0, 32.125, 82.8125, 74.9375, 109.1875, 80.5, 182.75, 142.75, 84.125, 135.75, 158.5, 92.4375, 145.0, 155.875, 29.6875, 169.625, 60.0, 84.9375, 131.25, 128.375, 108.4375, 191.5, 61.84375, 98.0, 81.8125, 132.0, 125.25, 202.25, 150.25, 63.59375, 174.625, 78.0, 110.125, 162.625, 188.0, 145.125, 207.5, 93.3125, 135.5, 168.625, 178.5, 53.46875, 80.625, 139.75, 109.0, 171.75, 19.703125, 116.75, 37.34375, 111.375, 169.5, 23.40625, 93.0, 131.0, 40.03125, 37.375, 39.125, 186.0, 159.5, 169.75, 23.40625, 134.125, 78.5, 125.875, 95.3125, 94.9375, 218.0, 100.25, 197.75, 164.875, 55.09375, 46.03125, 129.375, 139.0, 59.8125, 25.625, 109.0, 130.875, 134.875, 151.125, 230.625, 181.0, 115.5, 114.5, 131.75, 25.078125, 179.75, 100.4375, 175.75, 44.40625, 147.0, 110.4375, 145.75, 161.0, 47.8125, 73.375, 122.1875, 19.421875, 90.75, 163.625, 101.8125, 145.75, 55.3125, 216.625, 21.03125, 23.859375, 214.5, 150.25, 140.5, 7.80859375, 108.375, 30.875, 142.75, 148.625, 99.1875, 70.0625, 140.375, 151.125, 193.0, 21.03125, 134.5, 162.25, 215.875, 147.5, 185.625, 50.4375, 151.375, 158.375, 197.25, 81.1875, 91.1875, 144.625, 151.75, 232.125, 167.625, 190.125], [92.9375, 164.625, 163.625, 170.875, 39.8125, 32.8125, 175.625, 79.375, 30.59375, 113.25, 118.625, 216.375, 188.5, 199.625, 156.125, 72.1875, 193.0, 104.9375, 105.0, 13.15625, 0.0, 9.0546875, 155.0, 56.90625, 190.375, 34.125, 19.03125, 71.5, 69.875, 103.3125, 74.0625, 169.625, 129.75, 73.5625, 123.0625, 146.25, 79.3125, 140.625, 143.375, 37.0, 162.875, 49.40625, 81.125, 119.125, 121.5, 96.625, 179.125, 50.9375, 89.1875, 70.75, 132.25, 112.4375, 189.875, 149.625, 52.0, 163.0, 65.125, 108.3125, 149.5, 179.375, 144.375, 195.5, 80.25, 123.0625, 156.5, 169.5, 41.0, 67.75, 139.875, 108.0625, 163.375, 26.40625, 106.125, 45.21875, 99.1875, 161.125, 29.0, 88.125, 117.9375, 37.21875, 25.9375, 26.46875, 175.75, 146.875, 156.625, 20.609375, 133.25, 68.25, 113.75, 82.25, 91.1875, 207.875, 92.875, 185.125, 154.625, 55.375, 34.65625, 119.1875, 127.0625, 48.75, 34.0625, 96.0625, 120.3125, 122.625, 139.375, 219.875, 168.5, 102.375, 105.125, 120.9375, 33.96875, 171.75, 90.4375, 162.625, 32.0, 137.375, 99.75, 138.75, 147.75, 34.78125, 61.84375, 120.125, 31.78125, 82.75, 150.875, 92.625, 133.375, 56.3125, 206.625, 26.921875, 13.0390625, 204.375, 138.125, 127.375, 18.4375, 95.25, 39.6875, 137.625, 137.875, 88.125, 56.875, 127.625, 138.0, 181.625, 25.9375, 121.625, 156.5, 205.125, 136.5, 172.5, 41.59375, 138.375, 149.25, 187.875, 72.1875, 79.375, 135.375, 139.125, 220.75, 154.75, 177.875], [86.625, 156.875, 159.375, 167.625, 44.03125, 39.8125, 170.125, 79.8125, 21.59375, 107.0625, 113.625, 209.25, 183.375, 193.625, 147.75, 76.375, 187.0, 96.1875, 96.0625, 17.796875, 9.0546875, 0.0, 149.0, 48.09375, 184.25, 35.125, 19.703125, 65.0, 60.8125, 94.375, 65.125, 168.125, 126.375, 77.8125, 118.6875, 141.0, 76.625, 131.5, 144.25, 33.09375, 154.125, 53.90625, 72.125, 120.8125, 112.75, 90.75, 174.0, 44.03125, 81.0, 64.0, 123.6875, 112.625, 184.75, 140.875, 55.21875, 156.875, 65.3125, 99.4375, 147.5, 171.25, 135.625, 189.875, 79.0625, 118.125, 151.0, 161.375, 42.96875, 64.0, 131.25, 99.3125, 155.0, 23.09375, 99.0625, 53.34375, 100.875, 152.875, 24.59375, 79.0625, 114.5, 28.4375, 30.40625, 28.65625, 168.375, 142.5, 153.75, 12.53125, 124.4375, 60.8125, 108.3125, 81.0625, 82.125, 200.375, 84.1875, 180.375, 147.25, 47.15625, 28.296875, 111.8125, 121.25, 52.8125, 41.875, 95.875, 113.125, 117.25, 133.375, 212.875, 169.375, 99.875, 97.1875, 114.0, 41.625, 163.25, 82.875, 160.625, 34.46875, 129.625, 92.6875, 130.0, 145.625, 32.0625, 65.0, 111.25, 37.1875, 74.25, 151.125, 84.625, 128.375, 48.34375, 199.125, 35.34375, 6.32421875, 196.875, 132.625, 124.625, 19.640625, 94.0, 47.4375, 128.625, 130.875, 91.5625, 55.0, 123.375, 137.125, 175.25, 34.53125, 117.625, 147.5, 198.125, 129.75, 169.625, 33.28125, 135.125, 141.25, 180.0, 64.0625, 81.875, 127.4375, 134.5, 214.25, 150.875, 172.625], [62.4375, 48.25, 40.375, 60.21875, 143.0, 158.0, 25.0, 110.5625, 133.75, 41.875, 41.1875, 68.125, 40.0, 44.65625, 68.0, 144.0, 38.0, 138.5, 126.5625, 166.75, 155.0, 149.0, 0.0, 112.9375, 35.46875, 131.625, 139.625, 84.0625, 115.5, 98.25, 105.3125, 90.0625, 55.0, 144.5, 43.6875, 17.03125, 87.6875, 112.8125, 120.1875, 168.25, 90.6875, 144.5, 119.625, 124.3125, 84.625, 58.40625, 32.375, 105.125, 80.625, 85.25, 157.125, 103.6875, 41.0, 156.0, 136.125, 8.9453125, 113.5625, 132.875, 75.875, 68.875, 152.375, 41.78125, 97.5, 37.5625, 12.0390625, 59.90625, 132.125, 91.375, 158.25, 139.75, 67.25, 164.125, 53.4375, 198.5, 121.25, 66.5, 162.375, 110.1875, 57.28125, 139.75, 145.75, 138.625, 39.8125, 34.46875, 61.71875, 148.25, 147.25, 90.3125, 42.53125, 96.625, 118.0, 65.9375, 89.25, 43.40625, 34.65625, 145.625, 120.6875, 47.03125, 28.28125, 141.5, 188.375, 100.9375, 43.1875, 34.40625, 15.6171875, 70.1875, 129.0, 74.9375, 65.25, 38.84375, 188.5, 75.625, 71.5, 79.1875, 137.25, 46.625, 58.875, 81.375, 73.375, 122.5, 134.875, 132.75, 186.125, 90.8125, 112.0625, 75.5, 29.828125, 148.5, 66.5, 180.25, 142.875, 63.5, 19.703125, 64.0, 167.625, 90.75, 194.0, 105.6875, 28.640625, 139.5, 107.3125, 42.59375, 90.125, 28.296875, 178.75, 49.25, 101.25, 55.53125, 25.015625, 69.6875, 119.0, 55.71875, 51.40625, 61.84375, 92.375, 128.75, 51.625, 32.0, 66.5, 44.28125, 30.265625], [53.34375, 111.75, 133.25, 146.125, 74.9375, 80.0, 136.625, 87.0, 26.828125, 72.75, 86.0625, 166.875, 151.125, 156.625, 100.375, 101.0625, 150.0, 59.375, 54.78125, 64.0, 56.90625, 48.09375, 112.9375, 0.0, 146.75, 59.1875, 53.0, 35.5, 16.546875, 46.6875, 17.265625, 156.0, 107.1875, 102.4375, 94.0625, 109.25, 68.625, 85.0625, 146.75, 56.3125, 106.0625, 83.5, 29.96875, 129.0, 64.625, 60.0625, 142.125, 24.046875, 35.46875, 33.375, 88.5, 113.75, 152.375, 102.1875, 79.875, 119.625, 74.625, 59.9375, 134.125, 124.375, 96.75, 154.75, 78.4375, 90.125, 117.875, 115.125, 66.75, 53.53125, 94.875, 62.4375, 107.875, 54.4375, 59.625, 101.0625, 111.0, 105.6875, 51.75, 33.25, 95.5, 27.796875, 66.1875, 59.53125, 125.25, 116.125, 135.0, 41.0625, 85.9375, 25.015625, 78.3125, 80.0, 38.90625, 156.5, 36.25, 150.625, 104.0, 34.0, 30.8125, 69.625, 88.0625, 80.9375, 89.4375, 97.1875, 72.0625, 86.6875, 98.375, 170.75, 169.625, 88.0, 52.625, 74.75, 89.0, 115.75, 41.625, 146.375, 63.34375, 84.9375, 54.09375, 81.9375, 131.75, 45.53125, 87.1875, 70.25, 81.8125, 27.015625, 149.375, 40.0, 99.5, 37.0, 155.0, 83.375, 44.375, 153.0, 100.25, 108.9375, 61.625, 90.1875, 94.8125, 81.5, 90.0625, 111.25, 58.125, 99.0625, 130.0, 136.375, 82.625, 95.4375, 99.6875, 156.5, 90.3125, 150.75, 17.03125, 116.125, 95.5, 134.5, 20.609375, 98.25, 82.0, 107.25, 174.75, 127.0, 140.375], [97.625, 56.625, 53.0, 69.25, 178.0, 193.25, 23.09375, 143.375, 168.625, 77.1875, 75.4375, 40.0, 26.421875, 10.1953125, 81.0625, 177.0, 4.125, 165.375, 153.375, 202.0, 190.375, 184.25, 35.46875, 146.75, 0.0, 166.875, 175.125, 119.25, 147.625, 126.0, 137.625, 102.5625, 82.5625, 177.375, 75.8125, 47.71875, 122.0, 132.0, 142.375, 202.625, 101.9375, 179.0, 150.125, 151.375, 109.0, 93.875, 28.4375, 140.375, 112.9375, 120.375, 180.5, 131.875, 26.078125, 175.875, 170.625, 27.453125, 147.625, 159.25, 95.0625, 70.1875, 173.125, 14.421875, 130.875, 71.375, 37.21875, 65.8125, 167.125, 126.5625, 180.25, 166.25, 76.875, 199.0, 87.1875, 234.0, 151.375, 77.1875, 197.0, 140.0, 88.125, 174.0, 181.0, 174.0, 38.46875, 58.53125, 78.0, 183.125, 169.75, 125.0625, 77.8125, 129.875, 147.125, 44.9375, 119.8125, 37.15625, 51.03125, 178.5, 156.0, 78.125, 63.6875, 176.0, 223.875, 132.0, 75.0, 69.375, 51.09375, 40.1875, 145.75, 106.9375, 96.4375, 72.0, 224.0, 81.8125, 105.125, 93.5625, 172.5, 70.1875, 93.0625, 100.8125, 93.125, 158.0, 168.625, 157.0, 221.5, 123.0625, 132.0, 107.9375, 62.125, 181.25, 47.0, 215.75, 178.25, 44.28125, 53.90625, 91.0625, 202.75, 122.5625, 229.5, 125.4375, 57.5625, 170.875, 142.375, 73.375, 112.75, 12.0390625, 214.25, 80.5, 115.4375, 28.4375, 56.46875, 78.875, 153.875, 80.0625, 68.5, 55.96875, 126.125, 161.0, 75.125, 60.84375, 31.625, 62.28125, 27.171875], [73.0625, 149.875, 134.375, 139.625, 16.03125, 26.921875, 149.75, 45.28125, 43.28125, 91.375, 92.1875, 196.875, 161.625, 175.375, 146.25, 44.03125, 169.0, 117.25, 113.8125, 47.0, 34.125, 35.125, 131.625, 59.1875, 166.875, 0.0, 15.5234375, 54.4375, 75.5625, 103.3125, 75.125, 136.25, 98.875, 45.46875, 94.875, 120.5, 48.3125, 142.625, 109.4375, 68.125, 157.5, 24.359375, 88.875, 85.6875, 117.25, 74.375, 152.25, 40.0, 80.75, 54.71875, 146.25, 78.3125, 163.0, 161.0, 22.015625, 140.125, 31.015625, 118.6875, 116.5, 167.375, 155.625, 170.125, 46.875, 96.5625, 131.0, 156.75, 8.484375, 40.3125, 153.125, 120.4375, 152.75, 58.1875, 89.0, 68.9375, 65.8125, 150.625, 59.625, 92.1875, 87.6875, 55.1875, 14.2109375, 8.25, 158.0, 118.1875, 124.9375, 45.28125, 144.625, 56.71875, 89.125, 48.84375, 98.0625, 190.0, 89.0, 157.0, 137.875, 75.0625, 28.453125, 103.375, 103.3125, 21.9375, 60.53125, 62.0, 103.3125, 97.5625, 116.125, 199.75, 134.5, 70.5625, 93.4375, 102.1875, 61.09375, 162.125, 77.1875, 129.625, 5.83203125, 123.3125, 82.75, 133.125, 115.0, 14.0390625, 31.140625, 129.375, 63.78125, 78.0, 116.75, 82.5625, 106.6875, 77.125, 189.375, 52.0, 30.40625, 186.75, 113.1875, 95.5, 52.46875, 61.8125, 65.8125, 138.125, 119.375, 57.625, 25.546875, 99.0, 104.25, 159.5, 50.15625, 92.4375, 154.125, 184.75, 116.75, 140.375, 42.71875, 107.125, 136.125, 173.125, 65.0625, 47.0, 122.4375, 111.25, 198.125, 124.75, 151.25], [78.625, 153.375, 145.875, 152.375, 25.609375, 27.015625, 159.25, 60.65625, 31.78125, 98.3125, 101.8125, 203.0, 171.75, 184.0, 147.25, 57.375, 177.5, 108.1875, 106.125, 32.125, 19.03125, 19.703125, 139.625, 53.0, 175.125, 15.5234375, 0.0, 58.0, 68.5, 99.25, 70.0, 150.625, 111.3125, 58.78125, 105.5625, 129.875, 60.71875, 138.0, 124.9375, 52.8125, 156.5, 35.46875, 81.1875, 101.1875, 115.3125, 81.375, 162.25, 39.40625, 80.3125, 57.6875, 136.75, 93.625, 173.125, 152.625, 35.8125, 147.875, 46.28125, 110.375, 130.5, 169.5, 147.25, 179.375, 61.21875, 106.25, 140.25, 159.25, 23.265625, 50.125, 143.875, 111.3125, 154.125, 42.71875, 93.25, 58.90625, 81.25, 151.875, 44.28125, 86.125, 99.75, 42.71875, 13.6015625, 9.21875, 163.0, 129.25, 138.0, 30.609375, 136.125, 57.28125, 97.625, 63.1875, 90.9375, 195.25, 86.5, 167.875, 142.25, 62.6875, 23.765625, 107.0625, 111.375, 33.9375, 49.09375, 77.1875, 107.625, 106.375, 124.0, 206.25, 150.0, 83.6875, 94.875, 107.4375, 49.40625, 163.0, 79.1875, 143.75, 15.0, 126.25, 86.8125, 132.0, 128.875, 17.203125, 45.5, 121.625, 50.0, 75.6875, 132.125, 83.0, 116.5, 64.375, 194.25, 40.8125, 15.6171875, 191.875, 122.0, 108.6875, 37.125, 76.25, 54.65625, 134.25, 124.625, 72.125, 38.09375, 110.0, 119.0625, 166.875, 39.21875, 103.8125, 151.625, 191.25, 122.6875, 153.75, 36.0, 119.875, 138.625, 176.625, 63.59375, 62.15625, 124.75, 121.8125, 205.875, 136.75, 161.125], [21.640625, 95.6875, 99.125, 111.0, 69.375, 81.0, 106.0, 61.75, 50.34375, 42.1875, 51.78125, 145.125, 119.75, 128.75, 92.1875, 85.5, 122.0625, 87.3125, 79.1875, 82.8125, 71.5, 65.0, 84.0625, 35.5, 119.25, 54.4375, 58.0, 0.0, 46.96875, 58.59375, 39.40625, 120.625, 71.6875, 86.5625, 59.0625, 77.25, 37.65625, 96.4375, 115.0, 85.75, 105.0625, 74.8125, 58.25, 100.4375, 66.9375, 26.578125, 110.5, 21.09375, 30.078125, 2.236328125, 115.25, 82.75, 121.0625, 125.0, 68.1875, 91.8125, 53.375, 85.5625, 98.75, 112.9375, 119.8125, 125.3125, 49.9375, 56.09375, 86.8125, 102.3125, 58.46875, 25.078125, 120.3125, 90.0, 98.5, 80.625, 35.21875, 116.0625, 84.75, 96.3125, 79.125, 55.15625, 60.03125, 58.0625, 67.0625, 59.46875, 105.0, 81.875, 99.5, 64.375, 110.0, 11.1796875, 44.9375, 51.03125, 63.6875, 137.25, 42.0625, 118.0, 84.3125, 69.1875, 36.875, 49.25, 56.8125, 71.6875, 105.375, 67.5, 49.65625, 53.75, 68.625, 148.5, 136.75, 53.71875, 39.46875, 49.59375, 105.375, 107.9375, 23.1875, 110.875, 60.15625, 68.9375, 28.84375, 81.0, 96.3125, 42.0625, 72.125, 93.0625, 102.1875, 32.4375, 116.1875, 30.15625, 66.0, 72.1875, 136.25, 97.625, 59.03125, 133.75, 68.5625, 73.5, 83.5, 58.6875, 111.0, 90.8125, 66.6875, 90.8125, 38.125, 64.0625, 95.6875, 110.25, 96.25, 60.0625, 103.6875, 133.625, 65.0625, 115.375, 35.75, 80.625, 81.6875, 119.0, 21.265625, 77.1875, 68.0, 73.1875, 149.25, 92.1875, 109.0], [60.65625, 107.1875, 140.125, 154.375, 91.1875, 95.4375, 140.125, 102.75, 39.3125, 78.0, 93.75, 164.0, 154.875, 157.75, 92.75, 117.625, 151.125, 43.0, 38.28125, 74.9375, 69.875, 60.8125, 115.5, 16.546875, 147.625, 75.5625, 68.5, 46.96875, 0.0, 34.4375, 10.1953125, 167.0, 117.1875, 118.9375, 102.5625, 114.1875, 82.8125, 70.6875, 161.0, 60.96875, 95.3125, 99.9375, 13.4140625, 144.25, 54.65625, 68.0625, 146.25, 40.0, 34.9375, 44.71875, 72.125, 128.25, 156.0, 85.625, 96.375, 121.3125, 90.8125, 43.375, 145.125, 117.4375, 80.25, 156.875, 93.4375, 97.5, 121.9375, 109.0, 83.1875, 68.125, 78.375, 46.03125, 100.5, 61.90625, 62.5, 112.25, 126.75, 98.375, 58.53125, 18.25, 105.9375, 35.34375, 81.875, 75.5, 122.4375, 123.3125, 144.375, 51.53125, 69.375, 35.78125, 85.375, 94.9375, 22.5625, 152.625, 29.40625, 155.5, 101.625, 31.390625, 47.125, 69.5625, 93.0625, 97.4375, 100.5625, 112.0625, 72.8125, 93.0625, 101.9375, 168.25, 183.375, 100.625, 51.25, 76.6875, 99.9375, 107.4375, 45.03125, 156.875, 79.5625, 81.625, 58.0625, 72.125, 142.625, 62.03125, 103.75, 53.75, 91.25, 24.734375, 162.875, 40.03125, 106.125, 34.0, 150.75, 95.3125, 58.125, 149.0, 105.1875, 119.875, 71.1875, 104.375, 105.6875, 67.9375, 90.125, 127.625, 74.1875, 107.5, 142.625, 136.75, 94.8125, 104.8125, 87.3125, 154.375, 91.5, 159.875, 33.0, 125.875, 90.625, 129.125, 26.921875, 114