{"name": "LZB_n160_20", "n": 160, "m": 20, "times": [[0.0, 45.71875, 82.0625, 74.9375, 88.4375, 61.84375, 135.75, 75.6875, 126.0625, 74.4375, 54.125, 78.4375, 67.0625, 65.1875, 109.8125, 70.0, 96.8125, 70.3125, 97.0625, 135.75, 16.03125, 35.125, 100.625, 69.3125, 117.4375, 96.0625, 127.125, 63.3125, 81.9375, 44.28125, 69.3125, 71.6875, 133.75, 88.75, 127.75, 104.5625, 93.25, 126.0625, 68.5, 117.375, 79.125, 29.15625, 87.125, 54.125, 21.09375, 91.6875, 61.96875, 76.375, 83.6875, 43.84375, 111.8125, 53.03125, 51.34375, 50.9375, 98.0, 50.5625, 94.1875, 51.53125, 66.625, 94.625, 79.8125, 13.890625, 60.0, 85.625, 81.3125, 54.4375, 68.25, 58.25, 77.8125, 84.1875, 26.40625, 73.4375, 106.75, 92.1875, 95.0, 82.0625, 120.9375, 22.671875, 32.25, 115.75, 95.9375, 62.09375, 103.8125, 64.0, 68.625, 41.625, 73.375, 26.40625, 98.125, 124.4375, 87.8125, 69.75, 85.5, 91.5625, 104.6875, 64.375, 50.0, 21.21875, 100.0, 119.125, 85.0, 133.625, 67.1875, 99.25, 112.6875, 98.875, 97.3125, 62.25, 103.3125, 59.90625, 55.71875, 95.5, 74.75, 90.0, 106.25, 105.1875, 42.71875, 36.875, 72.5, 33.53125, 66.3125, 51.46875, 131.625, 48.46875, 67.0, 53.40625, 34.40625, 36.34375, 31.0625, 76.0, 80.75, 71.5625, 56.8125, 58.8125, 71.5625, 17.265625, 77.4375, 56.03125, 41.71875, 65.0625, 24.078125, 24.1875, 87.6875, 103.0625, 77.8125, 52.0, 85.25, 72.125, 106.3125, 56.875, 90.25, 95.75, 85.4375, 99.0, 68.875, 101.1875, 96.25, 104.5625, 102.0, 52.0, 116.6875], [45.71875, 0.0, 127.5, 45.71875, 134.125, 31.140625, 166.875, 37.65625, 109.1875, 105.5625, 44.71875, 75.25, 109.0625, 110.4375, 145.0, 115.1875, 122.1875, 69.75, 141.75, 175.25, 61.65625, 70.1875, 145.25, 40.3125, 97.0625, 74.1875, 96.9375, 59.9375, 71.0625, 72.125, 102.5625, 83.625, 101.0625, 118.3125, 91.0, 140.125, 135.25, 109.1875, 70.5, 160.5, 98.4375, 59.125, 41.5, 17.265625, 65.8125, 49.03125, 107.4375, 62.65625, 124.0, 85.4375, 108.125, 45.53125, 6.32421875, 92.5625, 118.125, 91.9375, 104.0625, 94.3125, 79.25, 52.5625, 90.4375, 36.25, 17.5, 125.125, 77.0, 89.1875, 45.875, 77.625, 69.25, 45.8125, 62.375, 109.4375, 88.625, 130.75, 90.0625, 66.5, 101.125, 62.40625, 29.40625, 79.3125, 139.125, 73.9375, 137.25, 21.03125, 76.5625, 73.75, 81.3125, 64.5, 107.3125, 90.8125, 112.0, 30.0, 94.0625, 110.3125, 126.8125, 104.9375, 38.3125, 49.71875, 93.4375, 147.875, 63.3125, 173.25, 55.09375, 144.0, 72.125, 71.0625, 131.625, 20.8125, 147.875, 78.125, 100.0, 137.625, 38.90625, 135.125, 131.0, 147.625, 46.65625, 57.5, 102.875, 48.40625, 20.609375, 45.78125, 110.0625, 93.6875, 45.1875, 85.0625, 20.8125, 80.625, 44.03125, 82.6875, 41.625, 115.0625, 60.71875, 28.234375, 49.34375, 42.96875, 107.4375, 24.015625, 39.9375, 106.1875, 69.25, 63.9375, 98.0625, 58.1875, 33.84375, 10.6328125, 52.5, 35.34375, 78.0, 90.6875, 136.0, 127.5, 78.125, 54.59375, 54.5625, 139.5, 77.5, 145.375, 78.6875, 35.46875, 83.625], [82.0625, 127.5, 0.0, 146.125, 13.9296875, 136.625, 98.3125, 156.5, 189.25, 67.625, 118.5625, 125.75, 32.1875, 29.0, 91.6875, 12.6484375, 88.875, 130.625, 38.46875, 94.0625, 66.0, 76.1875, 41.0, 141.5, 184.75, 157.0, 191.75, 117.875, 136.0, 87.25, 61.59375, 103.25, 200.375, 75.25, 199.0, 87.375, 55.71875, 189.25, 114.625, 62.375, 94.0625, 77.0625, 168.5, 133.0, 64.5, 170.25, 28.015625, 145.25, 38.46875, 58.1875, 163.75, 124.75, 133.25, 55.21875, 100.75, 43.28125, 117.0625, 38.09375, 100.4375, 176.125, 124.1875, 94.0625, 142.0, 64.625, 141.375, 59.40625, 143.875, 88.5, 131.0, 164.75, 70.25, 53.65625, 173.625, 70.5, 152.125, 151.0, 187.375, 67.4375, 110.75, 187.5, 50.03125, 113.375, 93.625, 146.0, 121.0625, 68.8125, 123.6875, 74.0625, 120.375, 192.875, 87.6875, 151.125, 114.3125, 100.25, 100.25, 39.21875, 124.9375, 82.5625, 143.5, 93.0625, 157.5, 91.9375, 137.25, 19.71875, 188.5, 164.75, 65.375, 141.75, 43.40625, 90.625, 29.546875, 33.25, 154.875, 8.9453125, 95.0625, 59.0625, 103.8125, 95.875, 69.125, 100.6875, 147.875, 114.5, 198.625, 39.9375, 135.125, 66.5, 112.375, 53.4375, 101.625, 112.4375, 157.625, 42.1875, 118.6875, 138.875, 146.5, 87.3125, 71.125, 132.75, 115.0, 54.65625, 58.21875, 72.25, 129.25, 183.375, 157.875, 134.0, 163.625, 148.375, 180.625, 76.6875, 13.890625, 93.9375, 147.125, 178.875, 130.75, 53.34375, 165.125, 44.59375, 173.375, 122.1875, 185.125], [74.9375, 45.71875, 146.125, 0.0, 156.125, 14.8671875, 156.5, 72.125, 150.25, 102.0625, 28.4375, 44.9375, 119.8125, 137.0, 183.875, 133.5, 109.625, 115.4375, 169.5, 210.75, 87.625, 107.8125, 173.125, 5.83203125, 137.0, 29.15625, 53.0, 36.875, 34.65625, 113.0, 102.0625, 65.5, 58.90625, 111.0, 53.53125, 178.625, 167.875, 150.25, 47.4375, 191.25, 83.6875, 69.0625, 46.6875, 28.4375, 95.5625, 33.09375, 133.125, 107.0, 130.25, 118.8125, 153.0, 91.25, 47.03125, 125.875, 100.6875, 104.0625, 78.875, 108.5, 63.34375, 76.0, 135.875, 72.6875, 54.4375, 160.5, 122.4375, 93.1875, 89.125, 69.0625, 35.8125, 77.625, 76.0625, 111.3125, 130.0, 167.0, 135.125, 110.1875, 141.125, 79.625, 73.375, 41.6875, 170.125, 118.875, 177.0, 55.09375, 122.0, 79.3125, 126.875, 100.125, 81.0, 49.5, 99.6875, 65.0, 69.75, 92.6875, 110.125, 113.75, 84.0, 64.5, 55.8125, 136.125, 105.0625, 208.625, 100.125, 158.75, 43.40625, 25.625, 128.375, 28.28125, 175.875, 68.1875, 116.625, 146.0, 75.4375, 152.125, 116.6875, 179.625, 42.71875, 99.75, 99.0625, 91.3125, 41.75, 32.5625, 148.625, 121.0, 12.0, 86.6875, 41.40625, 110.625, 86.8125, 59.625, 19.421875, 145.75, 106.25, 71.0625, 92.25, 61.625, 102.25, 22.140625, 85.1875, 140.0, 92.375, 98.5, 143.625, 49.65625, 32.8125, 53.0, 88.875, 14.765625, 114.5, 129.625, 157.5, 168.125, 123.0625, 44.28125, 22.46875, 141.0, 119.375, 150.625, 118.375, 24.1875, 41.71875], [88.4375, 134.125, 13.9296875, 156.125, 0.0, 145.75, 110.5625, 161.0, 188.0, 81.4375, 129.0, 138.0, 45.78125, 26.921875, 80.625, 24.046875, 102.8125, 130.0, 25.015625, 80.5, 72.5625, 76.875, 27.296875, 151.25, 184.5, 168.5, 203.0, 129.375, 147.875, 86.625, 75.3125, 116.1875, 211.375, 89.1875, 209.375, 76.6875, 44.28125, 188.0, 126.8125, 48.5, 107.625, 87.3125, 175.5, 141.125, 69.1875, 178.625, 28.15625, 146.0, 52.1875, 57.96875, 160.75, 126.75, 139.75, 53.5, 114.625, 55.21875, 130.625, 49.6875, 113.1875, 181.125, 121.0625, 99.4375, 147.75, 55.21875, 140.375, 72.25, 146.375, 101.125, 142.875, 169.0, 80.0625, 67.5625, 173.375, 60.375, 150.25, 151.625, 186.875, 76.5625, 115.0, 197.625, 37.65625, 112.0, 83.625, 151.75, 119.5, 80.4375, 121.625, 76.4375, 134.0, 203.625, 101.5625, 156.125, 127.625, 114.0625, 114.1875, 52.6875, 127.75, 91.8125, 156.375, 106.375, 158.875, 78.4375, 138.5, 25.9375, 197.75, 175.625, 78.9375, 149.75, 29.609375, 103.25, 40.59375, 45.1875, 159.0, 17.265625, 108.9375, 46.03125, 114.25, 97.0625, 82.875, 102.9375, 154.75, 125.0625, 198.0, 42.0625, 145.375, 79.25, 120.5, 56.09375, 104.5, 125.25, 166.375, 35.46875, 118.9375, 143.0, 148.75, 95.875, 85.0, 141.375, 117.75, 49.40625, 65.5, 75.1875, 125.375, 191.125, 165.625, 139.875, 166.75, 157.25, 182.25, 73.4375, 2.236328125, 85.125, 146.375, 186.875, 141.75, 66.0, 165.375, 55.90625, 174.125, 132.0, 195.875], [61.84375, 31.140625, 136.625, 14.8671875, 145.75, 0.0, 156.0, 60.84375, 137.75, 98.5, 24.703125, 50.34375, 112.125, 125.375, 169.75, 123.9375, 109.375, 100.8125, 157.75, 197.375, 75.5, 93.75, 161.375, 9.21875, 124.9375, 43.03125, 67.625, 38.0, 42.9375, 98.5, 97.5, 66.25, 73.0, 108.9375, 65.9375, 164.625, 155.125, 137.75, 49.40625, 178.875, 83.6875, 60.21875, 42.0625, 14.0, 82.8125, 35.0, 121.6875, 93.1875, 124.0625, 105.5625, 139.0, 76.625, 33.125, 112.6875, 102.0625, 95.6875, 83.0, 99.6875, 63.0625, 67.9375, 121.0625, 58.40625, 41.75, 147.125, 108.125, 87.0, 75.6875, 66.25, 42.4375, 67.25, 66.5, 106.1875, 117.375, 153.5, 121.0, 96.625, 129.0, 69.3125, 58.53125, 53.90625, 157.625, 104.0625, 162.75, 43.09375, 107.1875, 72.1875, 112.0625, 86.3125, 85.625, 63.25, 99.1875, 53.3125, 73.25, 94.0, 111.4375, 106.5625, 69.4375, 54.09375, 65.3125, 135.875, 92.1875, 195.25, 86.0, 150.5, 52.0, 40.5, 125.125, 16.640625, 164.125, 65.8125, 107.25, 139.375, 63.6875, 143.125, 117.1875, 167.0, 36.0625, 85.0, 95.5, 76.5, 31.0625, 28.15625, 137.0, 109.0625, 15.65625, 81.0625, 27.59375, 98.0, 72.0, 62.1875, 21.21875, 133.25, 91.4375, 57.5625, 78.9375, 50.09375, 99.25, 7.28125, 70.3125, 126.8125, 80.9375, 84.875, 128.75, 50.5, 27.734375, 39.21875, 77.5, 12.0390625, 103.375, 115.4375, 147.25, 153.75, 109.0, 45.28125, 27.203125, 136.5, 106.5, 145.0, 106.25, 16.125, 55.59375], [135.75, 166.875, 98.3125, 156.5, 110.5625, 156.0, 0.0, 204.125, 261.75, 62.0, 131.375, 114.25, 79.1875, 122.6875, 189.875, 97.125, 46.84375, 204.25, 135.375, 190.0, 125.5, 153.375, 137.125, 155.0, 253.25, 148.5, 179.0, 119.625, 127.125, 166.375, 66.5, 90.9375, 189.0, 48.5625, 196.375, 185.375, 154.0, 261.75, 109.125, 157.0, 72.8125, 109.8125, 197.75, 161.5, 132.0, 189.125, 119.5625, 212.125, 62.96875, 141.875, 244.0, 188.875, 173.0, 142.75, 57.21875, 89.625, 83.0, 92.125, 93.3125, 218.875, 206.875, 149.375, 184.375, 162.0, 215.5, 81.375, 203.125, 90.375, 123.625, 212.5, 109.8125, 63.25, 242.625, 168.375, 228.625, 217.875, 256.75, 113.125, 167.25, 188.125, 148.125, 191.625, 191.125, 187.75, 199.25, 95.25, 203.25, 146.625, 83.0625, 186.125, 56.90625, 196.75, 89.4375, 64.625, 48.03125, 77.1875, 185.5, 119.8125, 118.0625, 20.390625, 220.375, 188.0, 203.0, 87.0, 197.125, 160.875, 39.40625, 169.625, 139.125, 90.5, 95.25, 65.375, 204.625, 93.3125, 40.3125, 156.5, 122.125, 167.75, 64.375, 167.75, 182.0, 127.9375, 267.5, 123.9375, 144.875, 83.25, 146.125, 131.375, 166.25, 97.6875, 174.875, 138.375, 190.625, 190.375, 206.5, 127.0, 59.625, 156.75, 177.5, 148.0, 118.0625, 143.625, 213.625, 205.625, 183.625, 177.0, 217.25, 167.0, 240.625, 164.125, 109.375, 190.125, 220.25, 200.25, 134.125, 45.125, 232.0, 55.0, 237.5, 140.375, 180.375], [75.6875, 37.65625, 156.5, 72.125, 161.0, 60.84375, 204.125, 0.0, 78.625, 142.5, 80.625, 110.125, 142.5, 135.125, 154.0, 145.0, 159.75, 59.5625, 163.875, 187.875, 91.25, 87.6875, 167.25, 68.375, 65.125, 100.875, 114.1875, 95.8125, 103.75, 83.8125, 139.125, 120.9375, 115.25, 155.625, 100.875, 149.875, 152.875, 78.625, 106.8125, 179.25, 136.0, 95.25, 36.6875, 48.5625, 92.125, 55.71875, 133.0, 42.9375, 158.375, 106.0625, 87.375, 41.6875, 31.828125, 112.625, 155.75, 125.5625, 140.75, 127.125, 116.6875, 20.609375, 84.25, 62.65625, 20.515625, 140.125, 61.40625, 125.25, 25.609375, 115.25, 102.9375, 8.546875, 97.3125, 145.375, 59.03125, 144.5, 70.9375, 43.65625, 69.25, 96.125, 46.0, 91.25, 158.375, 72.8125, 144.875, 18.03125, 71.4375, 110.0, 74.9375, 85.375, 143.875, 104.9375, 149.625, 7.80859375, 130.75, 147.875, 164.5, 139.125, 36.78125, 85.4375, 126.125, 185.25, 35.5, 186.125, 40.46875, 174.5, 78.1875, 93.75, 168.125, 44.375, 169.5, 115.75, 131.375, 171.0, 4.47265625, 164.875, 168.625, 165.5, 84.25, 68.9375, 140.0, 60.625, 30.359375, 82.3125, 76.5625, 119.0, 76.5, 121.6875, 58.40625, 105.0625, 57.875, 119.3125, 58.21875, 136.0, 58.0, 18.109375, 26.921875, 78.3125, 144.625, 55.5625, 45.875, 124.4375, 99.625, 86.125, 90.25, 53.65625, 43.0, 27.203125, 16.765625, 57.71875, 42.53125, 103.4375, 163.0, 134.25, 59.5, 53.5, 87.6875, 174.875, 49.09375, 179.625, 46.53125, 70.8125, 99.3125], [126.0625, 109.1875, 189.25, 150.25, 188.0, 137.75, 261.75, 78.625, 0.0, 200.5, 153.75, 184.375, 187.875, 161.5, 144.0, 181.0, 222.25, 59.0625, 180.0, 180.0, 136.5, 113.75, 182.25, 146.0, 14.140625, 179.25, 192.0, 168.875, 179.875, 102.0625, 195.25, 189.875, 192.125, 214.75, 176.5, 142.125, 161.125, 0.0, 179.0, 185.625, 201.875, 153.875, 113.0, 124.3125, 131.5, 133.0, 161.5, 50.0, 205.5, 131.125, 34.53125, 73.25, 105.3125, 134.625, 221.625, 173.625, 211.625, 172.625, 185.125, 83.625, 68.875, 112.9375, 96.0625, 145.375, 48.03125, 180.375, 63.5625, 180.25, 178.375, 75.0, 152.375, 198.75, 20.609375, 146.0, 37.9375, 44.65625, 10.4375, 148.625, 96.0, 168.125, 169.0, 76.0, 134.0, 95.125, 68.4375, 167.5, 66.5, 118.0, 215.125, 182.0, 212.75, 85.3125, 201.75, 214.375, 229.25, 187.25, 77.6875, 144.25, 202.375, 245.125, 45.875, 179.0, 59.1875, 209.0, 153.5, 172.375, 222.75, 122.0, 183.625, 181.375, 173.0, 213.875, 74.9375, 198.25, 231.625, 172.0, 153.0, 95.625, 198.5, 94.125, 108.6875, 154.375, 13.9296875, 149.75, 153.125, 179.375, 127.0, 137.25, 95.4375, 190.5, 136.875, 154.125, 72.0, 81.0, 60.0, 137.375, 203.5, 131.625, 84.5, 139.875, 144.5, 120.625, 67.5, 126.75, 121.5, 99.3125, 62.1875, 136.125, 39.625, 114.9375, 190.125, 124.1875, 42.4375, 128.375, 163.5, 224.375, 31.78125, 224.625, 32.125, 144.625, 177.0], [74.4375, 105.5625, 67.625, 102.0625, 81.4375, 98.5, 62.0, 142.5, 200.5, 0.0, 74.4375, 67.375, 35.84375, 79.875, 148.375, 58.875, 25.3125, 144.0, 104.5625, 159.125, 65.875, 96.375, 107.5625, 99.3125, 191.625, 102.375, 136.625, 66.1875, 79.8125, 109.25, 7.0, 41.78125, 146.125, 14.421875, 149.25, 143.25, 116.5, 200.5, 58.25, 129.125, 27.65625, 47.8125, 139.0, 101.8125, 73.8125, 133.125, 75.6875, 150.75, 34.21875, 88.8125, 184.75, 127.375, 111.8125, 91.8125, 33.96875, 35.125, 50.25, 40.0, 41.21875, 157.875, 149.375, 87.6875, 123.0, 119.3125, 155.25, 20.59375, 141.125, 33.0, 75.1875, 151.0, 48.09375, 14.2109375, 181.125, 126.5, 168.625, 156.25, 195.125, 52.0, 105.4375, 139.125, 113.3125, 133.0, 147.0, 126.5625, 140.25, 33.3125, 144.625, 88.5625, 53.25, 140.75, 20.609375, 135.25, 49.40625, 32.65625, 36.0, 29.40625, 123.75, 57.8125, 80.75, 44.6875, 158.5, 156.875, 141.5, 70.0, 145.0, 113.0, 26.6875, 110.4375, 110.1875, 34.0625, 47.375, 49.9375, 142.875, 68.625, 34.21875, 123.375, 62.8125, 108.25, 3.0, 107.1875, 121.8125, 70.5625, 205.75, 74.125, 90.0625, 21.265625, 85.0, 77.125, 105.25, 51.09375, 118.8125, 95.625, 130.375, 128.5, 144.625, 65.0, 4.0, 98.0, 116.0625, 101.0, 59.5, 85.4375, 156.625, 149.0, 125.375, 115.5, 155.375, 110.1875, 178.625, 111.0625, 81.5, 143.25, 159.625, 143.75, 81.125, 39.46875, 170.375, 50.90625, 175.625, 82.375, 133.75], [54.125, 44.71875, 118.5625, 28.4375, 129.0, 24.703125, 131.375, 80.625, 153.75, 74.4375, 0.0, 30.671875, 91.5, 111.5, 163.75, 106.0, 84.6875, 109.4375, 143.875, 188.125, 63.875, 89.0625, 147.375, 25.0, 141.75, 42.1875, 75.0625, 15.265625, 29.15625, 96.75, 74.0, 41.875, 82.8125, 84.375, 80.5, 158.5, 144.375, 153.75, 26.25, 166.375, 59.03125, 41.6875, 66.625, 32.53125, 73.0, 58.6875, 107.4375, 106.0625, 101.8125, 96.8125, 150.125, 86.0, 49.40625, 103.625, 77.6875, 75.9375, 60.21875, 80.625, 38.46875, 90.8125, 126.25, 56.5, 60.21875, 138.625, 118.375, 64.75, 90.25, 41.78125, 26.015625, 87.9375, 49.09375, 83.0625, 133.125, 145.375, 132.0, 110.375, 145.875, 53.40625, 64.0625, 69.0625, 145.75, 108.375, 158.0, 62.625, 113.0625, 50.96875, 118.0625, 80.5, 63.25, 74.625, 74.4375, 72.8125, 50.25, 69.625, 86.9375, 85.375, 79.4375, 38.90625, 50.25, 111.25, 107.9375, 185.875, 97.75, 130.625, 71.875, 47.0, 101.0, 39.40625, 150.25, 41.21875, 89.0, 117.5625, 82.6875, 124.25, 92.5625, 155.625, 14.765625, 85.6875, 71.4375, 78.625, 53.15625, 4.125, 154.75, 96.1875, 16.765625, 58.3125, 28.15625, 87.3125, 74.4375, 38.90625, 44.40625, 121.625, 98.0, 72.9375, 93.75, 38.0, 74.9375, 26.40625, 77.1875, 117.625, 67.1875, 78.3125, 134.25, 74.75, 52.40625, 55.0625, 96.5, 35.90625, 122.3125, 110.9375, 130.25, 149.875, 120.4375, 69.4375, 14.765625, 113.0, 122.0, 122.3125, 123.4375, 9.8984375, 66.875], [78.4375, 75.25, 125.75, 44.9375, 138.0, 50.34375, 114.25, 110.125, 184.375, 67.375, 30.671875, 0.0, 94.875, 125.625, 184.875, 114.0, 68.125, 139.5, 156.625, 205.5, 83.9375, 113.25, 160.125, 45.46875, 172.25, 35.34375, 69.25, 16.125, 13.0, 122.625, 69.875, 25.703125, 78.875, 72.5625, 83.125, 179.5, 161.125, 184.375, 11.3984375, 180.5, 43.09375, 56.34375, 90.9375, 61.59375, 94.0, 77.875, 121.1875, 136.625, 100.25, 117.375, 180.375, 116.3125, 79.625, 123.5, 57.28125, 82.8125, 34.0, 88.4375, 26.40625, 118.25, 155.0, 84.0625, 90.0625, 157.875, 148.625, 66.625, 120.875, 37.4375, 9.484375, 117.0625, 64.0, 79.6875, 163.75, 165.0, 162.375, 141.0, 176.375, 69.75, 93.875, 74.0625, 161.0, 137.0, 180.125, 92.125, 142.125, 58.0625, 147.125, 104.3125, 36.0625, 73.8125, 59.0, 102.375, 25.296875, 49.65625, 66.6875, 87.9375, 109.875, 58.8125, 21.59375, 93.875, 138.5, 203.375, 128.375, 133.75, 83.0, 47.0, 91.25, 66.8125, 162.875, 35.5, 97.5625, 116.375, 112.5, 129.625, 74.0, 171.25, 36.125, 113.1875, 64.5, 107.0, 81.1875, 30.59375, 185.125, 112.375, 35.375, 59.40625, 58.46875, 106.4375, 103.0, 17.03125, 64.375, 138.125, 127.5625, 103.5, 124.4375, 61.1875, 66.25, 54.65625, 107.0625, 136.875, 84.5625, 101.625, 163.0, 94.4375, 76.5625, 85.4375, 126.375, 58.25, 152.375, 134.5, 138.875, 173.0, 150.875, 89.0625, 23.34375, 106.5, 152.625, 118.25, 153.875, 39.8125, 67.25], [67.0625, 109.0625, 32.1875, 119.8125, 45.78125, 112.125, 79.1875, 142.5, 187.875, 35.84375, 91.5, 94.875, 0.0, 46.03125, 115.0625, 23.09375, 58.84375, 129.125, 68.6875, 123.5, 52.78125, 75.75, 71.6875, 115.75, 181.125, 127.5, 162.375, 88.5625, 105.8125, 88.625, 29.53125, 71.5, 171.25, 45.40625, 171.5, 110.125, 81.625, 187.875, 84.0625, 93.25, 61.84375, 52.15625, 148.0, 111.0, 56.40625, 146.875, 42.1875, 140.125, 17.6875, 62.78125, 167.0, 117.5, 115.25, 63.5625, 69.5625, 17.125, 84.875, 15.65625, 69.0, 160.625, 128.875, 80.75, 125.3125, 86.125, 140.375, 28.296875, 134.625, 57.4375, 100.875, 151.0, 47.03125, 22.5625, 170.125, 93.0625, 152.75, 145.875, 184.25, 46.6875, 99.0, 160.375, 77.875, 114.5625, 114.75, 129.25, 122.375, 40.53125, 126.0, 70.0625, 88.1875, 164.375, 56.3125, 136.0, 82.25, 68.4375, 70.1875, 7.0703125, 115.8125, 60.03125, 111.875, 68.6875, 150.5, 121.3125, 131.25, 39.40625, 163.0, 136.125, 40.8125, 120.0, 74.3125, 59.40625, 16.125, 28.640625, 141.625, 34.84375, 66.1875, 87.8125, 77.125, 92.3125, 37.125, 94.3125, 128.375, 87.375, 195.25, 44.78125, 108.25, 35.5, 91.0625, 52.8125, 93.8125, 80.8125, 133.375, 62.0625, 115.875, 125.875, 137.75, 66.25, 39.5625, 109.375, 106.5625, 69.875, 44.28125, 67.375, 135.25, 161.25, 136.0, 117.25, 152.25, 124.1875, 172.625, 85.0, 46.03125, 112.375, 145.625, 156.375, 102.3125, 36.78125, 160.25, 37.5625, 167.25, 96.6875, 156.875], [65.1875, 110.4375, 29.0, 137.0, 26.921875, 125.375, 122.6875, 135.125, 161.5, 79.875, 111.5, 125.625, 46.03125, 0.0, 69.0, 25.625, 104.3125, 103.25, 32.4375, 80.9375, 50.09375, 50.0, 36.0625, 131.75, 157.625, 152.75, 186.5, 114.625, 133.875, 59.8125, 73.0, 106.9375, 194.25, 91.0625, 190.5, 64.0625, 37.0, 161.5, 114.1875, 55.1875, 102.4375, 70.6875, 151.875, 119.125, 44.65625, 156.75, 4.47265625, 119.125, 59.90625, 31.046875, 135.125, 100.0, 115.6875, 26.828125, 113.75, 46.5, 124.8125, 40.8125, 103.0625, 155.5, 95.4375, 74.75, 123.0, 40.125, 113.75, 64.875, 119.6875, 90.9375, 129.0, 143.0, 62.9375, 68.0625, 146.5, 47.0, 123.9375, 124.75, 160.125, 58.125, 89.25, 178.625, 35.5, 85.4375, 68.875, 126.9375, 93.0, 67.9375, 95.375, 50.0, 128.5, 185.75, 100.4375, 130.625, 119.875, 111.3125, 115.5, 51.09375, 101.25, 72.8125, 145.625, 114.25, 132.0, 78.75, 111.625, 48.40625, 177.125, 158.5, 86.125, 127.375, 38.84375, 93.125, 32.5625, 60.03125, 133.0, 37.65625, 112.0625, 45.78125, 97.0625, 70.1875, 80.4375, 76.3125, 131.0, 107.8125, 171.25, 16.765625, 127.1875, 70.75, 98.8125, 30.265625, 78.0625, 115.25, 145.375, 16.03125, 92.0625, 117.125, 122.0625, 75.5, 83.875, 120.3125, 91.1875, 26.078125, 44.65625, 49.03125, 100.25, 168.25, 143.0, 115.3125, 140.25, 136.375, 155.375, 47.8125, 29.125, 67.375, 119.625, 164.25, 125.3125, 77.8125, 138.5, 71.6875, 147.25, 112.875, 178.0], [109.8125, 145.0, 91.6875, 183.875, 80.625, 169.75, 189.875, 154.0, 144.0, 148.375, 163.75, 184.875, 115.0625, 69.0, 0.0, 93.5625, 173.125, 99.9375, 58.1875, 36.21875, 101.0625, 76.0625, 57.96875, 178.0, 146.5, 205.875, 236.625, 171.25, 190.5, 73.0, 141.375, 170.5, 242.75, 160.0, 235.0, 5.38671875, 36.40625, 144.0, 173.875, 48.59375, 169.0, 128.75, 182.625, 159.25, 91.25, 193.875, 73.0, 120.1875, 128.0, 67.5625, 110.3125, 112.375, 148.125, 61.46875, 182.0, 113.875, 190.375, 108.5625, 166.0, 174.0, 78.25, 111.375, 150.625, 29.0625, 105.5625, 131.625, 130.625, 154.375, 186.0, 159.625, 121.25, 137.0, 137.0, 22.0, 108.4375, 124.0625, 147.25, 115.3125, 116.25, 223.125, 43.84375, 82.4375, 10.046875, 153.75, 86.3125, 131.0, 84.875, 83.8125, 194.25, 233.0, 168.75, 152.875, 184.25, 178.875, 184.25, 120.0, 117.6875, 126.5625, 206.125, 182.875, 134.375, 35.0625, 117.0, 106.375, 217.125, 208.375, 154.75, 165.5, 57.4375, 156.625, 101.125, 124.9375, 150.375, 97.75, 181.0, 39.0625, 151.25, 88.0625, 148.625, 97.3125, 163.25, 160.875, 157.0, 75.5, 176.75, 136.75, 142.375, 78.5625, 101.4375, 177.75, 186.0, 53.0, 96.625, 137.625, 131.125, 125.875, 152.375, 163.125, 109.875, 48.75, 100.6875, 85.6875, 77.25, 200.875, 178.5, 145.0, 151.375, 178.375, 155.5, 54.5, 82.25, 20.609375, 111.1875, 198.25, 178.5, 144.75, 133.75, 136.125, 144.125, 161.75, 225.375], [70.0, 115.1875, 12.6484375, 133.5, 24.046875, 123.9375, 97.125, 145.0, 181.0, 58.875, 106.0, 114.0, 23.09375, 25.625, 93.5625, 0.0, 81.8125, 121.9375, 45.6875, 100.4375, 54.03125, 67.25, 48.75, 128.875, 175.75, 144.75, 179.5, 105.6875, 124.0, 79.0625, 52.40625, 92.1875, 188.0, 68.25, 186.5, 88.8125, 59.0625, 181.0, 102.8125, 70.25, 84.25, 64.5, 156.0, 120.4375, 53.375, 157.625, 22.828125, 135.625, 34.53125, 50.4375, 156.875, 114.5, 121.125, 48.84375, 92.625, 31.234375, 107.1875, 25.8125, 89.125, 164.5, 117.5, 82.375, 130.0, 65.125, 132.875, 48.28125, 133.25, 77.0625, 119.0, 153.25, 57.59375, 45.59375, 164.625, 71.6875, 144.25, 141.5, 178.5, 54.8125, 99.4375, 175.0, 54.90625, 105.4375, 94.125, 134.0, 113.25, 56.625, 116.1875, 64.0625, 110.625, 180.375, 79.375, 139.375, 103.8125, 91.375, 93.1875, 29.546875, 114.3125, 69.9375, 132.375, 89.375, 147.5, 98.25, 127.375, 29.609375, 175.875, 152.375, 61.21875, 129.25, 51.4375, 79.1875, 17.0, 35.0, 143.5, 20.0, 88.8125, 64.75, 91.25, 86.3125, 60.0, 90.5, 135.5, 101.9375, 189.75, 31.40625, 122.5625, 55.21875, 99.8125, 43.84375, 91.0625, 101.25, 144.875, 41.21875, 109.5625, 127.4375, 136.0, 74.75, 62.625, 120.0625, 104.375, 51.4375, 46.0, 62.03125, 123.0625, 170.875, 145.375, 122.0, 152.625, 135.75, 170.5, 70.8125, 24.84375, 93.0, 138.625, 166.25, 118.3125, 52.1875, 155.625, 46.625, 163.625, 109.5625, 172.75], [96.8125, 122.1875, 88.875, 109.625, 102.8125, 109.375, 46.84375, 159.75, 222.25, 25.3125, 84.6875, 68.125, 58.84375, 104.3125, 173.125, 81.8125, 0.0, 167.0, 126.9375, 182.125, 89.9375, 121.125, 129.75, 108.1875, 212.75, 103.0, 135.125, 72.8125, 81.125, 133.875, 32.25, 44.15625, 145.0, 13.6015625, 151.0, 168.125, 140.375, 222.25, 62.375, 151.125, 25.96875, 68.4375, 151.25, 115.5, 98.4375, 142.375, 100.1875, 172.25, 51.4375, 114.125, 208.25, 149.0, 128.25, 117.125, 14.421875, 60.40625, 39.84375, 65.125, 46.5, 173.375, 173.75, 109.375, 139.625, 144.125, 178.125, 45.21875, 161.25, 44.65625, 77.3125, 168.0, 70.5, 36.34375, 202.375, 151.125, 191.75, 177.75, 216.375, 75.1875, 126.375, 142.125, 136.75, 157.0, 172.0, 142.875, 164.125, 55.21875, 168.625, 113.0625, 41.21875, 141.125, 10.296875, 152.25, 44.1875, 19.421875, 11.3984375, 53.25, 144.75, 78.125, 74.9375, 26.578125, 179.125, 180.0, 163.0, 87.125, 150.625, 115.0625, 29.0625, 123.4375, 132.25, 44.40625, 72.0, 64.375, 160.75, 88.125, 9.4375, 146.5, 76.3125, 132.0, 25.96875, 130.125, 136.25, 81.4375, 226.75, 99.3125, 98.0625, 43.84375, 101.375, 102.375, 127.875, 51.25, 128.125, 120.1875, 153.5, 147.25, 164.875, 85.0625, 21.375, 110.4375, 137.75, 126.125, 84.125, 109.9375, 181.125, 158.75, 137.125, 132.625, 173.75, 120.1875, 198.125, 136.375, 102.5, 168.5, 182.25, 153.375, 87.3125, 46.75, 191.5, 60.8125, 196.0, 93.9375, 135.0], [70.3125, 69.75, 130.625, 115.4375, 130.0, 100.8125, 204.25, 59.5625, 59.0625, 144.0, 109.4375, 139.5, 129.125, 103.25, 99.9375, 121.9375, 167.0, 0.0, 124.625, 135.625, 78.75, 54.71875, 127.25, 110.0, 54.4375, 143.75, 165.5, 123.3125, 138.125, 43.46875, 138.375, 139.5, 168.625, 158.5, 156.25, 96.5625, 108.0625, 59.0625, 131.75, 134.0, 149.0, 99.3125, 94.3125, 87.0, 72.875, 110.9375, 102.9375, 20.25, 146.75, 72.5, 41.78125, 24.1875, 68.875, 76.5625, 168.125, 115.25, 161.875, 113.9375, 134.375, 77.3125, 24.765625, 58.6875, 65.0, 93.0, 11.3125, 123.625, 33.96875, 127.625, 135.5, 63.03125, 96.5625, 141.0, 43.3125, 95.4375, 24.703125, 24.328125, 56.875, 92.0625, 45.53125, 145.375, 115.25, 19.03125, 90.125, 66.625, 13.6015625, 111.8125, 15.8125, 59.03125, 165.75, 158.125, 158.125, 61.28125, 152.5, 161.5, 175.0, 128.75, 31.40625, 90.375, 159.75, 188.625, 34.46875, 134.125, 19.109375, 150.25, 134.625, 140.625, 165.0, 88.75, 129.0, 129.125, 114.0, 154.875, 55.21875, 139.5, 176.5, 120.0, 104.5625, 36.78125, 142.25, 36.90625, 79.875, 108.875, 68.0, 90.8125, 114.1875, 123.4375, 81.3125, 78.25, 39.34375, 141.875, 108.4375, 97.5, 13.6015625, 47.84375, 33.3125, 84.3125, 147.25, 93.625, 32.375, 83.5625, 86.3125, 61.71875, 30.8125, 112.3125, 95.875, 63.3125, 52.6875, 104.0625, 56.3125, 58.6875, 132.25, 79.375, 16.640625, 111.3125, 122.0625, 165.625, 36.21875, 165.625, 46.0, 102.0625, 151.5], [97.0625, 141.75, 38.46875, 169.5, 25.015625, 157.75, 135.375, 163.875, 180.0, 104.5625, 143.875, 156.625, 68.6875, 32.4375, 58.1875, 45.6875, 126.9375, 124.625, 0.0, 55.59375, 82.375, 76.4375, 3.60546875, 164.25, 178.375, 184.875, 218.875, 146.375, 165.5, 83.0625, 98.0625, 136.5, 226.625, 113.3125, 223.0, 54.90625, 22.671875, 180.0, 145.25, 24.59375, 129.75, 102.75, 183.125, 151.125, 76.1875, 188.75, 36.40625, 142.625, 76.9375, 57.875, 150.125, 126.0625, 146.75, 51.34375, 138.25, 74.875, 152.625, 69.0625, 133.0, 184.5, 111.3125, 105.625, 153.25, 37.1875, 134.0, 92.9375, 146.125, 120.8125, 160.5, 171.375, 95.0, 91.0625, 167.5, 40.3125, 142.0, 147.875, 180.25, 90.4375, 118.6875, 211.125, 14.421875, 105.75, 62.8125, 157.125, 112.5625, 98.625, 113.75, 78.875, 156.125, 218.25, 125.0, 160.0, 148.75, 137.125, 138.375, 75.25, 128.5, 105.1875, 176.0, 131.375, 156.375, 53.46875, 136.125, 49.25, 209.375, 190.875, 103.8125, 159.375, 6.40234375, 123.0, 59.90625, 70.0625, 161.375, 42.0625, 133.375, 21.21875, 129.375, 96.125, 105.6875, 103.5625, 162.25, 140.125, 191.125, 48.75, 159.625, 99.5625, 131.0, 61.09375, 106.0625, 145.25, 177.625, 28.078125, 115.375, 145.875, 148.0, 107.9375, 108.25, 152.625, 118.625, 41.1875, 77.125, 78.5625, 114.25, 199.75, 174.75, 145.875, 167.25, 168.75, 179.5, 65.9375, 26.015625, 66.5, 140.0, 195.875, 157.5, 91.0, 160.75, 80.5, 170.25, 145.375, 210.375], [135.75, 175.25, 94.0625, 210.75, 80.5, 197.375, 190.0, 187.875, 180.0, 159.125, 188.125, 205.5, 123.5, 80.9375, 36.21875, 100.4375, 182.125, 135.625, 55.59375, 0.0, 124.1875, 105.0, 53.25, 205.125, 182.75, 230.25, 262.5, 193.375, 212.875, 104.8125, 152.375, 187.875, 269.5, 168.625, 263.25, 39.0625, 44.40625, 180.0, 194.25, 33.125, 183.125, 149.5, 214.5, 188.125, 115.375, 224.25, 85.4375, 155.75, 132.5, 91.9375, 146.0, 146.375, 178.875, 84.875, 193.0, 127.25, 205.625, 121.4375, 183.875, 208.125, 114.4375, 140.0, 182.625, 50.34375, 141.625, 145.625, 165.25, 171.75, 208.125, 194.0, 141.75, 146.0, 173.25, 44.40625, 144.625, 159.875, 183.375, 136.25, 147.625, 251.25, 45.875, 117.625, 46.28125, 186.125, 122.0, 148.625, 120.8125, 111.375, 209.25, 260.25, 179.75, 186.125, 200.875, 191.375, 193.5, 129.75, 151.125, 149.5, 226.0, 186.875, 170.0, 2.236328125, 152.125, 103.0625, 246.75, 234.25, 159.375, 195.125, 51.09375, 174.0, 112.75, 125.125, 184.375, 97.1875, 188.875, 35.75, 174.5, 120.0625, 160.0, 129.125, 194.375, 184.75, 193.125, 93.1875, 202.375, 151.75, 169.75, 100.75, 132.875, 196.0, 215.125, 67.4375, 131.375, 170.875, 166.125, 150.25, 162.875, 191.125, 142.75, 70.75, 121.625, 112.625, 113.4375, 232.375, 209.0, 176.375, 186.375, 207.0, 191.5, 85.25, 81.3125, 56.71875, 147.375, 229.375, 202.625, 146.25, 169.875, 135.0, 180.25, 187.5, 252.5], [16.03125, 61.65625, 66.0, 87.625, 72.5625, 75.5, 125.5, 91.25, 136.5, 65.875, 63.875, 83.9375, 52.78125, 50.09375, 101.0625, 54.03125, 89.9375, 78.75, 82.375, 124.1875, 0.0, 32.25, 85.9375, 82.1875, 129.0, 106.0625, 138.625, 70.25, 89.5625, 44.375, 59.90625, 72.25, 145.75, 80.25, 141.0, 95.6875, 80.625, 136.5, 73.0625, 103.625, 75.9375, 28.4375, 102.9375, 69.0625, 10.1953125, 106.75, 46.625, 87.8125, 70.0, 33.53125, 119.0, 64.875, 67.375, 39.96875, 93.4375, 37.1875, 94.0, 37.125, 67.375, 110.4375, 83.75, 28.640625, 76.0, 74.875, 90.0, 45.28125, 81.875, 57.0, 85.0, 99.625, 22.0, 62.28125, 118.0625, 81.8125, 103.25, 93.625, 132.25, 16.03125, 46.5, 129.0, 82.4375, 67.125, 96.1875, 80.0, 74.4375, 35.90625, 78.75, 23.53125, 98.0, 136.875, 81.9375, 85.5, 86.3125, 87.875, 99.0, 51.03125, 63.0625, 25.546875, 105.3125, 110.125, 97.75, 122.0, 78.8125, 83.375, 127.0625, 110.3125, 86.3125, 77.5, 88.6875, 59.0, 40.25, 80.75, 90.0, 74.0, 99.3125, 92.125, 50.46875, 42.4375, 64.4375, 42.4375, 82.1875, 60.59375, 143.25, 33.625, 78.5, 46.25, 48.75, 23.4375, 41.40625, 78.25, 95.25, 58.125, 65.1875, 74.0, 85.0, 26.171875, 69.375, 70.25, 53.84375, 53.8125, 8.546875, 20.390625, 91.1875, 118.6875, 93.3125, 68.0, 99.9375, 86.375, 119.875, 51.46875, 74.3125, 89.3125, 94.8125, 114.5, 78.4375, 88.25, 108.0, 90.3125, 114.5625, 63.78125, 129.125], [35.125, 70.1875, 76.1875, 107.8125, 76.875, 93.75, 153.375, 87.6875, 113.75, 96.375, 89.0625, 113.25, 75.75, 50.0, 76.0625, 67.25, 121.125, 54.71875, 76.4375, 105.0, 32.25, 0.0, 79.625, 102.0, 108.6875, 130.625, 160.625, 98.375, 117.0625, 13.0390625, 89.9375, 104.0, 166.625, 110.5625, 159.125, 70.9375, 65.9375, 113.75, 102.9375, 92.0, 108.1875, 60.0, 110.0625, 83.4375, 22.796875, 119.1875, 49.03125, 69.25, 93.375, 19.109375, 91.3125, 50.15625, 74.125, 25.078125, 125.375, 63.8125, 126.0625, 61.40625, 99.0625, 108.25, 53.53125, 35.375, 78.8125, 54.90625, 65.75, 75.9375, 70.0625, 89.0625, 112.875, 95.0625, 54.15625, 90.5625, 97.5, 60.59375, 77.4375, 74.9375, 111.375, 48.25, 43.46875, 147.125, 70.875, 38.90625, 69.3125, 82.4375, 46.6875, 68.0625, 50.25, 9.0546875, 130.0, 157.0, 113.625, 84.1875, 118.0625, 120.0625, 130.625, 76.375, 52.09375, 54.75, 134.875, 139.625, 82.0, 103.0, 61.625, 95.75, 141.875, 132.625, 114.0, 90.125, 81.875, 91.0625, 60.09375, 100.4375, 85.0, 85.0625, 130.375, 78.5625, 77.8125, 20.21875, 95.25, 27.171875, 89.6875, 86.5625, 122.5625, 36.25, 101.0, 77.875, 66.375, 23.59375, 29.828125, 109.4375, 110.375, 48.375, 42.53125, 69.625, 72.25, 52.1875, 100.0625, 87.125, 42.1875, 37.0, 37.0, 12.0, 60.40625, 127.75, 104.0625, 72.0, 91.0, 102.5625, 105.3125, 21.953125, 79.0625, 60.8125, 71.375, 124.5625, 103.8125, 112.5625, 88.9375, 111.375, 97.4375, 86.0625, 149.25], [100.625, 145.25, 41.0, 173.125, 27.296875, 161.375, 137.125, 167.25, 182.25, 107.5625, 147.375, 160.125, 71.6875, 36.0625, 57.96875, 48.75, 129.75, 127.25, 3.60546875, 53.25, 85.9375, 79.625, 0.0, 167.875, 180.875, 188.375, 222.375, 149.875, 169.0, 86.0, 101.125, 139.875, 230.25, 116.0625, 226.625, 55.0, 23.4375, 182.25, 148.75, 21.546875, 132.875, 106.3125, 186.625, 154.75, 79.6875, 192.375, 40.0, 145.375, 79.4375, 61.1875, 152.125, 129.125, 150.25, 54.59375, 141.125, 78.25, 155.75, 72.4375, 136.375, 187.75, 113.5, 109.125, 156.75, 38.59375, 136.5, 96.25, 149.125, 124.1875, 164.0, 174.625, 98.625, 94.0, 170.0, 41.125, 144.375, 150.625, 182.625, 94.0, 122.0, 214.625, 14.8671875, 108.3125, 63.125, 160.625, 115.125, 102.0625, 116.1875, 82.25, 159.25, 221.875, 127.9375, 163.375, 152.0, 140.125, 141.125, 78.3125, 131.625, 108.8125, 179.5, 133.625, 159.25, 51.15625, 139.0, 50.625, 213.0, 194.5, 106.1875, 162.875, 2.828125, 126.375, 63.25, 72.0, 164.625, 44.0, 136.0, 19.921875, 132.875, 99.25, 108.75, 106.8125, 165.75, 143.625, 193.5, 52.34375, 163.25, 102.875, 134.625, 64.625, 109.3125, 148.625, 181.125, 31.25, 118.1875, 149.125, 151.0, 111.5, 111.25, 156.125, 121.8125, 44.03125, 80.6875, 82.0, 116.25, 203.375, 178.375, 149.375, 170.375, 172.25, 182.375, 68.5625, 28.078125, 67.375, 142.625, 199.5, 161.125, 93.0625, 163.5, 82.25, 173.0, 149.0, 214.0], [69.3125, 40.3125, 141.5, 5.83203125, 151.25, 9.21875, 155.0, 68.375, 146.0, 99.3125, 25.0, 45.46875, 115.75, 131.75, 178.0, 128.875, 108.1875, 110.0, 164.25, 205.125, 82.1875, 102.0, 167.875, 0.0, 133.0, 34.0, 58.84375, 35.46875, 36.40625, 107.1875, 99.0, 64.25, 64.6875, 108.875, 58.8125, 172.875, 162.375, 146.0, 46.53125, 185.75, 82.25, 64.5, 45.46875, 23.09375, 90.0, 34.21875, 127.9375, 102.0625, 126.6875, 113.125, 148.0, 85.8125, 42.0, 120.25, 99.8125, 99.75, 79.0625, 104.0625, 61.6875, 73.625, 130.25, 66.875, 50.0, 154.875, 117.1875, 89.5625, 84.375, 66.5, 36.78125, 74.25, 71.3125, 108.0625, 125.6875, 161.375, 130.0, 105.375, 137.125, 74.6875, 67.6875, 46.875, 164.625, 113.25, 171.25, 50.96875, 116.4375, 75.3125, 121.25, 94.375, 81.375, 55.1875, 98.0625, 61.03125, 69.625, 91.8125, 109.25, 109.8125, 78.625, 59.46875, 58.3125, 134.75, 100.625, 203.0, 95.0, 154.5, 47.3125, 31.390625, 125.8125, 24.046875, 170.625, 65.75, 112.0, 142.25, 71.5, 147.625, 115.5, 174.125, 38.625, 93.9375, 96.3125, 85.5, 38.09375, 29.015625, 144.875, 115.6875, 10.296875, 83.1875, 35.59375, 105.125, 81.0, 59.0625, 19.921875, 140.25, 100.6875, 66.25, 87.5625, 56.3125, 99.75, 16.5, 79.5625, 134.375, 87.125, 92.75, 138.0, 50.59375, 31.140625, 48.03125, 85.125, 12.8046875, 110.875, 123.8125, 152.625, 162.25, 118.0, 45.21875, 22.203125, 138.0, 114.9375, 147.25, 114.3125, 19.3125, 47.4375], [117.4375, 97.0625, 184.75, 137.0, 184.5, 124.9375, 253.25, 65.125, 14.140625, 191.625, 141.75, 172.25, 181.125, 157.625, 146.5, 175.75, 212.75, 54.4375, 178.375, 182.75, 129.0, 108.6875, 180.875, 133.0, 0.0, 166.0, 178.125, 157.0, 167.375, 97.875, 186.75, 178.875, 178.125, 205.75, 162.5, 144.125, 160.5, 14.140625, 167.25, 185.75, 191.625, 144.375, 99.0, 111.6875, 124.8125, 119.0625, 157.25, 41.21875, 198.625, 126.875, 41.1875, 64.4375, 92.875, 131.0, 211.375, 166.25, 200.375, 165.625, 174.125, 69.4375, 69.0, 103.9375, 83.1875, 145.0, 44.375, 171.875, 52.15625, 170.0, 166.0, 61.125, 143.5, 190.625, 11.1796875, 146.375, 38.0625, 35.46875, 4.125, 140.125, 86.375, 154.0, 168.125, 72.8125, 136.5, 82.0, 65.75, 158.375, 64.75, 112.0, 203.75, 168.0, 203.125, 72.0625, 190.375, 204.0, 219.25, 180.0, 67.9375, 134.625, 189.875, 236.25, 34.125, 181.5, 50.34375, 204.375, 139.375, 158.875, 214.625, 108.9375, 182.375, 171.0, 166.75, 207.875, 61.625, 193.75, 222.0, 172.0, 141.875, 89.5625, 189.5, 86.8125, 95.3125, 142.625, 14.2109375, 144.875, 140.375, 170.375, 115.625, 132.0, 87.625, 179.125, 123.1875, 151.625, 66.1875, 68.875, 48.5625, 127.6875, 194.5, 118.9375, 75.75, 137.5, 137.25, 114.375, 69.25, 112.625, 107.8125, 86.9375, 48.5, 122.8125, 25.5, 112.5625, 186.625, 126.1875, 38.3125, 114.1875, 151.0, 217.25, 21.21875, 218.25, 18.6875, 132.5, 163.0], [96.0625, 74.1875, 157.0, 29.15625, 168.5, 43.03125, 148.5, 100.875, 179.25, 102.375, 42.1875, 35.34375, 127.5, 152.75, 205.875, 144.75, 103.0, 143.75, 184.875, 230.25, 106.0625, 130.625, 188.375, 34.0, 166.0, 0.0, 34.875, 39.125, 22.5625, 137.5, 104.375, 61.0, 44.0, 107.9375, 48.0, 200.5, 186.375, 179.25, 44.28125, 207.875, 78.4375, 82.125, 72.0625, 57.03125, 115.1875, 54.21875, 148.625, 136.0, 134.5, 139.0, 182.0, 119.625, 76.0, 145.75, 91.25, 113.75, 65.9375, 119.0, 61.125, 102.875, 163.375, 96.75, 83.625, 180.75, 151.125, 99.3125, 118.25, 70.9375, 27.203125, 105.9375, 89.875, 114.1875, 159.125, 187.625, 164.0, 139.25, 170.125, 94.75, 100.4375, 39.8125, 187.375, 146.0, 199.875, 84.1875, 149.625, 88.1875, 154.5, 122.3125, 66.6875, 38.46875, 94.1875, 93.9375, 59.0625, 84.0625, 100.5, 120.75, 112.4375, 80.8125, 34.0, 128.25, 134.25, 228.0, 129.0, 166.75, 51.4375, 13.0, 126.5625, 57.4375, 191.25, 69.3125, 127.875, 150.625, 104.375, 161.75, 108.25, 197.375, 55.90625, 125.25, 99.4375, 117.3125, 70.625, 45.46875, 177.375, 137.875, 30.359375, 92.125, 65.8125, 129.5, 112.9375, 52.34375, 44.28125, 163.5, 134.0, 100.1875, 121.4375, 80.1875, 101.4375, 50.15625, 112.8125, 159.75, 109.0, 120.25, 171.25, 69.3125, 59.625, 82.0, 117.625, 43.1875, 143.0, 152.625, 169.5, 191.5, 152.0, 64.4375, 27.65625, 141.625, 148.5, 153.125, 147.25, 44.78125, 32.0], [127.125, 96.9375, 191.75, 53.0, 203.0, 67.625, 179.0, 114.1875, 192.0, 136.625, 75.0625, 69.25, 162.375, 186.5, 236.625, 179.5, 135.125, 165.5, 218.875, 262.5, 138.625, 160.625, 222.375, 58.84375, 178.125, 34.875, 0.0, 73.9375, 57.0, 166.0, 138.875, 94.9375, 10.0, 141.25, 23.34375, 231.375, 219.25, 192.0, 78.9375, 241.5, 111.625, 116.1875, 79.125, 80.125, 147.25, 59.03125, 182.5, 154.375, 169.125, 170.875, 200.375, 141.625, 96.75, 177.75, 122.3125, 148.5, 96.125, 153.75, 95.5, 109.75, 187.25, 125.625, 101.1875, 212.75, 171.25, 134.125, 136.0, 105.6875, 61.84375, 117.0, 123.875, 148.75, 173.125, 219.375, 183.0, 156.5, 182.125, 128.375, 125.6875, 25.296875, 220.75, 170.875, 230.0, 100.4375, 173.375, 122.9375, 178.0, 152.75, 96.0, 12.203125, 126.9375, 108.6875, 90.9375, 115.75, 131.125, 155.625, 134.375, 113.9375, 61.0, 159.25, 149.625, 260.5, 148.75, 201.75, 41.78125, 28.3125, 160.125, 76.875, 225.25, 104.0, 162.5, 185.375, 118.3125, 196.625, 139.25, 230.5, 89.5, 152.625, 133.75, 144.0, 86.5, 78.75, 187.625, 171.25, 60.21875, 127.0, 94.3125, 162.0, 139.5, 85.875, 57.28125, 196.625, 157.5, 118.6875, 138.625, 112.4375, 135.5, 74.6875, 136.875, 191.875, 142.25, 151.0, 194.875, 68.125, 71.4375, 102.1875, 130.0, 61.6875, 153.375, 182.5, 204.125, 221.0, 171.0, 65.125, 61.40625, 175.625, 163.25, 187.5, 160.0, 75.1875, 15.03125], [63.3125, 59.9375, 117.875, 36.875, 129.375, 38.0, 119.625, 95.8125, 168.875, 66.1875, 15.265625, 16.125, 88.5625, 114.625, 171.25, 105.6875, 72.8125, 123.3125, 146.375, 193.375, 70.25, 98.375, 149.875, 35.46875, 157.0, 39.125, 73.9375, 0.0, 19.421875, 107.25, 67.0625, 28.796875, 82.75, 74.3125, 83.6875, 165.875, 149.25, 168.875, 11.3984375, 169.75, 46.84375, 44.03125, 79.9375, 47.5, 80.0625, 69.5625, 110.375, 120.8125, 96.5625, 103.75, 164.375, 100.25, 64.6875, 110.125, 64.375, 74.625, 45.25, 79.875, 26.46875, 105.4375, 139.0, 68.1875, 75.4375, 144.875, 132.625, 60.53125, 105.3125, 33.375, 14.765625, 103.0625, 51.84375, 76.6875, 148.25, 152.0, 146.375, 125.25, 161.0, 57.1875, 77.8125, 73.1875, 149.625, 121.0, 166.125, 77.8125, 126.125, 49.09375, 131.125, 89.5, 48.15625, 75.9375, 62.8125, 88.0, 35.375, 56.375, 73.8125, 81.9375, 93.875, 44.71875, 37.125, 99.3125, 123.0625, 191.25, 112.375, 127.9375, 79.0, 47.75, 92.0, 53.8125, 152.75, 32.125, 88.8125, 112.625, 97.9375, 122.6875, 80.0625, 159.75, 20.609375, 97.4375, 63.1875, 91.0, 67.875, 14.5625, 170.0, 100.4375, 25.296875, 53.5, 42.4375, 93.3125, 87.0, 24.203125, 55.375, 126.1875, 111.4375, 88.125, 108.875, 46.1875, 66.0, 41.0, 90.9375, 123.8125, 71.875, 87.0, 147.0, 86.0625, 65.5, 70.3125, 111.75, 47.84375, 137.625, 119.875, 130.375, 158.625, 134.875, 80.625, 15.0, 105.5625, 137.125, 116.125, 138.625, 25.0, 68.625], [81.9375, 71.0625, 136.0, 34.65625, 147.875, 42.9375, 127.125, 103.75, 179.875, 79.8125, 29.15625, 13.0, 105.8125, 133.875, 190.5, 124.0, 81.125, 138.125, 165.5, 212.875, 89.5625, 117.0625, 169.0, 36.40625, 167.375, 22.5625, 57.0, 19.421875, 0.0, 125.4375, 81.9375, 38.46875, 66.4375, 85.5, 70.1875, 185.125, 168.625, 179.875, 21.9375, 189.0, 56.09375, 63.40625, 81.3125, 55.71875, 99.3125, 66.875, 129.5, 133.5, 112.1875, 123.0625, 178.375, 114.4375, 74.625, 129.5, 70.0625, 92.8125, 45.875, 98.25, 38.59375, 110.0, 155.375, 85.5, 84.3125, 164.25, 146.75, 77.5, 116.9375, 48.75, 5.0, 110.125, 71.1875, 91.75, 159.375, 171.375, 160.25, 137.5, 171.5, 76.625, 93.0, 61.0625, 169.0, 137.5, 185.25, 85.9375, 142.125, 67.5, 147.125, 108.25, 47.4375, 61.0, 72.0, 96.1875, 37.84375, 62.5, 79.4375, 99.0, 107.6875, 64.0, 22.46875, 106.8125, 134.125, 210.625, 125.625, 145.0, 70.3125, 34.0, 104.0625, 59.53125, 171.875, 47.0, 107.3125, 128.375, 106.5, 140.375, 86.8125, 179.125, 39.40625, 114.75, 76.9375, 107.8125, 73.9375, 30.8125, 179.75, 119.8125, 27.296875, 70.3125, 57.0, 112.6875, 103.5625, 30.015625, 53.90625, 145.625, 127.0, 99.0625, 120.3125, 65.0, 78.875, 48.46875, 106.0, 143.25, 91.25, 105.875, 163.375, 83.1875, 67.25, 80.625, 120.3125, 48.90625, 146.25, 138.75, 148.875, 177.5, 148.5, 77.9375, 16.5, 119.125, 148.375, 130.625, 148.75, 36.21875, 54.34375], [44.28125, 72.125, 87.25, 113.0, 86.