{"name": "LZB_n160_13", "n": 160, "m": 20, "times": [[0.0, 65.3125, 82.375, 42.53125, 100.875, 41.34375, 113.125, 92.9375, 8.546875, 80.75, 80.75, 130.875, 76.875, 53.9375, 97.9375, 76.6875, 66.1875, 116.0625, 109.4375, 73.8125, 90.4375, 65.0, 46.0, 112.625, 99.0, 75.8125, 30.8125, 68.875, 117.6875, 129.375, 72.875, 61.03125, 99.0625, 92.0, 112.5, 50.4375, 85.125, 130.25, 87.0, 110.125, 84.5, 53.75, 93.9375, 76.5, 106.1875, 67.125, 66.875, 79.625, 82.625, 108.0625, 100.6875, 92.5625, 17.46875, 52.6875, 100.6875, 61.03125, 103.9375, 34.9375, 94.75, 44.40625, 60.03125, 80.125, 59.4375, 104.0, 77.125, 54.0, 91.8125, 96.5625, 101.8125, 25.546875, 101.75, 53.75, 109.625, 62.5, 121.25, 91.5625, 96.375, 102.1875, 65.125, 102.3125, 113.75, 74.6875, 37.8125, 16.28125, 36.6875, 83.0, 112.0625, 110.0, 24.734375, 56.3125, 47.8125, 51.09375, 117.9375, 68.4375, 120.1875, 122.4375, 96.1875, 94.625, 119.875, 70.4375, 60.40625, 124.0, 72.0, 43.84375, 71.125, 115.3125, 109.6875, 87.1875, 49.40625, 90.4375, 60.40625, 92.4375, 78.125, 90.5625, 89.5, 99.0, 124.625, 51.53125, 77.8125, 44.03125, 16.0, 99.875, 77.125, 120.125, 105.875, 58.6875, 97.3125, 56.625, 54.5625, 113.1875, 82.25, 98.6875, 81.25, 99.75, 65.1875, 82.0, 86.4375, 10.1953125, 78.125, 110.375, 88.125, 74.25, 10.0, 90.25, 81.4375, 110.375, 80.5, 106.5, 76.5625, 97.6875, 84.375, 126.5625, 38.59375, 83.0, 86.375, 94.1875, 99.5, 52.0, 99.75, 107.9375, 61.84375], [65.3125, 0.0, 94.875, 105.125, 120.8125, 28.859375, 178.25, 149.875, 72.875, 145.625, 19.0, 65.9375, 141.875, 52.09375, 117.75, 141.375, 130.625, 180.5, 174.125, 57.78125, 129.0, 129.875, 100.75, 177.5, 66.5625, 128.75, 78.75, 111.4375, 180.875, 64.8125, 108.3125, 51.625, 151.0, 143.0, 175.375, 98.625, 51.40625, 195.125, 146.25, 117.3125, 53.25, 12.6484375, 158.0, 131.875, 122.4375, 13.453125, 6.40234375, 120.0625, 40.3125, 172.75, 147.75, 41.96875, 59.625, 14.3203125, 165.625, 126.1875, 169.125, 82.3125, 159.875, 84.4375, 53.75, 143.875, 121.1875, 129.25, 142.375, 112.1875, 96.625, 98.375, 125.625, 73.9375, 53.15625, 114.625, 123.0, 61.34375, 132.875, 63.25, 98.875, 136.375, 58.6875, 162.875, 141.125, 30.234375, 103.0625, 56.40625, 39.625, 125.1875, 177.375, 44.9375, 88.1875, 81.125, 63.125, 17.265625, 144.75, 133.625, 140.625, 61.09375, 158.625, 136.875, 145.5, 126.125, 67.1875, 137.875, 86.3125, 107.0625, 106.375, 51.03125, 120.0625, 85.6875, 113.875, 124.375, 122.0625, 149.875, 102.0, 76.8125, 123.5625, 85.0625, 62.15625, 114.75, 104.9375, 103.8125, 76.5625, 145.75, 95.5625, 142.125, 113.625, 8.0625, 154.25, 96.4375, 91.1875, 113.875, 144.5, 147.25, 131.0, 158.0, 130.25, 133.0, 21.21875, 72.125, 35.375, 125.5, 53.03125, 104.375, 55.59375, 53.15625, 124.25, 111.25, 34.875, 171.125, 141.625, 148.0, 19.703125, 147.625, 27.796875, 134.625, 81.625, 82.625, 164.75, 84.9375, 35.5, 144.375, 107.8125], [82.375, 94.875, 0.0, 113.375, 182.5, 72.1875, 157.875, 164.375, 88.125, 117.625, 113.0625, 134.5, 115.75, 124.0, 23.1875, 131.25, 103.75, 166.125, 138.875, 140.25, 48.0, 106.1875, 124.9375, 159.875, 59.9375, 70.3125, 56.03125, 45.1875, 173.375, 131.625, 155.25, 43.40625, 174.75, 168.75, 169.875, 131.75, 60.03125, 175.375, 155.625, 189.125, 57.0625, 85.0625, 120.6875, 151.25, 27.734375, 106.75, 100.875, 45.34375, 70.1875, 137.625, 72.625, 81.75, 96.8125, 94.375, 133.75, 107.4375, 148.875, 117.1875, 142.375, 126.75, 129.25, 139.0, 86.875, 36.0, 126.0, 73.375, 12.3671875, 173.25, 32.0, 107.9375, 82.0, 125.125, 190.25, 33.53125, 40.375, 53.5, 17.265625, 184.25, 36.6875, 167.0, 196.125, 73.1875, 95.5, 93.625, 63.0, 164.125, 151.875, 128.125, 79.625, 26.578125, 37.46875, 80.125, 51.09375, 114.875, 202.25, 115.1875, 157.125, 175.375, 51.34375, 145.5, 135.75, 44.40625, 151.25, 112.8125, 153.5, 119.625, 189.625, 162.0, 112.5625, 39.4375, 87.125, 163.125, 159.75, 35.0, 171.75, 36.78125, 119.875, 88.4375, 21.265625, 74.125, 96.6875, 179.0, 8.546875, 202.25, 185.0, 87.6875, 168.125, 39.46875, 36.0, 190.25, 102.6875, 74.4375, 65.8125, 168.5, 108.0625, 159.625, 106.0625, 76.1875, 127.9375, 191.375, 144.5, 25.234375, 78.8125, 145.375, 51.0, 187.375, 74.0, 156.5, 116.5, 77.8125, 110.1875, 52.8125, 89.625, 160.125, 23.328125, 32.65625, 140.0, 134.0, 109.0, 57.25, 143.0], [42.53125, 105.125, 113.375, 0.0, 89.875, 83.625, 74.875, 52.03125, 34.0, 52.09375, 118.125, 171.0, 48.03125, 75.75, 122.9375, 37.75, 42.96875, 75.6875, 78.875, 94.25, 103.625, 39.46875, 19.3125, 73.4375, 140.5, 76.5625, 57.5625, 83.5, 75.8125, 169.875, 56.34375, 101.8125, 61.40625, 55.65625, 70.4375, 30.671875, 127.1875, 90.9375, 44.90625, 106.625, 126.375, 94.625, 68.0, 37.84375, 132.0, 104.0, 105.4375, 93.5, 125.1875, 77.6875, 103.6875, 135.125, 45.96875, 91.375, 69.625, 33.25, 66.375, 31.78125, 56.9375, 40.0, 81.0, 38.90625, 48.5625, 124.8125, 41.4375, 53.75, 124.625, 99.75, 123.875, 34.46875, 144.25, 12.0, 101.75, 101.375, 147.875, 132.75, 129.5, 79.1875, 104.8125, 59.8125, 94.5, 117.1875, 20.609375, 48.84375, 79.125, 56.59375, 76.0, 148.5, 33.71875, 87.125, 85.125, 92.625, 135.875, 37.125, 105.375, 164.25, 53.84375, 65.8125, 138.5, 32.28125, 73.375, 149.125, 74.1875, 3.0, 55.46875, 156.0, 104.0625, 95.0, 12.0390625, 107.375, 49.40625, 51.15625, 70.1875, 129.25, 69.1875, 137.0, 166.125, 39.40625, 101.9375, 45.8125, 28.59375, 67.0625, 106.25, 104.0625, 102.875, 99.375, 56.15625, 77.625, 78.75, 113.5625, 64.0, 100.4375, 84.875, 57.875, 38.21875, 47.0, 126.25, 41.59375, 109.0625, 101.125, 113.875, 97.3125, 52.3125, 116.5, 92.625, 111.1875, 123.0625, 66.6875, 47.09375, 97.4375, 123.0625, 147.375, 77.3125, 47.15625, 123.0625, 132.0, 64.625, 49.03125, 140.375, 120.0, 38.28125], [100.875, 120.8125, 182.5, 89.875, 0.0, 120.5625, 143.0, 84.0, 96.875, 137.75, 120.125, 172.5, 134.25, 68.875, 198.875, 114.5625, 132.0, 136.625, 159.5, 67.625, 188.0, 128.125, 70.6875, 139.125, 183.0, 165.0, 130.875, 166.5, 127.875, 173.0, 33.625, 152.25, 71.1875, 65.5, 122.5, 59.53125, 167.125, 152.25, 90.125, 22.46875, 168.0, 118.875, 153.75, 73.0, 207.125, 110.125, 116.375, 177.25, 158.625, 158.625, 192.25, 162.625, 85.6875, 108.875, 150.875, 121.8125, 138.125, 67.9375, 130.375, 57.28125, 67.1875, 108.5625, 138.25, 204.5, 122.5625, 141.5, 190.875, 32.4375, 202.5, 75.75, 173.75, 85.375, 13.0, 157.375, 222.0, 177.375, 195.125, 28.84375, 158.375, 103.4375, 22.46875, 148.25, 108.9375, 89.0625, 124.8125, 42.0625, 149.125, 146.0, 113.6875, 157.0, 146.0, 121.0625, 217.75, 123.375, 20.25, 177.125, 109.25, 44.28125, 219.875, 72.4375, 53.75, 224.875, 34.71875, 92.625, 34.4375, 162.75, 17.46875, 41.4375, 100.4375, 189.625, 139.125, 85.8125, 22.796875, 183.625, 26.171875, 192.5, 176.5, 128.875, 178.5, 132.0, 89.125, 55.15625, 177.75, 21.375, 21.09375, 121.0, 86.6875, 156.25, 155.0, 33.53125, 153.25, 189.25, 172.75, 92.75, 126.5, 62.125, 135.0, 109.0, 96.75, 11.3984375, 86.375, 174.875, 103.75, 88.875, 177.75, 32.75, 154.0, 132.0, 133.0, 186.625, 128.0, 227.125, 102.8125, 64.1875, 182.5, 188.375, 141.75, 48.90625, 150.125, 205.25, 52.1875], [41.34375, 28.859375, 72.1875, 83.625, 120.5625, 0.0, 153.75, 132.5, 49.75, 119.1875, 47.53125, 91.0625, 115.5, 54.65625, 93.9375, 117.8125, 103.875, 157.25, 147.375, 68.6875, 101.375, 103.5, 83.6875, 153.5, 63.5, 99.9375, 49.96875, 83.0625, 159.0, 89.375, 100.625, 32.8125, 136.5, 128.875, 153.875, 84.5625, 48.09375, 171.125, 127.375, 122.4375, 48.375, 16.28125, 130.625, 115.25, 99.875, 37.125, 33.125, 92.0625, 42.75, 146.0, 119.25, 51.625, 42.4375, 22.796875, 139.125, 100.4375, 144.5, 67.5, 135.5, 73.0, 59.03125, 121.5, 93.3125, 104.375, 117.5625, 83.6875, 76.6875, 104.875, 101.0, 57.71875, 61.40625, 94.4375, 125.6875, 40.375, 112.0625, 57.28125, 80.0, 130.25, 39.6875, 143.125, 138.25, 33.84375, 77.875, 38.46875, 11.0, 115.0, 152.0, 72.9375, 61.625, 54.34375, 36.6875, 11.703125, 119.875, 108.1875, 140.75, 81.1875, 137.375, 127.0, 120.875, 109.1875, 68.5, 116.5, 86.375, 85.0625, 98.625, 75.1875, 123.9375, 92.8125, 90.6875, 97.5, 94.125, 132.25, 99.0625, 63.625, 117.125, 72.5625, 83.625, 87.4375, 78.875, 75.6875, 55.53125, 134.25, 71.1875, 141.625, 118.3125, 20.875, 136.875, 68.0, 63.0, 121.625, 116.5, 118.625, 102.25, 139.875, 104.0625, 118.6875, 48.3125, 45.96875, 56.625, 127.5625, 72.5, 77.6875, 31.390625, 73.5625, 96.0, 118.8125, 39.84375, 147.625, 115.4375, 119.1875, 48.375, 124.3125, 18.59375, 120.0625, 64.5625, 68.8125, 139.25, 76.625, 59.8125, 117.375, 95.25], [113.125, 178.25, 157.875, 74.875, 143.0, 153.75, 0.0, 60.8125, 105.375, 40.25, 192.5, 244.0, 42.375, 149.875, 156.875, 37.1875, 54.78125, 12.203125, 29.15625, 167.375, 125.0, 53.21875, 87.3125, 5.0, 201.75, 92.0625, 112.75, 114.4375, 25.5, 242.625, 113.125, 163.5, 77.125, 79.75, 27.203125, 96.4375, 191.0, 17.890625, 53.03125, 164.375, 189.5, 166.875, 41.4375, 70.1875, 165.625, 178.375, 179.25, 119.3125, 192.0, 29.53125, 109.5, 203.25, 120.4375, 165.0, 27.65625, 54.375, 9.4375, 105.125, 18.390625, 110.6875, 154.75, 37.6875, 71.1875, 152.0, 36.25, 84.75, 170.25, 163.75, 153.125, 109.3125, 211.125, 68.875, 156.0, 159.625, 180.25, 193.625, 175.125, 119.6875, 164.125, 43.3125, 136.25, 185.625, 75.9375, 122.9375, 146.875, 101.0, 10.0, 222.5, 93.0, 136.75, 143.125, 164.125, 156.5, 46.3125, 150.875, 235.0, 34.25, 101.625, 159.5, 71.875, 145.25, 179.0, 141.0, 72.4375, 113.4375, 228.5, 160.125, 162.5, 64.6875, 133.125, 70.875, 58.6875, 130.75, 184.375, 117.0, 190.375, 237.5, 71.5625, 139.25, 86.375, 102.3125, 93.75, 149.375, 148.125, 161.625, 171.875, 59.65625, 118.6875, 123.0, 173.875, 58.0, 105.375, 100.0, 54.125, 51.875, 81.0, 199.5, 107.9375, 183.875, 154.0, 187.875, 134.375, 123.0625, 190.5, 115.125, 172.125, 191.0, 11.046875, 41.78125, 100.4375, 196.875, 170.375, 150.875, 79.0, 175.25, 185.375, 18.109375, 118.0, 212.875, 134.875, 96.3125], [92.9375, 149.875, 164.375, 52.03125, 84.0, 132.5, 60.8125, 0.0, 84.5, 70.0, 159.5, 214.5, 67.9375, 108.375, 171.75, 43.875, 72.9375, 53.0, 82.75, 121.9375, 147.75, 68.8125, 49.25, 56.4375, 191.875, 116.375, 109.1875, 130.0, 43.9375, 213.875, 58.125, 153.5, 17.0, 19.03125, 38.46875, 52.1875, 178.125, 68.25, 10.6328125, 106.125, 177.5, 141.0, 83.4375, 18.03125, 181.0, 145.625, 148.75, 138.75, 175.0, 82.3125, 141.5, 184.0, 91.0, 135.5, 75.6875, 64.0, 57.875, 67.625, 52.3125, 67.625, 111.75, 34.65625, 87.1875, 171.75, 53.03125, 97.5, 175.875, 108.625, 171.375, 76.0625, 193.875, 40.0625, 96.875, 153.375, 196.75, 184.25, 180.875, 59.0625, 156.75, 19.421875, 75.4375, 166.375, 68.875, 94.6875, 129.5, 42.4375, 68.4375, 190.0, 85.125, 138.5, 137.125, 140.0, 181.0, 60.21875, 90.1875, 210.625, 26.6875, 41.0, 183.75, 23.703125, 99.1875, 197.375, 89.375, 52.0, 59.0625, 200.625, 101.4375, 110.0625, 51.96875, 153.25, 87.6875, 2.236328125, 75.625, 181.25, 57.875, 189.125, 212.0, 80.75, 151.125, 92.4375, 77.375, 33.0, 156.875, 87.375, 103.8125, 145.375, 4.47265625, 126.875, 128.875, 116.4375, 90.6875, 137.625, 125.3125, 9.4375, 66.5625, 22.84375, 170.125, 93.4375, 144.625, 94.5, 143.75, 146.25, 102.125, 146.625, 136.625, 115.0, 172.375, 49.8125, 66.5, 133.5, 165.625, 193.5, 122.5625, 20.609375, 175.0, 184.0, 64.375, 71.4375, 185.25, 162.375, 46.0], [8.546875, 72.875, 88.125, 34.0, 96.875, 49.75, 105.375, 84.5, 0.0, 74.25, 87.6875, 138.625, 70.25, 56.03125, 102.4375, 68.6875, 60.15625, 107.9375, 102.875, 76.0625, 92.0625, 58.59375, 38.21875, 104.6875, 107.375, 74.4375, 34.0625, 70.4375, 109.3125, 137.25, 67.4375, 69.1875, 91.0, 84.0625, 104.125, 43.65625, 93.625, 122.375, 78.4375, 107.625, 92.9375, 61.625, 88.0, 68.25, 110.9375, 73.8125, 74.0, 81.25, 91.1875, 101.5625, 100.3125, 101.0625, 19.03125, 59.8125, 94.0, 54.21875, 96.25, 29.40625, 87.0, 39.6875, 62.0625, 71.875, 55.21875, 107.5625, 69.5, 51.625, 98.0625, 95.25, 105.625, 21.265625, 110.3125, 45.21875, 106.3125, 70.1875, 126.25, 99.875, 102.8125, 96.125, 73.0, 93.75, 108.4375, 83.1875, 30.890625, 19.640625, 45.21875, 76.1875, 104.625, 117.3125, 21.09375, 61.71875, 54.90625, 59.1875, 120.9375, 61.28125, 115.75, 130.625, 87.6875, 87.625, 123.0625, 62.1875, 60.4375, 128.75, 70.0, 35.34375, 65.75, 123.25, 106.8125, 86.75, 41.21875, 92.9375, 56.21875, 83.9375, 74.25, 98.25, 83.75, 106.5625, 132.75, 46.6875, 81.8125, 41.4375, 8.546875, 92.375, 82.375, 115.4375, 103.5, 66.5, 88.8125, 59.40625, 58.125, 111.5, 77.4375, 98.0, 80.625, 91.1875, 58.59375, 74.1875, 94.0625, 12.203125, 83.1875, 106.8125, 91.9375, 78.0, 18.359375, 94.1875, 82.5, 108.8125, 89.0625, 98.5, 69.8125, 96.5625, 91.6875, 130.25, 45.59375, 75.0625, 93.5625, 101.6875, 92.1875, 48.09375, 107.625, 109.5625, 55.03125], [80.75, 145.625, 117.625, 52.09375, 137.75, 119.1875, 40.25, 70.0, 74.25, 0.0, 161.5, 210.25, 4.125, 126.125, 117.125, 26.25, 15.6171875, 49.09375, 28.65625, 145.375, 86.5625, 15.8125, 70.125, 42.4375, 162.75, 53.34375, 74.375, 74.4375, 58.40625, 208.625, 104.5625, 125.125, 86.4375, 85.1875, 56.28125, 81.3125, 152.875, 57.875, 59.40625, 156.5, 151.125, 133.625, 16.125, 68.9375, 126.0625, 147.875, 147.625, 80.0, 154.75, 27.296875, 74.4375, 166.5, 91.9375, 133.5, 20.0, 20.25, 31.40625, 83.625, 26.171875, 92.0625, 131.75, 35.34375, 31.015625, 113.1875, 17.03125, 44.59375, 130.0, 151.25, 114.0625, 84.375, 173.625, 52.78125, 150.375, 120.5625, 141.0, 154.75, 134.875, 120.75, 125.1875, 61.40625, 137.375, 149.25, 43.375, 93.5, 111.0625, 98.625, 34.875, 190.5, 57.625, 96.75, 104.3125, 130.25, 119.0625, 15.0, 150.375, 199.375, 49.25, 103.8125, 122.0, 67.125, 125.1875, 140.125, 126.0, 49.09375, 104.125, 194.375, 153.375, 147.0, 40.0625, 94.125, 30.671875, 67.875, 120.375, 144.625, 113.875, 150.375, 202.25, 32.8125, 99.125, 47.15625, 73.75, 99.875, 109.125, 148.375, 153.0, 138.625, 71.5, 78.4375, 82.875, 164.375, 21.46875, 70.375, 61.8125, 68.4375, 15.65625, 81.5, 166.625, 73.625, 156.875, 149.25, 163.875, 94.1875, 90.125, 166.375, 76.1875, 162.125, 154.375, 40.0, 5.0, 65.8125, 165.0, 132.625, 119.375, 80.25, 135.25, 145.375, 22.46875, 101.0, 179.0, 98.25, 85.9375], [80.75, 19.0, 113.0625, 118.125, 120.125, 47.53125, 192.5, 159.5, 87.6875, 161.5, 0.0, 55.46875, 157.625, 54.40625, 136.0, 155.375, 146.875, 193.875, 190.25, 53.15625, 148.0, 145.75, 111.1875, 191.375, 78.5, 147.25, 97.0, 130.375, 193.25, 55.15625, 112.875, 69.625, 158.75, 150.75, 187.625, 107.375, 64.6875, 209.0, 157.0, 113.125, 67.0, 31.25, 174.5, 141.5, 140.375, 14.140625, 14.5625, 139.0, 52.40625, 188.875, 166.625, 49.65625, 72.1875, 28.171875, 181.5, 141.75, 183.5, 92.1875, 174.125, 92.3125, 53.9375, 157.0, 138.375, 147.875, 157.0, 130.0, 114.0, 93.875, 144.125, 85.0625, 60.03125, 126.6875, 120.25, 79.5625, 150.25, 76.6875, 115.9375, 139.0, 76.5625, 173.875, 141.625, 43.84375, 118.4375, 69.5, 58.40625, 130.75, 192.25, 30.609375, 104.6875, 100.125, 82.125, 36.125, 163.375, 149.0, 139.0, 57.09375, 170.625, 142.0, 164.0, 135.875, 68.4375, 155.5, 86.8125, 120.3125, 111.0, 43.1875, 116.625, 81.5, 127.75, 143.375, 139.375, 159.75, 103.75, 92.4375, 126.875, 100.125, 56.5625, 131.5, 123.8125, 121.25, 90.125, 151.75, 114.125, 141.0, 109.75, 27.015625, 163.875, 115.375, 110.1875, 107.9375, 161.625, 166.125, 149.75, 168.125, 146.0, 141.0, 15.5234375, 88.5625, 25.0, 123.125, 41.59375, 123.3125, 71.5625, 40.8125, 143.25, 105.5625, 46.75, 184.75, 157.25, 166.75, 8.0625, 165.75, 42.1875, 142.75, 98.4375, 98.25, 179.875, 90.875, 30.0, 163.375, 115.4375], [130.875, 65.9375, 134.5, 171.0, 172.5, 91.0625, 244.0, 214.5, 138.625, 210.25, 55.46875, 0.0, 206.5, 109.5625, 156.875, 207.25, 194.875, 246.375, 238.5, 104.9375, 178.625, 194.5, 165.875, 243.25, 79.25, 186.5, 139.25, 165.25, 246.75, 3.162109375, 168.125, 96.125, 214.25, 206.125, 241.25, 162.625, 74.5625, 261.0, 211.625, 162.25, 77.5, 77.0625, 221.625, 196.5, 158.25, 68.9375, 66.0, 171.75, 64.75, 237.125, 200.75, 52.78125, 125.4375, 79.8125, 230.25, 191.25, 234.75, 147.0, 225.625, 147.625, 108.4375, 209.875, 183.875, 170.25, 207.875, 173.375, 130.25, 143.375, 166.25, 139.25, 54.03125, 180.375, 170.75, 105.375, 163.125, 83.0, 130.0, 193.375, 100.6875, 228.375, 194.5, 65.0, 168.375, 122.3125, 99.875, 186.125, 242.75, 26.46875, 152.625, 131.875, 115.5625, 80.0625, 184.75, 198.875, 190.25, 22.140625, 224.5, 197.25, 184.5, 190.875, 123.0, 169.125, 140.625, 173.0, 166.25, 16.125, 166.375, 131.875, 179.75, 171.75, 184.75, 214.75, 158.0, 103.0, 181.5, 107.1875, 17.09375, 178.375, 151.375, 166.125, 142.5, 207.125, 138.875, 192.625, 159.375, 72.125, 219.0, 151.0, 145.25, 155.0, 206.875, 201.25, 186.875, 223.0, 195.0, 196.375, 44.8125, 136.75, 75.9375, 173.875, 87.125, 152.625, 120.9375, 85.0625, 176.75, 153.0, 61.96875, 237.0, 206.375, 203.0, 48.875, 183.0, 93.75, 198.125, 113.3125, 108.0, 230.0, 146.375, 31.234375, 191.0, 170.875], [76.875, 141.875, 115.75, 48.03125, 134.25, 115.5, 42.375, 67.9375, 70.25, 4.125, 157.625, 206.5, 0.0, 122.0, 116.0, 24.078125, 12.53125, 50.5, 32.65625, 141.25, 86.125, 12.0390625, 66.1875, 44.15625, 159.875, 52.9375, 71.25, 73.125, 59.0625, 204.875, 100.875, 122.0625, 84.1875, 82.625, 56.5625, 77.4375, 149.75, 60.15625, 57.3125, 152.75, 148.125, 129.75, 20.03125, 66.0625, 125.0, 143.875, 143.625, 79.1875, 151.5, 31.3125, 75.125, 163.125, 87.875, 129.5, 23.859375, 16.15625, 33.25, 79.5, 27.015625, 88.0625, 127.5625, 33.40625, 28.859375, 112.5625, 15.0, 42.4375, 128.125, 147.375, 113.1875, 80.25, 170.375, 49.03125, 146.75, 117.75, 140.125, 151.875, 133.0, 117.625, 122.3125, 60.375, 134.125, 145.875, 39.34375, 89.5, 107.5, 95.3125, 37.75, 186.75, 53.90625, 94.3125, 101.375, 126.5, 118.875, 11.046875, 147.125, 195.875, 48.34375, 100.875, 121.8125, 63.9375, 121.0625, 139.375, 122.0625, 45.03125, 100.4375, 190.625, 149.625, 143.0, 36.0, 93.4375, 28.640625, 65.875, 116.5625, 142.125, 110.5, 148.0, 198.75, 29.6875, 97.625, 44.28125, 69.625, 97.1875, 107.25, 145.125, 149.25, 134.75, 69.6875, 76.375, 80.625, 160.5, 22.796875, 71.125, 61.625, 66.875, 11.6640625, 78.5625, 162.75, 69.8125, 152.875, 145.625, 159.75, 92.625, 86.25, 162.25, 75.5625, 158.25, 151.0, 41.125, 1.4140625, 66.625, 161.125, 132.375, 115.4375, 77.375, 132.875, 143.0, 25.0625, 97.0, 175.25, 98.375, 82.25], [53.9375, 52.09375, 124.0, 75.75, 68.875, 54.65625, 149.875, 108.375, 56.03125, 126.125, 54.40625, 109.5625, 122.0, 0.0, 143.75, 113.1875, 113.75, 149.0, 154.0, 20.03125, 142.625, 111.375, 63.25, 147.875, 114.8125, 129.75, 82.875, 121.5, 146.0, 109.4375, 58.53125, 87.4375, 105.6875, 97.625, 140.25, 56.59375, 99.0, 164.875, 107.5625, 68.0, 100.0625, 50.28125, 141.25, 90.5625, 150.875, 42.4375, 48.03125, 132.0, 90.0, 152.75, 154.5, 93.75, 37.125, 40.03125, 144.875, 106.0, 141.75, 44.78125, 132.375, 41.03125, 6.08203125, 112.5, 111.0625, 152.375, 117.1875, 107.4375, 130.125, 50.21875, 149.5, 41.75, 104.9375, 81.125, 72.125, 94.375, 164.375, 109.75, 133.75, 85.0, 94.1875, 124.5, 89.0625, 79.5625, 84.0, 37.65625, 61.5625, 76.5625, 151.75, 83.6875, 77.125, 101.5, 86.5625, 52.9375, 167.25, 111.6875, 88.8125, 110.625, 123.375, 87.6875, 168.75, 85.5625, 15.1328125, 168.25, 34.25, 78.5625, 56.65625, 97.5, 69.875, 38.28125, 87.3125, 141.375, 112.0625, 109.0, 50.09375, 118.1875, 72.5625, 127.125, 110.625, 102.1875, 125.6875, 97.3125, 53.34375, 97.5625, 121.1875, 90.25, 63.9375, 52.1875, 112.6875, 107.9375, 104.625, 67.0, 132.625, 152.625, 135.125, 117.4375, 110.875, 88.25, 68.0625, 64.125, 36.25, 74.3125, 38.09375, 123.1875, 50.34375, 40.71875, 134.375, 64.1875, 85.125, 140.75, 121.3125, 151.625, 61.84375, 173.875, 36.0625, 90.1875, 119.0, 123.4375, 140.375, 37.4375, 83.5625, 159.875, 62.8125], [97.9375, 117.75, 23.1875, 122.9375, 198.875, 93.9375, 156.875, 171.75, 102.4375, 117.125, 136.0, 156.875, 116.0, 143.75, 0.0, 134.75, 105.0625, 166.25, 134.625, 160.875, 34.875, 108.25, 136.875, 159.5, 80.375, 65.125, 68.5, 43.03125, 175.0, 154.0, 169.75, 66.5, 183.75, 178.5, 172.125, 144.875, 82.375, 173.625, 162.25, 207.25, 79.375, 107.5625, 117.0625, 160.375, 9.21875, 129.375, 123.6875, 37.65625, 93.0, 133.375, 58.8125, 104.3125, 113.875, 116.5, 130.875, 110.75, 148.375, 131.875, 143.0, 142.0, 149.25, 143.25, 88.125, 13.6015625, 128.25, 75.5625, 27.515625, 192.125, 9.484375, 123.25, 103.75, 134.125, 207.375, 56.5, 25.0, 74.75, 29.53125, 197.875, 59.84375, 171.875, 210.75, 96.3125, 103.4375, 111.0, 84.125, 176.75, 149.625, 151.25, 89.875, 42.53125, 57.8125, 102.5, 28.0, 117.375, 218.0, 137.125, 161.0, 187.375, 28.15625, 155.125, 154.625, 26.421875, 169.0, 121.8125, 168.125, 142.25, 207.25, 181.375, 119.9375, 25.5, 88.0625, 170.25, 176.0, 55.09375, 185.875, 54.125, 141.875, 92.0625, 21.03125, 79.3125, 110.6875, 189.875, 22.828125, 217.75, 203.0, 110.375, 175.125, 45.3125, 44.78125, 209.0, 99.3125, 61.59375, 58.25, 174.75, 110.3125, 169.875, 129.25, 90.1875, 150.25, 208.25, 166.375, 25.625, 96.1875, 167.375, 42.4375, 206.25, 97.0, 157.125, 117.0, 65.875, 133.375, 30.40625, 110.625, 170.125, 43.9375, 51.25, 138.75, 149.875, 132.0, 38.0, 155.875], [76.6875, 141.375, 131.25, 37.75, 114.5625, 117.8125, 37.1875, 43.875, 68.6875, 26.25, 155.375, 207.25, 24.078125, 113.1875, 134.75, 0.0, 30.671875, 39.40625, 45.09375, 131.125, 107.25, 26.921875, 51.65625, 36.0625, 169.125, 74.6875, 80.625, 91.8125, 43.0, 206.0, 82.25, 130.375, 60.21875, 59.0625, 38.84375, 61.8125, 157.5, 53.75, 33.25, 134.5, 156.125, 130.25, 40.71875, 43.46875, 143.875, 141.25, 142.25, 99.25, 157.25, 44.1875, 98.5, 168.125, 83.25, 128.0, 36.34375, 24.015625, 28.65625, 68.5625, 19.234375, 75.0, 118.1875, 9.4375, 46.875, 132.75, 9.21875, 59.21875, 143.5, 131.25, 133.0, 72.1875, 176.5, 33.0, 127.4375, 127.75, 159.375, 161.125, 148.5, 95.625, 131.875, 37.65625, 112.375, 150.375, 40.71875, 85.8125, 111.5, 74.0625, 38.625, 185.5, 58.59375, 107.5, 111.0, 127.75, 140.375, 17.71875, 125.875, 199.0, 26.3125, 78.3125, 143.25, 42.4375, 109.4375, 159.25, 107.0625, 35.21875, 82.125, 191.875, 130.875, 128.625, 27.59375, 113.75, 47.0625, 41.78125, 99.0, 154.0, 89.75, 160.875, 201.25, 43.0, 115.125, 57.21875, 65.1875, 73.8125, 123.125, 123.625, 131.25, 135.25, 45.59375, 92.0625, 95.3125, 143.0, 46.875, 94.5, 83.5625, 43.03125, 24.734375, 55.9375, 162.625, 72.375, 146.875, 125.9375, 151.25, 110.125, 86.6875, 153.875, 96.3125, 141.0, 155.875, 29.828125, 22.671875, 90.1875, 159.875, 153.625, 113.875, 54.5625, 145.875, 155.75, 28.28125, 83.0, 176.25, 120.6875, 64.0], [66.1875, 130.625, 103.75, 42.96875, 132.0, 103.875, 54.78125, 72.9375, 60.15625, 15.6171875, 146.875, 194.875, 12.53125, 113.75, 105.0625, 30.671875, 0.0, 62.375, 43.59375, 133.375, 76.625, 4.2421875, 62.09375, 56.3125, 147.375, 44.0, 58.8125, 62.03125, 70.0625, 193.25, 98.4375, 109.5625, 88.25, 85.5625, 67.0, 73.5, 137.25, 72.625, 62.4375, 149.5, 135.625, 118.4375, 27.859375, 67.9375, 114.1875, 133.25, 132.75, 68.875, 139.125, 42.1875, 68.5, 150.875, 78.4375, 118.6875, 35.375, 10.296875, 45.53125, 73.0, 38.625, 82.375, 119.5, 39.9375, 17.03125, 102.4375, 23.1875, 30.40625, 116.125, 142.5, 102.8125, 72.4375, 158.0, 46.96875, 144.25, 105.1875, 129.5, 139.25, 121.0, 117.875, 109.75, 68.3125, 134.125, 133.75, 29.828125, 79.6875, 95.5, 95.1875, 50.25, 175.625, 42.4375, 81.9375, 88.8125, 115.0, 109.75, 13.0, 146.25, 183.875, 56.75, 102.0, 112.625, 64.8125, 114.125, 129.125, 116.8125, 40.03125, 97.75, 179.0, 146.75, 137.25, 31.625, 83.375, 17.0, 71.0, 113.0625, 129.625, 109.5625, 135.625, 186.75, 17.203125, 86.125, 31.765625, 60.625, 99.75, 95.375, 144.5, 145.75, 123.4375, 75.3125, 64.3125, 68.4375, 156.5, 21.1875, 64.625, 52.9375, 73.375, 6.40234375, 80.125, 151.5, 58.53125, 143.25, 143.375, 151.125, 81.125, 75.3125, 153.5, 65.75, 154.125, 138.75, 52.78125, 13.0, 60.59375, 150.125, 123.0, 104.6875, 79.3125, 120.5, 130.625, 37.59375, 91.6875, 163.625, 90.0625, 79.875], [116.0625, 180.5, 166.125, 75.6875, 136.625, 157.25, 12.203125, 53.0, 107.9375, 49.09375, 193.875, 246.375, 50.5, 149.0, 166.25, 39.40625, 62.375, 0.0, 41.34375, 165.625, 135.125, 60.15625, 85.75, 7.6171875, 207.625, 102.0625, 118.6875, 123.5, 13.453125, 245.125, 108.1875, 169.0, 68.5, 72.0, 16.15625, 93.9375, 196.375, 16.15625, 46.6875, 158.375, 195.0, 169.5, 52.625, 64.75, 175.125, 179.75, 181.0, 129.0, 196.5, 41.6875, 120.625, 207.5, 121.625, 166.875, 39.21875, 60.15625, 18.109375, 104.3125, 23.765625, 108.8125, 153.5, 36.875, 79.25, 162.0, 41.21875, 92.75, 178.5, 159.125, 163.0, 109.5, 215.75, 68.0, 149.625, 165.875, 190.0, 199.625, 183.375, 112.0625, 170.125, 34.25, 128.25, 189.75, 79.9375, 124.4375, 150.875, 94.625, 22.203125, 224.125, 97.625, 144.0, 149.125, 167.125, 167.125, 52.1875, 143.125, 238.375, 27.65625, 94.0, 170.125, 67.375, 143.125, 189.0, 137.25, 73.5625, 108.6875, 231.125, 154.0, 158.75, 66.6875, 143.0, 79.0625, 51.0, 125.875, 191.375, 110.4375, 197.75, 240.625, 78.4375, 148.125, 93.3125, 103.9375, 85.375, 157.75, 140.25, 155.875, 174.375, 51.15625, 126.6875, 130.75, 168.375, 68.375, 116.5, 110.25, 45.28125, 58.53125, 74.5625, 201.625, 111.75, 183.75, 147.375, 186.625, 143.125, 126.0625, 189.375, 125.0, 166.75, 195.25, 9.8515625, 49.65625, 111.625, 198.75, 180.875, 152.75, 72.4375, 182.5, 192.625, 28.4375, 115.375, 215.5, 145.625, 92.375], [109.4375, 174.125, 138.875, 78.875, 159.5, 147.375, 29.15625, 82.75, 102.875, 28.65625, 190.25, 238.5, 32.65625, 154.0, 134.625, 45.09375, 43.59375, 41.34375, 0.0, 173.0, 101.125, 44.40625, 95.5, 33.84375, 188.125, 69.625, 101.1875, 94.0, 54.40625, 236.75, 127.3125, 151.375, 99.75, 100.6875, 55.21875, 106.25, 179.125, 41.59375, 73.1875, 179.5, 177.25, 162.0, 18.359375, 87.3125, 143.0, 176.5, 176.125, 97.0, 181.875, 1.4140625, 83.0625, 193.75, 120.4375, 162.125, 9.21875, 48.75, 26.25, 110.625, 30.46875, 118.375, 159.5, 51.1875, 56.09375, 128.25, 38.125, 68.8125, 151.125, 176.125, 129.875, 112.25, 200.5, 77.1875, 172.375, 146.0, 156.875, 180.125, 155.75, 139.25, 150.75, 68.25, 156.0, 176.75, 72.0, 122.125, 139.0, 118.4375, 19.234375, 219.125, 86.0, 120.75, 130.25, 158.625, 131.0, 42.375, 170.0, 227.125, 56.9375, 121.4375, 134.0, 87.125, 152.25, 155.0, 151.5, 75.9375, 127.1875, 222.5, 175.875, 172.875, 66.9375, 109.8125, 55.4375, 80.5, 144.0, 168.5, 134.375, 173.5, 230.125, 60.21875, 118.9375, 73.5625, 102.1875, 115.3125, 130.375, 167.625, 176.375, 167.0, 82.75, 101.125, 106.1875, 188.125, 36.25, 79.0, 76.5, 78.0625, 44.28125, 99.4375, 195.125, 102.0625, 185.375, 170.875, 192.0, 114.25, 118.75, 194.5, 92.1875, 186.125, 181.75, 36.78125, 33.09375, 74.0, 193.625, 145.0, 148.0, 97.8125, 158.375, 168.625, 18.390625, 126.875, 207.25, 109.0, 109.0625], [73.8125, 57.78125, 140.25, 94.25, 67.625, 68.6875, 167.375, 121.9375, 76.0625, 145.375, 53.15625, 104.9375, 141.25, 20.03125, 160.875, 131.125, 133.375, 165.625, 173.0, 0.0, 161.625, 130.875, 80.0625, 165.0, 123.9375, 149.625, 102.1875, 140.75, 161.75, 105.375, 67.1875, 101.125, 116.9375, 109.0625, 155.875, 71.875, 108.4375, 181.625, 122.4375, 60.21875, 109.9375, 60.21875, 160.625, 104.625, 167.5, 45.21875, 52.1875, 151.125, 97.9375, 171.75, 174.25, 99.3125, 57.125, 49.40625, 163.75, 125.3125, 159.5, 62.625, 150.25, 56.8125, 14.0, 129.75, 131.0, 170.125, 135.625, 127.5, 145.375, 41.0, 167.125, 61.0, 110.375, 98.5, 67.125, 109.0625, 180.375, 119.875, 148.625, 89.3125, 108.1875, 139.25, 89.625, 87.6875, 103.6875, 57.5625, 77.1875, 85.8125, 169.75, 78.4375, 97.125, 119.0625, 103.1875, 64.0, 185.125, 130.75, 86.0, 110.0, 139.25, 95.6875, 186.625, 100.1875, 22.796875, 184.625, 36.6875, 97.125, 65.625, 95.1875, 63.5, 28.4375, 106.0625, 159.875, 132.0, 122.8125, 54.125, 130.75, 78.25, 139.5, 109.0625, 122.125, 143.625, 117.375, 73.1875, 106.5, 138.125, 88.125, 56.71875, 60.53125, 126.0625, 126.875, 123.3125, 56.09375, 152.5, 172.375, 154.875, 131.25, 130.25, 100.4375, 68.5, 84.0, 29.15625, 70.0, 21.9375, 141.375, 69.625, 24.765625, 153.75, 53.5, 92.625, 157.875, 140.5, 171.5, 61.21875, 191.25, 50.59375, 102.5625, 133.0, 136.25, 158.75, 50.8125, 83.125, 178.875, 75.9375], [90.4375, 129.0, 48.0, 103.625, 188.0, 101.375, 125.0, 147.75, 92.0625, 86.5625, 148.0, 178.625, 86.125, 142.625, 34.875, 107.25, 76.625, 135.125, 101.125, 161.625, 0.0, 80.375, 120.4375, 128.0, 107.5625, 33.25, 59.9375, 21.640625, 145.0, 176.0, 156.25, 82.75, 161.5, 157.25, 142.75, 130.125, 105.5, 141.25, 137.625, 199.75, 102.6875, 117.125, 84.1875, 138.875, 42.375, 138.5, 134.125, 10.8203125, 113.875, 100.0, 24.765625, 126.1875, 107.8125, 123.9375, 98.1875, 84.125, 117.125, 120.125, 112.75, 130.875, 148.5, 116.375, 60.75, 27.171875, 99.6875, 50.59375, 58.0, 187.0, 28.859375, 113.25, 128.125, 113.4375, 198.0, 73.25, 55.71875, 100.625, 61.5625, 182.25, 77.875, 144.875, 196.625, 114.3125, 83.0, 106.0, 90.4375, 159.875, 117.125, 168.5, 74.3125, 48.09375, 66.0, 112.125, 33.25, 89.5625, 205.875, 160.75, 133.375, 169.375, 36.0625, 134.25, 150.75, 54.09375, 162.0, 101.8125, 154.875, 163.0, 198.75, 177.625, 97.75, 9.4375, 60.40625, 146.0, 165.75, 82.9375, 171.25, 84.5, 165.125, 67.0625, 27.734375, 57.8125, 99.1875, 170.0, 41.1875, 205.125, 195.5, 121.0625, 150.625, 34.78125, 38.84375, 203.375, 67.0, 27.015625, 25.0, 149.375, 82.5625, 149.75, 144.625, 80.75, 157.125, 198.375, 171.5, 25.96875, 92.3125, 173.0, 11.1796875, 200.625, 116.6875, 126.5, 87.3125, 31.0625, 147.125, 46.3125, 114.5625, 149.625, 71.25, 80.625, 107.0, 139.75, 150.625, 17.5, 140.125], [65.0, 129.875, 106.1875, 39.46875, 128.125, 103.5, 53.21875, 68.8125, 58.59375, 15.8125, 145.75, 194.5, 12.0390625, 111.375, 108.25, 26.921875, 4.2421875, 60.15625, 44.40625, 130.875, 80.375, 0.0, 58.46875, 54.4375, 148.5, 47.9375, 59.6875, 65.1875, 67.25, 192.875, 94.5625, 110.4375, 84.0, 81.375, 64.0, 69.875, 138.125, 71.125, 58.3125, 145.75, 136.5, 117.8125, 29.828125, 63.6875, 117.375, 132.125, 131.75, 72.375, 139.625, 43.03125, 72.6875, 151.25, 76.5625, 117.6875, 35.8125, 6.32421875, 43.875, 70.0, 36.40625, 79.1875, 117.0625, 36.0625, 20.09375, 105.875, 20.0, 33.0625, 118.5625, 139.125, 106.1875, 69.875, 158.625, 42.96875, 140.375, 106.4375, 132.75, 140.5, 123.5, 113.75, 110.9375, 64.5625, 130.0, 133.875, 27.859375, 78.0, 95.4375, 91.0625, 49.40625, 174.75, 41.875, 83.8125, 89.9375, 114.5, 113.5, 9.21875, 142.25, 183.875, 53.15625, 97.8125, 116.375, 60.59375, 111.3125, 132.5, 113.5625, 36.5, 93.9375, 178.625, 143.0, 134.125, 27.890625, 86.875, 20.21875, 66.875, 109.375, 131.375, 105.5625, 137.625, 186.625, 18.390625, 89.0, 33.25, 58.53125, 95.5, 97.875, 140.5, 142.125, 122.8125, 71.1875, 66.75, 70.625, 153.0, 25.078125, 68.8125, 56.875, 69.375, 2.236328125, 75.9375, 150.75, 57.8125, 141.5, 139.5, 148.875, 84.0, 74.3125, 151.375, 69.375, 150.625, 139.0, 50.4375, 12.0390625, 64.8125, 149.25, 126.625, 103.5625, 75.0625, 122.4375, 132.5, 36.625, 88.375, 163.25, 94.0, 75.9375], [46.0, 100.75, 124.9375, 19.3125, 70.6875, 83.6875, 87.3125, 49.25, 38.21875, 70.125, 111.1875, 165.875, 66.1875, 63.25, 136.875, 51.65625, 62.09375, 85.75, 95.5, 80.0625, 120.4375, 58.46875, 0.0, 85.0, 144.625, 95.0, 69.0625, 99.625, 83.0, 165.0, 37.21875, 107.0, 53.25, 46.0, 77.25, 11.3984375, 130.25, 101.6875, 45.8125, 87.375, 129.875, 91.8125, 86.1875, 31.625, 145.75, 97.1875, 99.875, 110.0, 126.375, 94.4375, 122.1875, 135.0, 41.78125, 86.4375, 86.375, 52.1875, 79.6875, 19.109375, 70.5, 23.40625, 67.75, 49.65625, 67.625, 140.125, 57.4375, 71.6875, 135.5, 81.125, 138.75, 26.828125, 145.125, 18.6875, 82.4375, 108.375, 161.5, 137.25, 140.25, 61.84375, 111.125, 62.625, 76.375, 117.4375, 38.59375, 45.53125, 81.625, 39.96875, 90.125, 141.875, 47.15625, 98.375, 93.0625, 90.8125, 152.0, 55.15625, 86.625, 161.5, 60.3125, 50.5625, 154.375, 25.625, 57.9375, 163.25, 56.03125, 22.140625, 36.25, 151.625, 84.75, 77.3125, 30.59375, 123.375, 68.5, 49.1875, 50.96875, 136.5, 50.9375, 144.75, 162.875, 58.3125, 115.875, 62.9375, 30.015625, 54.34375, 118.5, 85.4375, 83.6875, 96.1875, 53.71875, 91.9375, 92.125, 94.5625, 83.25, 119.0625, 103.0625, 57.3125, 57.0625, 36.0, 121.25, 49.25, 98.625, 81.875, 100.875, 111.5, 54.21875, 103.5625, 109.6875, 92.25, 123.5, 77.8125, 65.125, 116.1875, 117.0625, 162.75, 73.375, 37.0, 131.625, 139.875, 79.8125, 31.40625, 136.25, 137.25, 19.796875], [112.625, 177.5, 159.875, 73.4375, 139.125, 153.5, 5.0, 56.4375, 104.6875, 42.4375, 191.375, 243.25, 44.15625, 147.875, 159.5, 36.0625, 56.3125, 7.6171875, 33.84375, 165.0, 128.0, 54.4375, 85.0, 0.0, 202.625, 95.0, 113.625, 116.8125, 20.609375, 242.0, 109.6875, 164.125, 72.5625, 75.4375, 22.203125, 93.75, 191.625, 17.6875, 49.0, 160.625, 190.125, 166.25, 45.125, 66.5, 168.25, 177.25, 178.25, 122.125, 192.25, 34.125, 113.1875, 203.375, 119.1875, 164.125, 31.625, 55.0, 11.046875, 103.0625, 18.359375, 108.25, 152.625, 35.34375, 73.0, 155.0, 36.34375, 86.5625, 172.25, 160.375, 156.0, 107.625, 211.375, 66.75, 152.125, 160.625, 183.125, 194.5, 177.125, 115.4375, 165.0, 38.59375, 131.875, 185.625, 75.8125, 121.8125, 146.875, 97.0625, 14.8671875, 221.5, 93.1875, 138.25, 144.0, 163.625, 159.75, 46.96875, 146.625, 234.75, 30.015625, 97.3125, 162.75, 68.4375, 142.75, 182.0, 137.875, 71.0625, 110.0, 227.875, 156.375, 159.5, 63.65625, 136.0, 72.75, 54.34375, 127.3125, 185.75, 113.0625, 192.0, 237.125, 72.8125, 141.625, 87.6875, 101.25, 89.25, 151.375, 143.75, 157.875, 171.25, 55.09375, 120.5625, 124.75, 170.25, 61.125, 109.0625, 103.0625, 49.46875, 52.9375, 77.0, 198.75, 107.8125, 182.25, 150.0, 185.75, 136.625, 122.5625, 188.375, 118.0, 168.625, 191.125, 7.28125, 43.40625, 104.125, 196.0, 173.625, 149.875, 75.0, 176.75, 186.875, 21.09375, 115.3125, 212.25, 138.25, 93.125], [99.0, 66.5625, 59.9375, 140.5, 183.0, 63.5, 201.75, 191.875, 107.375, 162.75, 78.5, 79.25, 159.875, 114.8125, 80.375, 169.125, 147.375, 207.625, 188.125, 123.9375, 107.5625, 148.5, 144.625, 202.625, 0.0, 124.4375, 89.0, 99.875, 212.125, 76.1875, 164.125, 38.90625, 197.875, 190.5, 207.5, 147.0, 15.8125, 219.625, 185.375, 182.375, 15.1328125, 64.625, 169.875, 175.5, 80.25, 79.875, 72.6875, 103.25, 26.40625, 186.75, 131.75, 30.890625, 105.0, 75.25, 181.375, 147.625, 192.375, 130.0, 184.25, 136.25, 117.9375, 174.875, 132.25, 93.9375, 166.375, 119.25, 52.875, 163.75, 89.875, 120.0, 25.3125, 152.25, 186.875, 42.1875, 84.0, 8.0625, 51.78125, 193.75, 37.59375, 199.875, 201.375, 36.34375, 128.75, 101.0, 63.0625, 178.125, 197.625, 80.625, 110.75, 68.0, 58.59375, 61.96875, 107.5, 155.625, 203.125, 58.0, 192.25, 190.125, 106.875, 169.375, 129.625, 90.0, 148.375, 141.125, 162.125, 66.5, 184.625, 151.25, 144.5, 99.3125, 132.875, 191.25, 162.0, 25.296875, 180.625, 28.0, 63.0, 130.25, 79.9375, 115.625, 114.875, 197.0, 66.375, 204.25, 178.5, 63.5, 196.125, 88.4375, 82.875, 179.75, 152.625, 133.125, 122.0, 198.25, 149.875, 180.375, 65.4375, 98.9375, 101.1875, 189.125, 118.875, 82.6875, 90.375, 118.5625, 108.8125, 177.125, 32.0, 197.75, 160.25, 136.0, 72.25, 104.375, 80.25, 181.5, 36.78125, 29.421875, 185.0, 140.125, 60.84375, 117.0, 158.0], [75.8125, 128.75, 70.3125, 76.5625, 165.0, 99.9375, 92.0625, 116.375, 74.4375, 53.34375, 147.25, 186.5, 52.9375, 129.75, 65.125, 74.6875, 44.0, 102.0625, 69.625, 149.625, 33.25, 47.9375, 95.0, 95.0, 124.4375, 0.0, 50.5, 25.234375, 111.75, 184.25, 132.0, 91.8125, 130.875, 127.4375, 109.5, 105.6875, 118.375, 108.6875, 106.0, 179.375, 116.0625, 116.1875, 51.96875, 109.1875, 73.6875, 135.625, 132.75, 27.453125, 124.0, 68.4375, 27.203125, 136.5, 92.75, 120.375, 65.75, 52.34375, 84.0, 98.8125, 79.5, 109.5625, 135.75, 83.9375, 29.40625, 60.0, 66.75, 23.703125, 82.3125, 168.75, 61.0625, 94.0, 141.0, 84.875, 176.125, 84.1875, 88.125, 116.75, 86.75, 155.75, 89.1875, 112.25, 171.0, 121.625, 56.40625, 92.0625, 89.3125, 133.0, 84.5625, 172.0, 53.75, 56.84375, 71.1875, 111.5625, 66.0, 57.0, 181.625, 171.375, 100.5625, 141.5, 68.875, 105.125, 134.875, 87.0, 143.0, 74.3125, 130.875, 170.375, 177.625, 161.0, 68.6875, 41.0, 28.84375, 114.5, 143.75, 102.3125, 145.75, 106.25, 175.125, 37.46875, 49.65625, 33.625, 79.6875, 140.875, 61.90625, 180.375, 175.25, 120.8125, 118.9375, 36.40625, 42.1875, 184.5, 34.25, 24.1875, 8.9453125, 117.25, 50.15625, 120.75, 147.375, 65.625, 151.125, 176.0, 163.125, 45.1875, 81.0625, 165.0, 23.015625, 181.875, 125.375, 93.25, 54.125, 22.140625, 148.25, 79.4375, 108.375, 120.25, 91.375, 101.625, 74.0, 118.9375, 156.375, 46.09375, 114.625], [30.8125, 78.75, 56.03125, 57.5625, 130.875, 49.96875, 112.75, 109.1875, 34.0625, 74.375, 97.0, 139.25, 71.25, 82.875, 68.5, 80.625, 58.8125, 118.6875, 101.1875, 102.1875, 59.9375, 59.6875, 69.0625, 113.625, 89.0, 50.5, 0.0, 38.625, 123.6875, 137.25, 101.25, 50.78125, 118.875, 112.8125, 119.375, 76.5625, 78.5, 130.625, 101.0, 140.875, 76.875, 66.125, 83.4375, 95.375, 77.1875, 85.1875, 82.4375, 49.25, 80.6875, 99.75, 72.5625, 92.625, 48.03125, 69.875, 93.75, 58.59375, 103.375, 63.40625, 95.25, 73.75, 88.875, 87.125, 45.28125, 73.5625, 77.5, 34.125, 67.0625, 127.3125, 71.5625, 55.1875, 99.375, 69.4375, 140.125, 47.15625, 92.6875, 80.9375, 72.0, 129.5, 51.46875, 113.75, 142.25, 75.9375, 41.3125, 46.0625, 39.8125, 108.6875, 109.0, 122.75, 24.015625, 29.609375, 30.46875, 61.6875, 87.1875, 66.625, 149.75, 126.375, 104.9375, 119.625, 89.1875, 89.625, 90.8125, 94.875, 102.8125, 57.21875, 99.625, 123.1875, 140.375, 117.75, 58.125, 59.625, 46.0, 108.0625, 108.1875, 73.5625, 117.375, 80.75, 129.625, 41.625, 47.8125, 27.59375, 42.1875, 123.0, 49.40625, 149.5, 136.625, 70.8125, 113.0625, 25.8125, 24.078125, 144.0, 67.8125, 71.1875, 54.0, 114.0, 60.90625, 103.5625, 98.0625, 21.9375, 101.0, 140.75, 113.75, 43.9375, 32.5625, 115.5, 51.53125, 141.125, 80.6875, 108.875, 71.5625, 71.0, 98.375, 96.25, 58.03125, 104.0625, 66.1875, 75.6875, 96.25, 82.0625, 108.4375, 77.375, 87.6875], [68.875, 111.4375, 45.1875, 83.5, 166.5, 83.0625, 114.4375, 130.0, 70.4375, 74.4375, 130.375, 165.25, 73.125, 121.5, 43.03125, 91.8125, 62.03125, 123.5, 94.0, 140.75, 21.640625, 65.1875, 99.625, 116.8125, 99.875, 25.234375, 38.625, 0.0, 132.0, 162.875, 135.125, 69.375, 142.875, 138.25, 129.0, 109.0625, 94.875, 131.625, 120.1875, 178.125, 92.375, 99.1875, 75.875, 119.875, 52.15625, 120.0, 116.125, 10.8203125, 101.5, 92.6875, 36.34375, 114.0625, 86.3125, 105.0625, 89.3125, 67.875, 105.8125, 98.625, 100.125, 109.3125, 127.5, 100.4375, 45.09375, 41.78125, 85.125, 32.75, 57.28125, 165.375, 41.5, 91.625, 117.6875, 93.9375, 176.5, 60.90625, 67.625, 92.3125, 61.84375, 161.5, 65.875, 129.125, 175.625, 100.3125, 63.125, 84.5625, 72.0625, 139.375, 107.6875, 152.875, 53.03125, 33.53125, 50.0, 94.25, 52.4375, 74.3125, 184.625, 148.875, 118.0625, 149.25, 54.90625, 114.9375, 129.25, 67.6875, 140.375, 82.0, 133.625, 149.375, 177.25, 156.125, 78.8125, 23.859375, 45.03125, 128.375, 144.125, 77.25, 150.25, 81.0, 153.0, 49.46875, 25.0, 38.0, 77.625, 150.5, 36.71875, 183.875, 173.875, 103.375, 133.125, 15.03125, 20.390625, 181.75, 57.875, 36.125, 22.203125, 132.5, 67.25, 130.25, 128.5, 59.15625, 137.75, 176.875, 151.375, 20.25, 71.1875, 153.0, 13.15625, 179.0, 103.5, 114.1875, 74.0625, 37.6875, 130.25, 63.9375, 94.75, 130.125, 66.25, 76.375, 96.3125, 118.25, 136.0, 39.125, 119.3125], [117.6875, 180.875, 173.375, 75.8125, 127.875, 159.0, 25.5, 43.9375, 109.3125, 58.40625, 193.25, 246.75, 59.0625, 146.0, 175.0, 43.0, 70.0625, 13.453125, 54.40625, 161.75, 145.0, 67.25, 83.0, 20.609375, 212.125, 111.75, 123.6875, 132.0, 0.0, 245.625, 101.25, 173.25, 58.0, 62.5, 5.83203125, 89.875, 200.125, 25.171875, 39.8125, 150.0, 198.875, 170.375, 64.25, 58.1875, 184.0, 179.125, 180.875, 138.25, 199.5, 54.65625, 131.75, 210.0, 121.375, 167.0, 51.4375, 66.125, 29.546875, 102.0, 32.25, 105.1875, 150.25, 37.59375, 87.0625, 171.625, 47.375, 100.3125, 185.75, 152.125, 172.25, 108.1875, 218.75, 66.5, 140.75, 170.75, 199.125, 204.125, 190.625, 102.1875, 174.875, 24.515625, 118.0, 192.125, 83.375, 124.5, 153.5, 86.375, 35.46875, 223.75, 101.375, 150.25, 154.0, 168.375, 177.375, 58.5625, 133.0, 239.875, 22.671875, 84.375, 180.375, 61.78125, 139.0, 198.5, 131.5, 74.0625, 101.9375, 231.75, 145.375, 152.75, 68.5, 152.5, 87.0625, 42.1875, 118.9375, 197.0, 101.8125, 203.75, 241.875, 85.0, 156.25, 99.625, 104.375, 75.0, 165.125, 130.0, 147.75, 175.25, 41.3125, 134.0, 137.625, 160.375, 78.875, 127.625, 120.1875, 35.21875, 65.375, 66.5, 201.875, 114.5, 181.625, 138.25, 183.125, 151.25, 127.625, 185.875, 134.5, 158.875, 197.875, 18.96875, 58.03125, 122.8125, 198.5, 191.125, 153.0, 64.3125, 188.75, 198.625, 39.