{"name": "LZB_n30_17", "n": 30, "m": 9, "times": [[0.0, 62.513999938964844, 51.4781494140625, 105.6219711303711, 23.853721618652344, 85.0, 115.42096710205078, 21.095022201538086, 121.16517639160156, 112.7918472290039, 84.77027893066406, 117.78369903564453, 85.70297241210938, 106.8877944946289, 51.6623649597168, 89.9388656616211, 103.07764434814453, 107.37783813476562, 100.60317993164062, 114.01753997802734, 105.36128234863281, 38.587562561035156, 113.21660614013672, 32.557640075683594, 59.203041076660156, 126.65702056884766, 72.99314880371094, 36.34556198120117, 78.91767883300781, 127.22421264648438, 119.03781127929688, 51.429561614990234, 101.41498565673828, 102.39628601074219, 117.34564208984375, 84.2140121459961, 66.0302963256836, 112.29425811767578, 107.07940673828125, 99.84988403320312, 36.013885498046875, 85.14693450927734, 71.5541763305664, 60.406951904296875, 83.05419921875, 65.73431396484375, 57.80138397216797, 52.47856521606445, 39.217342376708984, 115.6633071899414, 45.35416030883789, 137.76791381835938, 21.840330123901367, 128.41339111328125, 116.10340118408203, 132.27999877929688, 68.44705963134766, 70.71067810058594, 66.2872543334961, 96.17691802978516], [62.513999938964844, 0.0, 108.34204864501953, 167.3559112548828, 82.15229797363281, 34.539833068847656, 172.19175720214844, 83.21658325195312, 100.62306213378906, 148.22280883789062, 96.3846435546875, 178.67568969726562, 41.0, 159.7654571533203, 40.360870361328125, 145.8252410888672, 97.51409912109375, 99.12618255615234, 88.00568389892578, 164.15846252441406, 67.26811981201172, 95.75489807128906, 171.47010803222656, 51.22499465942383, 119.26860809326172, 186.2525177001953, 94.33981323242188, 98.04590606689453, 141.42135620117188, 166.06625366210938, 181.3339385986328, 21.931713104248047, 85.09406280517578, 164.8787384033203, 107.00466918945312, 146.01370239257812, 86.37129211425781, 173.23394775390625, 167.50521850585938, 159.5305633544922, 67.11929321289062, 109.07795715332031, 78.0, 119.60350799560547, 108.45275115966797, 128.08200073242188, 104.177734375, 108.67382049560547, 99.12618255615234, 174.13214111328125, 89.62700653076172, 188.40382385253906, 63.06346130371094, 180.36074829101562, 163.71926879882812, 188.43035888671875, 125.76565551757812, 19.697715759277344, 29.832868576049805, 61.20457458496094], [51.4781494140625, 108.34204864501953, 0.0, 80.65978240966797, 27.73084831237793, 120.93386840820312, 106.45186614990234, 33.241539001464844, 170.53152465820312, 134.95184326171875, 127.02755737304688, 95.67131042480469, 118.25819396972656, 107.44766235351562, 81.04936981201172, 87.80091094970703, 149.68299865722656, 154.46682739257812, 149.20120239257812, 63.639610290527344, 129.61866760253906, 13.0, 63.150611877441406, 83.00602722167969, 15.0, 108.4066390991211, 112.50777435302734, 21.931713104248047, 49.57822036743164, 144.0, 79.12016296386719, 91.02197265625, 150.74813842773438, 66.37017059326172, 164.4384307861328, 43.382022857666016, 59.41380310058594, 66.48307800292969, 60.13318634033203, 85.08818817138672, 47.29693603515625, 120.83045959472656, 117.68601989746094, 13.0, 118.18629455566406, 44.283180236816406, 23.25940704345703, 2.0, 14.422204971313477, 102.21546173095703, 76.92203521728516, 137.8767547607422, 68.680419921875, 77.20103454589844, 67.00746154785156, 122.5887451171875, 17.464248657226562, 120.2081527709961, 100.7174301147461, 120.33287048339844], [105.6219711303711, 167.3559112548828, 80.65978240966797, 0.0, 92.78469848632812, 190.00262451171875, 38.07886505126953, 86.8158950805664, 188.80943298339844, 103.27632904052734, 133.54400634765625, 15.264337539672852, 189.6444091796875, 53.0, 153.0, 42.01190185546875, 161.64466857910156, 167.02694702148438, 167.44252014160156, 104.47966003417969, 205.6428985595703, 86.05230712890625, 71.34423828125, 122.40914916992188, 65.94694519042969, 29.154760360717773, 118.2708740234375, 74.94664764404297, 31.11269760131836, 101.2422866821289, 36.359317779541016, 156.7322540283203, 171.47886657714844, 25.079872131347656, 175.48219299316406, 43.08131790161133, 140.0142822265625, 52.17279052734375, 55.226806640625, 19.84943389892578, 122.88612365722656, 116.73046112060547, 135.3661651611328, 69.02897644042969, 114.06138610839844, 40.70626449584961, 103.07764434814453, 82.134033203125, 78.60025787353516, 29.154760360717773, 89.5600357055664, 72.99314880371094, 106.79419708251953, 105.23307800292969, 112.8716049194336, 49.09175109863281, 73.57308959960938, 171.68576049804688, 170.48753356933594, 196.20907592773438], [23.853721618652344, 82.15229797363281, 27.73084831237793, 92.78469848632812, 0.0, 98.76234436035156, 109.98636627197266, 11.045360565185547, 144.2775115966797, 122.3315200805664, 104.21611785888672, 106.50821685791016, 97.49871826171875, 105.67875671386719, 60.41522979736328, 86.8216552734375, 124.85191345214844, 129.4024658203125, 123.32882690429688, 90.27181243896484, 112.89818572998047, 14.764822959899902, 90.2496566772461, 55.973209381103516, 37.121421813964844, 117.29023742675781, 90.82400512695312, 17.8885440826416, 63.158531188964844, 134.34657287597656, 100.28459167480469, 66.75328063964844, 124.4829330444336, 84.89994049072266, 139.4022979736328, 64.38167572021484, 55.973209381103516, 91.0878677368164, 85.37564086914062, 91.28527069091797, 31.14482307434082, 101.13851928710938, 92.9139404296875, 37.656341552734375, 98.71676635742188, 52.15361785888672, 36.24913787841797, 28.65309715270996, 17.0, 108.18965148925781, 57.706153869628906, 137.05838012695312, 42.8018684387207, 104.56098937988281, 92.6336898803711, 126.90547943115234, 44.94440841674805, 92.89241027832031, 78.74642944335938, 103.46497344970703], [85.0, 34.539833068847656, 120.93386840820312, 190.00262451171875, 98.76234436035156, 0.0, 199.6922607421875, 103.24727630615234, 131.0953826904297, 181.705810546875, 130.92364501953125, 202.6277313232422, 8.9442720413208, 189.12957763671875, 40.04996871948242, 173.6778564453125, 131.0343475341797, 132.23086547851562, 120.81390380859375, 167.70509338378906, 34.0, 109.83624267578125, 182.02471923828125, 83.09632873535156, 134.16407775878906, 211.65301513671875, 128.50291442871094, 116.38728332519531, 161.5951690673828, 199.20089721679688, 198.7083282470703, 33.61547088623047, 117.34564208984375, 183.65728759765625, 139.51702880859375, 162.59458923339844, 81.27114868164062, 187.41664123535156, 181.0, 184.8377685546875, 74.1080322265625, 143.26548767089844, 112.53887939453125, 133.50656127929688, 142.523681640625, 149.48577880859375, 110.16351318359375, 120.70211029052734, 115.20850372314453, 200.48191833496094, 120.21646881103516, 218.826416015625, 92.09777069091797, 184.62123107910156, 165.42369079589844, 216.3631134033203, 137.44090270996094, 50.2493782043457, 20.2237491607666, 30.08321762084961], [115.42096710205078, 172.19175720214844, 106.45186614990234, 38.07886505126953, 109.98636627197266, 199.6922607421875, 0.0, 101.13851928710938, 172.16561889648438, 72.71863555908203, 116.43023681640625, 29.4108829498291, 201.00994873046875, 20.615528106689453, 166.6043243408203, 26.4007568359375, 144.12841796875, 149.34523010253906, 152.26622009277344, 141.0035400390625, 220.41098022460938, 107.91200256347656, 109.17874908447266, 122.38463592529297, 93.40770721435547, 22.360679626464844, 103.00485229492188, 93.81364440917969, 60.41522979736328, 66.48307800292969, 73.53910827636719, 166.14752197265625, 157.11460876464844, 62.96824645996094, 156.52476501464844, 77.3175277709961, 163.37074279785156, 90.24411010742188, 93.05912017822266, 22.360679626464844, 141.11343383789062, 97.01546478271484, 123.19902801513672, 97.14422607421875, 94.76286315917969, 62.169124603271484, 129.71121215820312, 108.25894927978516, 99.85990142822266, 10.0, 84.43340301513672, 35.12833786010742, 109.12836456298828, 142.8985595703125, 149.0838623046875, 16.970561981201172, 104.12012481689453, 172.16851806640625, 181.6039581298828, 211.10186767578125], [21.095022201538086, 83.21658325195312, 33.241539001464844, 86.8158950805664, 11.045360565185547, 103.24727630615234, 101.13851928710938, 0.0, 137.29530334472656, 111.28791809082031, 94.8946762084961, 99.84988403320312, 102.85912322998047, 95.71833801269531, 66.5732650756836, 77.20103454589844, 116.66190338134766, 121.37957000732422, 115.96551513671875, 96.87621307373047, 120.0, 21.63330841064453, 92.8493423461914, 50.2493782043457, 38.62641525268555, 109.85900115966797, 81.02468872070312, 15.29705810546875, 58.694122314453125, 123.35720825195312, 98.12747192382812, 70.21395874023438, 117.51595306396484, 81.74349975585938, 131.36590576171875, 63.12685775756836, 66.7607650756836, 91.24143981933594, 86.12200927734375, 83.40863037109375, 40.49691390991211, 90.8019790649414, 84.64632415771484, 40.24922180175781, 88.32327270507812, 46.2385139465332, 46.173583984375, 34.65544509887695, 19.416488647460938, 100.00499725341797, 47.07440948486328, 127.09445190429688, 35.46829605102539, 110.2587890625, 100.00499725341797, 118.10588836669922, 49.09175109863281, 91.78779602050781, 83.67198181152344, 110.60289001464844], [121.16517639160156, 100.62306213378906, 170.53152465820312, 188.80943298339844, 144.2775115966797, 131.0953826904297, 172.16561889648438, 137.29530334472656, 0.0, 110.47624206542969, 55.90169906616211, 193.08029174804688, 139.2910614013672, 152.4729461669922, 136.62356567382812, 150.233154296875, 28.07133674621582, 23.0, 21.954498291015625, 234.13885498046875, 165.07574462890625, 158.3982391357422, 226.61199951171875, 88.61715698242188, 173.833251953125, 193.34165954589844, 70.60453033447266, 150.57223510742188, 176.6493682861328, 128.09762573242188, 217.5890655517578, 118.9621810913086, 19.79899024963379, 199.61964416503906, 18.788293838500977, 190.53871154785156, 177.12425231933594, 219.41969299316406, 216.26141357421875, 172.20046997070312, 149.5660400390625, 75.23961639404297, 55.07267761230469, 176.3235626220703, 77.41446685791016, 162.82505798339844, 178.86866760253906, 171.89822387695312, 156.5407257080078, 179.2010040283203, 102.42070007324219, 168.66831970214844, 101.86265563964844, 247.41261291503906, 236.89027404785156, 183.17477416992188, 185.91395568847656, 81.61495208740234, 130.41856384277344, 160.52725219726562], [112.7918472290039, 148.22280883789062, 134.95184326171875, 103.27632904052734, 122.3315200805664, 181.705810546875, 72.71863555908203, 111.28791809082031, 110.47624206542969, 0.0, 60.8276252746582, 100.42410278320312, 186.14242553710938, 52.430908203125, 160.32778930664062, 62.00806427001953, 83.43260955810547, 87.86353302001953, 94.5568618774414, 189.10842895507812, 210.48753356933594, 129.06199645996094, 165.52944946289062, 99.12618255615234, 128.09762573242188, 95.01578521728516, 55.226806640625, 114.21470642089844, 108.67382049560547, 18.867961883544922, 139.05393981933594, 151.8189697265625, 100.24469757080078, 123.81034088134766, 92.54188537597656, 127.4754867553711, 177.0706024169922, 150.3329620361328, 150.5855255126953, 83.4505844116211, 148.0709228515625, 41.617305755615234, 75.80237579345703, 132.0037841796875, 41.231056213378906, 100.30453491210938, 155.1160888671875, 136.9379425048828, 122.26201629638672, 82.09750366210938, 67.44627380371094, 59.07622146606445, 94.70480346679688, 196.1733856201172, 195.49424743652344, 78.43468475341797, 141.89080810546875, 140.00714111328125, 168.4398956298828, 202.23748779296875], [84.77027893066406, 96.3846435546875, 127.02755737304688, 133.54400634765625, 104.21611785888672, 130.92364501953125, 116.43023681640625, 94.8946762084961, 55.90169906616211, 60.8276252746582, 0.0, 137.277099609375, 136.95619201660156, 97.02061462402344, 119.41942596435547, 94.3663101196289, 28.160255432128906, 33.52610778808594, 36.013885498046875, 189.80516052246094, 162.86497497558594, 116.46887969970703, 177.0536651611328, 57.07889175415039, 127.0157470703125, 137.4627227783203, 15.81138801574707, 105.43718719482422, 123.9758071899414, 79.64923095703125, 163.76812744140625, 106.09900665283203, 41.19466018676758, 145.98973083496094, 42.04759216308594, 139.4632568359375, 149.4590301513672, 167.6305389404297, 165.23922729492188, 116.48175811767578, 119.43617248535156, 20.39607810974121, 18.384777069091797, 130.0961151123047, 22.090721130371094, 110.80162811279297, 140.4599609375, 128.70120239257812, 112.60550689697266, 123.32071685791016, 51.62363815307617, 115.73245239257812, 62.93647766113281, 201.315673828125, 193.912353515625, 128.015625, 140.2462158203125, 84.05950164794922, 121.75385284423828, 155.76905822753906], [117.78369903564453, 178.67568969726562, 95.67131042480469, 15.264337539672852, 106.50821685791016, 202.6277313232422, 29.4108829498291, 99.84988403320312, 193.08029174804688, 100.42410278320312, 137.277099609375, 0.0, 202.64747619628906, 48.166378021240234, 166.35504150390625, 43.011627197265625, 165.42066955566406, 170.7659149169922, 172.19175720214844, 118.37651824951172, 219.385498046875, 100.5683822631836, 84.00595092773438, 132.01893615722656, 81.05553436279297, 14.317821502685547, 122.57650756835938, 88.81441497802734, 46.097721099853516, 95.67131042480469, 45.35416030883789, 169.1626434326172, 176.5672607421875, 38.470767974853516, 178.7316436767578, 58.18075180053711, 154.9354705810547, 64.07027435302734, 68.06614685058594, 21.095022201538086, 137.00364685058594, 119.2182846069336, 141.0283660888672, 84.20214080810547, 116.69190216064453, 54.4058837890625, 118.22859191894531, 97.18538665771484, 92.95697784423828, 19.416488647460938, 97.04637908935547, 62.297672271728516, 116.92733001708984, 118.00423431396484, 126.92123413085938, 36.34556198120117, 88.83692932128906, 181.80484008789062, 183.3712158203125, 209.9547576904297], [85.70297241210938, 41.0, 118.25819396972656, 189.6444091796875, 97.49871826171875, 8.9442720413208, 201.00994873046875, 102.85912322998047, 139.2910614013672, 186.14242553710938, 136.95619201660156, 202.64747619628906, 0.0, 191.25375366210938, 37.36308288574219, 175.2369842529297, 138.31124877929688, 139.70326232910156, 128.39002990722656, 162.49615478515625, 26.305892944335938, 107.70329284667969, 178.33956909179688, 87.09190368652344, 131.9393768310547, 212.14381408691406, 133.71986389160156, 115.31695556640625, 160.62689208984375, 203.33470153808594, 196.72569274902344, 35.35533905029297, 125.09996032714844, 182.14828491210938, 147.217529296875, 160.58953857421875, 75.18643188476562, 184.62123107910156, 178.05897521972656, 185.39956665039062, 71.02112579345703, 148.4755859375, 118.59595489501953, 131.02671813964844, 147.59742736816406, 148.97650146484375, 106.01886749267578, 117.88553619384766, 113.52973175048828, 201.35789489746094, 123.2396011352539, 221.3526611328125, 94.79451751708984, 179.47979736328125, 159.84054565429688, 217.8003692626953, 134.3502960205078, 58.00862121582031, 19.416488647460938, 21.3775577545166], [106.8877944946289, 159.7654571533203, 107.44766235351562, 53.0, 105.67875671386719, 189.12957763671875, 20.615528106689453, 95.71833801269531, 152.4729461669922, 52.430908203125, 97.02061462402344, 48.166378021240234, 191.25375366210938, 0.0, 158.5496826171875, 19.646883010864258, 124.40257263183594, 129.5569305419922, 133.00375366210938, 150.08331298828125, 212.17445373535156, 106.4048843383789, 121.16517639160156, 108.90821838378906, 96.17691802978516, 42.95346450805664, 84.2911605834961, 91.38927459716797, 67.26811981201172, 48.25971221923828, 89.35882568359375, 155.97434997558594, 138.01449584960938, 76.15773010253906, 136.4734344482422, 85.84288024902344, 161.01242065429688, 103.61949920654297, 105.3043212890625, 33.541019439697266, 136.21307373046875, 77.23341369628906, 105.07616424560547, 100.12991333007812, 75.1065902709961, 64.49806213378906, 130.3610382080078, 109.3846435546875, 98.4327163696289, 29.681644439697266, 70.32780456542969, 31.38471031188965, 97.20082092285156, 154.0292205810547, 157.6229705810547, 31.256999969482422, 108.46197509765625, 157.8765411376953, 172.00291442871094, 203.03939819335938], [51.6623649597168, 40.360870361328125, 81.04936981201172, 153.0, 60.41522979736328, 40.04996871948242, 166.6043243408203, 66.5732650756836, 136.62356567382812, 160.32778930664062, 119.41942596435547, 166.35504150390625, 37.36308288574219, 158.5496826171875, 0.0, 141.4496307373047, 128.1327362060547, 130.86251831054688, 120.83045959472656, 129.031005859375, 53.81449508666992, 70.3420181274414, 142.00352478027344, 63.348243713378906, 94.5938720703125, 176.40011596679688, 112.37882232666016, 78.29431915283203, 123.56779479980469, 176.20726013183594, 159.36436462402344, 18.601076126098633, 119.10499572753906, 144.8378448486328, 139.83204650878906, 123.22743225097656, 46.40043258666992, 147.50254821777344, 141.0283660888672, 149.84324645996094, 34.058773040771484, 126.6056900024414, 102.04410552978516, 93.74433135986328, 125.15989685058594, 112.29425811767578, 70.45565795898438, 80.7527084350586, 76.216796875, 166.20770263671875, 94.02127075195312, 189.3805694580078, 65.7419204711914, 145.78408813476562, 127.440185546875, 183.5347442626953, 97.41663360595703, 59.40538787841797, 20.02498435974121, 44.55333709716797], [89.9388656616211, 145.8252410888672, 87.80091094970703, 42.01190185546875, 86.8216552734375, 173.6778564453125, 26.4007568359375, 77.20103454589844, 150.233154296875, 62.00806427001953, 94.3663101196289, 43.011627197265625, 175.2369842529297, 19.646883010864258, 141.4496307373047, 0.0, 122.48265075683594, 127.81627655029297, 129.55308532714844, 132.01893615722656, 195.24343872070312, 86.92525482177734, 104.92378234863281, 96.00521087646484, 76.65507507324219, 44.0113639831543, 79.90619659423828, 72.01388549804688, 49.24428939819336, 62.96824645996094, 77.15568542480469, 140.2069854736328, 134.08206176757812, 61.85466766357422, 135.72398376464844, 68.15423583984375, 141.7779998779297, 88.6848373413086, 89.47066497802734, 22.825424194335938, 117.6435317993164, 76.216796875, 99.08077239990234, 80.62257385253906, 73.68174743652344, 45.09988784790039, 110.72488403320312, 89.73851013183594, 78.92401123046875, 30.149627685546875, 58.24087905883789, 50.56678771972656, 82.76472473144531, 136.97079467773438, 139.3018341064453, 42.72002029418945, 89.14033508300781, 145.83895874023438, 155.86212158203125, 186.002685546875], [103.07764434814453, 97.51409912109375, 149.68299865722656, 161.64466857910156, 124.85191345214844, 131.0343475341797, 144.12841796875, 116.66190338134766, 28.07133674621582, 83.43260955810547, 28.160255432128906, 165.42066955566406, 138.31124877929688, 124.40257263183594, 128.1327362060547, 122.48265075683594, 0.0, 5.385164737701416, 12.727922439575195, 213.17832946777344, 164.6147003173828, 138.22445678710938, 202.87188720703125, 71.58910369873047, 151.3472900390625, 165.38742065429688, 43.46262741088867, 128.7633514404297, 151.09268188476562, 101.53324890136719, 191.40794372558594, 112.16059875488281, 18.439088821411133, 173.5396270751953, 14.866068840026855, 165.89454650878906, 164.1371307373047, 194.43507385253906, 191.70028686523438, 144.64093017578125, 135.0037078857422, 47.16990661621094, 32.015621185302734, 154.14927673339844, 49.36598205566406, 137.59359741210938, 160.6051025390625, 151.21177673339844, 135.36985778808594, 151.25144958496094, 77.42092895507812, 141.0283660888672, 82.09750366210938, 225.56817626953125, 216.6402587890625, 155.1160888671875, 164.07315063476562, 81.02468872070312, 126.03570556640625, 158.71043395996094], [107.37783813476562, 99.12618255615234, 154.46682739257812, 167.02694702148438, 129.4024658203125, 132.23086547851562, 149.34523010253906, 121.37957000732422, 23.0, 87.86353302001953, 33.52610778808594, 170.7659149169922, 139.70326232910156, 129.5569305419922, 130.86251831054688, 127.81627655029297, 5.385164737701416, 0.0, 11.704699516296387, 218.01376342773438, 165.97891235351562, 142.90206909179688, 208.0384521484375, 75.59100341796875, 156.34896850585938, 170.6575469970703, 48.84669876098633, 133.66001892089844, 156.41610717773438, 105.77334594726562, 196.77398681640625, 114.52947235107422, 16.6433162689209, 178.8994140625, 10.0, 171.14321899414062, 167.72000122070312, 199.7198028564453, 196.94668579101562, 150.0, 138.7984161376953, 52.345008850097656, 36.79673767089844, 159.11317443847656, 54.58937454223633, 142.8880615234375, 165.0242462158203, 155.97434997558594, 140.1855926513672, 156.52476501464844, 82.6619644165039, 145.7738037109375, 86.60831451416016, 230.52114868164062, 221.38201904296875, 160.1998748779297, 169.0, 82.03657531738281, 128.015625, 160.31219482421875], [100.60317993164062, 88.00568389892578, 149.20120239257812, 167.44252014160156, 123.32882690429688, 120.81390380859375, 152.26622009277344, 115.96551513671875, 21.954498291015625, 94.5568618774414, 36.013885498046875, 172.19175720214844, 128.39002990722656, 133.00375366210938, 120.83045959472656, 129.55308532714844, 12.727922439575195, 11.704699516296387, 0.0, 212.84031677246094, 154.6350555419922, 137.2443084716797, 204.72665405273438, 68.24221801757812, 152.11837768554688, 173.04623413085938, 49.648765563964844, 128.97286987304688, 154.74171447753906, 112.94689178466797, 195.77793884277344, 104.08650207519531, 5.830951690673828, 177.79200744628906, 19.10497283935547, 168.58529663085938, 159.0125732421875, 197.46644592285156, 194.3115997314453, 151.21177673339844, 130.59861755371094, 56.22277069091797, 33.12099075317383, 154.67384338378906, 58.07753372192383, 140.89002990722656, 158.404541015625, 150.6154022216797, 135.10366821289062, 158.91192626953125, 80.49844360351562, 151.25144958496094, 80.65978240966797, 225.88714599609375, 215.8077850341797, 164.02743530273438, 164.34719848632812, 70.57620239257812, 117.15374755859375, 149.12075805664062], [114.01753997802734, 164.15846252441406, 63.639610290527344, 104.47966003417969, 90.27181243896484, 167.70509338378906, 141.0035400390625, 96.87621307373047, 234.13885498046875, 189.10842895507812, 189.80516052246094, 118.37651824951172, 162.49615478515625, 150.08331298828125, 129.031005859375, 132.01893615722656, 213.17832946777344, 218.01376342773438, 212.84031677246094, 0.0, 165.04847717285156, 75.82215881347656, 37.121421813964844, 146.21900939941406, 63.28506851196289, 132.6725311279297, 174.83706665039062, 84.50444030761719, 82.87339782714844, 194.28329467773438, 78.54934692382812, 143.89231872558594, 214.3478546142578, 79.90619659423828, 227.96929931640625, 64.28063201904297, 88.09085845947266, 57.00876998901367, 51.244510650634766, 119.03781127929688, 97.14422607421875, 181.7965850830078, 181.2180938720703, 59.90826416015625, 179.0474853515625, 88.8875732421875, 60.008331298828125, 62.2414665222168, 77.8331527709961, 133.18408203125, 138.697509765625, 176.01136779785156, 132.27622985839844, 17.029386520385742, 8.9442720413208, 153.55130004882812, 49.648765563964844, 178.88543701171875, 148.707763671875, 157.00318908691406], [105.36128234863281, 67.26811981201172, 129.61866760253906, 205.6428985595703, 112.89818572998047, 34.0, 220.41098022460938, 120.0, 165.07574462890625, 210.48753356933594, 162.86497497558594, 219.385498046875, 26.305892944335938, 212.17445373535156, 53.81449508666992, 195.24343872070312, 164.6147003173828, 165.97891235351562, 154.6350555419922, 165.04847717285156, 0.0, 120.74767303466797, 185.72291564941406, 111.41364288330078, 144.18043518066406, 229.8282012939453, 159.0125732421875, 130.6981201171875, 175.51353454589844, 227.26416015625, 208.72230529785156, 58.66856002807617, 151.26797485351562, 195.49424743652344, 173.41567993164062, 172.9306182861328, 77.41446685791016, 194.5379180908203, 187.64060974121094, 203.40353393554688, 83.18653869628906, 173.72679138183594, 144.5441131591797, 142.61837768554688, 172.72232055664062, 165.051513671875, 113.50770568847656, 128.87591552734375, 127.53430938720703, 219.89315795898438, 146.01370239257812, 242.83534240722656, 117.4137954711914, 182.02471923828125, 161.0496826171875, 237.34573364257812, 144.2012481689453, 84.148681640625, 42.05948257446289, 9.433980941772461], [38.587562561035156, 95.75489807128906, 13.0, 86.05230712890625, 14.764822959899902, 109.83624267578125, 107.91200256347656, 21.63330841064453, 158.3982391357422, 129.06199645996094, 116.46887969970703, 100.5683822631836, 107.70329284667969, 106.4048843383789, 70.3420181274414, 86.92525482177734, 138.22445678710938, 142.90206909179688, 137.2443084716797, 75.82215881347656, 120.74767303466797, 0.0, 75.92759704589844, 70.43436431884766, 24.331050872802734, 112.44998931884766, 102.41581726074219, 15.29705810546875, 55.217750549316406, 139.51702880859375, 89.02246856689453, 79.05693817138672, 138.6001434326172, 74.84651184082031, 152.8953857421875, 52.88667297363281, 55.4707145690918, 78.05767059326172, 72.00694274902344, 87.61849212646484, 37.57658767700195, 111.6646728515625, 106.21205139160156, 24.0, 109.11003875732422, 46.75468063354492, 26.07680892944336, 13.892443656921387, 8.062257766723633, 104.8093490600586, 67.67569732666016, 137.4809112548828, 56.58621597290039, 89.87213134765625, 78.56844329833984, 124.5351333618164, 30.364452362060547, 107.2800064086914, 89.62700653076172, 111.35977935791016], [113.21660614013672, 171.47010803222656, 63.150611877441406, 71.34423828125, 90.2496566772461, 182.02471923828125, 109.17874908447266, 92.8493423461914, 226.61199951171875, 165.52944946289062, 177.0536651611328, 84.00595092773438, 178.33956909179688, 121.16517639160156, 142.00352478027344, 104.92378234863281, 202.87188720703125, 208.0384521484375, 204.72665405273438, 37.121421813964844, 185.72291564941406, 75.92759704589844, 0.0, 142.6954803466797, 54.230987548828125, 98.08159637451172, 161.37533569335938, 77.87811279296875, 56.93856430053711, 167.86900329589844, 41.761226654052734, 153.63919067382812, 207.18348693847656, 46.27094268798828, 217.7062225341797, 38.60051727294922, 108.93116760253906, 20.39607810974121, 16.124515533447266, 88.29496002197266, 108.00463104248047, 165.614013671875, 171.81967163085938, 52.81098556518555, 162.7882080078125, 67.47592163085938, 72.56031799316406, 62.801273345947266, 74.0, 100.4987564086914, 125.60652923583984, 144.2567138671875, 127.0157470703125, 34.0, 46.06517028808594, 120.066650390625, 45.7055778503418, 183.1338348388672, 162.0, 176.91806030273438], [32.557640075683594, 51.22499465942383, 83.00602722167969, 122.40914916992188, 55.973209381103516, 83.09632873535156, 122.38463592529297, 50.2493782043457, 88.61715698242188, 99.12618255615234, 57.07889175415039, 132.01893615722656, 87.09190368652344, 108.90821838378906, 63.348243713378906, 96.00521087646484, 71.58910369873047, 75.59100341796875, 68.24221801757812, 146.21900939941406, 111.41364288330078, 70.43436431884766, 142.6954803466797, 0.0, 88.54942321777344, 138.05072021484375, 49.030601501464844, 64.8459701538086, 100.7174301147461, 116.2497329711914, 142.5552520751953, 52.77309799194336, 68.88395690917969, 124.90396118164062, 85.47514343261719, 110.16351318359375, 93.14505004882812, 139.1761474609375, 134.73678588867188, 111.83023071289062, 63.5688591003418, 63.324562072753906, 41.231056213378906, 90.42676544189453, 61.98386764526367, 86.46965026855469, 90.27181243896484, 84.20214080810547, 69.6419448852539, 125.22779083251953, 38.587562561035156, 137.20057678222656, 16.278820037841797, 160.20611572265625, 148.5530242919922, 138.22445678710938, 99.32270812988281, 50.0, 69.35416412353516, 103.31505584716797], [59.203041076660156, 119.26860809326172, 15.0, 65.94694519042969, 37.121421813964844, 134.16407775878906, 93.40770721435547, 38.62641525268555, 173.833251953125, 128.09762573242188, 127.0157470703125, 81.05553436279297, 131.9393768310547, 96.17691802978516, 94.5938720703125, 76.65507507324219, 151.3472900390625, 156.34896850585938, 152.11837768554688, 63.28506851196289, 144.18043518066406, 24.331050872802734, 54.230987548828125, 88.54942321777344, 0.0, 94.04785919189453, 111.82575988769531, 23.706539154052734, 35.0, 135.53228759765625, 64.8459701538086, 103.23758697509766, 154.201171875, 51.4781494140625, 166.20770263671875, 28.792360305786133, 74.3303451538086, 54.00925827026367, 48.25971221923828, 71.58910369873047, 61.35144805908203, 118.51160430908203, 119.67037963867188, 4.0, 115.76268768310547, 31.78049659729004, 37.202152252197266, 16.278820037841797, 20.2237491607666, 88.54942321777344, 75.60423278808594, 125.87692260742188, 73.06161499023438, 74.3303451538086, 68.44705963134766, 109.1650161743164, 13.928388595581055, 129.63409423828125, 113.95174407958984, 134.85177612304688], [126.65702056884766, 186.2525177001953, 108.4066390991211, 29.154760360717773, 117.29023742675781, 211.65301513671875, 22.360679626464844, 109.85900115966797, 193.34165954589844, 95.01578521728516, 137.4627227783203, 14.317821502685547, 212.14381408691406, 42.95346450805664, 176.40011596679688, 44.0113639831543, 165.38742065429688, 170.6575469970703, 173.04623413085938, 132.6725311279297, 229.8282012939453, 112.44998931884766, 98.08159637451172, 138.05072021484375, 94.04785919189453, 0.0, 123.49089050292969, 99.90495300292969, 59.07622146606445, 87.86353302001953, 58.54912567138672, 178.05897521972656, 177.72169494628906, 52.77309799194336, 178.10108947753906, 72.23572540283203, 167.36187744140625, 78.0, 82.2192153930664, 26.832815170288086, 148.1654510498047, 118.45674133300781, 143.03146362304688, 97.34988403320312, 116.10340118408203, 65.76473236083984, 131.24404907226562, 110.0, 104.65180206298828, 14.142135620117188, 101.43470764160156, 50.537113189697266, 123.64869689941406, 132.0605926513672, 141.2303009033203, 23.409399032592773, 102.4743881225586, 188.04786682128906, 192.769287109375, 220.41778564453125], [72.99314880371094, 94.33981323242188, 112.50777435302734, 118.2708740234375, 90.82400512695312, 128.50291442871094, 103.00485229492188, 81.02468872070312, 70.60453033447266, 55.226806640625, 15.81138801574707, 122.57650756835938, 133.71986389160156, 84.2911605834961, 112.37882232666016, 79.90619659423828, 43.46262741088867, 48.84669876098633, 49.648765563964844, 174.83706665039062, 159.0125732421875, 102.41581726074219, 161.37533569335938, 49.030601501464844, 111.82575988769531, 123.49089050292969, 0.0, 90.73587799072266, 108.16654205322266, 73.87828063964844, 148.060791015625, 100.90093994140625, 54.230987548828125, 130.249755859375, 57.706153869628906, 123.69316864013672, 138.7083282470703, 151.822265625, 149.4590301513672, 101.63660430908203, 108.5587387084961, 14.764822959899902, 21.540658950805664, 115.0, 14.21267032623291, 95.0, 127.0157470703125, 114.2365951538086, 98.1121826171875, 109.37092590332031, 36.2353401184082, 105.6219711303711, 51.35172653198242, 186.03762817382812, 179.17588806152344, 115.52488708496094, 125.20782470703125, 84.89994049072266, 117.17507934570312, 151.3472900390625], [36.34556198120117, 98.04590606689453, 21.931713104248047, 74.94664764404297, 17.8885440826416, 116.38728332519531, 93.81364440917969, 15.29705810546875, 150.57223510742188, 114.21470642089844, 105.43718719482422, 88.81441497802734, 115.31695556640625, 91.38927459716797, 78.29431915283203, 72.01388549804688, 128.7633514404297, 133.66001892089844, 128.97286987304688, 84.50444030761719, 130.6981201171875, 15.29705810546875, 77.87811279296875, 64.8459701538086, 23.706539154052734, 99.90495300292969, 90.73587799072266, 0.0, 45.31004333496094, 124.32618713378906, 83.38465118408203, 83.9523696899414, 130.8739776611328, 67.46851348876953, 143.58621215820312, 48.010414123535156, 69.83551788330078, 75.95393371582031, 70.8307876586914, 74.2765121459961, 48.27007293701172, 98.89894104003906, 96.87621307373047, 25.806976318359375, 96.25486755371094, 34.4093017578125, 41.01219177246094, 23.76972770690918, 8.062257766723633, 91.3509750366211, 55.009090423583984, 122.57650756835938, 49.39635467529297, 96.93812561035156, 88.48163604736328, 110.60289001464844, 35.38361358642578, 107.05606079101562, 96.4624252319336, 121.26417541503906], [78.91767883300781, 141.42135620117188, 49.57822036743164, 31.11269760131836, 63.158531188964844, 161.5951690673828, 60.41522979736328, 58.694122314453125, 176.6493682861328, 108.67382049560547, 123.9758071899414, 46.097721099853516, 160.62689208984375, 67.26811981201172, 123.56779479980469, 49.24428939819336, 151.09268188476562, 156.41610717773438, 154.74171447753906, 82.87339782714844, 175.51353454589844, 55.217750549316406, 56.93856430053711, 100.7174301147461, 35.0, 59.07622146606445, 108.16654205322266, 45.31004333496094, 0.0, 111.97321319580078, 41.9761848449707, 128.84486389160156, 157.99050903320312, 24.1867733001709, 165.680419921875, 18.973665237426758, 108.90362548828125, 43.931766510009766, 42.63801193237305, 38.07886505126953, 92.43917083740234, 110.53506469726562, 121.67169189453125, 38.27531814575195, 107.71257781982422, 14.317821502685547, 72.20111083984375, 51.088157653808594, 48.02082824707031, 54.424259185791016, 74.24958038330078, 94.5304183959961, 84.48076629638672, 87.92041778564453, 90.3548583984375, 75.27283477783203, 44.0113639831543, 148.01351928710938, 141.73919677734375, 166.09033203125], [127.22421264648438, 166.06625366210938, 144.0, 101.2422866821289, 134.34657287597656, 199.20089721679688, 66.48307800292969, 123.35720825195312, 128.09762573242188, 18.867961883544922, 79.64923095703125, 95.67131042480469, 203.33470153808594, 48.25971221923828, 176.20726013183594, 62.96824645996094, 101.53324890136719, 105.77334594726562, 112.94689178466797, 194.28329467773438, 227.26416015625, 139.51702880859375, 167.86900329589844, 116.2497329711914, 135.53228759765625, 87.86353302001953, 73.87828063964844, 124.32618713378906, 111.97321319580078, 0.0, 137.59359741210938, 168.6564483642578, 118.68024444580078, 123.89108276367188, 109.83624267578125, 130.94273376464844, 189.9315643310547, 151.1687774658203, 152.31546020507812, 81.6333236694336, 161.68179321289062, 60.464866638183594, 94.62557983398438, 139.51702880859375, 60.0, 105.72132873535156, 165.30274963378906, 146.0, 132.24220275878906, 76.41989135742188, 82.3468246459961, 44.92215347290039, 110.47624206542969, 199.85995483398438, 201.2212677001953, 68.26419067382812, 148.97314453125, 158.44873046875, 185.2997589111328, 218.83326721191406], [119.03781127929688, 181.3339385986328, 79.12016296386719, 36.359317779541016, 100.28459167480469, 198.7083282470703, 73.53910827636719, 98.12747192382812, 217.5890655517578, 139.05393981933594, 163.76812744140625, 45.35416030883789, 196.72569274902344, 89.35882568359375, 159.36436462402344, 77.15568542480469, 191.40794372558594, 196.77398681640625, 195.77793884277344, 78.54934692382812, 208.72230529785156, 89.02246856689453, 41.761226654052734, 142.5552520751953, 64.8459701538086, 58.54912567138672, 148.060791015625, 83.38465118408203, 41.9761848449707, 137.59359741210938, 0.0, 167.03591918945312, 199.2510986328125, 18.027755737304688, 205.76686096191406, 36.13862228393555, 135.83078002929688, 21.540658950805664, 27.784887313842773, 56.035701751708984, 126.1784439086914, 148.6606903076172, 162.8557586669922, 66.128662109375, 145.89036560058594, 56.29387283325195, 97.24710845947266, 79.84986114501953, 83.54639434814453, 63.90618133544922, 115.52056121826172, 107.56393432617188, 126.28935241699219, 74.96665954589844, 87.46427917480469, 81.58431243896484, 65.3681869506836, 189.12957763671875, 178.53851318359375, 199.44924926757812], [51.429561614990234, 21.931713104248047, 91.02197265625, 156.7322540283203, 66.75328063964844, 33.61547088623047, 166.14752197265625, 70.21395874023438, 118.9621810913086, 151.8189697265625, 106.09900665283203, 169.1626434326172, 35.35533905029297, 155.97434997558594, 18.601076126098633, 140.2069854736328, 112.16059875488281, 114.52947235107422, 104.08650207519531, 143.89231872558594, 58.66856002807617, 79.05693817138672, 153.63919067382812, 52.77309799194336, 103.23758697509766, 178.05897521972656, 100.90093994140625, 83.9523696899414, 128.84486389160156, 168.6564483642578, 167.03591918945312, 0.0, 101.98039245605469, 151.41995239257812, 123.1787338256836, 131.10682678222656, 64.44377136230469, 157.11460876464844, 151.01324462890625, 151.23822021484375, 46.840152740478516, 115.52056121826172, 88.1192398071289, 103.0436782836914, 114.38968658447266, 116.37869262695312, 84.20214080810547, 91.0878677368164, 83.6002426147461, 166.8682098388672, 87.96590423583984, 186.002685546875, 59.46427536010742, 160.3527374267578, 143.0, 182.8578643798828, 108.16654205322266, 40.804412841796875, 16.6433162689209, 50.56678771972656], [101.41498565673828, 85.09406280517578, 150.74813842773438, 171.47886657714844, 124.4829330444336, 117.34564208984375, 157.11460876464844, 117.51595306396484, 19.79899024963379, 100.24469757080078, 41.19466018676758, 176.5672607421875, 125.09996032714844, 138.01449584960938, 119.10499572753906, 134.08206176757812, 18.439088821411133, 16.6433162689209, 5.830951690673828, 214.3478546142578, 151.26797485351562, 138.6001434326172, 207.18348693847656, 68.88395690917969, 154.201171875, 177.72169494628906, 54.230987548828125, 130.8739776611328, 157.99050903320312, 118.68024444580078, 199.2510986328125, 101.98039245605469, 0.0, 181.24017333984375, 22.203603744506836, 171.4322052001953, 158.3445587158203, 200.41207885742188, 197.0913543701172, 155.54098510742188, 130.3610382080078, 61.52235412597656, 36.400550842285156, 156.64610290527344, 63.28506851196289, 144.02777099609375, 159.1540069580078, 152.1085205078125, 136.78085327148438, 163.60012817382812, 83.77350616455078, 156.70672607421875, 82.07313537597656, 227.6686248779297, 217.09214782714844, 169.10647583007812, 166.19265747070312, 67.11929321289062, 114.52947235107422, 146.00341796875], [102.39628601074219, 164.8787384033203, 66.37017059326172, 25.079872131347656, 84.89994049072266, 183.65728759765625, 62.96824645996094, 81.74349975585938, 199.61964416503906, 123.81034088134766, 145.98973083496094, 38.470767974853516, 182.14828491210938, 76.15773010253906, 144.8378448486328, 61.85466766357422, 173.5396270751953, 178.8994140625, 177.79200744628906, 79.90619659423828, 195.49424743652344, 74.84651184082031, 46.27094268798828, 124.90396118164062, 51.4781494140625, 52.77309799194336, 130.249755859375, 67.46851348876953, 24.1867733001709, 123.89108276367188, 18.027755737304688, 151.41995239257812, 181.24017333984375, 0.0, 187.949462890625, 23.430749893188477, 125.0, 27.513633728027344, 30.149627685546875, 42.72002029418945, 112.40106964111328, 131.24404907226562, 144.8481903076172, 53.5350341796875, 128.4562225341797, 38.470767974853516, 86.68333435058594, 67.41661834716797, 68.62215423583984, 54.230987548828125, 97.49871826171875, 98.0051040649414, 108.66461944580078, 80.15609741210938, 88.45903015136719, 74.00675964355469, 55.17245864868164, 172.00291442871094, 163.60012817382812, 186.1316680908203], [117.34564208984375, 107.00466918945312, 164.4384307861328, 175.48219299316406, 139.4022979736328, 139.51702880859375, 156.52476501464844, 131.36590576171875, 18.788293838500977, 92.54188537597656, 42.04759216308594, 178.7316436767578, 147.217529296875, 136.4734344482422, 139.83204650878906, 135.72398376464844, 14.866068840026855, 10.0, 19.10497283935547, 227.96929931640625, 173.41567993164062, 152.8953857421875, 217.7062225341797, 85.47514343261719, 166.20770263671875, 178.10108947753906, 57.706153869628906, 143.58621215820312, 165.680419921875, 109.83624267578125, 205.76686096191406, 123.1787338256836, 22.203603744506836, 187.949462890625, 0.0, 180.64883422851562, 177.3414764404297, 209.12197875976562, 206.455810546875, 158.11387634277344, 148.55638122558594, 59.66573715209961, 46.75468063354492, 169.0, 62.09669876098633, 152.26622009277344, 175.0114288330078, 165.95179748535156, 150.14659118652344, 164.0, 92.20086669921875, 151.16217041015625, 96.60745239257812, 240.4163055419922, 231.36550903320312, 166.76930236816406, 178.9105987548828, 89.27485656738281, 136.23509216308594, 168.047607421875], [84.2140121459961, 146.01370239257812, 43.382022857666016, 43.08131790161133, 64.38167572021484, 162.59458923339844, 77.3175277709961, 63.12685775756836, 190.53871154785156, 127.4754867553711, 139.4632568359375, 58.18075180053711, 160.58953857421875, 85.84288024902344, 123.22743225097656, 68.15423583984375, 165.89454650878906, 171.1432189941