{"name": "LZB_n30_19", "n": 30, "m": 9, "times": [[0.0, 149.57606506347656, 204.98048400878906, 126.6056900024414, 8.0, 195.7268524169922, 204.0882110595703, 170.6985626220703, 49.497474670410156, 81.32035064697266, 70.25667572021484, 93.60555267333984, 64.19501495361328, 131.2288055419922, 167.4514923095703, 170.836181640625, 110.92339324951172, 63.56099319458008, 67.26811981201172, 127.78105926513672, 16.401220321655273, 13.03840446472168, 29.4108829498291, 110.3177261352539, 167.370849609375, 124.8238754272461, 202.5956573486328, 78.54934692382812, 191.00262451171875, 85.42247772216797, 41.67733383178711, 82.2800064086914, 35.22782897949219, 180.56854248046875, 220.41098022460938, 36.13862228393555, 31.016124725341797, 195.16659545898438, 215.52261352539062, 128.2224578857422, 133.45411682128906, 178.93295288085938, 99.46356201171875, 168.86680603027344, 29.0, 168.88458251953125, 147.10540771484375, 155.0032196044922, 156.97451782226562, 113.95174407958984, 179.41293334960938, 170.10585021972656, 141.71803283691406, 106.0, 180.06942749023438, 113.84199523925781, 205.76686096191406, 150.56228637695312, 107.51744079589844, 187.84036254882812], [149.57606506347656, 0.0, 58.8217658996582, 128.39002990722656, 154.9354705810547, 92.35800170898438, 74.3303451538086, 21.931713104248047, 116.7775650024414, 68.60028839111328, 112.53887939453125, 129.24781799316406, 128.94960021972656, 33.0151481628418, 131.18307495117188, 144.47145080566406, 51.6623649597168, 98.27003479003906, 122.97154235839844, 136.29747009277344, 133.20660400390625, 162.11415100097656, 123.06908416748047, 81.09870910644531, 59.46427536010742, 55.31726837158203, 69.58448028564453, 78.39005279541016, 56.718605041503906, 77.20103454589844, 108.89444732666016, 86.58522033691406, 171.9593048095703, 52.17279052734375, 71.69379425048828, 168.83424377441406, 127.0157470703125, 150.0966339111328, 65.94694519042969, 38.470767974853516, 44.59820556640625, 55.6596794128418, 96.0, 64.38167572021484, 120.6150894165039, 31.256999969482422, 120.60265350341797, 73.57308959960938, 59.396968841552734, 35.80502700805664, 46.840152740478516, 108.22661590576172, 100.22474670410156, 113.28282928466797, 43.011627197265625, 134.09324645996094, 82.56512451171875, 117.0042724609375, 79.10120391845703, 75.29276275634766], [204.98048400878906, 58.8217658996582, 0.0, 153.0751495361328, 209.61154174804688, 72.12489318847656, 36.2353401184082, 37.10795211791992, 175.3083038330078, 125.70600891113281, 157.11460876464844, 165.60494995117188, 173.66635131835938, 75.00666809082031, 138.03260803222656, 152.01315307617188, 96.87621307373047, 147.82760620117188, 181.73057556152344, 161.01242065429688, 188.60540771484375, 217.036865234375, 177.00282287597656, 115.76268768310547, 59.228370666503906, 110.16351318359375, 29.96664810180664, 137.05838012695312, 27.0, 136.01470947265625, 163.44418334960938, 145.33065795898438, 223.66493225097656, 74.6860122680664, 18.973665237426758, 220.0022735595703, 179.6357421875, 146.97279357910156, 25.70992088317871, 94.76286315917969, 98.04590606689453, 80.95677947998047, 153.06207275390625, 62.64982223510742, 176.4086151123047, 61.392181396484375, 135.9595489501953, 82.97589874267578, 100.89598846435547, 93.52005004882812, 32.893768310546875, 110.00454711914062, 148.94630432128906, 169.29559326171875, 62.2414665222168, 163.78338623046875, 47.88528060913086, 130.3917236328125, 135.72398376464844, 56.718605041503906], [126.6056900024414, 128.39002990722656, 153.0751495361328, 0.0, 124.95198822021484, 102.068603515625, 130.249755859375, 137.36447143554688, 140.34600830078125, 108.60018157958984, 58.18075180053711, 34.01470184326172, 62.801273345947266, 95.42536163330078, 43.73785400390625, 44.40720748901367, 81.32035064697266, 75.21302795410156, 161.40013122558594, 8.062257766723633, 117.0469970703125, 131.38111877441406, 102.69371795654297, 49.04079818725586, 94.33981323242188, 153.93505859375, 132.8231964111328, 127.0157470703125, 127.58134460449219, 135.2479248046875, 100.84642028808594, 142.4254150390625, 119.10499572753906, 180.22763061523438, 172.0465087890625, 114.1095962524414, 97.08243560791016, 70.00714111328125, 175.61605834960938, 142.33763122558594, 152.16110229492188, 183.0027313232422, 166.19265747070312, 91.78779602050781, 113.59577178955078, 159.6151580810547, 25.942243576049805, 70.7742919921875, 177.775146484375, 113.88591003417969, 120.2081527709961, 59.203041076660156, 197.73973083496094, 183.3712158203125, 171.3534393310547, 16.155494689941406, 124.80785369873047, 31.906112670898438, 159.2011260986328, 105.47511291503906], [8.0, 154.9354705810547, 209.61154174804688, 124.95198822021484, 0.0, 197.80039978027344, 207.509033203125, 175.8237762451172, 57.42821502685547, 87.1148681640625, 70.028564453125, 91.4439697265625, 62.169124603271484, 135.36985778808594, 166.5893096923828, 169.33103942871094, 114.61238861083984, 65.78753662109375, 75.23961639404297, 125.63439178466797, 22.203603744506836, 7.6157732009887695, 32.75667953491211, 111.83023071289062, 170.3085479736328, 131.92800903320312, 206.2353057861328, 85.47514343261719, 194.85891723632812, 92.61209106445312, 46.22769546508789, 89.8109130859375, 27.294687271118164, 187.22445678710938, 225.36415100097656, 28.460498809814453, 32.280025482177734, 194.13912963867188, 220.8393096923828, 134.7924346923828, 140.2925567626953, 185.73367309570312, 107.35455322265625, 171.59254455566406, 35.0, 175.0714111328125, 146.34207153320312, 157.00318908691406, 164.14932250976562, 119.50313568115234, 183.33848571777344, 170.57550048828125, 149.62620544433594, 114.0, 186.4001007080078, 111.57060241699219, 208.7773895263672, 150.08331298828125, 115.13470458984375, 190.5465850830078], [195.7268524169922, 92.35800170898438, 72.12489318847656, 102.068603515625, 197.80039978027344, 0.0, 37.2155876159668, 82.75868225097656, 183.01092529296875, 132.3782501220703, 131.18307495117188, 126.40016174316406, 145.3616180419922, 78.10249328613281, 73.05477142333984, 86.12781524658203, 90.00555419921875, 132.1854705810547, 197.01776123046875, 108.85311126708984, 180.8258819580078, 205.36065673828125, 166.39710998535156, 86.37708282470703, 34.78505325317383, 145.3616180419922, 42.7551155090332, 150.33628845214844, 46.957427978515625, 153.75955200195312, 156.17938232421875, 163.77117919921875, 203.27320861816406, 134.71450805664062, 88.28363037109375, 198.7083282470703, 165.5203857421875, 76.05918884277344, 97.80081939697266, 128.35107421875, 136.07717895507812, 140.1855926513672, 180.36074829101562, 30.805843353271484, 171.14321899414062, 115.26057434082031, 78.49203491210938, 40.804412841796875, 151.02980041503906, 110.16351318359375, 49.67897033691406, 45.617977142333984, 192.0234375, 198.94973754882812, 122.14745330810547, 116.67475891113281, 27.073972702026367, 72.11102294921875, 165.41160583496094, 17.69180679321289], [204.0882110595703, 74.3303451538086, 36.2353401184082, 130.249755859375, 207.509033203125, 37.2155876159668, 0.0, 57.775428771972656, 182.3896942138672, 130.81666564941406, 146.81961059570312, 148.9228057861328, 162.6068878173828, 74.46475982666016, 107.87029266357422, 121.49485778808594, 93.23089599609375, 142.39381408691406, 192.75112915039062, 137.76791381835938, 188.16217041015625, 215.11392211914062, 174.89710998535156, 102.068603515625, 38.94868469238281, 129.63409423828125, 6.4031243324279785, 145.99314880371094, 17.72004508972168, 147.217529296875, 162.69296264648438, 157.15597534179688, 217.45114135742188, 106.21205139160156, 51.195701599121094, 213.28384399414062, 175.8237762451172, 113.21660614013672, 61.46543884277344, 112.78740692138672, 118.60016632080078, 112.20071411132812, 169.57888793945312, 39.69886779785156, 176.97740173339844, 89.1852035522461, 109.5627670288086, 60.216278076171875, 127.91012573242188, 102.23991394042969, 28.017850875854492, 79.62411499023438, 173.2974395751953, 187.2965545654297, 93.40770721435547, 143.12232971191406, 11.661903381347656, 103.46497344970703, 153.06207275390625, 25.298221588134766], [170.6985626220703, 21.931713104248047, 37.10795211791992, 137.36447143554688, 175.8237762451172, 82.75868225097656, 57.775428771972656, 0.0, 138.7083282470703, 90.13877868652344, 129.37542724609375, 142.9405517578125, 145.98973083496094, 46.097721099853516, 133.154052734375, 146.98638916015625, 67.60177612304688, 117.0042724609375, 144.64093017578125, 145.41664123535156, 154.30165100097656, 183.09559631347656, 143.62799072265625, 93.14505004882812, 54.5618896484375, 74.06078338623047, 52.201534271240234, 100.31948852539062, 40.24922180175781, 98.97979736328125, 129.63409423828125, 108.24047088623047, 191.84629821777344, 52.201534271240234, 49.92995071411133, 188.5205535888672, 147.10540771484375, 148.64723205566406, 45.343135833740234, 58.07753372192383, 62.28964614868164, 57.48912811279297, 116.34861755371094, 59.4810905456543, 141.8203125, 32.557640075683594, 125.67417907714844, 74.21590423583984, 70.23532104492188, 57.45433044433594, 33.30165100097656, 107.56393432617188, 115.80155181884766, 133.00375366210938, 39.96248245239258, 145.1688690185547, 67.60177612304688, 121.19818115234375, 99.12618255615234, 65.0691909790039], [49.497474670410156, 116.7775650024414, 175.3083038330078, 140.34600830078125, 57.42821502685547, 183.01092529296875, 182.3896942138672, 138.7083282470703, 0.0, 51.62363815307617, 83.63013458251953, 113.17243194580078, 87.61849212646484, 108.18965148925781, 174.13214111328125, 181.1767120361328, 93.00537872314453, 65.19202423095703, 22.203603744506836, 144.2012481689453, 39.458839416503906, 61.61168670654297, 45.17742919921875, 106.90182495117188, 150.26976013183594, 80.15609741210938, 179.5132293701172, 38.470767974853516, 166.86521911621094, 41.86884307861328, 40.31128692626953, 35.608985900878906, 84.05355072021484, 137.93113708496094, 188.279052734375, 84.0238037109375, 53.66563034057617, 201.69284057617188, 181.10769653320312, 87.45856475830078, 90.5096664428711, 135.36985778808594, 50.0099983215332, 153.08168029785156, 32.202484130859375, 129.6302490234375, 154.3048858642578, 144.678955078125, 111.25196838378906, 81.93289947509766, 155.23208618164062, 168.57638549804688, 92.22798156738281, 57.42821502685547, 139.60301208496094, 132.007568359375, 186.68154907226562, 155.86212158203125, 59.4810905456543, 171.3534393310547], [81.32035064697266, 68.60028839111328, 125.70600891113281, 108.60018157958984, 87.1148681640625, 132.3782501220703, 130.81666564941406, 90.13877868652344, 51.62363815307617, 0.0, 64.13267517089844, 91.4166259765625, 77.05841827392578, 56.56854248046875, 133.8095703125, 143.28294372558594, 42.95346450805664, 43.185646057128906, 64.77654266357422, 114.54693603515625, 65.0691909790039, 94.06912231445312, 56.603885650634766, 64.81512451171875, 99.00505065917969, 53.00943374633789, 128.06248474121094, 19.72308349609375, 115.52056121826172, 26.870058059692383, 42.19004440307617, 35.22782897949219, 106.67708587646484, 101.98039245605469, 140.06427001953125, 104.23531341552734, 62.169124603271484, 160.06561279296875, 134.46560668945312, 49.97999572753906, 57.48912811279297, 101.39033508300781, 57.982757568359375, 102.04410552978516, 52.32590103149414, 88.23265075683594, 115.6243896484375, 95.56673431396484, 84.01190185546875, 32.80244064331055, 103.84603881835938, 123.06502532958984, 90.47099304199219, 75.92759704589844, 99.85990142822266, 105.58882141113281, 135.0740509033203, 115.60276794433594, 51.0, 120.03749084472656], [70.25667572021484, 112.53887939453125, 157.11460876464844, 58.18075180053711, 70.028564453125, 131.18307495117188, 146.81961059570312, 129.37542724609375, 83.63013458251953, 64.13267517089844, 0.0, 29.832868576049805, 16.6433162689209, 83.52843475341797, 97.32420349121094, 101.53324890136719, 61.773780822753906, 21.540658950805664, 105.38026428222656, 61.057350158691406, 59.203041076660156, 77.16217041015625, 44.59820556640625, 45.27692413330078, 108.00463104248047, 116.5203857421875, 146.86387634277344, 78.54934692382812, 137.20787048339844, 87.66413116455078, 43.416587829589844, 92.57429504394531, 72.09021759033203, 158.2687530517578, 175.0, 67.5425796508789, 39.623226165771484, 125.13192749023438, 173.94827270507812, 110.11357879638672, 119.00420379638672, 159.1383056640625, 116.7261734008789, 108.16654205322266, 55.4707145690918, 140.5204620361328, 76.94153594970703, 90.78546142578125, 146.00341796875, 84.17243957519531, 126.58988952636719, 100.7174301147461, 153.68798828125, 132.0757293701172, 152.88230895996094, 48.41487503051758, 145.89036560058594, 80.3056640625, 113.84199523925781, 126.57013702392578], [93.60555267333984, 129.24781799316406, 165.60494995117188, 34.01470184326172, 91.4439697265625, 126.40016174316406, 148.9228057861328, 142.9405517578125, 113.17243194580078, 91.4166259765625, 29.832868576049805, 0.0, 29.4108829498291, 97.26766967773438, 77.3175277709961, 78.31346893310547, 77.78174591064453, 50.774009704589844, 135.0592498779297, 34.20526123046875, 85.42247772216797, 97.67292022705078, 71.86793518066406, 50.15974426269531, 110.42192077636719, 142.2005615234375, 150.24313354492188, 107.33126068115234, 142.56227111816406, 116.29703521728516, 72.86288452148438, 121.8031234741211, 85.21150207519531, 178.47409057617188, 184.29595947265625, 80.22468566894531, 65.29930877685547, 104.0, 185.40765380859375, 133.7348175048828, 143.13629150390625, 180.1360626220703, 145.98973083496094, 109.22454071044922, 83.81526947021484, 159.2607879638672, 58.051700592041016, 89.10667419433594, 169.95587158203125, 106.11785888671875, 133.25538635253906, 88.23831176757812, 181.7965850830078, 161.69725036621094, 171.548828125, 20.248456954956055, 145.66400146484375, 63.06346130371094, 142.0774383544922, 125.86500549316406], [64.19501495361328, 128.94960021972656, 173.66635131835938, 62.801273345947266, 62.169124603271484, 145.3616180419922, 162.6068878173828, 145.98973083496094, 87.61849212646484, 77.05841827392578, 16.6433162689209, 29.4108829498291, 0.0, 100.16985321044922, 105.01904296875, 107.20074462890625, 78.39005279541016, 34.01470184326172, 109.80892181396484, 63.60031509399414, 56.603885650634766, 68.59300231933594, 43.931766510009766, 60.605281829833984, 123.69316864013672, 130.015380859375, 162.8557586669922, 89.26925659179688, 153.4438018798828, 98.48857879638672, 48.02082824707031, 102.14205932617188, 58.94064712524414, 173.9022674560547, 191.603759765625, 54.120235443115234, 36.619667053222656, 132.30645751953125, 190.5911865234375, 124.7878189086914, 133.3754119873047, 174.5451202392578, 125.93649291992188, 123.60015869140625, 56.56854248046875, 156.5407257080078, 85.02352905273438, 105.47511291503906, 160.31219482421875, 99.68952178955078, 142.94754028320312, 112.05802154541016, 164.68453979492188, 139.98928833007812, 168.88458251953125, 49.648765563964844, 161.23585510253906, 89.27485656738281, 124.95198822021484, 141.7356719970703], [131.2288055419922, 33.0151481628418, 75.00666809082031, 95.42536163330078, 135.36985778808594, 78.10249328613281, 74.46475982666016, 46.097721099853516, 108.18965148925781, 56.56854248046875, 83.52843475341797, 97.26766967773438, 100.16985321044922, 0.0, 101.3558120727539, 114.06138610839844, 22.022714614868164, 72.83543395996094, 120.01666259765625, 103.31021118164062, 115.00434875488281, 142.8880615234375, 102.62553405761719, 48.25971221923828, 43.5660400390625, 71.0633544921875, 72.11102294921875, 73.02738952636719, 60.008331298828125, 75.80237579345703, 89.55445098876953, 85.84288024902344, 148.6606903076172, 84.85281372070312, 92.09777069091797, 145.0, 104.8093490600586, 122.78843688964844, 90.42676544189453, 55.154327392578125, 64.44377136230469, 87.86353302001953, 102.45974731445312, 47.29693603515625, 103.31505584716797, 64.19501495361328, 88.95504760742188, 47.6340217590332, 86.45230102539062, 32.31098937988281, 48.332183837890625, 81.3449478149414, 118.69709014892578, 121.14866638183594, 76.02631378173828, 101.17806243896484, 78.51751708984375, 85.90692901611328, 88.14192962646484, 64.19501495361328], [167.4514923095703, 131.18307495117188, 138.03260803222656, 43.73785400390625, 166.5893096923828, 73.05477142333984, 107.87029266357422, 133.154052734375, 174.13214111328125, 133.8095703125, 97.32420349121094, 77.3175277709961, 105.01904296875, 101.3558120727539, 0.0, 14.03566837310791, 96.2081069946289, 110.05453491210938, 193.66207885742188, 46.81879806518555, 156.3105926513672, 173.349365234375, 141.43902587890625, 69.065185546875, 80.5046615600586, 169.92056274414062, 112.14722442626953, 153.44705200195312, 111.04053497314453, 160.4150848388672, 136.92698669433594, 169.02662658691406, 162.52076721191406, 182.584228515625, 156.2593994140625, 157.53729248046875, 136.94525146484375, 27.892650604248047, 163.02760314941406, 155.4252166748047, 165.07574462890625, 186.6252899169922, 191.31387329101562, 76.2364730834961, 150.96026611328125, 161.40013122558594, 20.39607810974121, 58.94064712524414, 187.80043029785156, 128.5496063232422, 107.29864501953125, 28.284271240234375, 216.7487030029297, 209.6186981201172, 171.71197509765625, 59.66573715209961, 99.45853424072266, 18.357559204101562, 181.10769653320312, 82.87339782714844], [170.836181640625, 144.47145080566406, 152.01315307617188, 44.40720748901367, 169.33103942871094, 86.12781524658203, 121.49485778808594, 146.98638916015625, 181.1767120361328, 143.28294372558594, 101.53324890136719, 78.31346893310547, 107.20074462890625, 114.06138610839844, 14.03566837310791, 0.0, 107.44766235351562, 116.29703521728516, 201.34051513671875, 45.0444221496582, 160.72335815429688, 175.78680419921875, 146.1027069091797, 78.56844329833984, 94.5304183959961, 181.6039581298828, 125.89678192138672, 162.74212646484375, 125.01599884033203, 170.08233642578125, 142.8635711669922, 178.3619842529297, 163.00306701660156, 196.0867156982422, 170.18812561035156, 158.00315856933594, 140.94325256347656, 26.925823211669922, 177.04519653320312, 167.52313232421875, 177.2484130859375, 200.02499389648438, 201.1367645263672, 90.27181243896484, 156.37135314941406, 174.89710998535156, 27.658634185791016, 72.7804946899414, 200.47943115234375, 140.2069854736328, 121.3342514038086, 42.10700607299805, 228.0372772216797, 219.20994567871094, 185.34832763671875, 59.0, 112.80514526367188, 28.600698471069336, 191.65855407714844, 96.6281509399414], [110.92339324951172, 51.6623649597168, 96.87621307373047, 81.32035064697266, 114.61238861083984, 90.00555419921875, 93.23089599609375, 67.60177612304688, 93.00537872314453, 42.95346450805664, 61.773780822753906, 77.78174591064453, 78.39005279541016, 22.022714614868164, 96.2081069946289, 107.44766235351562, 0.0, 50.990196228027344, 107.68936920166016, 88.76936340332031, 94.93682098388672, 122.1883773803711, 81.88406372070312, 32.280025482177734, 57.87054443359375, 74.3303451538086, 91.67878723144531, 61.98386764526367, 80.26206970214844, 67.11929321289062, 69.46221923828125, 76.69419860839844, 126.90547943115234, 101.0197982788086, 114.1095962524414, 123.16655731201172, 83.48652648925781, 120.73938751220703, 112.32987213134766, 61.32699203491211, 71.17584228515625, 103.07764434814453, 96.8968505859375, 60.29925537109375, 83.81526947021484, 81.49846649169922, 80.44873809814453, 52.63079071044922, 96.4624252319336, 33.12099075317383, 68.79679870605469, 81.6333236694336, 120.6150894165039, 115.60276794433594, 93.77099609375, 84.38008880615234, 95.60334777832031, 78.8733139038086, 85.2760238647461, 78.91767883300781], [63.56099319458008, 98.27003479003906, 147.82760620117188, 75.21302795410156, 65.78753662109375, 132.1854705810547, 142.39381408691406, 117.0042724609375, 65.19202423095703, 43.185646057128906, 21.540658950805664, 50.774009704589844, 34.01470184326172, 72.83543395996094, 110.05453491210938, 116.29703521728516, 50.990196228027344, 0.0, 86.21485137939453, 79.39773559570312, 49.162994384765625, 73.38937377929688, 34.36568069458008, 47.095645904541016, 104.69479370117188, 96.04686737060547, 141.5097198486328, 57.00876998901367, 130.66751098632812, 66.128662109375, 26.925823211669922, 71.11962127685547, 75.92759704589844, 140.80128479003906, 164.83021545410156, 72.18032836914062, 33.61547088623047, 137.8767547607422, 162.2652130126953, 90.93404388427734, 99.40824890136719, 141.15594482421875, 95.29428100585938, 105.84894561767578, 41.43669891357422, 124.23365020751953, 89.8888168334961, 91.4439697265625, 126.3210220336914, 66.73080444335938, 119.40267944335938, 108.29589080810547, 132.1968231201172, 110.9414291381836, 136.48809814453125, 67.94115447998047, 143.17820739746094, 92.04889678955078, 92.34716796875, 124.7878189086914], [67.26811981201172, 122.97154235839844, 181.73057556152344, 161.40013122558594, 75.23961639404297, 197.01776123046875, 192.75112915039062, 144.64093017578125, 22.203603744506836, 64.77654266357422, 105.38026428222656, 135.0592498779297, 109.80892181396484, 120.01666259765625, 193.66207885742188, 201.34051513671875, 107.68936920166016, 86.21485137939453, 0.0, 165.556640625, 60.083274841308594, 78.00640869140625, 67.23094177246094, 125.39936065673828, 163.24827575683594, 77.93586730957031, 189.28285217285156, 47.0, 176.37744140625, 45.89117431640625, 62.28964614868164, 36.400550842285156, 102.48902130126953, 135.60235595703125, 193.00259399414062, 103.09703826904297, 75.66372680664062, 220.94569396972656, 184.49119567871094, 89.05054473876953, 89.69392395019531, 132.13629150390625, 38.60051727294922, 166.5082550048828, 54.20331954956055, 130.64837646484375, 174.15223693847656, 160.22796630859375, 106.10372161865234, 90.55384826660156, 164.98484802246094, 186.27130126953125, 78.18567657470703, 39.458839416503906, 139.2838897705078, 153.63919067382812, 198.1237030029297, 175.3168487548828, 53.15073013305664, 184.1331024169922], [127.78105926513672, 136.29747009277344, 161.01242065429688, 8.062257766723633, 125.63439178466797, 108.85311126708984, 137.76791381835938, 145.41664123535156, 144.2012481689453, 114.54693603515625, 61.057350158691406, 34.20526123046875, 63.60031509399414, 103.31021118164062, 46.81879806518555, 45.0444221496582, 88.76936340332031, 79.39773559570312, 165.556640625, 0.0, 119.10079956054688, 131.79530334472656, 105.0951919555664, 56.51548385620117, 102.18121337890625, 160.85086059570312, 140.4599609375, 132.61221313476562, 135.41787719726562, 141.01419067382812, 104.29285430908203, 147.89862060546875, 118.03813171386719, 188.0664825439453, 179.98056030273438, 113.0398178100586, 99.00505065917969, 71.56814575195312, 183.63551330566406, 149.57606506347656, 159.3800506591797, 190.7799835205078, 171.81675720214844, 99.5389404296875, 116.46887969970703, 167.50521850585938, 31.240999221801758, 78.54934692382812, 185.16209411621094, 121.11564636230469, 128.16004943847656, 65.11528015136719, 204.16659545898438, 188.7326202392578, 179.27911376953125, 14.142135620117188, 132.0757293701172, 37.53664779663086, 165.36021423339844, 112.8716049194336], [16.401220321655273, 133.20660400390625, 188.60540771484375, 117.0469970703125, 22.203603744506836, 180.8258819580078, 188.16217041015625, 154.30165100097656, 39.458839416503906, 65.0691909790039, 59.203041076660156, 85.42247772216797, 56.603885650634766, 115.00434875488281, 156.3105926513672, 160.72335815429688, 94.93682098388672, 49.162994384765625, 60.083274841308594, 119.10079956054688, 0.0, 29.0, 15.033296585083008, 96.25486755371094, 151.78932189941406, 110.07270050048828, 186.55294799804688, 63.50590515136719, 174.86280822753906, 70.93659210205078, 25.495098114013672, 68.88395690917969, 45.89117431640625, 165.051513671875, 204.00979614257812, 45.17742919921875, 20.124610900878906, 184.17654418945312, 199.15069580078125, 112.60550689697266, 118.20744323730469, 163.6154022216797, 88.09085845947266, 153.4438018798828, 12.806248664855957, 152.8953857421875, 135.91542053222656, 140.2462158203125, 142.3516845703125, 97.62171936035156, 163.24827575683594, 157.0509490966797, 130.31117248535156, 96.87621307373047, 164.2010955810547, 105.55093383789062, 190.09735107421875, 138.917236328125, 94.3663101196289, 172.40939331054688], [13.03840446472168, 162.11415100097656, 217.036865234375, 131.38111877441406, 7.6157732009887695, 205.36065673828125, 215.11392211914062, 183.09559631347656, 61.61168670654297, 94.06912231445312, 77.16217041015625, 97.67292022705078, 68.59300231933594, 142.8880615234375, 173.349365234375, 175.78680419921875, 122.1883773803711, 73.38937377929688, 78.00640869140625, 131.79530334472656, 29.0, 0.0, 40.31128692626953, 119.33147430419922, 177.9241485595703, 137.82960510253906, 213.82469177246094, 91.58602142333984, 202.42529296875, 98.41239929199219, 53.600372314453125, 95.07891082763672, 26.4007568359375, 193.60009765625, 232.69937133789062, 28.844409942626953, 39.84971618652344, 200.80836486816406, 228.04385375976562, 141.24093627929688, 146.49232482910156, 191.9713592529297, 111.61093139648438, 179.20379638671875, 41.773197174072266, 181.81309509277344, 153.16004943847656, 164.5600128173828, 169.95587158203125, 126.58988952636719, 190.895263671875, 177.81451416015625, 153.75955200195312, 117.20921325683594, 193.04144287109375, 117.68601989746094, 216.39315795898438, 157.0127410888672, 120.2081527709961, 198.15650939941406], [29.4108829498291, 123.06908416748047, 177.00282287597656, 102.69371795654297, 32.75667953491211, 166.39710998535156, 174.89710998535156, 143.62799072265625, 45.17742919921875, 56.603885650634766, 44.59820556640625, 71.86793518066406, 43.931766510009766, 102.62553405761719, 141.43902587890625, 146.1027069091797, 81.88406372070312, 34.36568069458008, 67.23094177246094, 105.0951919555664, 15.033296585083008, 40.31128692626953, 0.0, 81.39410400390625, 137.9927520751953, 105.6503677368164, 173.5396270751953, 59.43904495239258, 162.11415100097656, 67.89698028564453, 14.422204971313477, 68.00735473632812, 50.11985778808594, 158.35403442382812, 192.9611358642578, 47.92702865600586, 8.5440034866333, 169.31922912597656, 188.80943298339844, 105.99056243896484, 112.53887939453125, 157.44204711914062, 89.67720031738281, 139.4596710205078, 13.03840446472168, 144.77914428710938, 121.04957580566406, 125.71794128417969, 137.8767547607422, 88.09085845947266, 150.5855255126953, 142.0316925048828, 131.1373291015625, 100.96038818359375, 156.4608612060547, 91.78779602050781, 176.4114532470703, 123.96773529052734, 93.19334411621094, 158.43295288085938], [110.3177261352539, 81.09870910644531, 115.76268768310547, 49.04079818725586, 111.83023071289062, 86.37708282470703, 102.068603515625, 93.14505004882812, 106.90182495117188, 64.81512451171875, 45.27692413330078, 50.15974426269531, 60.605281829833984, 48.25971221923828, 69.065185546875, 78.56844329833984, 32.280025482177734, 47.095645904541016, 125.39936065673828, 56.51548385620117, 96.25486755371094, 119.33147430419922, 81.39410400390625, 0.0, 63.12685775756836, 105.58882141113281, 102.53292083740234, 84.40379333496094, 93.7229995727539, 91.54779815673828, 73.10950469970703, 100.0, 117.17081451416016, 132.1854705810547, 134.33168029785156, 112.71202087402344, 79.62411499023438, 95.77056121826172, 135.2479248046875, 93.40770721435547, 103.24727630615234, 134.62911987304688, 122.57650756835938, 63.0079345703125, 88.0511245727539, 112.0, 50.93132781982422, 45.694637298583984, 128.7361602783203, 65.0, 83.81526947021484, 61.98386764526367, 150.65855407714844, 140.71957397460938, 124.03628540039062, 53.00943374633789, 100.68763732910156, 50.80354309082031, 113.35784149169922, 81.3019027709961], [167.370849609375, 59.46427536010742, 59.228370666503906, 94.33981323242188, 170.3085479736328, 34.78505325317383, 38.94868469238281, 54.5618896484375, 150.26976013183594, 99.00505065917969, 108.00463104248047, 110.42192077636719, 123.69316864013672, 43.5660400390625, 80.5046615600586, 94.5304183959961, 57.87054443359375, 104.69479370117188, 163.24827575683594, 102.18121337890625, 151.78932189941406, 177.9241485595703, 137.9927520751953, 63.12685775756836, 0.0, 110.9414291381836, 39.824615478515625, 116.34861755371094, 33.241539001464844, 119.364990234375, 126.53063201904297, 129.4024658203125, 179.0474853515625, 106.32967376708984, 78.10249328613281, 174.79415893554688, 138.2931671142578, 94.15412902832031, 83.21658325195312, 94.02127075195312, 102.08329772949219, 111.22050476074219, 145.60220336914062, 5.0, 141.2090606689453, 85.70297241210938, 76.79192352294922, 23.76972770690918, 118.82760620117188, 75.43209075927734, 27.018512725830078, 53.600372314453125, 157.95252990722656, 164.17369079589844, 94.41397857666016, 106.00471496582031, 38.4837646484375, 71.34423828125, 130.63307189941406, 21.095022201538086], [124.8238754272461, 55.31726837158203, 110.16351318359375, 153.93505859375, 131.92800903320312, 145.3616180419922, 129.63409423828125, 74.06078338623047, 80.15609741210938, 53.00943374633789, 116.5203857421875, 142.2005615234375, 130.015380859375, 71.0633544921875, 169.92056274414062, 181.6039581298828, 74.3303451538086, 96.04686737060547, 77.93586730957031, 160.85086059570312, 110.07270050048828, 137.82960510253906, 105.6503677368164, 105.58882141113281, 110.9414291381836, 0.0, 124.7798080444336, 46.615447998046875, 111.98660278320312, 39.4461669921875, 91.92388153076172, 44.59820556640625, 155.08062744140625, 58.051700592041016, 118.45674133300781, 153.3786163330078, 112.53887939453125, 193.07252502441406, 108.52188873291016, 17.0880069732666, 12.369317054748535, 55.226806640625, 43.680660247802734, 115.48593139648438, 97.69339752197266, 53.48831558227539, 154.76756286621094, 118.69709014892578, 32.31098937988281, 41.400482177734375, 102.1077880859375, 152.1085205078125, 47.6340217590332, 59.13543701171875, 61.400325775146484, 154.0032501220703, 137.78607177734375, 153.00326538085938, 26.248809814453125, 129.07749938964844], [202.5956573486328, 69.58448028564453, 29.96664810180664, 132.8231964111328, 206.2353057861328, 42.7551155090332, 6.4031243324279785, 52.201534271240234, 179.5132293701172, 128.06248474121094, 146.86387634277344, 150.24313354492188, 162.8557586669922, 72.11102294921875, 112.14722442626953, 125.89678192138672, 91.67878723144531, 141.5097198486328, 189.28285217285156, 140.4599609375, 186.55294799804688, 213.82469177246094, 173.5396270751953, 102.53292083740234, 39.824615478515625, 124.7798080444336, 0.0, 142.70599365234375, 13.0, 143.58969116210938, 161.05899047851562, 153.46986389160156, 216.93316650390625, 100.0, 45.54119110107422, 212.84971618652344, 174.7712860107422, 118.51160430908203, 55.36244201660156, 108.0462875366211, 113.56495666503906, 106.01886749267578, 165.24526977539062, 41.34005355834961, 175.16278076171875, 83.24061584472656, 112.89375305175781, 62.265560150146484, 122.1556396484375, 98.73196411132812, 24.331050872802734, 83.86298370361328, 167.93153381347656, 182.792236328125, 87.20092010498047, 145.26182556152344, 18.027755737304688, 106.90182495117188, 148.56985473632812, 29.27456283569336], [78.54934692382812, 78.39005279541016, 137.05838012695312, 127.0157470703125, 85.47514343261719, 150.33628845214844, 145.99314880371094, 100.31948852539062, 38.470767974853516, 19.72308349609375, 78.54934692382812, 107.33126068115234, 89.26925659179688, 73.02738952636719, 153.44705200195312, 162.74212646484375, 61.98386764526367, 57.00876998901367, 47.0, 132.61221313476562, 63.50590515136719, 91.58602142333984, 59.43904495239258, 84.40379333496094, 116.34861755371094, 46.615447998046875, 142.70599365234375, 0.0, 129.87686157226562, 9.219544410705566, 46.27094268798828, 15.620499610900879, 108.50345611572266, 102.2007827758789, 149.81655883789062, 106.90182495117188, 66.75328063964844, 179.7776336669922, 142.6884765625, 50.2493782043457, 54.918121337890625, 100.40418243408203, 39.20458984375, 119.70797729492188, 51.078372955322266, 92.02173614501953, 135.09255981445312, 114.56002807617188, 78.92401123046875, 44.14748001098633, 118.37651824951172, 142.6954803466797, 75.43209075927734, 56.58621597290039, 102.55242919921875, 122.87391662597656, 151.16217041015625, 135.20724487304688, 35.693138122558594, 137.1787109375], [191.00262451171875, 56.718605041503906, 27.0, 127.58134460449219, 194.85891723632812, 46.957427978515625, 17.72004508972168, 40.24922180175781, 166.86521911621094, 115.52056121826172, 137.20787048339844, 142.56227111816406, 153.4438018798828, 60.008331298828125, 111.04053497314453, 125.01599884033203, 80.26206970214844, 130.66751098632812, 176.37744140625, 135.41787719726562, 174.86280822753906, 202.42529296875, 162.11415100097656, 93.7229995727539, 33.241539001464844, 111.98660278320312, 13.0, 129.87686157226562, 0.0, 130.64837646484375, 149.3753662109375, 140.5133514404297, 206.4001007080078, 89.9388656616211, 45.39823913574219, 202.42529296875, 163.67039489746094, 120.41594696044922, 52.345008850097656, 95.18928527832031, 100.89598846435547, 95.7757797241211, 152.26622009277344, 36.13862228393555, 163.29421997070312, 72.11102294921875, 109.44404602050781, 56.920997619628906, 110.47624206542969, 85.84288024902344, 11.704699516296387, 83.00602722167969, 155.5956268310547, 169.85287475585938, 77.15568542480469, 139.08990478515625, 27.459060668945312, 103.7545166015625, 135.62448120117188, 30.364452362060547], [85.42247772216797, 77.20103454589844, 136.01470947265625, 135.2479248046875, 92.61209106445312, 153.75955200195312, 147.217529296875, 98.97979736328125, 41.86884307861328, 26.870058059692383, 87.66413116455078, 116.29703521728516, 98.48857879638672, 75.80237579345703, 160.4150848388672, 170.08233642578125, 67.11929321289062, 66.128662109375, 45.89117431640625, 141.01419067382812, 70.93659210205078, 98.41239929199219, 67.89698028564453, 91.54779815673828, 119.364990234375, 39.4461669921875, 143.58969116210938, 9.219544410705566, 130.64837646484375, 0.0, 55.081756591796875, 10.049875259399414, 116.38728332519531, 96.42613983154297, 147.8512725830078, 114.98260498046875, 75.42546081542969, 186.38937377929688, 140.00357055664062, 45.607017517089844, 48.91830062866211, 94.20191192626953, 31.11269760131836, 122.9837417602539, 58.8217658996582, 87.80091094970703, 142.4254150390625, 119.26860809326172, 71.5541763305664, 45.0111083984375, 119.33985137939453, 148.5294647216797, 66.21932983398438, 49.20365905761719, 97.74456787109375, 131.54847717285156, 153.01307678222656, 142.27438354492188, 26.476404190063477, 139.91783142089844], [41.67733383178711, 108.89444732666016, 163.44418334960938, 100.84642028808594, 46.22769546508789, 156.17938232421875, 162.69296264648438, 129.63409423828125, 40.31128692626953, 42.19004440307617, 43.416587829589844, 72.86288452148438, 48.02082824707031, 89.55445098876953, 136.92698669433594, 142.8635711669922, 69.46221923828125, 26.925823211669922, 62.28964614868164, 104.29285430908203, 25.495098114013672, 53.600372314453125, 14.422204971313477, 73.10950469970703, 126.53063201904297, 91.92388153076172, 161.05899047851562, 46.27094268798828, 149.3753662109375, 55.081756591796875, 0.0, 56.4358024597168, 64.49806213378906, 144.01388549804688, 179.13682556152344, 62.169124603271484, 20.615528106689453, 164.76953125, 174.72549438476562, 91.7060546875, 98.4327163696289, 143.17820739746094, 79.30951690673828, 128.31600952148438, 15.033296585083008, 130.35720825195312, 116.70903778076172, 115.84903717041016, 124.04031372070312, 73.75635528564453, 137.76791381835938, 134.83694458007812, 119.8207015991211, 92.30926513671875, 142.04225158691406, 91.83136749267578, 164.7574005126953, 118.9621810913086, 81.02468872070312, 147.25827026367188], [82.2800064086914, 86.58522033691406, 145.33065795898438, 142.4254150390625, 89.8109130859375, 163.77117919921875, 157.15597534179688, 108.24047088623047, 35.608985900878906, 35.22782897949219, 92.57429504394531, 121.8031234741211, 102.14205932617188, 85.84288024902344, 169.02662658691406, 178.3619842529297, 76.69419860839844, 71.11962127685547, 36.400550842285156, 147.89862060546875, 68.88395690917969, 95.07891082763672, 68.00735473632812, 100.0, 129.4024658203125, 44.59820556640625, 153.46986389160156, 15.620499610900879, 140.5133514404297, 10.049875259399414, 56.4358024597168, 0.0, 114.75626373291016, 102.53292083740234, 156.7322540283203, 113.77169799804688, 76.02631378173828, 195.274169921875, 148.49916076660156, 53.33854293823242, 55.31726837158203, 99.82484436035156, 24.1867733001709, 133.00375366210938, 57.55866622924805, 95.41488647460938, 150.71163940429688, 129.02713012695312, 75.7165756225586, 55.0, 129.24781799316406, 157.86703491210938, 63.3876953125, 41.01219177246094, 104.8093490600586, 137.8767547607422, 163.02760314941406, 150.8011932373047, 25.495098114013672, 149.96665954589844], [35.22782897949219, 171.9593048095703, 223.66493225097656, 119.10499572753906, 27.294687271118164, 203.27320861816406, 217.45114135742188, 191.84629821777344, 84.05355072021484, 106.67708587646484, 72.09021759033203, 85.21150207519531, 58.94064712524414, 148.6606903076172, 162.52076721191406, 163.00306701660156, 126.90547943115234, 75.92759704589844, 102.48902130126953, 118.03813171386719, 45.89117431640625, 26.4007568359375, 50.11985778808594, 117.17081451416016, 179.0474853515625, 155.08062744140625, 216.93316650390625, 108.50345611572266, 206.4001007080078, 116.38728332519531, 64.49806213378906, 114.75626373291016, 0.0, 208.4706268310547, 240.42047119140625, 5.0, 45.0, 189.09521484375, 237.18557739257812, 156.08331298828125, 162.459228515625, 207.509033203125, 133.6338348388672, 179.6023406982422, 57.567352294921875, 194.733154296875, 143.0139923095703, 162.8158416748047, 187.38729858398438, 137.63720703125, 195.2332000732422, 170.98829650878906, 175.92327880859375, 141.05673217773438, 206.4945526123047, 104.00480651855469, 217.31314086914062, 147.64822387695312, 140.2462158203125, 198.2447967529297], [180.56854248046875, 52.17279052734375, 74.6860122680664, 180.22763061523438, 187.22445678710938, 134.71450805664062, 106.21205139160156, 52.201534271240234, 137.93113708496094, 101.98039245605469, 158.2687530517578, 178.47409057617188, 173.9022674560547, 84.85281372070312, 182.584228515625, 196.0867156982422, 101.0197982788086, 140.80128479003906, 135.60235595703125, 188.0664825439453, 165.051513671875, 193.60009765625, 158.35403442382812, 132.1854705810547, 106.32967376708984, 58.051700592041016, 100.0, 102.2007827758789, 89.9388656616211, 96.42613983154297, 144.01388549804688, 102.53292083740234, 208.4706268310547, 0.0, 74.52516174316406, 206.1674041748047, 164.14932250976562, 199.9124755859375, 61.52235412597656, 52.47856521606445, 47.50789260864258, 6.324555397033691, 99.12618255615234, 111.3058853149414, 152.322021484375, 21.189620971679688, 172.69915771484375, 124.08464813232422, 32.280025482177734, 74.21590423583984, 85.04116821289062, 158.3445587158203, 80.5046615600586, 110.69326782226562, 12.806248664855957, 185.09727478027344, 117.15374755859375, 168.96153259277344, 82.6619644165039, 117.0341796875], [220.41098022460938, 71.69379425048828, 18.973665237426758, 172.0465087890625, 225.36415100097656, 88.28363037109375, 51.195701599121094, 49.92995071411133, 188.279052734375, 140.06427001953125, 175.0, 184.29595947265625, 191.603759765625, 92.09777069091797, 156.2593994140625, 170.18812561035156, 114.1095962524414, 164.83021545410156, 193.00259399414062, 179.98056030273438, 204.00979614257812, 232.69937133789062, 192.9611358642578, 134.33168029785156, 78.10249328613281, 118.45674133300781, 45.54119110107422, 149.81655883789062, 45.39823913574219, 147.8512725830078, 179.13682556152344, 156.7322540283203, 240.42047119140625, 74.52516174316406, 0.0, 236.89027404785156, 196.02296447753906, 163.99085998535156, 13.892443656921387, 104.40306854248047, 106.09900665283203, 80.80841827392578, 162.04937744140625, 81.39410400390625, 191.603759765625, 66.18912506103516, 154.74171447753906, 101.86756134033203, 104.17293548583984, 107.37783813476562, 51.865211486816406, 128.09762573242188, 153.1175994873047, 177.22584533691406, 63.3876953125, 182.72657775878906, 62.361846923828125, 149.11070251464844, 144.5856170654297, 74.06078338623047], [36.13862228393555, 168.83424377441406, 220.0022735595703, 114.1095962524414, 28.460498809814453, 198.7083282470703, 213.28384399414062, 188.5205535888672, 84.02380