{"name": "LZB_n30_12", "n": 30, "m": 9, "times": [[0.0, 166.027099609375, 163.08279418945312, 138.31124877929688, 118.53269958496094, 132.42356872558594, 88.14192962646484, 118.1524429321289, 157.11460876464844, 13.45362377166748, 104.17293548583984, 145.71546936035156, 154.08114624023438, 196.94668579101562, 231.96981811523438, 163.0245361328125, 108.07405090332031, 180.0999755859375, 129.4681396484375, 160.1249542236328, 95.50916290283203, 67.18630981445312, 171.04969787597656, 115.108642578125, 140.356689453125, 63.158531188964844, 138.231689453125, 238.42189025878906, 139.52061462402344, 131.36590576171875, 115.42096710205078, 119.47384643554688, 142.72000122070312, 205.6428985595703, 177.53872680664062, 56.85068130493164, 173.07223510742188, 90.09439849853516, 145.60906982421875, 75.70997619628906, 167.0748291015625, 81.25269317626953, 103.94229125976562, 113.05308532714844, 184.28781127929688, 10.440306663513184, 25.179357528686523, 100.4987564086914, 100.84642028808594, 147.25827026367188, 186.72439575195312, 160.52725219726562, 84.38008880615234, 108.90821838378906, 121.26417541503906, 108.68302154541016, 141.32586669921875, 162.86497497558594, 58.41232681274414, 77.88452911376953], [166.027099609375, 0.0, 41.67733383178711, 112.20071411132812, 53.15073013305664, 37.05401611328125, 155.7562255859375, 71.56116485595703, 57.00876998901367, 177.91009521484375, 71.50524139404297, 58.13776779174805, 49.09175109863281, 58.215118408203125, 113.0707778930664, 18.11077117919922, 74.3303451538086, 36.013885498046875, 183.98097229003906, 25.0, 133.24038696289062, 99.16148376464844, 164.83021545410156, 132.0037841796875, 63.60031509399414, 103.16007232666016, 185.1512908935547, 120.14990997314453, 99.02020263671875, 86.8216552734375, 68.15423583984375, 67.35725402832031, 24.413110733032227, 118.9033203125, 163.3799285888672, 121.41252136230469, 61.13100814819336, 174.5451202392578, 101.31633758544922, 142.411376953125, 117.29023742675781, 140.2462158203125, 145.16542053222656, 138.39797973632812, 69.37578582763672, 155.5956268310547, 143.7810821533203, 173.21951293945312, 124.27791595458984, 147.20054626464844, 25.238859176635742, 41.1096076965332, 151.99012756347656, 109.5627670288086, 178.08424377441406, 188.321533203125, 31.048349380493164, 144.2775115966797, 121.26417541503906, 88.39117431640625], [163.08279418945312, 41.67733383178711, 0.0, 75.64390563964844, 73.49829864501953, 37.57658767700195, 131.0152587890625, 97.67292022705078, 16.6433162689209, 176.13914489746094, 89.8888168334961, 23.0867919921875, 86.88497924804688, 34.058773040771484, 80.95677947998047, 58.694122314453125, 56.46237564086914, 20.0, 152.0854949951172, 17.0880069732666, 107.00466918945312, 101.83319854736328, 125.41929626464844, 100.80674743652344, 30.066593170166016, 101.53324890136719, 151.78932189941406, 88.23265075683594, 62.2414665222168, 53.15073013305664, 48.84669876098633, 45.54119110107422, 50.0099983215332, 78.64476776123047, 123.2396011352539, 110.07270050048828, 101.95096588134766, 150.00332641601562, 63.1347770690918, 121.06196594238281, 76.38062286376953, 117.51595306396484, 116.6190414428711, 107.68936920166016, 31.14482307434082, 153.1175994873047, 144.8102264404297, 146.34207153320312, 97.04637908935547, 110.05907440185547, 38.07886505126953, 80.65357971191406, 128.1405487060547, 81.09870910644531, 147.29901123046875, 160.79800415039062, 29.4108829498291, 104.8093490600586, 109.25199890136719, 92.09777069091797], [138.31124877929688, 112.20071411132812, 75.64390563964844, 0.0, 113.59577178955078, 83.86894226074219, 70.23532104492188, 136.8575897216797, 59.236812591552734, 151.4496612548828, 120.80562591552734, 54.37830352783203, 145.0, 95.42536163330078, 104.65180206298828, 125.2557373046875, 55.6596794128418, 94.2443618774414, 78.4091796875, 88.5098876953125, 48.41487503051758, 104.01922607421875, 54.918121337890625, 32.31098937988281, 48.60041046142578, 96.42095184326172, 76.90253448486328, 109.65856170654297, 13.416407585144043, 26.248809814453125, 55.46169662475586, 52.839378356933594, 107.05606079101562, 70.1783447265625, 55.94640350341797, 83.00602722167969, 164.6572265625, 87.09190368652344, 14.0, 69.35416412353516, 28.844409942626953, 63.78087615966797, 50.695167541503906, 38.897300720214844, 72.0, 131.04579162597656, 130.91983032226562, 79.8122787475586, 39.59798049926758, 35.0, 113.71894836425781, 142.523681640625, 69.6419448852539, 29.546573638916016, 75.0, 92.22798156738281, 84.148681640625, 35.84689712524414, 81.1541748046875, 100.31948852539062], [118.53269958496094, 53.15073013305664, 73.49829864501953, 113.59577178955078, 0.0, 37.121421813964844, 131.54847717285156, 25.01999282836914, 80.15609741210938, 129.2942352294922, 18.384777069091797, 73.10950469970703, 39.560081481933594, 103.31505584716797, 154.40206909179688, 45.31004333496094, 59.07622146606445, 81.00617218017578, 168.77203369140625, 60.41522979736328, 113.70136260986328, 52.038448333740234, 168.23793029785156, 120.41594696044922, 73.82411193847656, 59.304298400878906, 172.58621215820312, 161.68179321289062, 103.24727630615234, 88.39117431640625, 58.13776779174805, 60.926185607910156, 29.0, 148.0303955078125, 169.52285766601562, 84.77027893066406, 60.926185607910156, 148.5294647216797, 108.16654205322266, 115.00434875488281, 130.50669860839844, 114.90866088867188, 127.66361999511719, 125.17587280273438, 104.3455810546875, 108.18965148925781, 94.5938720703125, 150.6320037841797, 107.51744079589844, 145.64683532714844, 77.79460144042969, 43.416587829589844, 126.90941619873047, 97.30878448486328, 161.33505249023438, 165.680419921875, 44.14748001098633, 149.4021453857422, 85.38150024414062, 42.04759216308594], [132.42356872558594, 37.05401611328125, 37.57658767700195, 83.86894226074219, 37.121421813964844, 0.0, 119.36917877197266, 62.032249450683594, 43.046485900878906, 144.90341186523438, 52.49761962890625, 36.67424011230469, 61.29437255859375, 70.0, 118.33004760742188, 43.8292121887207, 37.947330474853516, 49.51767349243164, 149.96665954589844, 28.42534065246582, 97.49871826171875, 67.42403411865234, 138.6001434326172, 98.47842407226562, 38.62641525268555, 69.31810760498047, 152.01315307617188, 125.59060668945312, 71.84706115722656, 57.628116607666016, 32.649654388427734, 33.0151481628418, 23.34523582458496, 111.0, 138.6794891357422, 84.85281372070312, 80.80841827392578, 138.0036163330078, 75.80237579345703, 105.54619598388672, 96.3846435546875, 103.5857162475586, 110.07270050048828, 104.44615936279297, 67.72000885009766, 122.1024169921875, 111.83023071289062, 137.2443084716797, 89.05054473876953, 118.1397476196289, 54.424259185791016, 58.728187561035156, 115.44696044921875, 75.29276275634766, 143.558349609375, 152.43359375, 9.219544410705566, 118.71394348144531, 84.59314727783203, 57.00876998901367], [88.14192962646484, 155.7562255859375, 131.0152587890625, 70.23532104492188, 131.54847717285156, 119.36917877197266, 0.0, 146.98638916015625, 117.51595306396484, 98.99494934082031, 128.5496063232422, 108.07405090332031, 170.5579071044922, 158.8238067626953, 174.86280822753906, 162.54229736328125, 81.4923324584961, 151.01324462890625, 44.0113639831543, 137.71347045898438, 24.1867733001709, 92.95697784423828, 85.23497009277344, 38.27531814575195, 101.07917785644531, 82.32861328125, 51.6623649597168, 179.88885498046875, 78.77182006835938, 80.0624771118164, 87.66413116455078, 88.95504760742188, 140.45640563964844, 139.52061462402344, 92.61209106445312, 53.823787689208984, 192.0234375, 19.02629852294922, 82.85529327392578, 17.804492950439453, 96.60745239257812, 16.6433162689209, 20.51828384399414, 32.649654388427734, 138.0036163330078, 85.14693450927734, 93.17188262939453, 19.209373474121094, 34.36568069458008, 63.812225341796875, 166.5082550048828, 172.19175720214844, 5.0, 50.35871505737305, 35.46829605102539, 34.13209533691406, 124.73973083496094, 81.60882568359375, 52.201534271240234, 96.8968505859375], [118.1524429321289, 71.56116485595703, 97.67292022705078, 136.8575897216797, 25.01999282836914, 62.032249450683594, 146.98638916015625, 0.0, 105.07616424560547, 127.06297302246094, 18.439088821411133, 98.12747192382812, 37.64305877685547, 125.93649291992188, 178.26385498046875, 58.694122314453125, 81.43709564208984, 103.24727630615234, 186.72439575195312, 83.52245330810547, 131.64346313476562, 57.775428771972656, 191.0235595703125, 140.6627197265625, 98.73196411132812, 67.5351791381836, 191.34262084960938, 185.5397491455078, 127.12985229492188, 112.27198791503906, 81.59656524658203, 84.77027893066406, 49.76947021484375, 173.01156616210938, 192.769287109375, 96.04165649414062, 55.009090423583984, 162.63148498535156, 132.27999877929688, 129.6302490234375, 155.0032196044922, 130.4837188720703, 145.8355255126953, 144.8067626953125, 128.72451782226562, 108.37435150146484, 93.04837799072266, 166.19265747070312, 126.65702056884766, 167.76470947265625, 96.79875946044922, 46.097721099853516, 142.126708984375, 118.19052124023438, 178.8994140625, 180.85353088378906, 68.59300231933594, 172.69915771484375, 97.09788513183594, 50.774009704589844], [157.11460876464844, 57.00876998901367, 16.6433162689209, 59.236812591552734, 80.15609741210938, 43.046485900878906, 117.51595306396484, 105.07616424560547, 0.0, 170.41712951660156, 94.72592163085938, 11.401754379272461, 99.29753112792969, 42.05948257446289, 78.39005279541016, 73.06161499023438, 49.04079818725586, 35.1710090637207, 136.3414764404297, 32.015621185302734, 93.34345245361328, 99.86490631103516, 108.85311126708984, 85.58621215820312, 17.464248657226562, 97.83660125732422, 135.72398376464844, 85.47514343261719, 45.880279541015625, 38.05259704589844, 41.773197174072266, 37.64305877685547, 60.87692642211914, 68.02940368652344, 106.8316421508789, 102.08329772949219, 115.83177185058594, 136.36715698242188, 46.52956008911133, 108.90821838378906, 60.30754470825195, 104.92378234863281, 102.04410552978516, 92.54188537597656, 27.80287742614746, 147.51271057128906, 140.75865173339844, 132.0037841796875, 83.21658325195312, 93.4772720336914, 54.5618896484375, 94.02127075195312, 114.98260498046875, 67.18630981445312, 131.84840393066406, 146.16770935058594, 37.336307525634766, 88.23831176757812, 101.0197982788086, 91.06591033935547], [13.45362377166748, 177.91009521484375, 176.13914489746094, 151.4496612548828, 129.2942352294922, 144.90341186523438, 98.99494934082031, 127.06297302246094, 170.41712951660156, 0.0, 114.12712097167969, 159.0220184326172, 163.68873596191406, 210.05950927734375, 245.4159698486328, 174.18380737304688, 121.37957000732422, 192.9378204345703, 139.01438903808594, 172.79177856445312, 107.91200256347656, 78.77182006835938, 182.87974548339844, 127.58134460449219, 153.71726989746094, 75.59100341796875, 148.0033721923828, 251.87298583984375, 152.86923217773438, 144.8102264404297, 128.68954467773438, 132.7742462158203, 154.3243408203125, 219.0205535888672, 189.5600128173828, 70.29224395751953, 182.06866455078125, 99.12618255615234, 158.9370880126953, 87.64131164550781, 180.24705505371094, 93.30059051513672, 115.69355773925781, 125.22779083251953, 197.648681640625, 23.021728515625, 34.71310806274414, 110.00454711914062, 113.63538360595703, 159.39886474609375, 199.06028747558594, 170.5579071044922, 95.52486419677734, 122.11470031738281, 131.00381469726562, 116.96580505371094, 153.88307189941406, 175.32826232910156, 71.84010314941406, 89.53770446777344], [104.17293548583984, 71.50524139404297, 89.8888168334961, 120.80562591552734, 18.384777069091797, 52.49761962890625, 128.5496063232422, 18.439088821411133, 94.72592163085938, 114.12712097167969, 0.0, 86.46965026855469, 50.0099983215332, 120.83045959472656, 170.79226684570312, 62.64982223510742, 65.14598846435547, 98.79270935058594, 168.38645935058594, 77.89736938476562, 113.35784149169922, 40.52159881591797, 174.38462829589844, 122.87391662597656, 86.02325439453125, 49.76947021484375, 173.11268615722656, 178.05897521972656, 111.83023071289062, 97.08243560791016, 66.2872543334961, 69.87130737304688, 47.381431579589844, 161.79307556152344, 176.5106201171875, 77.89736938476562, 69.87130737304688, 144.26712036132812, 117.27745056152344, 111.21150970458984, 140.57737731933594, 112.04463195800781, 127.56175231933594, 126.82665252685547, 120.2081527709961, 94.04785919189453, 79.5110092163086, 147.75656127929688, 108.60018157958984, 150.73486328125, 96.17691802978516, 56.4358024597168, 123.69316864013672, 100.7223892211914, 160.52725219726562, 162.4315185546875, 60.539241790771484, 156.5407257080078, 78.892333984375, 32.649654388427734], [145.71546936035156, 58.13776779174805, 23.0867919921875, 54.37830352783203, 73.10950469970703, 36.67424011230469, 108.07405090332031, 98.12747192382812, 11.401754379272461, 159.0220184326172, 86.46965026855469, 0.0, 96.17691802978516, 52.92447280883789, 89.04492950439453, 72.4706802368164, 37.64305877685547, 43.046485900878906, 129.4024658203125, 34.13209533691406, 84.00595092773438, 89.04492950439453, 106.77546691894531, 77.87811279296875, 7.0, 86.68333435058594, 129.44883728027344, 96.04165649414062, 41.04875183105469, 30.364452362060547, 30.4138126373291, 26.248809814453125, 57.27128601074219, 75.32595825195312, 105.64563751220703, 90.73587799072266, 114.0570068359375, 127.03543090820312, 43.185646057128906, 98.65596771240234, 60.90156173706055, 94.8946762084961, 93.53608703613281, 84.72307586669922, 38.94868469238281, 136.12493896484375, 129.49517822265625, 123.2598876953125, 74.00675964355469, 89.30845642089844, 60.4400520324707, 91.92388153076172, 105.3043212890625, 58.03447341918945, 124.42668151855469, 137.71347045898438, 33.105892181396484, 86.27861785888672, 89.69392395019531, 80.52949523925781], [154.08114624023438, 49.09175109863281, 86.88497924804688, 145.0, 39.560081481933594, 61.29437255859375, 170.5579071044922, 37.64305877685547, 99.29753112792969, 163.68873596191406, 50.0099983215332, 96.17691802978516, 0.0, 107.29864501953125, 162.1511688232422, 31.400636672973633, 94.17536926269531, 85.02352905273438, 206.4001007080078, 70.03570556640625, 151.7267303466797, 89.80534362792969, 199.83242797851562, 156.5407257080078, 99.36296844482422, 98.06120300292969, 209.6020050048828, 169.23947143554688, 133.13526916503906, 118.81077575683594, 91.24143981933594, 92.8493423461914, 38.910152435302734, 165.52944946289062, 199.97250366210938, 124.27791595458984, 21.470911026000977, 187.8297119140625, 137.05838012695312, 154.2886962890625, 156.97451782226562, 153.9512939453125, 165.42369079589844, 161.8394317626953, 116.96580505371094, 144.01388549804688, 129.24781799316406, 189.5283660888672, 144.8067626953125, 178.86866760253906, 72.03471374511719, 10.0, 166.0030059814453, 133.12400817871094, 199.2485809326172, 204.6582489013672, 63.071388244628906, 180.00555419921875, 124.91997528076172, 80.60397338867188], [196.94668579101562, 58.215118408203125, 34.058773040771484, 95.42536163330078, 103.31505584716797, 70.0, 158.8238067626953, 125.93649291992188, 42.05948257446289, 210.05950927734375, 120.83045959472656, 52.92447280883789, 107.29864501953125, 0.0, 55.009090423583984, 76.05918884277344, 89.55445098876953, 22.803508758544922, 173.833251953125, 42.94182205200195, 134.64768981933594, 135.77186584472656, 136.56500244140625, 125.03599548339844, 59.46427536010742, 135.59129333496094, 171.97674560546875, 62.00806427001953, 83.05419921875, 78.77182006835938, 81.98780059814453, 78.29431915283203, 76.216796875, 69.20259857177734, 132.3782501220703, 143.17820739746094, 117.51595306396484, 177.49647521972656, 81.49846649169922, 150.8641815185547, 85.61541748046875, 146.75830078125, 142.3516845703125, 132.03408813476562, 24.698177337646484, 187.0427703857422, 178.86866760253906, 172.4180908203125, 124.45883178710938, 126.6056900024414, 38.07886505126953, 99.02020263671875, 156.52476501464844, 108.50345611572266, 170.23806762695312, 186.0967559814453, 61.032779693603516, 116.81181335449219, 142.23924255371094, 125.89678192138672], [231.96981811523438, 113.0707778930664, 80.95677947998047, 104.65180206298828, 154.40206909179688, 118.33004760742188, 174.86280822753906, 178.26385498046875, 78.39005279541016, 245.4159698486328, 170.79226684570312, 89.04492950439453, 162.1511688232422, 55.009090423583984, 0.0, 131.0152587890625, 125.41929626464844, 77.16217041015625, 176.1476593017578, 94.9210205078125, 152.31546020507812, 178.08985900878906, 124.0, 136.8941192626953, 93.00537872314453, 175.42234802246094, 171.47010803222656, 7.280109882354736, 97.09788513183594, 101.41498565673828, 118.81077575683594, 114.40279388427734, 129.24781799316406, 41.0, 117.1067886352539, 175.36817932128906, 172.4180908203125, 191.59593200683594, 92.28217315673828, 172.2614288330078, 81.04319763183594, 167.05686950683594, 155.26107788085938, 143.26548767089844, 50.990196228027344, 222.92823791503906, 217.7062225341797, 183.65728759765625, 142.6884765625, 124.5351333618164, 92.54188537597656, 154.0032501220703, 174.06320190429688, 128.70509338378906, 175.1485137939453, 194.79733276367188, 110.36756896972656, 108.77959442138672, 173.9712677001953, 169.44615173339844], [163.0245361328125, 18.11077117919922, 58.694122314453125, 125.2557373046875, 45.31004333496094, 43.8292121887207, 162.54229736328125, 58.694122314453125, 73.06161499023438, 174.18380737304688, 62.64982223510742, 72.4706802368164, 31.400636672973633, 76.05918884277344, 131.0152587890625, 0.0, 81.54139709472656, 54.08327102661133, 193.77565002441406, 41.62931823730469, 141.15594482421875, 95.90099334716797, 179.01116943359375, 142.17242431640625, 77.10382843017578, 101.59724426269531, 195.68597412109375, 138.05795288085938, 112.43220520019531, 99.2471694946289, 76.47875213623047, 76.66159057617188, 22.360679626464844, 136.68211364746094, 178.10389709472656, 123.2598876953125, 43.32435989379883, 180.9364471435547, 115.36463928222656, 147.96282958984375, 132.879638671875, 146.45477294921875, 153.87332153320312, 148.22280883789062, 87.32124328613281, 152.61061096191406, 139.56002807617188, 180.7124786376953, 132.8495330810547, 160.11245727539062, 40.804412841796875, 23.021728515625, 158.44557189941406, 119.07980346679688, 187.38729858398438, 195.9311065673828, 41.231056213378906, 158.61903381347656, 123.40583801269531, 85.32877349853516], [108.07405090332031, 74.3303451538086, 56.46237564086914, 55.6596794128418, 59.07622146606445, 37.947330474853516, 81.4923324584961, 81.43709564208984, 49.04079818725586, 121.37957000732422, 65.14598846435547, 37.64305877685547, 94.17536926269531, 89.55445098876953, 125.41929626464844, 81.54139709472656, 0.0, 75.28611755371094, 112.89818572998047, 58.30952072143555, 59.61543273925781, 54.424259185791016, 109.59014892578125, 62.36986541748047, 32.557640075683594, 50.2493782043457, 115.60276794433594, 132.2006072998047, 47.26520919799805, 33.0, 7.6157732009887695, 11.401754379272461, 59.9416389465332, 105.34230041503906, 111.42710876464844, 53.66563034057617, 115.108642578125, 100.22474670410156, 53.0848388671875, 68.26419067382812, 77.0064926147461, 65.92420196533203, 72.4706802368164, 67.80117797851562, 76.38062286376953, 98.49365234375, 92.31468200683594, 99.29753112792969, 51.4781494140625, 86.60831451416016, 87.28115844726562, 93.81364440917969, 77.66595458984375, 38.94868469238281, 106.17438507080078, 114.49017333984375, 43.416587829589844, 91.4166259765625, 52.801513671875, 47.85394287109375], [180.0999755859375, 36.013885498046875, 20.0, 94.2443618774414, 81.00617218017578, 49.51767349243164, 151.01324462890625, 103.24727630615234, 35.1710090637207, 192.9378204345703, 98.79270935058594, 43.046485900878906, 85.02352905273438, 22.803508758544922, 77.16217041015625, 54.08327102661133, 75.28611755371094, 0.0, 171.49343872070312, 21.260292053222656, 127.00393676757812, 116.66190338134766, 141.73919677734375, 120.50726318359375, 50.03998565673828, 117.59677124023438, 170.8800811767578, 84.2911605834961, 80.95677947998047, 72.83543395996094, 67.72000885009766, 64.76110076904297, 53.48831558227539, 85.0, 138.80921936035156, 128.51458740234375, 96.50906372070312, 170.00294494628906, 81.1541748046875, 140.91131591796875, 91.40021514892578, 137.44090270996094, 136.52838134765625, 127.42448425292969, 35.35533905029297, 169.95587158203125, 160.6549072265625, 166.30093383789062, 117.0384521484375, 128.03515625, 21.21320343017578, 77.10382843017578, 148.12156677246094, 101.07917785644531, 166.90415954589844, 180.709716796875, 40.31128692626953, 121.26417541503906, 127.81236267089844, 106.4048843383789], [129.4681396484375, 183.98097229003906, 152.0854949951172, 78.4091796875, 168.77203369140625, 149.96665954589844, 44.0113639831543, 186.72439575195312, 136.3414764404297, 139.01438903808594, 168.38645935058594, 129.4024658203125, 206.4001007080078, 173.833251953125, 176.1476593017578, 193.77565002441406, 112.89818572998047, 171.49343872070312, 0.0, 162.58535766601562, 55.17245864868164, 135.3513946533203, 61.22091293334961, 52.0, 122.71104431152344, 124.80785369873047, 9.486832618713379, 179.72479248046875, 91.08238220214844, 99.04039764404297, 117.33712005615234, 117.1836166381836, 172.69915771484375, 136.400146484375, 69.81404113769531, 97.1287841796875, 227.62249755859375, 40.112342834472656, 92.34716796875, 61.269893646240234, 95.35198211669922, 58.30952072143555, 41.1096076965332, 45.617977142333984, 150.2131805419922, 127.7380142211914, 136.821044921875, 29.017236709594727, 61.61168670654297, 51.6623649597168, 189.842041015625, 206.6325225830078, 48.84669876098633, 74.70609283447266, 8.5440034866333, 26.419689178466797, 153.40469360351562, 68.70953369140625, 95.38343811035156, 138.05795288085938], [160.1249542236328, 25.0, 17.0880069732666, 88.5098876953125, 60.41522979736328, 28.42534065246582, 137.71347045898438, 83.52245330810547, 32.015621185302734, 172.79177856445312, 77.89736938476562, 34.13209533691406, 70.03570556640625, 42.94182205200195, 94.9210205078125, 41.62931823730469, 58.30952072143555, 21.260292053222656, 162.58535766601562, 0.0, 114.2716064453125, 95.8018798828125, 140.2640380859375, 110.67971801757812, 40.24922180175781, 97.24710845947266, 163.08279418945312, 102.18121337890625, 75.1664810180664, 63.976558685302734, 51.088157653808594, 49.01020431518555, 34.36568069458008, 95.56673431396484, 138.59292602539062, 110.16351318359375, 84.8646011352539, 156.71949768066406, 77.0064926147461, 126.0, 92.31468200683594, 123.1015853881836, 125.17188262939453, 117.34138488769531, 47.095645904541016, 149.88328552246094, 140.06427001953125, 154.20765686035156, 104.7377700805664, 123.42204284667969, 29.017236709594727, 63.60031509399414, 134.37261962890625, 89.26925659179688, 157.1909637451172, 169.0561981201172, 19.209373474121094, 119.67037963867188, 109.63575744628906, 85.42832946777344], [95.50916290283203, 133.24038696289062, 107.00466918945312, 48.41487503051758, 113.70136260986328, 97.49871826171875, 24.1867733001709, 131.64346313476562, 93.34345245361328, 107.91200256347656, 113.35784149169922, 84.00595092773438, 151.7267303466797, 134.64768981933594, 152.31546020507812, 141.15594482421875, 59.61543273925781, 127.00393676757812, 55.17245864868164, 114.2716064453125, 0.0, 82.29216003417969, 76.41989135742188, 19.697715759277344, 77.0064926147461, 72.09021759033203, 59.81638717651367, 157.6229705810547, 55.46169662475586, 55.90169906616211, 65.14598846435547, 65.96968841552734, 119.43617248535156, 118.56221771240234, 82.37718200683594, 47.51841735839844, 173.06646728515625, 43.046485900878906, 60.0333251953125, 21.40093421936035, 76.3675308227539, 15.620499610900879, 14.21267032623291, 18.027755737304688, 114.01753997802734, 90.02777099609375, 94.08506774902344, 40.024993896484375, 10.198039054870605, 51.97114562988281, 142.8985595703125, 152.46310424804688, 22.135944366455078, 26.172504425048828, 47.6340217590332, 55.081756591796875, 102.2007827758789, 67.41661834716797, 45.54119110107422, 83.76156616210938], [67.18630981445312, 99.16148376464844, 101.83319854736328, 104.01922607421875, 52.038448333740234, 67.42403411865234, 92.95697784423828, 57.775428771972656, 99.86490631103516, 78.77182006835938, 40.52159881591797, 89.04492950439453, 89.80534362792969, 135.77186584472656, 178.08985900878906, 95.90099334716797, 54.424259185791016, 116.66190338134766, 135.3513946533203, 95.8018798828125, 82.29216003417969, 0.0, 152.59095764160156, 96.16651916503906, 85.47514343261719, 10.630146026611328, 141.31524658203125, 185.07565307617188, 98.99494934082031, 86.12200927734375, 59.93329620361328, 64.40496826171875, 75.58438873291016, 159.7654571533203, 156.41610717773438, 39.623226165771484, 110.21796417236328, 106.8877944946289, 105.22357177734375, 75.1664810180664, 129.25942993164062, 77.20103454589844, 96.17691802978516, 98.4327163696289, 127.64012145996094, 56.75385284423828, 44.72135925292969, 111.8659896850586, 80.3243408203125, 127.67536926269531, 120.83045959472656, 95.08417510986328, 87.96590423583984, 77.64663696289062, 127.06297302246094, 125.86500549316406, 76.6093978881836, 137.5245361328125, 41.01219177246094, 10.770329475402832], [171.04969787597656, 164.83021545410156, 125.41929626464844, 54.918121337890625, 168.23793029785156, 138.6001434326172, 85.23497009277344, 191.0235595703125, 108.85311126708984, 182.87974548339844, 174.38462829589844, 106.77546691894531, 199.83242797851562, 136.56500244140625, 124.0, 179.01116943359375, 109.59014892578125, 141.73919677734375, 61.22091293334961, 140.2640380859375, 76.41989135742188, 152.59095764160156, 0.0, 58.0, 101.91172790527344, 143.54441833496094, 53.5350341796875, 126.19429779052734, 66.84310150146484, 81.02468872070312, 110.14535522460938, 107.70329284667969, 161.64466857910156, 83.0, 8.602325439453125, 123.00406646728516, 219.27151489257812, 93.19334411621094, 63.65532302856445, 95.34149169921875, 50.990196228027344, 89.8220443725586, 67.18630981445312, 58.4208869934082, 111.89280700683594, 166.20770263671875, 170.42300415039062, 81.84130859375, 74.02702331542969, 25.079872131347656, 162.54229736328125, 197.0913543701172, 87.92041778564453, 75.18643188476562, 64.35060119628906, 86.26702880859375, 138.2931671142578, 20.615528106689453, 121.00413513183594, 150.8641815185547], [115.108642578125, 132.0037841796875, 100.80674743652344, 32.31098937988281, 120.41594696044922, 98.47842407226562, 38.27531814575195, 140.6627197265625, 85.58621215820312, 127.58134460449219, 122.87391662597656, 77.87811279296875, 156.5407257080078, 125.03599548339844, 136.8941192626953, 142.17242431640625, 62.36986541748047, 120.50726318359375, 52.0, 110.67971801757812, 19.697715759277344, 96.16651916503906, 58.0, 0.0, 71.0633544921875, 86.58522033691406, 53.5350341796875, 141.7779998779297, 42.42640686035156, 47.67599105834961, 66.0302963256836, 65.51335906982422, 121.49485778808594, 101.25709533691406, 63.3876953125, 65.0076904296875, 177.45985412597656, 54.7813835144043, 45.607017517089844, 40.8166618347168, 58.41232681274414, 34.98571014404297, 18.384777069091797, 7.0, 102.70345306396484, 109.3846435546875, 112.64102172851562, 47.85394287109375, 16.124515533447266, 33.060550689697266, 138.24615478515625, 156.02883911132812, 38.28837966918945, 23.430749893188477, 46.57252502441406, 61.073726654052734, 101.53324890136719, 47.75981521606445, 63.0079345703125, 95.85405731201172], [140.356689453125, 63.60031509399414, 30.066593170166016, 48.60041046142578, 73.82411193847656, 38.62641525268555, 101.07917785644531, 98.73196411132812, 17.464248657226562, 153.71726989746094, 86.02325439453125, 7.0, 99.36296844482422, 59.46427536010742, 93.00537872314453, 77.10382843017578, 32.557640075683594, 50.03998565673828, 122.71104431152344, 40.24922180175781, 77.0064926147461, 85.47514343261719, 101.91172790527344, 71.0633544921875, 0.0, 82.4196548461914, 122.93087768554688, 99.86490631103516, 35.46829605102539, 23.76972770690918, 25.806976318359375, 21.40093421936035, 60.539241790771484, 76.29547882080078, 101.212646484375, 84.87638092041016, 117.88977813720703, 120.03749084472656, 38.28837966918945, 91.7823486328125, 57.775428771972656, 87.96590423583984, 86.5794448852539, 77.87811279296875, 43.931766510009766, 130.9083709716797, 124.84390258789062, 116.2755355834961, 67.00746154785156, 83.6002426147461, 67.18630981445312, 95.69221496582031, 98.32598876953125, 51.03919982910156, 117.63077545166016, 130.75167846679688, 36.619667053222656, 81.56592559814453, 83.76156616210938, 77.47257232666016], [63.158531188964844, 103.16007232666016, 101.53324890136719, 96.42095184326172, 59.304298400878906, 69.31810760498047, 82.32861328125, 67.5351791381836, 97.83660125732422, 75.59100341796875, 49.76947021484375, 86.68333435058594, 98.06120300292969, 135.59129333496094, 175.42234802246094, 101.59724426269531, 50.2493782043457, 117.59677124023438, 124.80785369873047, 97.24710845947266, 72.09021759033203, 10.630146026611328, 143.54441833496094, 86.58522033691406, 82.4196548461914, 0.0, 130.86251831054688, 182.27999877929688, 92.41753387451172, 80.3243408203125, 56.61272048950195, 61.032779693603516, 80.41144561767578, 154.9451446533203, 147.6651611328125, 29.068883895874023, 118.84864044189453, 96.33275604248047, 98.71676635742188, 64.53681182861328, 122.57650756835938, 66.61080932617188, 85.86617279052734, 88.54377746582031, 125.60652923583984, 52.801513671875, 43.27817153930664, 101.23734283447266, 70.60453033447266, 118.53269958496094, 123.56779479980469, 102.70345306396484, 77.33692169189453, 69.065185546875, 116.4989242553711, 115.26057434082031, 78.29431915283203, 129.09686279296875, 30.4138126373291, 17.464248657226562], [138.231689453125, 185.1512908935547, 151.78932189941406, 76.90253448486328, 172.58621215820312, 152.01315307617188, 51.6623649597168, 191.34262084960938, 135.72398376464844, 148.0033721923828, 173.11268615722656, 129.44883728027344, 209.6020050048828, 171.97674560546875, 171.47010803222656, 195.68597412109375, 115.60276794433594, 170.8800811767578, 9.486832618713379, 163.08279418945312, 59.81638717651367, 141.31524658203125, 53.5350341796875, 53.5350341796875, 122.93087768554688, 130.86251831054688, 0.0, 174.74839782714844, 89.9888916015625, 99.16148376464844, 119.54078674316406, 119.03781127929688, 175.0114288330078, 131.24404907226562, 62.12889862060547, 103.78824615478516, 230.6729278564453, 49.36598205566406, 90.60904693603516, 68.3520278930664, 91.26883697509766, 64.88451385498047, 45.607017517089844, 47.801673889160156, 147.97972106933594, 136.19471740722656, 144.8102264404297, 38.05259704589844, 65.0691909790039, 47.16990661621094, 189.7630157470703, 209.4015350341797, 56.32051086425781, 76.843994140625, 17.0, 35.7770881652832, 154.9225616455078, 63.06346130371094, 101.98039245605469, 143.45033264160156], [238.42189025878906, 120.14990997314453, 88.23265075683594, 109.65856170654297, 161.68179321289062, 125.59060668945312, 179.88885498046875, 185.5397491455078, 85.47514343261719, 251.87298583984375, 178.05897521972656, 96.04165649414062, 169.23947143554688, 62.00806427001953, 7.280109882354736, 138.05795288085938, 132.2006072998047, 84.2911605834961, 179.72479248046875, 102.18121337890625, 157.6229705810547, 185.07565307617188, 126.19429779052734, 141.7779998779297, 99.86490631103516, 182.27999877929688, 174.74839782714844, 0.0, 102.64988708496094, 107.56393432617188, 125.67020416259766, 121.2476806640625, 136.49908447265625, 43.5660400390625, 119.01680755615234, 181.73883056640625, 179.27911376953125, 196.3517303466797, 97.6370849609375, 177.78919982910156, 85.09406280517578, 172.51376342773438, 160.10308837890625, 148.03378295898438, 58.18075180053711, 229.45587158203125, 224.43930053710938, 188.16217041015625, 148.1114501953125, 128.06248474121094, 99.32270812988281, 161.0279541015625, 179.23448181152344, 134.40237426757812, 179.02513122558594, 198.9799041748047, 117.6435317993164, 111.80339813232422, 180.31361389160156, 176.5021209716797], [139.52061462402344, 99.02020263671875, 62.2414665222168, 13.416407585144043, 103.24727630615234, 71.84706115722656, 78.77182006835938, 127.12985229492188, 45.880279541015625, 152.86923217773438, 111.83023071289062, 41.04875183105469, 133.13526916503906, 83.05419921875, 97.09788513183594, 112.43220520019531, 47.26520919799805, 80.95677947998047, 91.08238220214844, 75.1664810180664, 55.46169662475586, 98.99494934082031, 66.84310150146484, 42.42640686035156, 35.46829605102539, 92.41753387451172, 89.9888916015625, 102.64988708496094, 0.0, 14.866068840026855, 45.607017517089844, 42.379241943359375, 94.81033325195312, 66.21932983398438, 66.8879623413086, 83.00602722167969, 152.43359375, 96.5660400390625, 6.324555397033691, 75.1664810180664, 30.265491485595703, 69.97142028808594, 60.41522979736328, 49.36598205566406, 60.29925537109375, 131.54847717285156, 129.76902770996094, 90.25519561767578, 45.650848388671875, 48.25971221923828, 100.31948852539062, 130.249755859375, 77.47257232666016, 31.890438079833984, 87.20664978027344, 103.3924560546875, 71.50524139404297, 46.87216567993164, 81.3019027709961, 94.08506774902344], [131.36590576171875, 86.8216552734375, 53.15073013305664, 26.248809814453125, 88.39117431640625, 57.628116607666016, 80.0624771118164, 112.27198791503906, 38.05259704589844, 144.8102264404297, 97.08243560791016, 30.364452362060547, 118.81077575683594, 78.77182006835938, 101.41498565673828, 99.2471694946289, 33.0, 72.83543395996094, 99.04039764404297, 63.976558685302734, 55.90169906616211, 86.12200927734375, 81.02468872070312, 47.67599105834961, 23.76972770690918, 80.3243408203125, 99.16148376464844, 107.56393432617188, 14.866068840026855, 0.0, 30.805843353271484, 27.513633728027344, 80.80841827392578, 75.1797866821289, 81.4923324584961, 74.5184555053711, 138.4088134765625, 98.73196411132812, 20.2237491607666, 73.16419982910156, 44.0113639831543, 68.62215423583984, 64.0078125, 54.58937454223633, 58.52349853515625, 122.80065155029297, 119.57006072998047, 94.00531768798828, 45.7055778503418, 60.87692642211914, 90.8019790649414, 116.2755355834961, 77.87811279296875, 29.832868576049805, 94.14881896972656, 108.11567687988281, 58.051700592041016, 61.400325775146484, 73.0, 80.5046615600586], [115.42096710205078, 68.15423583984375, 48.84669876098633, 55.46169662475586, 58.13776779174805, 32.649654388427734, 87.66413116455078, 81.59656524658203, 41.773197174072266, 128.68954467773438, 66.2872543334961, 30.4138126373291, 91.24143981933594, 81.98780059814453, 118.81077575683594, 76.47875213623047, 7.6157732009887695, 67.72000885009766, 117.33712005615234, 51.088157653808594, 65.14598846435547, 59.93329620361328, 110.14535522460938, 66.0302963256836, 25.806976318359375, 56.61272048950195, 119.54078674316406, 125.67020416259766, 45.607017517089844, 30.805843353271484, 0.0, 4.4721360206604, 55.4707145690918, 100.28459167480469, 111.40017700195312, 61.269893646240234, 111.80339813232422, 106.53168487548828, 50.990196228027344, 75.05997467041016, 74.4311752319336, 72.44308471679688, 77.47257232666016, 71.86793518066406, 69.3108901977539, 105.75916290283203, 99.15644073486328, 105.08092498779297, 56.46237564086914, 88.00568389892578, 80.09993743896484, 90.13877868652344, 84.01190185546875, 42.72002029418945, 110.90987396240234, 120.2081527709961, 37.10795211791992, 91.28527069091797, 60.41522979736328, 52.49761962890625], [119.47384643554688, 67.35725402832031, 45.54119110107422, 52.839378356933594, 60.926185607910156, 33.0151481628418, 88.95504760742188, 84.77027893066406, 37.64305877685547, 132.7742462158203, 69.87130737304688, 26.248809814453125, 92.8493423461914, 78.29431915283203, 114.40279388427734, 76.66159057617188, 11.401754379272461, 64.76110076904297, 117.1836166381836, 49.01020431518555, 65.96968841552734, 64.40496826171875, 107.70329284667969, 65.51335906982422, 21.40093421936035, 61.032779693603516, 119.03781127929688, 121.2476806640625, 42.379241943359375, 27.513633728027344, 4.4721360206604, 0.0, 56.22277069091797, 95.88013458251953, 108.67382049560547, 64.88451385498047, 113.1370849609375, 107.91200256347656, 47.53945541381836, 77.0064926147461, 70.71067810058594, 74.1080322265625, 77.8331527709961, 71.58910369873047, 65.05382537841797, 109.87720489501953, 103.4794692993164, 105.99056243896484, 56.920997619628906, 86.05230712890625, 78.0, 91.28527069091797, 85.47514343261719, 42.48529052734375, 110.98197937011719, 121.03718566894531, 36.400550842285156, 88.54942321777344, 63.95310592651367, 56.920997619628906], [142.72000122070312, 24.413110733032227, 50.0099983215332, 107.05606079101562, 29.0, 23.34523582458496, 140.45640563964844, 49.76947021484375, 60.87692642211914, 154.3243408203125, 47.381431579589844, 57.27128601074219, 38.910152435302734, 76.216796875, 129.24781799316406, 22.360679626464844, 59.9416389465332, 53.48831558227539, 172.69915771484375, 34.36568069458008, 119.43617248535156, 75.58438873291016, 161.64466857910156, 121.49485778808594, 60.539241790771484, 80.41144561767578, 175.0114288330078, 136.49908447265625, 94.81033325195312, 80.80841827392578, 55.4707145690918, 56.22277069091797, 0.0, 128.1327362060547, 161.4713592529297, 101.07917785644531, 57.628116607666016, 158.75137329101562, 98.47334289550781, 125.68611907958984, 118.07201385498047, 124.27791595458984, 132.4122314453125, 127.31849670410156, 81.02468872070312, 132.27999877929688, 119.97083282470703, 158.77342224121094, 111.41364288330078, 141.4496307373047, 48.79549026489258, 35.46829605102539, 136.29747009277344, 98.18350219726562, 166.09033203125, 174.00286865234375, 24.166091918945312, 141.60508728027344, 101.17806243896484, 64.8459701538086], [205.6428985595703, 118.9033203125, 78.64476776123047, 70.1783447265625, 148.0303955078125, 111.0, 139.52061462402344, 173.01156616210938, 68.02940368652344, 219.0205535888672, 161.79307556152344, 75.32595825195312, 165.52944946289062, 69.20259857177734, 41.0, 136.68211364746094, 105.34230041503906, 85.0, 136.400146484375, 95.56673431396484, 118.56221771240234, 159.7654571533203, 83.0, 101.25709533691406, 76.29547882080078, 154.9451446533203, 131.24404907226562, 43.5660400390625, 66.21932983398438, 75.1797866821289, 100.28459167480469, 95.88013458251953, 128.1327362060547, 0.0, 76.16429901123047, 148.94630432128906, 179.98056030273438, 155.0483856201172, 60.30754470825195, 139.51702880859375, 43.046485900878906, 133.95895385742188, 119.26860809326172, 107.070068359375, 49.76947021484375, 197.4740447998047, 194.74342346191406, 146.24978637695312, 109.71326446533203, 84.77027893066406, 105.19029998779297, 159.1100311279297, 139.4022979736328, 97.74456787109375, 136.01470947265625, 156.38734436035156, 105.23307800292969, 68.24954223632812, 147.29901123046875, 152.77761840820312], [177.53872680664062, 163.3799285888672, 123.2396011352539, 55.94640350341797, 169.52285766601562, 138.6794891357422, 92.61209106445312, 192.769287109375, 106.8316421508789, 189.5600128173828, 176.5106201171875, 105.64563751220703, 199.97250366210938, 132.3782501220703, 117.1067886352539, 178.10389709472656, 111.42710876464844, 138.80921936035156, 69.81404113769531, 138.59292602539062, 82.37718200683594, 156.41610717773438, 8.602325439453125, 63.3876953125, 101.212646484375, 147.6651611328125, 62.12889862060547, 119.01680755615234, 66.8879623413086, 81.4923324584961, 111.40017700195312, 108.67382049560547, 161.4713592529297, 76.16429901123047, 0.0, 128.249755859375, 219.0205535888672, 101.25709533691406, 63.0079345703125, 101.92153930664062, 47.434165954589844, 96.3016128540039, 74.0, 64.53681182861328, 107.82392883300781, 172.38619995117188, 176.02841186523438, 90.0, 79.15807342529297, 30.4138126373291, 159.80613708496094, 196.81716918945312, 95.07891082763672, 78.77182006835938, 72.83543395996094, 94.76286315917969, 137.8005828857422, 20.124610900878906, 126.25371551513672, 154.14927673339844], [56.85068130493164, 121.41252136230469, 110.07270050048828, 83.00602722167969, 84.77027893066406, 84.85281372070312, 53.823787689208984, 96.04165649414062, 102.08329772949219, 70.29224395751953, 77.89736938476562, 90.73587799072266, 124.27791595458984, 143.17820739746094, 175.36817932128906, 123.2598876953125, 53.66563034057617, 128.51458740234375, 97.1287841796875, 110.16351318359375, 47.51841735839844, 39.623226165771484, 