{"name": "LZB_n30_18", "n": 30, "m": 9, "times": [[0.0, 88.95504760742188, 37.6961555480957, 20.02498435974121, 118.40608215332031, 130.0, 172.86122131347656, 98.0051040649414, 84.38008880615234, 101.59724426269531, 165.484130859375, 111.04053497314453, 60.20797348022461, 82.0, 35.0, 157.6102752685547, 115.43396759033203, 5.099019527435303, 169.85287475585938, 154.93223571777344, 39.051246643066406, 198.84164428710938, 162.86497497558594, 71.86793518066406, 125.64234924316406, 35.1710090637207, 101.82828521728516, 123.16655731201172, 38.20994567871094, 97.49359130859375, 126.84636688232422, 183.44754028320312, 186.38937377929688, 104.00480651855469, 32.4499626159668, 119.10499572753906, 178.28067016601562, 155.90060424804688, 47.50789260864258, 129.87686157226562, 110.30865478515625, 35.34119415283203, 163.8108673095703, 180.709716796875, 153.4438018798828, 34.4093017578125, 80.0062484741211, 126.40016174316406, 14.03566837310791, 125.19584655761719, 230.86793518066406, 152.64337158203125, 107.20074462890625, 150.9503173828125, 132.96615600585938, 100.34440612792969, 143.85061645507812, 111.28791809082031, 105.9480972290039, 153.2873077392578], [88.95504760742188, 0.0, 97.04637908935547, 108.15729522705078, 141.24093627929688, 50.56678771972656, 89.3756103515625, 36.24913787841797, 40.01249694824219, 99.72462463378906, 117.51595306396484, 112.43220520019531, 38.832977294921875, 50.08992004394531, 56.08921432495117, 76.5506362915039, 38.832977294921875, 86.33075714111328, 93.02149963378906, 69.02897644042969, 55.60575485229492, 128.75169372558594, 74.21590423583984, 66.8879623413086, 74.3303451538086, 92.02173614501953, 52.0, 51.62363815307617, 124.19742584228516, 67.42403411865234, 38.01315689086914, 112.00892639160156, 101.83319854736328, 39.11521530151367, 57.723480224609375, 97.94386291503906, 105.47511291503906, 72.62230682373047, 136.05880737304688, 113.74093627929688, 46.27094268798828, 68.0, 126.6056900024414, 128.00390625, 171.33009338378906, 111.64676666259766, 116.6190414428711, 47.53945541381836, 102.45974731445312, 120.10411834716797, 156.97451782226562, 138.4232635498047, 21.840330123901367, 99.32270812988281, 45.17742919921875, 18.439088821411133, 80.65978240966797, 52.95280838012695, 18.0, 126.08727264404297], [37.6961555480957, 97.04637908935547, 0.0, 36.49657440185547, 81.02468872070312, 125.59060668945312, 168.07736206054688, 117.6435317993164, 107.01869201660156, 70.57620239257812, 142.80056762695312, 77.87811279296875, 59.21148681640625, 107.91200256347656, 44.271888732910156, 151.79591369628906, 131.400146484375, 33.541019439697266, 160.377685546875, 166.07528686523438, 64.637451171875, 183.86135864257812, 169.66436767578125, 51.22499465942383, 108.57716369628906, 5.099019527435303, 89.1852035522461, 115.45128631591797, 39.20458984375, 77.89736938476562, 131.7459716796875, 170.0, 182.0, 123.3693618774414, 44.384681701660156, 91.78779602050781, 165.89454650878906, 151.92103576660156, 64.88451385498047, 99.72462463378906, 101.55294036865234, 29.154760360717773, 137.437255859375, 158.83639526367188, 115.9482650756836, 20.51828384399414, 42.44997024536133, 122.09013366699219, 36.0, 92.41753387451172, 216.7786865234375, 120.30377960205078, 118.34272003173828, 130.9083709716797, 142.00352478027344, 102.1077880859375, 166.43316650390625, 99.84988403320312, 115.03912353515625, 124.4829330444336], [20.02498435974121, 108.15729522705078, 36.49657440185547, 0.0, 115.6243896484375, 147.02720642089844, 190.05789184570312, 118.0, 104.23531341552734, 106.60675048828125, 175.96591186523438, 114.33721923828125, 76.85050201416016, 101.43470764160156, 52.801513671875, 174.45343017578125, 135.44740295410156, 21.840330123901367, 185.6905975341797, 174.7712860107422, 59.00847244262695, 212.8966827392578, 182.27999877929688, 82.09750366210938, 138.4088134765625, 36.68787384033203, 115.97413635253906, 139.2012939453125, 18.681541442871094, 108.811767578125, 145.83895874023438, 198.01010131835938, 203.74493408203125, 124.0, 50.695167541503906, 126.71621704101562, 193.19679260253906, 173.2166290283203, 31.14482307434082, 135.66502380371094, 125.87692260742188, 48.10405349731445, 172.2353057861328, 191.6689910888672, 149.93331909179688, 22.472204208374023, 77.16217041015625, 143.42245483398438, 6.0, 128.86038208007812, 245.3670654296875, 156.7322540283203, 126.90547943115234, 162.63148498535156, 152.55490112304688, 118.53269958496094, 163.48699951171875, 125.9920654296875, 125.41929626464844, 160.11245727539062], [118.40608215332031, 141.24093627929688, 81.02468872070312, 115.6243896484375, 0.0, 140.6840362548828, 173.5655517578125, 173.5655517578125, 168.34487915039062, 44.92215347290039, 109.73149108886719, 35.12833786010742, 106.79419708251953, 173.11268615722656, 110.67520141601562, 158.02847290039062, 180.06942749023438, 113.88591003417969, 157.00318908691406, 202.26715087890625, 136.00367736816406, 163.71316528320312, 197.648681640625, 74.65252685546875, 101.40019989013672, 83.24061584472656, 100.90093994140625, 126.84636688232422, 110.16351318359375, 80.65357971191406, 162.56076049804688, 155.7080535888672, 186.21762084960938, 178.10389709472656, 112.68096923828125, 63.0079345703125, 154.8289337158203, 161.94134521484375, 138.2931671142578, 55.785301208496094, 115.7410888671875, 94.5145492553711, 94.3716049194336, 124.7878189086914, 35.11410140991211, 94.08506774902344, 38.63935852050781, 138.32208251953125, 116.4001693725586, 40.52159881591797, 194.83326721191406, 59.66573715209961, 161.98765563964844, 108.34204864501953, 178.0, 135.11846923828125, 221.4610595703125, 109.20164489746094, 156.24659729003906, 76.47875213623047], [130.0, 50.56678771972656, 125.59060668945312, 147.02720642089844, 140.6840362548828, 0.0, 43.046485900878906, 79.22752380371094, 88.29496002197266, 95.8018798828125, 77.87811279296875, 106.25440979003906, 70.1783447265625, 98.95453643798828, 95.0, 27.658634185791016, 68.88395690917969, 126.24578857421875, 42.54409408569336, 67.88224792480469, 103.07764434814453, 78.44743347167969, 58.18075180053711, 78.77182006835938, 44.204071044921875, 121.26417541503906, 41.04875183105469, 13.928388595581055, 160.1249542236328, 60.67124557495117, 31.78049659729004, 61.6846809387207, 56.82429122924805, 79.0, 97.6166000366211, 81.84130859375, 55.02726745605469, 26.4007568359375, 177.28225708007812, 96.04165649414062, 26.0, 100.18482971191406, 92.35800170898438, 84.40379333496094, 163.29421997070312, 144.18043518066406, 129.0155029296875, 3.605551242828369, 142.00352478027344, 107.78682708740234, 106.47064971923828, 116.5160903930664, 52.0, 60.41522979736328, 48.3735466003418, 32.75667953491211, 107.91200256347656, 31.575305938720703, 46.097721099853516, 98.31072998046875], [172.86122131347656, 89.3756103515625, 168.07736206054688, 190.05789184570312, 173.5655517578125, 43.046485900878906, 0.0, 109.77249145507812, 122.1187973022461, 130.00384521484375, 84.62860107421875, 138.43771362304688, 113.20777130126953, 132.83448791503906, 137.8767547607422, 16.492422103881836, 93.68030548095703, 169.18923950195312, 21.931713104248047, 70.85901641845703, 144.24978637695312, 54.81787872314453, 51.92301940917969, 119.64112854003906, 72.17340087890625, 163.8780059814453, 80.52328491210938, 52.81098556518555, 203.11819458007812, 97.86725616455078, 56.36488342285156, 41.59326934814453, 13.928388595581055, 107.56393432617188, 140.42791748046875, 111.01801300048828, 35.510562896728516, 17.029386520385742, 220.22715759277344, 122.24974060058594, 66.73080444335938, 143.17820739746094, 103.77379608154297, 82.75868225097656, 190.87692260742188, 186.97860717773438, 167.72596740722656, 46.647613525390625, 185.00270080566406, 136.31214904785156, 73.16419982910156, 137.23338317871094, 82.73451232910156, 72.91776275634766, 65.30696868896484, 73.59347534179688, 123.00406646728516, 69.85699462890625, 78.892333984375, 115.87062072753906], [98.0051040649414, 36.24913787841797, 117.6435317993164, 118.0, 173.5655517578125, 79.22752380371094, 109.77249145507812, 0.0, 15.65247631072998, 134.06341552734375, 152.23666381835938, 146.86387634277344, 67.00746154785156, 24.75883674621582, 73.37574768066406, 100.68763732910156, 20.248456954956055, 97.18538665771484, 119.10079956054688, 62.265560150146484, 59.00847244262695, 156.70672607421875, 76.48529052734375, 99.03534698486328, 109.8954086303711, 112.57886505126953, 88.23831176757812, 84.2911605834961, 136.0918731689453, 103.24727630615234, 53.48831558227539, 140.0714111328125, 119.8832778930664, 6.0, 73.49829864501953, 133.95895385742188, 133.18032836914062, 94.86833190917969, 140.89002990722656, 149.72308349609375, 81.4923324584961, 89.31964874267578, 162.36070251464844, 161.6075439453125, 205.1048583984375, 127.7380142211914, 145.11375427246094, 77.05841827392578, 112.0, 155.4252166748047, 181.8378448486328, 174.54225158691406, 27.658634185791016, 133.98880004882812, 47.6340217590332, 52.17279052734375, 49.19349670410156, 88.60022735595703, 33.13608169555664, 162.308349609375], [84.38008880615234, 40.01249694824219, 107.01869201660156, 104.23531341552734, 168.34487915039062, 88.29496002197266, 122.1187973022461, 15.65247631072998, 0.0, 131.1868896484375, 157.4579315185547, 143.95138549804688, 61.84658432006836, 10.770329475402832, 63.06346130371094, 111.78997802734375, 35.84689712524414, 84.01190185546875, 129.65338134765625, 77.89736938476562, 45.39823913574219, 166.64332580566406, 91.67878723144531, 94.81033325195312, 113.99122619628906, 102.04410552978516, 90.47099304199219, 91.26883697509766, 122.5887451171875, 103.07764434814453, 65.86349487304688, 149.89663696289062, 132.92478942871094, 21.189620971679688, 62.64982223510742, 133.9328155517578, 143.13629150390625, 106.51290893554688, 126.01983642578125, 149.46571350097656, 86.20904541015625, 79.75587463378906, 165.92166137695312, 168.0, 201.0198974609375, 115.44696044921875, 137.6117706298828, 85.70297241210938, 98.24967956542969, 153.68148803710938, 193.132080078125, 174.64248657226562, 39.4461669921875, 139.2910614013672, 62.22539520263672, 58.07753372192383, 59.90826416015625, 92.6552734375, 43.46262741088867, 164.17369079589844], [101.59724426269531, 99.72462463378906, 70.57620239257812, 106.60675048828125, 44.92215347290039, 95.8018798828125, 130.00384521484375, 134.06341552734375, 131.1868896484375, 0.0, 77.6208724975586, 12.806248664855957, 69.83551788330078, 137.55726623535156, 81.78630828857422, 114.1095962524414, 138.19189453125, 96.51942443847656, 114.85643005371094, 157.86703491210938, 106.73799896240234, 127.12198638916016, 152.7645263671875, 37.161808013916016, 58.13776779174805, 69.92138671875, 56.080299377441406, 82.0, 108.67382049560547, 35.84689712524414, 118.06777954101562, 116.69190216064453, 143.05593872070312, 138.03260803222656, 84.5280990600586, 24.413110733032227, 114.72576141357422, 117.61377716064453, 135.3846435546875, 29.154760360717773, 70.83784484863281, 69.1158447265625, 68.4105224609375, 93.86160278320312, 71.70076751708984, 89.89994812011719, 43.8292121887207, 93.40770721435547, 105.01904296875, 24.331050872802734, 159.6558837890625, 51.088157653808594, 119.47384643554688, 70.68238830566406, 133.8431854248047, 91.52595520019531, 180.38015747070312, 64.28841400146484, 113.4063491821289, 54.120235443115234], [165.484130859375, 117.51595306396484, 142.80056762695312, 175.96591186523438, 109.73149108886719, 77.87811279296875, 84.62860107421875, 152.23666381835938, 157.4579315185547, 77.6208724975586, 0.0, 78.77182006835938, 112.29425811767578, 167.19151306152344, 135.3513946533203, 74.95331573486328, 145.4991455078125, 160.5521697998047, 62.96824645996094, 143.3910675048828, 154.56390380859375, 55.145263671875, 129.18978881835938, 94.02127075195312, 44.10215377807617, 140.6627197265625, 69.58448028564453, 68.680419921875, 182.00274658203125, 68.02940368652344, 109.65856170654297, 51.41984176635742, 93.05912017822266, 153.37535095214844, 138.51353454589844, 53.26349639892578, 53.48831558227539, 82.07313537597656, 206.63494873046875, 54.230987548828125, 71.25306701660156, 130.1460723876953, 19.92485809326172, 16.278820037841797, 116.01724243164062, 163.220703125, 121.40016174316406, 78.54934692382812, 172.90460205078125, 69.28924560546875, 85.16454315185547, 58.07753372192383, 127.09445190429688, 18.248287200927734, 126.11502838134766, 100.12991333007812, 185.6986846923828, 65.0076904296875, 120.54045104980469, 36.0], [111.04053497314453, 112.43220520019531, 77.87811279296875, 114.33721923828125, 35.12833786010742, 106.25440979003906, 138.43771362304688, 146.86387634277344, 143.95138549804688, 12.806248664855957, 78.77182006835938, 0.0, 82.49242401123047, 150.233154296875, 93.40770721435547, 122.91867065429688, 150.814453125, 106.01886749267578, 122.06555938720703, 169.5936279296875, 118.59595489501953, 130.91983032226562, 163.78338623046875, 49.648765563964844, 66.27216339111328, 77.92945861816406, 67.5351791381836, 92.34716796875, 114.58621215820312, 47.50789260864258, 129.76902770996094, 121.8072280883789, 151.11915588378906, 150.814453125, 96.04686737060547, 28.284271240234375, 120.50726318359375, 126.92123413085938, 141.98944091796875, 25.495098114013672, 81.93900299072266, 79.90619659423828, 66.60330200195312, 94.66783905029297, 59.203041076660156, 96.13532257080078, 44.821868896484375, 104.06248474121094, 113.28282928466797, 14.560219764709473, 162.8557586669922, 42.44997024536133, 132.007568359375, 74.72616577148438, 145.7738037109375, 103.81233215332031, 193.07252502441406, 75.02666473388672, 125.87692260742188, 50.32891845703125], [60.20797348022461, 38.832977294921875, 59.21148681640625, 76.85050201416016, 106.79419708251953, 70.1783447265625, 113.20777130126953, 67.00746154785156, 61.84658432006836, 69.83551788330078, 112.29425811767578, 82.49242401123047, 0.0, 67.74215698242188, 25.495098114013672, 97.6524429321289, 76.15773010253906, 56.22277069091797, 109.65856170654297, 107.46627044677734, 42.42640686035156, 139.61734008789062, 110.45361328125, 33.0151481628418, 69.28924560546875, 54.33230972290039, 43.863426208496094, 62.96824645996094, 90.47099304199219, 47.01063537597656, 72.56031799316406, 123.8466796875, 126.90941619873047, 71.84706115722656, 28.42534065246582, 76.29547882080078, 118.44407653808594, 96.3846435546875, 107.20074462890625, 90.9560317993164, 50.32891845703125, 31.048349380493164, 115.27792358398438, 126.1784439086914, 139.1761474609375, 75.69015502929688, 78.71467590332031, 66.5732650756836, 71.84706115722656, 93.10746765136719, 171.18702697753906, 116.21101379394531, 60.63827133178711, 95.81753540039062, 83.09632873535156, 43.17406463623047, 115.6633071899414, 52.15361785888672, 56.56854248046875, 109.37092590332031], [82.0, 50.08992004394531, 107.91200256347656, 101.43470764160156, 173.11268615722656, 98.95453643798828, 132.83448791503906, 24.75883674621582, 10.770329475402832, 137.55726623535156, 167.19151306152344, 150.233154296875, 67.74215698242188, 0.0, 65.0, 122.56018829345703, 44.821868896484375, 82.2800064086914, 140.40655517578125, 86.53323364257812, 44.0113639831543, 177.3414764404297, 101.23734283447266, 100.70252990722656, 123.49089050292969, 103.07764434814453, 99.46356201171875, 101.59724426269531, 120.0333251953125, 111.0, 76.5375747680664, 160.58953857421875, 143.54441833496094, 29.4108829498291, 64.07027435302734, 141.73919677734375, 153.8440704345703, 117.27318572998047, 121.14866638183594, 157.09869384765625, 96.02082824707031, 82.00609588623047, 175.09425354003906, 178.04493713378906, 206.4001007080078, 114.49017333984375, 140.92906188964844, 96.31718444824219, 95.52486419677734, 160.55528259277344, 203.9019317626953, 182.36227416992188, 50.11985778808594, 149.0838623046875, 72.24956512451172, 68.35934448242188, 62.20128631591797, 102.23991394042969, 54.230987548828125, 172.69915771484375], [35.0, 56.08921432495117, 44.271888732910156, 52.801513671875, 110.67520141601562, 95.0, 137.8767547607422, 73.37574768066406, 63.06346130371094, 81.78630828857422, 135.3513946533203, 93.40770721435547, 25.495098114013672, 65.0, 0.0, 122.61321258544922, 87.69264221191406, 31.38471031188965, 135.0740509033203, 124.32618713378906, 25.495098114013672, 165.0, 130.26895141601562, 46.04345703125, 93.471923828125, 39.217342376708984, 68.60028839111328, 88.39117431640625, 68.15423583984375, 67.91170501708984, 93.30059051513672, 149.3050537109375, 151.4331512451172, 79.12016296386719, 3.1622776985168457, 94.04785919189453, 143.9340057373047, 120.92973327636719, 82.37718200683594, 107.1680908203125, 75.82215881347656, 17.029386520385742, 136.31214904785156, 149.85659790039062, 145.12063598632812, 56.00892639160156, 76.38062286376953, 91.40021514892578, 47.41307830810547, 106.09900665283203, 196.66468811035156, 131.7459716796875, 76.16429901123047, 119.62023162841797, 101.11874389648438, 65.7419204711914, 122.19656372070312, 77.42092895507812, 73.82411193847656, 128.249755859375], [157.6102752685547, 76.5506362915039, 151.79591369628906, 174.45343017578125, 158.02847290039062, 27.658634185791016, 16.492422103881836, 100.68763732910156, 111.78997802734375, 114.1095962524414, 74.95331573486328, 122.91867065429688, 97.6524429321289, 122.56018829345703, 122.61321258544922, 0.0, 86.5794448852539, 153.80831909179688, 19.0, 71.30918884277344, 130.38404846191406, 57.03507614135742, 54.918121337890625, 103.16007232666016, 56.718605041503906, 147.64822387695312, 64.03124237060547, 36.400550842285156, 187.17105102539062, 81.49846649169922, 47.67599105834961, 41.1096076965332, 30.364452362060547, 99.2471694946289, 125.25174713134766, 95.90099334716797, 34.13209533691406, 7.6157732009887695, 204.83163452148438, 107.85638427734375, 50.32891845703125, 127.26350402832031, 93.08598327636719, 76.00657653808594, 176.52761840820312, 170.836181640625, 151.32745361328125, 31.240999221801758, 169.499267578125, 121.51131439208984, 81.3449478149414, 124.32618713378906, 73.08214569091797, 61.032779693603516, 60.074954986572266, 59.66573715209961, 120.2081527709961, 53.36665725708008, 68.3520278930664, 103.5857162475586], [115.43396759033203, 38.832977294921875, 131.400146484375, 135.44740295410156, 180.06942749023438, 68.88395690917969, 93.68030548095703, 20.248456954956055, 35.84689712524414, 138.19189453125, 145.4991455078125, 150.814453125, 76.15773010253906, 44.821868896484375, 87.69264221191406, 86.5794448852539, 0.0, 114.1095962524414, 105.47511291503906, 42.05948257446289, 76.94153594970703, 143.5026092529297, 56.56854248046875, 105.68821716308594, 105.55093383789062, 126.30122375488281, 87.20092010498047, 76.843994140625, 153.1175994873047, 104.7377700805664, 39.051246643066406, 127.19276428222656, 102.69371795654297, 15.55634880065918, 88.36288452148438, 134.46560668945312, 120.20399475097656, 80.0624771118164, 159.66213989257812, 150.24313354492188, 77.41446685791016, 102.39140319824219, 157.69908142089844, 153.1698455810547, 209.88092041015625, 143.34922790527344, 154.77725219726562, 67.46851348876953, 129.4681396484375, 157.76248168945312, 166.62832641601562, 174.25555419921875, 19.416488647460938, 127.440185546875, 29.068883895874023, 48.82622146606445, 42.63801193237305, 85.08818817138672, 26.07680892944336, 159.88121032714844], [5.099019527435303, 86.33075714111328, 33.541019439697266, 21.840330123901367, 113.88591003417969, 126.24578857421875, 169.18923950195312, 97.18538665771484, 84.01190185546875, 96.51942443847656, 160.5521697998047, 106.01886749267578, 56.22277069091797, 82.2800064086914, 31.38471031188965, 153.80831909179688, 114.1095962524414, 0.0, 165.7588653564453, 153.0555419921875, 38.63935852050781, 194.3707733154297, 160.4400177001953, 66.85057830810547, 120.92973327636719, 30.675724029541016, 97.30878448486328, 119.09659576416016, 39.0128173828125, 92.59049987792969, 124.06449890136719, 179.06703186035156, 182.7812957763672, 103.17460632324219, 29.068883895874023, 114.01753997802734, 173.9712677001953, 152.26622009277344, 51.03919982910156, 124.7798080444336, 106.10372161865234, 30.4138126373291, 158.75767517089844, 175.8237762451172, 148.95973205566406, 32.649654388427734, 75.61084747314453, 122.64175415039062, 16.155494689941406, 120.14990997314453, 226.49061584472656, 147.57371520996094, 105.11898040771484, 146.12322998046875, 130.72872924804688, 97.06183624267578, 143.75326538085938, 106.8877944946289, 103.58088684082031, 148.19244384765625], [169.85287475585938, 93.02149963378906, 160.377685546875, 185.6905975341797, 157.00318908691406, 42.54409408569336, 21.931713104248047, 119.10079956054688, 129.65338134765625, 114.85643005371094, 62.96824645996094, 122.06555938720703, 109.65856170654297, 140.40655517578125, 135.0740509033203, 19.0, 105.47511291503906, 165.7588653564453, 0.0, 89.1852035522461, 145.20675659179688, 38.05259704589844, 71.58910369873047, 110.0227279663086, 56.88584899902344, 156.5790557861328, 71.19690704345703, 46.69047164916992, 197.20547485351562, 85.70297241210938, 66.48307800292969, 22.203603744506836, 30.675724029541016, 117.88553619384766, 137.88763427734375, 94.0, 15.29705810546875, 26.172504425048828, 216.51097106933594, 103.81714630126953, 59.81638717651367, 137.8005828857422, 82.36504364013672, 60.87692642211914, 172.00291442871094, 180.09442138671875, 154.98709106445312, 45.79301071166992, 181.044189453125, 118.4229736328125, 63.95310592651367, 117.0042724609375, 91.4439697265625, 52.49761962890625, 79.05693817138672, 75.29276275634766, 139.04315185546875, 60.539241790771484, 86.40023040771484, 95.2732925415039], [154.93223571777344, 69.02897644042969, 166.07528686523438, 174.7712860107422, 202.26715087890625, 67.88224792480469, 70.85901641845703, 62.265560150146484, 77.89736938476562, 157.86703491210938, 143.3910675048828, 169.5936279296875, 107.46627044677734, 86.53323364257812, 124.32618713378906, 71.30918884277344, 42.05948257446289, 153.0555419921875, 89.1852035522461, 0.0, 117.443603515625, 125.51493835449219, 20.2237491607666, 131.32022094726562, 111.8659896850586, 161.0496826171875, 102.08329772949219, 80.80841827392578, 191.77069091796875, 122.1187973022461, 39.824615478515625, 111.12605285644531, 75.02666473388672, 57.14017868041992, 125.57467651367188, 147.87156677246094, 104.40306854248047, 63.694583892822266, 200.41207885742188, 162.8004913330078, 88.20430755615234, 137.0146026611328, 159.455322265625, 146.71060180664062, 228.26519775390625, 180.27755737304688, 182.87974548339844, 68.680419921875, 168.86976623535156, 173.349365234375, 142.0140838623047, 184.19554138183594, 48.166378021240234, 127.00393676757812, 24.73863410949707, 68.00735473632812, 53.93514633178711, 95.69221496582031, 51.03919982910156, 166.1836395263672], [39.051246643066406, 55.60575485229492, 64.637451171875, 59.00847244262695, 136.00367736816406, 103.07764434814453, 144.24978637695312, 59.00847244262695, 45.39823913574219, 106.73799896240234, 154.56390380859375, 118.59595489501953, 42.42640686035156, 44.0113639831543, 25.495098114013672, 130.38404846191406, 76.94153594970703, 38.63935852050781, 145.20675659179688, 117.443603515625, 0.0, 178.2386016845703, 127.12198638916016, 70.21395874023438, 111.12605285644531, 60.0, 85.4400405883789, 99.64437103271484, 77.23341369628906, 89.14033508300781, 93.19334411621094, 161.89503479003906, 157.07960510253906, 65.0076904296875, 23.323806762695312, 117.27318572998047, 155.92626953125, 127.28707885742188, 82.9698715209961, 131.10682678222656, 89.0, 41.617305755615234, 157.6229705810547, 168.13388061523438, 170.5579071044922, 70.51950073242188, 100.89598846435547, 99.63935089111328, 53.00943374633789, 130.96946716308594, 208.56893920898438, 156.01602172851562, 70.7742919921875, 137.78607177734375, 96.7729263305664, 70.76722717285156, 105.11898040771484, 92.4770278930664, 70.71067810058594, 151.02980041503906], [198.84164428710938, 128.75169372558594, 183.86135864257812, 212.8966827392578, 163.71316528320312, 78.44743347167969, 54.81787872314453, 156.70672607421875, 166.64332580566406, 127.12198638916016, 55.145263671875, 130.91983032226562, 139.61734008789062, 177.3414764404297, 165.0, 57.03507614135742, 143.5026092529297, 194.3707733154297, 38.05259704589844, 125.51493835449219, 178.2386016845703, 0.0, 106.73799896240234, 132.6536865234375, 75.28611755371094, 180.7124786376953, 97.08243560791016, 78.71467590332031, 222.31959533691406, 106.04244232177734, 104.47966003417969, 16.76305389404297, 55.07267761230469, 155.7080535888672, 168.0029754638672, 103.24727630615234, 23.53720474243164, 64.0078125, 244.0348358154297, 107.93516540527344, 89.58794403076172, 164.8787384033203, 74.02702331542969, 43.5660400390625, 171.105224609375, 204.24005126953125, 170.39073181152344, 81.27114868164062, 208.7989501953125, 123.22337341308594, 33.0151481628418, 113.00442504882812, 129.0658721923828, 56.46237564086914, 117.0042724609375, 110.49434661865234, 176.63804626464844, 87.61849212646484, 123.76187133789062, 91.0878677368164], [162.86497497558594, 74.21590423583984, 169.66436767578125, 182.27999877929688, 197.648681640625, 58.18075180053711, 51.92301940917969, 76.48529052734375, 91.67878723144531, 152.7645263671875, 129.18978881835938, 163.78338623046875, 110.45361328125, 101.23734283447266, 130.26895141601562, 54.918121337890625, 56.56854248046875, 160.4400177001953, 71.58910369873047, 20.2237491607666, 127.12198638916016, 106.73799896240234, 0.0, 130.11532592773438, 102.08329772949219, 164.7786407470703, 96.76776123046875, 72.00694274902344, 198.40614318847656, 117.0042724609375, 38.01315689086914, 93.04837799072266, 55.009090423583984, 72.12489318847656, 131.9393768310547, 140.00357055664062, 86.53900909423828, 47.434165954589844, 209.50418090820312, 154.18495178222656, 81.93289947509766, 141.15240478515625, 146.386474609375, 130.92364501953125, 221.38201904296875, 185.44271850585938, 181.8680877685547, 59.93329620361328, 176.52761840820312, 165.9186553955078, 122.00409698486328, 174.02586364746094, 56.36488342285156, 113.84638977050781, 30.4138126373291, 68.0, 74.14849853515625, 88.76936340332031, 56.920997619628906, 154.79664611816406], [71.86793518066406, 66.8879623413086, 51.22499465942383, 82.09750366210938, 74.65252685546875, 78.77182006835938, 119.64112854003906, 99.03534698486328, 94.81033325195312, 37.161808013916016, 94.02127075195312, 49.648765563964844, 33.0151481628418, 100.70252990722656, 46.04345703125, 103.16007232666016, 105.68821716308594, 66.85057830810547, 110.0227279663086, 131.32022094726562, 70.21395874023438, 132.6536865234375, 130.11532592773438, 0.0, 57.384666442871094, 48.10405349731445, 39.217342376708984, 66.94026947021484, 89.80534362792969, 26.90724754333496, 92.76313781738281, 118.81077575683594, 133.5215301513672, 103.4794692993164, 49.01020431518555, 48.25971221923828, 114.82595825195312, 104.3455810546875, 113.00442504882812, 61.13100814819336, 53.15073013305664, 36.68787384033203, 92.04889678955078, 109.60382843017578, 106.30146026611328, 71.58910369873047, 51.788028717041016, 75.53807067871094, 78.892333984375, 61.032779693603516, 165.556640625, 85.84288024902344, 88.1192398071289, 80.60397338867188, 106.60675048828125, 63.324562072753906, 146.81961059570312, 49.97999572753906, 82.76472473144531, 82.60750579833984], [125.64234924316406, 74.3303451538086, 108.57716369628906, 138.4088134765625, 101.40019989013672, 44.204071044921875, 72.17340087890625, 109.8954086303711, 113.99122619628906, 58.13776779174805, 44.10215377807617, 66.27216339111328, 69.28924560546875, 123.49089050292969, 93.471923828125, 56.718605041503906, 105.55093383789062, 120.92973327636719, 56.88584899902344, 111.8659896850586, 111.12605285644531, 75.28611755371094, 102.08329772949219, 57.384666442871094, 0.0, 105.47511291503906, 25.70992088317871, 31.11269760131836, 147.13938903808594, 30.805843353271484, 73.75635528564453, 61.91122817993164, 85.0, 111.62885284423828, 96.60745239257812, 39.293766021728516, 58.600341796875, 61.13100814819336, 169.53170776367188, 52.32590103149414, 28.460498809814453, 90.8019790649414, 52.49761962890625, 57.00876998901367, 120.55289459228516, 128.97286987304688, 98.37174224853516, 43.185646057128906, 134.62911987304688, 65.14598846435547, 108.23123168945312, 72.34638977050781, 86.40602111816406, 26.68332862854004, 90.78546142578125, 57.87054443359375, 147.3533172607422, 21.3775577545166, 79.7057113647461, 55.0], [35.1710090637207, 92.02173614501953, 5.099019527435303, 36.68787384033203, 83.24061584472656, 121.26417541503906, 163.8780059814453, 112.57886505126953, 102.04410552978516, 69.92138671875, 140.6627197265625, 77.92945861816406, 54.33230972290039, 103.07764434814453, 39.217342376708984, 147.64822387695312, 126.30122375488281, 30.675724029541016, 156.5790557861328, 161.0496826171875, 60.0, 180.7124786376953, 164.7786407470703, 48.10405349731445, 105.47511291503906, 0.0, 85.4400405883789, 111.35977935791016, 41.72529220581055, 74.95331573486328, 126.88971710205078, 166.64332580566406, 177.79200744628906, 118.2962417602539, 39.39543151855469, 90.3382568359375, 162.40997314453125, 147.62791442871094, 66.24198150634766, 98.97979736328125, 97.49359130859375, 24.083189010620117, 135.9595489501953, 156.60459899902344, 118.2962417602539, 23.600847244262695, 44.94440841674805, 117.74549102783203, 35.35533905029297, 92.39588928222656, 213.57200622558594, 120.22062683105469, 113.28282928466797, 128.31600952148438, 137.0146026611328, 97.32420349121094, 161.40013122558594, 96.04165649414062, 110.01818084716797, 123.49089050292969], [101.82828521728516, 52.0, 89.1852035522461, 115.97413635253906, 100.90093994140625, 41.04875183105469, 80.52328491210938, 88.23831176757812, 90.47099304199219, 56.080299377441406, 69.58448028564453, 67.5351791381836, 43.863426208496094, 99.46356201171875, 68.60028839111328, 64.03124237060547, 87.20092010498047, 97.30878448486328, 71.19690704345703, 102.08329772949219, 85.4400405883789, 97.08243560791016, 96.76776123046875, 39.217342376708984, 25.70992088317871, 85.4400405883789, 0.0, 28.160255432128906, 126.40016174316406, 20.248456954956055, 62.265560150146484, 82.03657531738281, 94.3716049194336, 90.78546142578125, 71.69379425048828, 47.423622131347656, 77.33692169189453, 65.6201171875, 147.07821655273438, 63.12685775756836, 15.132745742797852, 67.88224792480469, 75.66372680664062, 82.71033477783203, 126.24578857421875, 109.0, 88.09085845947266, 38.20994567871094, 111.7586669921875, 71.84010314941406, 129.4024658203125, 87.09190368652344, 67.80117797851562, 52.39274597167969, 78.49203491210938, 38.41874694824219, 129.80755615234375, 10.770329475402832, 61.22091293334961, 74.09453582763672], [123.16655731201172, 51.62363815307617, 115.45128631591797, 139.2012939453125, 126.84636688232422, 13.928388595581055, 52.81098556518555, 84.2911605834961, 91.26883697509766, 82.0, 68.680419921875, 92.34716796875, 62.96824645996094, 101.59724426269531, 88.39117431640625, 36.400550842285156, 76.843994140625, 119.09659576416016, 46.69047164916992, 80.80841827392578, 99.64437103271484, 78.71467590332031, 72.00694274902344, 66.94026947021484, 31.11269760131836, 111.35977935791016, 28.160255432128906, 0.0, 151.26797485351562, 47.16990661621094, 42.8018684387207, 62.265560150146484, 66.73080444335938, 85.0, 91.21951293945312, 68.0, 56.30275344848633, 37.48332977294922, 169.92056274414062, 82.37718200683594, 13.928388595581055, 91.52595520019531, 81.41252899169922, 77.3175277709961, 149.4021453857422, 134.64768981933594, 116.21101379394531, 12.206555366516113, 134.46560668945312, 93.91485595703125, 109.04127502441406, 103.3924560546875, 58.46366500854492, 50.59644317626953, 59.81638717651367, 33.241539001464844, 117.63077545166016, 18.027755737304688, 51.97114562988281, 85.91275024414062], [38.20994567871094, 124.19742584228516, 39.20458984375, 18.681541442871094, 110.16351318359375, 160.1249542236328, 203.11819458007812, 136.0918731689453, 122.5887451171875, 108.67382049560547, 182.00274658203125, 114.58621215820312, 90.47099304199219, 120.0333251953125, 68.15423583984375, 187.17105102539062, 153.1175994873047, 39.0128173828125, 197.20547485351562, 191.77069091796875, 77.23341369628906, 222.31959533691406, 198.40614318847656, 89.80534362792969, 147.13938903808594, 41.72529220581055, 126.40016174316406, 151.26797485351562, 0.0, 116.67475891113281, 161.40013122558594, 208.06008911132812, 216.94468688964844, 142.08799743652344, 66.4906005859375, 130.6981201171875, 203.6565704345703, 186.49664306640625, 28.160255432128906, 137.75340270996094, 137.59359741210938, 59.9416389465332, 176.30087280273438, 198.0404052734375, 143.12582397460938, 18.867961883544922, 73.16419982910156, 156.5407257080078, 24.515300750732422, 129.09686279296875, 255.12350463867188, 156.86936950683594, 143.69412231445312, 169.99411010742188, 169.0561981201172, 133.19534301757812, 182.01373291015625, 136.82470703125, 141.79209899902344, 162.79127502441406], [97.49359130859375, 67.42403411865234, 77.89736938476562, 108.811767578125, 80.65357971191406, 60.67124557495117, 97.86725616455078, 103.24727630615234, 103.07764434814453, 35.84689712524414, 68.02940368652344, 47.50789260864258, 47.01063537597656, 111.0, 67.91170501708984, 81.49846649169922, 104.7377700805664, 92.59049987792969, 85.70297241210938, 122.1187973022461, 89.14033508300781, 106.04244232177734, 117.0042724609375, 26.90724754333496, 30.805843353271484, 74.95331573486328, 20.248456954956055, 47.16990661621094, 116.67475891113281, 0.0, 82.2982406616211, 92.6498794555664, 111.46299743652344, 106.50821685791016, 71.0633544921875, 30.870698928833008, 89.06739044189453, 84.0238037109375, 139.8070068359375, 46.52956008911133, 35.1710090637207, 62.17716598510742, 68.59300231933594, 83.24061584472656, 106.50821685791016, 98.35140991210938, 69.87130737304688, 58.051700592041016, 105.39450073242188, 53.037723541259766, 139.01438903808594, 71.58910369873047, 85.5628433227539, 53.823787689208984, 98.27003479003906, 56.7274169921875, 147.32276916503906, 29.154760360717773, 79.20858764648438, 62.513999938964844], [126.84636688232422, 38.01315689086914, 131.7459716796875, 145.83895874023438, 162.56076049804688, 31.78049659729004, 56.36488342285156, 53.48831558227539, 65.86349487304688, 118.06777954101562, 109.65856170654297, 129.76902770996094, 72.56031799316406, 76.5375747680664, 93.30059051513672, 47.67599105834961, 39.051246643066406, 124.06449890136719, 66.48307800292969, 39.824615478515625, 93.19334411621094, 104.47966003417969, 38.01315689086914, 92.76313781738281, 73.75635528564453, 126.88971710205078, 62.265560150146484, 42.8018684387207, 161.40013122558594, 82.2982406616211, 0.0, 88.14192962646484, 67.11929321289062, 51.6623649597168, 95.18928527832031, 108.4066390991211, 81.1541748046875, 41.48493576049805, 174.04884338378906, 123.55565643310547, 48.60041046142578, 103.4069595336914, 123.82245635986328, 115.80155181884766, 188.48077392578125, 147.87156677246094, 144.5441131591797, 31.38471031188965, 140.21768188476562, 133.70115661621094, 128.4445343017578, 145.66400146484375, 26.419689178466797, 92.13034057617188, 17.029386520385742, 30.01666259765625, 76.216796875, 56.22277069091797, 23.34523582458496, 128.68954467773438], [183.44754028320312, 112.00892639160156, 170.0, 198.01010131835938, 155.7080535888672, 61.6846809387207, 41.59326934814453, 140.0714111328125, 149.89663696289062, 116.69190216064453, 51.41984176635742, 121.8072280883789, 123.8466796875, 160.58953857421875, 149.3050537109375, 41.1096076965332, 127.19276428222656, 179.06703186035156, 22.203603744506836, 111.12605285644531, 161.89503479003906, 16.76305389404297, 93.04837799072266, 118.81077575683594, 61.91122817993164, 166.64332580566406, 82.03657531738281, 62.265560150146484, 208.06008911132812, 92.6498794555664, 88.14192962646484, 0.0, 45.25483322143555, 139.16896057128906, 152.26950073242188, 93.62158203125, 7.0, 48.3735466003418, 229.10696411132812, 100.40418243408203, 73.60027313232422, 149.91331481933594, 71.30918884277344, 44.41846466064453, 166.30093383789062, 190.23406982421875, 159.1540069580078, 64.51356506347656, 193.75242614746094, 115.6243896484375, 47.423622131347656, 109.03668975830078, 112.44998931884766, 47.381431579589844, 101.17806243896484, 93.77632904052734, 161.24514770507812, 72.18032836914062, 107.07940673828125, 86.83317565917969], [186.38937377929688, 101.83319854736328, 182.0, 203.74493408203125, 186.21762084960938, 56.82429122924805, 13.928388595581055, 119.8832778930664, 132.92478942871094, 143.05593872070312, 93.05912017822266, 151.11915588378906, 126.90941619873047, 143.54441833496094, 151.4331512451172, 30.364452362060547, 102.69371795654297, 182.7812957763672, 30.675724029541016, 75.02666473388672, 157.07960510253906, 55.07267761230469, 55.009090423583984, 133.5215301513672, 85.0, 177.79200744628906, 94.3716049194336, 66.73080444335938, 216.94468688964844, 111.46299743652344, 67.11929321289062, 45.25483322143555, 0.0, 117.20068359375, 153.94154357910156, 123.40583801269531, 40.607879638671875, 30.528675079345703, 233.8076171875, 133.98880004882812, 80.65357971191406, 157.00318908691406, 112.69871520996094, 89.02246856689453, 202.40553283691406, 200.87060546875, 181.3339385986328, 60.41522979736328, 198.64541625976562, 148.35430908203125, 67.0, 147.6787109375, 93.49331665039062, 83.16850280761719, 73.73601531982422, 86.68333435058594, 128.56126403808594, 83.6779556274414, 90.21086120605469, 125.93649291992188], [104.00480651855469, 39.11521530151367, 123.3693618774414, 124.0, 178.10389709472656, 79.0, 107.56393432617188, 6.0, 21.189620971679688, 138.03260803222656, 153.37535095214844, 150.814453125, 71.84706115722656, 29.4108829498291, 79.12016296386719, 99.2471694946289, 15.55634880065918, 103.17460632324219, 117.88553619384766, 57.14017868041992, 65.0076904296875, 155.7080535888672, 72.12489318847656, 103.4794692993164, 111.62885284423828, 118.2962417602539, 90.78546142578125, 85.0, 142.08799743652344, 106.50821685791016, 51.6623649597168, 139.16896057128906, 117.20068359375, 0.0, 79.30951690673828, 137.05838012695312, 132.23086547851562, 93.14505004882812, 146.81280517578125, 152.85614013671875, 83.16850280761719, 94.9210205078125, 164.1249542236328, 162.23748779296875, 209.30360412597656, 133.66001892089844, 150.233154296875, 77.05841827392578, 118.0, 159.0125732421875, 180.08053588867188, 177.50775146484375, 27.0, 135.1480712890625, 44.10215377807617, 53.75872039794922, 43.90899658203125, 90.47651672363281, 33.13608169555664, 164.6936492919922], [32.4499626159668, 57.723480224609375, 44.384681701660156, 50.695167541503906, 112.68096923828125, 97.6166000366211, 140.42791748046875, 73.49829864501953, 62.64982223510742, 84.5280990600586, 138.51353454589844, 96.04686737060547, 28.42534065246582, 64.07027435302734, 3.1622776985168457, 125.25174713134766, 88.36288452148438, 29.068883895874023, 137.88763427734375, 125.57467651367188, 23.323806762695312, 168.0029754638672, 131.9393768310547, 49.01020431518555, 96.60745239257812, 39.39543151855469, 71.69379425048828, 91.21951293945312, 66.4906005859375, 71.0633544921875, 95.18928527832031, 152.26950073242188, 153.94154357910156, 79.30951690673828, 0.0, 97.08243560791016, 146.86387634277344, 123.45849609375, 79.92496490478516, 110.11357879638672, 78.74642944335938, 18.439088821411133, 139.44532775878906, 153.01307678222656, 147.2480926513672, 55.03635025024414, 77.89736938476562, 94.02127075195312, 45.18849563598633, 108.85311126708984, 199.61212158203125, 134.62911987304688, 77.41446685791016, 122.77214813232422, 102.59142303466797, 68.0, 122.09013366699219, 80.44873809814453, 75.31268310546875, 131.3087921142578], [119.10499572753906, 97.94386291503906, 91.78779602050781, 126.71621704101562, 63.0079345703125, 81.84130859375, 111.01801300048828, 133.95895385742188, 133.9328155517578, 24.413110733032227, 53.26349639892578, 28.284271240234375, 76.29547882080078, 141.73919677734375, 94.04785919189453, 95.90099334716797, 134.46560668945312, 114.01753997802734, 94.0, 147.87156677246094, 117.27318572998047, 103.24727630615234, 140.00357055664062, 48.25971221923828, 39.293766021728516, 90.3382568359375, 47.423622131347656, 68.0, 130.6981201171875, 30.870698928833008, 108.4066390991211, 93.62158203125, 123.40583801269531, 137.05838012