{"name": "LZB_n30_14", "n": 30, "m": 9, "times": [[0.0, 151.822265625, 58.215118408203125, 197.80039978027344, 146.1027069091797, 147.00340270996094, 125.60652923583984, 26.68332862854004, 127.05904388427734, 192.75372314453125, 75.1531753540039, 200.06248474121094, 201.8043670654297, 127.66361999511719, 41.48493576049805, 161.96604919433594, 158.4203338623047, 114.73883056640625, 172.40939331054688, 97.1236343383789, 209.02870178222656, 96.00521087646484, 156.40013122558594, 26.019224166870117, 102.956298828125, 31.256999969482422, 109.83624267578125, 77.10382843017578, 9.433980941772461, 16.552946090698242, 144.39183044433594, 150.26976013183594, 17.804492950439453, 150.20652770996094, 102.48902130126953, 167.24234008789062, 200.47193908691406, 162.54229736328125, 172.74258422851562, 150.62867736816406, 81.27114868164062, 118.03813171386719, 79.90619659423828, 127.14165496826172, 130.04998779296875, 32.649654388427734, 161.152099609375, 105.36128234863281, 147.33973693847656, 205.38014221191406, 106.30146026611328, 161.07452392578125, 157.91769409179688, 195.97193908691406, 151.8189697265625, 161.07452392578125, 169.10647583007812, 135.0037078857422, 168.8608856201172, 164.14932250976562], [151.822265625, 0.0, 122.00409698486328, 47.16990661621094, 35.608985900878906, 93.14505004882812, 28.160255432128906, 143.56182861328125, 31.016124725341797, 43.90899658203125, 93.39164733886719, 48.79549026489258, 53.33854293823242, 26.68332862854004, 142.67796325683594, 30.08321762084961, 20.615528106689453, 76.53103637695312, 27.294687271118164, 95.08417510986328, 59.64059066772461, 62.96824645996094, 5.385164737701416, 174.0718231201172, 109.77249145507812, 169.0, 144.2567138671875, 96.64884948730469, 142.411376953125, 144.49913024902344, 152.85614013671875, 25.942243576049805, 152.16110229492188, 2.0, 64.07807922363281, 16.492422103881836, 61.814239501953125, 96.26006317138672, 39.623226165771484, 21.931713104248047, 97.73944854736328, 86.14522552490234, 73.79024505615234, 112.27198791503906, 117.068359375, 147.32276916503906, 103.24727630615234, 62.96824645996094, 82.56512451171875, 54.5618896484375, 116.2497329711914, 15.0, 111.3193588256836, 55.10898208618164, 43.13930892944336, 62.96824645996094, 105.55093383789062, 80.49844360351562, 122.19656372070312, 30.805843353271484], [58.215118408203125, 122.00409698486328, 0.0, 168.96153259277344, 104.44615936279297, 153.76930236816406, 93.86160278320312, 33.83784866333008, 107.01869201660156, 156.08010864257812, 28.792360305786133, 165.71058654785156, 164.17672729492188, 95.33625030517578, 24.083189010620117, 122.1883773803711, 135.20355224609375, 117.9237060546875, 147.49237060546875, 41.88078308105469, 171.7672882080078, 86.83317565917969, 125.28367614746094, 66.64833068847656, 44.9110221862793, 89.005615234375, 55.90169906616211, 90.0, 53.0848388671875, 65.76473236083984, 88.60022735595703, 130.2459259033203, 72.24956512451172, 120.07081604003906, 97.1236343383789, 138.4954833984375, 157.63247680664062, 106.8877944946289, 131.2288055419922, 113.21660614013672, 28.319604873657227, 125.67417907714844, 52.038448333740234, 69.05070495605469, 149.26486206054688, 81.4923324584961, 169.0, 100.0, 149.89329528808594, 170.0, 48.093658447265625, 126.64912414550781, 169.49630737304688, 154.4862518310547, 107.64757537841797, 153.58384704589844, 176.0454559326172, 81.27114868164062, 182.02471923828125, 143.58969116210938], [197.80039978027344, 47.16990661621094, 168.96153259277344, 0.0, 72.17340087890625, 108.85311126708984, 75.27283477783203, 190.6016845703125, 71.70076751708984, 30.4138126373291, 140.2462158203125, 20.59126091003418, 33.61547088623047, 73.68174743652344, 189.842041015625, 56.08921432495117, 41.03656768798828, 107.04204559326172, 27.018512725830078, 139.60658264160156, 33.52610778808594, 104.80458068847656, 43.680660247802734, 220.67623901367188, 153.05227661132812, 212.92721557617188, 187.0106964111328, 136.02940368652344, 188.36666870117188, 189.4016876220703, 190.6252899169922, 51.22499465942383, 196.81463623046875, 49.04079818725586, 102.64988708496094, 30.870698928833008, 55.60575485229492, 124.61540985107422, 55.54277801513672, 59.00847244262695, 143.95138549804688, 114.06138610839844, 120.83045959472656, 151.32745361328125, 139.8427734375, 190.50721740722656, 113.1591796875, 100.6578369140625, 98.06120300292969, 25.298221588134766, 159.0, 44.04542922973633, 123.40583801269531, 49.57822036743164, 75.31268310546875, 70.71067810058594, 112.01785278320312, 117.54573822021484, 131.0, 39.824615478515625], [146.1027069091797, 35.608985900878906, 104.44615936279297, 72.17340087890625, 0.0, 123.48279571533203, 30.01666259765625, 132.007568359375, 53.75872039794922, 52.49761962890625, 76.27581787109375, 63.348243713378906, 60.008331298828125, 28.07133674621582, 127.58134460449219, 18.027755737304688, 56.22277069091797, 99.82484436035156, 60.835845947265625, 69.37578582763672, 67.62396240234375, 75.23961639404297, 34.48188018798828, 164.8787384033203, 81.49846649169922, 168.6564483642578, 115.03912353515625, 108.50345611572266, 137.13131713867188, 142.56227111816406, 119.36917877197266, 60.20797348022461, 150.6021270751953, 34.058773040771484, 81.05553436279297, 47.53945541381836, 54.451812744140625, 60.81118392944336, 27.018512725830078, 14.317821502685547, 76.92203521728516, 110.42192077636719, 66.85057830810547, 79.42921447753906, 142.63589477539062, 149.4121856689453, 135.20355224609375, 81.22191619873047, 113.60017395019531, 66.7607650756836, 87.14356231689453, 28.861740112304688, 142.2251739501953, 50.447994232177734, 9.219544410705566, 97.30878448486328, 138.43771362304688, 46.173583984375, 153.88307189941406, 66.40029907226562], [147.00340270996094, 93.14505004882812, 153.76930236816406, 108.85311126708984, 123.48279571533203, 0.0, 96.5660400390625, 155.3640899658203, 70.32780456542969, 128.015625, 134.1118927001953, 125.39936065673828, 136.0330810546875, 97.75479888916016, 163.2329559326172, 123.0812759399414, 77.41446685791016, 35.84689712524414, 86.05230712890625, 151.64761352539062, 139.3592529296875, 68.79679870605469, 97.51409912109375, 173.0, 168.2200927734375, 146.11297607421875, 199.42416381835938, 70.1783447265625, 139.1294403076172, 132.13629150390625, 220.51077270507812, 68.06614685058594, 136.61990356445312, 93.68030548095703, 57.982757568359375, 94.33981323242188, 151.64761352539062, 181.7965850830078, 132.6725311279297, 112.94689178466797, 143.96180725097656, 29.27456283569336, 106.53168487548828, 181.73883056640625, 33.60059356689453, 123.62847900390625, 15.231546401977539, 55.4707145690918, 11.0, 131.54847717285156, 175.41380310058594, 107.70793914794922, 18.867961883544922, 144.5856170654297, 132.50282287597656, 38.327537536621094, 22.56102752685547, 158.404541015625, 31.240999221801758, 72.00694274902344], [125.60652923583984, 28.160255432128906, 93.86160278320312, 75.27283477783203, 30.01666259765625, 96.5660400390625, 0.0, 115.88356018066406, 26.4007568359375, 67.20863342285156, 65.30696868896484, 74.63243103027344, 76.3675308227539, 2.2360680103302, 114.58621215820312, 39.39543151855469, 43.28972244262695, 70.3420181274414, 54.147945404052734, 69.05070495605469, 83.48652648925781, 45.54119110107422, 31.78049659729004, 146.99659729003906, 84.64632415771484, 144.9413604736328, 119.10079956054688, 79.30951690673828, 116.2755355834961, 119.60350799560547, 131.5294647216797, 41.78516387939453, 127.4754867553711, 26.248809814453125, 51.03919982910156, 44.643028259277344, 78.29431915283203, 85.23497009277344, 51.078372955322266, 26.832815170288086, 70.11418914794922, 81.04319763183594, 46.3249397277832, 90.91754150390625, 113.32254791259766, 124.27791595458984, 109.40292358398438, 51.244510650634766, 87.41853332519531, 79.8122787475586, 91.48223876953125, 35.46829605102539, 115.43396759033203, 72.71863555908203, 39.11521530151367, 75.80237579345703, 113.5693588256836, 62.93647766113281, 127.58134460449219, 52.95280838012695], [26.68332862854004, 143.56182861328125, 33.83784866333008, 190.6016845703125, 132.007568359375, 155.3640899658203, 115.88356018066406, 0.0, 122.80065155029297, 181.66452026367188, 56.63920974731445, 190.19200134277344, 190.30764770507812, 117.72000885009766, 14.866068840026855, 149.013427734375, 153.3786163330078, 120.70211029052734, 166.78428649902344, 75.13321685791016, 197.7700653076172, 95.52486419677734, 147.59742736816406, 33.60059356689453, 78.58753204345703, 57.87054443359375, 83.18653869628906, 85.86617279052734, 25.238859176635742, 39.11521530151367, 117.83463287353516, 146.56398010253906, 43.46262741088867, 141.7674102783203, 104.07689666748047, 159.73101806640625, 186.27130126953125, 140.52757263183594, 159.0220184326172, 138.697509765625, 60.20797348022461, 126.11502838134766, 69.7782211303711, 102.61091613769531, 143.54441833496094, 56.30275344848633, 170.22926330566406, 107.07473754882812, 153.83432006835938, 195.041015625, 81.21575927734375, 150.74813842773438, 168.57638549804688, 182.45272827148438, 136.51739501953125, 163.30645751953125, 177.9016571044922, 114.2365951538086, 180.36074829101562, 160.4400177001953], [127.05904388427734, 31.016124725341797, 107.01869201660156, 71.70076751708984, 53.75872039794922, 70.32780456542969, 26.4007568359375, 122.80065155029297, 0.0, 74.6860122680664, 80.39900207519531, 78.23681640625, 84.07734680175781, 27.459060668945312, 124.61540985107422, 57.0, 31.38471031188965, 47.04253387451172, 45.486263275146484, 90.2496566772461, 90.04998779296875, 33.241539001464844, 36.400550842285156, 150.88075256347656, 106.6208267211914, 141.2267608642578, 140.45640563964844, 66.0378646850586, 117.64778137207031, 117.88977813720703, 155.92626953125, 23.76972770690918, 125.20782470703125, 30.364452362060547, 33.105892181396484, 42.63801193237305, 92.41753387451172, 111.51681518554688, 68.11754608154297, 45.17742919921875, 87.66413116455078, 57.314918518066406, 55.145263671875, 115.67626953125, 89.26925659179688, 118.86967468261719, 83.00602722167969, 31.95309066772461, 61.032779693603516, 84.31488800048828, 113.71894836425781, 45.35416030883789, 89.1852035522461, 85.86617279052734, 62.93647766113281, 51.0, 87.20664978027344, 89.14033508300781, 101.2422866821289, 37.64305877685547], [192.75372314453125, 43.90899658203125, 156.08010864257812, 30.4138126373291, 52.49761962890625, 128.015625, 67.20863342285156, 181.66452026367188, 74.6860122680664, 0.0, 127.4754867553711, 12.369317054748535, 9.433980941772461, 65.11528015136719, 178.6197052001953, 34.48188018798828, 51.35172653198242, 118.1397476196289, 42.296573638916016, 121.84005737304688, 16.278820037841797, 106.8503646850586, 38.587562561035156, 213.60009765625, 133.36416625976562, 211.76638793945312, 166.09033203125, 140.5453643798828, 183.44754028320312, 186.69761657714844, 165.77394104003906, 61.814239501953125, 194.51734924316406, 44.94440841674805, 107.78682708740234, 34.525352478027344, 25.942243576049805, 96.84007263183594, 29.017236709594727, 43.046485900878906, 129.07749938964844, 126.90547943115234, 113.0707778930664, 128.00390625, 156.04165649414062, 190.5360870361328, 134.95184326171875, 106.51290893554688, 117.01708984375, 14.317821502685547, 138.6001434326172, 31.827661514282227, 144.49913024902344, 19.416488647460938, 52.46903991699219, 91.78779602050781, 135.1480712890625, 94.02127075195312, 153.58384704589844, 56.080299377441406], [75.1531753540039, 93.39164733886719, 28.792360305786133, 140.2462158203125, 76.27581787109375, 134.1118927001953, 65.30696868896484, 56.63920974731445, 80.39900207519531, 127.4754867553711, 0.0, 136.97079467773438, 135.6945037841797, 66.70832061767578, 51.312767028808594, 93.81364440917969, 107.29864501953125, 98.73702239990234, 119.2182846069336, 25.317977905273438, 143.26548767089844, 65.3681869506836, 96.5660400390625, 90.13877868652344, 38.470767974853516, 102.88343048095703, 65.6048812866211, 78.23681640625, 67.41661834716797, 76.90253448486328, 91.26335144042969, 103.01941680908203, 84.64632415771484, 91.4439697265625, 76.15773010253906, 109.88175201416016, 130.0961151123047, 88.29496002197266, 103.2279052734375, 84.5280990600586, 10.816654205322266, 107.80074310302734, 27.73084831237793, 59.90826416015625, 135.0592498779297, 89.27485656738281, 149.21795654296875, 78.77182006835938, 128.7982940673828, 141.32586669921875, 44.94440841674805, 97.86214447021484, 151.16217041015625, 126.6056900024414, 80.15609741210938, 129.031005859375, 155.7080535888672, 60.083274841308594, 163.9329071044922, 116.03878784179688], [200.06248474121094, 48.79549026489258, 165.71058654785156, 20.59126091003418, 63.348243713378906, 125.39936065673828, 74.63243103027344, 190.19200134277344, 78.23681640625, 12.369317054748535, 136.97079467773438, 0.0, 13.03840446472168, 72.67048645019531, 187.8297119140625, 45.54119110107422, 51.26402282714844, 119.03781127929688, 39.623226165771484, 132.6725311279297, 14.0, 111.21150970458984, 43.863426208496094, 221.61679077148438, 144.68240356445312, 217.79348754882812, 177.72169494628906, 144.2220458984375, 190.688232421875, 193.19679260253906, 178.016845703125, 62.032249450683594, 200.89797973632812, 50.20956039428711, 110.98197937011719, 35.84689712524414, 35.38361358642578, 109.20164489746094, 41.19466018676758, 52.55473327636719, 139.1761474609375, 127.12985229492188, 120.92973327636719, 140.0142822265625, 154.93223571777344, 196.08416748046875, 131.06105041503906, 109.41663360595703, 114.43775939941406, 6.324555397033691, 150.08331298828125, 39.4461669921875, 141.0, 29.832868576049805, 64.1248779296875, 88.0, 130.55267333984375, 106.00471496582031, 149.33518981933594, 53.75872039794922], [201.8043670654297, 53.33854293823242, 164.17672729492188, 33.61547088623047, 60.008331298828125, 136.0330810546875, 76.3675308227539, 190.30764770507812, 84.07734680175781, 9.433980941772461, 135.6945037841797, 13.03840446472168, 0.0, 74.24958038330078, 186.93849182128906, 42.04759216308594, 60.01666259765625, 127.20063018798828, 50.0, 129.02713012695312, 7.6157732009887695, 116.28413391113281, 48.02082824707031, 222.4230194091797, 139.9464111328125, 221.07012939453125, 172.13076782226562, 149.96665954589844, 192.52012634277344, 195.9311065673828, 170.18812561035156, 70.61161041259766, 203.76947021484375, 54.37830352783203, 117.17081451416016, 43.416587829589844, 22.671567916870117, 99.82484436035156, 34.71310806274414, 51.61395263671875, 136.8941192626953, 135.8234100341797, 122.02458953857422, 133.30416870117188, 164.6147003173828, 199.90248107910156, 142.4254150390625, 115.87062072753906, 125.03599548339844, 10.29563045501709, 144.93101501464844, 41.1096076965332, 152.16110229492188, 17.8885440826416, 58.94064712524414, 99.2471694946289, 142.27438354492188, 99.50376892089844, 160.9005889892578, 64.03124237060547], [127.66361999511719, 26.68332862854004, 95.33625030517578, 73.68174743652344, 28.07133674621582, 97.75479888916016, 2.2360680103302, 117.72000885009766, 27.459060668945312, 65.11528015136719, 66.70832061767578, 72.67048645019531, 74.24958038330078, 0.0, 116.24542999267578, 37.161808013916016, 42.57933807373047, 72.03471374511719, 53.037723541259766, 69.72087097167969, 81.39410400390625, 47.67599105834961, 30.08321762084961, 148.94630432128906, 85.14693450927734, 147.1223907470703, 119.64112854003906, 81.4923324584961, 118.34272003173828, 121.75385284423828, 131.48764038085938, 41.62931823730469, 129.63409423828125, 24.73863410949707, 53.00943374633789, 43.17406463623047, 76.05918884277344, 84.05950164794922, 48.84669876098633, 24.59674835205078, 71.25306701660156, 82.71033477783203, 48.25971221923828, 90.82400512695312, 114.98260498046875, 126.49110412597656, 110.43550109863281, 53.15073013305664, 88.48163604736328, 77.801025390625, 91.92388153076172, 33.42155075073242, 116.6190414428711, 70.49113464355469, 37.2155876159668, 76.216796875, 114.4770736694336, 62.28964614868164, 128.70120239257812, 52.39274597167969], [41.48493576049805, 142.67796325683594, 24.083189010620117, 189.842041015625, 127.58134460449219, 163.2329559326172, 114.58621215820312, 14.866068840026855, 124.61540985107422, 178.6197052001953, 51.312767028808594, 187.8297119140625, 186.93849182128906, 116.24542999267578, 0.0, 145.11375427246094, 154.259521484375, 127.88275909423828, 167.1705780029297, 65.802734375, 194.4942169189453, 100.07997131347656, 146.32839965820312, 43.65776062011719, 66.85057830810547, 72.56720733642578, 68.59300231933594, 95.07891082763672, 39.824615478515625, 53.712196350097656, 103.3924560546875, 148.2969970703125, 58.30952072143555, 140.80128479003906, 109.45775604248047, 159.08802795410156, 181.20706176757812, 130.249755859375, 154.50889587402344, 135.59498596191406, 52.32590103149414, 134.2013397216797, 69.85699462890625, 90.44335174560547, 153.8440704345703, 70.8307876586914, 178.30592346191406, 112.44554138183594, 160.82289123535156, 192.3538360595703, 68.680419921875, 148.49916076660156, 177.40631103515625, 177.8594970703125, 131.2097625732422, 168.047607421875, 185.78482055664062, 105.20931243896484, 189.4967041015625, 161.9938201904297], [161.96604919433594, 30.08321762084961, 122.1883773803711, 56.08921432495117, 18.027755737304688, 123.0812759399414, 39.39543151855469, 149.013427734375, 57.0, 34.48188018798828, 93.81364440917969, 45.54119110107422, 42.04759216308594, 37.161808013916016, 145.11375427246094, 0.0, 49.09175109863281, 104.01922607421875, 49.67897033691406, 87.36132049560547, 49.658836364746094, 84.20214080810547, 26.419689178466797, 181.5709228515625, 99.14131164550781, 183.21571350097656, 132.30645751953125, 118.2962417602539, 152.83978271484375, 157.43252563476562, 134.53623962402344, 55.94640350341797, 165.4146270751953, 29.4108829498291, 88.1192398071289, 36.12478256225586, 39.11521530151367, 70.49113464355469, 11.704699516296387, 12.649110794067383, 94.84724426269531, 114.15778350830078, 82.134033203125, 95.42536163330078, 145.7738037109375, 163.13491821289062, 133.33041381835938, 87.69264221191406, 112.57886505126953, 48.764739990234375, 104.58011627197266, 17.029386520385742, 141.3541717529297, 34.058773040771484, 19.235383987426758, 92.66067504882812, 135.5654754638672, 61.52235412597656, 152.2793426513672, 58.41232681274414], [158.4203338623047, 20.615528106689453, 135.20355224609375, 41.03656768798828, 56.22277069091797, 77.41446685791016, 43.28972244262695, 153.3786163330078, 31.38471031188965, 51.35172653198242, 107.29864501953125, 51.26402282714844, 60.01666259765625, 42.57933807373047, 154.259521484375, 49.09175109863281, 0.0, 67.779052734375, 14.21267032623291, 112.29425811767578, 64.56005096435547, 64.03124237060547, 22.803508758544922, 182.0823974609375, 127.67536926269531, 172.2614288330078, 162.1881561279297, 95.01578521728516, 149.00335693359375, 149.21461486816406, 172.53985595703125, 10.770329475402832, 156.4736328125, 22.203603744506836, 61.61980056762695, 17.0, 74.24284362792969, 116.84605407714844, 56.859474182128906, 42.44997024536133, 113.00442504882812, 75.96051788330078, 84.40379333496094, 131.84840393066406, 104.69001770019531, 149.68299865722656, 85.86617279052734, 59.66573715209961, 66.48307800292969, 57.584720611572266, 134.39122009277344, 32.24903106689453, 94.72592163085938, 67.18630981445312, 63.65532302856445, 43.863426208496094, 87.31552124023438, 100.7223892211914, 104.8093490600586, 10.29563045501709], [114.73883056640625, 76.53103637695312, 117.9237060546875, 107.04204559326172, 99.82484436035156, 35.84689712524414, 70.3420181274414, 120.70211029052734, 47.04253387451172, 118.1397476196289, 98.73702239990234, 119.03781127929688, 127.20063018798828, 72.03471374511719, 127.88275909423828, 104.01922607421875, 67.779052734375, 0.0, 80.49844360351562, 117.45637512207031, 132.1892547607422, 33.970577239990234, 81.74349975585938, 140.69825744628906, 133.8693389892578, 118.47362518310547, 164.25894165039062, 38.07886505126953, 106.30146026611328, 101.0, 186.69761657714844, 57.00876998901367, 106.48004150390625, 76.32168579101562, 23.34523582458496, 83.81526947021484, 138.31124877929688, 154.0292205810547, 115.01738739013672, 92.19544219970703, 108.811767578125, 10.770329475402832, 71.40028381347656, 148.9228057861328, 43.011627197265625, 95.2732925415039, 51.078372955322266, 21.40093421936035, 33.13608169555664, 125.3554916381836, 141.01419067382812, 91.4439697265625, 52.430908203125, 131.5294647216797, 109.04127502441406, 48.764739990234375, 58.18934631347656, 128.50291442871094, 65.21502685546875, 67.23094177246094], [172.40939331054688, 27.294687271118164, 147.49237060546875, 27.018512725830078, 60.835845947265625, 86.05230712890625, 54.147945404052734, 166.78428649902344, 45.486263275146484, 42.296573638916016, 119.2182846069336, 39.623226165771484, 50.0, 53.037723541259766, 167.1705780029297, 49.67897033691406, 14.21267032623291, 80.49844360351562, 0.0, 122.26201629638672, 53.46026611328125, 78.24320983886719, 26.570659637451172, 195.88772583007812, 137.05838012695312, 186.47251892089844, 171.548828125, 109.04127502441406, 162.9846649169922, 163.36769104003906, 179.621826171875, 24.20743751525879, 170.6516876220703, 29.27456283569336, 75.69015502929688, 13.601470947265625, 67.18630981445312, 119.85408020019531, 54.81787872314453, 46.51881408691406, 124.25779724121094, 88.0227279663086, 97.41663360595703, 139.1761474609375, 115.31695556640625, 163.8932647705078, 92.6552734375, 73.66138458251953, 75.05997467041016, 45.89117431640625, 143.54441833496094, 33.0151481628418, 102.23991394042969, 60.16643524169922, 66.8879623413086, 49.497474670410156, 92.96235656738281, 106.77546691894531, 111.3058853149414, 14.142135620117188], [97.1236343383789, 95.08417510986328, 41.88078308105469, 139.60658264160156, 69.37578582763672, 151.64761352539062, 69.05070495605469, 75.13321685791016, 90.2496566772461, 121.84005737304688, 25.317977905273438, 132.6725311279297, 129.02713012695312, 69.72087097167969, 65.802734375, 87.36132049560547, 112.29425811767578, 117.45637512207031, 122.26201629638672, 0.0, 136.62356567382812, 83.48652648925781, 97.00515747070312, 108.4066390991211, 16.6433162689209, 126.30122375488281, 50.28916549682617, 101.59724426269531, 90.24411010742188, 100.84146118164062, 69.3108901977539, 110.35397338867188, 108.34204864501953, 93.08598327636719, 94.17536926269531, 111.0, 119.47384643554688, 65.55150604248047, 94.70480346679688, 80.8949966430664, 16.124515533447266, 127.27922058105469, 47.01063537597656, 34.78505325317383, 156.33937072753906, 114.03946685791016, 166.40011596679688, 96.42613983154297, 145.086181640625, 136.12493896484375, 23.853721618652344, 95.63471984863281, 169.53170776367188, 117.20068359375, 70.38465881347656, 141.0319061279297, 172.28465270996094, 39.408119201660156, 182.3321075439453, 122.0], [209.02870178222656, 59.64059066772461, 171.7672882080078, 33.52610778808594, 67.62396240234375, 139.3592529296875, 83.48652648925781, 197.7700653076172, 90.04998779296875, 16.278820037841797, 143.26548767089844, 14.0, 7.6157732009887695, 81.39410400390625, 194.4942169189453, 49.658836364746094, 64.56005096435547, 132.1892547607422, 53.46026611328125, 136.62356567382812, 0.0, 122.5887451171875, 54.4058837890625, 229.80426025390625, 147.46185302734375, 227.96929931640625, 179.5243682861328, 156.0640869140625, 199.7248077392578, 202.9507293701172, 177.0706024169922, 75.28611755371094, 210.76052856445312, 60.80295944213867, 123.06502532958984, 48.46648406982422, 26.832815170288086, 106.21205139160156, 42.20189666748047, 59.07622146606445, 144.5060577392578, 140.5204620361328, 129.32130432128906, 140.5133514404297, 168.68905639648438, 206.65188598632812, 145.05516052246094, 121.6552505493164, 128.39002990722656, 8.246211051940918, 152.3975067138672, 48.08325958251953, 155.0, 23.53720474243164, 66.48307800292969, 102.0, 144.49913024902344, 106.79419708251953, 163.30645751953125, 67.60177612304688], [96.00521087646484, 62.96824645996094, 86.83317565917969, 104.80458068847656, 75.23961639404297, 68.79679870605469, 45.54119110107422, 95.52486419677734, 33.241539001464844, 106.8503646850586, 65.3681869506836, 111.21150970458984, 116.28413391113281, 47.67599105834961, 100.07997131347656, 84.20214080810547, 64.03124237060547, 33.970577239990234, 78.24320983886719, 83.48652648925781, 122.5887451171875, 0.0, 68.26419067382812, 120.80562591552734, 99.90495300292969, 108.23123168945312, 130.63307189941406, 34.1760139465332, 86.72946166992188, 85.58621215820312, 152.74160766601562, 54.918121337890625, 92.6498794555664, 61.91122817993164, 10.816654205322266, 75.82215881347656, 122.19656372070312, 123.66487121582031, 95.88013458251953, 71.56814575195312, 75.1664810180664, 43.931766510009766, 37.735923767089844, 115.25623321533203, 74.4311752319336, 85.70297241210938, 83.86298370361328, 13.416407585144043, 63.56099319458008, 117.20068359375, 107.05606079101562, 76.02631378173828, 86.21485137939453, 116.07756042480469, 84.09518432617188, 68.0, 90.3548583984375, 96.7729263305664, 99.02020263671875, 68.60028839111328], [156.40013122558594, 5.385164737701416, 125.28367614746094, 43.680660247802734, 34.48188018798828, 97.51409912109375, 31.78049659729004, 147.59742736816406, 36.400550842285156, 38.587562561035156, 96.5660400390625, 43.863426208496094, 48.02082824707031, 30.08321762084961, 146.32839965820312, 26.419689178466797, 22.803508758544922, 81.74349975585938, 26.570659637451172, 97.00515747070312, 54.4058837890625, 68.26419067382812, 0.0, 178.3984375, 111.28791809082031, 173.9712677001953, 145.67430114746094, 102.0, 147.00340270996094, 149.33518981933594, 153.0555419921875, 29.73213768005371, 157.0350341796875, 6.4031243324279785, 69.46221923828125, 14.03566837310791, 56.56854248046875, 94.4933853149414, 35.1710090637207, 20.248456954956055, 100.44898986816406, 91.26883697509766, 77.89736938476562, 112.64102172851562, 122.01639556884766, 152.3975067138672, 107.22406768798828, 68.3520278930664, 86.83317565917969, 49.51767349243164, 117.61377716064453, 10.198039054870605, 115.52056121826172, 49.81967544555664, 41.231056213378906, 66.24198150634766, 109.25199890136719, 80.23091888427734, 126.19429779052734, 32.526912689208984], [26.019224166870117, 174.0718231201172, 66.64833068847656, 220.67623901367188, 164.8787384033203, 173.0, 146.99659729003906, 33.60059356689453, 150.88075256347656, 213.60009765625, 90.13877868652344, 221.61679077148438, 222.4230194091797, 148.94630432128906, 43.65776062011719, 181.5709228515625, 182.0823974609375, 140.69825744628906, 195.88772583007812, 108.4066390991211, 229.80426025390625, 120.80562591552734, 178.3984375, 0.0, 110.49434661865234, 42.42640686035156, 109.1650161743164, 103.12128448486328, 34.525352478027344, 41.43669891357422, 144.12493896484375, 174.38462829589844, 39.217342376708984, 172.3629913330078, 127.81627655029297, 189.8973388671875, 219.2760772705078, 173.5194549560547, 191.84629821777344, 170.85665893554688, 93.74433135986328, 144.0555419921875, 100.68763732910156, 134.08206176757812, 155.3640899658203, 54.7813835144043, 187.0962371826172, 130.72872924804688, 173.349365234375, 226.68479919433594, 112.27198791503906, 182.27999877929688, 183.6981201171875, 215.2579803466797, 169.71151733398438, 186.70297241210938, 195.0640869140625, 147.6651611328125, 194.4864959716797, 188.30825805664062], [102.956298828125, 109.77249145507812, 44.9110221862793, 153.05227661132812, 81.49846649169922, 168.2200927734375, 84.64632415771484, 78.58753204345703, 106.6208267211914, 133.36416625976562, 38.470767974853516, 144.68240356445312, 139.9464111328125, 85.14693450927734, 66.85057830810547, 99.14131164550781, 127.67536926269531, 133.8693389892578, 137.05838012695312, 16.6433162689209, 147.46185302734375, 99.90495300292969, 111.28791809082031, 110.49434661865234, 0.0, 133.3754119873047, 34.525352478027344, 116.50321960449219, 97.18538665771484, 109.00458526611328, 53.26349639892578, 126.24182891845703, 116.03878784179688, 107.78682708740234, 110.63453674316406, 125.32357788085938, 128.31600952148438, 64.40496826171875, 105.26158142089844, 94.04785919189453, 27.73084831237793, 143.58621215820312, 62.96824645996094, 24.1867733001709, 172.24691772460938, 123.49089050292969, 183.0027313232422, 112.92918395996094, 161.71888732910156, 147.6787109375, 7.211102485656738, 109.01834869384766, 186.03762817382812, 126.81088256835938, 81.02468872070312, 157.49603271484375, 188.9153289794922, 43.5660400390625, 198.84164428710938, 137.53907775878906], [31.256999969482422, 169.0, 89.005615234375, 212.92721557617188, 168.6564483642578, 146.11297607421875, 144.9413604736328, 57.87054443359375, 141.2267608642578, 211.76638793945312, 102.88343048095703, 217.79348754882812, 221.07012939453125, 147.1223907470703, 72.56720733642578, 183.21571350097656, 172.2614288330078, 118.47362518310547, 186.47251892089844, 126.30122375488281, 227.96929931640625, 108.23123168945312, 173.9712677001953, 42.42640686035156, 133.3754119873047, 0.0, 141.05673217773438, 80.95677947998047, 36.22154235839844, 26.4007568359375, 175.64736938476562, 163.00306701660156, 18.384777069091797, 167.5977325439453, 112.05802154541016, 183.30575561523438, 222.26560974121094, 191.1256103515625, 194.4864959716797, 171.2074737548828, 110.21796417236328, 118.9621810913086, 101.87246704101562, 157.53729248046875, 123.03658294677734, 23.25940704345703, 158.8238067626953, 114.58621215820312, 148.7615509033203, 223.48602294921875, 137.05838012695312, 179.9611053466797, 153.63919067382812, 217.2003631591797, 175.27691650390625, 167.02694702148438, 166.88319396972656, 162.92636108398438, 163.1103973388672, 176.46530151367188], [109.83624267578125, 144.2567138671875, 55.90169906616211, 187.0106964111328, 115.03912353515625, 199.42416381835938, 119.10079956054688, 83.18653869628906, 140.45640563964844, 166.09033203125, 65.6048812866211, 177.72169494628906, 172.13076782226562, 119.64112854003906, 68.59300231933594, 132.30645751953125, 162.1881561279297, 164.25894165039062, 171.548828125, 50.28916549682617, 179.5243682861328, 130.63307189941406, 145.67430114746094, 109.1650161743164, 34.525352478027344, 141.05673217773438, 0.0, 142.21463012695312, 106.73799896240234, 120.2081527709961, 35.0, 160.58953857421875, 125.87692260742188, 142.27438354492188, 141.4496307373047, 159.7059783935547, 158.66001892089844, 85.4400405883789, 137.4627227783203, 128.03515625, 55.4707145690918, 173.40415954589844, 92.9139404296875, 41.146080017089844, 200.2623291015625, 136.62356567382812, 214.44346618652344, 143.96180725097656, 193.63108825683594, 180.34689331054688, 28.07133674621582, 143.05593872070312, 216.688720703125, 157.9272003173828, 113.63538360595703, 191.08375549316406, 220.7192840576172, 73.00685119628906, 229.4733123779297, 172.02615356445312], [77.10382843017578, 96.64884948730469, 90.0, 136.02940368652344, 108.50345611572266, 70.1783447265625, 79.30951690673828, 85.86617279052734, 66.0378646850586, 140.5453643798828, 78.23681640625, 144.2220458984375, 149.96665954589844, 81.4923324584961, 95.07891082763672, 118.2962417602539, 95.01578521728516, 38.07886505126953, 109.04127502441406, 101.59724426269531, 156.0640869140625, 34.1760139465332, 102.0, 103.12128448486328, 116.50321960449219, 80.95677947998047, 142.21463012695312, 0.0, 69.00724792480469, 62.96824645996094, 169.499267578125, 84.89994049072266, 68.4105224609375, 95.7131118774414, 33.42155075073242, 108.46658325195312, 156.37135314941406, 152.06906127929688, 129.98846435546875, 105.6503677368164, 89.05054473876953, 41.01219177246094, 55.71355438232422, 135.95587158203125, 59.36328887939453, 57.697486877441406, 84.71717834472656, 35.38361358642578, 70.25667572021484, 150.3329620361328, 123.14625549316406, 110.07270050048828, 82.71033477783203, 150.233154296875, 117.09825134277344, 86.16263580322266, 92.54188537597656, 123.76187133789062, 94.5568618774414, 97.62171936035156], [9.433980941772461, 142.411376953125, 53.0848388671875, 188.36666870117188, 137.13131713867188, 139.1294403076172, 116.2755355834961, 25.238859176635742, 117.64778137207031, 183.44754028320312, 67.41661834716797, 190.688232421875, 192.52012634277344, 118.34272003173828, 39.824615478515625, 152.83978271484375, 149.00335693359375, 106.30146026611328, 162.9846649169922, 90.24411010742188, 199.7248077392578, 86.72946166992188, 147.00340270996094, 34.525352478027344, 97.18538665771484, 36.22154235839844, 106.73799896240234, 69.00724792480469, 0.0, 13.892443656921387, 140.8119354248047, 140.89002990722656, 19.235383987426758, 140.80128479003906, 93.40770721435547, 157.8131866455078, 191.44189453125, 155.36087036132812, 163.6856689453125, 141.42135620117188, 74.21590423583984, 110.01818084716797, 70.72481536865234, 121.3342514038086, 123.49089050292969, 31.064449310302734, 153.46986389160156, 96.3016128540039, 139.08990478515625, 196.0255126953125, 101.0, 151.7432098388672, 150.6154022216797, 186.8689422607422, 143.0034942626953, 152.190673828125, 161.37533569335938, 127.47156524658203, 161.80543518066406, 154.77725219726562], [16.552946090698242, 144.49913024902344, 65.76473236083984, 189.4016876220703, 142.56227111816406, 132.13629150390625, 119.60350799560547, 39.11521530151367, 117.88977813720703, 186.69761657714844, 76.90253448486328, 193.19679260253906, 195.9311065673828, 121.75385284423828, 53.712196350097656, 157.43252563476562, 149.21461486816406, 101.0, 163.36769104003906, 100.84146118164062, 202.9507293701172, 85.58621215820312, 149.33518981933594, 41.43669891357422, 109.00458526611328, 26.4007568359375, 120.2081527709961, 62.96824645996094, 13.892443656921387, 0.0, 154.0292205810547, 140.4599609375, 8.062257766723633, 143.01048278808594, 90.87353515625, 159.2984619140625, 196.4001007080078, 165.1968536376953, 168.60011291503906, 145.57815551757812, 84.71717834472656, 103.48429870605469, 75.7165756225586, 133.01502990722656, 113.95174407958984, 17.20465087890625, 146.0, 93.62158203125, 133.09019470214844, 198.75865173339844, 113.21660614013672, 154.87091064453125, 142.3516845703125, 191.4706268310547, 149.04026794433594, 148.36778259277344, 154.0032501220703, 136.821044921875, 153.06207275390625, 154.18495178222656], [144.39183044433594, 152.85614013671875, 88.60022735595703, 190.6252899169922, 119.36917877197266, 220.51077270507812, 131.5294647216797, 117.83463287353516, 155.92626953125, 165.77394104003906, 91.26335144042969, 178.016845703125, 170.18812561035156, 131.48764038085938, 103.3924560546875, 134.53623962402344, 172.53985595703125, 186.69761657714844, 179.621826171875, 69.3108901977539, 177.0706024169922, 152.74160766601562, 153.0555419921875, 144.12493896484375, 53.26349639892578, 175.64736938476562, 35.0, 169.499267578125, 140.8119354248047, 154.0292205810547, 0.0, 173.07223510742188, 160.03125, 150.98675537109375, 163.3799285888672, 166.67633056640625, 153.16004943847656, 72.83543395996094, 136.82470703125, 133.5215301513672, 80.44873809814453, 196.5807647705078, 116.18089294433594, 40.71854782104492, 225.49945068359375, 170.06175231933594, 235.0765838623047, 165.55966186523438, 213.49005126953125, 179.47145080566406, 46.40043258666992, 148.22280883789062, 238.59799194335938, 154.0, 115.31695556640625, 206.82843017578125, 240.66989135742188, 73.24616241455078, 251.38217163085938, 182.77854919433594], [150.26976013183594, 25.942243576049805, 130.2459259033203, 51.22499465942383, 60.20797348022461, 68.06614685058594, 41.78516387939453, 146.56398010253906, 23.76972770690918, 61.814239501953125, 103.01941680908203, 62.032249450683594, 70.61161041259766, 41.62931823730469, 148.2969970703125, 55.94640350341797, 10.770329475402832, 57.00876998901367, 24.20743751525879, 110.35397338867188, 75.28611755371094, 54.918121337890625, 29.73213768005371, 174.38462829589844, 126.24182891845703, 163.00306701660156, 160.58953857421875, 84.89994049072266, 140.89002990722656, 140.4599609375, 173.07223510742188, 0.0, 147.5669403076172, 26.925823211669922, 51.62363815307617, 27.294687271118164, 84.0238037109375, 120.96693420410156, 64.8459701538086, 47.434165954589844, 109.55364227294922, 65.25334930419922, 78.63841247558594, 132.3782501220703, 94.33981323242188, 140.2462158203125, 77.49193572998047, 49.51767349243164, 57.27128601074219, 68.3520278930664, 133.15028381347656, 39.84971618652344, 85.86617279052734, 77.0064926147461, 68.4105224609375, 37.202152252197266, 79.62411499023438, 102.64988708496094, 96.4624252319336, 13.928388595581055], [17.804492950439453, 152.16110229492188, 72.24956512451172, 196.81463623046875, 150.6021270751953, 136.61990356445312, 127.4754867553711, 43.46262741088867, 125.20782470703125, 194.51734924316406, 84.64632415771484, 200.89797973632812, 203.76947021484375, 129.63409423828125, 58.30952072143555, 165.4146270751953, 156.4736328125, 106.48004150390625, 170.6516876220703, 108.34204864501953, 210.76052856445312, 92.6498794555664, 157.0350341796875, 39.217342376708984, 116.03878784179688, 18.384777069091797, 125.87692260742188, 68.4105224609375, 19.235383987426758, 8.062257766723633, 160.03125, 147.5669403076172, 0.0, 150.69505310058594, 97.49359130859375, 166.83224487304688, 204.4015655517578, 172.9306182861328, 176.6040802001953, 153.52523803710938, 92.22798156738281, 108.34204864501953, 83.76156616210938, 140.12850952148438, 116.8417739868164, 15.65247631072998, 150.16323852539062, 100.17984008789062, 138.10140991210938, 206.4945526123047, 120.03749084472656, 162.6898956298828, 146.03082275390625, 199.44422912597656, 157.09869384765625, 154.3243408203125, 158.20240783691406, 144.64093017578125, 156.38734436035156, 161.22654724121094], [150.20652770996094, 2.0, 120.07081604003906, 49.04079818725586, 34.058773040771484, 93.68030548095703, 26.248809814453125, 141.7674102783203, 30.364452362060547, 44.94440841674805, 91.4439697265625, 50.20956039428711, 54.37830352783203, 24.73863410949707, 140.80128479003906, 29.4108829498291, 22.203603744506836, 76.32168579101562, 29.27456283569336, 93.08598327636719, 60.80295944213867, 61.91122817993164, 6.4031243324279785, 172.3629913330078, 107.78682708740234, 167.5977325439453, 142.27438354492188, 95.7131118774414, 140.80128479003906, 143.01048278808594, 150.98675537109375, 26.925823211669922, 150.69505310058594, 0.0, 63.324562072753906, 18.439088821411133, 62.169124603271484, 94.79451751708984, 39.31920623779297, 20.615528106689453, 95.75489807128906, 86.05230712890625, 72.00694274902344, 110.38568878173828, 117.15374755859375, 146.0, 104.0, 62.297672271728516, 83.16850280761719, 55.90169906616211, 114.2716064453125, 15.132745742797852, 111.94641876220703, 55.54277801513672, 41.773197174072266, 64.07027435302734, 106.43777465820312, 78.71467590332031, 122.93087768554688, 32.4499626159668], [102.48902130126953, 64.07807922363281, 97.1236343383789, 102.64988708496094, 81.05553436279297, 57.982757568359375, 51.03919982910156, 104.07689666748047, 33.105892181396484, 107.78682708740234, 76.15773010253906, 110.98197937011719, 117.17081451416016, 53.00943374633789, 109.45775604248047, 88.1192398071289, 61.61980056762695, 23.34523582458496, 75.69015502929688, 94.17536926269531, 123.06502532958984, 10.816654205322266, 69.46221923828125, 127.81627655029297, 110.63453674316406, 112.05802154541016, 141.4496307373047, 33.42155075073242, 93.40770721435547, 90.87353515625, 163.3799285888672, 51.62363815307617, 97.49359130859375, 63.324562072753906, 0.0, 75.1664810180664, 125.0, 132.25732421875, 99.63935089111328, 75.66372680664062, 85.98255920410156, 33.60059356689453, 48.54894256591797, 125.60652923583984, 64.8459701538086, 89.05054473876953, 73.06161499023438, 3.0, 52.92447280883789, 117.13667297363281, 117.79643249511719, 78.10890197753906, 75.43209075927734, 118.59595489501953, 90.13877868652344, 59.304298400878906, 79.60527801513672, 105.99056243896484, 88.23831176757812, 64.66065216064453], [167.24234008789062, 16.492422103881836, 138.4954833984375, 30.870698928833008, 47.53945541381836, 94.33981323242188, 44.643028259277344, 159.73101806640625, 42.63801193237305, 34.525352478027344, 109.88175201416016, 35.84689712524414, 43.416587829589844, 43.17406463623047, 159.08802795410156, 36.12478256225586, 17.0, 83.81526947021484, 13.601470947265625, 111.0, 48.46648406982422, 75.82215881347656, 14.035668373107