{"name": "LZB_n30_11", "n": 30, "m": 9, "times": [[0.0, 182.06866455078125, 137.0, 5.0, 168.07736206054688, 152.74160766601562, 99.74467468261719, 168.24090576171875, 128.00390625, 161.69725036621094, 58.0, 179.71365356445312, 100.60317993164062, 31.016124725341797, 101.212646484375, 178.3704071044922, 95.75489807128906, 100.62306213378906, 196.02296447753906, 77.49193572998047, 170.42300415039062, 197.20294189453125, 105.9292221069336, 103.96633911132812, 168.15469360351562, 169.19810485839844, 164.01524353027344, 142.28492736816406, 171.45262145996094, 146.21900939941406, 82.2982406616211, 127.4754867553711, 188.95767211914062, 161.24514770507812, 193.4373321533203, 183.84776306152344, 191.59593200683594, 31.016124725341797, 44.40720748901367, 96.87621307373047, 160.0999755859375, 139.81773376464844, 173.0, 228.6744384765625, 153.2873077392578, 125.39936065673828, 129.2826385498047, 148.0, 95.18928527832031, 114.73883056640625, 16.492422103881836, 232.03878784179688, 150.6154022216797, 118.00423431396484, 160.2529296875, 51.61395263671875, 214.4621124267578, 177.80044555664062, 157.25775146484375, 56.00892639160156], [182.06866455078125, 0.0, 137.2443084716797, 185.00270080566406, 190.23406982421875, 125.43125915527344, 162.92942810058594, 63.56099319458008, 144.36065673828125, 159.84054565429688, 146.74127197265625, 21.21320343017578, 83.54639434814453, 184.8377685546875, 116.84605407714844, 50.447994232177734, 87.28115844726562, 100.31948852539062, 118.1270523071289, 109.4897232055664, 13.892443656921387, 176.2838592529297, 195.5095977783203, 130.38404846191406, 77.87811279296875, 163.91766357421875, 114.61238861083984, 96.42613983154297, 48.46648406982422, 38.27531814575195, 113.88591003417969, 83.6002426147461, 198.64541625976562, 68.09552001953125, 110.85575866699219, 176.5021209716797, 73.33484649658203, 194.4864959716797, 138.43771362304688, 86.37129211425781, 210.04046630859375, 94.84724426269531, 10.29563045501709, 174.74839782714844, 45.27692413330078, 158.79547119140625, 169.33103942871094, 190.21304321289062, 110.57124328613281, 98.47842407226562, 179.23448181152344, 154.5477294921875, 125.80142974853516, 143.68020629882812, 232.27999877929688, 156.43849182128906, 133.09019470214844, 109.5627670288086, 157.80050659179688, 126.0634765625], [137.0, 137.2443084716797, 0.0, 135.94851684570312, 55.03635025024414, 21.095022201538086, 47.434165954589844, 79.92496490478516, 12.165525436401367, 30.01666259765625, 79.2022705078125, 151.40013122558594, 116.6190414428711, 115.74540710449219, 43.73785400390625, 96.5660400390625, 93.26306915283203, 60.0333251953125, 68.65857696533203, 83.18653869628906, 123.98789978027344, 63.24555206298828, 74.0, 34.0, 68.44705963134766, 37.2155876159668, 38.0, 41.1096076965332, 93.81364440917969, 127.0157470703125, 68.65857696533203, 56.82429122924805, 69.05070495605469, 72.67048645019531, 69.46221923828125, 53.33854293823242, 91.0933609008789, 124.80785369873047, 119.40267944335938, 92.34716796875, 72.83543395996094, 42.42640686035156, 135.09255981445312, 91.67878723144531, 92.09777069091797, 26.305892944335938, 35.11410140991211, 53.15073013305664, 55.44366455078125, 48.27007293701172, 147.29901123046875, 97.34988403320312, 19.02629852294922, 20.59126091003418, 96.26006317138672, 85.6329345703125, 83.38465118408203, 54.037025451660156, 26.019224166870117, 108.811767578125], [5.0, 185.00270080566406, 135.94851684570312, 0.0, 165.60494995117188, 152.16110229492188, 97.52947998046875, 169.5936279296875, 126.65702056884766, 160.07810974121094, 57.384666442871094, 183.09559631347656, 104.08650207519531, 27.073972702026367, 101.25709533691406, 180.08053588867188, 98.32598876953125, 101.63660430908203, 196.0102081298828, 79.30951690673828, 173.18487548828125, 195.5556182861328, 102.42070007324219, 103.27632904052734, 169.0946502685547, 167.53805541992188, 163.8352813720703, 142.6884765625, 173.21951293945312, 149.48243713378906, 83.25863647460938, 128.5496063232422, 186.55294799804688, 162.4838409423828, 193.60009765625, 182.00274658203125, 192.769287109375, 26.248809814453125, 48.05205535888672, 99.40824890136719, 156.92355346679688, 140.2925567626953, 176.0454559326172, 227.56317138671875, 155.3319091796875, 123.49089050292969, 127.0157470703125, 145.24806213378906, 95.77056121826172, 115.41230773925781, 21.189620971679688, 231.5361785888672, 150.01333618164062, 116.66190338134766, 156.4608612060547, 50.32891845703125, 214.273193359375, 177.8594970703125, 155.65667724609375, 59.07622146606445], [168.07736206054688, 190.23406982421875, 55.03635025024414, 165.60494995117188, 0.0, 65.11528015136719, 68.62215423583984, 129.4024658203125, 53.15073013305664, 31.240999221801758, 115.73245239257812, 205.51641845703125, 169.64964294433594, 140.47064208984375, 94.20191192626953, 145.6914520263672, 146.11297607421875, 112.80514526367188, 96.5660400390625, 132.30645751953125, 177.4091339111328, 44.14748001098633, 71.4212875366211, 80.3056640625, 116.04309844970703, 29.96664810180664, 78.8733139038086, 94.04785919189453, 144.31216430664062, 182.0164794921875, 117.27318572998047, 111.80339813232422, 21.095022201538086, 123.16655731201172, 101.13357543945312, 29.154760360717773, 134.27210998535156, 147.14617919921875, 162.36378479003906, 145.34442138671875, 29.017236709594727, 95.96353149414062, 188.9153289794922, 83.6779556274414, 145.6605682373047, 46.097721099853516, 39.293766021728516, 22.671567916870117, 106.21205139160156, 102.78618621826172, 181.5543975830078, 104.07689666748047, 64.53681182861328, 60.20797348022461, 56.22277069091797, 118.2962417602539, 101.60708618164062, 90.73587799072266, 32.557640075683594, 154.26275634765625], [152.74160766601562, 125.43125915527344, 21.095022201538086, 152.16110229492188, 65.11528015136719, 0.0, 68.15423583984375, 64.38167572021484, 33.241539001464844, 34.4093017578125, 94.79451751708984, 141.5238494873047, 118.34272003173828, 133.70115661621094, 53.5350341796875, 80.80841827392578, 96.02603912353516, 64.8459701538086, 47.801673889160156, 91.0, 112.89818572998047, 58.00862121582031, 95.02104949951172, 48.91830062866211, 51.400390625, 38.910152435302734, 17.11724281311035, 30.675724029541016, 79.20858764648438, 120.80562591552734, 77.82672882080078, 52.345008850097656, 73.79024505615234, 58.051700592041016, 48.3735466003418, 53.16013717651367, 72.09021759033203, 143.12232971191406, 130.3610382080078, 94.8946762084961, 87.92041778564453, 33.241539001464844, 124.6795883178711, 78.29431915283203, 81.4923324584961, 47.04253387451172, 54.918121337890625, 69.35416412353516, 63.50590515136719, 50.0099983215332, 161.72198486328125, 79.39773559570312, 2.2360680103302, 40.804412841796875, 113.17684936523438, 102.303466796875, 63.52952194213867, 33.0, 32.557640075683594, 118.51160430908203], [99.74467468261719, 162.92942810058594, 47.434165954589844, 97.52947998046875, 68.62215423583984, 68.15423583984375, 0.0, 116.18089294433594, 35.46829605102539, 64.35060119628906, 48.093658447265625, 172.42970275878906, 115.97413635253906, 73.60027313232422, 46.40043258666992, 132.0037841796875, 93.74433135986328, 65.0691909790039, 115.9482650756836, 73.82411193847656, 149.04026794433594, 99.2471694946289, 32.649654388427734, 32.649654388427734, 107.91200256347656, 71.44927978515625, 84.34452819824219, 76.94153594970703, 127.440185546875, 142.17242431640625, 60.0333251953125, 80.05622863769531, 89.31964874267578, 108.17115783691406, 116.29703521728516, 85.0, 132.54432678222656, 81.46778869628906, 96.00521087646484, 93.4772720336914, 66.37017059326172, 76.48529052734375, 158.11387634277344, 134.18270874023438, 118.9621810913086, 26.870058059692383, 29.546573638916016, 50.2493782043457, 55.17245864868164, 64.49806213378906, 112.94689178466797, 143.6558380126953, 65.96968841552734, 27.459060668945312, 77.82030487060547, 49.72926712036133, 130.74020385742188, 100.44898986816406, 60.14149856567383, 89.94442749023438], [168.24090576171875, 63.56099319458008, 79.92496490478516, 169.5936279296875, 129.4024658203125, 64.38167572021484, 116.18089294433594, 0.0, 89.44271850585938, 98.35140991210938, 117.88553619384766, 82.2800064086914, 92.80086517333984, 160.22796630859375, 76.00657653808594, 16.6433162689209, 79.5110092163086, 68.4105224609375, 57.00876998901367, 91.23595428466797, 52.88667297363281, 112.72976684570312, 148.0810546875, 84.85281372070312, 14.317821502685547, 101.67103576660156, 51.61395263671875, 39.924930572509766, 15.264337539672852, 71.70076751708984, 86.68333435058594, 41.773197174072266, 136.01470947265625, 8.062257766723633, 50.0099983215332, 113.44161224365234, 24.20743751525879, 170.42593383789062, 131.54847717285156, 78.10249328613281, 151.8189697265625, 39.84971618652344, 65.25334930419922, 113.44161224365234, 27.892650604248047, 104.65180206298828, 114.52947235107422, 132.63861083984375, 76.11833190917969, 57.21887969970703, 171.30381774902344, 96.87621307373047, 65.19202423095703, 91.76055908203125, 176.11927795410156, 127.7380142211914, 74.5452880859375, 46.173583984375, 96.87621307373047, 117.66053009033203], [128.00390625, 144.36065673828125, 12.165525436401367, 126.65702056884766, 53.15073013305664, 33.241539001464844, 35.46829605102539, 89.44271850585938, 0.0, 34.539833068847656, 70.8307876586914, 157.38487243652344, 116.4989242553711, 105.418212890625, 41.19466018676758, 106.00471496582031, 92.96235656738281, 59.66573715209961, 80.80841827392578, 80.02499389648438, 130.8319549560547, 69.77105712890625, 62.032249450683594, 28.284271240234375, 78.77182006835938, 42.154476165771484, 50.03998565673828, 49.73931884765625, 102.72779846191406, 131.2288055419922, 65.0691909790039, 61.84658432006836, 70.0, 81.88406372070312, 81.61495208740234, 57.87054443359375, 102.1077880859375, 114.21470642089844, 113.60017395019531, 92.19544219970703, 66.40029907226562, 50.477718353271484, 141.4849853515625, 101.13851928710938, 99.08582305908203, 15.231546401977539, 25.238859176635742, 46.40043258666992, 53.23532485961914, 50.537113189697266, 139.0863037109375, 108.5587387084961, 31.14482307434082, 10.0, 87.96590423583984, 76.40026092529297, 95.2732925415039, 66.12110137939453, 30.08321762084961, 103.94229125976562], [161.69725036621094, 159.84054565429688, 30.01666259765625, 160.07810974121094, 31.240999221801758, 34.4093017578125, 64.35060119628906, 98.35140991210938, 34.539833068847656, 0.0, 105.11898040771484, 175.78680419921875, 146.41380310058594, 137.5354461669922, 73.55270385742188, 114.55130004882812, 123.14625549316406, 90.00555419921875, 67.6830825805664, 113.0, 147.27525329589844, 35.510562896728516, 80.77747344970703, 62.361846923828125, 84.8646011352539, 7.6157732009887695, 47.6340217590332, 64.41273498535156, 113.35784149169922, 153.94154357910156, 98.31072998046875, 84.11896514892578, 40.16217041015625, 92.31468200683594, 71.47027587890625, 23.53720474243164, 103.17460632324219, 145.72576904296875, 148.0067596435547, 122.20065307617188, 57.00876998901367, 66.64083099365234, 159.0, 70.21395874023438, 115.76268768310547, 37.48332977294922, 38.470767974853516, 41.30375289916992, 85.37564086914062, 77.64663696289062, 173.28012084960938, 83.52245330810547, 34.13209533691406, 44.283180236816406, 83.81526947021484, 110.13627624511719, 76.02631378173828, 59.9416389465332, 4.4721360206604, 138.0036163330078], [58.0, 146.74127197265625, 79.2022705078125, 57.384666442871094, 115.73245239257812, 94.79451751708984, 48.093658447265625, 117.88553619384766, 70.8307876586914, 105.11898040771484, 0.0, 150.6154022216797, 80.05622863769531, 42.44997024536133, 44.72135925292969, 130.55267333984375, 62.64982223510742, 50.08992004394531, 138.9568328857422, 38.94868469238281, 133.41664123535156, 140.5453643798828, 68.15423583984375, 45.96738052368164, 115.13470458984375, 112.71202087402344, 106.60675048828125, 86.8158950805664, 124.25779724121094, 117.20068359375, 33.241539001464844, 76.11833190917969, 135.85653686523438, 110.21796417236328, 136.8575897216797, 127.95311737060547, 139.7175750732422, 52.63079071044922, 48.166378021240234, 63.06346130371094, 114.07015228271484, 84.69356536865234, 139.47401428222656, 170.85665893554688, 109.1650161743164, 70.51950073242188, 76.48529052734375, 98.32598876953125, 41.773197174072266, 61.13100814819336, 68.26419067382812, 174.1551055908203, 92.6552734375, 60.90156173706055, 122.00409698486328, 10.0, 157.00318908691406, 120.95040130615234, 100.64790344238281, 44.0113639831543], [179.71365356445312, 21.21320343017578, 151.40013122558594, 183.09559631347656, 205.51641845703125, 141.5238494873047, 172.42970275878906, 82.2800064086914, 157.38487243652344, 175.78680419921875, 150.6154022216797, 0.0, 79.15807342529297, 186.03494262695312, 126.03570556640625, 70.57620239257812, 88.54377746582031, 107.89810180664062, 138.10140991210938, 112.00892639160156, 29.4108829498291, 194.4273681640625, 204.61183166503906, 140.46351623535156, 96.4624252319336, 180.3690643310547, 132.09844970703125, 111.51681518554688, 67.6830825805664, 33.95585250854492, 118.9621810913086, 95.58765411376953, 215.24404907226562, 85.79627227783203, 130.86251831054688, 193.65174865722656, 94.08506774902344, 195.25624084472656, 135.36985778808594, 87.92041778564453, 223.68057250976562, 109.55364227294922, 17.0880069732666, 194.81529235839844, 60.0333251953125, 171.21331787109375, 181.8378448486328, 203.7081298828125, 118.1524429321289, 108.97705841064453, 175.0, 175.2854766845703, 141.6615753173828, 155.56991577148438, 244.6957244873047, 159.89059448242188, 153.63919067382812, 128.4445343017578, 173.41567993164062, 124.16924285888672], [100.60317993164062, 83.54639434814453, 116.6190414428711, 104.08650207519531, 169.64964294433594, 118.34272003173828, 115.97413635253906, 92.80086517333984, 116.4989242553711, 146.41380310058594, 80.05622863769531, 79.15807342529297, 0.0, 109.3846435546875, 75.69015502929688, 95.52486419677734, 23.53720474243164, 56.88584899902344, 142.0774383544922, 42.8018684387207, 73.68174743652344, 176.1817169189453, 144.4022216796875, 90.44335174560547, 100.34440612792969, 153.20901489257812, 118.87808990478516, 91.0054931640625, 88.41380310058594, 46.097721099853516, 55.94640350341797, 67.6830825805664, 185.55860900878906, 89.04492950439453, 136.4734344482422, 169.10647583007812, 116.38728332519531, 117.98728942871094, 56.22277069091797, 24.331050872802734, 178.843505859375, 87.86353302001953, 73.82411193847656, 192.5746612548828, 67.89698028564453, 125.87295532226562, 135.6797637939453, 159.70285034179688, 63.89052963256836, 69.00724792480469, 96.13011932373047, 183.46934509277344, 117.20921325683594, 110.16351318359375, 193.70596313476562, 87.80091094970703, 161.64466857910156, 125.25174713134766, 142.5938262939453, 45.607017517089844], [31.016124725341797, 184.8377685546875, 115.74540710449219, 27.073972702026367, 140.47064208984375, 133.70115661621094, 73.60027313232422, 160.22796630859375, 105.418212890625, 137.5354461669922, 42.44997024536133, 186.03494262695312, 109.3846435546875, 0.0, 86.72946166992188, 172.53985595703125, 97.86214447021484, 92.07062530517578, 179.6023406982422, 75.42546081542969, 172.0523223876953, 172.73390197753906, 75.50496673583984, 85.23497009277344, 157.56268310546875, 144.8102264404297, 146.98638916015625, 128.87591552734375, 166.09033203125, 152.0854949951172, 74.3303451538086, 118.45674133300781, 161.5332794189453, 152.61061096191406, 178.01123046875, 158.60012817382812, 182.16751098632812, 10.198039054870605, 58.2580451965332, 98.65596771240234, 130.3610382080078, 126.87395477294922, 176.73992919921875, 206.4800262451172, 150.08331298828125, 100.2646484375, 102.62553405761719, 119.50732421875, 84.17243957519531, 103.58088684082031, 47.26520919799805, 212.8003692626953, 131.48764038085938, 95.58765411376953, 129.38702392578125, 32.893768310546875, 196.95684814453125, 161.94134521484375, 133.20660400390625, 64.41273498535156], [101.212646484375, 116.84605407714844, 43.73785400390625, 101.25709533691406, 94.20191192626953, 53.5350341796875, 46.40043258666992, 76.00657653808594, 41.19466018676758, 73.55270385742188, 44.72135925292969, 126.03570556640625, 75.69015502929688, 86.72946166992188, 0.0, 90.3548583984375, 52.201534271240234, 19.72308349609375, 94.81033325195312, 39.458839416503906, 102.956298828125, 106.73799896240234, 78.77182006835938, 15.264337539672852, 71.38627624511719, 80.8949966430664, 62.96824645996094, 42.154476165771484, 84.85281372070312, 96.2081069946289, 25.0, 35.693138122558594, 111.07205200195312, 68.02940368652344, 92.35800170898438, 97.01546478271484, 96.33794403076172, 96.79875946044922, 76.94153594970703, 51.54609680175781, 103.78824615478516, 40.16217041015625, 111.77208709716797, 131.72698974609375, 73.73601531982422, 50.32891845703125, 60.41522979736328, 84.30895233154297, 12.041594505310059, 19.416488647460938, 108.90362548828125, 131.64346313476562, 51.62363815307617, 34.48188018798828, 121.01652526855469, 53.851646423339844, 113.35784149169922, 76.6093978881836, 69.35416412353516, 65.55150604248047], [178.3704071044922, 50.447994232177734, 96.5660400390625, 180.08053588867188, 145.6914520263672, 80.80841827392578, 132.0037841796875, 16.6433162689209, 106.00471496582031, 114.55130004882812, 130.55267333984375, 70.57620239257812, 95.52486419677734, 172.53985595703125, 90.3548583984375, 0.0, 85.95928955078125, 80.5046615600586, 67.6830825805664, 100.88111877441406, 42.0, 127.14165496826172, 164.1249542236328, 100.22474670410156, 29.73213768005371, 117.59251403808594, 67.35725402832031, 56.36488342285156, 7.211102485656738, 66.48307800292969, 98.31072998046875, 55.009090423583984, 151.64761352539062, 24.166091918945312, 60.41522979736328, 128.8099365234375, 24.515300750732422, 182.71836853027344, 139.5564422607422, 84.59905242919922, 168.40428161621094, 56.080299377441406, 54.08327102661133, 124.33824920654297, 27.658634185791016, 121.19818115234375, 131.1259002685547, 149.26486206054688, 89.08984375, 71.11258697509766, 180.15548706054688, 105.0047607421875, 81.68843078613281, 108.07867431640625, 192.76150512695312, 140.5133514404297, 83.15046691894531, 59.9416389465332, 113.21660614013672, 125.71794128417969], [95.75489807128906, 87.28115844726562, 93.26306915283203, 98.32598876953125, 146.11297607421875, 96.02603912353516, 93.74433135986328, 79.5110092163086, 92.96235656738281, 123.14625549316406, 62.64982223510742, 88.54377746582031, 23.53720474243164, 97.86214447021484, 52.201534271240234, 85.95928955078125, 0.0, 33.37664031982422, 123.54756164550781, 23.706539154052734, 75.0, 153.55130004882812, 123.32882690429688, 67.06713104248047, 84.38601684570312, 130.03460693359375, 98.03060913085938, 70.22820281982422, 78.77182006835938, 54.7813835144043, 34.058773040771484, 47.423622131347656, 162.11724853515625, 74.24958038330078, 118.51160430908203, 146.00341796875, 103.71113586425781, 107.35455322265625, 54.08327102661133, 1.4142135381698608, 155.6181182861328, 67.06713104248047, 78.91767883300781, 171.7469024658203, 59.09314727783203, 102.45974731445312, 112.36102294921875, 136.3561553955078, 40.49691390991211, 46.173583984375, 95.21029663085938, 164.57521057128906, 94.76286315917969, 86.68333435058594, 171.17242431640625, 71.58910369873047, 143.26548767089844, 105.99056243896484, 119.26860809326172, 40.52159881591797], [100.62306213378906, 100.31948852539062, 60.0333251953125, 101.63660430908203, 112.80514526367188, 64.8459701538086, 65.0691909790039, 68.4105224609375, 59.66573715209961, 90.00555419921875, 50.08992004394531, 107.89810180664062, 56.88584899902344, 92.07062530517578, 19.72308349609375, 80.5046615600586, 33.37664031982422, 0.0, 99.2471694946289, 27.20294189453125, 86.53900909423828, 121.34249114990234, 96.82975006103516, 34.98571014404297, 67.5351791381836, 97.02061462402344, 69.97142028808594, 43.931766510009766, 74.1687240600586, 77.10382843017578, 18.384777069091797, 26.925823211669922, 128.7633514404297, 61.032779693603516, 95.4620361328125, 113.0707778930664, 91.18113708496094, 102.25947570800781, 68.680419921875, 32.557640075683594, 123.43824005126953, 41.03656768798828, 94.41397857666016, 142.46754455566406, 59.6824951171875, 69.85699462890625, 80.05622863769531, 103.87010955810547, 10.29563045501709, 15.81138801574707, 105.43718719482422, 138.697509765625, 63.324562072753906, 53.851646423339844, 140.6627197265625, 60.074954986572266, 118.69709014892578, 80.91971588134766, 86.05230712890625, 55.60575485229492], [196.02296447753906, 118.1270523071289, 68.65857696533203, 196.0102081298828, 96.5660400390625, 47.801673889160156, 115.9482650756836, 57.00876998901367, 80.80841827392578, 67.6830825805664, 138.9568328857422, 138.10140991210938, 142.0774383544922, 179.6023406982422, 94.81033325195312, 67.6830825805664, 123.54756164550781, 99.2471694946289, 0.0, 126.37246704101562, 109.03668975830078, 65.0691909790039, 141.79562377929688, 94.41397857666016, 44.283180236816406, 66.73080444335938, 32.649654388427734, 55.31726837158203, 70.57620239257812, 128.31600952148438, 115.96551513671875, 76.32168579101562, 95.13148498535156, 56.4358024597168, 7.280109882354736, 71.86793518066406, 46.51881408691406, 189.30662536621094, 167.91961669921875, 122.1883773803711, 124.32618713378906, 58.2580451965332, 121.34249114990234, 56.718605041503906, 84.2140121459961, 93.64827728271484, 100.04499053955078, 108.85311126708984, 101.86265563964844, 83.54639434814453, 203.2166290283203, 41.43669891357422, 50.0, 88.60022735595703, 151.38031005859375, 147.33973693847656, 19.72308349609375, 18.384777069091797, 68.88395690917969, 154.79664611816406], [77.49193572998047, 109.4897232055664, 83.18653869628906, 79.30951690673828, 132.30645751953125, 91.0, 73.82411193847656, 91.23595428466797, 80.02499389648438, 113.0, 38.94868469238281, 112.00892639160156, 42.8018684387207, 75.42546081542969, 39.458839416503906, 100.88111877441406, 23.706539154052734, 27.20294189453125, 126.37246704101562, 0.0, 96.6281509399414, 146.01370239257812, 101.60708618164062, 52.038448333740234, 92.6552734375, 120.35364532470703, 97.09788513183594, 71.0633544921875, 93.96276092529297, 78.39005279541016, 15.033296585083008, 52.009613037109375, 150.01333618164062, 84.59905242919922, 122.42957305908203, 136.4734344482422, 115.00434875488281, 85.21150207519531, 41.72529220581055, 24.166091918945312, 138.32208251953125, 68.11754608154297, 101.63660430908203, 169.0946502685547, 76.11833190917969, 86.83317565917969, 95.90099334716797, 119.85408020019531, 27.892650604248047, 43.011627197265625, 80.13114166259766, 165.89454650878906, 89.31964874267578, 72.11102294921875, 151.63772583007812, 47.92702865600586, 145.8663787841797, 108.07405090332031, 108.77959442138672, 28.42534065246582], [170.42300415039062, 13.892443656921387, 123.98789978027344, 173.18487548828125, 177.4091339111328, 112.89818572998047, 149.04026794433594, 52.88667297363281, 130.8319549560547, 147.27525329589844, 133.41664123535156, 29.4108829498291, 73.68174743652344, 172.0523223876953, 102.956298828125, 42.0, 75.0, 86.53900909423828, 109.03668975830078, 96.6281509399414, 0.0, 165.08482360839844, 181.61773681640625, 116.50321960449219, 67.05221557617188, 151.60475158691406, 102.88343048095703, 83.40863037109375, 38.470767974853516, 31.240999221801758, 100.42410278320312, 69.81404113769531, 186.4322967529297, 56.46237564086914, 101.83319854736328, 164.5964813232422, 66.18912506103516, 181.7965850830078, 127.27922058105469, 74.00675964355469, 196.70281982421875, 81.68843078613281, 12.369317054748535, 165.74679565429688, 31.890438079833984, 145.16542053222656, 155.72412109375, 176.82760620117188, 96.7729263305664, 84.59905242919922, 168.34487915039062, 147.00340270996094, 113.1591796875, 129.9576873779297, 218.68927001953125, 143.17820739746094, 125.09996032714844, 99.04039764404297, 145.086181640625, 114.52947235107422], [197.20294189453125, 176.2838592529297, 63.24555206298828, 195.5556182861328, 44.14748001098633, 58.00862121582031, 99.2471694946289, 112.72976684570312, 69.77105712890625, 35.510562896728516, 140.5453643798828, 194.4273681640625, 176.1817169189453, 172.73390197753906, 106.73799896240234, 127.14165496826172, 153.55130004882812, 121.34249114990234, 65.0691909790039, 146.01370239257812, 165.08482360839844, 0.0, 111.51681518554688, 96.93296813964844, 98.41239929199219, 28.017850875854492, 62.64183807373047, 87.69264221191406, 127.91012573242188, 177.12425231933594, 131.73458862304688, 110.22250366210938, 32.98484420776367, 108.63240814208984, 71.44927978515625, 15.65247631072998, 109.80892181396484, 180.7124786376953, 182.584228515625, 152.4729461669922, 72.56031799316406, 90.55384826660156, 177.3414764404297, 39.560081481933594, 135.35877990722656, 72.4706802368164, 71.50524139404297, 65.0, 118.1270523071289, 107.37783813476562, 208.7510528564453, 61.29437255859375, 59.00847244262695, 79.64923095703125, 99.12618255615234, 145.64683532714844, 63.50590515136719, 67.23094177246094, 39.96248245239258, 172.0465087890625], [105.9292221069336, 195.5095977783203, 74.0, 102.42070007324219, 71.4212875366211, 95.02104949951172, 32.649654388427734, 148.0810546875, 62.032249450683594, 80.77747344970703, 68.15423583984375, 204.61183166503906, 144.4022216796875, 75.50496673583984, 78.77182006835938, 164.1249542236328, 123.32882690429688, 96.82975006103516, 141.79562377929688, 101.60708618164062, 181.61773681640625, 111.51681518554688, 0.0, 65.29930877685547, 139.0575408935547, 86.33075714111328, 112.0, 108.41586303710938, 159.7654571533203, 173.76133728027344, 89.27485656738281, 112.69871520996094, 92.02173614501953, 140.132080078125, 143.22360229492188, 95.96353149414062, 163.24827575683594, 80.0062484741211, 114.98260498046875, 123.2396011352539, 55.54277801513672, 108.24047088623047, 190.5413360595703, 149.88328552246094, 151.61134338378906, 48.166378021240234, 42.72002029418945, 48.79549026489258, 86.68333435058594, 97.1287841796875, 121.41252136230469, 164.1371307373047, 93.00537872314453, 56.88584899902344, 55.226806640625, 65.0, 154.35348510742188, 128.015625, 77.49193572998047, 112.16059875488281], [103.96633911132812, 130.38404846191406, 34.0, 103.27632904052734, 80.3056640625, 48.91830062866211, 32.649654388427734, 84.85281372070312, 28.284271240234375, 62.361846923828125, 45.96738052368164, 140.46351623535156, 90.44335174560547, 85.23497009277344, 15.264337539672852, 100.22474670410156, 67.06713104248047, 34.98571014404297, 94.41397857666016, 52.038448333740234, 116.50321960449219, 96.93296813964844, 65.29930877685547, 0.0, 78.00640869140625, 69.92138671875, 61.773780822753906, 47.095645904541016, 95.33625030517578, 111.1980209350586, 37.013511657714844, 47.423622131347656, 98.08159637451172, 76.79192352294922, 93.10746765136719, 85.86617279052734, 103.0436782836914, 94.8946762084961, 85.70297241210938, 66.48307800292969, 88.63971710205078, 46.0, 125.80142974853516, 125.20782470703125, 86.31338500976562, 35.44009017944336, 45.31004333496094, 69.28924560546875, 26.570659637451172, 31.906112670898438, 113.60017395019531, 128.31600952148438, 46.75468063354492, 20.099750518798828, 105.80170440673828, 53.413482666015625, 111.77208709716797, 76.967529296875, 57.9741325378418, 75.70997619628906], [168.15469360351562, 77.87811279296875, 68.44705963134766, 169.0946502685547, 116.04309844970703, 51.400390625, 107.91200256347656, 14.317821502685547, 78.77182006835938, 84.8646011352539, 115.13470458984375, 96.4624252319336, 100.34440612792969, 157.56268310546875, 71.38627624511719, 29.73213768005371, 84.38601684570312, 67.5351791381836, 44.283180236816406, 92.6552734375, 67.05221557617188, 98.41239929199219, 139.0575408935547, 78.00640869140625, 0.0, 87.86353302001953, 37.64305877685547, 31.064449310302734, 29.529645919799805, 84.09518432617188, 85.86617279052734, 40.8166618347168, 122.00409698486328, 12.165525436401367, 37.656341552734375, 99.29753112792969, 25.079872131347656, 167.72000122070312, 134.01492309570312, 82.97589874267578, 139.26951599121094, 32.015621185302734, 79.4040298461914, 100.07997131347656, 40.01249694824219, 93.98403930664062, 103.46980285644531, 120.41594696044922, 73.73601531982422, 54.08327102661133, 172.56883239746094, 85.14693450927734, 52.430908203125, 82.22530364990234, 164.1249542236328, 124.72369384765625, 62.817195892333984, 32.015621185302734, 83.63013458251953, 120.25389862060547], [169.19810485839844, 163.91766357421875, 37.2155876159668, 167.53805541992188, 29.96664810180664, 38.910152435302734, 71.44927978515625, 101.67103576660156, 42.154476165771484, 7.6157732009887695, 112.71202087402344, 180.3690643310547, 153.20901489257812, 144.8102264404297, 80.8949966430664, 117.59251403808594, 130.03460693359375, 97.02061462402344, 66.73080444335938, 120.35364532470703, 151.60475158691406, 28.017850875854492, 86.33075714111328, 69.92138671875, 87.86353302001953, 0.0, 50.2493782043457, 69.46221923828125, 116.82465362548828, 159.42396545410156, 105.72132873535156, 89.9888916015625, 34.885528564453125, 96.02082824707031, 71.17584228515625, 16.124515533447266, 104.8093490600586, 152.89866638183594, 155.58920288085938, 129.06199645996094, 57.723480224609375, 71.86793518066406, 163.4778289794922, 63.812225341796875, 120.35364532470703, 44.59820556640625, 44.65422821044922, 44.04542922973633, 92.6552734375, 84.2911605834961, 180.85353088378906, 78.85429382324219, 39.0, 51.89412307739258, 84.92938232421875, 117.66053009033203, 73.17103576660156, 61.032779693603516, 12.083045959472656, 145.523193359375], [164.01524353027344, 114.61238861083984, 38.0, 163.8352813720703, 78.8733139038086, 17.11724281311035, 84.34452819824219, 51.61395263671875, 50.03998565673828, 47.6340217590332, 106.60675048828125, 132.09844970703125, 118.87808990478516, 146.98638916015625, 62.96824645996094, 67.35725402832031, 98.03060913085938, 69.97142028808594, 32.649654388427734, 97.09788513183594, 102.88343048095703, 62.64183807373047, 112.0, 61.773780822753906, 37.64305877685547, 50.2493782043457, 0.0, 27.892650604248047, 66.85057830810547, 114.75626373291016, 85.42832946777344, 51.195701599121094, 84.40379333496094, 46.52956008911133, 32.015621185302734, 61.91122817993164, 55.94640350341797, 156.66844177246094, 138.0036163330078, 96.76776123046875, 103.44564056396484, 31.048349380493164, 115.03912353515625, 73.76313781738281, 72.73238372802734, 64.1248779296875, 72.00694274902344, 85.49269104003906, 71.0633544921875, 54.20331954956055, 171.82839965820312, 69.02897644042969, 19.02629852294922, 56.88584899902344, 129.2826385498047, 114.82595825195312, 50.447994232177734, 16.124515533447266, 46.87216567993164, 125.36347198486328], [142.28492736816406, 96.42613983154297, 41.1096076965332, 142.6884765625, 94.04785919189453, 30.675724029541016, 76.94153594970703, 39.924930572509766, 49.73931884765625, 64.41273498535156, 86.8158950805664, 111.51681518554688, 91.0054931640625, 128.87591552734375, 42.154476165771484, 56.36488342285156, 70.22820281982422, 43.931766510009766, 55.31726837158203, 71.0633544921875, 83.40863037109375, 87.69264221191406, 108.41586303710938, 47.095645904541016, 31.064449310302734, 69.46221923828125, 27.892650604248047, 0.0, 53.0, 90.13877868652344, 60.95900344848633, 23.34523582458496, 104.27847290039062, 32.202484130859375, 51.6623649597168, 83.81526947021484, 56.0, 138.92803955078125, 112.60994720458984, 68.94925689697266, 113.89907836914062, 3.1622776985168457, 94.86833190917969, 101.6513671875, 51.61395263671875, 64.88451385498047, 74.94664764404297, 94.2602767944336, 47.20169448852539, 28.284271240234375, 148.5294647216797, 95.18928527832031, 30.463092803955078, 51.865211486816406, 137.20057678222656, 96.00521087646484, 74.81310272216797, 37.013511657714844, 61.91122817993164, 99.48869323730469], [171.45262145996094, 48.46648406982422, 93.81364440917969, 173.21951293945312, 144.31216430664062, 79.20858764648438, 127.440185546875, 15.264337539672852, 102.72779846191406, 113.35784149169922, 124.25779724121094, 67.6830825805664, 88.41380310058594, 166.09033203125, 84.85281372070312, 7.211102485656738, 78.77182006835938, 74.1687240600586, 70.57620239257812, 93.96276092529297, 38.470767974853516, 127.91012573242188, 159.7654571533203, 95.33625030517578, 29.529645919799805, 116.82465362548828, 66.85057830810547, 53.0, 0.0, 60.728904724121094, 91.78779602050781, 49.25444030761719, 151.23822021484375, 21.260292053222656, 63.3876953125, 128.70120239257812, 30.08321762084961, 176.2554931640625, 132.42356872558594, 77.41446685791016, 166.19265747070312, 52.35456085205078, 50.80354309082031, 127.27922058105469, 20.51828384399414, 117.83463287353516, 127.94529724121094, 146.81961059570312, 83.0, 65.4904556274414, 173.07801818847656, 109.11461639404297, 79.90619659423828, 104.21611785888672, 190.06578063964844, 134.23858642578125, 87.00574493408203, 61.09828186035156, 111.7586669921875, 118.59595489501953], [146.21900939941406, 38.27531814575195, 127.0157470703125, 149.48243713378906, 182.0164794921875, 120.80562591552734, 142.17242431640625, 71.70076751708984, 131.2288055419922, 153.94154357910156, 117.20068359375, 33.95585250854492, 46.097721099853516, 152.0854949951172, 96.2081069946289, 66.48307800292969, 54.7813835144043, 77.10382843017578, 128.31600952148438, 78.39005279541016, 31.240999221801758, 177.12425231933594, 173.76133728027344, 111.1980209350586, 84.09518432617188, 159.42396545410156, 114.75626373291016, 90.13877868652344, 60.728904724121094, 0.0, 86.28441619873047, 70.21395874023438, 194.06442260742188, 72.02777099609375, 121.49897003173828, 173.95401000976562, 90.75791931152344, 161.30096435546875, 102.01960754394531, 54.230987548828125, 197.4740447998047, 87.59566497802734, 28.160255432128906, 184.0, 44.10215377807617, 144.03125, 154.6156463623047, 177.5049285888672, 87.1148681640625, 81.02468872070312, 142.2251739501953, 168.57638549804688, 120.48651123046875, 128.00390625, 216.7786865234375, 126.31706237792969, 146.23953247070312, 115.06954193115234, 151.00331115722656, 90.44888305664062], [82.2982406616211, 113.88591003417969, 68.65857696533203, 83.25863647460938, 117.27318572998047, 77.82672882080078, 60.0333251953125, 86.68333435058594, 65.0691909790039, 98.31072998046875, 33.241539001464844, 118.9621810913086, 55.94640350341797, 74.3303451538086, 25.0, 98.31072998046875, 34.058773040771484, 18.384777069091797, 115.96551513671875, 15.033296585083008, 100.42410278320312, 131.73458862304688, 89.27485656738281, 37.013511657714844, 85.86617279052734, 105.72132873535156, 85.42832946777344, 60.95900344848633, 91.78779602050781, 86.28441619873047, 0.0, 45.31004333496094, 135.0333251953125, 79.37883758544922, 112.60994720458984, 121.82364654541016, 109.5627670288086, 84.48076629638672, 52.69725036621094, 33.970577239990234, 123.66487121582031, 58.2580451965332, 106.97663116455078, 156.11854553222656, 76.02631378173828, 71.84706115722656, 81.02468872070312, 105.01904296875, 14.422204971313477, 32.80244064331055, 87.61849212646484, 154.4571075439453, 76.02631378173828, 57.07889175415039, 137.76791381835938, 43.185646057128906, 135.1480712890625, 97.58073425292969, 94.04785919189453, 40.71854782104492], [127.4754867553711, 83.6002426147461, 56.82429122924805, 128.5496063232422, 111.80339813232422, 52.345008850097656, 80.05622863769531, 41.773197174072266, 61.84658432006836, 84.11896514892578, 76.11833190917969, 95.58765411376953, 67.6830825805664, 118.45674133300781, 35.693138122558594, 55.009090423583984, 47.423622131347656, 26.925823211669922, 76.32168579101562, 52.009613037109375, 69.81404113769531, 110.22250366210938, 112.69871520996094, 47.423622131347656, 40.8166618347168, 89.9888916015625, 51.195701599121094, 23.34523582458496, 49.25444030761719, 70.21395874023438, 45.31004333496094, 0.0, 124.27791595458984, 34.20526123046875, 71.61005401611328, 105.11898040771484, 64.25729370117188, 128.65457153320312, 93.60555267333984, 46.097721099853516, 128.2263641357422, 20.2237491607666, 79.93122100830078, 124.90796661376953, 38.94868469238281, 75.66372680664062, 86.27861785888672, 108.23123168945312, 34.36568069458008, 16.278820037841797, 131.7649383544922, 117.1836166381836, 51.62363815307617, 60.20797348022461, 149.20120239257812, 85.98837280273438, 96.04165649414062, 58.5918083190918, 80.99382781982422, 79.98124694824219], [188.95767211914062, 198.64541625976562, 69.05070495605469, 186.55294799804688, 21.095022201538086, 73.79024505615234, 89.31964874267578, 136.01470947265625, 70.0, 40.16217041015625, 135.85653686523438, 215.24404907226562, 185.55860900878906, 161.5332794189453, 111.07205200195312, 151.64761352539062, 162.11724853515625, 128.7633514404297, 95.13148498535156, 150.01333618164062, 186.4322967529297, 32.98484420776367, 92.02173614501953, 98.08159637451172, 122.00409698486328, 34.885528564453125, 84.40379333496094, 104.27847290039062, 151.23822021484375, 194.06442260742188, 135.0333251953125, 124.27791595458984, 0.0, 130.63307189941406, 100.80178833007812, 23.430749893188477, 137.20787048339844, 168.24090576171875, 181.8378448486328, 161.24514770507812, 43.46262741088867, 106.6208267211914, 198.3380889892578, 70.06425476074219, 155.2353057861328, 65.51335906982422, 59.80802536010742, 43.27817153930664, 123.1015853881836, 117.27745056152344, 202.24984741210938, 94.04785919189453, 73.82411193847656, 78.23043060302734, 68.24954223632812, 138.8416290283203, 96.00521087646484, 93.33809661865234, 43.416587829589844, 173.1588897705078], [161.24514770507812, 68.09552001953125, 72.67048645019531, 162.4838409423828, 123.16655731201172, 58.051700592041016, 108.17115783691406, 8.062257766723633, 81.88406372070312, 92.31468200683594, 110.21796417236328, 85.79627227783203, 89.04492950439453, 152.61061096191406, 68.02940368652344, 24.166091918945312, 74.24958038330078, 61.032779693603516, 56.4358024597168, 84.59905242919922, 56.46237564086914, 108.63240814208984, 140.132080078125, 76.79192352294922, 12.165525436401367, 96.02082824707031, 46.52956008911133, 32.202484130859375, 21.260292053222656, 72.02777099609375, 79.37883758544922, 34.20526123046875, 130.63307189941406, 0.0, 49.81967544555664, 108.4066390991211, 30.4138126373291, 162.806640625, 125.36347198486328, 72.83543395996094, 144.9413604736328, 31.95309066772461, 68.70953369140625, 112.01785278320312, 28.017850875854492, 97.06183624267578, 107.04204559326172, 125.60254669189453, 68.44705963134766, 49.36598205566406, 164.73008728027344, 97.29337310791016, 58.694122314453125, 83.93450164794922, 168.92898559570312, 120.0333251953125, 74.95331573486328, 43.416587829589844, 90.60904693603516, 111.50336456298828], [193.4373321533203, 110.85575866699219, 69.46221923828125, 193.60009765625, 101.13357543945312, 48.3735466003418, 116.29703521728516, 50.0099983215332, 81.61495208740234, 71.47027587890625, 136.8575897216797, 130.86251831054688, 136.4734344482422, 178.01123046875, 92.35800170898438, 60.41522979736328, 118.51160430908203, 95.4620361328125, 7.280109882354736, 122.42957305908203, 101.83319854736328, 71.44927978515625, 143.22360229492188, 93.10746765136719, 37.656341552734375, 71.17584228515625, 32.015621185302734, 51.6623649597168, 63.3876953125, 121.49897003173828, 112.60994720458984, 71.61005401611328, 100.80178833007812, 49.81967544555664, 0.0, 77.42092895507812, 39.357337951660156, 187.8297119140625, 164.10362243652344, 117.13667297363281, 128.41339111328125, 54.451812744140625, 114.12712097167969, 63.95310592651367, 77.41446685791016, 95.08417510986328, 102.07839965820312, 112.29425811767578, 98.71676635742188, 79.93122100830078, 200.1249542236328, 47.53945541381836, 50.48762130737305, 88.84255981445312, 155.2836151123047, 145.4991455078125, 25.298221588134766, 16.155494689941406, 72.2772445678711, 150.814453125], [183.84776306152344, 176.5021209716797, 53.33854293823242, 182.00274658203125, 29.154760360717773, 53.16013717651367, 85.0, 113.44161224365234, 57.87054443359375, 23.53720474243164, 127.95311737060547, 193.65174865722656, 169.10647583007812, 158.60012817382812, 97.01546478271484, 128.8099365234375, 146.00341796875, 113.0707778930664, 71.86793518066406, 136.4734344482422, 164.5964813232422, 15.65247631072998, 95.96353149414062, 85.86617279052734, 99.29753112792969, 16.124515533447266, 61.91122