{"name": "LZB_n30_13", "n": 30, "m": 9, "times": [[0.0, 198.21705627441406, 63.78871536254883, 99.50376892089844, 100.70252990722656, 203.08865356445312, 114.94781494140625, 201.81674194335938, 186.93849182128906, 104.92378234863281, 122.20065307617188, 70.7742919921875, 76.2364730834961, 60.530982971191406, 62.96824645996094, 32.98484420776367, 158.76083374023438, 92.97311401367188, 241.12445068359375, 68.7677230834961, 164.14932250976562, 191.92706298828125, 33.52610778808594, 125.03599548339844, 27.658634185791016, 221.26907348632812, 99.20181274414062, 211.151611328125, 187.08554077148438, 189.12957763671875, 147.64822387695312, 138.4051971435547, 157.44204711914062, 152.06906127929688, 101.86756134033203, 116.7261734008789, 149.3251495361328, 114.43775939941406, 77.5241928100586, 59.03388977050781, 101.71037292480469, 96.7470932006836, 172.5948944091797, 103.0436782836914, 59.81638717651367, 121.26417541503906, 68.88395690917969, 42.10700607299805, 199.4843292236328, 78.74642944335938, 102.14205932617188, 100.43903350830078, 217.83021545410156, 142.13021850585938, 218.04815673828125, 203.8062744140625, 175.6929168701172, 149.0838623046875, 42.54409408569336, 18.027755737304688], [198.21705627441406, 0.0, 161.23585510253906, 125.2397689819336, 98.35140991210938, 9.848857879638672, 93.49331665039062, 6.324555397033691, 18.439088821411133, 100.80178833007812, 76.05918884277344, 130.81666564941406, 157.56268310546875, 161.00311279296875, 136.4587860107422, 168.50518798828125, 88.5268325805664, 114.20157623291016, 50.96076965332031, 131.54847717285156, 50.80354309082031, 64.20280456542969, 167.1705780029297, 154.05194091796875, 194.4659423828125, 48.764739990234375, 113.74093627929688, 23.76972770690918, 73.68174743652344, 46.04345703125, 99.60923767089844, 73.82411193847656, 55.081756591796875, 88.1192398071289, 134.80726623535156, 109.3846435546875, 116.10340118408203, 147.16656494140625, 152.64337158203125, 159.0125732421875, 98.2903823852539, 103.23758697509766, 26.4007568359375, 129.76902770996094, 140.98226928710938, 77.38862609863281, 176.16184997558594, 164.76953125, 31.240999221801758, 127.0157470703125, 107.33592224121094, 115.24755859375, 36.49657440185547, 59.80802536010742, 27.294687271118164, 56.080299377441406, 97.98979187011719, 116.2755355834961, 162.24671936035156, 208.9425811767578], [63.78871536254883, 161.23585510253906, 0.0, 41.18252182006836, 67.67569732666016, 163.517578125, 68.11754608154297, 163.220703125, 154.9225616455078, 60.464866638183594, 90.07774353027344, 38.05259704589844, 103.17460632324219, 89.02246856689453, 59.46427536010742, 35.84689712524414, 152.21038818359375, 47.16990661621094, 209.9142608642578, 64.56005096435547, 117.4137954711914, 175.3539276123047, 36.8917350769043, 147.7328643798828, 42.7551155090332, 195.56329345703125, 48.10405349731445, 168.34487915039062, 131.94696044921875, 166.68833923339844, 88.95504760742188, 121.82364654541016, 111.01801300048828, 145.1688690185547, 115.76700592041016, 60.0333251953125, 154.30165100097656, 134.85177612304688, 14.03566837310791, 85.6037368774414, 65.92420196533203, 61.6846809387207, 138.9244384765625, 42.05948257446289, 62.64982223510742, 93.60555267333984, 107.51744079589844, 24.698177337646484, 171.758544921875, 36.055511474609375, 54.037025451660156, 47.423622131347656, 188.76705932617188, 116.37869262695312, 175.41380310058594, 183.412109375, 172.07266235351562, 87.29833984375, 67.20863342285156, 62.513999938964844], [99.50376892089844, 125.2397689819336, 41.18252182006836, 0.0, 46.173583984375, 126.24578857421875, 32.98484420776367, 126.40016174316406, 121.7579574584961, 30.066593170166016, 63.0079345703125, 38.470767974853516, 114.03946685791016, 103.83159637451172, 66.5732650756836, 67.02984619140625, 134.93702697753906, 22.825424194335938, 175.45370483398438, 68.4105224609375, 78.24320983886719, 150.16323852539062, 67.0, 149.80320739746094, 82.87339782714844, 164.28329467773438, 15.29705810546875, 129.6302490234375, 90.78546142578125, 138.45216369628906, 48.50773239135742, 101.11874389648438, 72.20111083984375, 128.31991577148438, 116.38728332519531, 18.867961883544922, 144.30870056152344, 136.88316345214844, 29.068883895874023, 100.23971557617188, 42.44997024536133, 40.853397369384766, 105.6219711303711, 8.062257766723633, 72.20111083984375, 69.35416412353516, 124.35433197021484, 57.42821502685547, 140.2462158203125, 27.784887313842773, 22.090721130371094, 12.041594505310059, 155.92626953125, 90.022216796875, 136.65284729003906, 155.56349182128906, 155.1289825439453, 50.2493782043457, 86.97700500488281, 101.92153930664062], [100.70252990722656, 98.35140991210938, 67.67569732666016, 46.173583984375, 0.0, 102.61579132080078, 25.05992889404297, 101.53324890136719, 89.20201873779297, 18.439088821411133, 23.021728515625, 32.80244064331055, 82.00609588623047, 77.23341369628906, 42.7551155090332, 70.1783447265625, 89.10667419433594, 24.1867733001709, 144.4022216796875, 40.04996871948242, 65.25334930419922, 108.06016540527344, 68.88395690917969, 108.46658325195312, 96.33275604248047, 128.36276245117188, 31.016124725341797, 110.45361328125, 95.04735565185547, 99.02020263671875, 68.88395690917969, 56.00892639160156, 58.694122314453125, 82.37718200683594, 75.80237579345703, 45.343135833740234, 98.41239929199219, 96.04686737060547, 63.50590515136719, 74.1080322265625, 4.242640495300293, 6.082762718200684, 73.75635528564453, 54.08327102661133, 48.50773239135742, 25.961509704589844, 97.01546478271484, 66.70832061767578, 104.8093490600586, 31.62277603149414, 25.05992889404297, 34.539833068847656, 122.3315200805664, 48.703182220458984, 117.34564208984375, 115.7410888671875, 109.32977294921875, 80.60397338867188, 69.63475799560547, 110.63453674316406], [203.08865356445312, 9.848857879638672, 163.517578125, 126.24578857421875, 102.61579132080078, 0.0, 95.42536163330078, 3.605551242828369, 28.160255432128906, 103.3924560546875, 80.99382781982422, 134.61798095703125, 165.16961669921875, 167.96725463867188, 142.0211181640625, 172.73390197753906, 98.23441314697266, 116.84605407714844, 53.23532485961914, 137.3535614013672, 49.39635467529297, 73.81734466552734, 171.47886657714844, 163.19619750976562, 198.1161346435547, 55.54277801513672, 115.60276794433594, 13.928388595581055, 67.46851348876953, 55.75840759277344, 97.08243560791016, 82.2982406616211, 54.5618896484375, 97.67292022705078, 143.13629150390625, 109.59014892578125, 125.71794128417969, 156.02883911132812, 154.26275634765625, 165.84933471679688, 102.17631530761719, 107.1680908203125, 33.734256744384766, 130.249755859375, 146.76852416992188, 83.18653869628906, 183.65728759765625, 168.4398956298828, 40.31128692626953, 130.11532592773438, 109.4805908203125, 116.82893371582031, 42.72002029418945, 67.18630981445312, 18.0, 65.0691909790039, 107.83784484863281, 113.28282928466797, 168.1814422607422, 213.1900634765625], [114.94781494140625, 93.49331665039062, 68.11754608154297, 32.98484420776367, 25.05992889404297, 95.42536163330078, 0.0, 95.21029663085938, 88.95504760742188, 10.198039054870605, 32.280025482177734, 44.271888732910156, 106.56922912597656, 100.62306213378906, 64.1248779296875, 82.3468246459961, 106.28263854980469, 22.472204208374023, 143.1083526611328, 62.801273345947266, 50.21951675415039, 118.00423431396484, 81.54139709472656, 133.0601348876953, 104.86181640625, 131.32022094726562, 20.248456954956055, 100.41912078857422, 73.55270385742188, 105.68348693847656, 43.8292121887207, 71.7844009399414, 43.600460052490234, 100.08995819091797, 100.68763732910156, 23.409399032592773, 119.57006072998047, 120.8014907836914, 59.16925048828125, 97.32420349121094, 21.02379608154297, 23.76972770690918, 72.80110168457031, 39.20458984375, 70.1783447265625, 39.924930572509766, 120.83045959472656, 75.80237579345703, 107.2800064086914, 36.715118408203125, 14.142135620117188, 21.931713104248047, 123.13001251220703, 58.30952072143555, 107.48953247070312, 122.80065155029297, 126.1784439086914, 55.973209381103516, 90.04998779296875, 121.8031234741211], [201.81674194335938, 6.324555397033691, 163.220703125, 126.40016174316406, 101.53324890136719, 3.605551242828369, 95.21029663085938, 0.0, 24.73863410949707, 102.94173431396484, 79.6303939819336, 133.7348175048828, 162.7820587158203, 165.84933471679688, 140.4599609375, 171.70323181152344, 94.83142852783203, 116.38728332519531, 51.62363815307617, 135.6945037841797, 50.28916549682617, 70.21395874023438, 170.41712951660156, 160.11245727539062, 197.31446838378906, 52.55473327636719, 115.43396759033203, 17.464248657226562, 70.0927963256836, 52.15361785888672, 98.47842407226562, 79.5110092163086, 55.154327392578125, 94.3663101196289, 140.4314727783203, 110.0227279663086, 122.37646484375, 153.08168029785156, 154.20765686035156, 163.78338623046875, 101.23734283447266, 106.21675872802734, 31.320919036865234, 130.59861755371094, 145.12063598632812, 81.4923324584961, 181.32015991210938, 167.62159729003906, 36.769554138183594, 129.49517822265625, 109.20164489746094, 116.76471710205078, 39.84971618652344, 64.8459701538086, 21.095022201538086, 61.55485534667969, 104.27847290039062, 114.85643005371094, 166.48123168945312, 212.1626739501953], [186.93849182128906, 18.439088821411133, 154.9225616455078, 121.7579574584961, 89.20201873779297, 28.160255432128906, 88.95504760742188, 24.73863410949707, 0.0, 94.81033325195312, 66.21932983398438, 122.00409698486328, 141.73919677734375, 146.23953247070312, 124.32618713378906, 158.5496826171875, 70.0927963256836, 107.82392883300781, 55.217750549316406, 119.01680755615234, 54.7448616027832, 48.10405349731445, 157.07960510253906, 136.0, 185.39956665039062, 43.28972244262695, 108.85311126708984, 42.05948257446289, 84.59905242919922, 29.73213768005371, 103.23758697509766, 57.00876998901367, 57.07889175415039, 69.72087097167969, 117.90250396728516, 107.70793914794922, 97.67292022705078, 129.4681396484375, 147.64822387695312, 144.47491455078125, 89.87213134765625, 94.62557983398438, 16.155494689941406, 127.20063018798828, 128.40560913085938, 65.76473236083984, 160.46495056152344, 155.86212158203125, 20.099750518798828, 119.57006072998047, 102.04410552978516, 110.86027526855469, 34.1760139465332, 45.486263275146484, 45.7055778503418, 42.95346450805664, 80.0624771118164, 120.41594696044922, 149.26486206054688, 198.72845458984375], [104.92378234863281, 100.80178833007812, 60.464866638183594, 30.066593170166016, 18.439088821411133, 103.3924560546875, 10.198039054870605, 102.94173431396484, 94.81033325195312, 0.0, 33.0151481628418, 34.1760139465332, 97.86214447021484, 91.21951293945312, 54.33230972290039, 72.44998168945312, 105.26158142089844, 13.45362377166748, 149.58609008789062, 53.36665725708008, 59.6824951171875, 120.33702850341797, 71.58910369873047, 126.73200225830078, 95.60334777832031, 136.3561553955078, 15.033296585083008, 109.123779296875, 83.72574615478516, 109.23827362060547, 52.201534271240234, 71.19690704345703, 53.0, 98.76234436035156, 93.86160278320312, 26.90724754333496, 116.29703521728516, 114.21470642089844, 52.92447280883789, 87.86353302001953, 14.21267032623291, 15.264337539672852, 78.71467590332031, 37.48332977294922, 60.406951904296875, 39.31920623779297, 111.57060241699219, 66.2872543334961, 112.36102294921875, 27.20294189453125, 8.0, 18.027755737304688, 128.86038208007812, 60.13318634033203, 116.18089294433594, 126.30122375488281, 125.39936065673828, 62.68173599243164, 80.0062484741211, 112.16059875488281], [122.20065307617188, 76.05918884277344, 90.07774353027344, 63.0079345703125, 23.021728515625, 80.99382781982422, 32.280025482177734, 79.6303939819336, 66.21932983398438, 33.0151481628418, 0.0, 55.803226470947266, 92.04889678955078, 90.93404388427734, 61.269893646240234, 92.6336898803711, 74.09453582763672, 44.14748001098633, 121.40016174316406, 57.00876998901367, 50.03998565673828, 87.3670425415039, 91.24143981933594, 108.30050659179688, 119.20570373535156, 105.55093383789062, 48.041648864746094, 89.89994812011719, 84.89994049072266, 76.92203521728516, 70.03570556640625, 39.560081481933594, 44.283180236816406, 68.02940368652344, 78.43468475341797, 55.6596794128418, 89.02246856689453, 97.08243560791016, 84.64632415771484, 88.28363037109375, 24.166091918945312, 28.65309715270996, 50.93132781982422, 70.1783447265625, 66.30987548828125, 8.485280990600586, 109.11461639404297, 89.64373779296875, 81.88406372070312, 54.12947463989258, 41.01219177246094, 51.0, 99.32270812988281, 27.166154861450195, 96.60227966308594, 93.86160278320312, 93.92018127441406, 85.0, 87.8464584350586, 133.00375366210938], [70.7742919921875, 130.81666564941406, 38.05259704589844, 38.470767974853516, 32.80244064331055, 134.61798095703125, 44.271888732910156, 133.7348175048828, 122.00409698486328, 34.1760139465332, 55.803226470947266, 0.0, 76.05918884277344, 65.3681869506836, 28.42534065246582, 38.587562561035156, 114.15778350830078, 23.0867919921875, 177.20045471191406, 31.240999221801758, 93.4772720336914, 138.22084045410156, 37.58989334106445, 115.12167358398438, 63.65532302856445, 160.75135803222656, 31.14482307434082, 141.60508728027344, 117.27745056152344, 130.6790008544922, 81.22191619873047, 84.17243957519531, 86.76981353759766, 107.11676025390625, 81.98780059814453, 50.635955810546875, 117.08544158935547, 102.08329772949219, 38.897300720214844, 61.773780822753906, 32.526912689208984, 27.58622932434082, 106.52699279785156, 45.486263275146484, 33.83784866333008, 57.706153869628906, 85.8836441040039, 33.970577239990234, 137.37904357910156, 10.770329475402832, 32.24903106689453, 33.541019439697266, 155.03871154785156, 80.49844360351562, 148.60012817382812, 147.07821655273438, 134.03358459472656, 87.09190368652344, 49.24428939819336, 78.81623840332031], [76.2364730834961, 157.56268310546875, 103.17460632324219, 114.03946685791016, 82.00609588623047, 165.16961669921875, 106.56922912597656, 162.7820587158203, 141.73919677734375, 97.86214447021484, 92.04889678955078, 76.05918884277344, 0.0, 16.124515533447266, 47.6340217590332, 72.80110168457031, 92.6336898803711, 94.02127075195312, 189.8973388671875, 45.79301071166992, 142.08799743652344, 130.59861755371094, 70.93659210205078, 49.09175109863281, 95.18928527832031, 165.85536193847656, 103.44564056396484, 176.70596313476562, 175.78680419921875, 133.45411682128906, 150.05332946777344, 85.08818817138672, 136.23509216308594, 87.04596710205078, 29.20616340637207, 122.54386901855469, 76.5375747680664, 38.20994567871094, 110.7519760131836, 18.681541442871094, 85.72631072998047, 82.87339782714844, 131.47242736816406, 121.40016174316406, 42.44997024536133, 86.05230712890625, 18.788293838500977, 81.39410400390625, 148.060791015625, 86.40023040771484, 101.07917785644531, 106.67708587646484, 166.09033203125, 97.98469543457031, 182.660888671875, 144.8067626953125, 106.01886749267578, 159.6558837890625, 38.60051727294922, 94.13288116455078], [60.530982971191406, 161.00311279296875, 89.02246856689453, 103.83159637451172, 77.23341369628906, 167.96725463867188, 100.62306213378906, 165.84933471679688, 146.23953247070312, 91.21951293945312, 90.93404388427734, 65.3681869506836, 16.124515533447266, 0.0, 37.6961555480957, 57.27128601074219, 103.4069595336914, 85.4400405883789, 196.64434814453125, 37.85498809814453, 140.4314727783203, 140.0142822265625, 55.46169662475586, 65.19202423095703, 79.07591247558594, 173.66635131835938, 94.70480346679688, 178.7316436767578, 172.2353057861328, 141.0319061279297, 143.13629150390625, 90.97252655029297, 134.23858642578125, 97.30878448486328, 42.154476165771484, 114.23221588134766, 90.07774353027344, 54.037025451660156, 97.58073425292969, 3.605551242828369, 80.5046615600586, 76.94153594970703, 134.62911987304688, 110.7880859375, 31.78049659729004, 86.12200927734375, 20.615528106689453, 66.37017059326172, 154.4862518310547, 76.05918884277344, 93.30059051513672, 97.69339752197266, 172.794677734375, 101.23734283447266, 185.0, 153.57408142089844, 118.3385009765625, 151.3472900390625, 22.847318649291992, 78.31346893310547], [62.96824645996094, 136.4587860107422, 59.46427536010742, 66.5732650756836, 42.7551155090332, 142.0211181640625, 64.1248779296875, 140.4599609375, 124.32618713378906, 54.33230972290039, 61.269893646240234, 28.42534065246582, 47.6340217590332, 37.6961555480957, 0.0, 39.560081481933594, 100.0, 47.75981521606445, 178.21334838867188, 6.324555397033691, 107.93516540527344, 130.249755859375, 37.64305877685547, 88.54942321777344, 67.67569732666016, 158.3824462890625, 57.00876998901367, 151.1687774658203, 137.09121704101562, 126.40016174316406, 105.75916290283203, 76.00657653808594, 101.41498565673828, 93.00537872314453, 56.30275344848633, 76.5506362915039, 97.0, 75.58438873291016, 64.66065216064453, 34.1760139465332, 45.27692413330078, 41.04875183105469, 110.43550109863281, 73.81734466552734, 6.082762718200684, 59.07622146606445, 58.30952072143555, 43.011627197265625, 136.51739501953125, 38.832977294921875, 55.785301208496094, 60.008331298828125, 154.87091064453125, 79.24645233154297, 157.86703491210938, 141.4496307373047, 118.66339111328125, 113.6529769897461, 26.925823211669922, 76.5506362915039], [32.98484420776367, 168.50518798828125, 35.84689712524414, 67.02984619140625, 70.1783447265625, 172.73390197753906, 82.3468246459961, 171.70323181152344, 158.5496826171875, 72.44998168945312, 92.6336898803711, 38.587562561035156, 72.80110168457031, 57.27128601074219, 39.560081481933594, 0.0, 139.56002807617188, 60.16643524169922, 213.4595947265625, 45.880279541015625, 132.0037841796875, 169.0561981201172, 2.0, 120.54045104980469, 28.23118782043457, 195.3048858642578, 66.21932983398438, 180.06942749023438, 154.12008666992188, 163.98170471191406, 114.85643005371094, 114.49017333984375, 125.29964447021484, 132.5631866455078, 91.3509750366211, 83.86298370361328, 135.44740295410156, 108.25894927978516, 48.10405349731445, 54.230987548828125, 70.60453033447266, 65.6048812866211, 143.54441833496094, 71.17584228515625, 39.31920623779297, 92.95697784423828, 73.81734466552734, 11.180339813232422, 172.60939025878906, 45.880279541015625, 69.28924560546875, 67.46851348876953, 190.688232421875, 115.0, 187.0427703857422, 179.6023406982422, 158.15182495117188, 117.0384521484375, 34.438350677490234, 40.45985794067383], [158.76083374023438, 88.5268325805664, 152.21038818359375, 134.93702697753906, 89.10667419433594, 98.23441314697266, 106.28263854980469, 94.83142852783203, 70.0927963256836, 105.26158142089844, 74.09453582763672, 114.15778350830078, 92.6336898803711, 103.4069595336914, 100.0, 139.56002807617188, 0.0, 113.28282928466797, 103.84603881835938, 93.68030548095703, 104.7377700805664, 39.357337951660156, 137.64083862304688, 70.0927963256836, 167.6305389404297, 77.49193572998047, 119.64112854003906, 112.08924865722656, 141.99295043945312, 48.25971221923828, 141.5097198486328, 34.539833068847656, 102.55242919921875, 7.071067810058594, 63.70243453979492, 129.6919403076172, 28.017850875854492, 67.11929321289062, 151.11915588378906, 103.2279052734375, 92.57429504394531, 94.8946762084961, 69.77105712890625, 142.63589477539062, 100.90093994140625, 66.40782928466797, 110.45361328125, 141.99295043945312, 66.06814575195312, 118.06777954101562, 113.03096771240234, 123.0, 81.39410400390625, 51.61395263671875, 115.73245239257812, 54.625999450683594, 20.2237491607666, 157.64834594726562, 116.29703521728516, 174.64248657226562], [92.97311401367188, 114.20157623291016, 47.16990661621094, 22.825424194335938, 24.1867733001709, 116.84605407714844, 22.472204208374023, 116.38728332519531, 107.82392883300781, 13.45362377166748, 44.14748001098633, 23.0867919921875, 94.02127075195312, 85.4400405883789, 47.75981521606445, 60.16643524169922, 113.28282928466797, 0.0, 162.75440979003906, 48.30113983154297, 72.67048645019531, 131.240234375, 59.46427536010742, 127.4754867553711, 82.4196548461914, 148.9295196533203, 9.433980941772461, 122.4948959350586, 94.3663101196289, 121.03718566894531, 58.54912567138672, 80.09993743896484, 66.0302963256836, 106.53168487548828, 94.11163330078125, 28.792360305786133, 121.63058471679688, 114.62983703613281, 40.52159881591797, 81.93289947509766, 21.0, 18.439088821411133, 91.78779602050781, 30.886890411376953, 53.75872039794922, 49.162994384765625, 106.04244232177734, 53.33854293823242, 125.00399780273438, 14.317821502685547, 9.219544410705566, 12.806248664855957, 141.7674102783203, 71.19690704345703, 129.5569305419922, 138.0036163330078, 133.50656127929688, 65.92420196533203, 71.56814575195312, 99.36296844482422], [241.12445068359375, 50.96076965332031, 209.9142608642578, 175.45370483398438, 144.4022216796875, 53.23532485961914, 143.1083526611328, 51.62363815307617, 55.217750549316406, 149.58609008789062, 121.40016174316406, 177.20045471191406, 189.8973388671875, 196.64434814453125, 178.21334838867188, 213.4595947265625, 103.84603881835938, 162.75440979003906, 0.0, 172.62677001953125, 101.63660430908203, 65.76473236083984, 211.9457550048828, 173.92239379882812, 240.50779724121094, 27.073972702026367, 163.24827575683594, 58.54912567138672, 119.33985137939453, 56.859474182128906, 150.0966339111328, 105.68348693847656, 106.04244232177734, 106.89247131347656, 163.24827575683594, 160.11245727539062, 130.81666564941406, 170.4611358642578, 202.1806182861328, 195.3048858642578, 145.086181640625, 149.84324645996094, 71.02112579345703, 180.31361389160156, 181.892822265625, 120.50726318359375, 208.63365173339844, 211.02133178710938, 42.20189666748047, 174.7340850830078, 156.58863830566406, 165.0242462158203, 23.853721618652344, 98.99494934082031, 54.5710563659668, 50.35871505737305, 103.31021118164062, 166.460205078125, 202.1806182861328, 253.46400451660156], [68.7677230834961, 131.54847717285156, 64.56005096435547, 68.4105224609375, 40.04996871948242, 137.3535614013672, 62.801273345947266, 135.6945037841797, 119.01680755615234, 53.36665725708008, 57.00876998901367, 31.240999221801758, 45.79301071166992, 37.85498809814453, 6.324555397033691, 45.880279541015625, 93.68030548095703, 48.30113983154297, 172.62677001953125, 0.0, 104.7377700805664, 124.03628540039062, 43.96589660644531, 84.2199478149414, 74.0, 152.50245666503906, 57.706153869628906, 146.81961059570312, 135.0037078857422, 120.42009735107422, 105.36128234863281, 69.89277648925781, 98.31072998046875, 86.68333435058594, 51.4781494140625, 76.967529296875, 91.02197265625, 71.19690704345703, 68.88395690917969, 34.525352478027344, 43.011627197265625, 39.20458984375, 105.39450073242188, 75.92759704589844, 9.433980941772461, 54.20331954956055, 58.24087905883789, 49.09175109863281, 130.81666564941406, 41.03656768798828, 55.71355438232422, 60.90156173706055, 149.20120239257812, 73.75635528564453, 153.44705200195312, 135.3513946533203, 112.37882232666016, 114.12712097167969, 30.870698928833008, 82.68010711669922], [164.14932250976562, 50.80354309082031, 117.4137954711914, 78.24320983886719, 65.25334930419922, 49.39635467529297, 50.21951675415039, 50.28916549682617, 54.7448616027832, 59.6824951171875, 50.03998565673828, 93.4772720336914, 142.08799743652344, 140.4314727783203, 107.93516540527344, 132.0037841796875, 104.7377700805664, 72.67048645019531, 101.63660430908203, 104.7377700805664, 0.0, 98.41239929199219, 131.06105041503906, 154.72879028320312, 155.08062744140625, 97.08243560791016, 69.42621612548828, 51.400390625, 37.735923767089844, 81.3449478149414, 49.04079818725586, 74.94664764404297, 6.7082037925720215, 100.89598846435547, 127.12198638916016, 60.74536895751953, 127.31456756591797, 144.5441131591797, 106.96260833740234, 137.6154022216797, 63.24555206298828, 68.00735473632812, 41.78516387939453, 81.54139709472656, 113.56495666503906, 56.56854248046875, 159.02830505371094, 125.93649291992188, 74.81310272216797, 86.8216552734375, 64.20280456542969, 70.00714111328125, 86.05230712890625, 55.226806640625, 58.41232681274414, 96.84007263183594, 121.16517639160156, 66.00757598876953, 134.85177612304688, 171.84295654296875], [191.92706298828125, 64.20280456542969, 175.3539276123047, 150.16323852539062, 108.06016540527344, 73.81734466552734, 118.00423431396484, 70.21395874023438, 48.10405349731445, 120.33702850341797, 87.3670425415039, 138.22084045410156, 130.59861755371094, 140.0142822265625, 130.249755859375, 169.0561981201172, 39.357337951660156, 131.240234375, 65.76473236083984, 124.03628540039062, 98.41239929199219, 0.0, 167.26026916503906, 108.78418731689453, 197.25364685058594, 38.832977294921875, 135.36985778808594, 87.3670425415039, 131.7459716796875, 18.384777069091797, 143.68020629882812, 54.625999450683594, 98.79270935058594, 43.8292121887207, 102.2007827758789, 140.2889862060547, 65.25334930419922, 106.45186614990234, 171.47010803222656, 139.38795471191406, 110.47624206542969, 114.14026641845703, 56.82429122924805, 157.02865600585938, 132.40090942382812, 82.20097351074219, 148.83883666992188, 169.5435028076172, 34.438350677490234, 139.4883575439453, 128.31600952148438, 138.231689453125, 45.09988784790039, 60.20797348022461, 89.06739044189453, 15.524174690246582, 38.05259704589844, 160.85397338867188, 150.20652770996094, 206.66156005859375], [33.52610778808594, 167.1705780029297, 36.8917350769043, 67.0, 68.88395690917969, 171.47886657714844, 81.54139709472656, 170.41712951660156, 157.07960510253906, 71.58910369873047, 91.24143981933594, 37.58989334106445, 70.93659210205078, 55.46169662475586, 37.64305877685547, 2.0, 137.64083862304688, 59.46427536010742, 211.9457550048828, 43.96589660644531, 131.06105041503906, 167.26026916503906, 0.0, 118.60016632080078, 30.08321762084961, 193.66981506347656, 65.73431396484375, 178.92176818847656, 153.57408142089844, 162.2898712158203, 114.62983703613281, 112.71202087402344, 124.35433197021484, 130.64837646484375, 89.35882568359375, 83.6002426147461, 133.45411682128906, 106.30146026611328, 48.84669876098633, 52.39274597167969, 69.40460968017578, 64.40496826171875, 142.13021850585938, 71.34423828125, 37.336307525634766, 91.43850708007812, 72.20111083984375, 12.206555366516113, 171.02630615234375, 45.221675872802734, 68.62215423583984, 67.08203887939453, 189.12957763671875, 113.4063491821289, 185.88436889648438, 177.86793518066406, 156.20498657226562, 117.1067886352539, 32.649654388427734, 41.773197174072266], [125.03599548339844, 154.05194091796875, 147.7328643798828, 149.80320739746094, 108.46658325195312, 163.19619750976562, 133.0601348876953, 160.11245727539062, 136.0, 126.73200225830078, 108.30050659179688, 115.12167358398438, 49.09175109863281, 65.19202423095703, 88.54942321777344, 120.54045104980469, 70.0927963256836, 127.4754867553711, 173.92239379882812, 84.2199478149414, 154.72879028320312, 108.78418731689453, 118.60016632080078, 0.0, 144.12841796875, 147.41099548339844, 136.56134033203125, 176.47946166992188, 191.84629821777344, 118.06777954101562, 176.23280334472656, 82.37718200683594, 150.233154296875, 67.74215698242188, 33.42155075073242, 153.52198791503906, 43.863426208496094, 13.03840446472168, 153.0751495361328, 67.47592163085938, 112.69871520996094, 111.7586669921875, 130.86251831054688, 157.7466278076172, 85.08818817138672, 100.18482971191406, 58.694122314453125, 128.08200073242188, 135.48431396484375, 124.03628540039062, 132.23086547851562, 140.12136840820312, 151.41995239257812, 101.13851928710938, 181.1767120361328, 124.27791595458984, 74.79304504394531, 188.9867706298828, 87.132080078125, 143.0139923095703], [27.658634185791016, 194.4659423828125, 42.7551155090332, 82.87339782714844, 96.33275604248047, 198.1161346435547, 104.86181640625, 197.31446838378906, 185.39956665039062, 95.60334777832031, 119.20570373535156, 63.65532302856445, 95.18928527832031, 79.07591247558594, 67.67569732666016, 28.23118782043457, 167.6305389404297, 82.4196548461914, 240.50779724121094, 74.0, 155.08062744140625, 197.25364685058594, 30.08321762084961, 144.12841796875, 0.0, 222.99102783203125, 86.45230102539062, 204.60693359375, 173.32627868652344, 191.90882873535156, 131.24404907226562, 142.6639404296875, 148.44863891601562, 160.6549072265625, 117.0384521484375, 101.39033508300781, 162.49615478515625, 132.45753479003906, 56.718605041503906, 76.65507507324219, 96.17691802978516, 91.24143981933594, 170.08233642578125, 84.64632415771484, 66.94026947021484, 120.2081527709961, 91.76055908203125, 29.698484420776367, 200.06248474121094, 68.4105224609375, 90.97252655029297, 86.76981353759766, 218.00228881835938, 142.56227111816406, 211.64593505859375, 207.66319274902344, 186.03494262695312, 130.04998779296875, 57.14017868041992, 20.0], [221.26907348632812, 48.764739990234375, 195.56329345703125, 164.28329467773438, 128.36276245117188, 55.54277801513672, 131.32022094726562, 52.55473327636719, 43.28972244262695, 136.3561553955078, 105.55093383789062, 160.75135803222656, 165.85536193847656, 173.66635131835938, 158.3824462890625, 195.3048858642578, 77.49193572998047, 148.9295196533203, 27.073972702026367, 152.50245666503906, 97.08243560791016, 38.832977294921875, 193.66981506347656, 147.41099548339844, 222.99102783203125, 0.0, 150.84097290039062, 66.0378646850586, 122.4132308959961, 32.649654388427734, 146.01370239257812, 83.4505844116211, 100.0199966430664, 81.02468872070312, 138.4232635498047, 150.814453125, 104.04806518554688, 144.47145080566406, 189.25643920898438, 172.5948944091797, 129.71121215820312, 134.16407775878906, 59.03388977050781, 170.01763916015625, 161.52398681640625, 103.07764434814453, 184.4586639404297, 193.98196411132812, 24.041629791259766, 159.67779541015625, 143.89231872558594, 153.0751495361328, 13.03840446472168, 80.4549560546875, 64.81512451171875, 23.34523582458496, 76.2364730834961, 163.07667541503906, 181.0248565673828, 234.61671447753906], [99.20181274414062, 113.74093627929688, 48.10405349731445, 15.29705810546875, 31.016124725341797, 115.60276794433594, 20.248456954956055, 115.43396759033203, 108.85311126708984, 15.033296585083008, 48.041648864746094, 31.14482307434082, 103.44564056396484, 94.70480346679688, 57.00876998901367, 66.21932983398438, 119.64112854003906, 9.433980941772461, 163.24827575683594, 57.706153869628906, 69.42621612548828, 135.36985778808594, 65.73431396484375, 136.56134033203125, 86.45230102539062, 150.84097290039062, 0.0, 120.24142456054688, 87.93179321289062, 124.14910125732422, 50.08992004394531, 85.84288024902344, 62.96824645996094, 113.03096771240234, 103.24727630615234, 19.646883010864258, 129.35609436035156, 123.76187133789062, 38.94868469238281, 91.18113708496094, 27.20294189453125, 25.942243576049805, 92.70382690429688, 23.0867919921875, 62.96824645996094, 54.147945404052734, 115.31695556640625, 58.30952072143555, 126.81088256835938, 21.02379608154297, 7.071067810058594, 3.605551242828369, 143.0, 75.1664810180664, 127.3106460571289, 141.2303009033203, 139.83204650878906, 56.64803695678711, 80.23091888427734, 104.27847290039062], [211.151611328125, 23.76972770690918, 168.34487915039062, 129.6302490234375, 110.45361328125, 13.928388595581055, 100.41912078857422, 17.464248657226562, 42.05948257446289, 109.123779296875, 89.89994812011719, 141.60508728027344, 176.70596313476562, 178.7316436767578, 151.1687774658203, 180.06942749023438, 112.08924865722656, 122.4948959350586, 58.54912567138672, 146.81961059570312, 51.400390625, 87.3670425415039, 178.92176818847656, 176.47946166992188, 204.60693359375, 66.0378646850586, 120.24142456054688, 0.0, 61.00819778442383, 69.46221923828125, 95.85926818847656, 95.02104949951172, 57.48912811279297, 111.40017700195312, 155.54420471191406, 112.07140350341797, 139.4883575439453, 169.0118408203125, 158.25611877441406, 176.46530151367188, 109.55364227294922, 114.54693603515625, 46.04345703125, 132.879638671875, 156.16978454589844, 93.04837799072266, 195.0281982421875, 175.0714111328125, 53.413482666015625, 136.23509216308594, 114.56002807617188, 121.0826187133789, 53.0, 78.91767883300781, 7.071067810058594, 77.89736938476562, 121.74153137207031, 111.12605285644531, 177.68792724609375, 220.41778564453125], [187.08554077148438, 73.68174743652344, 131.94696044921875, 90.78546142578125, 95.04735565185547, 67.46851348876953, 73.55270385742188, 70.0927963256836, 84.59905242919922, 83.72574615478516, 84.89994049072266, 117.27745056152344, 175.78680419921875, 172.2353057861328, 137.09121704101562, 154.12008666992188, 141.99295043945312, 94.3663101196289, 119.33985137939453, 135.0037078857422, 37.735923767089844, 131.7459716796875, 153.57408142089844, 191.84629821777344, 173.32627868652344, 122.4132308959961, 87.93179321289062, 61.00819778442383, 0.0, 113.74093627929688, 44.68780517578125, 112.68096923828125, 41.62931823730469, 138.4051971435547, 163.2176513671875, 72.01388549804688, 165.0242462158203, 181.298095703125, 119.20150756835938, 169.14491271972656, 92.0, 96.04686737060547, 75.43209075927734, 90.73587799072266, 143.05593872070312, 92.34716796875, 191.7550506591797, 146.1095428466797, 103.36827087402344, 108.41586303710938, 85.14693450927734, 86.97700500488281, 109.8954086303711, 92.96235656738281, 66.12110137939453, 127.4754867553711, 157.6864013671875, 55.4707145690918, 163.4411163330078, 191.83847045898438], [189.12957763671875, 46.04345703125, 166.68833923339844, 138.45216369628906, 99.02020263671875, 55.75840759277344, 105.68348693847656, 52.15361785888672, 29.73213768005371, 109.23827362060547, 76.92203521728516, 130.6790008544922, 133.45411682128906, 141.0319061279297, 126.40016174316406, 163.98170471191406, 48.25971221923828, 121.03718566894531, 56.859474182128906, 120.42009735107422, 81.3449478149414, 18.384777069091797, 162.2898712158203, 118.06777954101562, 191.90882873535156, 32.649654388427734, 124.14910125732422, 69.46221923828125, 113.74093627929688, 0.0, 127.88275909423828, 50.93132781982422, 82.2800064086914, 50.447994232177734, 106.43777465820312, 127.06297302246094, 76.10519409179688, 113.88591003417969, 161.55494689941406, 139.9464111328125, 100.88111877441406, 105.0047607421875, 39.560081481933594, 144.88616943359375, 129.32130432128906, 73.16419982910156, 152.1216583251953, 163.29421997070312, 18.11077117919922, 130.63307189941406, 117.08544158935547, 126.75172424316406, 33.52610778808594, 50.32891845703125, 71.58910369873047, 17.11724281311035, 53.16013717651367, 145.13441467285156, 148.5530242919922, 202.85215759277344], [147.64822387695312, 99.60923767089844, 88.95504760742188, 48.50773239135742, 68.88395690917969, 97.08243560791016, 43.8292121887207, 98.47842407226562, 103.23758697509766, 52.201534271240234, 70.03570556640625, 81.22191619873047, 150.05332946777344, 143.13629150390625, 105.75916290283203, 114.85643005371094, 141.5097198486328, 58.54912567138672, 150.0966339111328, 105.36128234863281, 49.04079818725586, 143.68020629882812, 114.62983703613281, 176.23280334472656, 131.24404907226562, 146.01370239257812, 50.08992004394531, 95.85926818847656, 44.68780517578125, 127.88275909423828, 0.0, 107.64757537841797, 46.173583984375, 136.18002319335938, 144.26712036132812, 31.064449310302734, 158.90248107910156, 164.19500732421875, 75.64390563964844, 139.7175750732422, 64.8459701538086, 67.23094177246094, 88.95504760742188, 47.01063537597656, 111.83023071289062, 78.51751708984375, 163.60012817382812, 105.72132873535156, 123.32882690429688, 71.02816009521484, 50.0099983215332, 48.0, 135.09255981445312, 90.04998779296875, 102.31813049316406, 144.1839141845703, 160.2622833251953, 17.262676239013672, 130.11532592773438, 150.4160919189453], [138.4051971435547, 73.82411193847656, 121.82364654541016, 101.11874389648438, 56.00892639160156, 82.2982406616211, 71.7844009399414, 79.5110092163086, 57.00876998901367, 71.19690704345703, 39.560081481933594, 84.17243957519531, 85.08818817138672, 90.97252655029297, 76.00657653808594, 114.49017333984375, 34.539833068847656, 80.09993743896484, 105.68348693847656, 69.89277648925781, 74.94664764404297, 54.625999450683594, 112.71202087402344, 82.37718200683594, 142.6639404296875, 83.4505844116211, 85.84288024902344, 95.02104949951172, 112.68096923828125, 50.93132781982422, 107.64757537841797, 0.0, 71.61005401611328, 28.65309715270996, 61.0, 95.18928527832031, 52.63079071044922, 74.1080322265625, 119.20570373535156, 89.62700653076172, 59.13543701171875, 62.0, 49.0, 108.67382049560547, 78.60025787353516, 32.015621185302734, 103.87010955810547, 114.94781494140625, 63.51377868652344, 86.46965026855469, 79.07591247558594, 89.10667419433594, 81.84130859375, 19.72308349609375, 100.24469757080078, 65.45991516113281, 54.4058837890625, 123.49089050292969, 97.62171936035156, 152.55490112304688], [157.44204711914062, 55.081756591796875, 111.01801300048828, 72.20111083984375, 58.694122314453125, 54.5618896484375, 43.600460052490234, 55.154327392578125, 57.07889175415039, 53.0, 44.283180236816406, 86.76981353759766, 136.23509216308594, 134.23858642578125, 101.41498565673828, 125.29964447021484, 102.55242919921875, 66.0302963256836, 106.04244232177734, 98.31072998046875, 6.7082037925720215, 98.79270935058594, 124.35433197021484, 150.233154296875, 148.44863891601562, 100.0199966430664, 62.96824645996094, 57.48912811279297, 41.62931823730469, 82.2800064086914, 46.173583984375, 71.61005401611328, 0.0, 98.35140991210938, 122.00409698486328, 55.07267761230469, 124.20144653320312, 139.78555297851562, 100.76705932617188, 131.38111877441406, 56.61272048950195, 61.35144805908203, 42.95346450805664, 75.80237579345703, 107.07940673828125, 51.195701599121094, 153.0, 119.26860809326172, 77.16217041015625, 80.15609741210938, 57.628116607666016, 63.65532302856445, 89.45389556884766, 52.009613037109375, 64.53681182861328, 98.27003479003906, 119.63277435302734, 63.3876953125, 128.31991577148438, 165.15750122070312], [152.06906127929688, 88.1192398071289, 145.1688690185547, 128.31991577148438, 82.37718200683594, 97.67292022705078, 100.08995819091797, 94.3663101196289, 69.72087097167969, 98.76234436035156, 68.02940368652344, 107.11676025390625, 87.04596710205078, 97.30878448486328, 93.00537872314453, 132.5631866455078, 7.071067810058594, 106.53168487548828, 106.89247131347656, 86.68333435058594, 100.89598846435547, 43.8292121887207, 130.64837646484375, 67.74215698242188, 160.6549072265625, 81.02468872070312, 113.03096771240234, 111.40017700195312, 138.4051971435547, 50.447994232177734, 136.18002319335938, 28.65309715270996, 98.35140991210938, 0.0, 58.41232681274414, 123.49089050292969, 28.160255432128906, 63.5688591003418, 144.1700439453125, 97.00515747070312, 85.90692901611328, 88.1192398071289, 67.779052734375, 136.06248474121094, 93.98403930664062, 60.16643524169922, 105.11898040771484, 134.93702697753906, 67.74215698242188, 111.11255645751953, 106.48004150390625, 116.41735076904297, 83.93450164794922, 46.75468063354492, 115.41230773925781, 58.66856002807617, 27.073972702026367, 152.1216583251953, 109.65856170654297, 167.83920288085938], [101.86756134033203, 134.80726623535156, 115.76700592041016, 116.38728332519531, 75.80237579345703, 143.13629150390625, 100.68763732910156, 140.4314727783203, 117.90250396728516, 93.86160278320312, 78.43468475341797, 81.98780059814453, 29.20616340637207, 42.154476165771484, 56.30275344848633, 91.3509750366211, 63.70243453979492, 94.11163330078125, 163.24827575683594, 51.4781494140625, 127.12198638916016, 102.2007827758789, 89.35882568359375, 33.42155075073242, 117.0384521484375, 138.4232635498047, 103.24727630615234, 155.54420471191406, 163.2176513671875, 106.43777465820312, 144.26712036132812, 61.0, 122.00409698486328, 58.41232681274414, 0.0, 120.50726318359375, 47.92702865600586, 20.51828384399414, 120.30377960205078, 43.011627197265625, 80.0, 78.74642944335938, 109.55364227294922, 124.32618713378906, 53.600372314453125, 70.88018035888672, 46.75468063354492, 97.67292022705078, 122.00409698486328, 90.69729614257812, 99.08582305908203, 106.79419708251953, 139.61734008789062, 77.0064926147461, 161.0093231201172, 116.76471710205078, 76.843994140625, 156.40013122558594, 60.406951904296875, 119.2392578125], [116.7261734008789, 109.3846435546875, 60.0333251953125, 18.867961883544922, 45.343135833740234, 109.59014892578125, 23.409399032592773, 110.0227279663086, 107.70793914794922, 26.90724754333496, 55.6596794128418, 50.635955810546875, 122.54386901855469, 114.23221588134766, 76.5506