{"name": "LZB_n30_20", "n": 30, "m": 9, "times": [[0.0, 138.231689453125, 144.03125, 138.4051971435547, 62.3939094543457, 118.2962417602539, 134.3800506591797, 88.27796936035156, 107.22872924804688, 132.24220275878906, 115.97413635253906, 78.10890197753906, 148.40484619140625, 77.801025390625, 37.947330474853516, 84.15461730957031, 105.10946655273438, 116.55899810791016, 80.77747344970703, 73.38937377929688, 152.89866638183594, 56.30275344848633, 142.77955627441406, 30.5941162109375, 58.18934631347656, 102.21546173095703, 111.35977935791016, 45.80392837524414, 95.85405731201172, 109.20164489746094, 29.73213768005371, 128.8914337158203, 47.16990661621094, 147.47203063964844, 104.17293548583984, 46.86149978637695, 151.60804748535156, 90.55384826660156, 107.91200256347656, 99.4032211303711, 149.48243713378906, 52.92447280883789, 107.56393432617188, 125.31958770751953, 9.486832618713379, 26.0, 89.44271850585938, 142.63589477539062, 59.07622146606445, 38.01315689086914, 102.23991394042969, 60.083274841308594, 48.91830062866211, 44.92215347290039, 24.083189010620117, 82.03657531738281, 34.66987228393555, 72.0, 21.095022201538086, 112.29425811767578], [138.231689453125, 0.0, 121.6429214477539, 80.99382781982422, 168.58529663085938, 202.37094116210938, 94.3716049194336, 52.201534271240234, 164.2010955810547, 6.0, 123.32882690429688, 182.4636993408203, 84.40379333496094, 207.4246826171875, 102.07839965820312, 130.0845947265625, 50.0, 160.03125, 195.77793884277344, 76.48529052734375, 110.67971801757812, 113.88591003417969, 78.08969116210938, 168.01190185546875, 169.16854858398438, 66.60330200195312, 208.40585327148438, 171.02630615234375, 58.30952072143555, 106.8877944946289, 119.33147430419922, 59.50630187988281, 181.03314208984375, 60.0, 34.058773040771484, 116.6190414428711, 75.02666473388672, 90.0, 31.575305938720703, 67.17886352539062, 80.3056640625, 167.96725463867188, 31.14482307434082, 100.70252990722656, 141.0035400390625, 128.99612426757812, 50.635955810546875, 51.03919982910156, 119.47384643554688, 106.96260833740234, 39.0, 135.59498596191406, 176.63804626464844, 95.13148498535156, 120.26637268066406, 203.00245666503906, 112.29425811767578, 66.48307800292969, 159.11317443847656, 124.52308654785156], [144.03125, 121.6429214477539, 0.0, 42.01190185546875, 122.1883773803711, 119.06720733642578, 27.294687271118164, 124.06449890136719, 77.64663696289062, 119.10079956054688, 31.38471031188965, 219.9136199951172, 43.416587829589844, 219.5723114013672, 115.45128631591797, 66.85057830810547, 80.23091888427734, 65.03076171875, 224.6597442626953, 142.79005432128906, 19.416488647460938, 87.80091094970703, 190.46522521972656, 159.11317443847656, 200.48191833496094, 65.12296295166016, 134.08206176757812, 189.83413696289062, 79.10120391845703, 34.98571014404297, 150.37619018554688, 62.17716598510742, 188.5205535888672, 177.41758728027344, 112.78740692138672, 162.2498016357422, 191.20669555664062, 57.87054443359375, 105.5367202758789, 157.15597534179688, 194.75625610351562, 195.88772583007812, 108.46658325195312, 24.0, 138.68309020996094, 118.84864044189453, 101.07917785644531, 168.23793029785156, 173.65771484375, 143.02447509765625, 125.29964447021484, 185.74444580078125, 147.87156677246094, 111.78997802734375, 120.65238952636719, 155.077392578125, 146.70037841796875, 117.61377716064453, 155.72412109375, 35.84689712524414], [138.4051971435547, 80.99382781982422, 42.01190185546875, 0.0, 135.5175323486328, 147.87156677246094, 15.81138801574707, 93.62158203125, 105.5367202758789, 79.12016296386719, 55.6596794128418, 207.8196258544922, 10.0, 216.20591735839844, 103.24727630615234, 81.1541748046875, 47.53945541381836, 96.13532257080078, 215.66873168945312, 116.45600128173828, 29.832868576049805, 87.23531341552734, 153.73353576660156, 160.2622833251953, 189.63648986816406, 38.832977294921875, 159.80300903320312, 182.78402709960938, 50.990196228027344, 44.10215377807617, 136.23509216308594, 22.203603744506836, 185.421142578125, 138.85243225097656, 78.23043060302734, 144.2220458984375, 153.22206115722656, 49.19349670410156, 70.06425476074219, 125.44719696044922, 157.40711975097656, 185.98118591308594, 73.06161499023438, 27.513633728027344, 135.62448120117188, 116.6190414428711, 71.47027587890625, 129.63409423828125, 153.68148803710938, 126.40016174316406, 91.3509750366211, 167.81536865234375, 155.92626953125, 97.62171936035156, 114.40279388427734, 171.14321899414062, 131.0343475341797, 92.19544219970703, 154.5477294921875, 58.94064712524414], [62.3939094543457, 168.58529663085938, 122.1883773803711, 135.5175323486328, 0.0, 56.29387283325195, 125.0, 128.63125610351562, 57.45433044433594, 162.86497497558594, 90.82400512695312, 132.01515197753906, 144.5856170654297, 112.00892639160156, 74.81310272216797, 56.080299377441406, 122.64175415039062, 70.80254364013672, 128.41339111328125, 123.9072265625, 137.4809112548828, 55.10898208618164, 195.0205078125, 52.46903991699219, 113.0707778930664, 111.16204071044922, 49.39635467529297, 95.08417510986328, 112.78740692138672, 93.60555267333984, 90.04998779296875, 136.05880737304688, 84.72307586669922, 194.98974609375, 137.23338317871094, 107.91200256347656, 202.2523193359375, 89.08984375, 137.2443084716797, 150.3329620361328, 201.53411865234375, 107.04204559326172, 138.2353057861328, 112.57886505126953, 52.92447280883789, 47.381431579589844, 118.68024444580078, 188.36666870117188, 120.76837158203125, 94.20191192626953, 140.89002990722656, 122.42957305908203, 29.529645919799805, 79.88116455078125, 58.694122314453125, 36.013885498046875, 92.9139404296875, 111.3058853149414, 56.035701751708984, 86.35391998291016], [118.2962417602539, 202.37094116210938, 119.06720733642578, 147.87156677246094, 56.29387283325195, 0.0, 133.50656127929688, 171.8400421142578, 42.42640686035156, 197.2663116455078, 92.77930450439453, 187.26718139648438, 154.71910095214844, 162.2621307373047, 123.45849609375, 72.4706802368164, 152.68922424316406, 54.037025451660156, 182.1345672607422, 172.8004608154297, 138.0, 93.33809661865234, 242.33035278320312, 107.11676025390625, 168.7601776123047, 137.29530334472656, 19.10497283935547, 150.2131805419922, 144.06248474121094, 104.29285430908203, 144.69969177246094, 156.5407257080078, 138.09054565429688, 239.06903076171875, 175.41380310058594, 162.56076049804688, 248.27606201171875, 113.14591979980469, 173.10401916503906, 198.20443725585938, 248.55784606933594, 162.69296264648438, 174.83706665039062, 120.6689682006836, 108.811767578125, 99.7296371459961, 156.64610290527344, 231.46705627441406, 175.6929168701172, 147.1767578125, 182.1235809326172, 178.3704071044922, 81.02468872070312, 126.82270812988281, 110.53506469726562, 60.926185607910156, 146.69696044921875, 155.621337890625, 111.87940216064453, 89.10667419433594], [134.3800506591797, 94.3716049194336, 27.294687271118164, 15.81138801574707, 125.0, 133.50656127929688, 0.0, 100.40418243408203, 91.08238220214844, 91.92388153076172, 40.79215621948242, 206.81634521484375, 21.21320343017578, 211.8513641357422, 101.40019989013672, 69.42621612548828, 55.009090423583984, 81.04319763183594, 213.4595947265625, 121.27654266357422, 20.880613327026367, 80.44873809814453, 164.40194702148438, 153.94154357910156, 188.04254150390625, 41.9761848449707, 146.16770935058594, 179.6552276611328, 55.73149871826172, 31.575305938720703, 135.62448120117188, 34.885528564453125, 180.8120574951172, 150.6851043701172, 87.28115844726562, 145.3616180419922, 164.68453979492188, 43.84062194824219, 79.6303939819336, 133.13526916503906, 168.46661376953125, 183.99185180664062, 82.60750579833984, 13.0, 130.59861755371094, 111.04053497314453, 77.5241928100586, 141.4814453125, 155.7562255859375, 126.76355743408203, 100.12492370605469, 169.0680389404297, 147.23110961914062, 96.51942443847656, 110.3177261352539, 160.0999755859375, 131.02671813964844, 96.3016128540039, 149.013427734375, 44.40720748901367], [88.27796936035156, 52.201534271240234, 124.06449890136719, 93.62158203125, 128.63125610351562, 171.8400421142578, 100.40418243408203, 0.0, 139.84634399414062, 46.48655700683594, 112.36102294921875, 131.3697052001953, 101.53324890136719, 155.2417449951172, 55.36244201660156, 104.29285430908203, 46.097721099853516, 140.16062927246094, 144.02777099609375, 26.172504425048828, 120.93386840820312, 78.51751708984375, 72.20111083984375, 118.71394348144531, 117.27318572998047, 59.0, 173.833251953125, 118.84864044189453, 45.0, 96.54014587402344, 67.26811981201172, 73.38937377929688, 129.25942993164062, 67.26811981201172, 20.615528106689453, 64.8459701538086, 76.83749389648438, 72.42237091064453, 28.319604873657227, 33.13608169555664, 77.93586730957031, 115.8792495727539, 26.172504425048828, 100.07997131347656, 92.39588928222656, 83.93450164794922, 23.0, 60.0, 69.20259857177734, 54.918121337890625, 14.0, 85.21150207519531, 130.94273376464844, 49.24428939819336, 73.68174743652344, 160.32778930664062, 60.20797348022461, 17.464248657226562, 109.37092590332031, 111.62885284423828], [107.22872924804688, 164.2010955810547, 77.64663696289062, 105.5367202758789, 57.45433044433594, 42.42640686035156, 91.08238220214844, 139.84634399414062, 0.0, 159.455322265625, 50.35871505737305, 183.8069610595703, 112.29425811767578, 168.7512969970703, 99.32774353027344, 35.608985900878906, 114.20157623291016, 14.422204971313477, 182.6937255859375, 145.8355255126953, 96.18731689453125, 64.62197875976562, 211.8961944580078, 107.56393432617188, 164.07315063476562, 97.90811920166016, 56.4358024597168, 147.95945739746094, 106.4048843383789, 62.297672271728516, 127.88275909423828, 115.15641784667969, 140.11781311035156, 206.01455688476562, 140.03570556640625, 144.8378448486328, 216.6033172607422, 74.20242309570312, 136.56134033203125, 169.3074188232422, 217.75445556640625, 158.3192901611328, 138.6217803955078, 78.26238250732422, 98.50888061523438, 83.05419921875, 121.82774353027344, 197.84085083007812, 158.15182495117188, 126.90547943115234, 148.39474487304688, 164.4384307861328, 86.95401000976562, 100.6578369140625, 91.66242218017578, 82.80096435546875, 127.90621185302734, 125.19584655761719, 108.66921997070312, 46.69047164916992], [132.24220275878906, 6.0, 119.10079956054688, 79.12016296386719, 162.86497497558594, 197.2663116455078, 91.92388153076172, 46.48655700683594, 159.455322265625, 0.0, 119.47384643554688, 177.12425231933594, 83.18653869628906, 201.64572143554688, 96.08329772949219, 125.09996032714844, 45.343135833740234, 155.621337890625, 190.27610778808594, 71.11962127685547, 108.93116760253906, 108.2681884765625, 77.3175277709961, 162.01234436035156, 163.6154022216797, 62.22539520263672, 203.03939819335938, 165.24526977539062, 53.25410842895508, 102.94173431396484, 113.50770568847656, 57.245086669921875, 175.1370849609375, 60.29925537109375, 28.07133674621582, 111.08555603027344, 75.1065902709961, 85.2760238647461, 25.70992088317871, 63.12685775756836, 80.0062484741211, 162.33607482910156, 25.179357528686523, 97.6166000366211, 135.0037078857422, 123.04470825195312, 44.72135925292969, 51.15662384033203, 114.2365951538086, 101.13851928710938, 33.541019439697266, 130.3610382080078, 170.6956329345703, 89.14033508300781, 114.28035736083984, 197.18519592285156, 106.48004150390625, 60.530982971191406, 153.1175994873047, 120.50726318359375], [115.97413635253906, 123.32882690429688, 31.38471031188965, 55.6596794128418, 90.82400512695312, 92.77930450439453, 40.79215621948242, 112.36102294921875, 50.35871505737305, 119.47384643554688, 0.0, 193.25889587402344, 61.98386764526367, 189.90786743164062, 91.4439697265625, 35.608985900878906, 75.1664810180664, 40.49691390991211, 196.72569274902344, 126.57013702392578, 47.53945541381836, 59.93329620361328, 183.09559631347656, 128.8177032470703, 173.52809143066406, 57.982757568359375, 106.00471496582031, 161.55494689941406, 70.21395874023438, 16.6433162689209, 125.96031188964844, 68.24221801757812, 159.0125732421875, 173.1184539794922, 105.99056243896484, 139.63523864746094, 185.64752197265625, 40.024993896484375, 100.34440612792969, 145.04136657714844, 188.16217041015625, 168.6090087890625, 102.956298828125, 28.160255432128906, 109.83624267578125, 90.21086120605469, 90.47651672363281, 164.24676513671875, 151.90786743164062, 120.22062683105469, 117.0, 162.50538635253906, 116.6061782836914, 89.10667419433594, 93.52005004882812, 124.06449890136719, 123.22337341308594, 102.1077880859375, 126.03570556640625, 4.4721360206604], [78.10890197753906, 182.4636993408203, 219.9136199951172, 207.8196258544922, 132.01515197753906, 187.26718139648438, 206.81634521484375, 131.3697052001953, 183.8069610595703, 177.12425231933594, 193.25889587402344, 0.0, 217.5890655517578, 45.80392837524414, 105.43718719482422, 162.2498016357422, 166.35203552246094, 194.0541229248047, 17.72004508972168, 106.00471496582031, 226.61199951171875, 133.33041381835938, 150.08331298828125, 80.15609741210938, 19.92485809326172, 169.2483367919922, 175.64736938476562, 37.05401611328125, 159.10060119628906, 184.9378204345703, 71.58910369873047, 193.75242614746094, 51.244510650634766, 164.47796630859375, 151.79261779785156, 66.85057830810547, 161.152099609375, 163.6367950439453, 158.64425659179688, 120.8801040649414, 156.0128173828125, 25.495098114013672, 157.0, 199.42416381835938, 85.86617279052734, 104.06248474121094, 144.46107482910156, 163.95730590820312, 63.158531188964844, 82.03657531738281, 143.58969116210938, 47.16990661621094, 106.67708587646484, 110.42192077636719, 99.74467468261719, 135.34031677246094, 77.077880859375, 122.00409698486328, 76.10519409179688, 189.7709197998047], [148.40484619140625, 84.40379333496094, 43.416587829589844, 10.0, 144.5856170654297, 154.71910095214844, 21.21320343017578, 101.53324890136719, 112.29425811767578, 83.18653869628906, 61.98386764526367, 217.5890655517578, 0.0, 226.20565795898438, 113.17243194580078, 89.67720031738281, 55.71355438232422, 102.1077880859375, 225.56817626953125, 125.00399780273438, 27.459060668945312, 97.04637908935547, 159.1540069580078, 170.17637634277344, 199.4843292236328, 48.41487503051758, 167.29913330078125, 192.75372314453125, 60.0333251953125, 52.08646774291992, 146.0, 28.44292449951172, 195.42005920410156, 143.4015350341797, 85.15867614746094, 153.68798828125, 158.02847290039062, 59.05929183959961, 76.79192352294922, 132.7742462158203, 162.52076721191406, 195.86985778808594, 79.76214599609375, 34.13209533691406, 145.60906982421875, 126.57013702392578, 79.84986114501953, 134.2125244140625, 162.92942810058594, 136.0330810546875, 98.31072998046875, 177.22866821289062, 165.49623107910156, 107.48953247070312, 124.40257263183594, 180.04998779296875, 140.71957397460938, 101.07422637939453, 164.51443481445312, 65.6201171875], [77.801025390625, 207.4246826171875, 219.5723114013672, 216.20591735839844, 112.00892639160156, 162.2621307373047, 211.8513641357422, 155.2417449951172, 168.7512969970703, 201.64572143554688, 189.90786743164062, 45.80392837524414, 226.20565795898438, 0.0, 114.38968658447266, 155.4252166748047, 181.1767120361328, 181.1215057373047, 29.73213768005371, 132.83448791503906, 229.83689880371094, 132.23086547851562, 188.2896728515625, 61.91122817993164, 43.73785400390625, 179.72479248046875, 147.57371520996094, 36.400550842285156, 172.40939331054688, 185.310546875, 88.23265075683594, 206.16983032226562, 31.11269760131836, 200.06248474121094, 174.25555419921875, 92.6552734375, 199.00753784179688, 168.12197875976562, 179.6719207763672, 153.16004943847656, 194.61244201660156, 42.04759216308594, 178.67568969726562, 202.27703857421875, 81.3449478149414, 101.11874389648438, 162.69296264648438, 198.0404052734375, 95.02104949951172, 100.57833099365234, 168.80758666992188, 81.61495208740234, 82.861328125, 120.93386840820312, 101.82828521728516, 104.04325866699219, 95.21029663085938, 142.00352478027344, 63.89052963256836, 185.8520965576172], [37.947330474853516, 102.07839965820312, 115.45128631591797, 103.24727630615234, 74.81310272216797, 123.45849609375, 101.40019989013672, 55.36244201660156, 99.32774353027344, 96.08329772949219, 91.4439697265625, 105.43718719482422, 113.17243194580078, 114.38968658447266, 0.0, 67.36467742919922, 67.23094177246094, 104.39348602294922, 112.44998931884766, 49.57822036743164, 121.20230865478516, 35.35533905029297, 120.34117889404297, 66.27216339111328, 86.68333435058594, 65.6048812866211, 122.34786224365234, 79.8122787475586, 58.13776779174805, 80.77747344970703, 34.928497314453125, 91.80958557128906, 84.5280990600586, 120.41594696044922, 68.26419067382812, 48.3735466003418, 127.440185546875, 58.30952072143555, 71.02816009521484, 75.69015502929688, 126.81088256835938, 82.8070068359375, 71.00704193115234, 94.15412902832031, 39.11521530151367, 28.635643005371094, 52.15361785888672, 114.12712097167969, 61.073726654052734, 29.068883895874023, 68.680419921875, 71.0633544921875, 75.69015502929688, 7.071067810058594, 18.439088821411133, 105.11898040771484, 31.78049659729004, 37.947330474853516, 57.87054443359375, 88.6453628540039], [84.15461730957031, 130.0845947265625, 66.85057830810547, 81.1541748046875, 56.080299377441406, 72.4706802368164, 69.42621612548828, 104.29285430908203, 35.608985900878906, 125.09996032714844, 35.608985900878906, 162.2498016357422, 89.67720031738281, 155.4252166748047, 67.36467742919922, 0.0, 80.26206970214844, 37.36308288574219, 164.14932250976562, 111.42710876464844, 81.43709564208984, 32.06243896484375, 176.4086151123047, 93.86160278320312, 142.33763122558594, 64.88451385498047, 80.77747344970703, 128.8099365234375, 71.84706115722656, 37.85498809814453, 99.2471694946289, 85.70297241210938, 124.80785369873047, 170.41712951660156, 104.66136169433594, 115.00434875488281, 181.01104736328125, 40.71854782104492, 101.53324890136719, 134.18270874023438, 182.22239685058594, 137.05838012695312, 103.4794692993164, 56.75385284423828, 76.967529296875, 58.18934631347656, 86.31338500976562, 162.2744598388672, 128.06248474121094, 96.13011932373047, 112.80514526367188, 136.36715698242188, 81.02468872070312, 67.46851348876953, 63.95310592651367, 90.70832061767578, 98.0, 89.94442749023438, 91.80958557128906, 31.240999221801758], [105.10946655273438, 50.0, 80.23091888427734, 47.53945541381836, 122.64175415039062, 152.68922424316406, 55.009090423583984, 46.097721099853516, 114.20157623291016, 45.343135833740234, 75.1664810180664, 166.35203552246094, 55.71355438232422, 181.1767120361328, 67.23094177246094, 80.26206970214844, 0.0, 110.3177261352539, 176.20726013183594, 69.35416412353516, 75.1664810180664, 67.60177612304688, 110.35397338867188, 131.9393768310547, 149.4590301513672, 17.20465087890625, 159.5399627685547, 145.7738037109375, 10.0, 58.52349853515625, 95.60334777832031, 28.301942825317383, 151.7003631591797, 98.48857879638672, 32.557640075683594, 100.4987564086914, 111.6646728515625, 40.0, 25.63201141357422, 78.31346893310547, 114.84336853027344, 146.6049041748047, 28.460498809814453, 56.75385284423828, 105.08092498779297, 89.10667419433594, 24.166091918945312, 89.47066497802734, 108.60018157958984, 84.38601684570312, 45.17742919921875, 123.55565643310547, 135.13327026367188, 60.41522979736328, 82.9698715209961, 158.1455078125, 89.49860382080078, 46.04345703125, 124.32618713378906, 75.80237579345703], [116.55899810791016, 160.03125, 65.03076171875, 96.13532257080078, 70.80254364013672, 54.037025451660156, 81.04319763183594, 140.16062927246094, 14.422204971313477, 155.621337890625, 40.49691390991211, 194.0541229248047, 102.1077880859375, 181.1215057373047, 104.39348602294922, 37.36308288574219, 110.3177261352539, 0.0, 193.84788513183594, 148.6606903076172, 84.0238037109375, 69.05070495605469, 212.34877014160156, 119.50732421875, 174.19529724121094, 93.4344711303711, 69.63475799560547, 158.8080596923828, 103.3924560546875, 54.708316802978516, 135.0333251953125, 107.91200256347656, 151.92431640625, 205.06097412109375, 138.22445678710938, 151.40013122558594, 216.3631134033203, 70.83784484863281, 133.95895385742188, 170.90640258789062, 217.97476196289062, 168.57342529296875, 136.23509216308594, 68.62215423583984, 108.25894927978516, 91.4439697265625, 120.67311096191406, 196.60366821289062, 164.5964813232422, 132.8495330810547, 147.5567626953125, 172.0, 100.12492370605469, 104.78549194335938, 99.00505065917969, 97.20082092285156, 134.37261962890625, 126.62543487548828, 119.87076568603516, 37.57658767700195], [80.77747344970703, 195.77793884277344, 224.6597442626953, 215.66873168945312, 128.41339111328125, 182.1345672607422, 213.4595947265625, 144.02777099609375, 182.6937255859375, 190.27610778808594, 196.72569274902344, 17.72004508972168, 225.56817626953125, 29.73213768005371, 112.44998931884766, 164.14932250976562, 176.20726013183594, 193.84788513183594, 0.0, 119.40267944335938, 232.69937133789062, 137.05838012695312, 167.0, 75.95393371582031, 26.925823211669922, 177.5978546142578, 169.14491271972656, 35.34119415283203, 168.37161254882812, 189.73666381835938, 80.60397338867188, 202.94334411621094, 44.04542922973633, 180.80099487304688, 164.1371307373047, 79.2022705078125, 178.01123046875, 169.77926635742188, 170.5579071044922, 136.12493896484375, 173.02601623535156, 29.73213768005371, 169.11830139160156, 205.23158264160156, 87.20664978027344, 106.55046081542969, 155.32225036621094, 179.88885498046875, 77.6208724975586, 92.0869140625, 156.7801055908203, 62.169124603271484, 101.12368774414062, 118.10588836669922, 104.04325866699219, 127.14165496826172, 86.83892822265625, 133.25538635253906, 74.04052734375, 193.0], [73.38937377929688, 76.48529052734375, 142.79005432128906, 116.45600128173828, 123.9072265625, 172.8004608154297, 121.27654266357422, 26.172504425048828, 145.8355255126953, 71.11962127685547, 126.57013702392578, 106.00471496582031, 125.00399780273438, 132.83448791503906, 49.57822036743164, 111.42710876464844, 69.35416412353516, 148.6606903076172, 119.40267944335938, 0.0, 142.126708984375, 81.41252899169922, 71.21797180175781, 103.74005889892578, 92.97311401367188, 79.30951690673828, 171.89822387695312, 96.7470932006836, 65.802734375, 112.04016876220703, 47.26520919799805, 97.49359130859375, 109.0, 74.09453582763672, 46.75468063354492, 40.52159881591797, 79.07591247558594, 87.05171203613281, 54.451812744140625, 26.62705421447754, 77.801025390625, 92.1791763305664, 52.345008850097656, 118.94956970214844, 79.62411499023438, 76.69419860839844, 45.18849563598633, 69.37578582763672, 43.26661682128906, 35.902645111083984, 37.58989334106445, 59.36328887939453, 120.35364532470703, 46.04345703125, 65.4369888305664, 152.01315307617188, 40.4474983215332, 25.179357528686523, 93.96276092529297, 125.02799987792969], [152.89866638183594, 110.67971801757812, 19.416488647460938, 29.832868576049805, 137.4809112548828, 138.0, 20.880613327026367, 120.93386840820312, 96.18731689453125, 108.93116760253906, 47.53945541381836, 226.61199951171875, 27.459060668945312, 229.83689880371094, 121.20230865478516, 81.43709564208984, 75.1664810180664, 84.0238037109375, 232.69937133789062, 142.126708984375, 0.0, 97.67292022705078, 183.32484436035156, 170.6985626220703, 207.62466430664062, 62.817195892333984, 152.55490112304688, 198.4943389892578, 76.48529052734375, 45.221675872802734, 155.72412109375, 51.97114562988281, 198.72845458984375, 168.67127990722656, 107.00466918945312, 165.92166137695312, 183.0, 63.0079345703125, 99.08077239990234, 153.46986389160156, 187.10691833496094, 203.40353393554688, 102.07839965820312, 27.58622932434082, 148.49916076660156, 128.72451782226562, 98.15293884277344, 159.4521942138672, 176.47662353515625, 147.1767578125, 120.00416564941406, 189.62066650390625, 161.74362182617188, 116.6190414428711, 128.97286987304688, 171.40594482421875, 151.32745361328125, 117.17507934570312, 166.42416381835938, 51.92301940917969], [56.30275344848633, 113.88591003417969, 87.80091094970703, 87.23531341552734, 55.10898208618164, 93.33809661865234, 80.44873809814453, 78.51751708984375, 64.62197875976562, 108.2681884765625, 59.93329620361328, 133.33041381835938, 97.04637908935547, 132.23086547851562, 35.35533905029297, 32.06243896484375, 67.60177612304688, 69.05070495605469, 137.05838012695312, 81.41252899169922, 97.67292022705078, 0.0, 149.3050537109375, 73.49829864501953, 113.59577178955078, 57.21887969970703, 95.96353149414062, 102.07839965820312, 57.706153869628906, 53.15073013305664, 67.60177612304688, 83.36066436767578, 101.11874389648438, 145.7738037109375, 83.72574615478516, 83.00602722167969, 154.98709106445312, 38.07886505126953, 82.85529327392578, 105.68348693847656, 155.43809509277344, 108.70602416992188, 84.09518432617188, 70.1783447265625, 50.990196228027344, 31.14482307434082, 64.88451385498047, 138.2931671142578, 96.02082824707031, 64.07027435302734, 89.20201873779297, 104.69001770019531, 69.63475799560547, 36.055511474609375, 33.61547088623047, 90.55384826660156, 66.0302963256836, 62.36986541748047, 68.7677230834961, 56.46237564086914], [142.77955627441406, 78.08969116210938, 190.46522521972656, 153.73353576660156, 195.0205078125, 242.33035278320312, 164.40194702148438, 72.20111083984375, 211.8961944580078, 77.3175277709961, 183.09559631347656, 150.08331298828125, 159.1540069580078, 188.2896728515625, 120.34117889404297, 176.4086151123047, 110.35397338867188, 212.34877014160156, 167.0, 71.21797180175781, 183.32484436035156, 149.3050537109375, 0.0, 172.19175720214844, 144.678955078125, 126.53063201904297, 242.5634002685547, 155.3319091796875, 113.21660614013672, 166.78428649902344, 114.06138610839844, 131.54847717285156, 170.7659149169922, 21.40093421936035, 77.88452911376953, 100.5683822631836, 11.180339813232422, 143.67323303222656, 84.92938232421875, 44.68780517578125, 6.7082037925720215, 146.37281799316406, 82.0, 167.1077423095703, 149.89329528808594, 147.89862060546875, 92.70382690429688, 28.23118782043457, 94.14881896972656, 104.8093490600586, 66.128662109375, 106.67708587646484, 190.90573120117188, 115.96551513671875, 136.65284729003906, 223.00672912597656, 108.24047088623047, 87.00574493408203, 162.348388671875, 182.77854919433594], [30.5941162109375, 168.01190185546875, 159.11317443847656, 160.2622833251953, 52.46903991699219, 107.11676025390625, 153.94154357910156, 118.71394348144531, 107.56393432617188, 162.01234436035156, 128.8177032470703, 80.15609741210938, 170.17637634277344, 61.91122817993164, 66.27216339111328, 93.86160278320312, 131.9393768310547, 119.50732421875, 75.95393371582031, 103.74005889892578, 170.6985626220703, 73.49829864501953, 172.19175720214844, 0.0, 61.98386764526367, 126.64912414550781, 95.90099334716797, 43.104522705078125, 122.26201629638672, 125.60652923583984, 58.13776779174805, 153.57408142089844, 32.572994232177734, 177.73013305664062, 134.0, 73.23933410644531, 181.34222412109375, 111.1395492553711, 137.23338317871094, 129.44883728027344, 178.8994140625, 55.90169906616211, 137.09121704101562, 143.40501403808594, 27.166154861450195, 43.863426208496094, 118.4229736328125, 173.08090209960938, 83.63013458251953, 68.00735473632812, 132.63861083984375, 79.8122787475586, 26.925823211669922, 73.33484649658203, 49.030601501464844, 58.66856002807617, 64.07807922363281, 102.17631530761719, 9.848857879638672, 124.6515121459961], [58.18934631347656, 169.16854858398438, 200.48191833496094, 189.63648986816406, 113.0707778930664, 168.7601776123047, 188.04254150390625, 117.27318572998047, 164.07315063476562, 163.6154022216797, 173.52809143066406, 19.92485809326172, 199.4843292236328, 43.73785400390625, 86.68333435058594, 142.33763122558594, 149.4590301513672, 174.19529724121094, 26.925823211669922, 92.97311401367188, 207.62466430664062, 113.59577178955078, 144.678955078125, 61.98386764526367, 0.0, 151.3208465576172, 157.8765411376953, 19.697715759277344, 141.7674102783203, 165.49623107910156, 53.90732955932617, 176.38877868652344, 36.619667053222656, 157.02865600585938, 137.29530334472656, 52.55473327636719, 155.4638214111328, 144.61672973632812, 143.6558380126953, 111.01801300048828, 150.96026611328125, 6.082762718200684, 142.23924255371094, 180.31361389160156, 65.96968841552734, 84.15461730957031, 128.41339111328125, 155.4638214111328, 52.345008850097656, 65.21502685546875, 130.17295837402344, 38.05259704589844, 88.84255981445312, 92.02173614501953, 80.0624771118164, 118.92855072021484, 60.0, 106.32967376708984, 57.03507614135742, 170.0], [102.21546173095703, 66.60330200195312, 65.12296295166016, 38.832977294921875, 111.16204071044922, 137.29530334472656, 41.9761848449707, 59.0, 97.90811920166016, 62.22539520263672, 57.982757568359375, 169.2483367919922, 48.41487503051758, 179.72479248046875, 65.6048812866211, 64.88451385498047, 17.20465087890625, 93.4344711303711, 177.5978546142578, 79.30951690673828, 62.817195892333984, 57.21887969970703, 126.53063201904297, 126.64912414550781, 151.3208465576172, 0.0, 145.16542053222656, 145.41664123535156, 14.0, 41.34005355834961, 97.67292022705078, 26.925823211669922, 149.3753662109375, 115.39497375488281, 48.703182220458984, 105.39450073242188, 128.31600952148438, 24.166091918945312, 42.48529052734375, 92.04889678955078, 131.24404907226562, 147.86817932128906, 45.18849563598633, 41.19466018676758, 100.64790344238281, 82.87339782714844, 36.0, 106.43777465820312, 115.00434875488281, 87.61849212646484, 60.63827133178711, 129.00387573242188, 126.58988952636719, 59.54829788208008, 78.71467590332031, 147.0850067138672, 92.31468200683594, 54.4058837890625, 119.92080688476562, 58.600341796875], [111.35977935791016, 208.40585327148438, 134.08206176757812, 159.80300903320312, 49.39635467529297, 19.10497283935547, 146.16770935058594, 173.833251953125, 56.4358024597168, 203.03939819335938, 106.00471496582031, 175.64736938476562, 167.29913330078125, 147.57371520996094, 122.34786224365234, 80.77747344970703, 159.5399627685547, 69.63475799560547, 169.14491271972656, 171.89822387695312, 152.55490112304688, 95.96353149414062, 242.5634002685547, 95.90099334716797, 157.8765411376953, 145.16542053222656, 0.0, 138.7551727294922, 150.37619018554688, 115.73245239257812, 139.4309844970703, 166.39710998535156, 125.32357788085938, 240.9833984375, 179.5689239501953, 157.27999877929688, 249.226806640625, 121.11564636230469, 178.13478088378906, 197.98989868164062, 248.9658660888672, 151.79591369628906, 179.6023406982422, 133.18408203125, 101.96568298339844, 96.21330261230469, 160.7015838623047, 233.82472229003906, 170.07351684570312, 143.45033264160156, 185.0675506591797, 171.09353637695312, 69.05070495605469, 126.6214828491211, 107.44766235351562, 44.14748001098633, 142.28492736816406, 156.97451782226562, 101.92153930664062, 102.00489807128906], [45.80392837524414, 171.02630615234375, 189.83413696289062, 182.78402709960938, 95.08417510986328, 150.2131805419922, 179.6552276611328, 118.84864044189453, 147.95945739746094, 165.24526977539062, 161.55494689941406, 37.05401611328125, 192.75372314453125, 36.400550842285156, 79.8122787475586, 128.8099365234375, 145.7738037109375, 158.8080596923828, 35.34119415283203, 96.7470932006836, 198.4943389892578, 102.07839965820312, 155.3319091796875, 43.104522705078125, 19.697715759277344, 145.41664123535156, 138.7551727294922, 0.0, 137.29530334472656, 155.0, 51.865211486816406, 171.46719360351562, 17.69180679321289, 165.680419921875, 137.8767547607422, 57.00876998901367, 165.7377471923828, 135.83078002929688, 143.3771209716797, 118.03813171386719, 161.8301544189453, 13.892443656921387, 142.33763122558594, 170.94151306152344, 51.88448715209961, 71.34423828125, 126.62543487548828, 163.1103973388672, 61.188232421875, 64.19501495361328, 132.44244384765625, 50.15974426269531, 69.72087097167969, 86.02325439453125, 69.52696990966797, 99.29753112792969, 58.8217658996582, 105.68821716308594, 39.458839416503906, 157.78466796875], [95.85405731201172, 58.30952072143555, 79.10120391845703, 50.990196228027344, 112.78740692138672, 144.06248474121094, 55.73149871826172, 45.0, 106.4048843383789, 53.25410842895508, 70.21395874023438, 159.10060119628906, 60.0333251953125, 172.40939331054688, 58.13776779174805, 71.84706115722656, 10.0, 103.3924560546875, 168.37161254882812, 65.802734375, 76.48529052734375, 57.706153869628906, 113.21660614013672, 122.26201629638672, 141.7674102783203, 14.0, 150.37619018554688, 137.29530334472656, 0.0, 53.712196350097656, 87.86353302001953, 34.65544509887695, 142.6639404296875, 102.956298828125, 35.7770881652832, 94.02127075195312, 115.45128631591797, 32.557640075683594, 30.610456466674805, 78.05767059326172, 118.10588836669922, 138.68309020996094, 33.0151481628418, 55.145263671875, 95.50916290283203, 79.24645233154297, 22.0, 94.15412902832031, 102.92716217041016, 77.077880859375, 47.12748718261719, 117.4137954711914, 125.1439208984375, 51.4781494140625, 73.37574768066406, 148.22280883789062, 82.03657531738281, 41.231056213378906, 114.7911148071289, 70.32780456542969], [109.20164489746094, 106.8877944946289, 34.98571014404297, 44.10215377807617, 93.60555267333984, 104.29285430908203, 31.575305938720703, 96.54014587402344, 62.297672271728516, 102.94173431396484, 16.6433162689209, 184.9378204345703, 52.08646774291992, 185.310546875, 80.77747344970703, 37.85498809814453, 58.52349853515625, 54.708316802978516, 189.73666381835938, 112.04016876220703, 45.221675872802734, 53.15073013305664, 166.78428649902344, 125.60652923583984, 165.49623107910156, 41.34005355834961, 115.73245239257812, 155.0, 53.712196350097656, 0.0, 115.69355773925781, 53.23532485961914, 154.20765686035156, 156.5407257080078, 89.47066497802734, 128.16004943847656, 169.1626434326172, 25.0, 83.72574615478516, 129.43724060058594, 171.77310180664062, 160.909912109375, 86.35391998291016, 18.973665237426758, 104.13932800292969, 84.2911605834961, 74.3303451538086, 147.64822387695312, 139.9464111328125, 108.811767578125, 100.6578369140625, 151.47607421875, 116.76471710205078, 77.49193572998047, 85.70297241210938, 128.5496063232422, 112.27198791503906, 87.20664978027344, 121.63058471679688, 17.69180679321289], [29.73213768005371, 119.33147430419922, 150.37619018554688, 136.23509216308594, 90.04998779296875, 144.69969177246094, 135.62448120117188, 67.26811981201172, 127.88275909423828, 113.50770568847656, 125.96031188964844, 71.58910369873047, 146.0, 88.23265075683594, 34.928497314453125, 99.2471694946289, 95.60334777832031, 135.0333251953125, 80.60397338867188, 47.26520919799805, 155.72412109375, 67.60177612304688, 114.06138610839844, 58.13776779174805, 53.90732955932617, 97.67292022705078, 139.4309844970703, 51.865211486816406, 87.86353302001953, 115.69355773925781, 0.0, 122.4948959350586, 62.20128631591797, 120.33287048339844, 86.02325439453125, 17.8885440826416, 123.30855560302734, 93.05912017822266, 91.54779815673828, 71.84010314941406, 120.76837158203125, 51.03919982910156, 90.47651672363281, 128.8914337158203, 38.28837966918945, 45.607017517089844, 75.1797866821289, 116.29703521728516, 31.016124725341797, 12.369317054748535, 81.04936981201172, 37.121421813964844, 78.64476776123047, 39.11521530151367, 36.22154235839844, 111.7586669921875, 7.071067810058594, 53.851646423339844, 48.30113983154297, 122.97154235839844], [128.8914337158203, 59.50630187988281, 62.17716598510742, 22.203603744506836, 136.05880737304688, 156.5407257080078, 34.885528564453125, 73.38937377929688, 115.15641784667969, 57.245086669921875, 68.24221801757812, 193.75242614746094, 28.44292449951172, 206.16983032226562, 91.80958557128906, 85.70297241210938, 28.301942825317383, 107.91200256347656, 202.94334411621094, 97.49359130859375, 51.97114562988281, 83.36066436767578, 131.54847717285156, 153.57408142089844, 176.38877868652344, 26.925823211669922, 166.39710998535156, 171.46719360351562, 34.65544509887695, 53.23532485961914, 122.4948959350586, 0.0, 176.00567626953125, 116.70903778076172, 56.718605041503906, 128.42507934570312, 131.0343475341797, 47.0, 48.3735466003418, 104.3455810546875, 135.20355224609375, 173.23394775390625, 51.35172653198242, 42.44997024536133, 127.53430938720703, 109.7861557006836, 52.35456085205078, 107.48953247070312, 136.82470703125, 111.72286987304688, 69.87130737304688, 151.64761352539062, 152.9705810546875, 85.44589233398438, 105.55093383789062, 172.07266235351562, 116.69190216064453, 74.3303451538086, 146.81961059570312, 70.49113464355469], [47.16990661621094, 181.03314208984375, 188.5205535888672, 185.421142578125, 84.72307586669922, 138.09054565429688, 180.8120574951172, 129.25942993164062, 140.11781311035156, 175.1370849609375, 159.0125732421875, 51.244510650634766, 195.42005920410156, 31.11269760131836, 84.5280990600586, 124.80785369873047, 151.7003631591797, 151.92431640625, 44.04542922973633, 109.0, 198.72845458984375, 101.11874389648438, 170.7659149169922, 32.572994232177734, 36.619667053222656, 149.3753662109375, 125.32357788085938, 17.69180679321289, 142.6639404296875, 154.20765686035156, 62.20128631591797, 176.00567626953125, 0.0, 180.03610229492188, 147.29901123046875, 70.85901641845703, 180.94198608398438, 137.13131713867188, 152.0854949951172, 131.85598754882812, 177.3414764404297, 31.240999221801758, 151.34397888183594, 171.17242431640625, 50.2493782043457, 70.00714111328125, 134.40609741210938, 176.91806030273438, 76.843994140625, 74.4311752319336, 143.13629150390625, 67.11929321289062, 57.07889175415039, 91.28527069091797, 71.02816009521484, 84.17243957519531, 69.2603759765625, 114.75626373291016, 33.0151481628418, 155.0], [147.47203063964844, 60.0, 177.41758728027344, 138.85243225097656, 194.98974609375, 239.06903076171875, 150.6851043701172, 67.26811981201172, 206.01455688476562, 60.29925537109375, 173.1184539794922, 164.47796630859375, 143.4015350341797, 200.06248474121094, 120.41594696044922, 170.41712951660156, 98.48857879638672, 205.06097412109375, 180.80099487304688, 74.09453582763672, 168.67127990722656, 145.7738037109375, 21.40093421936035, 177.73013305664062, 157.02865600585938, 115.39497375488281, 240.9833984375, 165.680419921875, 102.956298828125, 156.5407257080078, 120.33287048339844, 116.70903778076172, 180.03610229492188, 0.0, 67.23094177246094, 109.17874908447266, 15.132745742797852, 134.83323669433594, 72.91776275634766, 48.50773239135742, 21.189620971679688, 158.02847290039062, 70.21395874023438, 154.72879028320312, 153.62942504882812, 148.8623504638672, 84.40379333496094, 9.219544410705566, 105.0428466796875, 109.73149108886719, 57.628116607666016, 119.10499572753906, 194.11595153808594, 115.108642578125, 137.92752075195312, 225.14439392089844, 113.88591003417969, 84.0238037109375, 167.91961669921875, 173.28012084960938], [104.17293548583984, 34.058773040771484, 112.78740692138672, 78.23043060302734, 137.23338317871094, 175.41380310058594, 87.28115844726562, 20.615528106689453, 140.03570556640625, 28.07133674621582, 105.99056243896484, 151.79261779785156, 85.15867614746094, 174.25555419921875, 68.26419067382812, 104.66136169433594, 32.557640075683594, 138.22445678710938, 164.1371307373047, 46.75468063354492, 107.00466918945312, 83.72574615478516, 77.88452911376953, 134.0, 137.29530334472656, 48.703182220458984, 179.5689239501953, 137.8767547607422, 35.7770881652832, 89.47066497802734, 86.02325439453125, 56.718605041503906, 147.29901123046875, 67.23094177246094, 0.0, 85.08818817138672, 79.7057113647461, 67.67569732666016, 8.5440034866333, 47.801673889160156, 82.54090118408203, 135.65028381347656, 5.830951690673828, 89.26925659179688, 107.04204559326172, 95.7078857421875, 18.867961883544922, 58.52349853515625, 89.8109130859375, 73.68174743652344, 13.152946472167969, 105.80170440673828, 143.3771209716797, 61.400325775146484, 86.5794448852539, 170.79226684570312, 79.05693817138672, 32.557640075683594, 125.06398010253906, 106.0660171508789], [46.86149978637695, 116.6190414428711, 162.2498016357422, 144.2220458984375, 107.91200256347656, 162.56076049804688, 145.3616180419922, 64.8459701538086, 144.8378448486328, 111.08555603027344, 139.63523864746094, 66.85057830810547, 153.68798828125, 92.6552734375, 48.3735466003418, 115.00434875488281, 100.4987564086914, 151.40013122558594, 79.2022705078125, 40.52159881591797, 165.92166137695312, 83.00602722167969, 100.5683822631836, 73.23933410644531, 52.55473327636719, 105.39450073242188, 157.27999877929688, 57.00876998901367, 