{"name": "LZB_n30_15", "n": 30, "m": 9, "times": [[0.0, 176.64654541015625, 168.7601776123047, 119.06720733642578, 94.04785919189453, 121.82364654541016, 45.89117431640625, 149.40548706054688, 205.8275909423828, 106.60675048828125, 102.59142303466797, 160.11245727539062, 150.92050170898438, 92.04889678955078, 103.16007232666016, 88.83692932128906, 31.575305938720703, 27.513633728027344, 48.764739990234375, 157.0509490966797, 136.01470947265625, 154.9354705810547, 110.0636215209961, 45.0444221496582, 139.8070068359375, 199.4843292236328, 140.1855926513672, 40.607879638671875, 172.5948944091797, 99.46356201171875, 69.065185546875, 60.01666259765625, 234.18154907226562, 57.03507614135742, 92.61209106445312, 106.56922912597656, 193.6439971923828, 121.26417541503906, 217.41204833984375, 129.12010192871094, 66.0302963256836, 179.38784790039062, 178.9664764404297, 120.2081527709961, 118.53269958496094, 31.400636672973633, 176.95480346679688, 89.27485656738281, 38.41874694824219, 95.33625030517578, 152.31546020507812, 117.20921325683594, 87.55569458007812, 52.15361785888672, 134.18270874023438, 205.8057403564453, 20.099750518798828, 193.59751892089844, 175.2854766845703, 161.64466857910156], [176.64654541015625, 0.0, 8.246211051940918, 150.814453125, 104.56098937988281, 175.58189392089844, 134.2013397216797, 79.05693817138672, 59.84145736694336, 77.33692169189453, 134.4507293701172, 35.7770881652832, 114.03946685791016, 155.01290893554688, 122.1556396484375, 106.9205322265625, 199.0100555419922, 160.24044799804688, 147.0850067138672, 94.13288116455078, 160.72335815429688, 107.01869201660156, 119.941650390625, 160.4400177001953, 145.4991455078125, 57.00876998901367, 126.64912414550781, 186.2605743408203, 60.10823440551758, 130.18832397460938, 156.41610717773438, 137.29530334472656, 72.53275299072266, 132.24598693847656, 113.1591796875, 91.4166259765625, 21.21320343017578, 61.0, 50.59644317626953, 60.8276252746582, 151.90786743164062, 87.72685241699219, 49.40647888183594, 81.3019027709961, 58.600341796875, 158.3982391357422, 61.717098236083984, 115.6633071899414, 175.45370483398438, 127.0157470703125, 86.83317565917969, 103.12128448486328, 173.07223510742188, 124.53112030029297, 84.92938232421875, 31.62277603149414, 160.89747619628906, 85.4400405883789, 9.219544410705566, 146.76852416992188], [168.7601776123047, 8.246211051940918, 0.0, 143.3910675048828, 98.61541748046875, 168.0743865966797, 126.65702056884766, 77.16217041015625, 61.032779693603516, 70.80254364013672, 126.66886138916016, 30.0, 112.1115493774414, 147.05441284179688, 117.17507934570312, 98.73196411132812, 191.4706268310547, 152.75143432617188, 140.03570556640625, 92.9139404296875, 153.68798828125, 105.47511291503906, 112.29425811767578, 152.20053100585938, 138.7155303955078, 57.42821502685547, 120.01666259765625, 178.03651428222656, 56.40035629272461, 122.3315200805664, 148.22280883789062, 130.4837188720703, 76.89603424072266, 125.17587280273438, 105.07616424560547, 85.86617279052734, 29.017236709594727, 52.77309799194336, 55.46169662475586, 55.71355438232422, 143.69412231445312, 84.0238037109375, 46.957427978515625, 73.55270385742188, 51.088157653808594, 150.233154296875, 58.52349853515625, 109.77249145507812, 168.29736328125, 119.06720733642578, 80.99382781982422, 98.76234436035156, 165.0272674560547, 116.6190414428711, 81.61495208740234, 38.20994567871094, 153.2187957763672, 83.18653869628906, 9.219544410705566, 140.80128479003906], [119.06720733642578, 150.814453125, 143.3910675048828, 0.0, 146.81961059570312, 25.01999282836914, 117.39250183105469, 180.80099487304688, 141.2232208251953, 131.71180725097656, 22.803508758544922, 116.7261734008789, 203.6516571044922, 27.892650604248047, 170.32028198242188, 60.10823440551758, 150.3329620361328, 129.87686157226562, 138.8272247314453, 196.31097412109375, 18.027755737304688, 202.4746856689453, 32.202484130859375, 74.24284362792969, 22.825424194335938, 135.5175323486328, 34.48188018798828, 91.7060546875, 106.9205322265625, 28.42534065246582, 50.48762130737305, 141.15594482421875, 171.9593048095703, 132.09844970703125, 49.497474670410156, 148.5530242919922, 172.00291442871094, 96.66436767578125, 165.09693908691406, 145.90750122070312, 53.037723541259766, 94.70480346679688, 119.50732421875, 70.51950073242188, 119.57006072998047, 88.00568389892578, 109.4897232055664, 151.99012756347656, 150.33628845214844, 34.20526123046875, 73.16419982910156, 169.2483367919922, 42.20189666748047, 99.4032211303711, 171.59254455566406, 166.027099609375, 122.05326843261719, 110.69326782226562, 143.69412231445312, 45.18849563598633], [94.04785919189453, 104.56098937988281, 98.61541748046875, 146.81961059570312, 0.0, 164.05487060546875, 49.36598205566406, 55.578773498535156, 153.68798828125, 29.120439529418945, 124.01612854003906, 106.23088073730469, 61.269893646240234, 131.64346313476562, 25.0, 87.3670425415039, 105.6219711303711, 69.05070495605469, 49.648765563964844, 63.3876953125, 164.02743530273438, 63.24555206298828, 118.84864044189453, 104.78549194335938, 157.27999877929688, 148.36778259277344, 145.90750122070312, 122.48265075683594, 130.9809112548828, 118.40608215332031, 117.32433319091797, 37.6961555480957, 174.86566162109375, 37.336307525634766, 97.90811920166016, 14.422204971313477, 115.3126220703125, 76.02631378173828, 153.9512939453125, 44.59820556640625, 111.50336456298828, 151.01324462890625, 130.26895141601562, 96.7729263305664, 53.15073013305664, 93.30059051513672, 135.20355224609375, 11.180339813232422, 77.38862609863281, 112.61438751220703, 130.249755859375, 25.079872131347656, 141.24093627929688, 55.90169906616211, 40.199501037597656, 136.18002319335938, 74.1687240600586, 159.4521942138672, 107.42439270019531, 172.307861328125], [121.82364654541016, 175.58189392089844, 168.0743865966797, 25.01999282836914, 164.05487060546875, 0.0, 129.13946533203125, 201.94305419921875, 165.55966186523438, 151.822265625, 43.382022857666016, 141.69332885742188, 222.7913818359375, 33.2866325378418, 186.45375061035156, 80.15609741210938, 151.7432098388672, 137.29530334472656, 149.3753662109375, 216.93316650390625, 24.83948516845703, 222.2476043701172, 56.04462432861328, 77.36924743652344, 40.70626449584961, 159.9656219482422, 57.28001403808594, 88.09085845947266, 131.64346313476562, 48.764739990234375, 54.08327102661133, 153.4959259033203, 196.12240600585938, 144.80331420898438, 69.97142028808594, 167.36187744140625, 196.78668212890625, 120.2081527709961, 189.85520935058594, 167.57386779785156, 58.694122314453125, 118.00423431396484, 144.3468017578125, 94.83142852783203, 141.7779998779297, 92.72000885009766, 134.08206176757812, 168.01487731933594, 156.60459899902344, 53.851646423339844, 97.73944854736328, 187.54466247558594, 35.0, 112.64546203613281, 191.817626953125, 191.04188537597656, 128.70509338378906, 133.7647247314453, 168.57638549804688, 59.46427536010742], [45.89117431640625, 134.2013397216797, 126.65702056884766, 117.39250183105469, 49.36598205566406, 129.13946533203125, 0.0, 104.01922607421875, 170.32028198242188, 61.09828186035156, 95.88013458251953, 122.61321258544922, 109.11003875732422, 95.88013458251953, 63.52952194213867, 67.00746154785156, 64.81512451171875, 26.172504425048828, 22.090721130371094, 112.75193786621094, 135.41787719726562, 112.05802154541016, 96.7470932006836, 59.203041076660156, 133.41664123535156, 164.19500732421875, 127.4754867553711, 73.68174743652344, 140.00357055664062, 90.9560317993164, 76.83749389648438, 24.413110733032227, 196.66468811035156, 16.278820037841797, 75.23961639404297, 61.032779693603516, 149.89329528808594, 84.31488800048828, 178.2414093017578, 83.48652648925781, 71.40028381347656, 152.42703247070312, 143.96180725097656, 91.76055908203125, 75.60423278808594, 45.650848388671875, 144.47491455078125, 46.81879806518555, 44.29446792602539, 85.37564086914062, 126.84636688232422, 73.75635528564453, 100.6578369140625, 19.02629852294922, 89.02246856689453, 164.5417938232422, 27.312999725341797, 164.7118682861328, 133.95895385742188, 152.59423828125], [149.40548706054688, 79.05693817138672, 77.16217041015625, 180.80099487304688, 55.578773498535156, 201.94305419921875, 104.01922607421875, 0.0, 138.17742919921875, 51.078372955322266, 158.9370880126953, 99.32774353027344, 35.0, 172.2353057861328, 57.688819885253906, 121.79490661621094, 160.58953857421875, 124.61540985107422, 104.78549194335938, 17.0, 196.0255126953125, 28.44292449951172, 149.3050537109375, 154.78048706054688, 185.310546875, 134.53623962402344, 169.85287475585938, 175.26266479492188, 128.08200073242188, 153.3786163330078, 162.6898956298828, 92.6498794555664, 150.6154022216797, 92.9139404296875, 132.01893615722656, 43.0, 79.69943237304688, 88.72992706298828, 128.41339111328125, 35.35533905029297, 156.9522247314453, 153.94154357910156, 121.8072280883789, 116.10340118408203, 62.22539520263672, 145.3822479248047, 131.32022094726562, 62.64183807373047, 131.55227661132812, 148.1114501953125, 141.31524658203125, 36.715118408203125, 185.40765380859375, 106.3672866821289, 15.524174690246582, 107.07940673828125, 129.65338134765625, 157.00318908691406, 86.05230712890625, 195.13328552246094], [205.8275909423828, 59.84145736694336, 61.032779693603516, 141.2232208251953, 153.68798828125, 165.55966186523438, 170.32028198242188, 138.17742919921875, 0.0, 124.59534454345703, 132.96615600585938, 48.30113983154297, 173.1415557861328, 155.80116271972656, 174.87423706054688, 120.60265350341797, 233.0321807861328, 196.0102081298828, 187.80043029785156, 153.73353576660156, 144.5856170654297, 166.43316650390625, 117.54573822021484, 177.6288299560547, 127.3930892944336, 6.4031243324279785, 108.77959442138672, 203.90684509277344, 35.7770881652832, 130.78225708007812, 165.60494995117188, 180.24705505371094, 31.016124725341797, 173.28012084960938, 121.79490661621094, 142.61837768554688, 69.31810760498047, 86.02325439453125, 28.23118782043457, 114.42464447021484, 162.75440979003906, 50.2493782043457, 26.870058059692383, 88.00568389892578, 101.0197982788086, 180.8120574951172, 32.31098937988281, 164.7574005126953, 214.39450073242188, 130.1460723876953, 68.15423583984375, 157.99050903320312, 175.11424255371094, 155.7080535888672, 142.2251739501953, 43.27817153930664, 194.12625122070312, 38.27531814575195, 52.15361785888672, 119.50732421875], [106.60675048828125, 77.33692169189453, 70.80254364013672, 131.71180725097656, 29.120439529418945, 151.822265625, 61.09828186035156, 51.078372955322266, 124.59534454345703, 0.0, 109.34349822998047, 77.1297607421875, 72.34638977050781, 121.43310546875, 52.009613037109375, 71.84010314941406, 124.53112030029297, 85.8836441040039, 70.43436431884766, 65.19202423095703, 147.78700256347656, 70.76722717285156, 101.17806243896484, 104.93807983398438, 138.68309020996094, 119.2518310546875, 125.09596252441406, 127.00393676757812, 102.31324768066406, 103.71113586425781, 111.6646728515625, 60.10823440551758, 146.29421997070312, 55.803226470947266, 82.32861328125, 20.39607810974121, 90.42676544189453, 49.030601501464844, 125.71794128417969, 22.56102752685547, 105.9480972290039, 123.40583801269531, 101.20276641845703, 72.91776275634766, 24.1867733001709, 97.0, 106.47064971923828, 40.16217041015625, 99.02020263671875, 98.23441314697266, 104.29285430908203, 40.853397369384766, 134.33168029785156, 58.07753372192383, 40.0, 108.85311126708984, 88.39117431640625, 131.06105041503906, 79.32212829589844, 151.26797485351562], [102.59142303466797, 134.4507293701172, 126.66886138916016, 22.803508758544922, 124.01612854003906, 43.382022857666016, 95.88013458251953, 158.9370880126953, 132.96615600585938, 109.34349822998047, 0.0, 102.12247467041016, 181.0690460205078, 22.847318649291992, 147.5567626953125, 37.53664779663086, 134.16407775878906, 110.29052734375, 117.63077545166016, 174.20103454589844, 40.31128692626953, 180.0555419921875, 15.524174690246582, 59.46427536010742, 38.11823654174805, 126.87395477294922, 38.4837646484375, 81.3019027709961, 97.40636444091797, 5.656854152679443, 38.27531814575195, 119.26860809326172, 163.98170471191406, 110.13627624511719, 27.018512725830078, 125.87295532226562, 155.63096618652344, 77.20103454589844, 154.49595642089844, 124.34226989746094, 38.4837646484375, 91.02197265625, 108.93116760253906, 53.15073013305664, 98.41239929199219, 71.19690704345703, 100.6578369140625, 129.24781799316406, 131.1373291015625, 11.401754379272461, 65.76473236083984, 146.50938415527344, 42.154476165771484, 77.49193572998047, 149.3050537109375, 152.73834228515625, 103.01941680908203, 107.07473754882812, 128.06248474121094, 59.21148681640625], [160.11245727539062, 35.7770881652832, 30.0, 116.7261734008789, 106.23088073730469, 141.69332885742188, 122.61321258544922, 99.32774353027344, 48.30113983154297, 77.1297607421875, 102.12247467041016, 0.0, 133.19534301757812, 123.79418182373047, 128.41339111328125, 79.84986114501953, 186.1316680908203, 148.5294647216797, 139.60658264160156, 116.05602264404297, 125.63439178466797, 127.6126937866211, 87.00574493408203, 136.400146484375, 110.0636215209961, 42.54409408569336, 91.08238220214844, 162.79127502441406, 28.792360305786133, 98.41239929199219, 128.4445343017578, 131.94696044921875, 74.2765121459961, 125.03199768066406, 83.93450164794922, 96.02603912353516, 56.30275344848633, 38.897300720214844, 57.688819885253906, 70.11418914794922, 124.59534454345703, 55.56977462768555, 24.1867733001709, 49.81967544555664, 53.16013717651367, 137.29530334472656, 32.015621185302734, 117.17507934570312, 166.46922302246094, 96.02603912353516, 51.107730865478516, 113.0398178100586, 142.5552520751953, 108.90362548828125, 99.98500061035156, 50.990196228027344, 147.18695068359375, 57.723480224609375, 27.513633728027344, 111.01801300048828], [150.92050170898438, 114.03946685791016, 112.1115493774414, 203.6516571044922, 61.269893646240234, 222.7913818359375, 109.11003875732422, 35.0, 173.1415557861328, 72.34638977050781, 181.0690460205078, 133.19534301757812, 0.0, 191.20669555664062, 48.093658447265625, 143.558349609375, 155.15798950195312, 123.9112548828125, 102.59142303466797, 21.540658950805664, 220.0022735595703, 8.602325439453125, 173.48486328125, 166.01806640625, 211.0094757080078, 169.42550659179688, 197.0406036376953, 182.78948974609375, 161.7714385986328, 175.41380310058594, 178.19371032714844, 90.93404388427734, 185.310546875, 94.5938720703125, 154.15576171875, 55.44366455078125, 113.56495666503906, 117.72000885009766, 163.1103973388672, 65.0, 172.3629913330078, 186.90371704101562, 156.17938232421875, 143.96180725097656, 90.42676544189453, 154.1460418701172, 165.1968536376953, 62.361846923828125, 125.1439208984375, 169.7998809814453, 172.2353057861328, 36.2353401184082, 201.94305419921875, 117.17081451416016, 34.438350677490234, 141.5662384033203, 130.86251831054688, 190.90573120117188, 121.03718566894531, 223.00672912597656], [92.04889678955078, 155.01290893554688, 147.05441284179688, 27.892650604248047, 131.64346313476562, 33.2866325378418, 95.88013458251953, 172.2353057861328, 155.80116271972656, 121.43310546875, 22.847318649291992, 123.79418182373047, 191.20669555664062, 0.0, 153.57408142089844, 51.54609680175781, 123.03658294677734, 105.08092498779297, 116.29703521728516, 186.5904541015625, 44.0113639831543, 191.12823486328125, 38.27531814575195, 47.01063537597656, 50.32891845703125, 149.6963653564453, 57.48912811279297, 63.90618133544922, 120.2081527709961, 25.495098114013672, 23.0, 120.22062683105469, 186.81541442871094, 111.51681518554688, 42.7551155090332, 135.80133056640625, 176.07101440429688, 95.88534545898438, 177.07907104492188, 138.7984161376953, 26.476404190063477, 113.44161224365234, 131.60546875, 74.1687240600586, 114.16216278076172, 61.52235412597656, 123.49089050292969, 135.1480712890625, 124.95198822021484, 28.0, 88.54942321777344, 155.56671142578125, 19.313207626342773, 79.4040298461914, 161.22654724121094, 174.65679931640625, 96.7729263305664, 129.54150390625, 149.0838623046875, 72.80110168457031], [103.16007232666016, 122.1556396484375, 117.17507934570312, 170.32028198242188, 25.0, 186.45375061035156, 63.52952194213867, 57.688819885253906, 174.87423706054688, 52.009613037109375, 147.5567626953125, 128.41339111328125, 48.093658447265625, 153.57408142089844, 0.0, 111.50785064697266, 107.46627044677734, 75.95393371582031, 54.58937454223633, 58.52349853515625, 187.77113342285156, 53.15073013305664, 143.17820739746094, 122.3315200805664, 181.64801025390625, 169.8587646484375, 170.6985626220703, 136.69308471679688, 154.26275634765625, 142.00352478027344, 137.5354461669922, 43.17406463623047, 194.06442260742188, 47.92702865600586, 121.93850708007812, 32.38827133178711, 129.7998504638672, 100.40418243408203, 172.53985595703125, 61.46543884277344, 131.79530334472656, 175.2312774658203, 152.59423828125, 121.75385284423828, 76.10519409179688, 109.17874908447266, 158.3824462890625, 18.439088821411133, 77.5241928100586, 136.18002319335938, 155.02902221679688, 21.260292053222656, 161.61683654785156, 75.1664810180664, 43.27817153930664, 153.39491271972656, 83.19855499267578, 183.06829833984375, 126.28935241699219, 197.0913543701172], [88.83692932128906, 106.9205322265625, 98.73196411132812, 60.10823440551758, 87.3670425415039, 80.15609741210938, 67.00746154785156, 121.79490661621094, 120.60265350341797, 71.84010314941406, 37.53664779663086, 79.84986114501953, 143.558349609375, 51.54609680175781, 111.50785064697266, 0.0, 118.96638488769531, 87.32124328613281, 89.005615234375, 136.82470703125, 76.83749389648438, 142.523681640625, 31.78049659729004, 57.14017868041992, 70.21395874023438, 114.20157623291016, 61.188232421875, 83.52843475341797, 85.70297241210938, 31.890438079833984, 49.497474670410156, 87.96590423583984, 150.6021270751953, 78.77182006835938, 10.630146026611328, 88.45903015136719, 127.4754867553711, 46.097721099853516, 136.85028076171875, 87.6584243774414, 45.12205505371094, 90.55384826660156, 94.04785919189453, 32.649654388427734, 62.62587356567383, 60.87692642211914, 89.87213134765625, 93.4772720336914, 108.25894927978516, 26.4007568359375, 63.52952194213867, 109.22454071044922, 67.60177612304688, 48.041648864746094, 111.82575988769531, 130.29197692871094, 82.2192153930664, 104.86181640625, 102.18121337890625, 87.09190368652344], [31.575305938720703, 199.0100555419922, 191.4706268310547, 150.3329620361328, 105.6219711303711, 151.7432098388672, 64.81512451171875, 160.58953857421875, 233.0321807861328, 124.53112030029297, 134.16407775878906, 186.1316680908203, 155.15798950195312, 123.03658294677734, 107.46627044677734, 118.96638488769531, 0.0, 38.832977294921875, 55.973209381103516, 165.2210693359375, 167.0478973388672, 160.611328125, 141.4814453125, 76.10519409179688, 171.29214477539062, 226.77081298828125, 171.72361755371094, 65.802734375, 200.87806701660156, 131.02671813964844, 100.04499053955078, 68.00735473632812, 260.4035339355469, 69.35416412353516, 123.49089050292969, 119.61605072021484, 214.39450073242188, 147.32276916503906, 242.5634002685547, 146.24978637695312, 97.32933807373047, 209.35377502441406, 206.30560302734375, 149.3753662109375, 140.417236328125, 62.96824645996094, 205.29977416992188, 97.98469543457031, 30.01666259765625, 126.84636688232422, 182.4636993408203, 125.31958770751953, 116.96580505371094, 77.33692169189453, 145.0655059814453, 229.31419372558594, 38.94868469238281, 223.14344787597656, 198.71588134765625, 193.18902587890625], [27.513633728027344, 160.24044799804688, 152.75143432617188, 129.87686157226562, 69.05070495605469, 137.29530334472656, 26.172504425048828, 124.61540985107422, 196.0102081298828, 85.8836441040039, 110.29052734375, 148.5294647216797, 123.9112548828125, 105.08092498779297, 75.95393371582031, 87.32124328613281, 38.832977294921875, 0.0, 21.3775577545166, 131.0953826904297, 147.6787109375, 128.249755859375, 114.21470642089844, 60.8276252746582, 148.40821838378906, 189.83413696289062, 145.22052001953125, 65.4369888305664, 164.98484802246094, 106.07544708251953, 83.21658325195312, 33.060550689697266, 222.67913818359375, 31.78049659729004, 93.90420532226562, 82.46211242675781, 175.57049560546875, 110.0, 204.3844451904297, 107.83784484863281, 78.74642944335938, 175.8550567626953, 169.499267578125, 115.15641784667969, 101.67103576660156, 45.17742919921875, 169.44615173339844, 63.03173828125, 21.095022201538086, 101.00495147705078, 149.60281372070312, 91.02197265625, 105.0951919555664, 41.146080017089844, 109.17874908447266, 190.68560791015625, 9.219544410705566, 188.78823852539062, 160.11245727539062, 169.02662658691406], [48.764739990234375, 147.0850067138672, 140.03570556640625, 138.8272247314453, 49.648765563964844, 149.3753662109375, 22.090721130371094, 104.78549194335938, 187.80043029785156, 70.43436431884766, 117.63077545166016, 139.60658264160156, 102.59142303466797, 116.29703521728516, 54.58937454223633, 89.005615234375, 55.973209381103516, 21.3775577545166, 0.0, 110.36756896972656, 156.85025024414062, 107.07473754882812, 118.82760620117188, 75.92759704589844, 155.3319091796875, 181.8350830078125, 149.5660400390625, 84.90583038330078, 159.0125732421875, 112.80514526367188, 96.04165649414062, 12.165525436401367, 212.84971618652344, 14.866068840026855, 97.32933807373047, 63.694583892822266, 160.8601837158203, 102.41581726074219, 193.49935913085938, 91.26883697509766, 90.91754150390625, 172.95663452148438, 161.94134521484375, 112.5877456665039, 89.3756103515625, 60.8276252746582, 163.4778289794922, 42.42640686035156, 28.600698471069336, 107.2800064086914, 147.87156677246094, 70.25667572021484, 119.28118133544922, 41.1096076965332, 89.26925659179688, 178.2414093017578, 29.154760360717773, 184.6781005859375, 147.9898681640625, 174.65679931640625], [157.0509490966797, 94.13288116455078, 92.9139404296875, 196.31097412109375, 63.3876953125, 216.93316650390625, 112.75193786621094, 17.0, 153.73353576660156, 65.19202423095703, 174.20103454589844, 116.05602264404297, 21.540658950805664, 186.5904541015625, 58.52349853515625, 136.82470703125, 165.2210693359375, 131.0953826904297, 110.36756896972656, 0.0, 211.8513641357422, 13.34166431427002, 165.09693908691406, 166.37908935546875, 201.52667236328125, 150.33628845214844, 186.357177734375, 185.52627563476562, 144.8378448486328, 168.60011291503906, 175.86642456054688, 98.24967956542969, 164.5964813232422, 100.0199966430664, 147.20054626464844, 53.16013717651367, 92.39588928222656, 105.42295837402344, 142.4254150390625, 51.855567932128906, 170.07351684570312, 170.84788513183594, 138.24615478515625, 132.6536865234375, 78.64476776123047, 155.97756958007812, 148.0067596435547, 68.06614685058594, 135.5175323486328, 163.2176513671875, 158.29403686523438, 40.112342834472656, 199.0100555419922, 117.443603515625, 25.495098114013672, 120.70211029052734, 137.0146026611328, 173.65771484375, 101.59724426269531, 211.7829132080078], [136.01470947265625, 160.72335815429688, 153.68798828125, 18.027755737304688, 164.02743530273438, 24.83948516845703, 135.41787719726562, 196.0255126953125, 144.5856170654297, 147.78700256347656, 40.31128692626953, 125.63439178466797, 220.0022735595703, 44.0113639831543, 187.77113342285156, 76.83749389648438, 167.0478973388672, 147.6787109375, 156.85025024414062, 211.8513641357422, 0.0, 218.50628662109375, 46.75468063354492, 91.0, 17.262676239013672, 139.2910614013672, 36.0, 106.51290893554688, 112.04016876220703, 45.79301071166992, 67.00746154785156, 159.1540069580078, 174.65679931640625, 150.08331298828125, 66.21932983398438, 165.19383239746094, 181.73057556152344, 109.93180084228516, 170.0117645263672, 160.8601837158203, 70.11418914794922, 95.7078857421875, 125.1439208984375, 82.76472473144531, 134.2013397216797, 105.23307800292969, 114.00438690185547, 169.499267578125, 168.0238037109375, 51.62363815307617, 78.10249328613281, 186.03762817382812, 54.424259185791016, 117.38824462890625, 187.4486541748047, 173.1588897705078, 139.74261474609375, 111.08555603027344, 153.05227661132812, 34.65544509887695], [154.9354705810547, 107.01869201660156, 105.47511291503906, 202.4746856689453, 63.24555206298828, 222.2476043701172, 112.05802154541016, 28.44292449951172, 166.43316650390625, 70.76722717285156, 180.0555419921875, 127.6126937866211, 8.602325439453125, 191.12823486328125, 53.15073013305664, 142.523681640625, 160.611328125, 128.249755859375, 107.07473754882812, 13.34166431427002, 218.50628662109375, 0.0, 171.82839965820312, 167.86900329589844, 208.9425811767578, 162.8895263671875, 194.4453582763672, 185.58555603027344, 156.3201904296875, 174.41329956054688, 179.01116943359375, 95.18928527832031, 177.81451416015625, 98.15293884277344, 153.0555419921875, 55.56977462768555, 105.72132873535156, 114.28035736083984, 155.63096618652344, 60.90156173706055, 173.18487548828125, 181.892822265625, 150.233154296875, 141.01419067382812, 87.09190368652344, 156.5407257080078, 159.6245574951172, 65.76473236083984, 130.64837646484375, 168.88458251953125, 168.1814422607422, 38.327537536621094, 202.55616760253906, 118.84864044189453, 31.240999221801758, 133.95895385742188, 134.83694458007812, 185.32403564453125, 114.28035736083984, 220.20445251464844], [110.0636215209961, 119.941650390625, 112.29425811767578, 32.202484130859375, 118.84864044189453, 56.04462432861328, 96.7470932006836, 149.3050537109375, 117.54573822021484, 101.17806243896484, 15.524174690246582, 87.00574493408203, 173.48486328125, 38.27531814575195, 143.17820739746094, 31.78049659729004, 141.4814453125, 114.21470642089844, 118.82760620117188, 165.09693908691406, 46.75468063354492, 171.82839965820312, 0.0, 69.46221923828125, 38.470767974853516, 111.42710876464844, 31.016124725341797, 93.23625946044922, 81.93289947509766, 13.601470947265625, 50.91168975830078, 118.87808990478516, 148.55638122558594, 109.65856170654297, 21.840330123901367, 119.01680755615234, 141.15240478515625, 64.47480010986328, 138.97482299804688, 114.20157623291016, 49.81967544555664, 76.69419860839844, 93.40770721435547, 38.832977294921875, 87.6584243774414, 79.12016296386719, 85.23497009277344, 125.21981048583984, 135.29966735839844, 15.264337539672852, 50.774009704589844, 140.0, 57.584720611572266, 77.78174591064453, 140.73023986816406, 137.44090270996094, 107.78682708740234, 92.61749267578125, 113.28282928466797, 55.90169906616211], [45.0444221496582, 160.4400177001953, 152.20053100585938, 74.24284362792969, 104.78549194335938, 77.36924743652344, 59.203041076660156, 154.78048706054688, 177.6288299560547, 104.93807983398438, 59.46427536010742, 136.400146484375, 166.01806640625, 47.01063537597656, 122.3315200805664, 57.14017868041992, 76.10519409179688, 60.8276252746582, 75.92759704589844, 166.37908935546875, 91.0, 167.86900329589844, 69.46221923828125, 0.0, 95.52486419677734, 171.2337646484375, 97.86214447021484, 26.419689178466797, 142.43594360351562, 57.27128601074219, 24.020824432373047, 82.8070068359375, 207.73541259765625, 75.43209075927734, 56.58621597290039, 113.2254409790039, 179.9694366455078, 99.95999145507812, 193.77565002441406, 126.3210220336914, 21.3775577545166, 143.9340057373047, 151.16217041015625, 89.62700653076172, 107.46627044677734, 15.65247631072998, 146.49232482910156, 104.8093490600586, 79.37883758544922, 54.20331954956055, 116.84605407714844, 129.8653106689453, 44.283180236816406, 49.04079818725586, 141.2090606689453, 186.07794189453125, 51.89412307739258, 159.22625732421875, 156.86936950683594, 117.68601989746094], [139.8070068359375, 145.4991455078125, 138.7155303955078, 22.825424194335938, 157.27999877929688, 40.70626449584961, 133.41664123535156, 185.310546875, 127.3930892944336, 138.68309020996094, 38.11823654174805, 110.0636215209961, 211.0094757080078, 50.32891845703125, 181.64801025390625, 70.21395874023438, 171.29214477539062, 148.40821838378906, 155.3319091796875, 201.52667236328125, 17.262676239013672, 208.9425811767578, 38.470767974853516, 95.52486419677734, 0.0, 122.14745330810547, 19.235383987426758, 114.23221588134766, 95.18928527832031, 42.57933807373047, 72.2772445678711, 156.3201904296875, 157.40711975097656, 147.1223907470703, 60.008331298828125, 157.0509490966797, 166.33700561523438, 97.6166000366211, 153.00326538085938, 149.96665954589844, 74.14849853515625, 78.44743347167969, 108.37435150146484, 70.0, 123.10971069335938, 108.46197509765625, 97.02061462402344, 163.6826171875, 169.23947143554688, 48.05205535888672, 61.400325775146484, 178.10108947753906, 64.8999252319336, 114.72576141357422, 177.72169494628906, 156.69715881347656, 141.088623046875, 93.86160278320312, 137.5681610107422, 22.472204208374023], [199.4843292236328, 57.00876998901367, 57.42821502685547, 135.5175323486328, 148.36778259277344, 159.9656219482422, 164.19500732421875, 134.53623962402344, 6.4031243324279785, 119.2518310546875, 126.87395477294922, 42.54409408569336, 169.42550659179688, 149.6963653564453, 169.8587646484375, 114.20157623291016, 226.77081298828125, 189.83413696289062, 181.8350830078125, 150.33628845214844, 139.2910614013672, 162.8895263671875, 111.42710876464844, 171.2337646484375, 122.14745330810547, 0.0, 103.3924560546875, 197.51708984375, 29.546573638916016, 124.61540985107422, 159.2984619140625, 174.41329956054688, 37.161808013916016, 167.35890197753906, 115.43396759033203, 137.53907775878906, 68.26419067382812, 79.88116455078125, 31.78049659729004, 109.77249145507812, 156.41610717773438, 45.89117431640625, 20.51828384399414, 81.60882568359375, 95.5196304321289, 174.41329956054688, 26.248809814453125, 159.39886474609375, 208.31227111816406, 123.9072265625, 62.36986541748047, 153.31015014648438, 169.00888061523438, 149.4590301513672, 138.03260803222656, 43.931766510009766, 187.87762451171875, 35.35533905029297, 48.83646011352539, 114.98260498046875], [140.1855926513672, 126.64912414550781, 120.01666259765625, 34.48188018798828, 145.90750122070312, 57.28001403808594, 127.4754867553711, 169.85287475585938, 108.77959442138672, 125.09596252441406, 38.4837646484375, 91.08238220214844, 197.0406036376953, 57.48912811279297, 170.6985626220703, 61.188232421875, 171.72361755371094, 145.22052001953125, 149.5660400390625, 186.357177734375, 36.0, 194.4453582763672, 31.016124725341797, 97.86214447021484, 19.235383987426758, 103.3924560546875, 0.0, 119.57006072998047, 76.05918884277344, 40.804412841796875, 76.5375747680664, 149.11070251464844, 139.0863037109375, 139.90353393554688, 52.239830017089844, 144.2532501220703, 147.38385009765625, 81.32035064697266, 134.01492309570312, 134.53623962402344, 76.967529296875, 60.728904724121094, 89.20201873779297, 53.75872039794922, 107.71257781982422, 108.93116760253906, 78.00640869140625, 153.21226501464844, 166.30093383789062, 44.9110221862793, 42.19004440307617, 165.34207153320312, 75.00666809082031, 108.46197509765625, 163.220703125, 137.4627227783203, 138.7083282470703, 76.5506362915039, 118.59595489501953, 26.4007568359375], [40.607879638671875, 186.2605743408203, 178.03651428222656, 91.7060546875, 122.48265075683594, 88.09085845947266, 73.68174743652344, 175.26266479492188, 203.90684509277344, 127.00393676757812, 81.3019027709961, 162.79127502441406, 182.78948974609375, 63.90618133544922, 136.69308471679688, 83.52843475341797, 65.802734375, 65.4369888305664, 84.90583038330078, 185.52627563476562, 106.51290893554688, 185.58555603027344, 93.23625946044922, 26.419689178466797, 114.23221588134766, 197.51708984375, 119.57006072998047, 0.0, 168.60011291503906, 80.21221923828125, 43.046485900878906, 94.3663101196289, 234.093994140625, 88.76936340332031, 82.46211242675781, 132.6725311279297, 205.49696350097656, 126.08727264404297, 220.19309997558594, 149.05368041992188, 43.416587829589844, 169.03549194335938, 177.5049285888672, 115.9353256225586, 132.01893615722656, 30.01666259765625, 172.60939025878906, 120.48651123046875, 79.02531433105469, 78.10249328613281, 142.13021850585938, 147.25827026367188, 53.15073013305664, 69.1158447265625, 160.9534149169922, 212.32286071777344, 56.40035629272461, 184.5562286376953, 182.93714904785156, 136.7040557861328], [172.5948944091797, 60.10823440551758, 56.40035629272461, 106.9205322265625, 130.9809112548828, 131.64346313476562, 140.00357055664062, 128.08200073242188, 35.7770881652832, 102.31324768066406, 97.40636444091797, 28.792360305786133, 161.7714385986328, 120.2081527709961, 154.26275634765625, 85.70297241210938, 200.87806701660156, 164.98484802246094, 159.0125732421875, 144.8378448486328, 112.04016876220703, 156.3201904296875, 81.93289947509766, 142.43594360351562, 95.18928527832031, 29.546573638916016, 76.05918884277344, 168.60011291503906, 0.0, 95.07891082763672, 129.8653106689453, 152.7645263671875, 66.70832061767578, 145.03103637695312, 86.26702880859375, 122.06555938720703, 78.00640869140625, 56.920997619628906, 58.215118408203125, 98.0051040649414, 127.09445190429688, 27.658634185791016, 13.34166431427002, 53.075416564941406, 78.16009521484375, 146.386474609375, 4.4721360206604, 141.5662384033203, 184.29595947265625, 94.3716049194336, 34.01470184326172, 140.17489624023438, 139.51702880859375, 124.02015686035156, 128.26535034179688, 62.361846923828125, 162.2498016357422, 29.27456283569336, 50.91168975830078, 91.0933609008789], [99.46356201171875, 130.18832397460938, 122.3315200805664, 28.42534065246582, 118.40608215332031, 48.764739990234375, 90.9560317993164, 153.3786163330078, 130.78225708007812, 103.71113586425781, 5.656854152679443, 98.41239929199219, 175.41380310058594, 25.495098114013672, 142.00352478027344, 31.890438079833984, 131.02671813964844, 106.07544708251953, 112.80514526367188, 168.60011291503906, 45.79301071166992, 174.41329956054688, 13.601470947265625, 57.27128601074219, 42.57933807373047, 124.61540985107422, 40.804412841796875, 80.21221923828125, 95.07891082763672, 0.0, 37.53664779663086, 114.16216278076172, 161.7714385986328, 105.0047607421875, 21.40093421936035, 120.21646881103516, 151.3307647705078, 72.2772445678711, 151.64761352539062, 118.84864044189453, 36.8917350769043, 90.27181243896484, 106.25440979003906, 49.0, 93.02149963378906, 68.15423583984375, 98.48857879638672, 123.71337890625, 127.0157470703125, 5.830951690673828, 64.35060119628906, 140.8580780029297, 44.643028259277344, 72.42237091064453, 143.68020629882812, 149.21461486816406, 99.02020263671875, 106.21205139160156, 124.0, 63.0079345703125], [69.065185546875, 156.41610717773438, 148.22280883789062, 50.48762130737305, 117.32433319091797, 54.08327102661133, 76.83749389648438, 162.6898956298828, 165.60494995117188, 111.6646728515625, 38.27531814575195, 128.4445343017578, 178.19371032714844, 23.0, 137.5354461669922, 49.497474670410156, 100.04499053955078, 83.21658325195312, 96.04165649414062, 175.86642456054688, 67.00746154785156, 179.01116943359375, 50.91168975830078, 24.020824432373047, 72.2772445678711, 159.2984619140625, 76.5375747680664, 43.046485900878906, 129.8653106689453, 37.53664779663086, 0.0, 101.212646484375, 196.35935974121094, 92.95697784423828, 44.59820556640625, 123.47064208984375, 176.91806030273438, 95.52486419677734, 184.3963165283203, 131.21737670898438, 5.830951690673828, 127.4754867553711, 139.98928833007812, 79.12016296386719, 108.90362548828125, 38.832977294921875, 133.6001434326172, 119.33147430419922, 102.61579132080078, 36.2353401184082, 101.04454803466797, 142.04225158691406, 24.083189010620117, 62.36986541748047, 150.37619018554688, 179.270751953125, 74.63243103027344, 143.28294372558594, 151.60804748535156, 94.64142608642578], [60.01666259765625, 137.29530334472656, 130.4837188720703, 141.15594482421875, 37.6961555480957, 153.4959259033203, 24.413110733032227, 92.6498794555664, 180.24705505371094, 60.10823440551758, 119.26860809326172, 131.94696044921875, 90.93404388427734, 120.22062683105469, 43.17406463623047, 87.96590423583984, 68.00735473632812, 33.060550689697266, 12.165525436401367, 98.24967956542969, 159.1540069580078, 95.18928527832031, 118.87808990478516, 82.8070068359375, 156.3201904296875, 174.41329956054688, 149.11070251464844, 94.3663101196289, 152.7645263671875, 114.16216278076172, 101.212646484375, 0.0, 204.41380310058594, 9.219544410705566, 97.08243560791016, 51.89412307739258, 150.3329620361328, 95.85926818847656, 184.6131134033203, 80.21221923828125, 95.8018798828125, 168.26763916015625, 154.84507751464844, 108.66461944580078, 80.44873809814453, 68.4105224609375, 157.2036895751953, 30.265491485595703, 39.824615478515625, 108.46658325195312, 144.00694274902344, 58.13776779174805, 124.96399688720703, 41.78516387939453, 77.1297607421875, 168.67127990722656, 40.024993896484375, 179.270751953125, 138.68309020996094, 174.74839782714844], [234.18154907226562, 72.53275299072266, 76.89603424072266, 171.9593048095703, 174.86566162109375, 196.12240600585938, 196.66468811035156, 150.6154022216797, 31.016124725341797, 146.29421997070312, 163.98170471191406, 74.2765121459961, 185.310546875, 186.81541442871094, 194.06442260742188, 150.6021270751953, 260.4035339355469, 222.67913818359375, 212.84971618652344, 164.5964813232422, 174.65679931640625, 177.81451416015625, 148.55638122558594, 207.73541259765625, 157.40711975097656, 37.161808013916016, 139.0863037109375, 234.093994140625, 66.70832061767578, 161.7714385986328, 196.35935974121094, 204.41380310058594, 0.0, 198.09088134765625, 152.31546020507812, 162.56076049804688, 73.02738952636719, 113.14591979980469, 22.203603744506836, 132.6084442138672, 193.38304138183594, 79.22752380371094, 56.603885650634766, 118.19052124023438, 124.02015686035156, 210.23081970214844, 63.324562072753906, 186.0457000732422, 240.2269744873047, 161.05899047851562, 99.04039764404297, 175.51353454589844, 206.12860107421875, 183.17477416992188, 157.41029357910156, 44.0113639831543, 221.4610595703125, 65.03076171875, 67.779052734375, 148.0], [57.03507614135742, 132.24598693847656, 125.17587280273438, 132.09844970703125, 37.336307525634766, 144.80331420898438, 16.278820037841797, 92.9139404296875, 173.28012084960938, 55.803226470947266, 110.13627624511719, 125.03199768066406, 94.5938720703125, 111.51681518554688, 47.92702865600586, 78.77182006835938, 69.35416412353516, 31.78049659729004, 14.866068840026855, 100.0199966430664, 150.08331298828125, 98.15293884277344, 109.65856170654297, 75.43209075927734, 147.1223907470703, 167.35890197753906, 139.90353393554688, 88.76936340332031, 145.03103637695312, 105.0047607421875, 92.95697784423828, 9.219544410705566, 198.09088134765625, 0.0, 87.86353302001953, 50.695167541503906, 146.20875549316406, 88.23831176757812, 178.66448974609375, 77.02597045898438, 87.45856475830078, 159.87808227539062, 147.5804901123047, 99.98500061035156, 74.5184555053711, 61.587337493896484, 149.48577880859375, 32.38827133178711, 43.27817153930664, 99.29753112792969, 135.34031677246094, 60.20797348022461, 116.84605407714844, 32.69556427001953, 77.5241928100586, 163.3799285888672, 37.0, 171.16366577148438, 133.12400817871094, 165.52944946289062], [92.61209106445312, 113.1591796875, 105.07616424560547, 49.497474670410156, 97.90811920166016, 69.97142028808594, 75.23961639404297, 132.01893615722656, 121.79490661621094, 82.32861328125, 27.018512725830078, 83.93450164794922, 154.15576171875, 42.7551155090332, 121.93850708007812, 10.630146026611328, 123.49089050292969, 93.90420532226562, 97.32933807373047, 147.20054626464844, 66.21932983398438, 153.0555419921875, 21.840330123901367, 56.58621597290039, 60.008331298828125, 115.43396759033203, 52.239830017089844, 82.46211242675781, 86.26702880859375, 21.40093421936035, 44.59820556640625, 97.08243560791016, 152.31546020507812, 87.86353302001953, 0.0, 99.08582305908203, 134.03358459472656, 53.23532485961914, 139.84634399414062, 97.6166000366211, 41.146080017089844, 87.80091094970703, 95.77056121826172, 34.539833068847656, 72.09021759033203, 62.96824645996094, 90.21086120605469, 103.83159637451172, 114.98260498046875, 16.124515533447266, 60.605281829833984, 119.85408020019531, 60.008331298828125, 56.22277069091797, 122.28655242919922, 134.85177612304688, 88.0738296508789, 102.8250961303711, 107.78682708740234, 77.66595458984375], [106.56922912597656, 91.4166259765625, 85.86617279052734, 148.5530242919922, 14.422204971313477, 167.36187744140625, 61.032779693603516, 43.0, 142.61837768554688, 20.3960781