{"name": "LZB_n160_8", "n": 160, "m": 20, "times": [[0.0, 69.4375, 86.0625, 72.75, 99.4375, 100.1875, 79.625, 57.28125, 76.875, 93.0, 88.8125, 64.875, 100.375, 68.875, 58.9375, 35.46875, 100.625, 87.0, 88.25, 104.875, 99.625, 26.0, 88.1875, 79.375, 60.96875, 74.875, 20.609375, 49.25, 106.875, 95.3125, 72.8125, 58.1875, 104.625, 99.4375, 89.0625, 111.0625, 36.25, 129.375, 118.4375, 97.9375, 68.4375, 25.609375, 57.5, 103.5625, 92.8125, 57.125, 123.9375, 97.75, 112.9375, 50.6875, 83.8125, 97.125, 97.1875, 88.3125, 64.0625, 9.4375, 40.46875, 65.9375, 94.375, 74.0625, 47.8125, 101.25, 19.71875, 37.6875, 101.75, 118.3125, 113.75, 96.3125, 42.8125, 45.875, 79.5, 115.0, 99.625, 51.53125, 101.125, 62.96875, 118.0625, 83.875, 90.625, 5.0, 98.0625, 80.25, 47.15625, 118.1875, 36.25, 91.0, 128.125, 84.3125, 90.625, 97.0625, 31.0, 67.0, 78.375, 89.5, 45.28125, 76.9375, 90.625, 96.75, 100.25, 137.875, 111.375, 52.0, 111.4375, 46.96875, 50.0, 43.84375, 96.3125, 92.625, 48.0, 55.03125, 23.1875, 112.0, 92.6875, 57.28125, 95.5, 83.125, 67.25, 81.4375, 37.53125, 64.0625, 77.875, 51.0, 101.125, 70.0, 118.8125, 91.6875, 31.3125, 101.4375, 97.3125, 57.1875, 100.875, 101.3125, 52.46875, 35.5, 76.0625, 58.53125, 121.8125, 88.4375, 26.90625, 91.8125, 113.125, 55.71875, 28.28125, 110.1875, 53.71875, 58.21875, 71.4375, 112.5, 113.875, 84.625, 85.0, 30.0, 30.484375, 85.9375, 107.9375, 47.0, 47.53125, 83.0, 36.125, 132.25, 100.0], [69.4375, 0.0, 46.03125, 89.6875, 81.8125, 70.5, 149.125, 116.0625, 52.34375, 25.0, 111.875, 36.40625, 93.125, 105.5625, 102.4375, 99.75, 96.25, 34.71875, 90.4375, 173.625, 108.1875, 48.78125, 114.8125, 138.625, 83.4375, 140.75, 85.4375, 110.625, 108.6875, 152.875, 118.3125, 119.75, 94.5625, 81.8125, 110.625, 117.125, 105.5625, 131.5, 140.375, 129.375, 121.0625, 70.4375, 116.6875, 44.5625, 159.125, 12.6484375, 191.25, 33.375, 151.625, 79.875, 65.8125, 109.4375, 162.25, 156.5, 63.9375, 74.3125, 109.5625, 104.0625, 101.8125, 112.9375, 108.25, 132.375, 72.125, 97.3125, 81.4375, 185.5, 178.375, 80.125, 34.0, 107.5625, 140.75, 57.71875, 108.1875, 77.25, 72.0625, 132.0, 156.875, 100.25, 90.8125, 74.125, 65.75, 38.9375, 89.9375, 65.0625, 37.65625, 46.0, 126.625, 151.875, 90.8125, 136.125, 45.46875, 134.0, 128.0, 59.375, 33.53125, 132.25, 158.25, 166.25, 93.375, 137.375, 180.25, 109.0625, 63.375, 81.3125, 24.1875, 79.1875, 150.625, 40.0, 62.375, 116.875, 88.9375, 98.25, 127.375, 125.8125, 164.0, 29.828125, 124.625, 150.875, 85.3125, 117.375, 55.875, 110.125, 158.375, 134.125, 111.0, 63.9375, 78.0, 65.625, 158.25, 124.0625, 160.375, 133.5, 17.0, 66.0, 139.75, 18.4375, 188.125, 119.25, 95.4375, 161.125, 117.5625, 81.8125, 96.25, 124.125, 88.75, 113.4375, 85.5, 158.5, 182.875, 154.0, 113.1875, 88.4375, 66.3125, 101.125, 94.3125, 37.46875, 43.96875, 115.6875, 44.9375, 131.75, 44.28125], [86.0625, 46.03125, 0.0, 130.625, 127.8125, 24.59375, 159.875, 111.4375, 98.0625, 59.03125, 83.25, 81.375, 52.03125, 141.5, 89.1875, 103.4375, 141.5, 79.1875, 54.71875, 177.75, 151.875, 60.0625, 154.5, 131.125, 62.96875, 141.0, 106.3125, 134.75, 69.375, 142.25, 151.5, 117.1875, 52.09375, 127.8125, 81.4375, 78.625, 119.625, 90.0625, 182.25, 168.125, 150.875, 72.0625, 112.3125, 84.1875, 158.75, 51.0, 191.0, 33.71875, 188.5, 116.3125, 25.96875, 152.375, 183.0, 172.25, 106.6875, 94.3125, 119.25, 139.5, 145.5, 94.0625, 133.0, 105.1875, 77.25, 122.1875, 36.875, 185.125, 174.0, 126.0625, 70.5, 107.125, 135.125, 96.5, 151.875, 114.5, 118.0, 146.25, 194.0, 70.25, 53.84375, 89.0, 19.71875, 84.875, 80.25, 105.5625, 70.1875, 6.40234375, 84.375, 154.125, 53.84375, 172.5, 55.09375, 136.5, 159.625, 105.375, 41.78125, 122.1875, 160.375, 175.875, 138.75, 94.75, 184.375, 136.0, 106.25, 116.0625, 41.625, 69.375, 137.375, 15.234375, 100.875, 114.9375, 109.1875, 54.125, 165.0, 141.625, 178.875, 74.6875, 117.375, 161.875, 115.25, 107.875, 101.5625, 106.875, 186.125, 156.125, 67.75, 19.234375, 76.1875, 19.796875, 150.625, 127.5, 151.25, 172.25, 50.8125, 99.5625, 162.125, 36.0625, 185.875, 157.875, 105.375, 168.625, 78.3125, 119.4375, 114.0, 88.5, 74.375, 106.3125, 58.59375, 192.625, 187.75, 164.5, 87.375, 90.125, 65.25, 70.1875, 50.625, 76.875, 39.21875, 92.1875, 50.0, 89.4375, 21.40625], [72.75, 89.6875, 130.625, 0.0, 43.875, 152.375, 116.875, 125.5, 47.15625, 99.0, 160.625, 55.3125, 163.75, 26.40625, 131.625, 102.5, 33.25, 76.0, 154.375, 148.875, 26.921875, 84.625, 25.5, 145.0, 131.125, 132.375, 64.0625, 63.15625, 174.0, 161.0, 43.0, 124.0625, 167.125, 43.875, 160.5, 179.75, 84.5625, 197.5, 51.625, 40.4375, 53.75, 97.1875, 125.375, 90.5625, 146.75, 80.5, 171.875, 122.375, 64.0625, 22.359375, 140.75, 24.59375, 105.375, 111.75, 26.46875, 65.75, 95.3125, 27.59375, 22.09375, 146.75, 60.53125, 174.0, 92.125, 56.28125, 159.25, 167.25, 169.375, 41.125, 60.21875, 113.4375, 143.125, 94.8125, 26.921875, 21.1875, 56.09375, 97.875, 69.1875, 154.0, 156.25, 75.6875, 148.625, 64.0, 119.875, 91.4375, 61.625, 132.75, 195.0, 136.0, 156.25, 50.25, 87.625, 123.3125, 54.09375, 53.4375, 93.375, 145.375, 141.25, 132.0, 34.875, 205.375, 154.0, 55.0, 81.375, 27.078125, 89.8125, 115.4375, 164.125, 128.75, 30.40625, 121.125, 66.0, 173.25, 40.0, 90.8125, 119.25, 76.1875, 135.375, 117.6875, 41.0625, 134.5, 44.40625, 119.6875, 86.9375, 81.8125, 183.0, 144.25, 103.8125, 150.125, 159.625, 115.5, 164.375, 44.5625, 79.9375, 38.0, 84.625, 94.5625, 173.0, 31.015625, 89.125, 132.625, 181.375, 17.265625, 73.1875, 180.875, 125.9375, 128.25, 140.125, 74.9375, 154.75, 121.25, 157.25, 101.625, 100.1875, 155.875, 169.0, 53.84375, 103.3125, 155.625, 93.0625, 199.625, 133.875], [99.4375, 81.8125, 127.8125, 43.875, 0.0, 152.0, 158.125, 156.375, 30.015625, 79.3125, 178.875, 47.40625, 171.25, 70.1875, 156.125, 133.875, 20.03125, 53.25, 165.25, 189.625, 39.21875, 100.4375, 62.25, 177.875, 148.25, 168.875, 98.375, 104.875, 184.75, 194.0, 86.6875, 156.5, 173.5, 0.0, 178.375, 192.125, 121.5, 208.375, 74.0, 75.875, 97.5625, 119.1875, 156.5, 61.34375, 184.75, 78.375, 212.0, 108.6875, 99.75, 59.0625, 145.0, 43.75, 149.25, 154.75, 35.5, 95.5, 131.25, 71.4375, 34.9375, 170.375, 102.0625, 195.75, 116.0, 95.6875, 162.125, 207.125, 207.125, 3.162109375, 67.1875, 144.625, 177.125, 60.40625, 39.21875, 55.90625, 16.03125, 138.75, 104.0625, 169.75, 166.375, 103.6875, 147.375, 43.875, 143.25, 54.0, 72.375, 127.75, 204.5, 174.5, 166.375, 89.1875, 101.4375, 160.0, 97.625, 23.59375, 100.6875, 176.25, 180.125, 174.0, 16.03125, 215.25, 195.125, 97.4375, 44.0, 64.4375, 93.5, 136.0, 195.625, 120.9375, 51.96875, 153.375, 101.1875, 178.25, 78.375, 131.625, 162.375, 56.21875, 166.5, 159.125, 78.75, 163.5, 26.828125, 150.25, 130.125, 125.125, 190.125, 145.0, 127.125, 147.375, 194.5, 151.25, 198.75, 79.375, 80.5, 65.75, 128.25, 94.5, 212.375, 69.375, 122.0, 173.625, 193.125, 55.21875, 109.4375, 196.125, 147.0, 157.625, 154.75, 114.0, 196.25, 162.75, 177.375, 129.375, 119.8125, 171.25, 174.125, 59.65625, 112.625, 177.375, 105.5, 209.5, 123.8125], [100.1875, 70.5, 24.59375, 152.375, 152.0, 0.0, 167.5, 113.3125, 122.1875, 83.0, 72.125, 105.25, 32.6875, 161.125, 88.0, 110.3125, 165.25, 103.8125, 41.03125, 181.375, 174.75, 75.25, 175.625, 130.375, 60.75, 143.875, 120.8125, 149.375, 50.34375, 139.125, 169.625, 119.8125, 31.046875, 152.0, 70.0, 59.8125, 130.375, 68.375, 204.0, 188.625, 167.625, 81.125, 114.3125, 108.25, 160.625, 74.4375, 192.125, 55.15625, 208.0, 136.5, 18.25, 175.0, 194.875, 182.0, 129.5, 109.1875, 128.0, 158.875, 168.375, 88.8125, 148.0, 93.5, 87.375, 137.625, 14.3203125, 186.375, 173.25, 150.25, 92.3125, 111.625, 135.25, 120.3125, 174.75, 135.125, 142.5, 156.0, 213.375, 59.46875, 39.0625, 102.1875, 5.09765625, 109.4375, 82.25, 129.5, 91.0, 26.6875, 62.0625, 157.625, 39.0625, 191.875, 70.5625, 140.75, 177.0, 129.875, 60.03125, 120.3125, 163.5, 182.5, 162.625, 72.0, 188.0, 151.875, 130.625, 135.75, 62.625, 72.8125, 132.875, 36.34375, 122.1875, 118.125, 123.25, 31.0, 185.125, 152.25, 188.0, 99.3125, 117.375, 169.5, 133.0, 107.3125, 125.625, 109.875, 201.25, 169.125, 45.0, 8.546875, 83.0625, 8.546875, 148.875, 132.625, 148.5, 192.625, 73.5625, 119.1875, 175.25, 58.6875, 186.125, 178.375, 115.125, 174.25, 58.8125, 140.125, 126.75, 71.5625, 74.3125, 107.1875, 52.34375, 210.625, 191.625, 171.75, 78.0, 97.125, 74.1875, 58.6875, 28.15625, 99.1875, 53.15625, 84.0, 64.875, 67.0, 39.0625], [79.625, 149.125, 159.875, 116.875, 158.125, 167.5, 0.0, 60.71875, 145.5, 172.25, 122.0625, 138.625, 154.875, 94.625, 87.125, 57.21875, 150.125, 163.0, 140.0, 32.28125, 138.875, 103.25, 114.125, 60.4375, 110.3125, 36.875, 65.9375, 53.71875, 152.875, 70.3125, 82.875, 53.75, 159.875, 158.125, 123.6875, 152.25, 43.5625, 169.25, 137.125, 113.1875, 69.5625, 87.875, 59.78125, 180.125, 38.625, 136.75, 55.53125, 176.625, 111.3125, 99.125, 149.375, 133.875, 41.875, 20.515625, 125.4375, 75.4375, 40.8125, 92.0625, 136.625, 96.8125, 56.375, 119.5, 82.6875, 62.6875, 164.0, 51.625, 58.6875, 155.0, 120.0, 57.3125, 54.5625, 190.375, 138.875, 102.375, 165.875, 19.421875, 114.125, 125.9375, 143.0, 75.125, 167.0, 154.125, 87.1875, 191.625, 114.0625, 165.625, 171.125, 28.65625, 143.0, 102.0625, 107.9375, 32.65625, 77.0, 157.25, 122.75, 69.3125, 30.359375, 17.203125, 151.75, 178.0, 37.15625, 62.03125, 183.375, 93.8125, 129.0, 95.0, 78.5, 169.25, 110.25, 53.84375, 62.375, 168.0, 106.25, 26.625, 22.84375, 159.75, 63.5, 2.0, 79.875, 71.875, 145.125, 61.1875, 68.9375, 40.0, 169.0, 159.75, 84.5625, 171.25, 61.59375, 36.875, 67.4375, 114.0625, 132.125, 97.0625, 41.4375, 137.5, 58.21875, 109.1875, 55.03125, 15.8125, 155.125, 102.9375, 54.03125, 144.25, 96.4375, 68.0, 121.5625, 98.75, 38.09375, 5.0, 114.5, 70.4375, 94.75, 128.125, 164.625, 122.0, 121.0625, 108.25, 111.625, 173.625, 176.875], [57.28125, 116.0625, 111.4375, 125.5, 156.375, 113.3125, 60.71875, 0.0, 133.875, 141.0, 61.34375, 120.875, 96.0, 113.625, 27.015625, 23.015625, 156.0, 140.875, 81.0, 68.25, 152.125, 67.6875, 134.875, 22.828125, 52.9375, 30.59375, 61.53125, 76.0625, 92.375, 38.28125, 110.0625, 7.0703125, 101.0, 156.375, 62.9375, 91.5, 46.0625, 108.5, 163.75, 140.625, 99.875, 45.59375, 1.0, 156.375, 47.53125, 105.6875, 79.625, 135.75, 148.375, 103.25, 95.1875, 148.625, 98.625, 79.6875, 120.9375, 61.125, 35.5, 110.4375, 147.625, 36.25, 76.9375, 61.0625, 44.78125, 73.6875, 107.375, 73.8125, 63.25, 153.25, 97.6875, 12.0390625, 24.765625, 168.75, 152.125, 105.0625, 158.375, 58.0, 152.625, 65.625, 84.0, 52.78125, 113.8125, 135.75, 31.390625, 173.125, 91.0, 117.75, 110.4375, 44.5625, 84.0, 134.625, 70.625, 29.15625, 110.25, 146.625, 83.5, 20.0, 50.21875, 72.4375, 156.125, 117.375, 74.75, 84.125, 167.125, 98.4375, 92.1875, 42.0625, 39.21875, 123.6875, 104.5625, 7.2109375, 60.03125, 109.0, 134.125, 58.71875, 83.5, 136.5, 10.046875, 62.65625, 85.0, 12.0390625, 135.125, 6.32421875, 118.125, 82.0, 108.875, 106.5625, 38.21875, 118.625, 42.1875, 24.171875, 44.78125, 143.0, 100.6875, 91.1875, 87.0625, 99.75, 74.625, 132.875, 36.5, 63.0625, 94.375, 108.3125, 54.40625, 83.75, 39.0625, 7.28125, 63.28125, 141.375, 78.4375, 63.78125, 53.84375, 28.640625, 50.21875, 67.75, 106.0625, 103.125, 76.6875, 47.84375, 71.5, 112.875, 131.25], [76.875, 52.34375, 98.0625, 47.15625, 30.015625, 122.1875, 145.5, 133.875, 0.0, 54.09375, 150.625, 17.46875, 141.375, 70.875, 130.25, 112.25, 44.21875, 29.28125, 135.625, 175.375, 58.3125, 73.0, 72.0, 156.25, 120.0625, 150.25, 81.0, 95.0, 155.125, 172.125, 87.0, 135.0, 143.5, 30.015625, 149.875, 162.5, 104.875, 178.625, 92.75, 87.0, 94.8125, 93.3125, 134.25, 43.40625, 167.375, 48.375, 196.625, 81.3125, 111.0, 50.25, 115.0, 60.71875, 144.5, 145.875, 22.84375, 75.125, 113.25, 70.8125, 52.1875, 144.0, 92.1875, 168.375, 91.0625, 83.4375, 132.125, 191.375, 189.125, 28.015625, 39.0625, 122.6875, 156.25, 48.84375, 58.3125, 46.65625, 25.015625, 126.125, 116.0, 141.0, 136.75, 81.625, 117.625, 17.46875, 117.1875, 47.4375, 45.0, 98.375, 174.625, 157.75, 136.75, 97.4375, 73.3125, 141.75, 98.0625, 12.6484375, 71.1875, 153.25, 163.75, 162.25, 41.125, 185.375, 181.375, 89.375, 38.28125, 54.65625, 63.6875, 109.0, 172.75, 92.0, 35.34375, 131.875, 84.3125, 148.25, 87.125, 119.0, 153.75, 30.359375, 143.875, 146.75, 66.5, 139.625, 3.60546875, 127.625, 131.125, 117.8125, 160.125, 115.125, 101.5, 117.8125, 174.0, 132.375, 177.75, 91.0625, 50.5625, 48.40625, 122.0625, 64.5, 195.875, 78.0625, 102.0625, 160.25, 163.5, 48.75, 92.9375, 167.125, 120.0, 134.125, 125.9375, 122.0625, 183.0, 150.375, 149.625, 105.75, 93.0, 142.375, 144.125, 32.0, 83.25, 150.125, 76.9375, 179.625, 95.4375], [93.0, 25.0, 59.03125, 99.0, 79.3125, 83.0, 172.25, 141.0, 54.09375, 0.0, 134.125, 44.03125, 110.375, 119.0, 127.0625, 124.4375, 97.0625, 26.078125, 110.1875, 197.75, 112.375, 73.6875, 124.4375, 163.625, 106.875, 165.5, 107.375, 130.625, 127.0625, 177.75, 133.5, 144.75, 110.875, 79.3125, 132.75, 136.0, 128.75, 148.75, 146.75, 139.5, 138.125, 95.4375, 141.625, 25.296875, 183.875, 36.125, 215.75, 30.8125, 162.875, 94.3125, 83.125, 114.8125, 182.5, 178.5, 72.5625, 96.875, 133.375, 118.125, 106.3125, 137.125, 128.125, 155.25, 97.0, 117.375, 95.875, 210.125, 203.25, 78.5625, 53.3125, 132.5, 165.75, 37.46875, 112.375, 91.1875, 65.9375, 154.5, 168.125, 122.0, 110.0625, 97.8125, 77.875, 36.78125, 114.75, 46.5625, 58.59375, 56.3125, 143.25, 176.25, 110.0625, 148.25, 70.4375, 158.5, 143.875, 55.75, 58.3125, 157.25, 182.75, 189.5, 93.5625, 153.75, 204.25, 127.875, 48.3125, 96.875, 49.09375, 103.8125, 175.5, 47.15625, 76.3125, 141.75, 110.9375, 113.1875, 138.625, 148.125, 186.0, 23.765625, 149.625, 174.0, 103.5625, 142.25, 57.59375, 135.125, 175.625, 154.375, 126.75, 78.25, 103.0, 76.1875, 183.25, 148.625, 185.375, 143.5, 41.03125, 83.4375, 159.75, 42.5, 212.875, 129.875, 119.5, 184.875, 136.0, 95.0625, 118.6875, 144.375, 113.1875, 138.5, 107.6875, 172.0, 206.875, 177.25, 136.125, 113.375, 91.25, 122.625, 109.6875, 53.84375, 68.0, 139.125, 69.875, 148.375, 47.5], [88.8125, 111.875, 83.25, 160.625, 178.875, 72.125, 122.0625, 61.34375, 150.625, 134.125, 0.0, 133.875, 43.40625, 157.25, 36.34375, 73.0, 185.0, 145.125, 31.140625, 125.1875, 187.125, 78.5625, 177.0, 69.0, 30.59375, 89.125, 104.5, 128.125, 33.25, 72.75, 158.75, 68.3125, 47.84375, 178.875, 2.236328125, 30.40625, 99.8125, 47.15625, 207.25, 186.25, 151.375, 63.53125, 62.3125, 156.375, 102.0, 107.0, 130.0, 115.9375, 199.0, 139.125, 58.25, 185.125, 159.25, 141.0, 146.5, 97.375, 91.8125, 154.25, 181.5, 25.5, 128.0, 21.953125, 69.125, 121.0625, 60.59375, 124.6875, 108.875, 176.125, 111.8125, 67.125, 75.0, 169.625, 187.125, 139.5, 175.25, 118.0625, 203.875, 13.0390625, 33.40625, 87.0625, 75.0625, 145.125, 43.1875, 176.875, 106.5, 89.1875, 49.25, 102.8125, 33.40625, 183.75, 77.4375, 90.0, 161.875, 162.0, 81.0, 58.0, 107.375, 133.0, 183.75, 56.09375, 131.0, 134.375, 174.125, 135.75, 90.0, 45.1875, 64.875, 98.4375, 132.625, 68.375, 104.875, 54.78125, 180.625, 117.5, 144.875, 140.125, 59.84375, 123.9375, 125.9375, 50.4375, 153.0, 61.75, 175.875, 139.75, 50.34375, 69.0, 57.6875, 80.0, 84.1875, 85.4375, 82.25, 189.375, 103.0, 122.5625, 145.375, 93.5625, 122.625, 177.0, 85.0625, 123.1875, 33.375, 144.0, 103.25, 23.015625, 35.21875, 54.09375, 26.46875, 195.25, 135.125, 125.0, 8.0, 65.0625, 60.53125, 13.453125, 53.21875, 119.25, 69.0, 15.03125, 73.6875, 51.53125, 104.4375], [64.875, 36.40625, 81.375, 55.3125, 47.40625, 105.25, 138.625, 120.875, 17.46875, 44.03125, 133.875, 0.0, 123.9375, 75.125, 115.125, 100.1875, 60.09375, 25.0625, 118.25, 167.25, 71.875, 57.21875, 80.8125, 143.5, 103.375, 139.625, 72.8125, 91.4375, 137.625, 159.125, 89.9375, 122.625, 126.125, 47.40625, 133.125, 145.125, 96.3125, 161.125, 104.8125, 95.6875, 95.625, 78.4375, 121.25, 42.1875, 157.25, 31.0625, 187.625, 67.625, 118.9375, 51.0, 97.625, 73.375, 142.625, 141.5, 28.859375, 65.0, 103.625, 74.3125, 65.5, 128.375, 88.6875, 152.0, 76.9375, 78.75, 114.8125, 182.25, 178.5, 45.28125, 23.53125, 110.1875, 144.125, 51.65625, 71.875, 47.6875, 41.4375, 119.75, 124.1875, 123.9375, 119.25, 69.8125, 100.75, 15.6171875, 101.9375, 53.59375, 30.078125, 82.0625, 157.125, 148.25, 119.25, 104.25, 57.0, 131.5, 100.625, 28.15625, 53.84375, 139.75, 154.375, 155.75, 57.375, 168.0, 173.5, 87.25, 46.53125, 54.125, 46.25, 93.1875, 159.125, 76.375, 33.25, 119.5, 76.375, 130.875, 94.625, 112.8125, 149.25, 23.09375, 130.625, 140.125, 63.0625, 125.6875, 20.59375, 114.5625, 132.875, 115.0, 142.625, 98.0, 86.6875, 101.1875, 162.0, 121.8125, 165.375, 99.8125, 33.09375, 43.03125, 119.875, 47.15625, 186.125, 86.0, 91.25, 152.75, 146.125, 51.25, 84.875, 149.875, 104.125, 120.5, 108.875, 128.0, 175.5, 143.625, 133.125, 92.375, 77.4375, 125.3125, 126.75, 17.890625, 66.0, 134.0, 60.21875, 162.125, 80.4375], [100.375, 93.125, 52.03125, 163.75, 171.25, 32.6875, 154.875, 96.0, 141.375, 110.375, 43.40625, 123.9375, 0.0, 167.5, 69.0, 99.4375, 181.75, 127.8125, 15.0, 163.625, 188.375, 79.9375, 184.625, 109.0625, 44.90625, 126.1875, 120.0625, 147.625, 17.71875, 115.125, 173.125, 103.0, 5.0, 171.25, 41.1875, 27.203125, 123.625, 38.46875, 214.25, 196.25, 168.625, 76.5, 97.0, 135.125, 141.25, 93.25, 171.0, 85.5, 213.0, 145.0, 27.453125, 187.75, 187.5, 171.875, 144.0, 109.8125, 118.625, 164.75, 182.25, 65.0, 146.75, 63.25, 83.1875, 137.5, 18.875, 165.5, 150.625, 169.0, 106.25, 97.625, 114.5625, 147.75, 188.375, 144.25, 164.0, 146.75, 218.25, 32.5625, 12.0, 100.875, 37.0, 131.25, 67.875, 156.375, 103.0, 56.4375, 33.53125, 140.25, 12.0, 197.0, 76.375, 125.0, 178.75, 150.75, 71.5625, 98.25, 145.5, 168.125, 179.75, 44.28125, 169.875, 151.875, 156.125, 143.0, 77.8125, 61.96875, 107.6875, 66.5, 133.5, 102.0625, 121.6875, 13.0390625, 191.625, 144.375, 176.875, 123.0, 97.625, 156.875, 137.0, 87.4375, 144.5, 94.125, 198.75, 164.25, 19.203125, 33.375, 75.0, 41.21875, 125.9375, 118.3125, 124.625, 199.875, 90.8125, 127.25, 170.25, 77.25, 164.25, 186.25, 107.8125, 159.0, 26.46875, 149.25, 123.0625, 38.9375, 58.5625, 89.0625, 33.375, 212.875, 173.75, 158.625, 50.5625, 87.625, 70.3125, 31.015625, 10.1953125, 113.75, 60.59375, 57.375, 70.75, 38.59375, 70.625], [68.875, 105.5625, 141.5, 26.40625, 70.1875, 161.125, 94.625, 113.625, 70.875, 119.0, 157.25, 75.125, 167.5, 0.0, 124.8125, 91.4375, 57.4375, 98.3125, 156.25, 126.9375, 44.28125, 87.8125, 21.375, 130.75, 129.875, 115.0, 53.65625, 42.1875, 175.375, 146.25, 16.640625, 110.875, 171.375, 70.1875, 157.625, 179.875, 68.875, 198.125, 50.5625, 29.0625, 27.796875, 94.5, 113.3125, 114.0, 127.5625, 94.625, 150.125, 138.875, 47.0, 25.703125, 147.25, 39.28125, 79.3125, 87.25, 48.28125, 60.0, 80.0625, 3.162109375, 42.5, 140.0, 40.0625, 167.75, 88.4375, 40.03125, 165.875, 146.0, 150.0, 67.5, 72.5625, 101.8125, 127.875, 119.5625, 44.28125, 28.28125, 82.375, 76.5, 52.40625, 152.75, 158.5, 70.1875, 157.875, 86.5, 114.5625, 116.875, 71.5, 144.625, 196.625, 116.625, 158.5, 31.015625, 91.8125, 106.0625, 27.78125, 78.8125, 101.125, 132.875, 121.1875, 108.625, 59.8125, 206.5, 131.5, 33.25, 106.9375, 25.5, 99.9375, 112.625, 150.625, 142.375, 43.28125, 108.1875, 54.21875, 178.25, 24.203125, 69.875, 94.5, 97.625, 123.0, 95.1875, 31.40625, 124.0, 68.625, 108.4375, 60.8125, 57.25, 186.375, 152.75, 99.625, 160.125, 143.125, 99.5, 148.375, 32.53125, 92.75, 42.0625, 59.375, 106.3125, 152.25, 19.71875, 77.5, 110.4375, 181.875, 24.015625, 59.1875, 179.0, 122.0625, 117.625, 140.125, 53.15625, 131.875, 98.6875, 152.875, 93.9375, 99.0625, 154.75, 174.0, 68.0625, 109.0, 150.125, 97.625, 200.875, 148.25], [58.9375, 102.4375, 89.1875, 131.625, 156.125, 88.0, 87.125, 27.015625, 130.25, 127.0625, 36.34375, 115.125, 69.0, 124.8125, 0.0, 36.875, 159.125, 131.625, 54.03125, 94.75, 158.5, 58.0625, 145.375, 42.5, 27.3125, 57.21875, 71.1875, 92.6875, 65.75, 53.15625, 124.625, 34.0625, 74.0, 156.125, 37.59375, 65.5625, 63.78125, 83.1875, 175.375, 153.375, 116.25, 37.0, 28.015625, 145.625, 73.0, 94.0, 104.0625, 116.875, 164.5, 109.4375, 70.25, 155.875, 123.0625, 105.3125, 121.5625, 66.125, 55.46875, 121.6875, 153.25, 15.234375, 92.875, 42.9375, 40.3125, 86.8125, 81.0, 98.375, 85.4375, 153.125, 91.6875, 30.875, 47.15625, 158.5, 158.5, 110.4375, 155.375, 81.875, 169.125, 38.84375, 57.03125, 55.96875, 89.0625, 128.625, 13.15625, 164.125, 85.375, 95.625, 84.5, 71.25, 57.03125, 149.625, 59.1875, 56.15625, 126.875, 142.625, 68.875, 33.0, 76.625, 99.4375, 158.5, 92.125, 101.125, 99.5, 159.625, 105.3125, 78.3125, 23.265625, 49.03125, 102.75, 106.1875, 33.375, 71.0, 82.0, 147.375, 81.125, 109.625, 126.8125, 29.40625, 89.0625, 93.9375, 19.3125, 132.125, 25.96875, 139.625, 103.5, 82.0625, 81.875, 29.015625, 93.9375, 61.59375, 50.21875, 62.0, 156.25, 89.1875, 94.375, 109.0, 84.625, 98.0625, 144.5, 49.59375, 90.0625, 68.375, 114.5, 68.25, 59.375, 14.8671875, 20.03125, 36.6875, 159.75, 104.9375, 90.4375, 29.828125, 30.890625, 37.84375, 41.0, 79.125, 98.3125, 59.375, 25.609375, 57.9375, 87.3125, 110.0], [35.46875, 99.75, 103.4375, 102.5, 133.875, 110.3125, 57.21875, 23.015625, 112.25, 124.4375, 73.0, 100.1875, 99.4375, 91.4375, 36.875, 0.0, 133.0, 121.5, 84.875, 75.1875, 129.125, 51.09375, 112.5625, 44.15625, 54.5625, 41.0, 38.625, 56.21875, 99.9375, 60.21875, 89.1875, 22.796875, 104.375, 133.875, 74.0625, 101.125, 26.90625, 119.1875, 141.875, 119.0, 80.0, 31.78125, 23.0, 137.625, 59.40625, 88.4375, 91.5625, 123.3125, 128.5, 80.25, 92.125, 125.75, 88.25, 72.5625, 98.3125, 38.3125, 19.3125, 88.25, 124.5625, 51.0, 56.625, 78.4375, 28.015625, 51.90625, 107.1875, 85.8125, 79.1875, 130.75, 77.5, 11.0, 44.0, 149.5, 129.125, 82.0625, 136.375, 47.3125, 133.0, 73.375, 87.8125, 30.671875, 109.75, 115.4375, 31.953125, 153.125, 70.8125, 109.4375, 119.875, 52.4375, 87.8125, 114.0625, 55.0, 34.40625, 90.625, 124.9375, 69.3125, 43.0, 58.8125, 72.5625, 133.125, 128.125, 81.875, 63.5, 146.625, 75.4375, 77.0, 38.125, 62.0625, 113.875, 81.875, 19.640625, 37.375, 112.375, 112.6875, 45.3125, 78.125, 117.3125, 33.0, 59.21875, 62.15625, 32.5625, 113.25, 17.265625, 102.875, 66.875, 115.125, 102.5625, 27.453125, 114.125, 61.84375, 24.703125, 65.4375, 121.625, 83.4375, 68.375, 72.5625, 85.1875, 88.375, 110.875, 13.9296875, 65.125, 103.75, 85.3125, 32.65625, 96.0, 41.4375, 26.25, 66.25, 123.125, 85.0, 61.53125, 66.6875, 13.34375, 38.28125, 75.5625, 108.875, 82.3125, 65.375, 62.21875, 57.46875, 123.0625, 121.4375], [100.625, 96.25, 141.5, 33.25, 20.03125, 165.25, 150.125, 156.0, 44.21875, 97.0625, 185.0, 60.09375, 181.75, 57.4375, 159.125, 133.0, 0.0, 71.125, 174.375, 182.125, 19.640625, 106.625, 45.21875, 176.375, 154.625, 165.0, 95.4375, 96.375, 194.125, 192.5, 73.125, 155.25, 184.5, 20.03125, 184.625, 200.875, 117.0625, 217.875, 54.0, 57.6875, 85.1875, 123.0, 156.0, 80.75, 179.75, 90.8125, 205.0, 125.375, 81.0, 53.59375, 156.5, 24.703125, 136.5, 144.375, 38.625, 95.0625, 127.5625, 59.375, 16.640625, 174.0, 93.75, 200.375, 118.875, 89.3125, 174.25, 200.5, 202.25, 19.421875, 75.6875, 144.0, 174.875, 80.375, 19.640625, 51.25, 36.0625, 131.125, 85.0625, 177.0, 175.875, 104.3125, 160.75, 60.53125, 146.75, 74.0, 79.625, 142.125, 214.5, 169.125, 175.875, 71.6875, 108.4375, 155.875, 83.5, 41.78125, 110.25, 176.0, 174.375, 165.0, 4.0, 225.125, 187.25, 88.125, 64.0, 58.84375, 104.3125, 140.625, 195.125, 136.125, 52.9375, 152.125, 97.75, 189.75, 61.0625, 124.0625, 151.75, 73.4375, 166.0, 150.875, 73.375, 164.25, 40.59375, 150.0, 114.875, 114.375, 200.875, 157.75, 130.375, 161.25, 191.75, 147.75, 196.375, 60.9375, 92.0, 65.1875, 116.75, 106.6875, 206.125, 52.4375, 120.1875, 165.875, 202.125, 48.84375, 105.375, 203.75, 151.625, 158.125, 162.25, 96.125, 188.0, 154.375, 182.75, 130.5, 124.75, 178.625, 185.625, 68.125, 121.6875, 181.875, 113.1875, 219.375, 139.625], [87.0, 34.71875, 79.1875, 76.0, 53.25, 103.8125, 163.0, 140.875, 29.28125, 26.078125, 145.125, 25.0625, 127.8125, 98.3125, 131.625, 121.5, 71.125, 0.0, 125.0, 191.0, 87.0, 74.125, 101.125, 163.75, 115.75, 161.875, 97.0625, 116.5, 143.375, 178.875, 113.75, 143.375, 129.125, 53.25, 144.125, 151.75, 120.1875, 166.125, 121.75, 116.125, 120.1875, 96.375, 141.375, 17.203125, 179.75, 38.3125, 210.75, 55.875, 140.0, 75.3125, 100.4375, 89.75, 167.75, 166.375, 50.25, 88.4375, 126.8125, 97.875, 81.0625, 143.625, 113.75, 165.0, 96.125, 103.75, 115.5, 205.25, 200.5, 52.46875, 44.21875, 130.875, 164.875, 28.015625, 87.0, 71.8125, 40.3125, 144.25, 145.125, 134.0, 125.4375, 92.0, 98.8125, 12.0, 118.625, 32.5625, 50.8125, 77.875, 161.25, 171.125, 125.4375, 126.125, 72.4375, 154.0, 124.6875, 29.6875, 64.5, 158.875, 177.5, 180.125, 67.5625, 172.0, 197.25, 112.25, 29.0, 78.75, 55.21875, 108.6875, 177.875, 69.875, 57.9375, 140.25, 100.6875, 132.5, 116.0, 137.375, 174.125, 5.0, 150.25, 164.5, 88.125, 144.25, 32.5625, 134.625, 157.25, 140.125, 145.5, 97.875, 104.5625, 98.0, 182.75, 144.25, 185.625, 120.1875, 42.75, 68.125, 144.875, 52.09375, 208.875, 107.0, 113.875, 176.875, 152.25, 74.9375, 109.0625, 158.5, 119.125, 139.625, 119.0, 150.5, 199.375, 168.0, 145.75, 112.3125, 93.9375, 135.0, 128.75, 41.03125, 76.25, 147.625, 74.0, 166.375, 71.6875], [88.25, 90.4375, 54.71875, 154.375, 165.25, 41.03125, 140.0, 81.0, 135.625, 110.1875, 31.140625, 118.25, 15.0, 156.25, 54.03125, 84.875, 174.375, 125.0, 0.0, 148.625, 179.75, 69.8125, 174.125, 94.375, 30.359375, 111.25, 107.3125, 134.375, 19.71875, 101.0, 161.0, 88.0, 20.0, 165.25, 29.0, 26.921875, 109.5625, 43.40625, 204.125, 185.25, 155.875, 63.5, 82.0, 134.0, 126.4375, 88.5, 156.5, 88.3125, 201.125, 134.75, 28.796875, 178.625, 173.125, 157.125, 136.125, 97.625, 104.125, 153.5, 173.625, 50.59375, 133.625, 52.5, 70.1875, 124.8125, 29.6875, 150.875, 136.25, 162.875, 98.8125, 82.75, 99.8125, 147.0, 179.75, 134.375, 159.25, 132.125, 206.25, 18.875, 3.0, 88.25, 44.21875, 127.125, 53.15625, 155.125, 94.875, 60.15625, 40.59375, 125.25, 3.0, 185.25, 66.875, 110.0, 166.125, 145.875, 64.625, 83.6875, 130.5, 153.125, 172.625, 51.03125, 154.875, 139.0, 153.875, 132.375, 72.125, 47.9375, 93.9375, 69.875, 124.5625, 87.0625, 108.75, 28.015625, 180.375, 130.0, 162.125, 120.0625, 82.75, 142.0, 125.375, 72.5625, 138.625, 79.1875, 185.125, 150.25, 30.890625, 38.59375, 61.28125, 49.03125, 111.625, 103.375, 110.5, 188.875, 85.4375, 117.125, 156.125, 73.1875, 149.75, 175.375, 93.75, 144.0, 27.859375, 139.125, 109.5625, 34.25, 43.75, 74.0625, 18.6875, 200.25, 158.75, 143.625, 37.4375, 73.375, 57.8125, 17.796875, 25.078125, 106.4375, 52.8125, 43.90625, 61.59375, 45.21875, 75.25], [104.875, 173.625, 177.75, 148.875, 189.625, 181.375, 32.28125, 68.25, 175.375, 197.75, 125.1875, 167.25, 163.625, 126.9375, 94.75, 75.1875, 182.125, 191.0, 148.625, 0.0, 171.125, 125.625, 146.375, 56.4375, 121.1875, 37.65625, 94.625, 85.8125, 158.0, 58.6875, 114.9375, 61.625, 168.625, 189.625, 127.125, 155.5, 70.9375, 170.75, 168.625, 144.875, 101.625, 106.875, 67.25, 207.875, 23.53125, 161.625, 23.34375, 198.5, 141.25, 130.625, 163.25, 166.25, 65.5, 45.40625, 156.25, 102.5625, 64.4375, 124.3125, 168.875, 100.0, 88.375, 116.9375, 103.0625, 93.9375, 175.625, 20.03125, 32.4375, 186.5, 147.125, 70.5625, 50.25, 218.75, 171.125, 133.75, 196.75, 51.09375, 143.625, 132.0, 151.625, 100.0, 181.75, 182.875, 99.1875, 220.75, 140.75, 183.875, 173.875, 23.765625, 151.625, 133.125, 129.875, 41.21875, 108.5625, 187.5, 144.375, 67.375, 18.109375, 21.59375, 183.75, 179.25, 6.70703125, 94.25, 212.875, 125.25, 151.75, 109.125, 68.125, 188.75, 140.625, 63.3125, 91.1875, 176.5, 137.875, 58.1875, 41.75, 187.375, 66.0625, 31.78125, 111.0, 76.1875, 175.375, 71.5625, 95.875, 71.5625, 175.0, 174.5, 101.625, 186.375, 46.96875, 50.53125, 51.96875, 145.5, 156.875, 127.0625, 72.0625, 160.125, 27.296875, 141.25, 78.25, 16.5, 158.5, 134.625, 82.625, 145.375, 107.25, 74.8125, 131.375, 127.25, 10.1953125, 28.4375, 117.1875, 88.125, 113.1875, 134.0, 173.75, 150.0, 140.375, 110.3125, 132.625, 175.5, 196.375], [99.625, 108.1875, 151.875, 26.921875, 39.21875, 174.75, 138.875, 152.125, 58.3125, 112.375, 187.125, 71.875, 188.375, 44.28125, 158.5, 129.125, 19.640625, 87.0, 179.75, 171.125, 0.0, 110.25, 27.65625, 171.125, 157.375, 157.5, 90.5625, 85.9375, 199.375, 187.125, 58.1875, 150.375, 191.5, 39.21875, 187.0, 205.5, 110.0625, 223.0, 35.21875, 38.59375, 71.125, 123.875, 152.0, 98.3125, 171.0, 100.875, 194.375, 139.125, 61.46875, 49.25, 164.375, 5.65625, 121.1875, 131.125, 45.28125, 92.625, 121.0, 46.84375, 6.40234375, 173.625, 83.5625, 200.75, 118.9375, 81.125, 182.625, 190.125, 193.5, 38.0, 82.8125, 140.0, 169.0, 99.0625, 0.0, 48.09375, 55.09375, 120.5625, 65.4375, 180.25, 181.375, 102.625, 170.625, 75.625, 146.75, 93.125, 85.4375, 153.25, 220.25, 160.125, 181.375, 53.0, 112.875, 148.375, 67.6875, 58.84375, 117.125, 172.0, 165.0, 152.875, 23.53125, 230.75, 175.875, 77.125, 83.0625, 53.75, 112.4375, 142.125, 190.5, 148.125, 55.21875, 147.5, 92.25, 197.25, 42.625, 113.75, 138.25, 88.625, 161.875, 139.5, 67.1875, 161.25, 54.78125, 146.375, 97.5625, 101.25, 207.625, 166.875, 130.625, 171.625, 185.125, 141.0, 190.0, 41.59375, 101.25, 64.625, 102.875, 116.125, 196.25, 34.65625, 115.625, 154.75, 207.0, 44.15625, 99.0, 207.125, 152.625, 155.0, 166.125, 77.0, 176.125, 143.0, 184.0, 128.5, 126.625, 182.0, 193.125, 75.6875, 127.8125, 182.5, 118.125, 224.875, 152.375], [26.0, 48.78125, 60.0625, 84.625, 100.4375, 75.25, 103.25, 67.6875, 73.0, 73.6875, 78.5625, 57.21875, 79.9375, 87.8125, 58.0625, 51.09375, 106.625, 74.125, 69.8125, 125.625, 110.25, 0.0, 104.625, 90.4375, 48.09375, 92.0, 46.28125, 74.8125, 89.375, 105.1875, 94.8125, 71.0625, 83.625, 100.4375, 78.1875, 95.1875, 60.875, 112.875, 134.5, 116.375, 92.375, 22.359375, 68.25, 89.0, 110.4375, 38.0, 142.625, 73.4375, 134.0, 65.0625, 59.9375, 109.0, 123.125, 113.5625, 68.0, 34.375, 62.65625, 85.1875, 104.3125, 71.1875, 73.1875, 95.4375, 23.34375, 62.59375, 78.375, 136.875, 129.5, 97.6875, 34.0, 58.78125, 92.1875, 101.5625, 110.25, 64.5625, 98.0, 87.8125, 139.25, 70.375, 71.6875, 29.28125, 72.8125, 70.625, 44.90625, 106.625, 28.15625, 65.0, 110.4375, 103.4375, 71.6875, 117.875, 5.0, 85.4375, 101.75, 85.0, 19.640625, 85.0, 109.8125, 120.0, 105.3125, 120.8125, 132.25, 76.625, 101.625, 63.03125, 26.078125, 36.0, 103.875, 66.9375, 55.0625, 68.125, 49.09375, 90.4375, 112.0, 82.5625, 120.5625, 69.4375, 76.6875, 105.125, 58.1875, 70.25, 75.1875, 61.625, 126.5, 96.0, 99.0, 66.75, 30.46875, 75.9375, 109.875, 75.625, 112.375, 120.125, 33.0, 47.4375, 102.0625, 34.46875, 139.375, 106.3125, 48.34375, 114.0625, 96.8125, 69.4375, 54.15625, 97.1875, 47.0, 65.75, 55.90625, 135.625, 135.125, 108.0625, 76.9375, 39.6875, 20.21875, 72.0625, 86.1875, 41.125, 22.140625, 77.1875, 10.4375, 115.0, 74.3125], [88.1875, 114.8125, 154.5, 25.5, 62.25, 175.625, 114.125, 134.875, 72.0, 124.4375, 177.0, 80.8125, 184.625, 21.375, 145.375, 112.5625, 45.21875, 101.125, 174.125, 146.375, 27.65625, 104.625, 0.0, 152.125, 148.75, 136.125, 74.4375, 63.0, 193.5, 167.625, 31.625, 132.25, 188.125, 62.25, 177.25, 198.5, 90.25, 216.625, 30.234375, 15.03125, 44.9375, 113.75, 134.625, 115.125, 148.25, 105.1875, 169.625, 147.75, 39.0625, 39.625, 162.875, 22.015625, 93.8125, 104.75, 51.96875, 79.75, 101.4375, 24.515625, 28.59375, 160.625, 61.03125, 188.25, 107.9375, 61.40625, 181.5, 165.75, 170.5, 60.15625, 84.125, 123.0625, 149.25, 118.375, 27.65625, 40.59375, 76.875, 96.625, 44.0, 171.875, 176.125, 90.0625, 172.0, 89.125, 134.75, 114.0, 84.625, 157.0, 214.625, 137.25, 176.125, 26.921875, 108.25, 127.1875, 40.3125, 76.8125, 115.8125, 154.25, 141.625, 127.1875, 48.5625, 224.875, 150.625, 54.0, 103.8125, 41.875, 113.1875, 132.0, 172.0, 153.5, 53.71875, 129.5, 75.25, 194.75, 16.15625, 90.25, 111.625, 101.5, 144.25, 114.5625, 51.4375, 145.125, 69.0, 129.75, 70.0, 75.3125, 203.625, 167.25, 119.375, 173.75, 164.375, 120.8125, 169.625, 19.109375, 104.1875, 57.3125, 76.3125, 118.625, 172.125, 7.2109375, 98.6875, 129.875, 200.375, 35.59375, 80.5, 198.375, 141.875, 138.875, 158.625, 51.875, 150.625, 117.875, 172.875, 114.5625, 117.8125, 173.75, 190.5, 78.3125, 124.875, 170.375, 113.9375, 219.125, 158.75], [79.375, 138.625, 131.125, 145.0, 177.875, 130.375, 60.4375, 22.828125, 156.25, 163.625, 69.0, 143.5, 109.0625, 130.75, 42.5, 44.15625, 176.375, 163.75, 94.375, 56.4375, 171.125, 90.4375, 152.125, 0.0, 69.75, 23.59375, 81.0625, 90.5, 102.0625, 16.125, 125.0, 21.375, 113.9375, 177.875, 71.0, 99.125, 61.8125, 114.25, 180.0, 156.25, 113.5625, 68.25, 22.359375, 179.25, 33.0625, 128.375, 62.09375, 157.125, 161.25, 123.0625, 112.75, 167.375, 101.875, 80.9375, 142.375, 82.375, 50.625, 127.5625, 167.0, 44.28125, 91.9375, 61.03125, 67.625, 90.8125, 122.6875, 56.5, 42.9375, 174.75, 120.4375, 33.53125, 6.32421875, 191.5, 171.125, 125.1875, 180.5, 64.875, 165.125, 76.8125, 97.3125, 74.75, 131.5, 158.5, 51.21875, 195.875, 113.75, 137.625, 117.5, 35.46875, 97.3125, 148.625, 93.25, 29.203125, 123.5, 168.875, 105.75, 11.0, 39.0625, 67.125, 176.75, 122.8125, 62.125, 99.1875, 189.875, 118.0, 114.625, 62.46875, 20.25, 144.25, 125.9375, 24.515625, 79.0, 121.625, 149.5, 68.0, 82.6875, 159.25, 14.140625, 62.0, 104.0, 23.328125, 157.25, 29.0625, 125.8125, 91.0625, 119.125, 124.3125, 60.59375, 136.375, 19.796875, 31.953125, 21.953125, 158.25, 123.4375, 112.3125, 95.125, 122.0, 55.71875, 149.25, 56.21875, 56.875, 102.125, 128.0, 72.1875, 88.9375, 56.9375, 25.453125, 78.4375, 152.25, 66.1875, 61.84375, 61.0, 51.4375, 72.5, 78.625, 119.25, 125.6875, 98.3125, 54.0, 93.875, 119.0625, 151.625], [60.96875, 83.4375, 62.96875, 131.125, 148.25, 60.75, 110.3125, 52.9375, 120.0625, 106.875, 30.59375, 103.375, 44.90625, 129.875, 27.3125, 54.5625, 154.625, 115.75, 30.359375, 121.1875, 157.375, 48.09375, 148.75, 69.75, 0.0, 83.5625, 78.75, 104.875, 46.875, 79.625, 133.0, 59.6875, 49.8125, 148.25, 30.078125, 50.21875, 79.3125, 68.625, 179.0, 158.875, 127.0, 35.375, 53.9375, 127.875, 100.0, 77.4375, 131.375, 92.625, 173.375, 110.125, 42.96875, 155.75, 142.75, 126.9375, 116.0625, 70.0625, 73.75, 126.875, 151.625, 31.40625, 104.3125, 49.25, 41.71875, 96.0625, 54.4375, 125.5625, 112.6875, 145.5, 81.1875, 53.03125, 74.4375, 141.0, 157.375, 110.25, 144.75, 101.875, 178.375, 23.015625, 33.25, 60.09375, 61.75, 115.0, 23.09375, 147.75, 75.9375, 69.375, 67.8125, 97.5, 33.25, 157.75, 46.875, 81.3125, 137.375, 131.5, 51.25, 60.03125, 103.1875, 124.0, 153.375, 77.25, 127.6875, 110.0, 144.625, 107.0625, 60.53125, 18.03125, 74.4375, 77.125, 102.5625, 58.3125, 79.8125, 57.875, 153.625, 99.625, 132.125, 110.75, 56.65625, 112.3125, 98.5, 46.625, 122.5, 50.15625, 155.25, 120.0, 60.9375, 54.5625, 31.625, 66.625, 88.6875, 74.0, 88.75, 162.25, 73.1875, 93.125, 125.9375, 65.0, 125.375, 149.25, 63.5625, 115.1875, 52.40625, 114.9375, 79.9375, 49.75, 14.0390625, 46.5625, 11.703125, 171.375, 131.375, 114.125, 30.0625, 43.09375, 31.0625, 25.0, 54.4375, 88.625, 39.625, 32.28125, 43.1875, 71.6875, 84.125], [74.875, 140.75, 141.0, 132.375, 168.875, 143.875, 36.875, 30.59375, 150.25, 165.5, 89.125, 139.625, 126.1875, 115.0, 57.21875, 41.0, 165.0, 161.875, 111.25, 37.65625, 157.5, 92.0, 136.125, 23.59375, 83.5625, 0.0, 70.5, 73.25, 121.4375, 34.46875, 107.1875, 24.046875, 131.125, 168.875, 90.9375, 119.5, 47.84375, 135.625, 162.625, 138.625, 94.9375, 71.625, 29.609375, 178.25, 18.4375, 129.375, 50.8125, 163.375, 141.375, 111.375, 125.6875, 153.25, 78.5, 57.375, 133.75, 75.125, 37.65625, 112.0, 154.0, 63.625, 75.125, 83.75, 68.75, 76.3125, 137.875, 45.0, 38.9375, 165.75, 117.625, 34.125, 17.6875, 189.875, 157.5, 114.0, 173.5, 43.46875, 144.875, 95.0625, 114.1875, 69.875, 144.25, 155.125, 61.6875, 193.0, 111.0, 147.125, 138.25, 14.0390625, 114.1875, 129.75, 95.75, 9.0546875, 104.3125, 162.875, 109.8125, 33.09375, 19.640625, 44.28125, 165.75, 144.25, 44.15625, 82.25, 186.125, 106.125, 117.8125, 71.875, 42.0, 152.625, 117.375, 26.0, 67.75, 139.125, 131.625, 47.8125, 59.0625, 157.75, 29.28125, 38.40625, 91.5625, 39.0625, 150.75, 34.1875, 103.4375, 69.875, 138.25, 137.0, 65.5, 149.0, 28.4375, 17.890625, 33.96875, 140.25, 124.4375, 103.4375, 73.375, 125.875, 47.375, 132.5, 48.375, 34.21875, 122.5, 116.125, 59.65625, 110.375, 69.625, 37.21875, 93.75, 131.125, 47.84375, 38.28125, 81.1875, 52.8125, 77.375, 97.0625, 136.25, 121.8125, 104.625, 74.5, 97.8125, 140.25, 160.125], [20.609375, 85.4375, 106.3125, 64.0625, 98.375, 120.8125, 65.9375, 61.53125, 81.0, 107.375, 104.5, 72.8125, 120.0625, 53.65625, 71.1875, 38.625, 95.4375, 97.0625, 107.3125, 94.625, 90.5625, 46.28125, 74.4375, 81.0625, 78.75, 70.5, 0.0, 28.640625, 125.4375, 97.125, 54.4375, 60.0, 124.4375, 98.375, 105.0, 128.875, 23.859375, 147.375, 104.1875, 82.125, 48.5625, 43.84375, 61.40625, 114.1875, 86.8125, 72.8125, 115.6875, 115.75, 94.75, 42.0, 104.375, 87.125, 77.8125, 71.1875, 63.3125, 12.0, 32.90625, 50.53125, 86.125, 86.375, 27.203125, 114.125, 37.1875, 17.5, 122.1875, 110.4375, 109.0, 95.1875, 54.375, 49.5, 79.5, 124.4375, 90.5625, 44.1875, 103.3125, 47.4375, 99.75, 101.125, 109.8125, 19.234375, 118.6875, 88.4375, 61.40625, 126.125, 48.75, 111.0625, 146.5, 76.9375, 109.8125, 79.3125, 51.25, 61.6875, 58.8125, 93.3125, 65.0, 81.375, 82.875, 83.125, 95.875, 156.0, 100.75, 31.765625, 118.25, 37.0, 68.5625, 60.875, 100.0625, 112.1875, 47.0, 57.03125, 3.60546875, 132.0, 76.25, 40.8125, 78.75, 93.875, 71.375, 67.5, 23.53125, 71.0625, 81.125, 55.90625, 80.5, 50.09375, 138.125, 112.3125, 47.375, 122.0, 96.5, 52.875, 101.0, 85.125, 68.625, 33.09375, 56.03125, 76.9375, 115.0, 73.375, 25.078125, 79.9375, 131.125, 47.0, 12.0390625, 126.75, 69.4375, 64.75, 89.8125, 92.9375, 102.625, 70.9375, 99.625, 40.3125, 49.75, 103.25, 127.875, 56.09375, 68.0625, 96.5625, 56.5625, 150.5, 119.3125], [49.25, 110.625, 134.75, 63.15625, 104.875, 149.375, 53.71875, 76.0625, 95.0, 130.625, 128.125, 91.4375, 147.625, 42.1875, 92.6875, 56.21875, 96.375, 116.5, 134.375, 85.8125, 85.9375, 74.8125, 63.0, 90.5, 104.875, 73.25, 28.640625, 0.0, 151.75, 105.5625, 34.46875, 72.0625, 152.125, 104.875, 128.875, 154.375, 30.015625, 172.75, 89.625, 65.75, 23.859375, 71.125, 75.5625, 133.625, 85.375, 98.0625, 108.8125, 142.25, 72.375, 46.21875, 132.875, 81.1875, 51.875, 50.9375, 73.5625, 40.4375, 40.71875, 39.3125, 83.25, 107.1875, 2.828125, 134.625, 64.375, 13.34375, 150.5, 104.375, 107.8125, 101.8125, 77.5, 65.1875, 87.125, 142.25, 85.9375, 49.6875, 113.5625, 34.78125, 76.875, 126.375, 137.0, 47.4375, 147.25, 106.25, 85.125, 142.25, 73.0, 139.375, 172.5, 74.4375, 137.0, 58.59375, 79.75, 64.375, 34.40625, 106.0625, 93.1875, 94.125, 79.0625, 69.125, 98.0, 181.625, 90.875, 9.0, 133.25, 41.125, 96.0625, 86.8125, 110.75, 140.0, 59.8125, 69.75, 26.25, 159.75, 58.9375, 27.890625, 58.71875, 114.0625, 84.5625, 54.5625, 28.59375, 87.4375, 94.125, 71.875, 51.9375, 23.765625, 165.25, 140.875, 73.25, 150.625, 101.625, 58.6875, 106.9375, 67.75, 94.375, 48.375, 29.125, 104.1875, 110.375, 59.3125, 43.125, 69.4375, 156.875, 49.65625, 25.0, 150.875, 94.0, 81.3125, 116.3125, 67.1875, 91.6875, 58.125, 122.3125, 63.125, 77.5, 128.625, 155.75, 77.0625, 96.6875, 118.25, 85.1875, 176.25, 147.0], [106.875, 108.6875, 69.375, 174.0, 184.75, 50.34375, 152.875, 92.375, 155.125, 127.0625, 33.25, 137.625, 17.71875, 175.375, 65.75, 99.9375, 194.125, 143.375, 19.71875, 158.0, 199.375, 89.375, 193.5, 102.0625, 46.875, 121.4375, 125.4375, 151.75, 0.0, 105.875, 179.5, 99.4375, 19.71875, 184.75, 31.140625, 9.484375, 125.6875, 23.703125, 223.5, 204.375, 173.75, 81.6875, 93.375, 151.5, 135.0, 107.5625, 163.25, 102.9375, 219.75, 154.125, 44.0, 198.375, 188.0, 170.875, 155.75, 116.1875, 119.25, 172.5, 193.375, 58.0, 151.125, 49.65625, 88.25, 142.75, 36.25, 157.875, 142.0, 182.375, 118.5, 96.1875, 108.0, 164.25, 199.375, 153.875, 178.375, 146.75, 224.875, 26.921875, 18.390625, 106.5, 54.71875, 146.0, 68.0, 172.75, 114.625, 74.0, 21.21875, 135.25, 18.390625, 204.0, 86.5625, 121.5, 184.25, 165.125, 84.1875, 91.0625, 140.125, 164.75, 192.25, 31.40625, 164.0, 156.875, 172.0, 151.625, 91.4375, 64.875, 97.75, 84.0, 144.25, 99.0625, 126.625, 24.078125, 199.375, 145.25, 175.375, 138.5, 92.1875, 154.75, 144.25, 82.375, 158.0, 91.6875, 201.875, 166.375, 17.125, 51.0, 78.5, 58.875, 117.375, 115.9375, 115.3125, 207.875, 104.6875, 136.625, 172.25, 91.9375, 155.875, 194.5, 110.0625, 155.125, 9.0, 1