{"name": "LZB_n160_3", "n": 160, "m": 20, "times": [[0.0, 89.8125, 72.4375, 116.0625, 93.5, 91.8125, 99.75, 32.53125, 28.4375, 110.0, 83.0, 80.25, 125.4375, 90.5, 108.4375, 47.53125, 89.0625, 47.53125, 24.734375, 51.09375, 40.5, 95.625, 75.0, 18.875, 51.65625, 14.3203125, 115.6875, 50.15625, 89.125, 86.375, 88.8125, 32.25, 98.125, 47.84375, 126.125, 75.625, 56.65625, 115.625, 82.875, 19.421875, 95.25, 69.375, 112.625, 104.0625, 109.125, 75.125, 76.9375, 96.4375, 65.125, 64.5625, 26.171875, 27.296875, 76.375, 73.6875, 58.71875, 31.828125, 102.4375, 36.125, 84.1875, 26.078125, 73.25, 46.5625, 15.8125, 58.21875, 55.0, 99.9375, 80.0625, 89.25, 74.8125, 97.4375, 75.3125, 102.625, 88.5625, 88.0625, 66.5, 105.4375, 97.5, 74.3125, 112.875, 39.0625, 96.375, 104.375, 109.3125, 121.0, 110.25, 63.125, 17.0, 73.4375, 23.703125, 76.9375, 90.8125, 43.28125, 32.25, 104.625, 89.375, 24.203125, 52.1875, 95.3125, 40.5, 15.5546875, 73.75, 52.5625, 96.0, 66.125, 53.71875, 47.8125, 69.875, 42.1875, 104.1875, 112.0625, 26.921875, 93.5, 97.875, 105.6875, 126.5625, 38.09375, 107.0625, 99.0, 60.0, 72.125, 85.6875, 63.90625, 9.484375, 102.875, 77.8125, 110.0, 76.5625, 50.4375, 108.25, 58.3125, 115.4375, 70.9375, 45.53125, 117.625, 92.4375, 83.4375, 100.875, 83.1875, 93.4375, 96.375, 34.84375, 65.75, 51.09375, 13.15625, 115.25, 88.0, 94.375, 91.9375, 101.1875, 109.9375, 88.1875, 107.1875, 85.6875, 85.4375, 93.0, 106.5, 98.8125, 111.8125, 50.6875, 97.3125, 30.484375], [89.8125, 0.0, 23.765625, 147.5, 143.625, 7.80859375, 42.8125, 99.3125, 71.3125, 195.125, 163.875, 170.125, 44.40625, 97.75, 23.015625, 78.4375, 168.25, 77.8125, 83.0, 140.875, 85.4375, 91.25, 148.625, 85.125, 141.0, 77.375, 42.75, 75.1875, 71.0625, 154.0, 107.0, 118.6875, 56.8125, 134.375, 36.875, 24.078125, 141.25, 26.25, 170.5, 99.8125, 172.75, 89.8125, 202.25, 132.0, 48.75, 141.5, 34.125, 68.6875, 75.6875, 153.625, 89.625, 65.75, 109.1875, 144.625, 148.375, 121.375, 12.7265625, 53.8125, 149.25, 114.6875, 29.421875, 123.6875, 104.875, 66.0625, 137.125, 166.375, 168.0, 51.25, 116.6875, 187.25, 23.1875, 136.25, 97.25, 111.0625, 147.0, 194.625, 173.875, 16.765625, 41.21875, 96.625, 154.125, 15.0, 125.6875, 153.0, 20.515625, 67.5, 105.5625, 47.03125, 88.75, 131.0, 144.0, 124.5, 99.5625, 189.5, 125.1875, 65.625, 42.0625, 79.125, 110.0625, 105.25, 143.0, 42.1875, 129.125, 146.125, 140.75, 135.375, 32.125, 76.125, 188.875, 22.84375, 112.4375, 182.5, 78.125, 189.375, 215.875, 78.6875, 196.75, 140.875, 142.5, 161.75, 87.3125, 135.125, 82.125, 190.625, 128.875, 195.125, 32.0625, 39.40625, 147.0, 37.125, 165.375, 46.3125, 126.8125, 38.0, 182.25, 145.25, 189.0, 37.375, 160.5, 35.59375, 97.125, 121.5, 42.4375, 84.25, 35.0, 101.0625, 141.75, 167.375, 161.875, 165.0, 177.875, 142.625, 67.0625, 104.0, 141.0, 154.375, 188.625, 201.625, 84.1875, 164.5, 59.40625], [72.4375, 23.765625, 0.0, 149.125, 119.875, 21.640625, 60.40625, 88.4375, 60.125, 173.625, 151.625, 151.75, 68.0625, 102.625, 36.40625, 73.5625, 156.75, 54.21875, 71.4375, 122.625, 62.25, 98.6875, 125.6875, 64.5625, 122.0625, 61.96875, 65.0, 71.3125, 51.4375, 146.0, 84.3125, 103.4375, 42.625, 114.125, 59.15625, 4.125, 120.1875, 48.75, 155.125, 79.5, 162.0, 90.0625, 184.75, 109.125, 68.125, 118.0625, 14.2109375, 51.40625, 76.5, 134.25, 67.9375, 52.625, 85.5625, 135.25, 129.75, 102.9375, 35.34375, 38.84375, 125.8125, 95.6875, 36.25, 111.8125, 88.125, 65.375, 123.9375, 159.0, 152.375, 34.65625, 92.9375, 169.25, 31.0625, 113.0, 75.125, 88.0625, 125.125, 175.125, 163.5, 20.59375, 63.125, 73.8125, 149.0, 38.09375, 103.75, 130.125, 42.53125, 68.4375, 86.8125, 25.296875, 76.8125, 107.1875, 139.75, 111.3125, 77.4375, 167.875, 124.625, 49.03125, 35.4375, 59.9375, 99.5, 87.3125, 134.125, 20.609375, 129.5, 134.0, 120.5, 119.75, 36.78125, 69.75, 167.25, 41.875, 92.4375, 165.875, 59.6875, 167.625, 196.5, 55.75, 178.125, 139.5, 129.25, 142.875, 92.625, 125.375, 66.125, 175.125, 105.0625, 173.625, 12.0390625, 26.0, 146.75, 14.8671875, 162.75, 51.75, 105.4375, 61.40625, 164.25, 121.625, 173.25, 20.609375, 137.0, 53.4375, 87.125, 97.875, 21.640625, 69.625, 58.40625, 78.625, 118.0625, 157.125, 138.25, 161.0, 160.375, 143.0, 75.6875, 81.125, 117.25, 130.75, 170.625, 183.75, 79.8125, 141.0, 43.6875], [116.0625, 147.5, 149.125, 0.0, 208.125, 154.5, 117.0, 83.8125, 99.5, 190.25, 92.625, 142.375, 149.25, 51.09375, 170.125, 78.5, 89.625, 159.125, 94.0625, 128.375, 154.875, 61.125, 180.5, 134.0, 134.25, 110.3125, 135.125, 79.375, 191.375, 61.65625, 203.0, 103.0625, 190.5, 143.375, 167.25, 153.25, 153.125, 160.75, 119.125, 133.75, 87.0625, 59.09375, 154.625, 220.0, 120.1875, 185.625, 161.875, 195.5, 72.8125, 143.125, 142.0, 108.25, 192.0, 68.0, 134.125, 124.5, 154.375, 119.5625, 194.125, 127.0, 118.125, 83.5, 111.625, 83.75, 91.5625, 61.09375, 119.0625, 181.625, 190.875, 148.125, 124.4375, 218.625, 200.5, 203.0, 166.375, 168.0, 84.75, 133.5, 133.0, 155.125, 43.40625, 153.875, 224.125, 237.0, 159.5, 81.0, 123.8125, 167.125, 92.875, 191.625, 37.0, 90.75, 148.0, 186.875, 26.875, 118.5625, 114.0625, 199.375, 78.75, 118.875, 65.0625, 140.75, 20.609375, 87.1875, 145.5, 107.1875, 115.8125, 83.8125, 187.0, 166.25, 133.875, 134.5, 200.75, 190.375, 181.75, 150.625, 161.25, 20.21875, 92.75, 142.375, 61.28125, 70.0625, 111.125, 130.25, 193.0, 190.25, 160.125, 125.6875, 12.1640625, 143.625, 32.5625, 101.125, 150.75, 144.0, 145.0, 195.0, 131.625, 169.125, 201.0, 121.25, 81.1875, 180.875, 138.625, 104.8125, 144.0, 201.0, 209.375, 80.25, 211.5, 40.5, 139.0, 9.484375, 83.1875, 199.375, 208.0, 220.875, 149.25, 157.125, 72.4375, 204.375, 118.625], [93.5, 143.625, 119.875, 208.125, 0.0, 140.25, 174.125, 124.5, 118.0, 89.9375, 148.125, 106.5625, 187.875, 183.125, 149.5, 139.75, 155.375, 67.1875, 117.9375, 93.75, 63.1875, 186.875, 41.21875, 78.4375, 87.6875, 103.4375, 183.625, 141.625, 86.25, 166.25, 46.65625, 107.6875, 107.625, 73.25, 177.125, 119.8125, 67.125, 167.375, 130.125, 74.6875, 162.5, 162.375, 135.0, 32.0, 183.25, 28.234375, 111.625, 95.0, 156.0, 88.625, 69.9375, 112.0625, 35.78125, 153.5, 93.5625, 87.0, 154.5, 109.6875, 25.078125, 82.3125, 145.0, 128.375, 96.5, 147.0, 127.375, 178.5, 127.4375, 104.6875, 26.921875, 121.25, 143.25, 24.328125, 58.0625, 41.0, 56.65625, 111.3125, 165.875, 136.0, 181.375, 56.75, 181.25, 157.375, 47.4375, 34.53125, 161.0, 152.125, 84.3125, 99.0, 117.1875, 16.546875, 178.5, 121.75, 61.46875, 85.5, 182.0, 102.0, 127.25, 83.75, 129.5, 89.3125, 154.875, 104.5, 188.625, 137.625, 75.3125, 111.375, 143.0, 134.125, 84.5, 158.125, 74.8125, 129.0, 87.1875, 81.875, 128.125, 70.125, 120.9375, 189.75, 129.875, 97.5, 177.25, 145.75, 100.6875, 143.25, 16.28125, 89.9375, 113.25, 117.0, 199.125, 108.0625, 202.0, 151.5, 60.96875, 181.0, 118.125, 19.421875, 139.75, 112.1875, 31.046875, 168.25, 127.5625, 27.859375, 105.3125, 106.25, 178.125, 53.0625, 4.125, 162.75, 22.796875, 194.5, 118.875, 198.875, 172.25, 47.5, 3.60546875, 13.0, 122.0, 131.5, 143.75, 33.25, 106.1875], [91.8125, 7.80859375, 21.640625, 154.5, 140.25, 0.0, 50.4375, 103.5625, 75.3125, 195.0, 167.875, 171.875, 49.0, 105.125, 17.46875, 84.0625, 172.5, 75.5625, 87.0, 142.625, 83.875, 98.8125, 147.375, 85.5625, 142.375, 80.0625, 49.03125, 81.0, 64.9375, 159.25, 102.125, 121.625, 49.65625, 135.125, 37.59375, 20.609375, 141.5, 27.3125, 173.5, 100.4375, 177.25, 96.5, 204.375, 127.1875, 56.09375, 139.5, 29.15625, 61.96875, 82.375, 154.75, 89.375, 69.0625, 105.3125, 149.5, 150.0, 123.0, 14.3203125, 56.34375, 147.125, 116.0625, 36.40625, 127.75, 107.1875, 72.4375, 140.75, 171.75, 170.875, 44.65625, 113.3125, 189.125, 30.078125, 131.75, 92.0, 106.375, 146.625, 195.75, 178.5, 22.0, 47.75, 95.4375, 160.0, 17.265625, 120.1875, 148.125, 21.03125, 74.125, 107.0, 42.1875, 92.625, 128.125, 150.0, 128.125, 99.0, 189.375, 131.875, 67.75, 46.6875, 72.75, 114.5, 107.0625, 148.0, 41.78125, 135.875, 150.25, 141.5, 138.25, 38.84375, 81.375, 188.75, 20.515625, 113.25, 185.125, 71.5625, 189.125, 217.125, 77.375, 198.375, 147.5, 146.125, 163.25, 94.6875, 139.875, 84.625, 193.625, 125.875, 195.0, 27.296875, 42.0625, 153.75, 36.25, 171.875, 53.4375, 126.8125, 43.28125, 184.125, 142.875, 191.875, 31.25, 158.375, 43.28125, 101.625, 119.125, 42.4375, 87.25, 40.3125, 96.0, 138.25, 172.0, 159.125, 171.125, 180.0, 149.5, 74.6875, 99.25, 137.5, 150.625, 190.5, 203.625, 90.0, 162.375, 61.78125], [99.75, 42.8125, 60.40625, 117.0, 174.125, 50.4375, 0.0, 94.75, 72.9375, 209.75, 156.5, 176.25, 33.53125, 66.0, 60.21875, 66.8125, 159.25, 107.0, 82.625, 148.125, 111.5625, 56.3125, 170.375, 103.1875, 150.125, 85.4375, 19.703125, 62.625, 111.625, 139.125, 143.5, 120.75, 99.3125, 147.625, 50.34375, 62.78125, 156.125, 45.21875, 169.75, 115.5, 162.25, 66.75, 205.25, 167.875, 9.484375, 166.125, 73.9375, 110.5, 54.5625, 163.125, 110.125, 72.4375, 142.375, 132.625, 156.125, 130.5, 43.0, 67.4375, 174.75, 125.6875, 29.15625, 118.4375, 111.5, 50.59375, 133.25, 149.5, 167.625, 93.0625, 148.0, 191.5, 31.140625, 171.0, 135.125, 146.875, 164.875, 203.125, 162.5, 40.25, 17.09375, 120.6875, 134.125, 41.34375, 163.75, 188.75, 45.625, 48.5625, 116.75, 85.6875, 88.0625, 159.5, 123.0625, 121.625, 120.5625, 204.375, 99.4375, 78.4375, 49.03125, 120.0, 103.5625, 114.625, 130.25, 70.125, 101.625, 139.75, 153.375, 136.75, 31.578125, 67.875, 203.875, 53.25, 126.1875, 183.875, 119.4375, 205.375, 223.625, 104.5, 202.875, 115.4375, 138.25, 169.5, 56.15625, 124.5625, 90.375, 189.125, 158.25, 209.75, 71.6875, 57.3125, 119.4375, 67.625, 140.75, 29.828125, 143.75, 27.296875, 186.625, 171.875, 188.25, 78.6875, 185.5, 7.2109375, 91.3125, 148.875, 69.0, 89.375, 27.015625, 138.25, 173.0, 155.75, 189.5, 142.625, 181.5, 114.1875, 34.25, 140.25, 172.0, 186.0, 193.0, 205.5, 70.4375, 189.625, 72.4375], [32.53125, 99.3125, 88.4375, 83.8125, 124.5, 103.5625, 94.75, 0.0, 28.4375, 124.0, 64.625, 83.625, 125.625, 65.0, 121.0625, 28.84375, 68.9375, 78.5625, 17.03125, 58.25, 72.625, 73.0, 100.4375, 51.09375, 62.15625, 30.671875, 113.4375, 33.0, 117.0, 58.40625, 121.0625, 28.453125, 122.3125, 66.0, 132.375, 92.375, 76.0625, 122.5625, 75.0, 49.9375, 73.75, 44.28125, 110.75, 136.5, 103.25, 103.4375, 97.0, 123.25, 46.09375, 74.4375, 58.6875, 36.0, 108.875, 47.0, 66.125, 46.0, 110.875, 50.0, 112.25, 45.90625, 74.8125, 24.59375, 29.125, 44.8125, 38.84375, 71.875, 72.8125, 113.125, 107.1875, 97.625, 79.1875, 135.0, 120.125, 120.5, 88.4375, 111.375, 75.125, 82.5625, 110.625, 71.5, 65.375, 112.0, 141.75, 153.25, 118.3125, 48.25, 40.84375, 97.1875, 12.1640625, 108.0625, 58.84375, 26.90625, 64.1875, 119.25, 57.46875, 42.75, 57.25, 124.0625, 11.046875, 36.0625, 46.09375, 72.125, 64.125, 47.0, 70.0625, 42.71875, 71.1875, 26.875, 119.0625, 122.0625, 51.53125, 89.1875, 126.1875, 121.5, 130.875, 69.3125, 109.625, 66.5, 44.09375, 78.5625, 63.15625, 37.0, 29.53125, 94.5, 109.3125, 124.0, 96.0, 62.65625, 75.75, 77.0, 83.5, 65.1875, 69.875, 118.0, 92.9375, 112.5625, 93.5, 104.0625, 120.3125, 93.75, 4.125, 97.125, 70.0625, 23.265625, 116.25, 119.875, 125.6875, 68.75, 129.75, 78.75, 87.4375, 74.8125, 70.6875, 117.625, 124.3125, 137.375, 99.0625, 111.1875, 27.859375, 123.9375, 46.09375], [28.4375, 71.3125, 60.125, 99.5, 118.0, 75.3125, 72.9375, 28.4375, 0.0, 137.5, 92.625, 103.5625, 101.125, 65.375, 92.75, 22.46875, 97.25, 60.3125, 11.703125, 75.1875, 57.8125, 68.875, 103.1875, 39.5625, 77.1875, 15.03125, 90.125, 23.765625, 93.0, 86.0, 104.375, 48.90625, 95.8125, 75.625, 105.5, 64.0625, 84.75, 95.375, 100.125, 47.0, 102.1875, 45.28125, 133.75, 123.5, 82.125, 102.3125, 69.375, 98.25, 38.09375, 90.1875, 48.09375, 8.9453125, 95.1875, 75.1875, 83.25, 57.71875, 83.1875, 22.359375, 111.375, 53.5, 48.90625, 52.5, 38.59375, 30.0, 65.8125, 99.1875, 97.625, 86.5625, 96.1875, 119.5, 52.4375, 123.5, 101.125, 105.0, 94.9375, 130.25, 103.5625, 54.625, 87.3125, 61.34375, 90.5, 84.5625, 125.875, 142.25, 90.8125, 35.0, 44.9375, 70.875, 17.46875, 101.625, 82.25, 53.21875, 57.0625, 132.25, 72.8125, 19.109375, 29.53125, 100.75, 39.46875, 42.15625, 74.0, 44.90625, 78.875, 74.9375, 81.125, 65.4375, 45.34375, 16.640625, 131.875, 94.125, 55.3125, 113.0625, 102.4375, 133.5, 150.875, 52.4375, 130.375, 85.5625, 71.1875, 96.625, 59.1875, 65.25, 19.109375, 120.125, 101.8125, 137.5, 68.1875, 34.25, 94.0625, 49.375, 106.375, 43.40625, 74.0, 93.375, 114.5625, 110.0, 118.6875, 76.5, 121.0625, 70.4375, 27.015625, 90.25, 42.75, 16.546875, 91.3125, 101.875, 118.25, 97.1875, 128.0, 103.1875, 109.625, 91.625, 57.3125, 100.75, 117.0, 131.0, 120.9375, 133.625, 27.65625, 125.0625, 19.703125], [110.0, 195.125, 173.625, 190.25, 89.9375, 195.0, 209.75, 124.0, 137.5, 0.0, 102.4375, 48.5, 234.375, 188.25, 209.375, 151.25, 108.25, 123.4375, 129.75, 65.9375, 113.25, 196.875, 54.125, 110.0, 61.84375, 124.3125, 225.375, 155.0, 161.5, 131.75, 130.375, 95.6875, 180.375, 62.1875, 231.875, 175.5, 54.09375, 221.25, 75.375, 95.6875, 114.25, 168.125, 56.84375, 121.8125, 219.125, 67.4375, 171.875, 171.0, 169.375, 49.65625, 105.625, 137.25, 114.25, 122.625, 58.40625, 80.0625, 207.75, 144.25, 65.75, 84.125, 182.875, 110.125, 99.375, 165.375, 99.125, 139.125, 74.3125, 174.25, 103.625, 50.21875, 184.25, 114.25, 139.75, 125.25, 48.84375, 30.40625, 117.8125, 181.5, 222.625, 101.25, 150.625, 210.0, 136.875, 121.0, 215.375, 169.875, 93.0, 162.375, 125.25, 86.625, 153.75, 103.25, 96.1875, 5.65625, 170.0, 132.375, 161.75, 162.375, 121.0625, 95.3125, 125.4375, 153.25, 176.125, 103.25, 56.375, 85.125, 179.625, 147.375, 6.40234375, 215.375, 83.875, 64.125, 166.0, 8.0625, 39.8125, 118.8125, 41.78125, 170.125, 97.5, 48.03125, 187.125, 120.4375, 119.4375, 76.375, 90.75, 0.0, 172.5, 157.5, 178.625, 158.75, 170.75, 180.75, 68.25, 226.625, 50.59375, 72.0625, 73.0, 175.625, 59.21875, 206.25, 128.125, 88.125, 152.75, 120.9375, 224.125, 135.375, 94.0625, 118.3125, 71.0, 161.125, 55.46875, 181.0, 192.875, 129.625, 93.1875, 94.0, 50.0, 52.625, 151.625, 58.0, 138.75], [83.0, 163.875, 151.625, 92.625, 148.125, 167.875, 156.5, 64.625, 92.625, 102.4375, 0.0, 54.21875, 188.625, 108.4375, 185.375, 89.875, 7.2109375, 128.125, 80.9375, 54.40625, 118.875, 120.0, 110.4375, 99.4375, 60.59375, 90.125, 175.875, 94.0625, 171.5, 31.0625, 163.125, 51.09375, 181.125, 74.875, 196.875, 155.375, 81.6875, 187.125, 27.453125, 88.8125, 14.421875, 94.0625, 61.96875, 170.875, 164.25, 120.625, 158.5, 179.125, 102.9375, 63.125, 103.4375, 99.1875, 147.5, 27.296875, 55.875, 64.875, 175.5, 112.8125, 127.0, 72.125, 139.125, 40.15625, 68.125, 105.9375, 28.078125, 36.6875, 28.15625, 172.125, 141.5, 56.15625, 143.625, 166.5, 166.125, 160.75, 94.125, 76.8125, 17.796875, 147.125, 173.125, 111.8125, 50.0, 176.625, 180.75, 182.0, 182.875, 108.0, 76.3125, 156.25, 75.3125, 134.125, 55.90625, 40.4375, 102.625, 100.0625, 78.9375, 103.25, 121.8125, 177.125, 54.125, 72.6875, 30.40625, 133.5, 83.5, 17.71875, 73.25, 38.90625, 135.5, 89.9375, 100.4375, 186.625, 80.0, 42.0, 179.875, 104.375, 89.1875, 118.8125, 69.0, 73.375, 23.0, 57.96875, 112.1875, 32.53125, 86.5625, 38.28125, 137.0, 102.4375, 157.875, 126.375, 80.5, 138.875, 68.875, 127.9375, 87.8125, 181.25, 53.59375, 130.375, 39.28125, 165.25, 130.125, 156.5, 67.125, 126.125, 131.625, 82.1875, 179.75, 164.25, 150.875, 16.125, 142.875, 59.03125, 47.84375, 84.1875, 127.375, 160.375, 149.5, 159.25, 57.09375, 64.5, 86.0, 132.25, 108.0625], [80.25, 170.125, 151.75, 142.375, 106.5625, 171.875, 176.25, 83.625, 103.5625, 48.5, 54.21875, 0.0, 204.5, 144.875, 188.0, 112.375, 60.375, 111.0, 93.625, 29.203125, 100.3125, 154.625, 65.5625, 88.125, 29.96875, 93.375, 193.75, 116.5, 154.5, 83.1875, 134.0, 55.75, 169.5, 41.78125, 206.375, 154.5, 42.0625, 195.875, 28.015625, 73.375, 66.75, 125.9375, 33.84375, 134.5, 185.25, 78.4375, 153.875, 163.5, 129.75, 20.09375, 87.4375, 106.0625, 117.0, 74.4375, 21.953125, 48.8125, 182.75, 116.375, 82.4375, 56.09375, 152.125, 65.25, 65.75, 127.9375, 52.46875, 90.8125, 26.421875, 161.75, 108.3125, 18.03125, 154.875, 128.5, 140.25, 130.125, 50.0, 27.859375, 70.3125, 154.625, 190.875, 89.5, 102.1875, 184.625, 147.25, 141.0, 190.5, 131.75, 64.875, 147.375, 88.25, 95.875, 105.5625, 59.125, 81.3125, 45.875, 123.3125, 104.5, 131.5, 157.875, 78.1875, 64.8125, 77.3125, 131.25, 129.125, 55.15625, 36.21875, 41.21875, 148.625, 109.625, 46.25, 192.25, 60.40625, 22.46875, 161.25, 50.15625, 47.4375, 103.4375, 26.875, 122.1875, 50.03125, 10.046875, 145.25, 73.0, 88.4375, 36.78125, 99.625, 48.5, 154.0, 130.75, 130.5, 137.0, 122.25, 146.375, 55.3125, 196.75, 13.34375, 87.3125, 33.25, 159.25, 82.5, 174.0, 87.6875, 91.375, 130.125, 87.75, 194.5, 137.125, 110.0625, 70.25, 95.875, 112.625, 12.3671875, 133.125, 154.375, 132.0, 108.8125, 115.5625, 19.3125, 32.1875, 111.375, 83.75, 110.75], [125.4375, 44.40625, 68.0625, 149.25, 187.875, 49.0, 33.53125, 125.625, 101.125, 234.375, 188.625, 204.5, 0.0, 98.625, 48.09375, 98.8125, 191.75, 121.5625, 111.875, 175.75, 128.375, 88.0625, 190.625, 124.9375, 177.0, 111.5, 14.140625, 94.6875, 113.5625, 172.375, 151.125, 150.0, 96.3125, 172.5, 24.078125, 68.5, 180.375, 26.40625, 200.375, 138.75, 195.0, 100.25, 234.875, 176.125, 29.015625, 184.5, 78.0625, 109.6875, 87.875, 189.875, 130.625, 98.625, 153.625, 165.5, 183.625, 157.125, 35.125, 90.125, 192.625, 151.375, 52.40625, 149.875, 138.875, 82.875, 164.375, 182.875, 198.125, 92.75, 161.0, 220.625, 50.21875, 180.5, 141.0, 155.25, 187.5, 230.625, 195.5, 53.71875, 16.5, 139.125, 167.625, 32.125, 169.125, 197.125, 31.328125, 81.375, 142.25, 91.0625, 117.5625, 174.875, 156.625, 152.375, 140.875, 228.875, 132.75, 102.0625, 73.25, 121.0625, 135.125, 140.875, 163.25, 84.75, 134.625, 171.625, 178.625, 166.375, 55.90625, 99.0625, 228.375, 38.09375, 150.625, 213.875, 119.5, 229.25, 251.5, 121.5, 231.375, 148.625, 169.625, 197.125, 89.125, 157.125, 116.5, 220.0, 172.875, 234.375, 76.125, 77.0, 152.375, 80.375, 174.0, 60.75, 166.75, 7.80859375, 215.625, 188.75, 219.0, 80.125, 203.625, 32.25, 122.4375, 165.125, 84.5, 116.75, 10.296875, 145.0, 186.125, 188.75, 205.75, 176.125, 210.75, 147.0, 67.4375, 148.125, 185.375, 198.75, 222.0, 234.75, 102.9375, 207.75, 95.6875], [90.5, 97.75, 102.625, 51.09375, 183.125, 105.125, 66.0, 65.0, 65.375, 188.25, 108.4375, 144.875, 98.625, 0.0, 119.9375, 43.3125, 108.875, 124.3125, 65.75, 122.3125, 123.0, 12.203125, 164.25, 104.75, 126.75, 79.6875, 84.5, 41.625, 149.25, 83.4375, 168.125, 92.625, 145.125, 131.0, 116.125, 106.5625, 141.0, 109.75, 129.25, 109.875, 109.6875, 21.21875, 166.875, 188.375, 69.75, 165.5, 116.25, 152.0, 28.59375, 138.625, 113.3125, 72.5, 160.125, 81.375, 129.875, 111.0, 103.8125, 80.0, 174.5, 110.25, 68.9375, 79.6875, 93.1875, 39.6875, 93.4375, 90.8125, 127.9375, 136.625, 161.5, 156.125, 75.25, 188.75, 163.375, 169.25, 153.125, 172.75, 108.875, 85.0, 82.3125, 126.625, 73.25, 103.1875, 189.75, 207.5, 108.6875, 35.34375, 103.8125, 123.4375, 67.75, 166.625, 62.125, 85.875, 121.75, 183.75, 35.78125, 83.25, 69.4375, 157.75, 67.25, 99.5, 78.4375, 98.3125, 36.40625, 95.3125, 135.125, 104.0625, 67.0625, 49.03125, 183.625, 115.5, 114.875, 144.875, 158.5, 186.25, 190.5, 117.25, 169.0, 50.90625, 97.1875, 141.5, 10.4375, 76.6875, 82.5625, 145.75, 167.0, 188.25, 114.3125, 82.0625, 53.75, 99.875, 75.9375, 51.90625, 133.75, 93.125, 151.875, 173.875, 146.0, 123.125, 183.5, 70.1875, 61.0, 155.25, 96.1875, 77.375, 93.0, 164.875, 183.5, 102.5625, 191.625, 79.3125, 146.0, 48.375, 32.125, 164.5, 182.25, 196.125, 157.5, 168.25, 39.8125, 187.25, 81.0], [108.4375, 23.015625, 36.40625, 170.125, 149.5, 17.46875, 60.21875, 121.0625, 92.75, 209.375, 185.375, 188.0, 48.09375, 119.9375, 0.0, 101.25, 190.0, 87.6875, 104.375, 158.875, 96.8125, 112.75, 160.25, 100.875, 158.5, 97.0625, 53.0, 98.0625, 68.25, 176.625, 108.25, 138.75, 49.15625, 150.5, 29.015625, 33.96875, 156.375, 21.84375, 190.5, 115.875, 194.75, 112.75, 220.875, 133.125, 63.65625, 151.5, 38.59375, 63.03125, 98.625, 170.625, 103.9375, 86.375, 113.875, 166.875, 166.125, 139.25, 17.203125, 73.4375, 158.625, 132.0, 52.34375, 145.25, 123.9375, 89.0625, 158.125, 189.0, 187.875, 47.25, 122.75, 205.5, 46.1875, 138.5, 97.3125, 113.0, 160.75, 211.5, 196.0, 39.21875, 52.625, 108.6875, 177.125, 19.109375, 124.375, 153.75, 17.0, 90.4375, 123.125, 50.5625, 110.0625, 138.625, 167.0, 145.5, 113.1875, 203.75, 148.125, 84.5625, 64.125, 75.0, 132.0, 123.5, 165.375, 57.0, 151.875, 167.625, 156.875, 155.25, 55.15625, 98.75, 203.0, 10.1953125, 128.875, 201.875, 73.0, 203.25, 232.875, 90.8125, 214.5, 163.875, 163.5, 179.25, 109.5, 157.25, 101.5, 210.625, 136.0, 209.375, 37.4375, 59.25, 169.875, 51.21875, 188.5, 69.0625, 141.375, 44.78125, 200.5, 154.0, 208.875, 37.34375, 169.75, 53.53125, 119.125, 130.375, 58.0, 104.375, 42.1875, 101.8125, 147.125, 189.5, 169.5, 188.0, 196.5, 165.375, 88.625, 105.75, 146.5, 159.125, 206.875, 220.0, 107.125, 173.75, 78.75], [47.53125, 78.4375, 73.5625, 78.5, 139.75, 84.0625, 66.8125, 28.84375, 22.46875, 151.25, 89.875, 112.375, 98.8125, 43.3125, 101.25, 0.0, 93.0625, 82.625, 23.015625, 86.1875, 80.25, 48.15625, 122.125, 61.46875, 89.5, 36.40625, 86.0, 4.2421875, 112.875, 75.9375, 126.6875, 56.8125, 113.0625, 91.0625, 108.1875, 77.6875, 100.8125, 99.0625, 103.25, 66.9375, 96.6875, 22.828125, 139.5, 146.0, 75.0, 122.625, 85.0625, 117.25, 18.25, 102.1875, 70.0, 30.484375, 117.6875, 67.4375, 94.125, 71.5625, 88.625, 41.0625, 131.625, 69.375, 50.6875, 51.65625, 52.625, 16.28125, 66.5, 87.9375, 101.25, 104.0, 118.5, 126.5, 56.09375, 145.875, 123.0625, 127.4375, 112.1875, 140.0, 97.3125, 62.0625, 83.25, 83.375, 76.0, 89.25, 148.25, 164.625, 95.5625, 19.421875, 62.0, 89.0, 26.3125, 123.3125, 66.375, 55.3125, 78.4375, 146.25, 52.34375, 41.21875, 38.3125, 120.9375, 36.78125, 58.125, 65.4375, 62.625, 57.96875, 73.0, 95.875, 71.5625, 47.3125, 5.83203125, 146.0, 100.4375, 73.0, 117.8125, 122.3125, 148.25, 159.625, 74.875, 138.5, 66.5, 71.5, 106.9375, 38.21875, 58.59375, 39.28125, 122.375, 123.6875, 151.25, 83.5, 48.375, 74.25, 65.9375, 89.25, 38.09375, 92.0, 91.4375, 121.75, 130.875, 121.625, 92.375, 140.875, 66.5625, 25.0, 111.9375, 60.375, 34.375, 89.9375, 124.0, 140.25, 90.625, 148.625, 87.5625, 116.25, 71.1875, 42.0625, 123.0625, 138.875, 152.75, 127.875, 140.0, 6.32421875, 144.75, 40.375], [89.0625, 168.25, 156.75, 89.625, 155.375, 172.5, 159.25, 68.9375, 97.25, 108.25, 7.2109375, 60.375, 191.75, 108.875, 190.0, 93.0625, 0.0, 134.625, 85.625, 61.625, 125.5, 120.625, 117.5625, 105.8125, 67.8125, 95.5, 178.75, 97.125, 177.875, 28.15625, 170.125, 57.4375, 187.0, 82.125, 200.625, 160.5, 88.875, 191.125, 32.90625, 95.5625, 7.2109375, 95.5625, 65.1875, 178.0, 166.75, 127.8125, 164.0, 185.375, 105.1875, 70.0625, 110.0, 104.125, 154.5, 27.59375, 62.96875, 71.875, 179.625, 117.875, 134.125, 79.0625, 142.875, 44.90625, 74.4375, 108.9375, 34.0625, 31.40625, 34.0, 178.0, 148.5, 60.8125, 147.625, 173.625, 173.0, 167.75, 101.25, 81.8125, 10.6328125, 151.5, 176.0, 118.6875, 46.375, 180.75, 187.75, 189.25, 187.0, 110.6875, 83.0, 162.125, 80.0625, 141.375, 53.4375, 46.03125, 109.5, 106.125, 77.8125, 108.6875, 126.1875, 183.625, 58.1875, 79.25, 30.484375, 138.875, 81.9375, 23.015625, 80.4375, 45.875, 139.375, 93.5, 106.5, 191.0, 87.0, 46.375, 186.25, 110.5, 93.0, 125.3125, 73.4375, 70.875, 29.28125, 64.625, 113.1875, 34.65625, 92.1875, 40.59375, 144.25, 108.25, 163.25, 131.25, 77.4375, 144.25, 64.1875, 131.125, 95.0, 184.5, 58.6875, 137.625, 42.1875, 170.75, 137.125, 159.5, 71.1875, 133.25, 137.0, 87.5625, 183.0, 171.125, 158.125, 10.1953125, 150.0, 54.21875, 53.15625, 81.5, 129.375, 167.25, 156.75, 166.375, 61.65625, 68.0, 88.8125, 139.375, 113.3125], [47.53125, 77.8125, 54.21875, 159.125, 67.1875, 75.5625, 107.0, 78.5625, 60.3125, 123.4375, 128.125, 111.0, 121.5625, 124.3125, 87.6875, 82.625, 134.625, 0.0, 65.3125, 84.375, 10.7734375, 125.6875, 72.625, 29.125, 81.5, 49.03125, 116.5625, 83.25, 44.1875, 133.875, 44.03125, 77.25, 58.6875, 69.625, 113.125, 55.0, 72.9375, 102.875, 122.4375, 40.0, 141.25, 105.1875, 144.875, 64.5, 116.0625, 64.0, 49.21875, 52.78125, 95.875, 91.4375, 25.0, 52.1875, 36.6875, 121.125, 89.75, 66.1875, 89.5625, 45.3125, 71.5625, 58.125, 78.0, 93.9375, 60.40625, 85.4375, 100.8125, 147.5, 119.4375, 51.46875, 41.0625, 129.0, 76.125, 65.8125, 41.625, 44.9375, 74.625, 130.125, 143.75, 68.875, 114.25, 22.46875, 143.625, 92.3125, 65.625, 84.4375, 96.625, 90.3125, 52.09375, 38.9375, 67.4375, 53.375, 137.375, 90.0, 29.734375, 117.8125, 132.375, 41.40625, 61.40625, 49.09375, 87.6875, 55.4375, 121.25, 37.34375, 138.625, 112.1875, 75.75, 90.125, 76.1875, 76.8125, 117.0625, 95.0, 51.625, 129.375, 52.0, 116.75, 151.25, 9.484375, 135.375, 143.875, 105.375, 101.1875, 116.75, 111.4375, 49.09375, 141.25, 51.625, 123.4375, 50.21875, 50.25, 152.75, 41.21875, 162.125, 85.9375, 57.71875, 114.5, 124.3125, 67.4375, 138.625, 52.3125, 82.75, 101.125, 79.875, 43.65625, 38.125, 55.46875, 111.5625, 41.78125, 66.0, 138.5, 84.1875, 157.125, 121.75, 150.875, 108.1875, 40.46875, 65.0, 79.0, 130.25, 143.0, 87.9375, 86.8125, 43.40625], [24.734375, 83.0, 71.4375, 94.0625, 117.9375, 87.0, 82.625, 17.03125, 11.703125, 129.75, 80.9375, 93.625, 111.875, 65.75, 104.375, 23.015625, 85.625, 65.3125, 0.0, 65.875, 60.96875, 71.1875, 99.125, 40.5, 68.4375, 16.28125, 100.4375, 26.078125, 101.375, 75.25, 108.875, 38.21875, 105.75, 68.6875, 117.0, 75.3125, 78.25, 106.9375, 88.8125, 44.15625, 90.625, 44.65625, 123.0625, 126.375, 91.625, 99.8125, 80.0625, 107.1875, 41.0625, 81.375, 48.875, 19.0, 98.25, 64.0, 73.9375, 49.65625, 94.875, 33.0, 108.875, 46.6875, 60.0, 40.8125, 30.359375, 35.75, 54.125, 88.5625, 86.375, 96.5, 97.9375, 109.0625, 63.8125, 125.625, 106.8125, 109.0, 89.375, 120.625, 92.0625, 66.3125, 97.625, 62.25, 80.9375, 96.125, 130.125, 144.25, 102.4375, 40.25, 39.0625, 80.625, 5.83203125, 101.375, 73.4375, 41.59375, 56.46875, 124.625, 67.1875, 26.578125, 41.15625, 108.75, 28.078125, 35.34375, 63.03125, 55.21875, 73.5625, 63.25, 73.75, 54.5, 56.40625, 18.109375, 124.25, 105.875, 50.0, 102.0625, 110.6875, 126.25, 141.0, 56.59375, 120.25, 78.625, 59.5, 87.125, 61.21875, 54.03125, 17.5, 108.75, 102.0625, 129.75, 79.0, 45.71875, 87.4375, 60.03125, 97.9375, 52.8125, 69.0, 104.125, 104.125, 108.1875, 107.4375, 87.125, 117.9375, 80.6875, 16.28125, 90.0625, 53.15625, 11.703125, 102.1875, 107.0625, 118.625, 85.6875, 125.9375, 94.0, 99.0625, 85.625, 63.3125, 105.375, 117.25, 130.875, 110.4375, 123.0625, 25.96875, 121.8125, 29.28125], [51.09375, 140.875, 122.625, 128.375, 93.75, 142.625, 148.125, 58.25, 75.1875, 65.9375, 54.40625, 29.203125, 175.75, 122.3125, 158.875, 86.1875, 61.625, 84.375, 65.875, 0.0, 73.8125, 131.0, 56.625, 59.625, 6.40234375, 64.375, 165.25, 90.0625, 128.375, 75.6875, 112.625, 29.828125, 142.125, 20.59375, 177.25, 125.5625, 27.59375, 166.75, 39.3125, 45.21875, 68.8125, 102.1875, 62.1875, 117.5625, 157.25, 66.25, 125.25, 137.125, 104.0625, 16.28125, 59.90625, 77.125, 96.125, 64.0, 8.0625, 19.71875, 153.5, 87.1875, 72.875, 27.3125, 123.3125, 45.40625, 36.875, 101.0625, 37.5625, 86.6875, 36.34375, 134.125, 88.875, 46.65625, 125.875, 112.75, 117.375, 109.4375, 40.59375, 55.0, 72.1875, 125.375, 162.375, 64.0625, 93.0625, 155.5, 128.5, 127.75, 161.375, 105.1875, 35.84375, 119.25, 60.8125, 80.0625, 93.4375, 38.21875, 55.21875, 61.40625, 105.9375, 75.3125, 102.5625, 132.5, 55.21875, 35.59375, 66.1875, 102.1875, 112.3125, 45.8125, 19.109375, 21.1875, 119.875, 82.75, 61.28125, 163.0, 32.75, 45.125, 135.75, 64.0625, 75.8125, 76.1875, 55.96875, 108.25, 38.28125, 21.40625, 121.25, 58.875, 59.40625, 57.125, 83.1875, 65.9375, 125.25, 101.5625, 117.3125, 108.0625, 114.125, 118.4375, 34.1875, 167.875, 41.6875, 76.0625, 54.34375, 130.75, 76.8125, 145.625, 62.375, 72.8125, 101.0, 59.03125, 165.625, 114.75, 96.5625, 69.4375, 89.1875, 105.5, 38.09375, 118.875, 128.125, 110.1875, 95.1875, 104.8125, 48.03125, 61.0625, 86.0, 79.375, 81.5625], [40.5, 85.4375, 62.25, 154.875, 63.1875, 83.875, 111.5625, 72.625, 57.8125, 113.25, 118.875, 100.3125, 128.375, 123.0, 96.8125, 80.25, 125.5, 10.7734375, 60.96875, 73.8125, 0.0, 125.375, 63.5, 21.640625, 70.8125, 44.8125, 122.5, 81.4375, 54.59375, 126.1875, 48.40625, 68.4375, 69.4375, 58.875, 121.4375, 63.5, 62.25, 111.0, 112.1875, 30.15625, 132.25, 103.0625, 134.125, 65.75, 120.8125, 56.09375, 58.71875, 63.34375, 94.9375, 80.625, 15.5234375, 50.5625, 37.4375, 113.3125, 79.0625, 56.0, 97.5, 46.53125, 64.1875, 48.0, 82.375, 86.0, 51.875, 85.125, 91.9375, 139.75, 109.1875, 62.1875, 38.90625, 118.3125, 81.1875, 65.75, 48.34375, 48.09375, 64.4375, 119.4375, 134.875, 75.0, 120.0625, 12.0390625, 136.875, 100.1875, 69.3125, 84.5, 104.8125, 90.125, 42.59375, 49.21875, 62.25, 48.03125, 131.25, 81.625, 18.96875, 107.625, 128.125, 39.9375, 64.0625, 59.0, 81.0, 46.3125, 113.625, 43.65625, 134.5, 103.3125, 65.0, 80.5, 80.125, 74.4375, 106.875, 103.75, 41.1875, 118.875, 62.0625, 106.75, 140.5, 7.0703125, 124.625, 138.75, 96.3125, 90.4375, 116.0625, 103.8125, 43.84375, 130.875, 47.03125, 113.25, 59.5625, 54.21875, 147.875, 48.34375, 155.875, 88.375, 47.0, 121.125, 113.625, 60.625, 128.125, 62.375, 75.25, 106.0625, 74.4375, 37.34375, 43.96875, 50.21875, 118.25, 47.5, 62.65625, 129.75, 78.0625, 150.375, 111.0625, 146.375, 109.4375, 45.0, 61.53125, 75.6875, 119.5625, 132.25, 85.125, 79.375, 43.40625], [95.625, 91.25, 98.6875, 61.125, 186.875, 98.8125, 56.3125, 73.0, 68.875, 196.875, 120.0, 154.625, 88.0625, 12.203125, 112.75, 48.15625, 120.625, 125.6875, 71.1875, 131.0, 125.375, 0.0, 170.25, 108.4375, 135.125, 83.75, 74.0, 45.53125, 147.25, 95.5, 168.875, 101.1875, 141.375, 138.375, 106.6875, 102.4375, 148.25, 101.0, 140.125, 115.0, 121.625, 28.859375, 177.625, 190.125, 59.0625, 170.75, 112.6875, 149.25, 30.8125, 147.25, 116.9375, 74.9375, 162.0, 93.0625, 138.75, 118.5, 96.125, 80.5, 179.75, 117.0625, 63.5, 89.6875, 100.0625, 40.3125, 103.8125, 103.0, 138.625, 133.25, 164.25, 166.5, 69.625, 190.875, 163.375, 170.375, 160.0, 182.5, 120.9375, 79.875, 72.0, 130.125, 85.4375, 95.1875, 190.375, 209.75, 100.4375, 35.34375, 110.0625, 120.9375, 74.0, 170.5, 74.3125, 95.5, 125.9375, 192.25, 47.875, 85.4375, 67.625, 155.75, 76.5625, 106.0, 90.125, 96.8125, 48.09375, 106.3125, 142.75, 113.5, 62.1875, 53.46875, 192.0, 107.5625, 121.0625, 155.625, 156.375, 194.5, 200.75, 119.25, 179.25, 62.78125, 107.8125, 150.625, 10.0, 87.9375, 87.125, 157.0, 170.625, 196.875, 110.625, 80.4375, 65.0, 97.75, 87.625, 47.0, 140.0, 83.0, 162.125, 178.75, 157.125, 119.3125, 189.0, 61.1875, 68.875, 159.125, 94.8125, 82.5, 83.125, 165.125, 187.0, 114.5625, 196.625, 91.3125, 156.25, 59.4375, 24.171875, 165.25, 185.75, 199.75, 167.875, 178.875, 46.03125, 193.0, 82.375], [75.0, 148.625, 125.6875, 180.5, 41.21875, 147.375, 170.375, 100.4375, 103.1875, 54.125, 110.4375, 65.5625, 190.625, 164.25, 160.25, 122.125, 117.5625, 72.625, 99.125, 56.625, 63.5, 170.25, 0.0, 67.1875, 50.25, 88.25, 183.5, 125.0625, 107.875, 132.0, 76.5625, 77.5, 127.3125, 37.75, 184.875, 127.0, 29.0625, 174.375, 90.1875, 56.21875, 124.75, 143.0, 93.875, 71.0, 179.75, 14.0390625, 121.8125, 117.3125, 140.0, 48.5625, 60.40625, 100.0, 60.15625, 119.875, 54.65625, 56.09375, 160.875, 102.875, 17.0, 54.5625, 141.625, 97.5, 71.375, 133.125, 93.25, 143.25, 87.6875, 121.75, 49.65625, 80.0625, 141.75, 64.25, 85.625, 71.5625, 16.40625, 71.0, 128.25, 137.0, 181.0, 51.96875, 148.625, 163.5, 85.125, 75.5625, 168.25, 138.125, 60.40625, 111.1875, 96.5, 33.375, 147.75, 90.375, 49.96875, 48.84375, 155.875, 92.1875, 121.3125, 108.4375, 102.4375, 64.75, 121.75, 106.5, 162.625, 102.3125, 37.53125, 76.625, 138.875, 117.0625, 47.9375, 167.25, 49.375, 88.0, 112.0, 46.53125, 89.25, 70.0, 80.125, 161.0, 94.625, 56.8125, 160.25, 113.5625, 84.125, 102.3125, 37.46875, 54.125, 122.8125, 114.25, 170.375, 111.5, 169.75, 143.5, 30.59375, 183.125, 76.9375, 21.84375, 98.8125, 124.75, 20.59375, 165.75, 104.125, 34.0, 106.4375, 88.0, 180.375, 81.375, 44.90625, 125.875, 32.5625, 161.5, 77.8125, 171.125, 160.5, 75.625, 43.75, 50.09375, 80.8125, 90.5625, 124.5625, 23.765625, 98.0], [18.875, 85.125, 64.5625, 134.0, 78.4375, 85.5625, 103.1875, 51.09375, 39.5625, 110.0, 99.4375, 88.125, 124.9375, 104.75, 100.875, 61.46875, 105.8125, 29.125, 40.5, 59.625, 21.640625, 108.4375, 67.1875, 0.0, 58.1875, 25.078125, 116.875, 63.25, 72.125, 104.9375, 70.0, 48.375, 83.375, 49.59375, 122.0, 67.0, 56.09375, 111.375, 95.6875, 15.0, 112.3125, 84.1875, 121.6875, 86.0625, 112.625, 64.0625, 65.75, 80.0, 77.625, 69.875, 8.546875, 34.125, 58.0625, 92.125, 66.1875, 40.15625, 97.8125, 35.75, 73.0, 32.3125, 74.6875, 64.875, 31.40625, 68.875, 71.875, 118.5, 92.75, 74.9375, 57.46875, 106.0, 75.125, 85.125, 69.75, 69.4375, 62.65625, 110.625, 114.75, 71.5625, 114.25, 21.9375, 115.25, 100.125, 90.6875, 103.75, 105.5625, 74.0, 24.515625, 59.78125, 41.125, 62.09375, 109.625, 60.875, 18.0, 104.375, 107.1875, 25.171875, 54.125, 77.8125, 59.375, 27.015625, 92.3125, 43.9375, 113.6875, 83.1875, 55.96875, 62.0625, 71.8125, 55.71875, 103.8125, 106.0625, 28.015625, 104.375, 80.5, 104.5625, 132.0, 19.640625, 114.0625, 117.4375, 76.5, 78.875, 98.75, 82.4375, 23.015625, 115.1875, 62.3125, 110.0, 65.875, 47.875, 126.5625, 49.6875, 134.25, 76.625, 41.875, 117.25, 101.0625, 71.125, 112.8125, 71.1875, 83.3125, 98.6875, 53.03125, 50.6875, 43.125, 29.203125, 114.625, 69.125, 78.75, 109.4375, 89.125, 128.75, 97.6875, 125.25, 95.125, 66.625, 77.5, 91.375, 107.3125, 120.3125, 65.75, 87.375, 30.8125], [51.65625, 141.0, 122.0625, 134.25, 87.6875, 142.375, 150.125, 62.15625, 77.1875, 61.84375, 60.59375, 29.96875, 177.0, 126.75, 158.5, 89.5, 67.8125, 81.5, 68.4375, 6.40234375, 70.8125, 135.125, 50.25, 58.1875, 0.0, 65.4375, 166.875, 93.3125, 125.3125, 82.125, 107.9375, 34.125, 139.75, 14.8671875, 177.625, 124.8125, 21.21875, 167.0, 44.15625, 43.375, 75.0, 106.375, 63.6875, 112.0, 159.375, 60.0, 123.9375, 134.125, 107.5625, 13.0390625, 57.59375, 78.4375, 91.25, 70.3125, 8.25, 19.84375, 153.75, 87.6875, 66.5, 26.40625, 124.625, 51.0, 38.59375, 104.0, 43.84375, 93.0625, 41.21875, 131.875, 83.6875, 47.9375, 126.875, 107.0, 113.0625, 104.5625, 34.21875, 53.75, 78.4375, 125.875, 164.0, 60.53125, 99.375, 155.75, 123.25, 121.8125, 161.5, 108.25, 35.46875, 117.375, 63.6875, 74.25, 99.5625, 43.75, 51.96875, 57.0625, 111.4375, 75.6875, 103.6875, 129.125, 60.0, 36.125, 72.5, 101.5, 117.875, 52.1875, 12.7265625, 27.3125, 121.1875, 85.8125, 56.875, 162.875, 30.46875, 48.25, 132.375, 59.40625, 74.9375, 73.6875, 56.03125, 114.1875, 44.65625, 20.8125, 125.3125, 65.0, 60.4375, 61.0, 77.5, 61.84375, 124.0625, 101.875, 123.3125, 107.3125, 120.4375, 120.5625, 28.859375, 169.125, 43.09375, 69.8125, 58.0, 129.25, 70.4375, 147.25, 66.3125, 67.375, 100.4375, 60.75, 166.875, 110.3125, 90.5625, 75.75, 82.8125, 111.8125, 40.25, 124.75, 131.375, 105.5625, 89.1875, 98.625, 49.25, 62.15625, 89.75, 73.0, 82.0], [14.3203125, 77.375, 61.96875, 110.3125, 103.4375, 80.0625, 85.4375, 30.671875, 15.03125, 124.3125, 90.125, 93.375, 111.5, 79.6875, 97.0625, 36.40625, 95.5, 49.03125, 16.28125, 64.375, 44.8125, 83.75, 88.25, 25.078125, 65.4375, 0.0, 101.5, 38.3125, 86.3125, 88.625, 92.625, 41.625, 92.375, 62.15625, 113.25, 65.5, 70.9375, 102.8125, 93.5, 32.0625, 101.1875, 59.09375, 125.0, 110.4375, 94.8125, 87.25, 68.5, 92.625, 52.9375, 78.4375, 33.625, 13.0390625, 82.1875, 76.625, 72.1875, 45.59375, 89.875, 23.703125, 96.3125, 40.3125, 59.1875, 51.0, 27.65625, 45.0, 62.15625, 102.1875, 90.8125, 83.1875, 82.375, 110.125, 61.5625, 109.9375, 90.625, 92.75, 80.5, 119.125, 103.0625, 61.40625, 98.75, 47.0, 96.0, 91.625, 113.875, 128.625, 97.625, 50.03125, 31.3125, 67.1875, 18.78125, 87.0, 89.0, 49.65625, 42.1875, 118.9375, 83.4375, 13.15625, 38.28125, 93.4375, 41.0, 29.40625, 76.125, 43.40625, 89.8125, 72.5625, 68.0, 58.125, 55.8125, 30.671875, 118.5625, 100.0, 41.125, 105.125, 95.5, 120.0, 140.125, 40.3125, 120.25, 94.8125, 67.4375, 85.625, 74.0, 66.625, 5.0, 113.625, 87.3125, 124.3125, 67.75, 38.09375, 103.6875, 48.84375, 113.625, 56.65625, 59.4375, 103.6875, 105.125, 95.0625, 111.8125, 75.25, 106.0625, 82.125, 31.3125, 75.5625, 41.59375, 8.0, 101.4375, 90.8125, 103.8125, 97.0, 113.0, 109.25, 100.625, 101.9375, 72.1875, 89.125, 102.5, 116.375, 111.5, 124.5, 40.71875, 110.0, 18.390625], [115.6875, 42.75, 65.0, 135.125, 183.625, 49.03125, 19.703125, 113.4375, 90.125, 225.375, 175.875, 193.75, 14.140625, 84.5, 53.0, 86.0, 178.75, 116.5625, 100.4375, 165.25, 122.5, 74.0, 183.5, 116.875, 166.875, 101.5, 0.0, 81.8125, 113.75, 158.875, 149.25, 138.625, 98.4375, 163.25, 34.9375, 66.25, 171.375, 33.3125, 188.375, 130.125, 181.875, 86.375, 223.5, 174.125, 15.03125, 178.125, 76.8125, 111.0, 74.25, 179.875, 123.125, 88.5, 150.25, 152.25, 173.25, 147.0, 37.125, 81.375, 186.5, 141.75, 42.53125, 137.375, 128.375, 69.875, 152.125, 169.125, 186.25, 93.6875, 156.875, 209.5, 41.78125, 178.0, 139.75, 153.125, 179.375, 220.25, 182.125, 47.6875, 2.828125, 132.625, 153.75, 34.46875, 168.375, 195.125, 36.25, 68.125, 132.625, 89.5625, 106.0625, 169.875, 142.625, 140.375, 133.5, 219.875, 118.6875, 93.0625, 63.625, 121.75, 122.625, 130.875, 149.875, 79.25, 120.5, 159.0, 169.25, 154.875, 45.78125, 86.6875, 219.375, 43.9375, 141.5, 202.25, 120.625, 220.625, 241.0, 115.4375, 220.5, 134.5, 157.25, 186.625, 74.9375, 144.0, 106.5, 207.875, 168.125, 225.375, 74.6875, 69.3125, 138.125, 75.5625, 159.875, 48.28125, 158.375, 9.8515625, 204.5, 183.125, 207.0, 80.0625, 197.5, 19.796875, 110.125, 159.625, 78.625, 106.1875, 11.3984375, 143.5, 182.125, 175.375, 200.5, 162.0, 199.5, 132.875, 53.375, 146.125, 181.25, 194.875, 210.875, 223.5, 89.875, 201.625, 86.75], [50.15625, 75.1875, 71.3125, 79.375, 141.625, 81.0, 62.625, 33.0, 23.765625, 155.0, 94.0625, 116.5, 94.6875, 41.625, 98.0625, 4.2421875, 97.125, 83.25, 26.078125, 90.0625, 81.4375, 45.53125, 125.0625, 63.25, 93.3125, 38.3125, 81.8125, 0.0, 112.0625, 79.5625, 127.1875, 60.8125, 111.5, 94.5625, 104.375, 75.4375, 104.25, 95.3125, 107.5, 69.4375, 100.625, 22.015625, 143.625, 147.0, 70.75, 125.1875, 83.1875, 116.125, 15.0, 106.0625, 71.8125, 31.0625, 118.6875, 71.3125, 98.0625, 75.1875, 85.1875, 40.46875, 134.25, 72.6875, 47.0625, 55.90625, 56.09375, 12.0390625, 70.75, 91.4375, 105.5, 102.4375, 119.9375, 130.625, 52.625, 147.125, 123.25, 128.125, 115.4375, 144.0, 101.25, 59.0, 79.0625, 85.125, 79.0, 85.6875, 148.75, 165.875, 92.0, 15.265625, 65.125, 87.6875, 29.828125, 125.3125, 69.125, 59.5625, 80.5, 150.0, 53.71875, 41.875, 35.90625, 120.1875, 41.03125, 61.40625, 69.3125, 61.40625, 59.0625, 77.1875, 99.4375, 75.6875, 43.75, 8.0, 149.75, 97.0, 76.0625, 122.0, 121.5, 151.875, 163.75, 75.8125, 142.625, 68.3125, 75.75, 110.9375, 35.6875, 62.625, 41.59375, 126.625, 125.5625, 155.0, 81.625, 46.625, 75.75, 64.375, 91.5625, 34.0, 95.0625, 87.3125, 125.9375, 133.125, 125.875, 90.5, 143.625, 62.4375, 29.203125, 113.875, 59.15625, 37.0625, 85.875, 124.3125, 142.0, 94.5625, 151.125, 90.25, 120.4375, 72.4375, 38.09375, 123.625, 140.75, 154.625, 132.0, 144.25, 9.0546875, 147.5, 40.375], [89.125, 71.0625, 51.4375, 191.375, 86.25, 64.9375, 111.625, 117.0, 93.0, 161.5, 171.5, 154.5, 113.5625, 149.25, 68.25, 112.875, 177.875, 44.1875, 101.375, 128.375, 54.59375, 147.25, 107.875, 72.125, 125.3125, 86.3125, 113.75, 112.0625, 0.0, 174.625, 41.21875, 120.4375, 21.46875, 112.8125, 97.25, 48.84375, 114.8125, 89.0, 166.625, 84.125, 184.25, 133.375, 188.25, 65.5, 118.9375, 96.0625, 37.6875, 9.4375, 121.25, 134.625, 69.125, 84.0625, 51.09375, 162.25, 133.5, 110.375, 78.4375, 71.875, 101.1875, 102.3125, 87.125, 135.5, 103.375, 109.875, 143.75, 188.25, 163.625, 21.03125, 61.5625, 172.5, 82.375, 71.5, 29.734375, 46.53125, 114.0625, 172.0, 186.5, 72.0, 112.3125, 65.0, 182.25, 81.375, 56.15625, 85.6875, 83.0, 113.9375, 96.0, 26.625, 105.0, 79.1875, 174.75, 132.375, 73.375, 156.125, 165.125, 74.875, 79.875, 8.6015625, 127.1875, 99.0625, 162.0, 51.09375, 170.875, 155.0, 118.6875, 134.0, 87.0625, 107.6875, 155.25, 78.125, 95.75, 173.5, 9.4375, 154.25, 192.625, 53.0, 178.0, 178.5, 148.625, 144.5, 140.0, 152.375, 88.0625, 185.375, 75.6875, 161.5, 39.9375, 67.1875, 186.75, 49.53125, 199.25, 101.1875, 99.9375, 108.1875, 167.875, 95.4375, 182.75, 33.71875, 111.75, 104.5625, 117.375, 74.1875,