{"name": "LZB_n160_10", "n": 160, "m": 20, "times": [[0.0, 26.625, 91.8125, 96.5, 127.25, 62.09375, 46.875, 75.3125, 63.5625, 100.75, 1.0, 113.4375, 102.8125, 74.4375, 87.6875, 49.59375, 27.890625, 56.46875, 76.25, 49.53125, 92.625, 120.3125, 56.9375, 71.5, 79.625, 56.84375, 84.625, 88.625, 3.0, 63.5, 95.5, 106.25, 84.875, 84.3125, 88.125, 133.0, 105.4375, 78.5, 97.125, 62.96875, 74.6875, 29.015625, 60.875, 102.4375, 109.625, 86.0625, 76.375, 35.75, 79.5, 91.9375, 106.4375, 70.0625, 89.4375, 73.9375, 82.375, 99.625, 96.25, 61.40625, 40.0, 103.9375, 118.6875, 71.6875, 90.4375, 97.625, 46.03125, 51.625, 120.1875, 56.34375, 106.0625, 129.125, 62.15625, 92.3125, 117.625, 101.8125, 77.125, 122.1875, 81.125, 98.0625, 82.4375, 31.015625, 62.9375, 82.125, 58.1875, 50.25, 72.75, 60.0, 124.0, 34.0, 122.625, 113.1875, 92.4375, 102.625, 67.9375, 85.125, 89.3125, 89.0625, 59.4375, 89.5625, 72.1875, 110.9375, 74.5, 100.875, 55.375, 13.0, 17.0, 50.125, 30.890625, 67.0, 48.0625, 61.625, 36.6875, 42.59375, 51.625, 77.25, 100.625, 73.8125, 44.9375, 119.6875, 66.9375, 80.75, 23.015625, 18.6875, 119.0, 88.3125, 15.6171875, 100.0, 19.0, 53.0625, 48.25, 96.625, 93.1875, 35.34375, 84.125, 68.5, 41.5, 19.640625, 96.1875, 44.03125, 98.375, 81.8125, 93.75, 110.4375, 78.5625, 78.0, 35.46875, 123.6875, 54.0, 83.1875, 96.125, 101.625, 57.875, 96.625, 101.0, 60.125, 58.0625, 75.9375, 62.96875, 98.6875, 90.8125, 106.25, 78.4375], [26.625, 0.0, 68.0, 72.4375, 134.75, 82.0, 20.515625, 69.125, 87.375, 101.8125, 27.453125, 139.0, 82.875, 51.53125, 101.1875, 61.6875, 53.71875, 30.8125, 101.5625, 61.03125, 112.1875, 146.75, 72.375, 68.875, 81.9375, 64.875, 58.125, 109.1875, 29.15625, 40.15625, 121.8125, 82.3125, 69.75, 109.5, 80.5, 129.625, 108.25, 52.8125, 115.75, 87.9375, 100.75, 52.875, 37.0, 77.125, 83.0, 62.96875, 96.0625, 28.640625, 59.40625, 90.8125, 80.25, 56.03125, 73.25, 47.40625, 75.6875, 74.1875, 114.75, 88.0, 17.125, 130.25, 93.5, 96.3125, 108.75, 73.375, 44.0, 73.3125, 114.125, 80.8125, 130.375, 124.8125, 39.125, 115.625, 129.375, 98.5, 76.0, 124.0, 60.03125, 115.75, 93.625, 55.375, 38.21875, 55.46875, 74.125, 25.0625, 98.0, 40.5, 130.0, 57.96875, 123.9375, 112.375, 78.0625, 76.0625, 41.34375, 102.9375, 108.375, 62.625, 55.4375, 104.6875, 86.5, 114.25, 95.4375, 127.4375, 67.0625, 31.90625, 41.78125, 66.625, 38.90625, 48.09375, 34.1875, 87.6875, 62.65625, 29.734375, 29.421875, 87.75, 114.0625, 99.25, 23.09375, 146.125, 50.34375, 102.0625, 44.40625, 17.265625, 128.125, 61.78125, 12.3671875, 125.5625, 15.296875, 27.015625, 63.15625, 74.125, 96.4375, 16.765625, 80.8125, 83.9375, 64.125, 38.0, 118.3125, 70.625, 120.75, 86.8125, 77.375, 115.25, 84.1875, 66.4375, 48.84375, 97.1875, 77.25, 107.0625, 82.75, 126.375, 46.65625, 96.9375, 103.25, 82.75, 77.1875, 74.4375, 77.375, 108.5625, 116.875, 79.625, 102.625], [91.8125, 68.0, 0.0, 5.0, 140.625, 125.8125, 49.03125, 64.0625, 154.875, 99.625, 92.375, 205.0, 25.609375, 17.6875, 127.5625, 97.5, 113.9375, 55.03125, 168.125, 96.125, 150.375, 210.5, 110.0, 72.5625, 139.0, 92.125, 28.84375, 177.125, 93.5, 28.296875, 186.0, 14.421875, 38.625, 176.125, 64.75, 173.75, 163.375, 20.390625, 151.125, 142.375, 158.125, 109.625, 62.65625, 64.375, 41.125, 6.70703125, 136.875, 89.4375, 21.21875, 142.75, 55.46875, 95.6875, 35.75, 42.375, 65.125, 62.21875, 182.125, 151.0, 51.96875, 194.625, 29.15625, 149.0, 144.5, 6.70703125, 103.6875, 122.3125, 155.25, 148.0, 197.75, 168.0, 65.9375, 183.375, 146.25, 86.125, 130.125, 176.5, 79.3125, 182.875, 116.6875, 112.4375, 58.84375, 35.84375, 112.25, 43.09375, 152.625, 76.625, 133.0, 113.9375, 175.75, 162.25, 43.65625, 34.0, 40.59375, 138.625, 146.0, 44.03125, 65.8125, 170.75, 152.5, 169.375, 163.5, 190.375, 132.625, 99.75, 102.0625, 107.9375, 82.0, 80.8125, 50.0, 153.0, 122.375, 84.375, 40.21875, 111.0625, 178.875, 165.625, 46.875, 209.75, 36.0625, 145.75, 112.25, 74.1875, 139.0, 41.21875, 76.3125, 179.875, 83.0, 42.4375, 102.9375, 80.4375, 101.0, 56.625, 76.0625, 118.5, 132.0, 106.0, 162.375, 134.5, 188.75, 146.125, 103.875, 118.4375, 144.25, 49.0, 116.0625, 46.0, 128.75, 156.75, 48.84375, 177.5, 95.125, 94.4375, 103.375, 132.0, 145.0, 77.25, 111.625, 170.875, 173.5, 43.375, 153.625], [96.5, 72.4375, 5.0, 0.0, 144.375, 130.75, 53.15625, 68.25, 159.5, 103.3125, 97.0625, 209.875, 26.25, 22.625, 132.125, 102.4375, 118.875, 58.03125, 172.75, 101.0625, 155.25, 215.375, 114.9375, 76.9375, 142.0, 96.9375, 29.546875, 181.5, 98.25, 33.0, 190.875, 9.8515625, 42.1875, 180.875, 68.375, 175.625, 166.125, 23.0, 155.875, 147.375, 163.125, 114.5625, 65.1875, 63.6875, 38.46875, 11.6640625, 141.75, 93.1875, 25.703125, 145.375, 54.03125, 98.0, 38.84375, 44.15625, 69.0, 61.71875, 186.25, 155.875, 56.59375, 199.5, 24.1875, 154.0, 149.375, 2.0, 107.1875, 127.3125, 157.0, 152.625, 202.375, 169.75, 68.375, 188.0, 150.5, 89.4375, 133.0, 179.0, 80.625, 186.875, 121.25, 117.4375, 61.28125, 36.78125, 117.1875, 47.4375, 157.625, 79.25, 136.625, 118.9375, 178.25, 164.625, 46.5625, 31.90625, 43.09375, 143.375, 150.75, 44.09375, 70.5, 174.625, 156.5, 172.125, 167.875, 195.375, 136.5, 104.25, 106.9375, 112.875, 87.0, 83.0, 55.0, 157.75, 127.3125, 87.8125, 45.0, 115.6875, 182.625, 170.375, 51.625, 214.625, 40.84375, 150.75, 116.75, 79.0, 143.0, 41.34375, 81.0, 184.875, 87.3125, 46.5, 107.9375, 80.75, 105.0, 61.40625, 80.0, 123.3125, 136.5, 110.4375, 167.25, 139.375, 193.25, 149.375, 105.125, 122.1875, 147.625, 53.03125, 120.1875, 42.0625, 133.75, 161.75, 51.53125, 182.5, 98.0, 98.1875, 107.1875, 137.0, 149.25, 81.5, 116.5, 174.25, 178.5, 41.34375, 158.625], [127.25, 134.75, 140.625, 144.375, 0.0, 79.875, 139.5, 77.6875, 161.25, 41.0625, 126.5625, 181.25, 124.1875, 130.625, 45.875, 77.8125, 115.6875, 157.5, 160.0, 77.8125, 68.0, 171.0, 73.5, 71.5, 206.625, 70.9375, 160.375, 191.5, 125.1875, 130.375, 157.375, 148.0, 102.1875, 165.625, 76.0625, 260.25, 231.875, 147.75, 62.0625, 104.8125, 117.6875, 107.875, 166.75, 195.5, 180.875, 135.0, 72.75, 159.875, 120.0625, 219.25, 191.125, 190.875, 106.0, 162.875, 75.5625, 192.625, 203.625, 133.5, 127.875, 163.75, 165.0, 101.8125, 62.125, 146.375, 172.75, 90.8125, 246.75, 153.875, 187.125, 256.25, 170.0, 183.125, 22.796875, 56.3125, 204.375, 248.875, 191.375, 207.125, 46.03125, 108.4375, 166.0, 164.0, 73.25, 134.875, 107.6875, 174.375, 8.546875, 106.0, 249.375, 240.5, 99.0, 173.125, 156.25, 61.8125, 66.125, 174.5, 83.375, 205.0, 191.125, 237.125, 179.375, 154.5, 179.0, 139.375, 115.875, 80.4375, 97.9375, 182.0, 108.875, 144.5, 115.0, 163.75, 125.6875, 50.4375, 217.625, 157.25, 125.3125, 170.0, 108.9375, 79.625, 143.875, 119.1875, 11.046875, 172.0, 126.8125, 118.125, 141.375, 139.875, 80.4375, 202.125, 40.8125, 122.1875, 64.75, 64.4375, 152.125, 144.625, 84.1875, 130.625, 192.0, 207.875, 211.625, 22.203125, 204.5, 91.8125, 160.375, 186.375, 96.0, 96.25, 95.1875, 108.4375, 180.75, 46.1875, 37.21875, 91.0625, 171.625, 65.8125, 67.125, 220.5, 122.125, 181.875, 98.75], [62.09375, 82.0, 125.8125, 130.75, 79.875, 0.0, 97.0, 74.0, 81.4375, 72.8125, 61.125, 106.375, 124.0625, 109.125, 34.0, 28.59375, 40.21875, 112.1875, 80.8125, 30.0, 30.59375, 101.25, 17.03125, 64.375, 134.875, 36.875, 131.375, 111.625, 59.1875, 101.9375, 82.5, 138.75, 99.0625, 87.0, 84.625, 190.25, 158.25, 121.125, 35.125, 27.078125, 43.1875, 34.4375, 119.0, 157.875, 156.5, 119.0625, 14.3203125, 97.8125, 106.25, 149.0, 158.875, 132.125, 104.6875, 125.75, 79.0625, 154.875, 123.9375, 54.125, 85.5, 90.125, 154.875, 28.234375, 28.640625, 132.5, 106.625, 12.0390625, 179.5, 74.25, 109.375, 187.0, 121.0625, 103.8125, 63.25, 84.125, 135.0, 175.125, 141.5, 127.4375, 36.21875, 33.625, 120.0625, 131.5, 15.0, 96.3125, 33.84375, 120.9375, 80.0625, 30.53125, 176.0, 169.0, 102.625, 148.625, 118.875, 23.859375, 27.203125, 140.625, 63.03125, 126.1875, 113.5625, 162.875, 99.75, 82.0, 104.25, 70.75, 45.875, 17.890625, 46.3125, 128.25, 76.5625, 64.875, 36.78125, 104.5625, 91.375, 35.0625, 139.0, 77.875, 86.8125, 100.3125, 90.4375, 20.609375, 70.75, 65.0, 69.375, 139.0, 70.125, 56.84375, 80.625, 101.0, 22.828125, 156.125, 62.65625, 78.4375, 72.5, 17.0, 74.4375, 73.8125, 37.375, 51.09375, 112.5625, 134.375, 155.75, 71.4375, 130.75, 87.0, 87.9375, 167.875, 16.15625, 31.828125, 103.0625, 52.5, 119.9375, 71.8125, 70.375, 12.0, 93.4375, 64.125, 19.3125, 143.25, 54.125, 154.75, 30.0], [46.875, 20.515625, 49.03125, 53.15625, 139.5, 97.0, 0.0, 66.625, 107.625, 102.875, 47.625, 159.5, 67.0, 34.0625, 111.3125, 73.0625, 73.0625, 17.890625, 122.0, 72.125, 126.25, 167.125, 85.0, 69.3125, 93.0625, 73.375, 37.8125, 128.5, 49.21875, 23.015625, 142.25, 62.96875, 59.09375, 130.0, 75.8125, 135.125, 118.6875, 32.4375, 129.0, 106.25, 119.875, 71.1875, 27.453125, 61.0625, 62.96875, 44.71875, 110.5625, 41.0625, 44.5625, 99.3125, 62.09375, 56.875, 61.34375, 28.859375, 72.125, 58.0625, 133.125, 108.25, 12.1640625, 150.75, 73.25, 114.25, 122.0, 53.84375, 56.03125, 89.75, 118.0, 101.1875, 150.625, 129.75, 30.8125, 135.625, 137.375, 96.1875, 85.375, 133.25, 51.96875, 133.75, 102.375, 73.8125, 26.40625, 35.78125, 87.0, 7.28125, 116.5, 37.65625, 133.75, 76.1875, 132.875, 120.1875, 67.625, 55.8125, 22.140625, 116.0, 122.125, 43.96875, 56.4375, 121.8125, 103.5625, 124.75, 114.9375, 147.75, 83.75, 52.1875, 60.90625, 80.25, 51.09375, 44.5625, 31.0625, 108.1875, 82.0, 37.46875, 16.640625, 96.3125, 130.25, 119.75, 14.421875, 166.5, 40.3125, 117.5625, 64.625, 33.25, 134.25, 42.71875, 31.625, 144.125, 34.46875, 6.70703125, 76.0625, 62.9375, 99.375, 19.03125, 79.625, 96.0625, 84.3125, 57.96875, 134.125, 90.9375, 140.5, 99.3125, 73.75, 118.625, 97.125, 59.40625, 67.0625, 76.8125, 94.5625, 124.3125, 72.9375, 144.25, 51.625, 97.625, 105.125, 99.4375, 96.25, 75.1875, 89.0625, 123.0625, 136.0, 59.9375, 120.1875], [75.3125, 69.125, 64.0625, 68.25, 77.6875, 74.0, 66.625, 0.0, 132.5, 37.6875, 75.125, 173.0, 53.21875, 52.9375, 65.8125, 47.0, 82.0625, 84.0, 140.0, 45.65625, 92.0625, 172.25, 57.0, 10.0, 150.25, 37.1875, 82.6875, 161.0, 74.8125, 53.3125, 150.375, 73.5625, 27.859375, 147.75, 13.0, 198.625, 176.75, 70.0625, 91.4375, 97.625, 114.625, 74.5, 93.875, 118.3125, 103.5, 58.0, 81.375, 97.625, 43.0, 159.875, 113.5, 122.5, 33.09375, 86.3125, 7.0703125, 115.5, 170.125, 116.375, 56.625, 158.75, 90.8125, 101.5, 85.4375, 70.25, 112.6875, 75.6875, 182.625, 124.5625, 171.0, 193.625, 97.3125, 160.5, 82.25, 29.734375, 145.0, 192.75, 118.0, 172.375, 54.625, 76.875, 92.1875, 86.625, 59.03125, 60.59375, 106.5625, 103.9375, 70.625, 76.625, 192.75, 181.5, 29.203125, 95.625, 80.0625, 79.875, 87.6875, 97.0625, 16.03125, 164.75, 147.5, 182.625, 147.0, 152.125, 130.25, 88.0625, 74.0625, 58.3125, 47.0, 111.0625, 36.125, 123.0, 87.5625, 98.5, 50.8125, 49.65625, 175.875, 137.125, 52.34375, 171.25, 31.328125, 91.25, 97.875, 59.125, 75.1875, 94.5625, 66.5, 130.875, 81.0, 65.1875, 53.71875, 126.75, 37.21875, 53.0, 13.4140625, 61.625, 114.0625, 94.9375, 106.5, 103.9375, 168.0, 154.375, 140.375, 55.53125, 151.375, 15.5234375, 110.375, 110.0625, 83.25, 105.625, 29.0625, 125.9375, 115.0, 32.3125, 40.8125, 83.75, 132.5, 13.34375, 55.875, 173.5, 127.5625, 104.25, 104.0], [63.5625, 87.375, 154.875, 159.5, 161.25, 81.4375, 107.625, 132.5, 0.0, 147.75, 63.15625, 53.59375, 166.25, 137.75, 115.4375, 91.6875, 51.0, 111.75, 17.71875, 92.5625, 102.4375, 67.0625, 90.0, 126.0625, 76.125, 102.5, 144.125, 30.359375, 62.40625, 126.6875, 43.75, 169.25, 147.0, 24.1875, 145.5, 128.0, 91.375, 140.125, 109.0, 59.1875, 54.40625, 59.0625, 112.0625, 153.0, 167.625, 149.375, 90.75, 76.1875, 143.0, 91.25, 160.25, 102.5625, 151.875, 130.875, 139.375, 150.625, 42.5, 31.140625, 102.9375, 50.28125, 180.875, 65.8125, 104.875, 160.5, 71.5625, 70.5625, 123.6875, 8.0, 43.0, 126.6875, 111.6875, 28.796875, 144.125, 154.25, 82.125, 106.75, 123.6875, 46.15625, 116.375, 57.21875, 115.4375, 140.125, 89.5625, 112.375, 61.5625, 104.3125, 161.0, 58.5625, 108.25, 106.0, 154.0, 161.5, 126.125, 102.375, 101.625, 145.0, 116.75, 47.5, 41.125, 94.3125, 18.59375, 52.34375, 45.40625, 55.46875, 58.6875, 83.9375, 85.6875, 108.5625, 111.0, 19.203125, 47.84375, 85.0, 114.9375, 113.625, 60.15625, 17.125, 108.25, 66.75, 130.0, 87.625, 43.0, 82.0625, 150.75, 145.0, 78.6875, 76.1875, 73.4375, 114.3125, 86.125, 140.125, 138.25, 98.8125, 138.0, 97.125, 23.4375, 49.8125, 94.875, 31.046875, 35.5, 70.875, 124.625, 151.0, 67.625, 138.625, 46.3125, 182.75, 65.3125, 77.125, 157.125, 84.125, 90.3125, 145.125, 146.5, 70.6875, 23.0, 129.0, 95.875, 68.625, 64.5, 163.375, 72.125], [100.75, 101.8125, 99.625, 103.3125, 41.0625, 72.8125, 102.875, 37.6875, 147.75, 0.0, 100.25, 179.125, 83.5, 90.25, 48.03125, 56.28125, 97.5, 120.625, 151.125, 55.53125, 77.6875, 173.625, 59.0, 33.59375, 179.75, 45.875, 120.1875, 177.875, 99.3125, 91.0, 155.25, 107.0, 61.125, 158.0, 35.0, 230.875, 205.875, 107.5625, 74.375, 99.875, 115.9375, 89.25, 130.375, 156.0, 140.125, 94.0625, 73.375, 129.25, 79.25, 190.75, 151.0, 157.25, 65.0, 124.0, 34.71875, 153.25, 188.75, 125.0, 92.0, 162.875, 124.0625, 100.4375, 70.5, 105.3125, 143.375, 80.0, 215.875, 139.875, 181.0, 226.25, 133.75, 173.5, 51.09375, 17.0, 175.75, 222.5, 154.75, 191.625, 39.0, 90.8125, 129.0, 124.3125, 60.03125, 97.4375, 106.3125, 139.5, 33.375, 89.25, 222.75, 212.375, 58.125, 132.375, 117.625, 66.625, 73.9375, 134.75, 46.875, 186.625, 170.625, 211.5, 164.5, 154.75, 155.625, 113.625, 93.625, 64.1875, 69.8125, 146.875, 71.875, 134.25, 100.0, 131.5, 87.8125, 38.09375, 198.625, 148.125, 88.5, 172.75, 68.9375, 83.0, 120.9375, 88.4375, 41.0, 132.25, 96.1875, 125.1875, 111.1875, 102.1875, 61.65625, 164.125, 10.1953125, 87.1875, 24.359375, 56.09375, 133.5, 119.875, 94.5, 116.9375, 181.75, 182.5, 176.375, 19.03125, 179.25, 51.0, 136.0, 145.375, 87.125, 99.9375, 54.59375, 117.625, 148.5, 5.38671875, 4.47265625, 84.6875, 153.125, 27.796875, 54.15625, 198.75, 125.3125, 141.25, 100.3125], [1.0, 27.453125, 92.375, 97.0625, 126.5625, 61.125, 47.625, 75.125, 63.15625, 100.25, 0.0, 112.8125, 103.125, 74.9375, 86.8125, 48.84375, 26.921875, 57.375, 75.6875, 48.78125, 91.6875, 119.625, 56.09375, 71.1875, 80.25, 56.21875, 85.4375, 88.4375, 2.0, 64.0625, 94.75, 106.75, 85.0, 83.75, 87.9375, 133.75, 106.0, 79.1875, 96.1875, 61.96875, 73.75, 28.015625, 61.84375, 103.4375, 110.4375, 86.625, 75.4375, 36.6875, 79.875, 92.625, 107.375, 71.0625, 89.625, 74.8125, 82.1875, 100.5625, 96.1875, 60.59375, 40.59375, 103.25, 119.3125, 70.6875, 89.5, 98.25, 46.875, 50.625, 121.0, 55.90625, 105.5625, 129.875, 63.15625, 91.9375, 116.8125, 101.5, 77.8125, 122.8125, 82.125, 98.0, 81.6875, 30.015625, 63.875, 82.9375, 57.3125, 50.9375, 71.8125, 61.0, 123.3125, 33.0, 123.25, 113.875, 92.5625, 103.4375, 68.8125, 84.125, 88.3125, 89.9375, 59.21875, 89.6875, 72.375, 111.5, 74.3125, 100.125, 55.71875, 13.4140625, 16.0, 49.25, 30.40625, 68.0, 48.28125, 60.96875, 35.75, 43.5625, 52.15625, 76.5, 100.8125, 73.25, 45.5, 118.9375, 67.1875, 79.75, 23.0, 18.96875, 118.25, 89.1875, 16.28125, 99.0625, 20.0, 53.8125, 47.4375, 97.625, 92.625, 35.84375, 83.8125, 67.625, 41.21875, 19.921875, 95.1875, 43.28125, 98.0, 82.375, 94.75, 109.8125, 79.0625, 78.0, 35.84375, 124.5, 53.0, 82.25, 96.1875, 100.625, 58.8125, 96.125, 100.5, 59.125, 58.03125, 75.625, 62.125, 99.0, 89.875, 107.0625, 77.4375], [113.4375, 139.0, 205.0, 209.875, 181.25, 106.375, 159.5, 173.0, 53.59375, 179.125, 112.8125, 0.0, 213.5, 187.5, 137.125, 127.125, 93.0, 164.875, 37.46875, 128.375, 113.9375, 21.9375, 120.6875, 164.875, 122.25, 138.0, 196.625, 52.09375, 111.625, 176.875, 24.0, 219.5, 191.875, 29.734375, 185.375, 167.0, 130.0, 191.625, 120.4375, 79.3125, 64.0, 99.375, 165.5, 206.625, 220.625, 199.125, 109.125, 129.75, 191.0, 136.25, 213.875, 155.25, 197.25, 183.875, 179.375, 204.25, 62.28125, 56.65625, 153.375, 17.71875, 232.125, 80.0, 119.1875, 211.0, 124.6875, 99.625, 167.125, 58.71875, 18.25, 167.125, 165.25, 33.375, 160.25, 189.25, 130.375, 142.25, 177.0, 66.5, 142.125, 96.75, 168.875, 193.0, 119.375, 163.5, 74.0, 157.875, 183.5, 96.5625, 144.125, 146.125, 198.0, 214.25, 178.875, 119.5, 115.25, 198.25, 158.25, 79.0, 84.1875, 131.0, 56.625, 27.515625, 95.875, 107.5, 103.9375, 116.6875, 128.875, 162.0, 158.125, 52.15625, 86.0, 138.625, 164.875, 141.375, 87.4375, 39.6875, 158.25, 22.359375, 176.75, 101.625, 95.4375, 130.875, 170.125, 198.125, 129.0, 67.625, 125.875, 166.0, 120.5625, 193.5, 169.0, 148.5, 175.375, 123.3125, 76.5625, 102.5625, 99.75, 71.1875, 37.125, 114.9375, 176.375, 177.0, 112.375, 182.0, 99.875, 235.5, 92.25, 85.1875, 200.125, 78.375, 143.375, 177.75, 176.75, 94.4375, 73.375, 166.375, 125.0, 102.0625, 60.15625, 216.5, 82.5], [102.8125, 82.875, 25.609375, 26.25, 124.1875, 124.0625, 67.0, 53.21875, 166.25, 83.5, 103.125, 213.5, 0.0, 33.25, 119.0, 95.5625, 120.5625, 77.125, 177.625, 94.1875, 144.875, 216.375, 107.3125, 63.0625, 159.75, 87.8125, 54.40625, 190.875, 103.8125, 44.0, 192.875, 25.296875, 25.546875, 185.625, 49.03125, 197.625, 185.0, 44.71875, 144.5, 144.5, 161.125, 114.8125, 85.75, 89.8125, 64.125, 25.078125, 133.25, 108.0, 23.53125, 165.0, 80.25, 118.9375, 20.125, 67.0625, 51.53125, 87.75, 197.25, 157.625, 65.75, 201.375, 41.3125, 149.875, 138.375, 27.796875, 123.0625, 123.0625, 179.375, 158.75, 208.125, 192.0, 89.1875, 195.0, 133.25, 68.0, 151.625, 198.875, 104.1875, 198.5, 107.8125, 117.625, 82.25, 61.28125, 109.5, 60.0, 154.25, 99.4375, 116.0625, 118.4375, 198.25, 185.125, 25.5, 58.0, 64.25, 132.75, 140.5, 69.6875, 61.0625, 187.5, 169.25, 191.125, 176.875, 196.125, 149.75, 112.8125, 109.5625, 106.8125, 85.4375, 104.375, 55.46875, 161.5, 128.125, 104.3125, 53.46875, 102.875, 196.625, 174.875, 59.84375, 215.5, 36.71875, 142.75, 125.0, 84.125, 124.3125, 66.8125, 88.3125, 180.375, 98.125, 61.21875, 101.875, 106.0, 87.125, 68.125, 62.375, 113.75, 144.25, 119.5625, 158.625, 142.25, 201.125, 166.25, 128.75, 102.5, 164.125, 38.09375, 131.625, 64.875, 130.25, 155.875, 29.015625, 176.625, 116.875, 78.75, 87.6875, 132.25, 159.375, 66.3125, 107.4375, 190.0, 175.5, 67.4375, 153.5], [74.4375, 51.53125, 17.6875, 22.625, 130.625, 109.125, 34.0625, 52.9375, 137.75, 90.25, 74.9375, 187.5, 33.25, 0.0, 113.3125, 81.125, 96.25, 44.28125, 150.625, 79.875, 134.75, 192.75, 93.75, 60.125, 126.5625, 76.625, 30.078125, 160.75, 76.0, 11.3984375, 168.375, 32.0, 32.8125, 158.625, 56.875, 165.25, 151.75, 17.46875, 135.875, 125.0, 140.625, 91.9375, 53.3125, 66.625, 51.0, 11.6640625, 120.6875, 75.125, 13.453125, 131.75, 60.71875, 86.375, 32.5625, 37.46875, 55.65625, 64.0, 166.25, 133.25, 34.9375, 177.0, 46.40625, 131.75, 129.125, 24.078125, 90.0, 105.125, 147.375, 130.75, 180.5, 159.75, 56.875, 166.375, 134.0, 78.8125, 118.375, 165.75, 73.8125, 167.125, 102.6875, 94.8125, 50.09375, 35.0, 96.0, 27.296875, 135.25, 66.75, 123.4375, 96.3125, 165.25, 152.125, 40.3125, 43.0, 33.0, 123.0625, 130.25, 45.1875, 51.34375, 155.5, 137.25, 157.875, 146.875, 172.75, 117.5625, 82.875, 84.375, 91.25, 64.625, 72.0625, 32.75, 135.375, 104.6875, 71.125, 22.828125, 96.875, 164.25, 148.125, 29.53125, 192.0, 22.015625, 129.375, 95.3125, 56.625, 127.875, 42.5, 59.0625, 162.5, 66.75, 28.015625, 86.3125, 78.5625, 90.125, 39.125, 66.0, 102.8125, 114.9375, 89.3125, 146.0, 116.8125, 171.875, 133.125, 98.1875, 108.4375, 131.0, 39.5625, 100.1875, 59.65625, 111.5, 139.75, 45.96875, 160.5, 83.75, 84.875, 93.625, 114.9375, 128.75, 65.375, 95.8125, 157.125, 156.0, 51.34375, 136.5], [87.6875, 101.1875, 127.5625, 132.125, 45.875, 34.0, 111.3125, 65.8125, 115.4375, 48.03125, 86.8125, 137.125, 119.0, 113.3125, 0.0, 39.5625, 71.5625, 128.5, 114.3125, 40.15625, 29.6875, 128.875, 30.8125, 56.09375, 165.125, 38.125, 140.125, 145.625, 85.125, 109.1875, 113.125, 138.5, 93.625, 120.0625, 72.125, 219.875, 189.5, 128.375, 26.875, 59.21875, 73.125, 64.375, 136.75, 171.625, 163.875, 121.0625, 28.0, 122.5625, 106.5, 178.5, 170.0, 155.75, 98.875, 138.375, 68.125, 168.625, 157.875, 87.625, 99.125, 120.0, 155.625, 57.09375, 22.46875, 134.125, 133.75, 45.28125, 207.75, 108.25, 141.875, 216.25, 139.5, 137.375, 30.40625, 63.25, 164.0, 206.5, 160.875, 161.5, 11.1796875, 64.4375, 136.875, 142.0, 29.828125, 108.4375, 63.0625, 141.625, 46.6875, 61.71875, 207.25, 199.25, 94.4375, 155.875, 131.375, 18.96875, 25.9375, 152.0, 61.96875, 159.875, 146.625, 194.5, 133.75, 111.0625, 135.875, 98.625, 73.875, 37.8125, 62.3125, 149.25, 84.0, 98.6875, 69.875, 127.9375, 101.0625, 16.5, 172.625, 111.375, 98.4375, 127.875, 91.8125, 36.5, 101.125, 84.125, 35.34375, 150.0, 91.0, 78.1875, 104.1875, 113.5625, 39.4375, 173.75, 38.59375, 92.375, 58.25, 19.796875, 107.4375, 102.9375, 46.53125, 85.0, 146.125, 165.5, 178.25, 40.4375, 161.875, 81.125, 118.1875, 172.75, 50.15625, 53.75, 92.9375, 70.0, 144.5, 49.21875, 44.28125, 45.21875, 126.75, 52.78125, 24.703125, 176.25, 79.75, 163.375, 55.15625], [49.59375, 61.6875, 97.5, 102.4375, 77.8125, 28.59375, 73.0625, 47.0, 91.6875, 56.28125, 48.84375, 127.125, 95.5625, 81.125, 39.5625, 0.0, 41.21875, 89.6875, 96.1875, 1.4140625, 54.125, 125.3125, 12.6484375, 38.09375, 128.875, 11.046875, 104.9375, 121.625, 47.375, 74.75, 104.0625, 110.25, 70.75, 103.5, 58.6875, 182.625, 154.125, 94.125, 56.21875, 50.59375, 67.625, 33.0, 97.6875, 134.0, 129.75, 90.8125, 39.5625, 83.5, 77.6875, 141.5, 133.625, 116.3125, 76.375, 101.0625, 52.8125, 131.0, 132.5, 71.0, 61.0, 112.25, 126.5625, 54.8125, 49.25, 104.1875, 95.4375, 28.65625, 169.625, 83.75, 126.75, 178.625, 100.25, 118.0, 68.625, 63.0625, 126.6875, 171.0, 121.5, 135.375, 33.0, 34.53125, 98.0, 105.8125, 14.8671875, 71.125, 59.625, 102.125, 75.0, 33.125, 171.625, 162.625, 74.8125, 121.75, 94.0625, 43.1875, 49.8125, 115.4375, 34.65625, 130.75, 115.375, 159.5, 108.25, 105.3125, 101.8125, 61.5625, 38.59375, 11.3984375, 22.796875, 109.75, 49.03125, 79.125, 44.03125, 88.5625, 64.9375, 27.65625, 143.0, 93.1875, 61.21875, 124.375, 61.90625, 48.3125, 66.5625, 44.59375, 69.4375, 113.625, 51.46875, 84.875, 65.0, 76.0625, 6.70703125, 134.75, 47.125, 54.03125, 48.28125, 23.0, 77.5, 66.8125, 64.875, 61.0625, 126.125, 130.25, 138.75, 62.25, 126.8125, 58.90625, 82.8125, 140.375, 36.25, 60.3125, 75.6875, 81.0625, 105.1875, 53.46875, 55.375, 37.0, 97.125, 39.28125, 16.03125, 144.125, 80.8125, 128.5, 57.96875], [27.890625, 53.71875, 113.9375, 118.875, 115.6875, 40.21875, 73.0625, 82.0625, 51.0, 97.5, 26.921875, 93.0, 120.5625, 96.25, 71.5625, 41.21875, 0.0, 84.125, 58.25, 41.96875, 69.375, 96.5625, 42.1875, 75.1875, 94.625, 51.78125, 110.6875, 80.625, 25.0, 86.25, 72.4375, 128.25, 99.0, 66.125, 94.875, 150.0, 118.25, 103.25, 74.6875, 35.21875, 47.0, 8.25, 88.75, 130.25, 136.0, 107.6875, 53.71875, 61.125, 98.5, 108.75, 133.875, 95.5, 104.25, 101.0625, 88.8125, 127.4375, 91.25, 37.1875, 64.1875, 81.0, 142.125, 44.09375, 68.625, 120.25, 67.75, 28.296875, 139.5, 43.0, 89.3125, 146.875, 90.0, 78.5, 101.9375, 103.25, 94.875, 135.25, 108.5625, 94.125, 69.625, 7.2109375, 90.8125, 108.8125, 42.4375, 75.1875, 44.90625, 87.375, 114.125, 9.8984375, 136.0, 128.75, 105.3125, 128.75, 94.8125, 64.0625, 66.625, 116.3125, 66.5, 89.9375, 75.5, 123.0625, 67.0625, 76.5, 64.375, 32.375, 12.203125, 35.34375, 36.0625, 94.125, 65.4375, 41.4375, 8.9453125, 69.0, 74.25, 65.75, 102.4375, 55.375, 68.0, 95.75, 83.875, 55.96875, 30.53125, 40.59375, 106.0, 115.375, 41.59375, 72.125, 46.53125, 78.75, 36.40625, 124.3125, 88.3125, 58.125, 87.0, 51.84375, 36.6875, 34.1875, 70.1875, 22.140625, 86.125, 94.25, 119.5, 102.5625, 90.6875, 89.5, 47.71875, 149.5, 28.15625, 56.0, 107.875, 73.8125, 82.75, 94.5625, 96.5625, 34.78125, 56.375, 78.0, 48.5625, 104.875, 63.15625, 133.0, 51.0], [56.46875, 30.8125, 55.03125, 58.03125, 157.5, 112.1875, 17.890625, 84.0, 111.75, 120.625, 57.375, 164.875, 77.125, 44.28125, 128.5, 89.6875, 84.125, 0.0, 127.5, 88.8125, 142.0, 174.625, 101.25, 87.125, 84.0, 90.6875, 34.0, 129.0, 59.25, 35.34375, 149.625, 67.25, 73.8125, 135.125, 92.625, 121.0625, 108.375, 35.0625, 145.125, 118.6875, 131.125, 83.6875, 9.8984375, 46.3125, 55.96875, 52.625, 126.0625, 37.59375, 56.875, 87.9375, 50.125, 42.15625, 75.1875, 19.203125, 89.25, 43.40625, 131.875, 117.0, 29.734375, 157.75, 73.6875, 127.125, 138.125, 58.125, 50.0, 103.9375, 103.3125, 106.125, 154.375, 115.5625, 13.453125, 138.5, 155.0, 113.4375, 75.125, 121.8125, 34.125, 132.0, 119.8125, 86.125, 8.546875, 28.84375, 103.1875, 23.4375, 128.75, 22.46875, 151.625, 88.75, 121.1875, 107.9375, 82.125, 50.21875, 15.8125, 132.125, 138.0, 33.40625, 74.3125, 118.6875, 100.875, 114.4375, 116.25, 155.875, 81.0, 58.0, 72.4375, 96.0, 67.1875, 28.296875, 48.875, 115.1875, 93.0625, 30.671875, 33.3125, 113.75, 125.6875, 125.5, 32.25, 174.0, 56.09375, 132.5, 69.5, 47.15625, 152.125, 33.25, 43.1875, 156.25, 39.65625, 19.109375, 92.125, 45.34375, 117.25, 36.125, 97.1875, 112.5625, 88.375, 62.375, 148.875, 99.5, 142.375, 91.375, 56.5625, 136.5, 89.6875, 75.75, 67.4375, 71.1875, 108.0625, 137.875, 87.6875, 157.125, 40.125, 115.375, 122.9375, 113.4375, 97.0625, 92.9375, 105.6875, 116.5625, 147.25, 51.625, 133.375], [76.25, 101.5625, 168.125, 172.75, 160.0, 80.8125, 122.0, 140.0, 17.71875, 151.125, 75.6875, 37.46875, 177.625, 150.625, 114.3125, 96.1875, 58.25, 127.5, 0.0, 97.25, 97.125, 49.40625, 92.1875, 132.625, 93.0, 107.25, 159.125, 35.375, 74.625, 139.75, 26.171875, 182.5, 157.0, 8.0625, 152.75, 143.5, 106.5, 154.25, 103.8125, 55.375, 45.8125, 65.5, 128.375, 169.75, 183.125, 162.25, 87.6875, 92.9375, 154.75, 108.0, 176.625, 120.125, 162.125, 146.5, 146.75, 167.25, 48.84375, 26.6875, 116.25, 32.5625, 194.75, 59.9375, 100.625, 173.875, 89.0625, 71.4375, 140.25, 21.40625, 31.046875, 142.5, 128.25, 23.09375, 141.375, 159.25, 99.5, 121.1875, 141.0, 53.15625, 116.875, 63.15625, 131.625, 155.625, 91.375, 126.1875, 54.71875, 121.25, 160.75, 63.625, 122.8125, 121.625, 163.5, 176.75, 141.375, 99.1875, 97.0625, 160.875, 124.6875, 59.03125, 56.5625, 108.9375, 29.734375, 35.0, 62.96875, 70.0625, 68.125, 87.0, 94.25, 125.8125, 122.125, 17.125, 52.625, 101.8125, 127.875, 115.0, 70.8125, 3.0, 121.1875, 49.03125, 141.0, 82.75, 58.0, 94.125, 149.25, 160.75, 91.8125, 63.5, 88.375, 128.5, 90.0625, 157.5, 141.25, 111.5, 144.0, 97.5, 39.40625, 65.125, 87.0, 36.125, 31.953125, 87.1875, 142.25, 152.125, 84.125, 147.75, 63.53125, 198.0, 64.9375, 69.625, 166.125, 72.625, 107.8125, 149.0, 149.375, 69.125, 40.3125, 135.0, 97.5, 81.6875, 52.1875, 179.125, 65.1875], [49.53125, 61.03125, 96.125, 101.0625, 77.8125, 30.0, 72.125, 45.65625, 92.5625, 55.53125, 48.78125, 128.375, 94.1875, 79.875, 40.15625, 1.4140625, 41.96875, 88.8125, 97.25, 0.0, 55.3125, 126.625, 13.9296875, 36.78125, 128.875, 10.0, 103.75, 122.5, 47.375, 73.5, 105.3125, 108.9375, 69.3125, 104.5625, 57.375, 182.625, 154.25, 92.875, 57.3125, 51.96875, 68.9375, 33.71875, 96.875, 133.0, 128.5, 89.4375, 40.84375, 83.1875, 76.3125, 141.375, 132.5, 115.8125, 74.9375, 100.0625, 51.46875, 130.0, 133.25, 72.1875, 60.03125, 113.5625, 125.25, 56.21875, 50.34375, 102.875, 95.25, 30.015625, 169.5, 84.5625, 127.875, 178.5, 99.4375, 119.0, 68.9375, 62.03125, 126.625, 171.125, 120.8125, 136.0, 33.28125, 35.34375, 97.1875, 104.6875, 16.15625, 70.0625, 61.03125, 101.5, 74.8125, 34.0625, 171.75, 162.625, 73.4375, 120.5625, 93.0625, 44.28125, 51.0, 114.375, 33.25, 131.375, 115.875, 159.625, 109.0625, 106.625, 102.0625, 61.625, 38.9375, 12.8046875, 22.140625, 109.125, 47.8125, 80.125, 45.0, 88.125, 63.78125, 27.796875, 143.5, 94.25, 60.125, 125.6875, 60.53125, 49.65625, 66.875, 44.0, 69.5, 112.5625, 51.0, 86.25, 64.6875, 75.0, 8.0625, 134.0, 46.5, 53.09375, 47.0625, 24.015625, 78.125, 67.0, 66.1875, 62.03125, 127.0625, 130.375, 138.125, 61.90625, 127.0, 57.5, 83.0, 139.125, 37.59375, 61.71875, 74.3125, 82.4375, 104.8125, 52.625, 54.71875, 38.40625, 97.75, 38.09375, 17.0, 144.5, 82.1875, 127.3125, 59.40625], [92.625, 112.1875, 150.375, 155.25, 68.0, 30.59375, 126.25, 92.0625, 102.4375, 77.6875, 91.6875, 113.9375, 144.875, 134.75, 29.6875, 54.125, 69.375, 142.0, 97.125, 55.3125, 0.0, 103.0, 41.59375, 82.125, 163.25, 58.3125, 159.0, 131.125, 89.75, 128.75, 90.5, 162.5, 119.375, 101.5625, 100.0, 218.875, 185.625, 148.25, 6.70703125, 43.28125, 52.0, 64.5, 149.125, 187.375, 183.875, 143.75, 16.28125, 128.375, 129.875, 177.75, 187.5, 162.75, 124.875, 154.75, 95.4375, 184.375, 144.25, 71.875, 114.4375, 96.3125, 179.25, 37.21875, 7.2109375, 157.125, 136.75, 41.4375, 208.875, 96.3125, 121.4375, 215.875, 151.375, 119.875, 46.375, 92.8125, 164.125, 202.375, 172.0, 148.25, 39.6875, 63.3125, 150.0, 159.75, 39.46875, 124.875, 42.5, 151.5, 71.4375, 60.15625, 203.375, 197.25, 121.25, 175.875, 147.75, 12.203125, 4.47265625, 169.25, 85.0, 149.375, 138.75, 190.0, 121.0625, 86.8125, 131.75, 100.875, 76.25, 46.03125, 75.1875, 158.875, 103.0625, 83.8125, 64.125, 135.125, 119.0625, 43.1875, 162.25, 94.5, 115.125, 102.0, 114.375, 14.8671875, 99.75, 95.0625, 57.0, 167.625, 100.5, 50.34375, 111.1875, 129.75, 50.25, 186.375, 68.25, 107.375, 86.375, 31.953125, 100.4375, 103.5, 17.09375, 75.0625, 128.75, 162.0, 186.375, 68.625, 158.375, 106.875, 116.75, 194.25, 41.6875, 28.859375, 120.4375, 41.21875, 150.375, 78.8125, 73.9375, 35.0, 118.1875, 79.8125, 38.90625, 168.375, 54.21875, 182.625, 32.3125], [120.3125, 146.75, 210.5, 215.375, 171.0, 101.25, 167.125, 172.25, 67.0625, 173.625, 119.625, 21.9375, 216.375, 192.75, 128.875, 125.3125, 96.5625, 174.625, 49.40625, 126.625, 103.0, 0.0, 117.0625, 163.375, 140.25, 135.75, 204.875, 72.25, 118.125, 182.625, 25.0, 224.75, 193.5, 43.40625, 184.0, 187.25, 150.125, 198.75, 109.0625, 75.0, 58.1875, 101.625, 176.375, 218.125, 229.625, 204.25, 101.125, 141.5, 194.75, 154.875, 224.375, 169.5, 199.0, 193.25, 178.125, 215.625, 83.375, 59.46875, 159.75, 17.0, 238.375, 73.25, 109.0625, 216.625, 138.375, 96.75, 186.25, 70.1875, 39.84375, 187.0, 176.5, 53.15625, 149.125, 185.375, 147.625, 162.875, 190.125, 87.6875, 135.375, 98.8125, 179.5, 201.875, 115.4375, 170.5, 67.4375, 170.125, 174.125, 97.9375, 164.75, 166.0, 198.875, 222.75, 187.75, 110.375, 105.0625, 208.0, 158.375, 99.3125, 102.5, 151.375, 74.4375, 20.25, 111.8125, 116.625, 108.375, 114.25, 130.875, 174.875, 161.875, 59.40625, 88.4375, 150.5, 170.5, 135.625, 108.5, 50.5625, 164.125, 1.0, 179.875, 92.4375, 105.375, 136.5, 160.0, 207.625, 135.875, 53.46875, 135.0, 173.375, 118.625, 206.625, 163.5, 154.25, 172.875, 117.625, 88.125, 112.625, 87.25, 76.375, 58.25, 133.5, 191.625, 169.25, 130.75, 182.75, 112.75, 244.0, 89.1875, 75.25, 200.375, 63.9375, 157.125, 173.0, 170.875, 89.8125, 89.0, 164.125, 120.5, 122.5625, 49.15625, 225.875, 73.8125], [56.9375, 72.375, 110.0, 114.9375, 73.5, 17.03125, 85.0, 57.0, 90.0, 59.0, 56.09375, 120.6875, 107.3125, 93.75, 30.8125, 12.6484375, 42.1875, 101.25, 92.1875, 13.9296875, 41.59375, 117.0625, 0.0, 47.4375, 134.5, 19.84375, 117.5, 120.3125, 54.375, 87.375, 97.0625, 122.6875, 82.125, 99.0, 67.75, 189.125, 159.125, 106.75, 44.0, 42.0625, 58.875, 34.40625, 108.875, 146.0, 142.375, 103.3125, 26.921875, 92.125, 90.0625, 147.75, 146.0, 125.6875, 87.8125, 113.3125, 62.125, 143.0, 131.875, 66.0, 73.0625, 105.0, 139.125, 44.78125, 37.0, 116.75, 102.9375, 21.09375, 177.0, 82.25, 122.0, 185.375, 111.3125, 114.75, 61.0625, 68.6875, 133.25, 176.125, 132.375, 135.125, 27.453125, 35.0, 109.4375, 118.25, 2.236328125, 83.375, 50.09375, 112.5625, 72.0, 32.65625, 176.75, 168.625, 85.625, 134.375, 106.3125, 31.0, 37.34375, 127.75, 46.21875, 131.875, 117.6875, 164.25, 107.5, 97.4375, 105.75, 67.8125, 43.1875, 7.0703125, 34.0625, 120.0625, 61.6875, 75.4375, 42.375, 97.875, 77.4375, 23.765625, 144.5, 89.1875, 73.5625, 116.125, 74.3125, 35.84375, 70.75, 55.09375, 64.0, 126.0, 61.40625, 73.875, 73.9375, 88.25, 9.21875, 146.125, 49.03125, 66.0, 55.9375, 11.703125, 78.75, 72.25, 52.3125, 58.9375, 123.1875, 135.125, 148.625, 61.03125, 131.625, 70.0, 87.6875, 153.0, 28.4375, 48.78125, 86.0625, 69.375, 114.125, 57.21875, 57.125, 27.3125, 98.4375, 47.40625, 6.40234375, 147.0, 70.8125, 141.0, 47.0], [71.5, 68.875, 72.5625, 76.9375, 71.5, 64.375, 69.3125, 10.0, 126.0625, 33.59375, 71.1875, 164.875, 63.0625, 60.125, 56.09375, 38.09375, 75.1875, 87.125, 132.625, 36.78125, 82.125, 163.375, 47.4375, 0.0, 148.625, 27.78125, 89.25, 155.125, 70.625, 58.9375, 142.0, 82.6875, 37.5625, 140.25, 20.609375, 198.375, 175.0, 76.8125, 81.5, 88.5625, 105.5625, 67.375, 96.8125, 124.0625, 111.0625, 66.25, 71.4375, 96.8125, 51.34375, 158.875, 120.0625, 123.8125, 42.9375, 91.4375, 14.765625, 121.1875, 164.625, 108.4375, 58.40625, 150.25, 99.9375, 92.125, 75.5, 78.9375, 111.5, 66.625, 183.0, 118.0625, 163.625, 193.625, 100.125, 153.625, 74.0, 30.46875, 144.0, 191.25, 121.25, 167.125, 44.9375, 69.5625, 95.5, 92.625, 49.40625, 64.0, 97.25, 105.875, 65.0, 69.0625, 191.375, 180.5, 39.21875, 103.125, 84.875, 69.875, 77.6875, 103.0625, 13.453125, 160.25, 143.375, 180.75, 141.125, 143.375, 126.8125, 84.4375, 68.1875, 49.1875, 41.59375, 113.25, 38.28125, 115.5625, 80.0625, 98.625, 54.5625, 39.8125, 171.75, 129.75, 54.90625, 162.5, 38.125, 81.3125, 93.375, 56.8125, 67.875, 100.6875, 64.5, 121.1875, 79.375, 68.875, 44.78125, 131.0, 30.671875, 53.75, 12.6484375, 51.65625, 108.5625, 91.0625, 96.5625, 96.75, 161.25, 152.125, 142.75, 49.78125, 149.0, 25.078125, 106.875, 118.4375, 74.25, 95.875, 38.90625, 116.125, 115.4375, 28.421875, 35.84375, 74.4375, 127.4375, 5.83203125, 46.0, 170.125, 118.1875, 111.4375, 94.375], [79.625, 81.9375, 139.0, 142.0, 206.625, 134.875, 93.0625, 150.25, 76.125, 179.75, 80.25, 122.25, 159.75, 126.5625, 165.125, 128.875, 94.625, 84.0, 93.0, 128.875, 163.25, 140.25, 134.5, 148.625, 0.0, 136.5, 116.125, 71.5, 81.5625, 116.0, 119.0625, 151.25, 150.875, 97.3125, 162.125, 55.5625, 26.40625, 119.0625, 169.0, 123.0625, 125.3125, 101.0625, 77.5, 106.0, 131.875, 136.125, 148.125, 53.4375, 137.625, 15.296875, 117.375, 48.46875, 153.75, 100.0, 157.125, 104.6875, 66.375, 102.125, 97.5, 124.5, 156.0, 131.75, 163.125, 142.125, 37.9375, 122.875, 47.84375, 76.9375, 105.625, 52.8125, 74.8125, 89.0, 195.5, 179.0, 10.8203125, 42.71875, 72.9375, 64.0625, 161.25, 101.375, 81.625, 109.5, 135.25, 100.3125, 129.5, 63.78125, 203.625, 104.375, 43.0, 34.21875, 159.375, 128.75, 99.25, 158.625, 160.875, 108.6875, 135.5, 48.25, 38.09375, 32.3125, 65.9375, 128.0, 32.5625, 67.25, 91.3125, 127.375, 110.1875, 62.375, 116.125, 92.375, 99.125, 55.59375, 108.4375, 156.25, 48.90625, 93.0, 103.3125, 140.125, 131.5, 149.125, 64.1875, 91.8125, 198.0, 110.125, 84.125, 149.875, 69.3125, 98.625, 126.5625, 86.3125, 172.625, 98.6875, 161.0, 145.375, 64.875, 62.25, 161.0, 90.625, 87.6875, 9.21875, 60.8125, 190.125, 10.296875, 148.375, 47.0, 147.375, 121.5625, 144.25, 164.25, 156.375, 44.28125, 175.375, 180.375, 128.25, 53.15625, 153.625, 140.75, 35.34375, 138.25, 126.1875, 138.875], [56.84375, 64.875, 92.125, 96.9375, 70.9375, 36.875, 73.375, 37.1875, 102.5, 45.875, 56.21875, 138.0, 87.8125, 76.625, 38.125, 11.046875, 51.78125, 90.6875, 107.25, 10.0, 58.3125, 135.75, 19.84375, 27.78125, 136.5, 0.0, 102.375, 132.375, 55.0, 71.5625, 114.8125, 104.1875, 62.46875, 114.5, 48.3125, 189.5, 162.25, 90.9375, 59.1875, 60.84375, 77.8125, 43.5625, 99.3125, 133.5, 126.5625, 85.4375, 45.5, 89.0, 71.5625, 148.625, 132.0, 120.5625, 68.125, 100.25, 42.53125, 130.5, 143.0, 82.0625, 61.1875, 123.0, 120.9375, 64.375, 52.5, 98.8125, 101.875, 39.0, 175.875, 94.5, 137.875, 185.25, 102.125, 129.0, 64.625, 52.03125, 133.75, 179.0, 123.625, 145.75, 29.125, 45.28125, 99.1875, 104.0, 21.9375, 70.375, 69.4375, 105.1875, 67.1875, 44.03125, 179.5, 170.0, 65.8125, 118.5625, 93.25, 46.5, 53.84375, 114.0, 26.921875, 140.75, 125.0, 167.625, 118.875, 115.875, 110.625, 69.375, 47.9375, 21.546875, 27.015625, 112.8125, 46.09375, 90.125, 55.0, 93.1875, 63.0, 23.09375, 152.875, 104.25, 60.3125, 134.875, 56.09375, 55.0, 75.5625, 48.5625, 63.5, 112.0, 56.03125, 93.75, 70.4375, 75.4375, 17.46875, 136.0, 37.15625, 54.5625, 37.375, 26.40625, 87.625, 75.1875, 71.0, 72.0, 137.0, 138.5, 142.25, 53.59375, 135.125, 50.25, 91.25, 136.25, 46.625, 68.625, 66.25, 89.125, 110.125, 42.75, 45.3125, 46.65625, 107.1875, 28.453125, 19.71875, 153.375, 90.4375, 125.8125, 66.8125], [84.625, 58.125, 28.84375, 29.546875, 160.375, 131.375, 37.8125, 82.6875, 144.125, 120.1875, 85.4375, 196.625, 54.40625, 30.078125, 140.125, 104.9375, 110.6875, 34.0, 159.125, 103.75, 159.0, 204.875, 117.5, 89.25, 116.125, 102.375, 0.0, 162.75, 87.0, 31.0, 180.0, 36.875, 62.25, 167.0, 86.9375, 146.5, 139.125, 12.6484375, 161.0, 143.125, 157.25, 108.3125, 38.625, 36.90625, 25.5, 30.40625, 144.125, 71.5625, 42.53125, 118.0, 30.8125, 70.0, 61.03125, 16.125, 85.6875, 34.40625, 165.875, 146.0, 46.96875, 188.375, 40.03125, 150.75, 154.0, 28.796875, 83.8125, 125.375, 127.8125, 138.125, 187.125, 140.75, 41.3125, 171.625, 162.75, 108.875, 106.5, 151.125, 51.25, 166.0, 130.0, 111.0, 34.53125, 7.28125, 119.625, 35.78125, 153.375, 52.34375, 153.25, 113.1875, 150.25, 136.5, 69.0625, 18.03125, 18.359375, 148.0, 154.75, 15.6171875, 79.1875, 152.625, 134.875, 145.0, 149.75, 185.5, 115.0625, 89.125, 98.5, 113.75, 85.0625, 55.0, 56.3125, 145.75, 119.5625, 64.625, 40.03125, 124.0, 159.375, 157.0, 44.59375, 204.25, 51.40625, 151.875, 101.3125, 70.3125, 157.125, 12.8046875, 69.375, 181.125, 70.8125, 31.90625, 109.125, 51.625, 119.625, 53.71875, 95.875, 127.5625, 120.75, 94.375, 168.625, 128.75, 175.875, 123.9375, 75.625, 138.25, 122.5625, 69.625, 101.0, 39.0625, 130.75, 160.25, 74.625, 180.5, 71.875, 114.8125, 123.5, 135.25, 130.75, 94.75, 120.5, 149.625, 173.25, 23.53125, 156.375], [88.625, 109.1875, 177.125, 181.5, 191.5, 111.625, 128.5, 161.0, 30.359375, 177.875, 88.4375, 52.09375, 190.875, 160.75, 145.625, 121.625, 80.625, 129.0, 35.375, 122.5, 131.125, 72.25, 120.3125, 155.125, 71.5, 132.375, 162.75, 0.0, 88.125, 149.375, 56.09375, 191.375, 173.5, 34.46875, 174.0, 115.0625, 78.0, 160.5, 137.875, 88.3125, 80.8125, 88.8125, 127.1875, 165.5, 184.5, 172.125, 120.375, 91.5, 167.5, 84.875, 174.5, 110.125, 178.125, 148.125, 168.0, 163.5, 13.453125, 59.375, 125.875, 58.6875, 201.25, 94.0625, 134.125, 182.25, 82.125, 100.875, 115.125, 38.09375, 34.53125, 115.0625, 126.0625, 19.109375, 174.0, 183.75, 80.5, 90.6875, 133.75, 17.796875, 146.75, 87.125, 131.0, 157.875, 119.9375, 134.125, 89.1875, 116.9375, 191.375, 88.625, 92.5625, 94.0625, 180.875, 179.125, 144.375, 132.0, 130.75, 161.0, 145.0, 27.078125, 34.0, 79.1875, 14.140625, 65.1875, 50.21875, 78.1875, 87.0, 114.25, 114.0, 119.5, 136.75, 47.5, 78.125, 99.375, 138.25, 144.0, 37.0, 37.46875, 131.5, 72.3125, 155.5, 116.5, 66.0, 107.25, 181.0, 161.5, 102.625, 98.625, 94.125, 135.125, 116.3125, 149.625, 168.5, 122.8125, 167.25, 127.5, 47.375, 71.5, 122.0, 61.40625, 16.15625, 63.59375, 129.0, 181.375, 61.34375, 166.0, 61.78125, 200.0, 95.4375, 104.5, 184.375, 107.9375, 99.75, 175.125, 176.75, 100.625, 32.1875, 158.375, 126.25, 50.34375, 87.4375, 179.625, 99.8125], [3.0, 29.15625, 93.5, 98.25, 125.1875, 59.1875, 49.21875, 74.8125, 62.40625, 99.3125, 2.0, 111.625, 103.8125, 76.0, 85.125, 47.375, 25.0, 59.25, 74.625, 47.375, 89.75, 118.125, 54.375, 70.625, 81.5625, 55.0, 87.0, 88.125, 0.0, 65.1875, 93.3125, 107.875, 85.3125, 82.6875, 87.6875, 135.25, 107.1875, 80.625, 94.25, 60.03125, 71.875, 26.015625, 63.78125, 105.3125, 112.0625, 87.6875, 73.5, 38.59375, 80.625, 94.0625, 109.1875, 73.0, 90.0, 76.5625, 81.875, 102.4375, 96.0625, 59.03125, 41.875, 101.8125, 120.625, 68.75, 87.625, 99.375, 48.5625, 48.65625, 122.625, 55.03125, 104.6875, 131.375, 65.125, 91.1875, 115.1875, 100.875, 79.3125, 124.0, 84.125, 98.0, 80.125, 28.015625, 65.8125, 84.625, 55.5625, 52.3125, 69.875, 63.0, 122.0, 31.0, 124.5, 115.25, 92.75, 105.0, 70.5, 82.25, 86.375, 91.6875, 58.84375, 89.9375, 72.75, 112.625, 74.0, 98.625, 56.46875, 14.421875, 14.0, 47.5, 29.546875, 70.0, 48.75, 59.65625, 33.84375, 45.53125, 53.25, 75.0, 101.1875, 72.125, 46.625, 117.4375, 67.75, 77.8125, 23.09375, 19.703125, 116.75, 90.9375, 17.6875, 97.125, 22.0, 55.3125, 45.8125, 99.625, 91.5625, 36.90625, 83.25, 65.875, 40.78125, 20.609375, 93.1875, 41.78125, 97.4375, 83.5, 96.6875, 108.625, 80.125, 78.125, 36.6875, 126.0625, 51.0, 80.25, 96.3125, 98.625, 60.71875, 95.25, 99.5, 57.125, 58.0, 74.9375, 60.46875, 99.75, 88.0, 108.75, 75.4375], [63.5, 40.15