{"name": "LZB_n160_7", "n": 160, "m": 20, "times": [[0.0, 118.875, 21.09375, 78.5, 132.875, 12.0, 100.375, 101.5625, 70.6875, 45.25, 65.375, 97.875, 107.625, 88.4375, 68.125, 101.9375, 88.3125, 94.875, 96.8125, 112.3125, 89.6875, 78.4375, 94.8125, 91.5, 46.6875, 124.4375, 137.125, 33.53125, 36.40625, 104.0, 17.203125, 80.9375, 56.03125, 66.4375, 68.25, 83.25, 134.375, 101.8125, 120.3125, 32.6875, 101.25, 49.1875, 107.0625, 117.3125, 91.8125, 83.8125, 68.5625, 22.359375, 95.1875, 90.375, 89.0, 81.625, 88.125, 76.3125, 74.0, 35.0, 117.3125, 92.0, 119.25, 105.375, 8.6015625, 92.8125, 86.0625, 115.75, 65.0, 80.0625, 110.4375, 99.5625, 103.4375, 58.65625, 56.625, 88.75, 72.6875, 97.5, 86.5625, 87.6875, 81.25, 65.3125, 71.375, 21.84375, 68.0625, 90.5, 52.84375, 71.1875, 18.03125, 78.75, 106.75, 56.75, 53.40625, 93.625, 60.53125, 110.9375, 108.6875, 91.3125, 62.0, 105.125, 67.4375, 36.78125, 130.25, 24.046875, 100.875, 89.1875, 85.5625, 102.0625, 66.5, 115.75, 94.0625, 71.5, 109.1875, 80.0625, 49.40625, 99.1875, 90.625, 62.5, 103.625, 86.0625, 108.25, 68.0, 117.375, 120.3125, 68.0625, 57.25, 116.8125, 70.1875, 21.375, 94.125, 91.5625, 40.3125, 55.09375, 86.8125, 81.8125, 87.375, 88.625, 85.75, 103.5, 98.0, 118.4375, 96.1875, 126.5, 66.625, 115.25, 84.375, 30.015625, 84.75, 104.6875, 88.0, 100.75, 122.0, 52.625, 98.8125, 131.5, 106.4375, 51.09375, 94.125, 101.25, 109.5625, 103.875, 59.53125, 133.0, 39.125, 101.25], [118.875, 0.0, 101.8125, 148.0, 168.0, 128.5, 215.375, 48.71875, 63.78125, 163.875, 171.25, 38.0625, 226.375, 149.25, 168.875, 59.8125, 98.3125, 146.875, 40.59375, 145.125, 139.0, 194.0, 212.5, 175.75, 153.875, 163.125, 171.0, 145.75, 102.0625, 158.625, 120.9375, 158.0, 167.25, 60.90625, 187.0, 173.625, 191.0, 22.015625, 156.125, 131.25, 175.25, 71.4375, 12.6484375, 25.5, 31.78125, 166.25, 66.9375, 125.375, 101.1875, 82.0625, 195.75, 152.75, 132.125, 181.75, 65.125, 94.8125, 25.5, 131.5, 235.0, 16.765625, 110.625, 140.125, 192.625, 15.234375, 175.375, 189.75, 25.703125, 177.0, 218.375, 68.0, 116.875, 161.875, 47.5, 120.1875, 200.875, 174.375, 195.5, 56.375, 153.125, 112.3125, 162.625, 186.5, 169.0, 122.3125, 136.0, 197.375, 225.25, 159.75, 172.25, 37.0, 151.25, 229.625, 51.875, 208.625, 60.40625, 157.125, 107.3125, 155.625, 23.765625, 118.5625, 217.625, 150.125, 84.375, 160.0, 169.0, 164.125, 71.0, 68.375, 223.5, 192.75, 126.625, 80.25, 179.875, 169.375, 58.3125, 155.875, 48.3125, 177.625, 158.0, 175.5, 171.625, 63.78125, 167.375, 189.0, 135.75, 29.421875, 194.5, 103.75, 93.5, 96.4375, 130.0, 183.875, 207.375, 120.6875, 25.3125, 115.0625, 160.0, 53.59375, 244.0, 63.78125, 176.125, 195.125, 89.25, 168.875, 223.125, 199.875, 158.0, 240.875, 171.5, 184.625, 186.125, 122.0, 119.875, 199.375, 219.375, 121.125, 32.0625, 151.875, 185.375, 89.1875, 114.0], [21.09375, 101.8125, 0.0, 93.0, 120.625, 33.0625, 113.875, 91.75, 62.65625, 62.96875, 72.625, 77.8125, 126.375, 79.1875, 88.3125, 94.375, 69.0625, 83.875, 85.25, 98.4375, 100.5625, 99.1875, 114.75, 90.0625, 67.25, 112.4375, 124.8125, 44.21875, 18.4375, 94.375, 19.421875, 76.3125, 77.125, 46.09375, 87.25, 102.125, 149.0, 86.8125, 107.4375, 33.0, 96.875, 30.484375, 90.6875, 103.5625, 73.0, 81.3125, 61.28125, 24.59375, 96.8125, 69.75, 110.0, 75.0, 97.625, 97.125, 52.9375, 14.3203125, 103.5625, 77.875, 133.375, 87.3125, 16.765625, 103.5, 107.0, 97.1875, 86.0625, 89.9375, 91.0625, 116.75, 124.1875, 49.65625, 43.0, 104.625, 54.5625, 80.8125, 107.5, 106.0625, 102.1875, 52.40625, 88.125, 33.0, 69.5625, 110.4375, 67.1875, 80.4375, 38.84375, 97.9375, 123.6875, 76.9375, 72.0625, 80.9375, 78.5625, 129.875, 99.4375, 111.4375, 49.96875, 94.875, 72.9375, 55.0625, 115.6875, 19.421875, 121.125, 80.125, 65.125, 115.625, 86.8125, 105.3125, 73.0, 65.125, 122.1875, 101.125, 62.8125, 78.4375, 91.0625, 70.25, 95.6875, 79.375, 98.375, 89.0625, 128.375, 134.125, 88.5625, 38.40625, 106.9375, 88.1875, 33.96875, 79.625, 98.0, 46.03125, 35.46875, 67.4375, 91.6875, 107.25, 107.1875, 70.0625, 89.375, 80.4375, 129.625, 87.3125, 142.125, 57.875, 130.0, 105.5, 13.9296875, 102.5625, 121.5, 99.3125, 114.125, 139.875, 71.1875, 117.375, 145.75, 89.3125, 39.34375, 115.0625, 117.6875, 92.125, 84.125, 77.8125, 146.875, 18.03125, 83.375], [78.5, 148.0, 93.0, 0.0, 211.375, 70.8125, 144.0, 106.25, 84.3125, 91.6875, 130.75, 146.5, 123.75, 166.75, 41.75, 98.625, 160.875, 173.375, 109.6875, 190.375, 21.546875, 82.6875, 103.75, 165.125, 49.65625, 203.0, 215.625, 102.0, 111.375, 182.375, 95.5625, 157.5, 59.03125, 122.4375, 96.0, 31.828125, 56.09375, 126.0, 198.75, 109.8125, 177.0, 104.0625, 135.625, 132.5, 134.5, 158.75, 81.25, 100.125, 61.21875, 158.0, 65.1875, 159.25, 26.625, 54.625, 134.75, 106.25, 132.5, 170.0, 157.375, 142.0, 77.3125, 24.046875, 62.78125, 153.0, 60.03125, 137.75, 153.25, 29.0625, 97.9375, 83.1875, 134.5, 14.0, 117.5625, 173.75, 83.5625, 29.40625, 80.0, 96.25, 14.3203125, 60.0, 140.5, 45.96875, 106.75, 26.25, 73.0625, 100.6875, 134.625, 43.0, 90.8125, 111.4375, 26.078125, 124.9375, 109.0, 99.3125, 92.375, 183.5, 41.0, 86.3125, 146.625, 102.5625, 103.625, 167.5, 154.25, 23.859375, 44.375, 194.125, 157.5, 79.625, 153.0, 74.3125, 30.234375, 165.5, 162.375, 127.5625, 100.875, 163.625, 111.0625, 59.65625, 42.96875, 41.78125, 46.84375, 109.5, 195.125, 103.0, 92.625, 118.625, 154.375, 51.875, 127.625, 159.0, 23.34375, 44.59375, 111.3125, 162.875, 123.8125, 173.375, 43.40625, 99.625, 157.125, 85.0, 37.0, 71.5625, 90.375, 23.59375, 133.375, 140.75, 22.828125, 141.5, 90.9375, 37.6875, 53.03125, 182.25, 129.375, 65.625, 132.75, 185.0, 149.75, 28.078125, 54.5, 107.5625, 176.125], [132.875, 168.0, 120.625, 211.375, 0.0, 141.625, 144.125, 189.875, 170.5, 140.375, 105.0625, 130.0, 184.75, 46.65625, 194.75, 197.375, 70.5625, 38.40625, 179.75, 24.046875, 221.0, 183.25, 186.375, 69.25, 173.25, 8.6015625, 4.2421875, 117.125, 102.625, 32.3125, 116.0, 62.625, 176.0, 119.125, 159.75, 212.75, 267.25, 168.625, 13.4140625, 103.25, 54.0, 126.3125, 164.5, 186.125, 139.75, 67.6875, 170.75, 111.9375, 213.875, 86.0625, 206.625, 57.28125, 218.25, 197.75, 108.0625, 110.125, 186.125, 43.40625, 159.125, 152.125, 134.625, 224.0, 204.5, 154.125, 183.75, 117.25, 143.125, 231.375, 203.375, 158.875, 77.625, 221.5, 135.875, 48.65625, 192.375, 218.0, 188.5, 153.125, 203.875, 152.375, 86.3125, 216.625, 129.25, 201.0, 141.625, 167.875, 170.0, 184.0, 149.0, 173.25, 192.25, 188.75, 197.625, 185.625, 153.625, 29.96875, 193.0, 139.25, 191.125, 108.875, 194.875, 46.15625, 84.5, 234.875, 192.25, 20.609375, 97.0, 175.125, 146.0, 191.0, 181.875, 88.125, 77.1875, 106.875, 197.75, 53.84375, 195.0, 186.75, 248.75, 253.125, 192.75, 127.5, 22.09375, 154.625, 122.1875, 165.75, 104.0625, 166.625, 92.125, 72.6875, 212.25, 213.5, 170.0, 53.3125, 174.0, 53.25, 250.0, 188.625, 174.0, 165.5, 248.25, 197.625, 128.5, 216.0, 168.125, 126.5625, 233.5, 187.625, 148.125, 228.625, 264.5, 46.0, 82.125, 212.5, 163.125, 47.25, 136.0, 190.875, 266.0, 111.5, 54.0], [12.0, 128.5, 33.0625, 70.8125, 141.625, 0.0, 94.9375, 107.625, 76.5625, 37.75, 65.1875, 109.125, 98.0625, 96.1875, 56.625, 106.875, 99.9375, 103.3125, 103.875, 121.8125, 84.1875, 67.0625, 84.25, 95.4375, 34.9375, 133.125, 145.875, 33.53125, 48.0625, 111.8125, 26.078125, 86.8125, 44.03125, 77.875, 58.78125, 72.5, 126.0, 110.5625, 129.375, 39.0625, 106.5625, 60.15625, 116.375, 125.1875, 102.4375, 88.5625, 74.125, 29.734375, 95.1875, 102.3125, 77.0, 88.4375, 83.5, 64.375, 85.8125, 47.0, 125.1875, 101.8125, 113.1875, 115.625, 18.390625, 87.3125, 74.0625, 126.1875, 53.03125, 77.625, 121.3125, 89.8125, 92.0, 65.4375, 66.75, 79.875, 83.1875, 108.25, 75.0, 77.1875, 69.625, 73.5625, 62.25, 21.84375, 71.1875, 79.0625, 48.09375, 67.1875, 7.80859375, 69.0, 98.6875, 45.21875, 44.59375, 101.25, 50.59375, 101.1875, 114.375, 80.5, 70.0, 113.125, 66.0, 29.15625, 138.625, 33.625, 89.875, 96.9375, 97.5, 94.625, 54.8125, 123.75, 106.0625, 76.5625, 104.0, 68.25, 43.46875, 111.1875, 93.625, 62.125, 108.6875, 92.8125, 114.25, 56.0, 111.375, 112.4375, 56.28125, 68.125, 124.5625, 61.625, 22.46875, 102.625, 91.0, 40.59375, 66.9375, 98.5, 77.1875, 75.875, 79.3125, 96.1875, 111.75, 109.0, 112.3125, 101.875, 119.25, 73.0, 106.9375, 72.4375, 40.84375, 74.625, 96.6875, 84.375, 93.5, 113.125, 43.9375, 88.1875, 123.4375, 117.25, 60.75, 82.125, 93.625, 120.5625, 114.9375, 49.40625, 125.125, 51.09375, 112.375], [100.375, 215.375, 113.875, 144.0, 144.125, 94.9375, 0.0, 201.875, 170.875, 57.875, 48.3125, 187.125, 45.5, 105.375, 105.25, 201.75, 149.0, 115.25, 197.0, 137.875, 164.0, 68.6875, 57.0, 75.0, 95.0625, 137.0, 147.375, 69.6875, 114.6875, 114.125, 94.5, 86.125, 85.1875, 156.25, 48.375, 123.75, 186.0, 200.625, 138.125, 84.9375, 90.1875, 143.875, 204.5, 216.875, 185.25, 78.4375, 168.625, 89.9375, 187.25, 160.75, 97.1875, 93.5625, 166.375, 97.5, 157.875, 120.9375, 216.875, 126.875, 19.84375, 200.125, 108.9375, 167.0, 96.9375, 209.25, 86.3125, 29.734375, 201.75, 145.75, 75.1875, 159.0, 110.125, 145.125, 167.875, 142.0, 74.25, 130.0, 73.9375, 165.0, 130.25, 116.625, 65.125, 117.9375, 47.5, 153.5, 87.4375, 46.8125, 27.3125, 101.125, 54.59375, 193.625, 118.0, 48.875, 208.875, 59.0625, 162.0, 117.125, 157.125, 66.125, 229.375, 96.875, 64.4375, 105.25, 155.375, 164.875, 102.125, 124.0, 169.75, 171.25, 9.21875, 79.5, 128.75, 169.625, 67.0, 48.875, 203.5, 94.875, 208.5, 87.875, 186.5, 177.875, 100.4375, 151.5, 122.125, 41.125, 80.4375, 193.25, 40.1875, 134.75, 128.75, 148.875, 160.5, 116.0625, 39.96875, 130.0, 202.875, 146.375, 186.625, 196.375, 31.953125, 167.0, 170.25, 86.0, 127.1875, 132.0, 25.9375, 18.6875, 164.625, 43.75, 54.75, 135.75, 185.75, 150.125, 104.125, 102.0, 21.640625, 154.25, 194.125, 116.0, 188.5, 126.5625, 150.5], [101.5625, 48.71875, 91.75, 106.25, 189.875, 107.625, 201.875, 0.0, 31.0625, 145.375, 164.125, 69.6875, 203.25, 160.125, 134.5, 11.1796875, 120.1875, 160.875, 10.8203125, 165.875, 93.875, 166.25, 186.625, 179.375, 124.0, 183.375, 193.625, 133.875, 100.6875, 172.875, 110.375, 163.5, 138.125, 70.8125, 165.125, 135.125, 144.0, 29.40625, 176.875, 124.75, 183.125, 68.0625, 39.4375, 27.015625, 55.8125, 170.125, 33.59375, 116.0625, 53.25, 107.0, 162.0, 160.125, 86.6875, 148.375, 82.25, 91.8125, 27.015625, 148.25, 220.5, 52.0, 93.0, 94.5, 158.875, 60.03125, 145.0, 180.75, 66.25, 134.625, 189.0, 42.96875, 123.0, 119.625, 54.125, 141.5, 171.75, 134.625, 166.625, 40.3125, 114.125, 87.0, 160.875, 148.875, 154.375, 80.0, 115.375, 174.5, 206.0, 127.1875, 151.875, 17.5, 115.25, 206.0, 8.0, 182.5, 41.96875, 172.125, 65.5625, 136.75, 40.59375, 111.125, 190.375, 161.125, 107.0, 114.75, 135.375, 181.0, 98.875, 31.828125, 210.75, 162.75, 91.0, 109.1875, 181.5, 161.625, 10.0, 164.0, 6.70703125, 146.625, 110.375, 129.0, 138.125, 64.125, 183.75, 168.75, 122.125, 27.015625, 189.75, 72.125, 101.25, 117.9375, 85.6875, 146.625, 185.375, 137.5, 24.1875, 137.625, 112.375, 6.70703125, 226.875, 34.875, 130.375, 163.625, 77.875, 128.875, 204.0, 189.25, 112.75, 219.5, 151.25, 143.875, 139.0, 146.125, 123.25, 164.625, 201.125, 146.5, 67.875, 116.3125, 138.125, 87.375, 137.875], [70.6875, 63.78125, 62.65625, 84.3125, 170.5, 76.5625, 170.875, 31.0625, 0.0, 114.25, 134.25, 67.125, 172.625, 136.125, 106.875, 31.78125, 103.75, 138.25, 28.59375, 146.5, 77.125, 136.375, 156.375, 152.125, 94.375, 163.25, 174.375, 103.4375, 74.1875, 149.875, 80.5, 137.125, 108.4375, 54.21875, 134.125, 110.1875, 130.25, 41.96875, 157.125, 95.5, 157.375, 44.28125, 51.34375, 51.625, 53.5, 143.0, 3.162109375, 86.375, 47.5, 93.75, 134.125, 134.5, 70.625, 120.375, 67.5, 65.1875, 51.625, 127.5, 189.5, 58.3125, 62.25, 78.625, 131.0, 69.125, 115.6875, 150.25, 70.625, 113.375, 159.625, 13.0390625, 98.3125, 98.25, 41.21875, 123.4375, 142.25, 110.625, 137.0, 18.4375, 89.5, 56.09375, 132.25, 123.3125, 123.4375, 59.0, 84.3125, 143.75, 175.0, 98.625, 120.8125, 28.234375, 88.375, 175.375, 38.0, 152.25, 17.0, 149.625, 44.03125, 105.6875, 65.875, 82.0625, 160.375, 137.125, 92.1875, 97.875, 107.375, 159.25, 88.4375, 5.83203125, 179.75, 133.5, 63.6875, 98.3125, 153.5, 131.625, 33.25, 138.75, 37.75, 117.625, 99.375, 114.5625, 110.0625, 43.40625, 161.5, 137.75, 91.5625, 34.375, 160.125, 42.4375, 78.75, 101.5625, 67.625, 120.8125, 154.625, 117.1875, 40.5, 120.4375, 101.25, 25.5, 195.875, 5.09765625, 114.125, 134.875, 49.15625, 105.125, 173.0, 158.625, 95.875, 188.625, 120.1875, 120.8125, 125.625, 129.5, 97.4375, 137.375, 170.125, 130.75, 68.625, 89.1875, 125.4375, 61.65625, 121.5625], [45.25, 163.875, 62.96875, 91.6875, 140.375, 37.75, 57.875, 145.375, 114.25, 0.0, 41.40625, 140.5, 63.53125, 94.0, 59.625, 144.5, 117.25, 103.25, 141.375, 125.25, 109.875, 43.9375, 53.9375, 79.875, 42.375, 132.0, 144.5, 26.015625, 70.5, 108.25, 45.6875, 78.5625, 38.40625, 108.8125, 25.0, 79.3125, 140.875, 147.125, 130.0, 45.03125, 94.375, 93.25, 152.25, 162.375, 135.875, 76.1875, 111.8125, 43.6875, 129.625, 124.3125, 66.375, 83.1875, 111.25, 58.78125, 113.875, 73.8125, 162.375, 107.6875, 75.5625, 150.0, 53.75, 113.0, 64.375, 160.125, 44.59375, 46.09375, 154.0, 100.875, 67.0, 103.0, 78.0, 96.0, 117.1875, 118.8125, 53.15625, 85.4375, 48.75, 110.4375, 79.0625, 59.03125, 56.21875, 79.1875, 15.234375, 97.0625, 30.015625, 35.75, 61.53125, 51.4375, 10.046875, 138.5, 66.125, 67.0625, 152.125, 51.34375, 107.0625, 110.4375, 99.625, 8.6015625, 175.5, 51.25, 61.40625, 94.4375, 119.0625, 114.5, 56.625, 120.375, 130.75, 114.25, 67.0625, 50.6875, 72.0625, 133.5, 75.1875, 38.40625, 146.375, 86.8125, 152.0, 47.5, 134.625, 130.0, 56.21875, 101.25, 120.0625, 25.234375, 30.078125, 139.375, 62.96875, 76.875, 88.5, 116.4375, 105.125, 76.4375, 44.28125, 105.8125, 148.625, 121.3125, 135.125, 139.625, 81.625, 110.6875, 123.0625, 57.28125, 74.625, 85.5, 59.40625, 50.0, 113.875, 77.0, 9.0546875, 94.1875, 139.5, 128.0, 71.0, 72.1875, 56.09375, 131.875, 147.0, 64.1875, 141.875, 79.1875, 125.25], [65.375, 171.25, 72.625, 130.75, 105.0625, 65.1875, 48.3125, 164.125, 134.25, 41.40625, 0.0, 140.75, 81.0625, 61.21875, 101.0, 166.0, 100.75, 71.1875, 157.875, 94.1875, 147.25, 79.9375, 81.3125, 39.40625, 82.75, 97.0, 108.8125, 32.0, 69.1875, 73.0, 53.75, 42.75, 79.8125, 110.875, 55.46875, 120.6875, 181.875, 158.5, 96.5, 40.3125, 54.71875, 100.875, 161.125, 175.75, 140.25, 37.6875, 132.5, 48.09375, 160.0, 112.5, 105.875, 49.25, 147.5, 99.75, 111.0625, 76.5625, 175.75, 80.5, 67.75, 155.375, 73.0, 150.375, 104.25, 163.875, 85.625, 19.203125, 155.625, 142.0, 98.4375, 121.4375, 61.90625, 136.375, 124.0, 94.9375, 88.6875, 126.75, 85.4375, 125.0, 119.0, 86.0, 19.109375, 120.4375, 26.875, 131.875, 59.84375, 62.96875, 68.875, 92.4375, 47.4375, 153.5, 106.0, 85.0625, 171.75, 80.625, 122.5625, 75.6875, 131.125, 44.71875, 187.25, 53.65625, 89.875, 61.28125, 107.1875, 154.125, 98.0, 84.5, 121.75, 135.875, 54.65625, 88.8125, 107.25, 121.3125, 33.9375, 3.162109375, 167.5, 51.78125, 170.75, 88.4375, 173.25, 170.375, 97.625, 107.9375, 83.5, 49.78125, 44.09375, 151.625, 26.171875, 105.0, 81.4375, 100.625, 141.25, 117.6875, 65.125, 82.4375, 161.5, 98.9375, 174.0, 159.375, 80.125, 129.75, 163.75, 95.8125, 86.5625, 126.5625, 66.75, 30.234375, 153.375, 87.125, 46.6875, 135.625, 180.25, 103.4375, 56.03125, 111.6875, 61.8125, 107.5, 147.875, 104.1875, 182.5, 82.125, 103.0625], [97.875, 38.0625, 77.8125, 146.5, 130.0, 109.125, 187.125, 69.6875, 67.125, 140.5, 140.75, 0.0, 204.125, 112.25, 158.125, 80.0, 60.3125, 109.375, 58.90625, 107.0625, 143.0, 176.125, 192.5, 140.5, 139.875, 125.0625, 133.125, 119.0625, 72.5, 121.0625, 95.1875, 122.5625, 151.875, 31.765625, 165.0, 167.0, 196.5, 42.0625, 118.0625, 102.1875, 138.75, 49.03125, 35.4375, 57.5625, 14.2109375, 131.125, 69.4375, 98.5, 113.5625, 44.0, 183.125, 116.75, 136.875, 169.5, 30.0, 67.125, 57.5625, 93.75, 207.0, 22.203125, 90.75, 144.875, 180.0, 25.296875, 160.5, 159.75, 15.265625, 175.0, 201.125, 63.78125, 82.375, 160.375, 29.0625, 82.125, 184.0, 169.0, 178.625, 50.96875, 148.125, 98.125, 129.75, 178.375, 142.875, 123.4375, 115.875, 175.75, 200.25, 147.625, 149.875, 52.40625, 143.125, 207.625, 76.0, 189.125, 54.5625, 119.4375, 109.1875, 132.875, 61.125, 91.0, 198.75, 113.1875, 46.375, 163.25, 157.5, 126.125, 33.125, 72.9375, 194.625, 176.875, 120.0625, 42.75, 145.25, 139.25, 79.375, 119.625, 72.6875, 163.25, 166.375, 180.625, 159.75, 41.21875, 129.375, 165.75, 110.8125, 42.625, 162.25, 96.0625, 59.8125, 58.40625, 133.25, 175.375, 184.875, 83.0, 47.875, 77.0, 168.25, 71.4375, 217.25, 64.25, 179.5, 180.5, 68.3125, 164.125, 198.0, 170.5, 161.25, 217.0, 149.0, 180.125, 192.0, 84.125, 86.375, 187.625, 193.875, 83.375, 7.2109375, 143.125, 192.0, 61.59375, 76.0], [107.625, 226.375, 126.375, 123.75, 184.75, 98.0625, 45.5, 203.25, 172.625, 63.53125, 81.0625, 204.125, 0.0, 142.25, 82.0, 200.625, 177.125, 152.25, 200.875, 175.25, 145.25, 41.125, 20.21875, 115.9375, 81.625, 177.125, 188.25, 87.0, 133.5, 153.25, 109.125, 123.5, 68.0, 172.25, 39.40625, 96.75, 155.25, 208.625, 177.125, 105.9375, 131.75, 156.5, 214.5, 222.875, 199.125, 117.25, 169.875, 106.625, 177.125, 186.0, 64.0, 130.25, 149.25, 70.0625, 177.25, 137.25, 222.875, 161.125, 44.40625, 213.0, 115.8125, 147.75, 65.0, 223.25, 64.25, 67.6875, 217.5, 117.125, 33.84375, 162.625, 137.125, 120.6875, 180.25, 174.75, 41.1875, 102.5, 43.9375, 171.625, 109.5, 116.6875, 100.125, 87.0, 64.0, 140.0, 90.4375, 29.0625, 19.109375, 82.875, 54.375, 198.75, 99.75, 4.0, 209.375, 24.515625, 167.875, 156.125, 147.875, 71.375, 236.5, 114.25, 23.53125, 142.25, 180.625, 140.625, 79.375, 164.25, 193.25, 171.5, 49.53125, 49.8125, 117.8125, 195.25, 108.4375, 80.0, 202.75, 132.5, 209.75, 64.1875, 162.875, 150.125, 76.9375, 164.5, 162.75, 38.46875, 93.5, 200.625, 83.1875, 131.5, 150.875, 176.625, 144.25, 86.0625, 19.234375, 161.875, 209.625, 178.25, 162.625, 197.125, 36.875, 169.75, 142.125, 54.15625, 137.625, 106.0625, 19.84375, 59.46875, 140.875, 17.71875, 55.21875, 105.0, 156.0, 183.5, 130.25, 67.25, 23.859375, 187.625, 210.5, 97.875, 159.0, 142.625, 182.375], [88.4375, 149.25, 79.1875, 166.75, 46.65625, 96.1875, 105.375, 160.125, 136.125, 94.0, 61.21875, 112.25, 142.25, 0.0, 148.25, 165.875, 55.46875, 10.0, 151.0, 33.0, 177.75, 137.25, 141.75, 34.125, 126.8125, 38.09375, 50.78125, 70.5, 62.9375, 15.6171875, 71.1875, 19.234375, 129.375, 91.4375, 114.3125, 166.5, 222.25, 144.0, 36.0625, 57.28125, 26.921875, 92.5625, 142.625, 162.25, 117.875, 27.515625, 135.75, 66.625, 175.625, 71.6875, 160.125, 12.0, 175.625, 151.125, 84.1875, 71.5625, 162.25, 23.59375, 122.75, 132.5, 91.25, 180.875, 157.875, 137.625, 137.0, 76.3125, 127.25, 185.5, 158.125, 123.5625, 37.84375, 176.125, 108.3125, 40.0, 146.5, 171.875, 142.5, 120.625, 158.375, 109.0, 42.09375, 170.0, 83.5, 158.5, 95.5625, 123.0, 129.125, 137.625, 102.875, 145.0, 146.375, 146.25, 168.125, 140.75, 120.0625, 17.03125, 152.0, 92.6875, 170.25, 64.625, 150.25, 1.0, 67.5625, 190.375, 145.625, 27.59375, 83.25, 140.0, 109.125, 144.75, 137.75, 78.25, 41.59375, 62.5, 166.625, 10.7734375, 166.0, 140.125, 205.5, 208.5, 146.125, 96.0625, 28.421875, 109.6875, 75.9375, 139.375, 67.375, 124.8125, 59.0, 56.59375, 169.5, 167.0, 126.125, 31.40625, 148.625, 45.46875, 206.75, 157.5, 136.875, 131.0, 203.125, 151.25, 89.5, 170.0, 127.125, 86.8125, 189.125, 147.25, 101.9375, 182.25, 219.625, 46.53125, 39.9375, 165.875, 122.125, 50.53125, 119.25, 145.0, 221.125, 74.5, 49.21875], [68.125, 168.875, 88.3125, 41.75, 194.75, 56.625, 105.25, 134.5, 106.875, 59.625, 101.0, 158.125, 82.0, 148.25, 0.0, 129.25, 156.5, 156.375, 135.125, 176.5, 63.25, 41.0, 61.96875, 139.0, 21.9375, 186.125, 198.875, 78.125, 104.5625, 163.375, 82.0625, 135.25, 21.46875, 129.0, 56.875, 19.71875, 82.0625, 148.0, 183.125, 91.9375, 152.75, 110.125, 156.25, 158.375, 148.625, 134.375, 103.75, 84.5, 98.4375, 158.0, 27.453125, 138.625, 67.625, 14.140625, 139.125, 102.5625, 158.375, 157.0, 117.0, 159.375, 71.6875, 65.8125, 24.40625, 170.5, 19.03125, 103.8125, 168.125, 41.625, 57.4375, 100.875, 122.625, 40.0625, 129.75, 164.5, 42.0625, 25.9375, 38.28125, 112.9375, 27.515625, 60.125, 114.625, 22.46875, 74.625, 60.59375, 54.125, 60.0, 93.4375, 11.3984375, 55.46875, 135.125, 19.796875, 83.1875, 139.0, 57.5625, 108.8125, 165.25, 71.4375, 57.3125, 172.625, 89.6875, 62.15625, 148.75, 153.375, 60.0, 3.162109375, 175.625, 160.625, 103.8125, 113.875, 32.6875, 43.5625, 166.625, 134.625, 98.0, 131.375, 142.75, 140.375, 18.109375, 82.0625, 72.75, 5.09765625, 117.375, 175.875, 64.3125, 72.6875, 140.0, 121.625, 65.1875, 123.25, 155.0, 63.0625, 19.3125, 70.1875, 152.25, 147.25, 165.5, 82.0, 127.875, 115.875, 105.6875, 65.25, 30.8125, 92.0, 26.921875, 92.25, 104.6875, 60.0, 99.75, 55.90625, 34.71875, 81.25, 173.625, 116.3125, 30.46875, 92.0, 177.0, 162.875, 18.4375, 83.8125, 105.9375, 168.875], [101.9375, 59.8125, 94.375, 98.625, 197.375, 106.875, 201.75, 11.1796875, 31.78125, 144.5, 166.0, 80.0, 200.625, 165.875, 129.25, 0.0, 128.375, 167.25, 21.265625, 173.375, 84.9375, 162.75, 183.5, 183.375, 120.25, 190.625, 201.125, 135.0, 105.0, 179.0, 112.3125, 168.0, 134.375, 78.4375, 163.125, 128.375, 134.0, 40.5, 184.25, 127.3125, 188.0, 73.3125, 50.59375, 37.21875, 65.9375, 174.25, 33.53125, 118.125, 43.0, 115.8125, 156.625, 165.125, 77.6875, 143.25, 90.5, 96.0, 37.21875, 155.25, 220.125, 63.0, 93.625, 85.3125, 153.625, 71.1875, 140.75, 181.875, 77.1875, 126.5, 184.75, 44.71875, 128.375, 111.6875, 62.25, 149.25, 167.625, 127.5, 162.625, 45.28125, 107.4375, 85.5625, 163.875, 142.375, 154.375, 72.5, 114.5, 172.25, 204.375, 122.5625, 150.375, 27.59375, 109.625, 203.25, 10.4375, 179.125, 46.0, 178.5, 58.65625, 136.0, 50.03125, 113.75, 186.75, 166.875, 115.4375, 105.5625, 130.25, 187.625, 108.25, 30.46875, 210.75, 158.5, 85.9375, 118.5, 185.125, 163.375, 2.236328125, 169.125, 13.0390625, 142.25, 100.0625, 119.1875, 133.0, 70.375, 190.25, 167.25, 123.0625, 37.46875, 191.875, 69.1875, 107.375, 126.0625, 77.1875, 140.25, 183.25, 144.5, 35.34375, 145.625, 102.0625, 8.9453125, 225.75, 36.5, 120.9375, 158.875, 80.75, 121.6875, 202.5, 190.0, 103.5625, 217.25, 149.875, 136.25, 129.0, 154.375, 128.0, 158.875, 199.75, 155.0, 78.5625, 110.8125, 128.0, 92.0, 146.125], [88.3125, 98.3125, 69.0625, 160.875, 70.5625, 99.9375, 149.0, 120.1875, 103.75, 117.25, 100.75, 60.3125, 177.125, 55.46875, 156.5, 128.375, 0.0, 50.5625, 109.75, 47.03125, 165.375, 160.0, 171.0, 87.75, 134.875, 65.0, 74.0, 91.4375, 51.9375, 61.6875, 75.6875, 70.0, 142.75, 50.09375, 141.75, 171.125, 216.375, 98.0, 58.0625, 72.25, 82.375, 61.625, 94.0625, 115.5, 69.1875, 79.1875, 104.5625, 75.125, 149.75, 16.765625, 175.875, 62.96875, 161.25, 164.0, 37.9375, 55.03125, 115.5, 34.1875, 168.125, 82.0625, 85.8125, 168.0, 173.125, 85.1875, 151.625, 119.4375, 74.3125, 185.625, 184.125, 93.625, 40.03125, 173.125, 66.125, 22.015625, 169.0, 175.125, 164.125, 85.5625, 157.0, 101.5, 84.75, 178.875, 113.1875, 144.625, 103.5625, 152.25, 168.25, 145.125, 127.3125, 103.1875, 147.625, 181.0, 127.75, 168.625, 86.8125, 59.78125, 133.75, 112.0, 121.0, 68.375, 178.625, 56.3125, 14.0, 182.5, 154.75, 65.9375, 28.453125, 109.0, 154.75, 164.375, 130.75, 22.796875, 94.0625, 100.4375, 128.5, 64.6875, 125.0, 154.75, 192.5, 201.125, 156.25, 60.46875, 69.25, 139.75, 89.0625, 95.3125, 116.25, 110.4375, 33.625, 2.236328125, 155.875, 175.625, 158.625, 24.1875, 103.4375, 17.46875, 194.0, 119.375, 180.875, 99.0, 197.625, 169.75, 70.75, 171.625, 166.0, 130.625, 180.875, 186.25, 126.3125, 186.5, 212.75, 26.0, 46.875, 181.375, 161.25, 26.921875, 66.75, 146.875, 213.625, 53.34375, 17.890625], [94.875, 146.875, 83.875, 173.375, 38.40625, 103.3125, 115.25, 160.875, 138.25, 103.25, 71.1875, 109.375, 152.25, 10.0, 156.375, 167.25, 50.5625, 0.0, 151.375, 23.015625, 183.625, 146.75, 151.625, 42.96875, 134.875, 29.828125, 42.625, 79.1875, 66.625, 12.0, 77.8125, 29.15625, 137.875, 91.0, 123.9375, 174.375, 229.125, 143.125, 26.828125, 64.8125, 33.25, 94.125, 141.0, 161.25, 116.125, 37.09375, 138.0, 73.5625, 179.25, 67.25, 169.125, 22.0, 181.125, 159.75, 82.5, 74.875, 161.25, 16.640625, 132.5, 130.25, 97.0, 186.625, 166.875, 134.625, 145.875, 86.3125, 124.0625, 193.0, 167.875, 125.9375, 41.15625, 183.125, 108.0, 32.5625, 155.875, 179.625, 151.875, 122.0, 165.5, 114.8125, 52.09375, 178.375, 93.125, 163.875, 103.25, 132.75, 139.125, 145.625, 112.25, 145.25, 153.75, 156.25, 168.875, 150.5, 121.8125, 11.3984375, 156.75, 101.5, 168.625, 70.8125, 160.0, 10.046875, 63.5625, 196.875, 154.0, 21.46875, 78.9375, 142.5, 118.875, 154.0, 144.0, 72.9375, 50.6875, 72.4375, 167.875, 20.390625, 166.625, 149.0, 211.375, 215.125, 154.5, 96.875, 23.40625, 119.4375, 83.8125, 139.0, 76.9375, 129.875, 59.84375, 52.0, 175.125, 175.375, 136.125, 26.578125, 148.0, 38.28125, 212.625, 158.625, 146.75, 133.125, 210.0, 160.5, 93.125, 177.625, 137.125, 96.75, 195.625, 157.25, 111.3125, 190.25, 226.375, 38.0, 44.65625, 174.875, 132.125, 41.875, 116.1875, 152.5, 227.875, 77.1875, 41.71875], [96.8125, 40.59375, 85.25, 109.6875, 179.75, 103.875, 197.0, 10.8203125, 28.59375, 141.375, 157.875, 58.90625, 200.875, 151.0, 135.125, 21.265625, 109.75, 151.375, 0.0, 155.75, 99.0625, 164.875, 184.875, 171.25, 123.0, 173.375, 183.375, 128.375, 92.75, 163.375, 104.25, 155.0, 137.0, 60.8125, 162.125, 137.25, 150.5, 19.703125, 166.75, 118.0, 174.5, 59.6875, 30.078125, 23.265625, 45.0, 162.0, 31.625, 109.75, 60.625, 96.375, 162.5, 151.375, 92.0, 148.75, 71.8125, 83.9375, 23.265625, 138.5, 216.125, 41.875, 88.1875, 100.0, 159.375, 50.5625, 144.25, 174.875, 56.03125, 138.5, 188.25, 38.40625, 114.1875, 123.375, 43.9375, 131.25, 170.75, 137.25, 165.625, 32.90625, 116.375, 84.125, 153.625, 150.75, 149.625, 83.5625, 111.6875, 171.875, 202.625, 127.125, 148.375, 6.70703125, 116.3125, 203.625, 18.03125, 180.75, 35.34375, 162.625, 68.6875, 132.75, 37.5625, 104.375, 189.0, 152.0, 96.4375, 120.0625, 135.75, 171.25, 88.125, 31.3125, 205.75, 162.0, 91.6875, 98.4375, 173.75, 155.5, 20.515625, 155.25, 15.296875, 146.125, 117.375, 135.125, 138.375, 55.03125, 174.0, 165.375, 116.875, 16.28125, 183.125, 71.0, 92.0, 107.5625, 90.375, 148.375, 182.625, 127.5625, 15.296875, 127.1875, 119.375, 13.4140625, 223.0, 31.109375, 136.0, 163.375, 71.3125, 131.625, 200.5, 183.875, 118.0625, 216.625, 147.75, 147.0, 145.625, 135.625, 114.875, 165.5, 197.375, 136.0, 57.3125, 117.1875, 144.875, 79.25, 127.4375], [112.3125, 145.125, 98.4375, 190.375, 24.046875, 121.8125, 137.875, 165.875, 146.5, 125.25, 94.1875, 107.0625, 175.25, 33.0, 176.5, 173.375, 47.03125, 23.015625, 155.75, 0.0, 199.0, 169.0, 174.375, 64.3125, 154.75, 18.0, 27.859375, 100.4375, 80.125, 25.5, 95.8125, 52.03125, 158.75, 95.0625, 146.5, 193.875, 246.5, 144.875, 11.046875, 84.625, 51.90625, 102.4375, 141.125, 162.5, 116.1875, 59.53125, 146.875, 92.375, 190.25, 63.0625, 190.5, 45.0, 195.875, 180.75, 84.1875, 87.1875, 162.5, 20.515625, 154.75, 129.0, 113.1875, 201.875, 188.125, 131.5, 166.875, 109.1875, 120.625, 211.625, 190.5, 135.125, 55.90625, 201.0, 111.8125, 25.015625, 178.125, 198.875, 174.0, 129.125, 183.625, 130.875, 75.125, 198.75, 115.75, 178.75, 122.625, 155.5, 162.125, 165.5, 134.5, 149.25, 172.375, 179.25, 173.625, 173.125, 129.625, 22.359375, 170.25, 122.9375, 168.0, 88.4375, 182.875, 33.0, 61.03125, 213.625, 174.125, 22.203125, 74.3125, 151.25, 141.25, 175.875, 160.5, 66.125, 72.25, 95.4375, 173.75, 43.09375, 171.0, 170.125, 226.75, 232.0, 175.0, 103.4375, 25.8125, 142.25, 103.8125, 141.875, 99.0625, 144.125, 68.5, 49.09375, 190.0, 195.625, 159.0, 29.53125, 150.25, 30.0625, 228.0, 164.5, 169.125, 141.5, 227.375, 182.25, 105.4375, 196.5, 160.0, 119.5, 212.125, 180.125, 133.5, 209.75, 243.5, 24.359375, 61.21875, 196.25, 155.0, 26.828125, 113.3125, 171.25, 244.75, 88.1875, 31.578125], [89.6875, 139.0, 100.5625, 21.546875, 221.0, 84.1875, 164.0, 93.875, 77.125, 109.875, 147.25, 143.0, 145.25, 177.75, 63.25, 84.9375, 165.375, 183.625, 99.0625, 199.0, 0.0, 104.125, 125.25, 179.625, 69.0, 212.75, 225.25, 117.0625, 118.875, 193.375, 106.875, 170.5, 79.625, 122.5625, 116.4375, 52.4375, 53.4375, 117.0625, 207.875, 122.1875, 190.5, 105.5, 127.1875, 120.8125, 130.0, 172.625, 74.3125, 112.0, 43.875, 160.375, 86.4375, 171.375, 7.28125, 76.1875, 135.625, 112.4375, 120.8125, 178.5, 178.0, 135.375, 86.625, 3.162109375, 84.125, 146.0, 81.25, 155.875, 147.625, 43.03125, 119.4375, 79.375, 143.375, 29.734375, 114.8125, 180.375, 105.125, 48.90625, 101.5, 92.0625, 35.75, 68.8125, 155.25, 66.25, 124.625, 20.8125, 87.9375, 121.625, 155.75, 63.625, 110.0625, 102.0, 46.375, 146.375, 95.3125, 120.8125, 88.5625, 194.25, 33.84375, 103.75, 134.5, 113.1875, 125.1875, 178.625, 157.25, 21.0, 65.8125, 204.875, 158.375, 71.6875, 173.125, 95.875, 40.71875, 167.125, 177.5, 144.125, 87.125, 175.75, 97.875, 81.0625, 27.796875, 37.65625, 68.3125, 109.5625, 206.125, 123.1875, 106.625, 110.3125, 171.875, 55.21875, 133.25, 163.375, 9.8515625, 65.1875, 132.375, 170.375, 114.0, 179.25, 29.0625, 87.5625, 178.25, 79.0625, 37.125, 93.125, 95.0, 43.40625, 154.375, 159.625, 19.0, 162.875, 110.125, 54.8125, 49.03125, 188.375, 139.0, 86.5625, 153.625, 190.75, 145.25, 48.375, 49.25, 112.6875, 181.625], [78.4375, 194.0, 99.1875, 82.6875, 183.25, 67.0625, 68.6875, 166.25, 136.375, 43.9375, 79.9375, 176.125, 41.125, 137.25, 41.0, 162.75, 160.0, 146.75, 164.875, 169.0, 104.125, 0.0, 21.46875, 119.25, 42.4375, 174.875, 187.25, 69.75, 110.75, 151.0, 85.5, 120.8125, 28.3125, 144.875, 24.84375, 57.0, 118.0625, 174.75, 173.375, 88.25, 134.625, 127.25, 181.625, 187.625, 169.25, 117.25, 133.375, 85.0625, 136.75, 165.625, 28.65625, 126.0625, 108.1875, 30.015625, 152.125, 112.1875, 187.625, 151.625, 77.625, 182.0, 85.4375, 106.75, 28.234375, 192.75, 23.265625, 75.6875, 188.25, 78.4375, 25.0, 127.625, 121.4375, 80.3125, 150.0, 162.625, 9.21875, 63.0625, 5.65625, 137.875, 68.4375, 81.8125, 97.5, 49.46875, 54.125, 99.3125, 60.4375, 21.9375, 53.0, 42.0625, 34.46875, 163.625, 58.6875, 42.53125, 171.875, 17.0, 134.0, 153.375, 107.875, 48.03125, 201.625, 92.1875, 24.078125, 137.625, 160.5, 100.3125, 38.3125, 163.0, 171.0, 134.5, 76.5625, 10.7734375, 78.0, 174.875, 113.25, 77.5, 164.75, 129.5, 172.625, 23.09375, 122.5625, 111.25, 35.90625, 135.25, 162.375, 31.828125, 71.0, 166.75, 94.0625, 94.1875, 129.5, 159.0, 103.25, 47.84375, 30.265625, 149.625, 175.125, 165.0, 122.4375, 159.875, 75.1875, 134.0, 103.3125, 17.5, 107.9375, 66.0, 52.03125, 73.0, 100.5, 58.8125, 35.4375, 67.4375, 118.25, 171.875, 114.4375, 33.84375, 52.46875, 175.625, 182.0, 56.875, 121.0625, 116.9375, 168.875], [94.8125, 212.5, 114.75, 103.75, 186.375, 84.25, 57.0, 186.625, 156.375, 53.9375, 81.3125, 192.5, 20.21875, 141.75, 61.96875, 183.5, 171.0, 151.625, 184.875, 174.375, 125.25, 21.46875, 0.0, 119.25, 63.40625, 178.25, 190.125, 79.5, 124.1875, 154.25, 99.0625, 123.9375, 49.40625, 160.875, 29.15625, 76.5, 135.5, 193.75, 177.625, 98.75, 135.0, 144.0, 200.25, 207.25, 186.5, 118.875, 153.5, 97.5, 158.125, 178.25, 44.1875, 130.0, 129.5, 49.8125, 167.0, 126.8125, 207.25, 158.625, 61.34375, 199.875, 102.5, 127.75, 45.0, 210.375, 44.71875, 72.0625, 205.25, 97.0, 18.4375, 147.125, 131.25, 100.4375, 167.375, 171.0, 21.03125, 82.3125, 23.765625, 156.875, 89.5, 101.0625, 100.1875, 67.0, 59.125, 120.75, 76.9375, 19.03125, 35.4375, 63.53125, 43.9375, 183.25, 80.125, 21.1875, 192.375, 4.47265625, 153.0, 156.875, 129.25, 60.4375, 221.125, 105.0, 8.546875, 142.0, 173.0, 120.375, 59.46875, 165.75, 184.625, 154.875, 63.28125, 29.609375, 99.3125, 187.5, 112.3125, 79.5625, 185.5, 132.875, 193.0, 44.375, 142.75, 130.0, 56.90625, 152.0, 164.75, 32.25, 83.6875, 185.75, 89.5625, 114.5625, 142.375, 170.125, 124.625, 66.0, 17.796875, 158.0, 194.5, 174.0, 142.375, 180.375, 56.21875, 153.75, 122.0, 34.0, 124.75, 85.8125, 35.125, 66.375, 120.6875, 37.84375, 44.90625, 85.125, 136.125, 180.125, 124.3125, 47.84375, 37.125, 184.125, 198.625, 78.3125, 139.125, 131.875, 178.0], [91.5, 175.75, 90.0625, 165.125, 69.25, 95.4375, 75.0, 179.375, 152.125, 79.875, 39.40625, 140.5, 115.9375, 34.125, 139.0, 183.375, 87.75, 42.96875, 171.25, 64.3125, 179.625, 119.25, 119.25, 0.0, 119.375, 62.0, 72.5625, 63.125, 78.625, 39.46875, 75.5, 18.03125, 118.125, 115.4375, 94.6875, 158.375, 218.25, 167.5, 63.28125, 59.21875, 15.8125, 111.625, 167.625, 185.625, 143.875, 9.484375, 151.0, 69.625, 185.625, 103.0625, 145.25, 24.765625, 178.875, 138.625, 110.9375, 87.5625, 185.625, 57.6875, 90.8125, 159.0, 97.0625, 182.75, 143.5, 165.5, 124.5, 48.28125, 155.75, 179.25, 136.875, 139.0, 58.875, 172.25, 131.375, 74.0625, 127.9375, 164.25, 124.8125, 139.0, 154.5, 113.3125, 24.703125, 159.125, 66.0625, 162.25, 92.125, 101.5, 100.6875, 129.625, 86.6875, 165.875, 141.75, 119.875, 187.25, 119.0, 137.625, 42.59375, 158.875, 81.6875, 195.125, 71.4375, 127.75, 33.625, 98.4375, 188.875, 136.0, 49.0, 114.1875, 155.0, 77.4375, 128.25, 138.875, 110.4375, 8.0625, 42.0, 184.5, 23.59375, 185.75, 127.375, 206.625, 206.0, 135.875, 116.9375, 47.15625, 88.5625, 73.0, 161.75, 35.125, 131.5, 82.25, 88.5, 172.5, 156.25, 102.1875, 64.4375, 171.5, 79.375, 207.5, 175.75, 105.5, 147.125, 199.75, 135.25, 103.0, 163.625, 98.875, 57.3125, 188.0, 118.3125, 85.9375, 173.625, 216.375, 80.625, 56.75, 151.0, 93.875, 84.625, 147.625, 140.125, 218.375, 92.0625, 83.25], [46.6875, 153.875, 67.25, 49.65625, 173.25, 34.9375, 95.0625, 124.0, 94.375, 42.375, 82.75, 139.875, 81.625, 126.8125, 21.9375, 120.25, 134.875, 134.875, 123.0, 154.75, 69.0, 42.4375, 63.40625, 119.375, 0.0, 164.625, 177.375, 57.28125, 83.0, 142.125, 60.15625, 114.5625, 14.140625, 109.75, 48.0625, 39.6875, 99.125, 133.875, 161.375, 70.1875, 132.625, 91.0625, 141.375, 145.875, 131.375, 114.1875, 91.375, 62.625, 95.75, 137.0, 43.40625, 117.5625, 71.375, 30.015625, 119.0625, 81.5, 145.875, 135.125, 109.6875, 143.0, 51.0, 72.0, 40.3125, 154.0, 21.46875, 88.3125, 150.625, 59.8125, 65.1875, 86.4375, 100.75, 53.71875, 112.0625, 142.625, 47.8125, 45.25, 42.625, 97.5, 36.6875, 42.0625, 94.8125, 44.375, 57.59375, 59.46875, 32.1875, 54.78125, 88.875, 10.8203125, 41.1875, 122.0625, 23.765625, 83.75, 129.375, 59.03125, 93.5, 143.875, 66.25, 38.09375, 160.0, 67.75, 66.4375, 127.4375, 132.25, 72.125, 19.921875, 154.25, 140.125, 92.3125, 104.1875, 39.125, 36.25, 145.625, 115.6875, 79.625, 122.375, 121.75, 130.25, 23.765625, 92.5625, 87.75, 21.375, 98.625, 154.625, 54.4375, 51.03125, 125.8125, 105.3125, 52.0, 101.8125, 133.375, 65.625, 41.21875, 65.9375, 130.25, 133.75, 143.625, 92.9375, 117.5, 111.3125, 92.375, 80.9375, 41.21875, 72.3125, 44.21875, 87.25, 91.0625, 71.5625, 98.875, 41.3125, 55.4375, 97.5, 151.75, 94.375, 48.09375, 85.875, 155.125, 145.0, 21.84375, 99.75, 85.125, 147.0], [124.4375, 163.125, 112.4375, 203.0, 8.6015625, 133.125, 137.0, 183.375, 163.25, 132.0, 97.0, 125.0625, 177.125, 38.09375, 186.125, 190.625, 65.0, 29.828125, 173.375, 18.0, 212.75, 174.875, 178.25, 62.0, 164.625, 0.0, 12.8046875, 108.5625, 94.5625, 24.046875, 107.5, 54.40625, 167.375, 112.5625, 151.5, 204.25, 258.75, 162.75, 7.0703125, 94.625, 47.15625, 119.0625, 159.125, 180.5, 134.125, 59.84375, 163.375, 103.375, 206.125, 81.0625, 198.125, 48.84375, 210.0, 189.125, 101.9375, 102.1875, 180.5, 35.84375, 152.375, 147.0, 126.25, 215.625, 196.0, 149.5, 175.125, 109.6875, 138.5, 222.75, 195.125, 151.5, 69.375, 212.875, 129.375, 43.0, 184.0, 209.5, 180.125, 146.125, 195.375, 144.0, 78.1875, 208.0, 120.875, 192.75, 133.0, 159.75, 162.5, 175.375, 140.625, 166.875, 183.625, 181.0, 191.25, 177.5, 146.5, 21.546875, 185.0, 130.75, 186.0, 100.4375, 186.875, 37.59375, 79.0, 226.375, 183.625, 13.0, 92.25, 167.875, 139.125, 182.625, 173.5, 83.875, 70.0, 98.75, 191.125, 45.53125, 188.625, 178.25, 240.5, 244.75, 184.125, 120.5, 15.296875, 146.5, 113.625, 159.625, 97.0, 158.5, 84.6875, 67.0625, 204.0, 205.0, 162.0, 46.1875, 168.125, 48.03125, 241.75, 181.875, 167.25, 158.25, 239.75, 189.25, 120.5625, 207.375, 160.625, 119.1875, 225.125, 180.25, 139.75, 220.0, 256.0, 41.78125, 73.75, 204.0, 155.625, 43.6875, 131.25, 182.375, 257.5, 103.75, 49.375], [137.125, 171.0, 124.8125, 215.625, 4.2421875, 145.875, 147.375, 193.625, 174.375, 144.5, 108.8125, 133.125, 188.25, 50.78125, 198.875, 201.125, 74.0, 42.625, 183.375, 27.859375, 225.25, 187.25, 190.125, 72.5625, 177.375, 12.8046875, 0.0, 121.25, 106.8125, 36.25, 120.25, 66.5, 180.125, 122.8125, 163.625, 217.0, 271.5, 172.0, 17.5, 107.4375, 57.125, 130.25, 167.75, 189.375, 143.0, 71.3125, 174.625, 116.1875, 217.875, 89.25, 210.75, 61.28125, 222.375, 201.875, 111.625, 114.25, 189.375, 47.5, 162.0, 155.25, 138.875, 228.125, 208.5, 157.0, 187.75, 120.6875, 146.0, 235.625, 207.125, 162.875, 81.8125, 225.75, 139.5, 52.1875, 196.25, 222.25, 192.5, 157.0, 208.125, 156.625, 90.125, 220.75, 133.125, 205.25, 145.875, 171.75, 173.25, 188.25, 153.0, 176.875, 196.375, 192.25, 201.25, 189.375, 157.5, 34.0, 197.25, 143.375, 194.25, 113.125, 198.625, 50.25, 87.8125, 239.125, 196.375, 24.359375, 100.0625, 179.125, 149.0, 195.0, 186.125, 91.0, 80.375, 110.6875, 201.5, 57.78125, 198.625, 190.875, 253.0, 257.5, 196.875, 131.375, 25.5, 158.375, 126.375, 169.25, 107.1875, 170.75, 96.125, 76.125, 216.5, 217.75, 173.625, 57.28125, 177.375, 56.5625, 254.25, 192.375, 177.0, 169.375, 252.5, 201.75, 132.625, 220.25, 171.375, 129.875, 237.75, 190.875, 152.125, 232.75, 268.75, 49.03125, 86.375, 216.5, 166.5, 50.03125, 139.0, 195.125, 270.25, 115.625, 57.125], [33.53125, 145.75, 44.21875, 102.0, 117.125, 33.53125, 69.6875, 133.875, 103.4375, 26.015625, 32.0, 119.0625, 87.0, 70.5, 78.125, 135.0, 91.4375, 79.1875, 128.375, 100.4375, 117.0625, 69.75, 79.5, 63.125, 57.28125, 108.5625, 121.25, 0.0, 47.0, 85.4375, 24.84375, 57.28125, 58.84375, 87.625, 50.34375, 96.875, 155.375, 131.0, 106.0, 19.234375, 75.625, 74.3125, 134.875, 147.625, 116.125, 57.1875, 101.5, 20.609375, 128.0, 99.1875, 90.0625, 60.59375, 116.75, 80.625, 90.9375, 52.0, 147.625, 82.25, 89.25, 130.875, 41.5, 120.1875, 87.75, 140.25, 66.625, 46.8125, 133.25, 116.9375, 93.0625, 91.0, 52.0, 109.3125, 98.3125, 92.9375, 78.9375, 102.5625, 74.3125, 95.875, 91.5, 54.0, 38.46875, 99.625, 23.859375, 100.6875, 29.15625, 60.8125, 81.3125, 67.875, 36.0, 124.5, 78.8125, 90.75, 141.375, 77.1875, 93.0625, 87.375, 99.3125, 22.46875, 159.875, 28.015625, 87.1875, 71.0, 93.875, 125.8125, 75.4375, 97.625, 106.3125, 104.6875, 78.0, 75.6875, 76.5625, 108.4375, 60.53125, 29.0625, 136.625, 64.6875, 140.625, 69.75, 143.75, 142.875, 75.8125, 82.0625, 97.8125, 48.75, 12.1640625, 123.6875, 58.125, 73.0, 63.90625, 90.6875, 110.4375, 96.625, 68.0, 79.875, 133.375, 95.3125, 144.625, 128.875, 98.5, 99.1875, 136.75, 81.9375, 57.6875, 101.3125, 79.0625, 55.46875, 124.8125, 98.4375, 35.0, 112.5625, 153.375, 102.125, 45.0, 95.875, 74.875, 105.9375, 125.8125, 77.1875, 155.375, 57.625, 99.25], [36.40625, 102.0625, 18.4375, 111.375, 102.625, 48.0625, 114.6875, 100.6875, 74.1875, 70.5, 69.1875, 72.5, 133.5, 62.9375, 104.5625, 105.0, 51.9375, 66.625, 92.75, 80.125, 118.875, 110.75, 124.1875, 78.625, 83.0, 94.5625, 106.8125, 47.0, 0.0, 77.625, 25.3125, 63.0, 91.375, 41.78125, 95.5, 119.375, 167.375, 90.5, 89.375, 29.734375, 83.125, 33.25, 92.3125, 108.25, 71.0625, 69.375, 73.4375, 26.921875, 112.75, 55.03125, 124.5625, 60.40625, 115.75, 112.3125, 43.90625, 9.0, 108.25, 59.65625, 134.5, 86.1875, 34.46875, 121.75, 121.6875, 94.875, 100.3125, 87.9375, 87.0625, 134.75, 135.5, 61.28125, 25.5, 122.875, 55.0625, 62.4375, 119.5, 123.5625, 114.375, 60.40625, 106.1875, 51.40625, 61.46875, 126.9375, 70.8125, 98.625, 52.15625, 106.25, 128.25, 93.125, 80.375, 87.5625, 96.1875, 137.25, 108.6875, 121.25, 59.0625, 77.875, 90.4375, 63.78125, 118.9375, 19.3125, 131.25, 63.875, 50.0, 134.125, 102.8125, 88.125, 60.40625, 77.625, 122.3125, 114.0625, 81.1875, 64.125, 81.0, 67.5, 106.0625, 64.625, 107.0625, 103.375, 146.625, 152.625, 104.375, 39.40625, 89.9375, 95.0625, 40.53125, 84.125, 92.6875, 64.0, 19.03125, 50.4375, 109.875, 123.75, 114.375, 51.65625, 94.0, 62.25, 147.875, 97.1875, 144.75, 69.125, 148.375, 119.0, 26.578125, 120.3125, 126.0625, 98.375, 132.5, 145.375, 79.375, 134.875, 164.125, 71.0, 23.34375, 129.875, 121.8125, 73.9375, 79.375, 95.3125, 165.25, 13.6015625, 65.3125], [104.0, 158.625, 94.375, 182.375, 32.3125, 111.8