{"name": "LZB_n160_9", "n": 160, "m": 20, "times": [[0.0, 76.3125, 94.875, 118.0625, 99.3125, 108.4375, 82.625, 96.375, 49.25, 92.1875, 84.0, 89.1875, 102.9375, 107.0625, 53.59375, 36.40625, 95.375, 47.1875, 43.0, 69.4375, 96.8125, 90.0, 90.5, 70.625, 52.1875, 92.625, 51.875, 51.15625, 56.59375, 37.09375, 34.1875, 82.0625, 114.625, 18.03125, 72.75, 44.65625, 80.9375, 111.875, 63.875, 98.9375, 92.4375, 59.375, 97.9375, 45.625, 99.75, 42.0625, 85.0, 116.0, 62.625, 107.0625, 65.1875, 104.0, 101.4375, 83.0, 89.5625, 90.5, 30.609375, 96.4375, 20.09375, 57.4375, 110.0, 86.375, 22.140625, 87.25, 80.0625, 17.5, 101.6875, 105.3125, 118.1875, 48.84375, 100.6875, 93.0625, 82.4375, 87.6875, 97.125, 139.25, 88.25, 31.40625, 102.0625, 113.25, 80.5, 122.0, 98.0625, 69.3125, 67.9375, 78.25, 97.75, 132.25, 42.0625, 69.625, 53.25, 29.0, 47.84375, 97.0, 94.0625, 111.125, 71.5625, 80.125, 99.3125, 44.28125, 95.625, 74.1875, 113.125, 108.25, 87.125, 82.75, 84.5, 28.453125, 80.625, 69.3125, 57.0, 46.6875, 97.4375, 88.0, 96.625, 82.875, 97.5625, 85.4375, 49.5, 100.5625, 124.1875, 92.9375, 100.625, 43.6875, 93.0, 51.09375, 67.375, 73.125, 99.0625, 112.1875, 114.125, 94.125, 110.625, 79.125, 93.4375, 50.0, 61.84375, 65.3125, 67.125, 96.625, 51.0, 53.0, 60.03125, 26.6875, 110.875, 54.125, 99.625, 60.09375, 120.0, 58.25, 110.875, 68.375, 61.59375, 111.8125, 134.5, 33.59375, 65.25, 72.4375, 68.625, 73.5625, 94.5625], [76.3125, 0.0, 27.453125, 56.5, 23.59375, 177.125, 63.875, 138.0, 96.8125, 161.25, 89.625, 119.25, 125.375, 174.875, 116.0, 112.75, 165.375, 65.0, 39.59375, 75.1875, 166.125, 41.75, 18.390625, 69.375, 43.84375, 47.125, 127.4375, 126.125, 23.09375, 80.375, 83.125, 62.46875, 44.78125, 77.8125, 102.5625, 120.3125, 63.03125, 103.6875, 61.59375, 25.3125, 109.4375, 21.375, 130.125, 121.875, 73.8125, 59.21875, 60.21875, 153.875, 138.875, 178.25, 140.0, 179.375, 172.625, 132.875, 147.5, 37.84375, 90.0625, 141.375, 59.15625, 118.125, 160.875, 121.875, 94.375, 87.0625, 56.84375, 75.4375, 63.25, 120.375, 109.1875, 74.4375, 176.25, 168.375, 125.25, 148.625, 164.0, 183.875, 142.625, 46.875, 105.0625, 162.25, 8.0625, 191.5, 167.25, 29.0, 91.5625, 131.0, 74.4375, 178.5, 108.0625, 98.0625, 125.625, 71.0, 86.8125, 93.0, 107.0, 87.625, 62.5, 61.03125, 149.625, 90.25, 166.875, 10.046875, 108.375, 165.5, 162.5, 14.8671875, 10.7734375, 80.0, 65.125, 67.25, 75.75, 32.0, 33.375, 164.375, 51.9375, 28.453125, 40.0, 50.59375, 100.125, 176.875, 127.0625, 88.0, 34.21875, 114.125, 115.4375, 32.0, 74.9375, 87.375, 154.75, 187.875, 163.875, 122.1875, 150.5, 104.6875, 145.0, 126.1875, 86.8125, 132.625, 143.375, 71.8125, 55.90625, 61.75, 76.0625, 84.5, 58.0, 60.9375, 87.8125, 114.875, 107.0625, 100.375, 162.5, 75.5, 63.875, 128.375, 122.25, 91.0, 64.375, 60.3125, 47.5, 145.25, 151.875], [94.875, 27.453125, 0.0, 70.6875, 29.28125, 186.375, 90.5, 164.875, 103.0, 184.125, 117.0, 116.1875, 118.9375, 183.625, 125.1875, 130.625, 188.0, 69.375, 52.625, 102.625, 176.0, 65.1875, 10.0, 96.8125, 49.25, 70.5, 143.25, 146.0, 49.03125, 105.5625, 107.6875, 89.125, 54.0, 100.0625, 129.75, 136.375, 52.40625, 88.6875, 89.0625, 11.1796875, 102.875, 47.9375, 157.5, 139.0, 98.8125, 85.375, 86.375, 181.125, 156.75, 189.0, 160.0, 194.125, 183.625, 135.75, 172.75, 60.53125, 113.5625, 168.125, 75.5, 142.375, 187.25, 149.0, 115.1875, 114.1875, 83.4375, 89.5, 86.4375, 111.8125, 93.25, 78.25, 191.125, 188.0, 151.875, 173.5, 187.625, 210.875, 168.375, 69.25, 93.9375, 188.875, 31.828125, 200.75, 190.125, 56.21875, 90.25, 135.25, 99.8125, 205.375, 119.4375, 125.25, 138.875, 95.375, 92.0, 81.0625, 134.375, 69.0, 56.3125, 50.5625, 151.5, 97.0625, 189.0, 22.5625, 94.0625, 191.125, 182.0, 13.6015625, 17.03125, 103.9375, 91.9375, 62.4375, 102.875, 48.25, 51.25, 181.625, 74.8125, 52.8125, 60.0, 76.0625, 106.8125, 194.5, 113.625, 76.5625, 50.0, 136.0, 142.875, 44.15625, 102.375, 83.5, 180.5, 202.875, 190.375, 149.625, 177.625, 132.0, 147.75, 144.5, 87.0625, 142.875, 160.375, 55.4375, 59.40625, 63.875, 103.3125, 96.25, 76.875, 88.125, 114.0, 140.0, 90.0, 104.125, 188.75, 102.9375, 62.28125, 119.625, 104.125, 114.875, 91.8125, 53.53125, 74.8125, 167.0, 177.375], [118.0625, 56.5, 70.6875, 0.0, 41.4375, 225.625, 54.34375, 142.125, 150.0, 185.0, 83.0, 175.5, 181.875, 223.875, 166.25, 152.125, 190.25, 120.125, 92.5625, 77.25, 214.125, 29.15625, 62.125, 70.375, 99.625, 28.796875, 169.375, 160.625, 64.0625, 104.1875, 108.6875, 53.46875, 18.359375, 111.625, 107.9375, 162.25, 118.5, 158.0, 68.625, 60.21875, 166.0, 61.28125, 129.0, 162.0, 49.03125, 83.0, 48.375, 152.375, 176.875, 225.0, 173.0, 221.0, 219.375, 187.0, 162.625, 27.65625, 118.6875, 147.375, 106.375, 140.25, 168.375, 125.1875, 129.625, 77.125, 50.21875, 123.375, 33.375, 176.75, 163.0, 129.5, 217.5, 201.0, 133.0, 166.125, 185.375, 183.625, 155.5, 87.0625, 160.875, 168.125, 48.5, 239.5, 190.75, 48.78125, 147.625, 184.5, 51.78125, 180.125, 156.625, 104.25, 171.125, 99.875, 140.875, 148.5, 98.5, 139.5, 118.875, 116.5, 203.875, 143.25, 193.0, 66.125, 163.0, 177.875, 195.75, 66.0625, 59.0625, 108.5625, 57.4375, 123.75, 87.0, 84.0625, 23.40625, 202.0, 27.453125, 35.59375, 20.515625, 39.5625, 152.875, 213.25, 182.25, 143.625, 22.359375, 144.625, 111.1875, 86.5625, 78.625, 143.875, 167.0, 228.625, 170.25, 120.0625, 151.125, 106.25, 199.0, 163.75, 142.625, 181.375, 182.625, 125.0625, 111.6875, 117.625, 85.1875, 134.0, 14.3203125, 75.625, 67.6875, 133.5, 160.25, 154.75, 170.5, 78.4375, 120.3125, 184.75, 174.625, 118.125, 69.9375, 116.5625, 54.5625, 173.625, 165.875], [99.3125, 23.59375, 29.28125, 41.4375, 0.0, 200.625, 69.4375, 152.125, 119.75, 181.375, 98.4375, 139.5, 144.25, 198.375, 139.5, 135.625, 185.875, 87.1875, 63.03125, 86.3125, 189.625, 40.46875, 21.09375, 79.6875, 65.8125, 45.28125, 150.75, 148.375, 43.6875, 99.1875, 102.5, 68.125, 25.171875, 99.1875, 116.1875, 143.625, 78.875, 117.1875, 73.5, 18.96875, 128.125, 41.21875, 142.25, 144.875, 74.25, 77.0, 64.375, 166.375, 161.75, 201.875, 162.0, 202.75, 196.25, 155.25, 165.125, 35.46875, 110.5, 156.125, 82.6875, 137.25, 176.375, 135.375, 116.375, 94.4375, 62.65625, 99.0625, 60.3125, 138.0, 122.0625, 96.625, 199.625, 190.375, 140.25, 167.0, 183.5, 197.125, 159.5, 68.9375, 121.1875, 177.25, 18.96875, 215.0, 187.25, 40.4375, 112.3125, 153.625, 75.8125, 192.375, 131.625, 111.8125, 149.25, 90.9375, 109.5, 108.5, 115.8125, 98.1875, 80.625, 76.875, 171.75, 113.25, 187.625, 30.0, 122.4375, 182.625, 184.75, 26.578125, 20.125, 100.125, 71.5625, 86.1875, 90.25, 55.59375, 23.59375, 187.25, 48.84375, 30.875, 32.8125, 53.25, 123.1875, 199.625, 141.75, 103.75, 21.46875, 135.375, 126.0625, 55.15625, 86.6875, 107.0, 171.625, 211.125, 179.125, 133.75, 163.625, 117.0625, 167.375, 148.875, 108.0625, 156.25, 166.375, 84.0625, 77.6875, 83.1875, 89.8125, 108.0625, 48.34375, 75.6875, 91.1875, 133.0, 119.0, 122.8125, 178.25, 87.0, 84.0625, 146.0, 133.25, 111.0, 75.9375, 78.125, 57.5625, 166.25, 169.25], [108.4375, 177.125, 186.375, 225.625, 200.625, 0.0, 189.75, 166.0, 83.75, 112.5625, 184.125, 92.125, 104.125, 4.125, 61.40625, 81.0, 109.75, 117.125, 137.625, 172.75, 11.6640625, 198.25, 186.0, 175.75, 137.25, 201.0, 62.9375, 85.6875, 162.0, 135.75, 130.875, 189.375, 219.875, 119.875, 162.75, 68.6875, 145.375, 145.625, 170.5, 194.25, 110.4375, 164.875, 176.875, 72.125, 206.75, 149.25, 192.75, 183.125, 68.0625, 11.3125, 84.0625, 40.59375, 12.6484375, 60.3125, 138.625, 198.375, 120.875, 162.0, 119.5625, 122.9375, 161.5, 166.375, 104.375, 189.0, 188.0, 102.5625, 210.0, 115.0, 149.25, 108.8125, 41.875, 80.75, 156.625, 131.875, 121.0625, 190.625, 144.125, 138.625, 129.5, 166.5, 183.25, 14.421875, 114.1875, 177.0, 104.0625, 57.0625, 204.375, 183.125, 69.3125, 161.875, 55.5625, 133.25, 94.875, 136.125, 188.25, 161.375, 136.625, 146.125, 54.90625, 89.375, 105.3125, 171.5, 142.25, 149.0, 78.75, 178.0, 182.25, 127.5625, 187.5, 130.375, 159.0, 145.125, 203.875, 60.40625, 205.0, 190.0, 205.125, 193.875, 79.75, 65.0, 137.375, 136.125, 206.5, 102.9375, 181.375, 145.75, 170.625, 113.875, 147.25, 46.0, 165.75, 177.875, 177.125, 169.75, 53.15625, 76.3125, 104.1875, 44.5625, 61.0, 156.25, 127.125, 123.1875, 162.125, 92.6875, 219.25, 160.625, 203.375, 132.375, 154.5, 84.6875, 160.75, 171.5, 127.0, 114.4375, 161.0, 123.375, 171.25, 139.25, 177.0, 98.625, 142.0], [82.625, 63.875, 90.5, 54.34375, 69.4375, 189.75, 0.0, 88.0, 126.4375, 132.875, 29.828125, 161.0, 171.375, 188.75, 136.0, 110.4375, 138.25, 105.3125, 78.0625, 23.40625, 178.125, 30.359375, 80.625, 17.0, 90.5, 27.296875, 128.75, 114.5625, 50.34375, 56.59375, 61.5625, 1.4140625, 63.78125, 70.0, 53.59375, 122.0625, 120.0, 161.0, 19.421875, 84.625, 157.0, 49.25, 75.6875, 120.1875, 17.09375, 40.71875, 6.0, 99.4375, 132.375, 187.0, 125.5, 177.875, 181.5, 163.125, 108.6875, 35.125, 72.1875, 93.0625, 79.625, 88.6875, 114.1875, 71.0, 86.625, 25.078125, 7.0703125, 94.375, 23.703125, 169.625, 167.0, 113.0625, 174.375, 152.25, 78.625, 112.5625, 132.375, 130.75, 101.4375, 58.21875, 158.375, 114.0, 58.6875, 202.75, 138.25, 35.21875, 134.125, 159.125, 15.296875, 126.75, 124.625, 50.0, 134.25, 56.59375, 120.3125, 148.125, 46.8125, 148.5, 115.8125, 118.125, 180.0, 120.0625, 141.375, 72.4375, 164.75, 123.625, 147.375, 78.75, 73.5625, 63.40625, 3.162109375, 118.375, 35.21875, 70.8125, 48.71875, 156.25, 27.015625, 38.84375, 41.0, 16.765625, 128.125, 166.5, 181.625, 143.0, 52.5, 97.0, 58.25, 76.9375, 25.078125, 134.125, 112.8125, 184.625, 116.0, 66.75, 97.625, 52.0, 174.375, 119.875, 128.125, 147.75, 139.0, 132.0, 100.3125, 106.0625, 32.75, 105.75, 41.0, 29.15625, 24.1875, 80.9375, 166.0, 133.75, 116.1875, 24.703125, 112.1875, 177.375, 181.625, 70.6875, 19.109375, 114.5, 18.6875, 123.4375, 111.8125], [96.375, 138.0, 164.875, 142.125, 152.125, 166.0, 88.0, 0.0, 142.75, 65.375, 59.40625, 183.5, 198.125, 167.0, 136.625, 93.125, 70.8125, 142.25, 127.0, 66.5, 156.0, 117.375, 156.375, 73.4375, 140.125, 115.0625, 107.0625, 81.3125, 115.9375, 63.875, 64.375, 89.0, 151.375, 79.375, 35.90625, 104.125, 172.375, 207.375, 78.625, 162.875, 188.625, 117.0, 16.40625, 98.5, 95.375, 80.0625, 94.0, 19.71875, 98.0, 158.5, 82.3125, 137.125, 154.25, 169.5, 32.75, 121.5625, 65.8125, 6.40234375, 111.0, 45.34375, 26.6875, 17.03125, 79.1875, 65.75, 93.125, 113.8125, 109.5625, 201.375, 213.75, 145.125, 133.75, 97.125, 14.140625, 39.8125, 60.21875, 46.0625, 24.59375, 101.25, 198.375, 26.015625, 136.25, 174.75, 68.5, 111.8125, 164.25, 163.5, 92.25, 40.5, 125.375, 40.25, 120.4375, 75.3125, 143.625, 192.5, 46.8125, 203.5, 164.25, 171.0, 183.0, 139.125, 75.6875, 142.75, 209.0, 39.4375, 95.1875, 151.375, 148.75, 70.0, 85.0, 163.375, 62.3125, 124.8125, 135.0, 111.625, 115.0, 122.0, 128.375, 104.125, 141.75, 116.0625, 220.625, 188.125, 138.875, 66.9375, 33.25, 131.75, 65.75, 169.5, 30.484375, 140.25, 28.078125, 24.171875, 14.2109375, 36.0, 176.875, 91.5625, 158.25, 137.875, 105.0625, 187.625, 143.625, 147.125, 62.375, 121.25, 128.375, 77.1875, 78.875, 38.09375, 215.0, 152.25, 28.859375, 65.625, 155.625, 207.5, 230.0, 62.8125, 76.3125, 164.375, 94.75, 69.625, 32.65625], [49.25, 96.8125, 103.0, 150.0, 119.75, 83.75, 126.4375, 142.75, 0.0, 121.75, 132.375, 40.71875, 55.46875, 80.75, 24.328125, 57.0, 122.9375, 33.59375, 57.6875, 117.0625, 73.8125, 125.5625, 103.375, 117.0625, 54.5, 129.5, 57.25, 76.0, 86.3125, 86.375, 83.25, 125.625, 141.25, 67.1875, 121.8125, 53.21875, 63.34375, 76.875, 109.3125, 111.375, 48.28125, 89.0, 146.125, 59.0625, 143.25, 88.0, 127.5, 162.5, 75.0, 87.4375, 87.3125, 98.4375, 82.25, 37.34375, 129.625, 124.375, 78.0, 141.875, 46.875, 99.625, 152.25, 134.5, 63.625, 135.0, 122.375, 33.0625, 141.75, 60.09375, 82.4375, 25.0625, 96.1875, 108.4375, 129.25, 125.875, 128.75, 182.75, 130.375, 68.4375, 63.0625, 156.25, 103.8125, 98.125, 126.75, 103.625, 27.515625, 34.46875, 141.75, 175.375, 25.296875, 118.875, 45.53125, 77.8125, 11.1796875, 63.3125, 143.25, 85.375, 53.84375, 63.78125, 54.4375, 6.70703125, 121.3125, 89.875, 76.0625, 147.125, 102.8125, 95.5, 100.4375, 77.625, 125.0, 48.0625, 105.5, 66.0625, 126.9375, 94.375, 134.125, 114.9375, 130.125, 125.0, 4.125, 107.0625, 81.8125, 61.1875, 129.0, 80.0625, 142.125, 64.8125, 115.0625, 36.875, 139.625, 107.4375, 156.625, 143.0, 156.75, 128.375, 49.25, 68.125, 24.1875, 42.1875, 74.75, 76.25, 43.59375, 39.4375, 108.375, 22.5625, 146.375, 100.0625, 146.125, 104.9375, 86.0625, 9.4375, 152.75, 116.0625, 43.65625, 65.4375, 97.9375, 81.125, 111.1875, 56.3125, 109.6875, 101.5, 134.5], [92.1875, 161.25, 184.125, 185.0, 181.375, 112.5625, 132.875, 65.375, 121.75, 0.0, 111.25, 158.75, 174.375, 114.5625, 105.4375, 65.0, 5.65625, 136.75, 134.5, 109.5625, 104.6875, 156.5, 178.0, 115.875, 144.375, 156.25, 67.875, 45.78125, 138.375, 82.5625, 78.9375, 133.375, 189.0, 84.0625, 83.0, 69.5, 172.0, 197.375, 116.4375, 186.0, 169.875, 140.5, 80.6875, 63.25, 145.625, 104.9375, 138.25, 77.1875, 51.40625, 102.9375, 35.34375, 77.0625, 99.9375, 135.5, 32.65625, 159.5, 71.125, 59.46875, 112.1875, 44.9375, 51.34375, 74.4375, 70.1875, 117.875, 135.375, 105.0, 156.5, 181.0, 203.25, 135.125, 74.1875, 34.0625, 63.03125, 25.546875, 8.546875, 78.5, 40.8125, 115.0, 184.5, 56.3125, 162.75, 118.0625, 6.0, 142.75, 148.5, 129.125, 142.5, 71.25, 97.625, 85.125, 82.8125, 90.4375, 127.625, 183.0, 105.375, 200.875, 162.25, 171.375, 144.5, 121.0625, 10.296875, 162.0, 197.25, 37.0625, 34.25, 171.0, 171.0, 81.3125, 129.75, 159.0, 98.25, 136.5, 171.0, 52.625, 158.0, 156.0, 167.0, 145.625, 119.0625, 53.25, 203.375, 179.75, 174.875, 48.65625, 93.4375, 142.0, 107.8125, 156.625, 38.09375, 78.25, 55.15625, 86.0625, 71.8125, 88.0625, 139.0, 54.03125, 143.75, 98.4375, 56.09375, 187.5, 142.375, 143.25, 100.3125, 106.4375, 173.125, 109.75, 133.25, 51.90625, 206.25, 130.375, 50.15625, 108.25, 151.625, 185.25, 219.125, 70.375, 115.3125, 163.5, 131.0, 20.25, 33.84375], [84.0, 89.625, 117.0, 83.0, 98.4375, 184.125, 29.828125, 59.40625, 132.375, 111.25, 0.0, 170.5, 182.625, 183.75, 136.75, 103.125, 116.8125, 117.9375, 93.9375, 16.546875, 172.625, 60.15625, 107.4375, 20.515625, 107.375, 57.0625, 121.25, 102.1875, 71.5625, 49.03125, 53.59375, 31.046875, 93.5625, 67.375, 28.296875, 115.4375, 139.125, 178.875, 29.203125, 112.375, 169.625, 71.4375, 46.09375, 112.1875, 36.125, 45.59375, 35.6875, 69.75, 120.9375, 179.625, 110.8125, 166.25, 174.375, 167.0, 83.6875, 64.875, 63.25, 64.9375, 88.0625, 70.0625, 86.0, 42.75, 80.0625, 6.70703125, 36.0625, 99.3125, 50.15625, 182.5, 185.125, 124.1875, 162.625, 135.125, 51.875, 88.5625, 109.4375, 101.0, 75.75, 69.3125, 174.0, 85.375, 85.6875, 195.875, 116.1875, 60.8125, 145.5, 162.125, 33.0, 97.25, 124.8125, 26.25, 129.75, 55.0, 128.625, 165.0, 17.5, 169.25, 133.25, 137.375, 183.25, 126.6875, 120.625, 96.9375, 182.0, 96.8125, 131.0, 104.375, 100.0, 57.875, 27.203125, 134.625, 27.0, 88.3125, 78.4375, 142.625, 56.3125, 67.5625, 70.8125, 46.5625, 133.125, 151.375, 197.375, 160.125, 82.25, 83.875, 28.4375, 95.1875, 18.03125, 147.375, 86.3125, 172.0, 87.4375, 37.125, 68.125, 24.359375, 177.25, 109.5625, 139.25, 145.375, 128.0, 152.5, 115.1875, 120.3125, 24.015625, 110.125, 69.0, 34.9375, 22.015625, 60.8125, 185.0, 140.75, 88.125, 17.09375, 127.625, 190.0, 200.625, 60.75, 26.40625, 132.5, 42.1875, 105.375, 86.1875], [89.1875, 119.25, 116.1875, 175.5, 139.5, 92.125, 161.0, 183.5, 40.71875, 158.75, 170.5, 0.0, 15.6171875, 88.1875, 53.59375, 95.5625, 159.25, 56.5625, 85.0, 154.625, 86.125, 154.75, 119.9375, 153.75, 75.9375, 159.25, 91.375, 113.875, 115.4375, 126.1875, 123.375, 160.0, 163.625, 107.25, 161.875, 89.25, 65.1875, 53.75, 145.375, 126.5625, 18.6875, 117.6875, 186.75, 95.5625, 177.125, 125.1875, 161.125, 203.25, 109.0625, 100.0625, 123.5625, 120.0625, 96.25, 32.0, 169.5, 152.625, 118.625, 182.5, 82.625, 140.125, 192.375, 175.0, 104.3125, 172.5, 156.125, 72.125, 173.25, 24.046875, 57.125, 48.09375, 118.875, 140.625, 170.0, 165.25, 166.375, 223.125, 170.625, 103.125, 37.65625, 196.5, 127.125, 104.8125, 163.375, 133.5, 27.890625, 36.5, 176.0, 215.625, 61.53125, 158.75, 77.125, 116.9375, 41.96875, 46.09375, 182.375, 71.6875, 59.90625, 66.6875, 40.84375, 44.9375, 157.0, 110.3125, 50.15625, 186.5, 135.5, 113.125, 119.4375, 117.625, 160.0, 53.84375, 144.0, 93.375, 152.125, 123.5, 164.25, 142.625, 157.125, 156.875, 41.875, 135.0, 47.4375, 47.5, 153.375, 120.0, 182.125, 89.5, 152.75, 32.75, 179.5, 128.625, 196.875, 183.25, 197.5, 168.25, 40.03125, 104.8125, 33.375, 65.375, 106.875, 70.8125, 64.0, 57.96875, 146.75, 62.78125, 174.625, 136.875, 182.375, 145.625, 62.40625, 31.3125, 192.75, 153.75, 55.53125, 26.625, 69.375, 121.75, 147.625, 62.6875, 143.125, 138.75, 174.25], [102.9375, 125.375, 118.9375, 181.875, 144.25, 104.125, 171.375, 198.125, 55.46875, 174.375, 182.625, 15.6171875, 0.0, 100.0625, 69.1875, 111.0625, 174.875, 66.125, 94.0, 166.5, 99.125, 162.875, 123.875, 165.25, 83.5, 167.625, 107.0, 129.375, 124.125, 139.625, 137.125, 170.375, 168.875, 120.9375, 175.5, 104.875, 66.625, 45.1875, 156.75, 129.75, 16.15625, 126.25, 200.875, 111.1875, 187.125, 137.125, 171.125, 217.875, 124.625, 112.75, 139.125, 134.25, 109.3125, 45.34375, 184.75, 160.375, 132.875, 197.25, 94.625, 155.125, 207.625, 189.125, 119.0625, 184.375, 166.125, 85.625, 182.25, 11.3984375, 47.125, 58.6875, 133.125, 156.125, 184.5, 180.75, 182.0, 238.25, 185.75, 114.25, 30.234375, 211.625, 133.375, 116.0625, 179.0, 142.25, 37.34375, 50.59375, 186.25, 230.75, 77.0625, 172.125, 92.625, 130.0, 55.15625, 41.71875, 195.25, 66.0, 63.5625, 68.4375, 50.25, 59.0625, 172.625, 115.9375, 40.5, 201.875, 151.0, 117.625, 124.25, 131.25, 170.625, 58.25, 156.5, 102.0625, 158.625, 138.625, 172.625, 150.375, 164.375, 166.0, 57.0, 150.0, 33.375, 44.6875, 159.625, 135.25, 195.625, 97.4375, 164.75, 38.3125, 194.75, 142.625, 212.0, 197.125, 212.125, 181.625, 51.0, 120.4375, 43.5625, 80.5, 122.3125, 68.75, 72.125, 66.0625, 159.125, 76.9375, 182.125, 148.5, 193.5, 160.375, 52.8125, 46.03125, 208.0, 165.75, 61.8125, 11.1796875, 57.09375, 136.0, 159.0, 66.125, 153.125, 154.375, 189.625], [107.0625, 174.875, 183.625, 223.875, 198.375, 4.125, 188.75, 167.0, 80.75, 114.5625, 183.75, 88.1875, 100.0625, 0.0, 58.90625, 80.625, 111.9375, 114.25, 135.25, 172.125, 11.1796875, 196.625, 183.375, 175.0, 134.625, 199.5, 62.8125, 86.3125, 160.125, 135.25, 130.375, 188.375, 217.875, 118.9375, 162.75, 68.3125, 142.125, 141.75, 169.5, 191.625, 106.5625, 162.875, 177.5, 72.0625, 205.75, 148.125, 191.625, 184.25, 69.0, 15.0, 85.3125, 43.9375, 15.265625, 56.4375, 140.0, 196.625, 120.5, 163.125, 117.5625, 123.5, 163.125, 166.875, 103.8125, 188.5, 186.75, 100.5625, 208.75, 111.0, 145.375, 105.8125, 45.0, 83.25, 157.375, 133.375, 123.0625, 192.375, 145.375, 137.0, 125.6875, 168.0, 181.0, 17.46875, 116.375, 175.25, 100.5625, 53.375, 203.5, 185.0, 67.25, 161.75, 54.5625, 132.375, 91.9375, 132.375, 188.25, 157.75, 133.375, 142.875, 50.8125, 86.5625, 107.5625, 169.0, 138.375, 150.875, 81.0, 175.375, 179.75, 126.875, 186.5, 127.125, 158.375, 142.875, 201.875, 62.78125, 203.625, 188.25, 203.375, 192.5, 76.875, 67.9375, 133.25, 132.5, 204.5, 103.25, 181.625, 143.25, 169.875, 110.375, 148.75, 49.6875, 167.375, 178.375, 178.25, 169.875, 49.09375, 76.625, 100.875, 42.53125, 62.0625, 152.75, 124.25, 120.25, 161.5, 90.5, 217.625, 159.625, 202.75, 132.875, 150.5, 81.4375, 162.375, 170.875, 123.875, 110.375, 157.0, 123.0, 170.375, 136.0, 175.625, 100.125, 143.5], [53.59375, 116.0, 125.1875, 166.25, 139.5, 61.40625, 136.0, 136.625, 24.328125, 105.4375, 136.75, 53.59375, 69.1875, 58.90625, 0.0, 44.28125, 105.75, 56.375, 76.4375, 122.8125, 50.78125, 140.0, 124.625, 124.1875, 76.0, 143.25, 37.8125, 61.21875, 102.1875, 88.0625, 84.0, 135.375, 159.375, 69.375, 121.4375, 36.125, 87.6875, 98.6875, 117.4375, 132.875, 66.6875, 105.0, 142.625, 42.53125, 153.0, 95.625, 138.0, 156.0, 55.46875, 63.9375, 70.0625, 74.1875, 58.59375, 32.90625, 118.5, 139.5, 76.25, 134.625, 59.90625, 91.5625, 142.0, 131.0, 59.53125, 140.375, 133.0, 43.03125, 153.875, 76.6875, 103.875, 48.71875, 72.0, 87.6875, 124.0625, 113.75, 113.125, 172.875, 120.75, 80.5, 83.8125, 146.375, 122.375, 75.8125, 109.875, 118.1875, 50.25, 26.921875, 151.125, 165.375, 12.0, 119.125, 23.703125, 82.0625, 35.15625, 86.0, 145.0, 109.0625, 78.125, 88.0625, 47.25, 28.796875, 103.4375, 110.125, 97.125, 134.625, 82.3125, 116.625, 120.875, 79.125, 134.125, 72.375, 109.875, 84.125, 143.875, 71.8125, 147.625, 130.625, 145.875, 137.375, 20.21875, 84.1875, 99.75, 84.375, 146.375, 70.25, 141.75, 84.375, 120.6875, 60.125, 128.5, 83.1875, 146.5, 140.875, 150.0, 128.375, 41.1875, 51.65625, 48.0, 18.03125, 53.65625, 100.5, 66.1875, 62.78125, 113.0, 32.1875, 161.0, 107.6875, 153.125, 98.6875, 107.9375, 29.28125, 142.125, 121.625, 67.75, 80.1875, 118.625, 79.3125, 118.875, 80.5, 120.9375, 85.5625, 123.1875], [36.40625, 112.75, 130.625, 152.125, 135.625, 81.0, 110.4375, 93.125, 57.0, 65.0, 103.125, 95.5625, 111.0625, 80.625, 44.28125, 0.0, 66.625, 73.5625, 78.0625, 92.125, 69.5625, 123.3125, 126.625, 95.5, 85.0, 125.1875, 18.359375, 19.234375, 92.5625, 55.0, 50.09375, 110.1875, 150.125, 41.03125, 82.75, 12.3671875, 109.25, 132.375, 91.0, 135.125, 105.25, 95.3125, 100.625, 9.8984375, 127.0, 70.8125, 114.0, 112.25, 26.25, 76.9375, 32.0, 68.875, 71.5625, 76.9375, 74.3125, 124.5, 39.9375, 90.75, 55.09375, 47.8125, 97.75, 89.25, 23.859375, 108.0625, 109.5, 43.03125, 132.0, 116.875, 138.25, 70.8125, 65.4375, 58.0, 81.1875, 69.8125, 71.875, 128.625, 76.5, 67.125, 119.5625, 102.0625, 116.75, 93.0625, 70.25, 103.8125, 83.5, 70.75, 124.5625, 121.0625, 34.21875, 81.375, 28.0, 54.03125, 62.65625, 118.0625, 107.875, 136.875, 99.25, 108.875, 89.875, 56.09375, 65.5625, 110.4375, 132.25, 90.9375, 52.0, 118.875, 120.8125, 47.15625, 107.875, 95.3125, 78.25, 82.6875, 132.625, 51.625, 128.75, 117.625, 131.875, 116.75, 54.5625, 64.1875, 138.875, 115.0625, 135.875, 26.25, 102.25, 86.5, 89.875, 91.6875, 84.3125, 76.625, 102.1875, 100.0, 106.25, 89.8125, 83.8125, 14.0390625, 78.75, 45.1875, 30.890625, 124.4375, 80.5, 80.4375, 81.375, 42.0625, 143.625, 81.375, 122.5625, 55.71875, 141.375, 65.9375, 97.9375, 90.8125, 88.3125, 121.625, 154.125, 42.375, 91.5, 100.8125, 99.75, 44.78125, 79.0625], [95.375, 165.375, 188.0, 190.25, 185.875, 109.75, 138.25, 70.8125, 122.9375, 5.65625, 116.8125, 159.25, 174.875, 111.9375, 105.75, 66.625, 0.0, 139.125, 137.875, 114.9375, 102.3125, 161.625, 182.125, 121.1875, 147.5, 161.375, 68.0, 47.4375, 142.75, 87.3125, 83.5625, 138.625, 193.875, 88.0, 88.625, 70.1875, 174.625, 199.0, 121.625, 190.125, 170.875, 144.875, 86.25, 64.0625, 151.125, 109.6875, 143.625, 82.25, 50.9375, 99.9375, 35.8125, 73.3125, 97.125, 135.125, 38.09375, 164.5, 75.4375, 64.875, 115.4375, 49.96875, 55.90625, 80.0625, 73.5625, 123.4375, 140.625, 107.5625, 161.875, 181.875, 204.875, 137.25, 70.5625, 30.0625, 68.6875, 31.0625, 12.0390625, 82.125, 46.3125, 119.0625, 185.875, 60.8125, 167.25, 114.75, 4.47265625, 147.5, 150.0, 128.75, 148.0, 75.0, 98.5, 90.6875, 82.75, 94.875, 129.25, 184.75, 111.0625, 203.125, 164.75, 174.0, 143.625, 122.5625, 5.09765625, 166.0, 198.75, 41.0625, 31.046875, 175.0, 175.125, 85.6875, 135.0, 161.25, 103.5, 140.25, 175.875, 49.46875, 163.25, 160.75, 172.0, 150.75, 120.125, 49.0, 204.375, 181.625, 179.75, 52.15625, 99.0625, 145.625, 113.125, 158.375, 43.0, 74.0, 59.53125, 91.6875, 76.875, 93.75, 138.25, 54.90625, 145.375, 97.8125, 55.0, 190.125, 145.125, 145.75, 105.625, 108.4375, 178.375, 114.8125, 138.75, 57.25, 208.0, 131.5, 54.59375, 113.625, 154.0, 185.875, 220.625, 74.8125, 120.5625, 166.125, 136.0, 22.140625, 39.0], [47.1875, 65.0, 69.375, 120.125, 87.1875, 117.125, 105.3125, 142.25, 33.59375, 136.75, 117.9375, 56.5625, 66.125, 114.25, 56.375, 73.5625, 139.125, 0.0, 28.4375, 101.5625, 106.9375, 98.25, 70.0, 99.6875, 21.40625, 102.75, 81.0, 92.1875, 58.84375, 79.375, 78.125, 104.25, 109.75, 62.9375, 114.5625, 75.0625, 35.6875, 65.0625, 91.0, 77.875, 51.96875, 61.1875, 141.875, 79.375, 121.0, 72.4375, 105.0, 161.625, 97.25, 120.3125, 105.5625, 128.375, 114.9375, 68.0, 136.75, 96.3125, 77.125, 142.875, 31.625, 104.625, 157.125, 130.625, 68.625, 119.125, 100.0625, 31.78125, 116.75, 64.75, 71.4375, 9.4375, 125.6875, 130.75, 128.125, 134.625, 142.5, 186.125, 135.375, 48.75, 56.9375, 160.25, 72.5, 131.5, 142.375, 76.9375, 29.015625, 66.625, 120.125, 179.25, 52.40625, 110.8125, 73.1875, 68.5, 22.671875, 50.25, 131.75, 64.375, 25.703125, 35.34375, 84.625, 27.78125, 138.625, 57.1875, 66.8125, 155.375, 124.8125, 62.25, 67.5, 72.375, 104.5625, 22.359375, 92.6875, 36.875, 96.75, 120.0625, 107.6875, 86.375, 101.1875, 100.3125, 37.4375, 133.125, 80.0625, 45.96875, 98.4375, 89.4375, 133.875, 33.625, 99.9375, 29.40625, 146.25, 137.375, 161.25, 136.75, 156.5, 120.0625, 80.1875, 87.125, 23.1875, 74.3125, 99.0, 50.96875, 10.0, 7.0, 95.0625, 32.0625, 118.375, 83.25, 127.5625, 107.0625, 72.9375, 35.59375, 158.0, 100.875, 14.8671875, 72.375, 87.6875, 79.9375, 93.375, 27.296875, 87.0625, 117.0, 141.75], [43.0, 39.59375, 52.625, 92.5625, 63.03125, 137.625, 78.0625, 127.0, 57.6875, 134.5, 93.9375, 85.0, 94.0, 135.25, 76.4375, 78.0625, 137.875, 28.4375, 0.0, 77.375, 126.6875, 69.875, 49.65625, 74.4375, 13.6015625, 74.3125, 90.75, 94.0625, 30.40625, 63.25, 63.625, 76.9375, 83.625, 51.875, 95.5, 83.8125, 46.09375, 85.0, 65.5625, 58.1875, 79.1875, 32.75, 123.75, 86.375, 93.25, 50.0, 77.3125, 145.5, 104.125, 139.0, 108.125, 142.0, 133.5, 94.4375, 127.75, 68.0, 66.5, 128.75, 23.09375, 95.875, 145.5, 113.25, 64.375, 94.125, 72.4375, 37.15625, 88.375, 91.5625, 91.3125, 37.375, 138.875, 135.75, 113.0, 127.125, 138.875, 172.5, 124.75, 26.171875, 80.625, 148.0, 46.21875, 152.0, 140.375, 48.5, 57.3125, 92.125, 92.5625, 166.125, 68.8125, 91.3125, 87.25, 51.875, 48.3125, 71.1875, 109.0625, 77.125, 39.4375, 44.59375, 111.375, 51.03125, 138.5, 34.125, 88.125, 146.5, 129.75, 41.625, 44.9375, 58.59375, 77.6875, 40.84375, 70.8125, 8.546875, 69.375, 129.0, 79.25, 58.1875, 73.1875, 72.0625, 60.8125, 141.875, 104.0625, 66.1875, 71.375, 85.8125, 113.25, 8.546875, 76.0625, 56.15625, 136.5, 150.625, 149.25, 117.5, 140.875, 100.0, 106.5625, 92.0625, 51.625, 93.25, 107.6875, 60.8125, 22.203125, 28.078125, 72.6875, 45.21875, 90.125, 59.0625, 101.125, 95.6875, 91.25, 62.15625, 146.75, 76.9375, 34.21875, 99.4375, 106.875, 68.5625, 68.125, 38.84375, 59.53125, 116.375, 132.625], [69.4375, 75.1875, 102.625, 77.25, 86.3125, 172.75, 23.40625, 66.5, 117.0625, 109.5625, 16.546875, 154.625, 166.5, 172.125, 122.8125, 92.125, 114.9375, 101.5625, 77.375, 0.0, 161.25, 51.0, 93.3125, 7.0, 90.8125, 49.15625, 110.5, 93.875, 55.875, 37.125, 42.0625, 24.046875, 85.0, 53.84375, 31.0, 104.1875, 122.625, 162.375, 13.6015625, 98.8125, 153.25, 55.96875, 55.96875, 101.625, 36.875, 29.421875, 29.125, 80.0, 112.1875, 169.125, 103.9375, 157.75, 163.625, 152.375, 85.375, 55.15625, 52.46875, 71.125, 72.0, 65.75, 92.0, 49.5, 68.4375, 18.03125, 27.171875, 84.0, 47.0, 166.25, 168.625, 107.9375, 154.25, 130.0, 56.03125, 89.1875, 109.0, 110.875, 78.25, 52.8125, 157.5, 92.25, 72.0, 185.125, 114.9375, 46.96875, 129.25, 147.625, 33.96875, 106.3125, 111.0, 27.078125, 117.75, 40.78125, 112.75, 148.5, 32.5625, 152.875, 116.75, 120.9375, 168.75, 111.1875, 118.1875, 81.8125, 165.5, 100.6875, 125.375, 89.625, 85.75, 45.3125, 20.25, 118.125, 13.890625, 71.875, 68.5, 135.25, 49.8125, 55.78125, 62.0, 38.125, 118.0, 145.0, 180.875, 143.5, 72.4375, 75.8125, 40.3125, 78.75, 2.236328125, 131.0, 89.8125, 164.125, 94.1875, 47.53125, 77.375, 30.8125, 162.875, 100.125, 123.0, 132.625, 119.0625, 136.25, 98.625, 103.8125, 10.8203125, 95.0, 64.3125, 18.390625, 30.671875, 57.71875, 168.5, 125.25, 94.0, 1.4140625, 111.0625, 173.625, 184.125, 50.46875, 10.8203125, 116.0, 28.796875, 100.8125, 88.625], [96.8125, 166.125, 176.0, 214.125, 189.625, 11.6640625, 178.125, 156.0, 73.8125, 104.6875, 172.625, 86.125, 99.125, 11.1796875, 50.78125, 69.5625, 102.3125, 106.9375, 126.6875, 161.25, 0.0, 186.625, 175.375, 164.125, 126.75, 189.375, 51.65625, 75.1875, 150.625, 124.25, 119.375, 177.75, 208.625, 108.25, 151.625, 57.25, 136.25, 139.0, 158.875, 183.625, 104.0, 153.5, 166.375, 60.875, 195.0, 137.5, 181.125, 173.375, 58.0625, 14.140625, 74.5625, 38.0, 10.1953125, 54.15625, 129.375, 186.75, 109.4375, 152.125, 108.1875, 112.375, 152.625, 155.75, 92.875, 177.5, 176.25, 91.25, 198.375, 109.6875, 143.0, 98.8125, 38.28125, 74.3125, 146.25, 122.8125, 113.1875, 182.125, 134.625, 127.125, 123.0, 157.5, 172.125, 25.453125, 106.75, 165.375, 95.5625, 50.0, 192.75, 174.625, 58.0625, 150.625, 43.90625, 121.625, 85.0, 128.75, 177.0, 153.75, 127.25, 137.0, 52.0, 79.1875, 98.0625, 160.625, 136.0, 140.625, 71.5625, 167.25, 171.375, 115.9375, 175.875, 121.125, 147.5, 134.125, 192.375, 53.71875, 193.375, 178.5, 193.625, 182.25, 69.75, 60.3125, 132.5, 128.375, 195.125, 92.0625, 170.5, 134.75, 159.0, 105.5625, 138.25, 45.1875, 156.875, 167.25, 167.375, 158.625, 49.03125, 65.5, 95.1875, 33.40625, 51.25, 147.75, 116.875, 113.125, 150.625, 81.5625, 207.625, 149.0, 191.875, 121.6875, 148.0, 75.5625, 152.0, 159.875, 117.375, 109.8125, 155.5, 111.9375, 159.625, 129.75, 165.25, 89.625, 133.0], [90.0, 41.75, 65.1875, 29.15625, 40.46875, 198.25, 30.359375, 117.375, 125.5625, 156.5, 60.15625, 154.75, 162.875, 196.625, 140.0, 123.3125, 161.625, 98.25, 69.875, 51.0, 186.625, 0.0, 55.21875, 44.0, 79.375, 5.38671875, 140.75, 131.5, 39.5625, 75.125, 79.625, 29.125, 34.0, 82.625, 82.0, 133.625, 103.9375, 145.0, 40.59375, 57.5, 147.375, 37.09375, 105.75, 133.25, 33.96875, 53.84375, 24.703125, 129.625, 147.75, 197.125, 143.875, 192.25, 191.5, 162.875, 135.375, 5.0, 89.5625, 122.125, 80.125, 111.625, 143.0, 100.3125, 100.625, 55.375, 24.328125, 96.875, 21.546875, 159.125, 150.625, 107.1875, 188.75, 171.875, 107.0, 138.5, 157.125, 160.875, 128.625, 59.625, 145.25, 143.25, 34.53125, 211.875, 162.25, 21.9375, 126.9375, 159.875, 35.375, 156.75, 129.75, 78.0, 143.25, 70.75, 117.3125, 133.625, 77.1875, 129.375, 102.0625, 101.9375, 180.0, 118.875, 164.25, 51.65625, 149.5, 151.375, 166.625, 55.53125, 49.1875, 79.375, 33.0, 106.0, 59.03125, 61.40625, 18.390625, 172.875, 10.1953125, 13.34375, 11.0, 13.6015625, 128.0, 184.125, 167.75, 128.5, 22.140625, 115.5, 88.5, 65.5, 52.0, 124.5625, 140.375, 199.75, 145.125, 96.875, 127.5625, 81.375, 174.75, 134.75, 121.375, 154.25, 153.625, 113.5, 90.9375, 97.0, 57.5625, 107.9375, 21.09375, 46.8125, 50.8125, 105.25, 148.75, 131.25, 145.0, 52.0, 101.25, 167.125, 164.0, 89.0, 42.28125, 100.1875, 25.625, 144.625, 138.875], [90.5, 18.390625, 10.0, 62.125, 21.09375, 186.0, 80.625, 156.375, 103.375, 178.0, 107.4375, 119.9375, 123.875, 183.375, 124.625, 126.625, 182.125, 70.0, 49.65625, 93.3125, 175.375, 55.21875, 0.0, 87.375, 48.90625, 60.53125, 140.25, 141.25, 41.0, 98.125, 100.625, 79.1875, 46.28125, 94.0625, 120.9375, 133.25, 57.96875, 96.125, 79.75, 8.546875, 107.6875, 39.5625, 148.5, 135.375, 88.8125, 77.375, 76.4375, 172.25, 152.875, 188.125, 155.25, 191.625, 182.5, 137.5, 165.375, 50.59375, 107.0625, 159.75, 71.8125, 135.5, 179.125, 140.25, 109.875, 104.5, 73.5625, 86.8125, 76.5625, 117.3125, 101.0, 79.1875, 188.5, 183.375, 143.625, 166.375, 181.125, 202.25, 160.625, 63.03125, 100.25, 180.625, 21.9375, 200.375, 184.0, 46.625, 93.1875, 136.5, 89.8125, 196.875, 118.0, 116.5, 136.875, 88.375, 92.625, 87.5, 124.875, 77.4375, 60.40625, 56.03125, 153.625, 97.1875, 183.25, 16.28125, 101.3125, 183.625, 177.5, 8.0625, 7.6171875, 97.1875, 82.125, 66.1875, 94.125, 43.96875, 41.75, 178.125, 64.875, 42.8125, 50.34375, 66.0625, 107.0625, 190.75, 120.6875, 82.75, 40.78125, 130.25, 133.625, 41.15625, 93.125, 87.25, 172.75, 200.25, 182.125, 140.5, 168.875, 123.0, 149.625, 140.375, 89.375, 142.0, 156.875, 63.0, 60.09375, 65.1875, 94.4375, 94.5, 67.4375, 79.3125, 104.0625, 132.625, 98.0625, 105.4375, 180.75, 93.625, 64.875, 125.3125, 112.5625, 108.1875, 82.5, 57.78125, 65.1875, 161.5, 169.875], [70.625, 69.375, 96.8125, 70.375, 79.6875, 175.75, 17.0, 73.4375, 117.0625, 115.875, 20.515625, 153.75, 165.25, 175.0, 124.1875, 95.5, 121.1875, 99.6875, 74.4375, 7.0, 164.125, 44.0, 87.375, 0.0, 87.75, 42.1875, 113.875, 98.4375, 51.09375, 40.8125, 45.8125, 17.46875, 78.0, 56.09375, 38.0, 107.4375, 119.0625, 159.25, 8.9453125, 92.6875, 151.625, 50.9375, 62.65625, 105.125, 31.890625, 29.0625, 22.46875, 86.6875, 116.5, 172.375, 109.0, 162.125, 167.0, 153.0, 92.1875, 48.15625, 56.40625, 78.125, 71.1875, 71.6875, 99.0, 56.4375, 71.6875, 19.703125, 20.21875, 84.1875, 40.71875, 164.5, 165.5, 106.5625, 158.5, 135.375, 63.03125, 95.875, 115.5, 117.625, 85.1875, 51.0, 155.0, 99.25, 65.875, 188.375, 121.3125, 40.8125, 127.875, 148.5, 29.203125, 113.1875, 112.5625, 34.0625, 120.4375, 42.71875, 112.1875, 145.625, 37.65625, 149.0, 113.625, 117.3125, 169.625, 111.0, 124.375, 76.5, 162.5, 107.6875, 130.75, 84.0, 79.875, 48.375, 13.890625, 115.3125, 18.4375, 68.4375, 61.53125, 140.0, 42.96875, 49.03125, 55.0, 31.140625, 118.25, 150.0, 178.375, 140.625, 65.5, 80.625, 46.53125, 75.1875, 8.25, 129.0, 96.75, 168.625, 101.1875, 54.09375, 84.1875, 37.65625, 163.75, 104.1875, 121.625, 134.75, 123.25, 132.25, 96.125, 101.5625, 15.8125, 95.4375, 57.5625, 17.0, 29.15625, 63.96875, 165.0, 125.0, 101.0, 8.0625, 108.5, 172.0, 180.75, 54.65625, 6.32421875, 112.6875, 22.359375, 106.5, 95.5], [52.1875, 43.84375, 49.25, 99.625, 65.8125, 137.25, 90.5, 140.125, 54.5, 144.375, 107.375, 75.9375, 83.5, 134.625, 76.0, 85.0, 147.5, 21.40625, 13.6015625, 90.8125, 126.75, 79.375, 48.90625, 87.75, 0.0, 84.1875, 95.6875, 102.25, 41.125, 76.1875, 76.25, 89.25, 88.5625, 63.5, 109.0, 89.125, 32.5625, 71.5625, 78.8125, 57.0, 68.0625, 43.0, 137.125, 92.4375, 105.0625, 63.59375, 89.25, 158.75, 110.4375, 139.75, 116.125, 145.5, 134.375, 89.375, 139.5, 76.9375, 78.25, 141.625, 32.28125, 107.4375, 158.0, 126.625, 74.1875, 107.4375, 84.5, 42.1875, 99.0, 80.0, 77.8125, 30.8125, 142.625, 143.0, 126.0625, 138.5, 149.25, 185.375, 137.0, 39.6875, 67.9375, 160.625, 51.46875, 151.75, 150.25, 59.0, 48.09375, 87.9375, 104.5625, 178.875, 70.25, 104.8125, 90.125, 64.8125, 43.875, 57.9375, 122.625, 63.625, 25.9375, 31.109375, 105.9375, 48.28125, 147.625, 35.8125, 74.875, 158.375, 137.0, 41.03125, 46.09375, 71.0, 90.25, 27.890625, 84.375, 19.640625, 76.1875, 134.625, 89.1875, 66.9375, 81.25, 83.125, 58.125, 147.625, 91.1875, 52.9375, 77.625, 95.8125, 126.8125, 14.0, 89.5625, 45.1875, 148.5, 154.375, 161.75, 131.0, 154.0, 113.5625, 101.625, 99.0625, 43.09375, 93.625, 113.3125, 47.5, 12.0859375, 18.03125, 86.25, 47.4375, 98.8125, 72.5625, 113.875, 107.9375, 77.6875, 57.0, 159.125, 90.4375, 22.015625, 88.0, 93.3125, 80.5, 81.4375, 25.234375, 71.8125, 125.625, 144.5], [92.625, 47.125, 70.5, 28.796875, 45.28125, 201.0, 27.296875, 115.0625, 129.5, 156.25, 57.0625, 159.25, 167.625, 199.5, 143.25, 125.1875, 161.375, 102.75, 74.3125, 49.15625, 189.375, 5.38671875, 60.53125, 42.1875, 84.1875, 0.0, 142.875, 132.625, 43.9375, 75.6875, 80.25, 26.171875, 36.5, 84.3125, 80.125, 135.75, 109.1875, 150.25, 39.84375, 62.625, 152.25, 41.59375, 102.9375, 135.125, 29.0, 55.0, 21.375, 126.75, 149.25, 199.625, 144.75, 194.0, 194.0, 166.75, 134.125, 10.0, 90.4375, 120.0, 83.625, 111.4375, 141.0, 98.0625, 102.1875, 51.9375, 22.015625, 100.25, 16.15625, 164.0, 155.875, 111.625, 190.5, 172.5, 105.1875, 137.5, 156.625, 158.0, 127.25, 62.78125, 150.375, 141.0, 39.9375, 214.625, 161.875, 25.96875, 131.5, 163.625, 30.609375, 154.0, 132.875, 76.25, 145.875, 72.0, 121.4375, 138.875, 73.75, 134.75, 107.1875, 107.1875, 183.875, 122.75, 164.125, 57.0, 154.75, 149.875, 167.375, 60.9375, 54.5625, 80.4375, 30.15625, 111.0, 58.25, 65.9375, 22.46875, 174.25, 5.0, 18.6875, 13.9296875, 11.046875, 131.875, 185.25, 173.0, 133.75, 25.9375, 116.3125, 85.5, 70.25, 50.34375, 129.375, 138.875, 201.375, 143.0, 94.0625, 124.875, 79.0625, 178.625, 136.375, 125.9375, 157.25, 155.375, 118.875, 95.625, 101.6875, 56.5, 111.375, 18.390625, 46.96875, 46.3125, 104.6875, 154.0, 135.375, 143.0, 50.25, 106.125, 172.125, 169.25, 89.6875, 41.21875, 105.3125, 26.078125, 144.875, 137.625], [51.875, 127.4375, 143.25, 169.375, 150.75, 62.9375, 128.75, 107.0625, 57.25, 67.875, 121.25, 91.375, 107.0, 62.8125, 37.8125, 18.359375, 68.0, 81.0, 90.75, 110.5, 51.65625, 140.75, 140.25, 113.875, 95.6875, 142.875, 0.0, 26.25, 108.4375, 73.375, 68.4375, 128.5, 166.5, 59.03125, 100.0, 7.2109375, 116.125, 134.125, 109.3125, 148.75, 103.8125, 111.25, 116.0, 9.21875, 145.375, 88.875, 132.25, 125.5, 17.890625, 58.59375, 32.5625, 52.15625, 53.21875, 67.8125, 84.3125, 141.625, 58.1875, 103.9375, 68.5625, 62.125, 108.0625, 105.0, 42.1875, 126.3125, 127.625, 53.84375, 150.125, 114.25, 139.625, 76.3125, 48.875, 51.25, 96.125, 78.75, 75.8125, 138.75, 87.9375, 83.25, 120.0, 112.75, 132.125, 74.75, 72.1875, 120.75, 84.75, 61.40625, 142.875, 131.125, 31.953125, 98.9375, 15.0, 72.1875, 65.5, 120.5, 125.375, 141.625, 106.125, 116.0625, 78.25, 58.46875, 65.625, 124.25, 133.125, 99.0, 45.53125, 132.25, 134.875, 65.5, 126.1875, 101.375, 96.625, 96.375, 149.25, 39.125, 146.5, 134.5, 148.875, 134.625, 53.84375, 52.15625, 137.25, 118.125, 152.375, 41.0, 119.0625, 99.3125, 108.25, 93.9375, 94.0, 60.40625, 112.5625, 116.1875, 119.4375, 107.0625, 72.5, 15.8125, 81.0625, 31.78125, 18.03125, 130.625, 89.25, 88.0, 99.75, 49.09375, 161.25, 99.625, 140.875, 71.0, 143.25, 64.875, 107.9375, 109.125, 95.0625, 118.0, 155.0, 60.53125, 109.8125, 108.0625, 117.5625, 48.40625, 88.625], [51.15625, 126.125, 146.0, 160.625, 148.375, 85.6875, 114.5625, 81.3125, 76.0, 45.78125, 102.1875, 113.875, 129.375, 86.3125, 61.21875, 19.234375, 47.4375, 92.1875, 94.0625, 93.875, 75.1875, 131.5, 141.25, 98.4375, 102.25, 132.625, 26.25, 0.0, 104.6875, 58.0, 53.0625, 114.5625, 160.5, 49.65625, 78.1875, 25.234375, 127.8125, 151.625, 95.5, 149.625, 124.1875, 107.25, 91.1875, 18.875, 130.25, 77.6875, 118.875, 99.4375, 18.78125, 79.3125, 14.0390625, 64.0625, 74.5, 92.9375, 58.1875, 133.25, 42.53125, 77.9375, 71.0, 37.21875, 81.9375, 80.625, 31.953125, 107.9375, 114.75, 61.0, 137.375, 135.625, 157.5, 89.875, 60.46875, 42.1875, 71.0625, 52.84375, 52.8125, 112.75, 61.6875, 79.375, 138.75, 86.5625, 129.375, 95.8125, 51.0, 113.625, 102.75, 86.625, 127.5625, 105.125, 52.34375, 77.875, 40.71875, 60.75, 81.875, 137.25, 103.8125, 155.875, 117.875, 127.375, 104.25, 75.3125, 46.5, 124.9375, 151.5, 73.5, 36.40625, 133.625, 134.875, 52.1875, 111.75, 114.1875, 80.125, 97.75, 142.625, 41.78125, 135.625, 127.5, 140.75, 123.25, 73.4375, 52.6875, 157.75, 134.25, 146.25, 18.359375, 96.0625, 102.25, 91.6875, 110.9375, 68.0, 70.3125, 86.375, 92.25, 93.375, 85.125, 98.4375, 10.4375, 98.0, 57.9375, 26.0, 143.125, 98.625, 98.9375, 83.125, 61.09375, 150.75, 86.5625, 123.125, 46.6875, 160.5, 84.8125, 81.875, 92.4375, 107.0, 140.125, 173.375, 43.84375, 95.4375, 119.3125, 106.625, 25.546875, 62.625], [56.59375, 23.09375, 49.03125, 64.0625, 43.6875, 162.0, 50.34375, 115.9375, 86.3125, 138.375, 71.5625, 115.4375, 124.125, 160.125, 102.1875, 92.5625, 142.75, 58.84375, 30.40625, 55.875, 150.625, 39.5625, 41.0, 51.09375, 41.125, 43.9375, 108.4375, 104.6875, 0.0, 57.3125, 60.03125, 49.03125, 58.25, 55.53125, 81.0, 101.25, 69.625, 110.6875, 42.4375, 48.375, 109.0, 2.828125, 109.0625, 102.0625, 64.125, 36.40625, 48.5, 132.5, 118.5625, 162.0, 118.3125, 160.625, 156.375, 123.5625, 124.4375, 38.09375, 67.25, 119.0625, 42.53125, 95.0625, 138.25, 100.1875, 72.75, 70.1875, 43.96875, 59.5625, 58.0625, 121.125, 116.6875, 67.6875, 157.25, 146.75, 102.875, 125.5625, 141.0, 162.0, 119.625, 25.5, 108.6875, 139.75, 24.734375, 176.125, 144.375, 18.109375, 87.6875, 120.75, 63.78125, 156.375, 92.875, 76.5625, 108.4375, 48.0, 77.8125, 98.0, 88.375, 98.5, 65.75, 67.75, 140.625, 79.625, 144.25, 26.828125, 114.5625, 142.625, 141.0, 35.46875, 33.53125, 57.09375, 50.5625, 68.75, 54.21875, 22.09375, 41.78125, 144.0, 48.84375, 28.65625, 43.90625, 42.0625, 89.0, 156.25, 131.75, 92.875, 44.5625, 91.8125, 95.4375, 27.171875, 55.21875, 86.0, 131.75, 168.75, 141.375, 101.5, 128.75, 83.75, 135.625, 105.625, 82.0625, 117.5625, 123.5, 81.875, 52.03125, 58.0625, 54.90625, 70.0, 60.15625, 39.65625, 74.3125, 91.8125, 115.6875, 91.7