{"name": "LZB_n160_5", "n": 160, "m": 20, "times": [[0.0, 70.5625, 87.8125, 45.6875, 65.125, 96.875, 129.125, 72.125, 41.4375, 84.0625, 18.109375, 36.90625, 67.375, 70.4375, 98.3125, 54.21875, 56.8125, 38.3125, 84.875, 49.65625, 47.0, 30.359375, 106.5, 72.0, 87.1875, 84.625, 52.40625, 93.875, 71.3125, 115.1875, 46.875, 100.625, 109.5625, 97.0625, 76.9375, 107.5625, 111.8125, 90.8125, 90.8125, 106.125, 119.25, 70.1875, 68.0, 48.28125, 90.5, 102.9375, 105.3125, 40.25, 53.0, 50.6875, 87.9375, 112.3125, 104.0, 38.21875, 29.828125, 91.25, 66.25, 53.21875, 79.75, 101.625, 97.875, 125.875, 27.890625, 38.84375, 58.53125, 92.125, 81.0, 80.9375, 50.46875, 84.75, 99.8125, 64.875, 90.0625, 56.21875, 60.21875, 81.0, 83.5625, 85.9375, 98.125, 72.375, 98.625, 49.09375, 65.75, 70.4375, 73.1875, 88.5625, 33.53125, 65.0625, 129.5, 63.3125, 77.5, 96.3125, 29.15625, 98.3125, 58.0, 56.875, 17.71875, 107.9375, 50.34375, 22.796875, 57.25, 102.5625, 67.0625, 95.6875, 83.9375, 49.0, 136.5, 84.1875, 31.625, 57.25, 86.8125, 49.6875, 39.125, 99.0625, 19.109375, 83.5, 67.875, 101.4375, 37.5625, 115.6875, 64.125, 120.4375, 88.375, 80.625, 62.9375, 48.84375, 35.34375, 85.25, 88.0, 85.0625, 75.1875, 105.0, 109.4375, 30.15625, 94.875, 80.9375, 10.8203125, 115.25, 85.0625, 32.5625, 93.375, 51.625, 128.875, 72.5625, 13.6015625, 54.78125, 103.8125, 116.3125, 95.1875, 29.703125, 112.5, 71.0, 42.09375, 97.625, 117.4375, 92.4375, 109.0, 58.53125, 74.3125, 30.8125, 76.9375], [70.5625, 0.0, 131.25, 49.25, 134.125, 128.875, 194.0, 29.609375, 108.6875, 151.625, 55.0625, 97.125, 135.875, 37.1875, 32.28125, 48.71875, 52.1875, 104.0625, 83.125, 81.3125, 82.6875, 50.25, 169.25, 140.625, 155.375, 155.0, 39.9375, 146.25, 7.6171875, 150.25, 27.015625, 75.5625, 124.1875, 124.1875, 38.3125, 69.0625, 42.1875, 68.9375, 115.125, 150.875, 73.0, 134.75, 114.0, 40.71875, 149.375, 34.65625, 129.0, 110.6875, 118.4375, 47.9375, 130.0, 171.875, 149.25, 63.59375, 43.40625, 126.1875, 103.4375, 18.109375, 149.375, 171.875, 121.5, 192.0, 98.375, 72.0, 59.46875, 132.0, 28.296875, 66.25, 95.5, 154.75, 168.625, 128.125, 31.890625, 125.3125, 99.875, 22.0, 64.0625, 76.0625, 152.875, 124.9375, 111.1875, 25.078125, 15.03125, 120.4375, 30.8125, 84.3125, 76.3125, 75.0, 172.875, 133.75, 102.1875, 159.0, 81.0, 36.25, 126.5, 18.03125, 71.4375, 108.0625, 86.5625, 61.84375, 95.625, 169.0, 55.3125, 154.875, 63.5, 117.875, 203.25, 116.875, 58.71875, 117.0, 115.4375, 36.40625, 104.5625, 167.5, 81.0, 152.875, 107.1875, 131.625, 77.3125, 167.375, 131.625, 165.375, 39.65625, 78.5, 8.484375, 48.75, 76.5, 79.0, 53.84375, 128.125, 31.328125, 141.875, 179.375, 88.25, 157.25, 111.8125, 68.9375, 58.25, 153.625, 38.9375, 90.0, 121.6875, 73.75, 112.5, 83.75, 89.875, 77.625, 48.84375, 100.4375, 45.1875, 87.6875, 63.28125, 71.0625, 90.625, 59.125, 97.3125, 46.53125, 43.1875, 5.38671875, 91.25, 137.25], [87.8125, 131.25, 0.0, 130.75, 69.25, 178.0, 164.875, 148.0, 61.6875, 66.875, 102.0625, 53.0, 109.3125, 103.5, 163.5, 138.875, 142.125, 59.25, 172.5, 136.375, 133.25, 115.0, 153.0, 68.25, 122.1875, 89.0, 134.25, 160.125, 136.375, 29.40625, 105.5, 185.625, 195.5, 29.203125, 155.375, 116.4375, 159.75, 93.1875, 175.5, 19.703125, 131.25, 123.3125, 19.796875, 130.375, 37.65625, 149.75, 36.71875, 86.125, 111.5625, 135.25, 2.828125, 164.125, 18.03125, 125.875, 94.0, 15.6171875, 27.890625, 114.9375, 78.5625, 96.6875, 34.71875, 158.5, 78.8125, 126.375, 145.125, 169.5, 153.875, 84.875, 38.59375, 85.4375, 127.5625, 46.09375, 161.0, 101.125, 142.875, 126.3125, 89.9375, 79.3125, 30.53125, 143.25, 185.375, 107.0, 135.625, 144.25, 149.375, 72.75, 59.0625, 152.875, 42.71875, 82.0, 163.125, 52.5, 59.46875, 167.0, 65.0, 127.5, 72.25, 195.625, 135.875, 110.3125, 35.84375, 139.5, 152.25, 152.0, 90.9375, 66.75, 164.625, 166.375, 118.8125, 39.8125, 26.921875, 94.9375, 105.125, 79.75, 101.5, 77.8125, 149.375, 182.875, 124.1875, 38.0625, 61.21875, 34.4375, 164.125, 70.625, 127.5625, 133.625, 122.0, 172.625, 105.5, 3.162109375, 151.125, 19.421875, 125.9375, 110.25, 145.25, 25.296875, 98.5, 141.875, 72.8125, 108.4375, 181.0, 93.1875, 148.25, 153.0, 87.375, 41.4375, 101.1875, 158.0, 60.90625, 91.3125, 198.0, 157.375, 60.53125, 76.9375, 144.875, 180.125, 145.0, 141.25, 131.75, 58.0, 136.25], [45.6875, 49.25, 130.75, 0.0, 107.9375, 80.375, 149.25, 33.09375, 86.375, 127.75, 28.84375, 82.3125, 96.5625, 73.0, 64.6875, 8.546875, 11.3984375, 83.8125, 44.71875, 32.1875, 33.96875, 15.8125, 123.6875, 115.125, 114.8125, 124.0625, 10.8203125, 97.75, 45.0, 156.25, 44.09375, 55.21875, 80.3125, 134.625, 34.53125, 111.625, 89.375, 103.5, 67.75, 149.75, 118.875, 91.6875, 111.0625, 8.6015625, 136.125, 83.25, 141.875, 78.0, 77.1875, 5.09765625, 130.5, 124.875, 147.75, 16.125, 41.59375, 131.5, 106.0625, 41.4375, 121.1875, 141.125, 134.0, 148.25, 69.875, 24.40625, 15.65625, 82.75, 43.375, 96.5, 92.1875, 125.0, 128.375, 110.375, 52.8125, 87.6875, 50.8125, 69.3125, 96.75, 104.8125, 143.625, 77.125, 67.5, 45.0, 36.25, 72.125, 33.625, 110.75, 72.125, 29.15625, 173.25, 103.0, 54.125, 141.625, 71.375, 61.75, 101.625, 31.3125, 58.59375, 70.375, 37.65625, 24.328125, 96.875, 126.125, 21.640625, 108.0625, 96.625, 92.5625, 159.75, 68.0, 16.0, 102.875, 124.5, 56.875, 64.75, 141.75, 44.0, 125.3125, 57.96875, 83.4375, 30.53125, 160.875, 108.25, 164.375, 47.0625, 103.0625, 41.15625, 3.162109375, 30.40625, 43.28125, 93.0625, 127.75, 35.46875, 146.375, 141.25, 46.5625, 111.75, 119.1875, 37.09375, 106.75, 127.875, 26.0, 53.25, 86.5, 122.1875, 63.28125, 53.9375, 92.75, 115.125, 97.4375, 122.75, 44.28125, 67.4375, 26.90625, 75.0, 119.125, 107.9375, 56.3125, 95.6875, 14.0390625, 54.59375, 76.0625, 91.5], [65.125, 134.125, 69.25, 107.9375, 0.0, 123.8125, 95.875, 137.0, 26.0, 20.25, 83.0, 41.625, 42.375, 123.9375, 163.25, 116.25, 117.875, 31.3125, 138.0, 96.6875, 92.625, 94.125, 84.125, 7.28125, 53.0, 24.046875, 116.25, 96.625, 135.75, 97.0625, 108.25, 159.875, 147.75, 95.0625, 141.25, 153.5, 173.625, 131.625, 126.375, 77.9375, 167.625, 58.1875, 58.53125, 112.1875, 43.875, 164.125, 103.8125, 32.1875, 51.75, 113.0, 71.4375, 95.75, 75.8125, 95.5625, 90.9375, 82.5625, 70.25, 116.1875, 15.65625, 38.9375, 99.3125, 89.75, 38.125, 91.375, 117.375, 112.4375, 146.125, 121.0625, 59.03125, 22.203125, 58.6875, 23.1875, 155.25, 37.4375, 94.625, 140.625, 125.5, 120.9375, 56.65625, 84.1875, 140.625, 110.4375, 130.75, 87.1875, 138.0, 118.6875, 65.75, 118.125, 96.75, 13.6015625, 117.0625, 40.3125, 57.8125, 163.5, 8.0625, 121.8125, 63.5625, 155.5, 93.5, 83.625, 67.4375, 70.25, 127.6875, 85.1875, 126.25, 16.28125, 96.8125, 114.625, 92.0625, 33.09375, 87.9375, 105.6875, 52.6875, 34.0, 64.75, 18.6875, 98.6875, 128.875, 86.375, 74.25, 8.0625, 87.625, 153.0, 112.625, 127.125, 111.0, 84.75, 140.25, 136.25, 68.5625, 140.0, 88.0, 59.53125, 67.25, 77.25, 82.625, 71.1875, 169.75, 20.03125, 97.5, 145.375, 31.140625, 181.125, 100.5, 54.15625, 71.0625, 143.5, 176.375, 115.25, 89.5625, 170.5, 129.5, 77.1875, 126.375, 172.375, 140.5, 166.875, 121.6875, 137.25, 45.65625, 72.0], [96.875, 128.875, 178.0, 80.375, 123.8125, 0.0, 103.0625, 105.3125, 117.5, 142.125, 93.0, 125.375, 86.625, 152.125, 135.625, 80.25, 76.9375, 119.0, 56.71875, 51.15625, 52.0, 86.5625, 79.3125, 130.125, 93.125, 125.1875, 88.9375, 42.1875, 123.5625, 207.125, 122.625, 84.875, 30.15625, 192.625, 100.6875, 191.25, 166.125, 180.5, 16.40625, 193.5, 199.125, 71.0, 159.375, 88.5625, 166.0, 161.5, 201.125, 94.625, 72.125, 81.0, 179.0, 72.125, 191.25, 69.5625, 114.0625, 185.0, 161.25, 121.5, 129.125, 138.25, 194.0, 106.0625, 99.3125, 63.0625, 69.75, 14.3203125, 114.25, 172.125, 144.875, 128.375, 103.75, 139.875, 121.8125, 87.0, 36.6875, 149.625, 173.375, 179.0, 177.625, 40.8125, 32.5625, 123.9375, 114.625, 36.78125, 104.9375, 183.25, 130.25, 54.59375, 215.625, 111.75, 26.828125, 164.125, 124.75, 129.75, 122.3125, 111.3125, 114.5625, 51.40625, 48.0, 81.0, 152.75, 92.4375, 76.875, 61.65625, 173.375, 116.0, 117.0, 13.0, 77.3125, 139.75, 182.5, 133.625, 73.8125, 149.0, 78.875, 133.375, 29.125, 5.0, 61.0625, 196.0, 129.25, 206.125, 111.0625, 175.25, 121.125, 80.3125, 63.125, 62.375, 172.125, 175.75, 106.0, 196.875, 119.5625, 68.625, 71.5625, 176.5, 87.0, 186.875, 138.875, 101.8125, 56.59375, 92.6875, 202.375, 25.078125, 92.0, 151.125, 192.875, 175.375, 191.625, 116.0, 86.75, 70.1875, 138.75, 192.125, 188.0, 45.28125, 175.25, 86.3125, 134.25, 121.25, 59.03125], [129.125, 194.0, 164.875, 149.25, 95.875, 103.0625, 0.0, 182.125, 112.5625, 101.0, 140.125, 129.375, 63.28125, 199.5, 213.875, 154.5, 153.5, 117.8125, 151.375, 119.875, 116.75, 143.875, 26.0, 96.75, 44.78125, 77.0, 160.125, 61.40625, 192.0, 191.625, 174.625, 180.375, 133.0, 190.875, 181.625, 235.625, 236.125, 216.625, 116.75, 171.125, 248.0, 59.40625, 154.0, 157.25, 134.0, 228.375, 199.625, 93.3125, 76.375, 153.0, 167.25, 31.015625, 169.25, 133.125, 158.5, 178.5, 164.5, 179.125, 87.125, 76.5, 195.0, 7.6171875, 107.375, 124.875, 148.5, 89.1875, 192.375, 206.125, 150.75, 81.0, 37.34375, 119.0625, 201.75, 74.625, 103.625, 208.625, 209.75, 208.625, 147.0, 75.0, 134.625, 176.75, 184.0, 81.0, 182.5, 208.375, 149.625, 138.75, 186.375, 84.1875, 118.125, 123.3125, 141.0, 210.625, 101.375, 176.875, 139.5, 153.75, 114.0625, 132.125, 159.875, 27.296875, 159.25, 43.6875, 210.25, 103.125, 14.3203125, 104.25, 136.0, 128.375, 183.375, 178.75, 90.5, 95.1875, 113.875, 89.0, 99.9375, 106.0, 118.75, 161.5, 103.9375, 178.125, 194.125, 201.25, 185.5, 151.25, 119.0, 156.375, 216.375, 164.375, 184.25, 183.25, 43.1875, 105.75, 37.59375, 177.875, 126.5625, 244.125, 95.0, 155.75, 154.625, 81.5, 258.0, 96.5625, 115.875, 162.125, 229.5, 242.375, 208.125, 158.75, 185.625, 156.0, 161.75, 216.875, 246.125, 144.375, 236.875, 161.75, 198.75, 130.125, 57.8125], [72.125, 29.609375, 148.0, 33.09375, 137.0, 105.3125, 182.125, 0.0, 113.4375, 156.125, 54.03125, 105.75, 129.375, 65.3125, 32.0, 27.796875, 29.703125, 109.875, 54.90625, 63.25, 65.8125, 43.28125, 156.5, 144.0, 147.875, 154.875, 22.46875, 128.875, 22.203125, 170.375, 44.59375, 46.25, 96.75, 145.75, 8.9453125, 98.625, 60.8125, 97.5625, 90.3125, 167.75, 102.0625, 124.8125, 129.25, 25.96875, 160.125, 56.90625, 151.5, 108.875, 110.125, 29.15625, 147.25, 157.0, 165.875, 49.1875, 54.125, 145.625, 121.0625, 36.125, 151.125, 172.0, 143.875, 181.25, 99.0625, 57.3125, 36.25, 110.625, 10.296875, 93.625, 110.0625, 155.5, 161.375, 136.0, 19.703125, 120.0625, 81.375, 51.34375, 92.125, 103.25, 165.75, 109.0, 83.9375, 43.84375, 15.65625, 103.6875, 1.4140625, 110.9375, 89.5625, 50.78125, 190.625, 133.625, 78.5625, 167.5, 91.6875, 28.640625, 130.0, 21.265625, 79.8125, 79.0625, 69.0, 54.90625, 112.375, 159.25, 28.640625, 140.375, 91.6875, 121.0625, 192.875, 94.3125, 48.09375, 126.625, 136.25, 58.0, 97.4375, 171.0, 75.5, 155.125, 87.6875, 107.375, 63.53125, 181.75, 136.25, 182.5, 16.5, 104.375, 25.9375, 30.890625, 63.5, 50.34375, 83.1875, 145.0, 3.162109375, 161.125, 174.0, 79.375, 144.625, 131.875, 66.1875, 85.5625, 157.0, 41.21875, 61.21875, 118.25, 101.0, 92.6875, 83.125, 107.1875, 106.875, 70.375, 126.0625, 56.8125, 58.59375, 36.0625, 88.0, 118.0, 86.0, 69.4375, 72.375, 20.609375, 34.25, 99.4375, 124.3125], [41.4375, 108.6875, 61.6875, 86.375, 26.0, 117.5, 112.5625, 113.4375, 0.0, 43.09375, 59.53125, 17.203125, 51.0, 98.125, 138.375, 94.9375, 97.0625, 5.65625, 121.25, 81.1875, 77.4375, 71.5625, 95.875, 32.0, 67.75, 49.09375, 93.75, 98.625, 110.625, 91.0625, 82.4375, 140.375, 137.5, 82.0, 118.375, 128.875, 147.75, 107.5625, 116.6875, 76.0625, 142.625, 63.0, 45.1875, 89.625, 51.625, 138.25, 91.0, 24.515625, 50.0, 91.5, 63.0625, 105.6875, 73.8125, 76.0625, 65.3125, 71.4375, 52.78125, 90.625, 41.625, 64.875, 85.125, 107.375, 19.109375, 73.5625, 97.6875, 108.25, 122.125, 96.9375, 38.28125, 47.875, 77.0, 24.703125, 131.0, 41.125, 83.875, 114.5625, 101.125, 97.8125, 61.53125, 81.625, 128.75, 84.625, 106.0625, 82.875, 114.5, 96.5625, 40.46875, 101.0, 98.1875, 30.484375, 105.4375, 55.375, 32.1875, 139.0, 18.03125, 97.0625, 37.65625, 141.5, 79.3125, 62.3125, 47.4375, 85.4375, 107.25, 92.0, 101.8125, 10.6328125, 116.0, 106.5, 71.1875, 22.359375, 73.1875, 79.6875, 43.84375, 58.84375, 46.3125, 44.59375, 89.625, 122.4375, 69.625, 79.875, 23.09375, 88.75, 129.75, 89.875, 101.8125, 89.5625, 67.6875, 122.6875, 111.0625, 59.90625, 116.5, 81.0625, 81.5625, 52.34375, 86.5625, 67.25, 49.34375, 144.0, 44.90625, 73.0, 129.25, 33.125, 155.625, 92.625, 33.09375, 49.65625, 119.875, 150.375, 95.625, 63.78125, 151.75, 110.1875, 52.34375, 104.8125, 146.625, 126.0625, 140.875, 99.6875, 111.625, 20.0, 75.3125], [84.0625, 151.625, 66.875, 127.75, 20.25, 142.125, 101.0, 156.125, 43.09375, 0.0, 102.125, 55.65625, 57.4375, 138.125, 181.5, 136.125, 137.875, 47.53125, 158.25, 116.875, 112.8125, 113.625, 94.125, 13.0, 62.65625, 24.078125, 135.875, 112.0625, 153.75, 91.4375, 125.125, 180.125, 167.0, 95.25, 160.75, 164.75, 189.875, 142.0, 145.625, 70.375, 179.25, 73.8125, 61.84375, 131.75, 33.0, 180.25, 103.375, 52.40625, 70.1875, 132.875, 69.4375, 106.625, 68.5, 115.6875, 108.1875, 81.875, 75.6875, 133.5, 14.8671875, 30.015625, 100.25, 94.0625, 57.875, 111.625, 137.5, 130.125, 165.0, 131.75, 68.25, 20.03125, 64.1875, 27.203125, 174.0, 55.1875, 114.25, 156.375, 136.5, 130.25, 46.0, 101.875, 160.25, 127.3125, 149.125, 105.375, 157.25, 126.75, 79.5, 138.375, 85.6875, 30.484375, 136.75, 23.765625, 72.4375, 182.125, 26.171875, 140.125, 80.25, 175.5, 113.625, 103.4375, 75.3125, 78.0625, 147.75, 98.4375, 137.25, 35.21875, 99.0, 133.5, 112.0, 40.21875, 89.875, 121.1875, 72.5625, 16.546875, 84.875, 12.0390625, 118.0, 147.125, 106.625, 61.40625, 20.03125, 77.25, 172.375, 121.5, 144.875, 130.875, 105.0, 160.5, 148.625, 67.125, 159.25, 83.6875, 59.84375, 87.4375, 89.3125, 85.4375, 90.8125, 183.375, 6.08203125, 116.0625, 165.625, 50.0, 193.75, 119.5, 73.8125, 80.0, 153.25, 192.0, 120.625, 106.5625, 190.625, 149.75, 89.875, 133.625, 186.125, 160.625, 181.625, 141.375, 154.375, 60.875, 87.6875], [18.109375, 55.0625, 102.0625, 28.84375, 83.0, 93.0, 140.125, 54.03125, 59.53125, 102.125, 0.0, 53.71875, 80.75, 62.65625, 81.0, 37.21875, 40.21875, 56.28125, 71.1875, 42.28125, 41.0, 13.0390625, 116.125, 90.0, 100.375, 101.8125, 34.46875, 98.0, 54.78125, 128.125, 35.0, 84.0625, 100.875, 107.625, 58.84375, 101.5625, 97.125, 88.125, 84.1875, 121.0625, 111.8125, 80.6875, 82.3125, 30.359375, 107.9375, 88.8125, 115.25, 56.3125, 63.875, 33.625, 101.9375, 120.1875, 119.0, 26.0, 21.59375, 103.5625, 78.125, 39.0625, 97.4375, 118.875, 107.5625, 137.625, 45.28125, 30.265625, 43.125, 90.9375, 63.0625, 79.3125, 63.65625, 102.125, 113.5625, 82.6875, 72.25, 70.25, 57.3125, 68.5625, 80.875, 86.0, 114.9375, 76.0625, 88.9375, 37.0, 48.5, 72.8125, 55.09375, 90.375, 44.03125, 52.46875, 144.5, 80.4375, 70.1875, 114.25, 42.625, 80.625, 76.0, 39.84375, 29.828125, 95.6875, 45.0, 12.0, 68.875, 114.5, 50.46875, 103.25, 81.0625, 67.0, 148.625, 80.0, 17.890625, 74.4375, 97.375, 42.375, 49.8125, 117.0, 26.25, 101.25, 65.375, 97.0625, 32.0625, 132.125, 82.25, 135.625, 70.25, 82.375, 46.96875, 31.90625, 30.15625, 70.75, 81.9375, 99.1875, 57.09375, 118.125, 124.3125, 35.0, 104.125, 91.8125, 13.890625, 104.8125, 103.0, 16.125, 79.8125, 66.875, 119.25, 70.5625, 29.609375, 65.1875, 100.8125, 102.625, 99.9375, 23.1875, 96.25, 55.3125, 48.75, 99.25, 106.6875, 80.625, 96.875, 40.84375, 59.375, 47.4375, 84.8125], [36.90625, 97.125, 53.0, 82.3125, 41.625, 125.375, 129.375, 105.75, 17.203125, 55.65625, 53.71875, 0.0, 67.0625, 82.75, 128.0, 90.8125, 93.5625, 11.6640625, 121.375, 83.75, 80.4375, 66.625, 111.8125, 46.53125, 84.5625, 65.4375, 88.0, 111.3125, 100.0, 81.8125, 70.25, 137.375, 142.5, 68.75, 111.6875, 112.0625, 134.375, 90.5, 122.4375, 70.1875, 126.0625, 77.625, 34.0, 83.9375, 54.40625, 124.6875, 77.625, 38.3125, 63.0, 87.1875, 53.71875, 121.0, 68.0, 74.8125, 54.0, 59.78125, 38.0, 79.0625, 57.125, 80.4375, 71.1875, 124.3125, 27.296875, 74.25, 95.4375, 117.625, 113.625, 79.875, 22.203125, 63.8125, 94.125, 31.015625, 122.0625, 56.5, 89.9375, 100.6875, 84.1875, 80.625, 61.28125, 92.5625, 132.625, 72.3125, 96.5, 92.875, 106.9375, 79.375, 24.1875, 101.3125, 93.375, 47.625, 110.125, 62.1875, 16.765625, 129.5, 33.59375, 87.5625, 26.171875, 143.5, 83.0, 59.625, 31.40625, 102.1875, 103.8125, 106.5625, 84.875, 27.65625, 133.125, 113.625, 68.5, 20.875, 59.21875, 65.5, 53.9375, 72.125, 48.59375, 59.53125, 96.625, 130.25, 71.5625, 78.75, 36.6875, 84.125, 122.25, 72.6875, 91.0, 85.4375, 69.4375, 122.0, 94.625, 50.59375, 108.9375, 71.5625, 98.6875, 57.3125, 102.0, 53.15625, 47.0, 128.375, 58.6875, 64.5625, 129.75, 48.75, 139.5, 100.3125, 34.40625, 32.90625, 102.75, 136.25, 79.0625, 52.0, 149.375, 107.9375, 35.59375, 87.6875, 131.0, 128.0, 126.0625, 94.5625, 99.5, 6.32421875, 89.0625], [67.375, 135.875, 109.3125, 96.5625, 42.375, 86.625, 63.28125, 129.375, 51.0, 57.4375, 80.75, 67.0625, 0.0, 137.25, 159.75, 103.5625, 103.75, 55.78125, 113.875, 74.0, 70.0, 87.3125, 44.90625, 46.96875, 19.84375, 38.59375, 106.875, 54.71875, 135.125, 138.0, 114.0, 140.0, 113.625, 132.375, 131.0, 172.625, 177.875, 153.375, 92.5625, 119.875, 185.25, 16.40625, 95.1875, 103.4375, 86.1875, 169.5, 141.375, 30.015625, 20.03125, 101.125, 111.1875, 55.03125, 117.6875, 81.0, 97.1875, 121.0, 103.75, 119.5625, 43.28125, 52.40625, 135.875, 59.1875, 44.09375, 74.0, 100.6875, 73.75, 139.5, 142.875, 89.0, 41.875, 32.75, 63.9375, 149.0, 11.3984375, 64.75, 148.25, 146.5, 145.375, 99.0, 45.8125, 109.0, 116.1875, 127.9375, 50.25, 130.0, 145.375, 86.375, 96.0625, 139.125, 28.796875, 86.3125, 80.75, 77.8125, 157.875, 44.5625, 119.875, 76.375, 126.1875, 69.0625, 75.25, 98.25, 36.0625, 111.875, 42.96875, 147.0, 43.03125, 69.375, 79.625, 81.25, 70.0, 123.9375, 116.6875, 31.953125, 62.46875, 55.0, 47.4375, 66.125, 91.375, 67.75, 116.5, 49.71875, 130.0, 143.625, 138.25, 127.625, 99.1875, 67.0625, 117.4375, 153.5, 108.125, 131.875, 128.5, 44.65625, 50.0, 36.0, 118.0625, 66.875, 182.5, 53.25, 96.875, 119.875, 18.390625, 195.875, 66.1875, 53.8125, 99.9375, 166.25, 183.125, 146.125, 97.0, 148.625, 111.1875, 98.5, 154.0, 184.75, 112.5625, 176.375, 110.375, 140.125, 67.25, 30.234375], [70.4375, 37.1875, 103.5, 73.0, 123.9375, 152.125, 199.5, 65.3125, 98.125, 138.125, 62.65625, 82.75, 137.25, 0.0, 65.8125, 76.25, 80.3125, 92.6875, 114.4375, 101.1875, 101.125, 65.75, 176.875, 129.25, 157.0, 147.125, 67.375, 160.625, 44.65625, 118.25, 29.421875, 111.5, 153.125, 91.1875, 74.25, 39.28125, 56.21875, 32.3125, 140.5, 122.3125, 49.25, 140.625, 89.0625, 66.0625, 128.375, 46.28125, 94.8125, 108.3125, 123.375, 74.0625, 101.6875, 182.0, 121.0625, 82.5625, 41.6875, 95.5625, 76.0625, 32.25, 139.625, 162.875, 87.75, 196.125, 94.25, 89.75, 87.125, 152.125, 65.4375, 29.0625, 73.1875, 146.0, 169.125, 111.9375, 68.6875, 125.875, 118.375, 23.40625, 26.921875, 38.9375, 129.125, 138.75, 140.125, 28.15625, 49.65625, 135.375, 66.625, 47.375, 58.6875, 102.0, 142.875, 127.3125, 126.6875, 140.25, 66.1875, 71.5625, 115.875, 46.5625, 62.0, 140.25, 105.25, 73.75, 70.125, 172.875, 86.5, 165.125, 26.421875, 108.5625, 206.5, 139.25, 75.1875, 99.3125, 83.5, 20.8125, 109.375, 154.75, 87.125, 142.25, 126.375, 155.625, 93.3125, 141.25, 119.4375, 136.25, 76.875, 42.1875, 39.40625, 74.0, 91.6875, 111.1875, 20.09375, 100.375, 67.5625, 110.875, 177.125, 97.125, 165.125, 81.0, 74.4375, 46.03125, 141.5, 50.4375, 122.1875, 120.3125, 58.6875, 131.75, 83.625, 64.125, 42.59375, 55.3125, 64.0, 41.0625, 123.9375, 94.375, 48.75, 53.40625, 48.5625, 127.75, 43.6875, 73.0, 34.65625, 78.3125, 146.5], [98.3125, 32.28125, 163.5, 64.6875, 163.25, 135.625, 213.875, 32.0, 138.375, 181.5, 81.0, 128.0, 159.75, 65.8125, 0.0, 59.8125, 61.625, 134.125, 81.875, 95.25, 97.8125, 72.4375, 188.375, 170.0, 178.625, 182.75, 53.84375, 160.75, 28.078125, 182.125, 58.84375, 63.5, 123.6875, 155.625, 35.0, 88.1875, 34.125, 94.8125, 120.125, 183.125, 87.0, 156.125, 146.25, 56.8125, 181.125, 34.71875, 160.0, 137.25, 141.0, 61.03125, 162.25, 189.0, 181.5, 80.75, 74.0625, 158.25, 135.625, 49.5, 178.0, 199.875, 152.75, 212.875, 126.125, 89.0625, 67.875, 141.875, 21.9375, 94.375, 127.6875, 183.0, 192.125, 159.0, 13.890625, 150.0, 113.375, 43.84375, 91.3125, 104.25, 185.0, 141.0, 111.375, 57.0625, 32.5625, 135.75, 31.890625, 112.9375, 108.1875, 81.6875, 205.0, 161.375, 109.1875, 190.25, 112.375, 8.0625, 155.875, 41.4375, 102.0, 102.875, 101.0625, 84.5, 127.875, 190.625, 59.03125, 172.375, 90.5625, 147.0, 224.375, 125.25, 78.75, 148.375, 147.125, 68.625, 127.75, 197.0, 105.0, 181.75, 119.5, 137.25, 95.1875, 199.625, 161.5, 197.625, 25.625, 108.0, 37.125, 62.6875, 95.0, 76.5625, 78.0, 160.375, 30.40625, 173.875, 204.125, 110.0625, 176.375, 143.75, 94.375, 66.6875, 183.0, 65.75, 86.375, 147.375, 80.75, 124.4375, 110.625, 122.125, 100.8125, 45.03125, 129.75, 76.1875, 73.0, 65.4375, 103.3125, 118.125, 66.125, 96.25, 52.1875, 52.625, 32.1875, 122.0, 156.125], [54.21875, 48.71875, 138.875, 8.546875, 116.25, 80.25, 154.5, 27.796875, 94.9375, 136.125, 37.21875, 90.8125, 103.5625, 76.25, 59.8125, 0.0, 4.125, 92.375, 38.90625, 35.46875, 38.0, 24.1875, 128.75, 123.5, 121.4375, 132.0, 9.0546875, 101.125, 43.375, 164.125, 48.28125, 46.875, 77.0, 142.0, 27.515625, 114.0625, 86.8125, 107.5, 66.5, 158.0, 120.375, 97.875, 119.1875, 10.4375, 144.75, 81.5, 149.0, 86.0625, 83.9375, 3.60546875, 138.5, 129.25, 156.0, 22.5625, 48.25, 139.25, 113.875, 44.03125, 129.375, 149.0, 141.25, 153.875, 78.25, 30.078125, 11.046875, 84.0625, 38.0, 101.125, 100.25, 133.0, 135.0, 118.9375, 47.15625, 95.0625, 53.75, 69.875, 101.0, 109.75, 152.125, 81.1875, 64.0, 48.84375, 34.4375, 75.9375, 28.015625, 116.125, 80.0625, 26.46875, 181.375, 111.0625, 53.5, 150.25, 79.625, 56.09375, 110.0, 31.578125, 66.875, 64.875, 41.21875, 32.75, 104.6875, 132.125, 13.453125, 112.625, 100.8125, 101.0, 165.5, 68.4375, 24.1875, 111.375, 131.875, 61.6875, 72.0, 150.0, 52.03125, 133.5, 60.3125, 82.875, 36.40625, 169.25, 116.6875, 172.625, 40.15625, 108.625, 41.21875, 5.38671875, 36.6875, 36.6875, 96.0625, 135.875, 29.6875, 154.25, 148.25, 53.75, 117.0, 126.75, 45.59375, 106.875, 136.25, 32.4375, 47.15625, 94.1875, 122.4375, 65.4375, 62.375, 100.4375, 118.6875, 95.5, 128.75, 51.03125, 59.1875, 19.71875, 82.3125, 124.25, 107.8125, 51.625, 95.0625, 7.2109375, 54.09375, 84.5625, 96.75], [56.8125, 52.1875, 142.125, 11.3984375, 117.875, 76.9375, 153.5, 29.703125, 97.0625, 137.875, 40.21875, 93.5625, 103.75, 80.3125, 61.625, 4.125, 0.0, 94.6875, 34.78125, 33.84375, 36.71875, 27.203125, 127.625, 125.125, 121.3125, 133.0, 13.0, 99.1875, 46.625, 167.625, 52.40625, 43.90625, 73.0, 145.75, 28.171875, 118.0625, 89.5625, 111.625, 62.9375, 161.25, 124.1875, 97.4375, 122.4375, 14.5625, 147.25, 84.5625, 152.75, 87.25, 83.9375, 7.2109375, 141.875, 127.625, 159.25, 23.015625, 52.15625, 142.875, 117.375, 48.09375, 130.75, 150.0, 145.0, 153.0, 80.0625, 29.828125, 7.28125, 81.25, 39.6875, 105.25, 103.5625, 134.25, 134.875, 121.25, 48.59375, 95.5, 51.75, 73.5625, 105.125, 113.875, 154.875, 79.625, 60.0, 52.9375, 37.6875, 74.1875, 29.734375, 120.1875, 83.5, 22.796875, 184.625, 112.3125, 50.15625, 152.375, 82.8125, 57.4375, 111.8125, 35.34375, 70.0, 60.71875, 39.65625, 34.78125, 108.1875, 131.5, 10.296875, 111.25, 104.9375, 102.8125, 164.625, 65.375, 25.96875, 114.0625, 135.625, 65.8125, 72.4375, 151.5, 53.34375, 135.0, 58.0, 79.5, 36.125, 172.125, 118.625, 175.75, 40.71875, 112.75, 44.90625, 8.484375, 36.6875, 32.65625, 100.125, 139.125, 31.234375, 157.75, 148.25, 54.21875, 115.875, 130.375, 47.75, 110.4375, 137.75, 36.34375, 43.09375, 95.0, 125.9375, 63.03125, 64.3125, 104.0, 122.8125, 98.5, 132.875, 54.90625, 56.03125, 15.8125, 86.0625, 128.375, 111.3125, 47.53125, 98.4375, 9.4375, 57.5625, 87.3125, 95.6875], [38.3125, 104.0625, 59.25, 83.8125, 31.3125, 119.0, 117.8125, 109.875, 5.65625, 47.53125, 56.28125, 11.6640625, 55.78125, 92.6875, 134.125, 92.375, 94.6875, 0.0, 120.125, 80.75, 77.125, 68.6875, 100.6875, 37.0, 73.0, 54.65625, 90.6875, 101.9375, 106.3125, 88.625, 77.6875, 138.25, 138.0, 78.125, 115.125, 123.1875, 142.75, 101.9375, 117.4375, 74.625, 137.0, 67.125, 41.78125, 86.5625, 52.84375, 133.125, 87.0625, 28.015625, 53.34375, 88.875, 60.40625, 110.1875, 72.375, 74.3125, 60.65625, 68.0625, 48.25, 86.0, 46.96875, 70.25, 81.0, 112.6875, 19.71875, 72.4375, 95.6875, 110.3125, 118.3125, 91.3125, 33.25, 53.34375, 82.5, 26.578125, 127.125, 45.53125, 84.625, 109.4375, 95.4375, 92.1875, 61.84375, 84.1875, 128.875, 79.8125, 102.0, 85.125, 111.0, 91.0625, 34.84375, 99.875, 97.1875, 36.125, 105.75, 57.96875, 26.625, 135.0, 23.265625, 93.0, 32.75, 141.0, 79.1875, 60.0, 42.4375, 90.625, 104.9375, 96.125, 96.1875, 16.28125, 121.4375, 107.6875, 68.9375, 21.265625, 69.0, 74.4375, 45.875, 63.5625, 45.46875, 49.78125, 90.75, 123.9375, 68.875, 80.0625, 27.65625, 87.8125, 126.3125, 84.3125, 97.4375, 87.0, 66.8125, 121.25, 105.4375, 57.25, 113.0, 78.4375, 87.1875, 52.5, 91.0625, 63.03125, 47.0, 138.625, 49.71875, 69.125, 128.25, 37.65625, 150.125, 94.0, 31.625, 44.375, 114.1875, 145.25, 90.5, 59.03125, 149.875, 108.25, 46.6875, 99.375, 141.125, 125.5, 135.625, 96.8125, 106.875, 14.421875, 79.0625], [84.875, 83.125, 172.5, 44.71875, 138.0, 56.71875, 151.375, 54.90625, 121.25, 158.25, 71.1875, 121.375, 113.875, 114.4375, 81.875, 38.90625, 34.78125, 120.125, 0.0, 41.4375, 45.53125, 59.0625, 125.625, 145.25, 128.0, 148.625, 47.3125, 91.1875, 76.3125, 199.25, 87.0625, 29.15625, 42.0625, 178.625, 48.09375, 151.25, 114.5, 146.125, 40.375, 191.0, 156.125, 103.0, 152.75, 49.34375, 172.75, 111.5625, 186.125, 105.875, 94.1875, 41.78125, 172.625, 122.0625, 188.875, 46.6875, 86.3125, 174.75, 149.25, 82.1875, 148.625, 164.75, 178.375, 152.625, 102.5625, 47.71875, 29.0625, 66.375, 61.96875, 140.0, 134.5, 150.625, 141.0, 146.0, 68.0, 108.4375, 50.0, 105.0625, 139.75, 148.625, 181.875, 77.125, 29.546875, 87.5625, 68.0625, 71.0, 54.125, 155.0, 115.25, 20.25, 214.375, 129.625, 33.625, 175.875, 113.1875, 75.1875, 133.25, 68.25, 100.5625, 25.96875, 45.34375, 62.21875, 140.125, 134.0, 28.078125, 107.6875, 139.5, 124.75, 164.25, 49.25, 53.8125, 140.75, 168.5, 100.5625, 86.6875, 169.875, 74.9375, 153.0, 51.78125, 57.28125, 51.875, 199.75, 140.375, 205.25, 56.34375, 147.5, 77.0, 42.53125, 53.71875, 5.65625, 134.0, 169.75, 54.5625, 189.125, 156.0, 70.75, 115.125, 163.0, 74.4375, 140.375, 157.0, 70.6875, 8.6015625, 110.4375, 155.875, 54.8125, 88.5, 136.375, 157.0, 124.625, 167.375, 89.0, 35.0, 20.09375, 119.25, 163.125, 140.875, 14.5625, 127.3125, 41.4375, 88.1875, 115.5, 96.625], [49.65625, 81.3125, 136.375, 32.1875, 96.6875, 51.15625, 119.875, 63.25, 81.1875, 116.875, 42.28125, 83.75, 74.0, 101.1875, 95.25, 35.46875, 33.84375, 80.75, 41.4375, 0.0, 4.125, 35.5, 93.9375, 103.875, 89.9375, 107.5, 42.53125, 65.75, 77.1875, 164.5, 71.8125, 66.0625, 59.9375, 146.75, 61.90625, 140.5, 121.5, 129.375, 41.96875, 153.875, 149.0, 65.3125, 116.8125, 40.8125, 132.75, 115.4375, 154.875, 64.5, 54.0, 34.65625, 136.875, 93.8125, 151.75, 18.6875, 63.0, 140.75, 115.875, 71.5, 107.1875, 123.8125, 147.375, 119.625, 62.1875, 12.0390625, 28.640625, 51.25, 73.4375, 121.0, 100.0, 109.375, 103.4375, 105.8125, 82.4375, 67.625, 18.59375, 100.625, 122.1875, 128.125, 142.5, 45.8125, 49.09375, 73.25, 68.4375, 40.46875, 63.40625, 132.625, 82.875, 22.203125, 177.0, 88.25, 28.15625, 135.0, 78.75, 91.25, 92.1875, 63.28125, 67.125, 60.3125, 5.83203125, 30.40625, 106.875, 98.6875, 39.5625, 77.375, 122.25, 83.875, 131.25, 38.21875, 26.171875, 101.875, 136.375, 82.5, 45.34375, 128.375, 35.34375, 111.625, 25.9375, 55.0, 12.203125, 160.75, 99.375, 167.75, 74.3125, 124.6875, 73.0625, 33.3125, 14.421875, 44.15625, 121.1875, 133.75, 65.0, 154.25, 117.625, 29.53125, 82.3125, 130.625, 38.90625, 138.25, 115.5, 50.8125, 48.75, 69.125, 153.5, 31.3125, 49.53125, 104.25, 141.75, 129.625, 142.0, 65.0, 75.125, 37.46875, 89.875, 141.5, 139.5, 44.8125, 127.625, 42.625, 86.625, 78.4375, 62.25], [47.0, 82.6875, 133.25, 33.96875, 92.625, 52.0, 116.75, 65.8125, 77.4375, 112.8125, 41.0, 80.4375, 70.0, 101.125, 97.8125, 38.0, 36.71875, 77.125, 45.53125, 4.125, 0.0, 35.4375, 90.9375, 99.8125, 86.125, 103.375, 44.5625, 63.78125, 78.875, 161.5, 71.8125, 70.125, 62.65625, 144.125, 64.875, 140.375, 123.3125, 128.625, 43.96875, 150.625, 149.25, 61.625, 113.75, 42.53125, 129.0, 117.0, 152.375, 60.40625, 50.0, 36.875, 133.75, 91.1875, 148.375, 19.234375, 62.125, 137.875, 113.125, 72.0625, 103.0625, 119.6875, 144.875, 116.375, 58.40625, 11.3984375, 31.953125, 50.96875, 76.0, 120.125, 97.125, 105.25, 99.625, 102.0, 85.125, 63.5, 17.46875, 101.5625, 121.5, 127.0, 138.875, 43.28125, 52.1875, 73.375, 70.1875, 38.1875, 66.0, 131.25, 80.4375, 26.3125, 173.625, 84.125, 30.46875, 131.0, 76.0, 94.0625, 88.1875, 64.625, 64.625, 64.0, 4.125, 29.015625, 104.1875, 95.1875, 43.0, 74.625, 121.5625, 79.9375, 128.0, 39.0, 25.96875, 98.3125, 133.875, 82.0625, 41.21875, 124.25, 31.890625, 107.5, 25.296875, 56.09375, 9.484375, 157.125, 95.375, 164.375, 77.375, 123.3125, 74.3125, 35.375, 11.703125, 48.28125, 121.0625, 130.625, 67.6875, 151.125, 113.75, 25.546875, 79.1875, 127.9375, 36.40625, 139.125, 111.4375, 50.6875, 52.8125, 65.0, 154.25, 30.671875, 46.09375, 101.75, 141.125, 131.25, 140.25, 64.0, 79.25, 41.3125, 87.8125, 140.25, 140.5, 48.59375, 128.75, 45.21875, 87.9375, 75.1875, 59.03125], [30.359375, 50.25, 115.0, 15.8125, 94.125, 86.5625, 143.875, 43.28125, 71.5625, 113.625, 13.0390625, 66.625, 87.3125, 65.75, 72.4375, 24.1875, 27.203125, 68.6875, 59.0625, 35.5, 35.4375, 0.0, 119.0, 101.25, 106.4375, 111.625, 22.203125, 97.125, 48.25, 140.75, 36.40625, 71.0, 91.25, 119.625, 47.09375, 105.0, 92.3125, 94.0625, 76.0625, 134.0, 113.875, 84.875, 95.25, 18.109375, 120.6875, 84.875, 127.0, 65.625, 68.9375, 20.59375, 114.75, 121.75, 132.0, 17.03125, 28.640625, 116.125, 90.625, 37.21875, 108.0, 128.75, 119.25, 142.0, 56.03125, 24.046875, 30.484375, 86.375, 52.9375, 86.0625, 76.5, 112.3125, 119.875, 95.1875, 62.375, 77.5, 52.8125, 67.125, 87.0, 93.625, 127.875, 75.4375, 78.875, 37.9375, 40.71875, 71.375, 44.1875, 98.8125, 56.59375, 41.21875, 157.375, 90.375, 62.03125, 126.625, 55.59375, 71.0625, 87.4375, 33.0, 42.8125, 84.125, 39.5625, 12.0859375, 81.375, 119.25, 37.4375, 104.75, 87.0, 78.4375, 153.375, 73.6875, 9.484375, 87.3125, 109.375, 47.09375, 55.46875, 128.125, 32.5625, 112.0, 60.71875, 90.25, 28.171875, 145.125, 93.875, 148.625, 59.0, 91.0, 41.78125, 18.875, 26.921875, 58.25, 85.6875, 112.0625, 46.1875, 130.875, 131.625, 38.28125, 106.9375, 104.0, 23.0, 104.4375, 114.1875, 15.296875, 67.6875, 75.1875, 119.5, 66.125, 40.0, 77.4375, 106.3125, 99.0, 109.75, 31.046875, 83.25, 42.4375, 60.21875, 107.5, 106.0, 69.375, 95.0, 28.15625, 55.15625, 60.375, 87.0], [106.5, 169.25, 153.0, 123.6875, 84.125, 79.3125, 26.0, 156.5, 95.875, 94.125, 116.125, 111.8125, 44.90625, 176.875, 188.375, 128.75, 127.625, 100.6875, 125.625, 93.9375, 90.9375, 119.0, 0.0, 86.8125, 31.578125, 70.5, 134.5, 37.125, 167.0, 181.125, 151.0, 154.5, 109.4375, 177.0, 155.75, 213.875, 211.25, 196.0, 92.0625, 161.875, 225.75, 36.34375, 139.75, 131.875, 126.125, 203.875, 186.0, 74.0, 53.53125, 127.3125, 155.0, 13.0390625, 159.75, 107.625, 135.375, 165.375, 148.625, 154.875, 79.3125, 75.8125, 180.625, 27.171875, 87.4375, 99.3125, 122.5625, 65.125, 166.75, 185.625, 133.875, 74.625, 33.0, 107.0, 176.0, 55.375, 77.625, 184.625, 188.875, 188.875, 139.25, 49.03125, 110.0625, 153.0, 158.875, 55.03125, 156.75, 189.375, 130.0, 112.75, 179.5, 71.0, 92.5625, 117.75, 121.625, 184.875, 88.0, 151.875, 118.5625, 129.125, 88.125, 107.5, 143.125, 17.796875, 133.25, 18.109375, 189.25, 87.6875, 38.625, 79.25, 110.875, 114.375, 168.75, 156.0, 67.4375, 92.625, 90.125, 82.25, 74.0625, 82.75, 93.25, 155.5, 92.0625, 170.625, 168.25, 182.0, 160.75, 125.625, 93.625, 130.5, 194.375, 152.0, 158.5, 172.0, 46.6875, 81.3125, 12.0390625, 162.875, 102.9375, 220.75, 88.625, 131.5, 129.125, 63.0625, 234.875, 70.8125, 93.8125, 144.625, 208.875, 217.875, 190.75, 135.75, 160.0, 130.0, 142.0, 198.125, 222.625, 119.0625, 212.875, 136.0, 174.125, 111.625, 32.1875], [72.0, 140.625, 68.25, 115.125, 7.28125, 130.125, 96.75, 144.0, 32.0, 13.0, 90.0, 46.53125, 46.96875, 129.25, 170.0, 123.5, 125.125, 37.0, 145.25, 103.875, 99.8125, 101.25, 86.8125, 0.0, 55.3125, 21.46875, 123.375, 101.625, 142.375, 95.0625, 114.5, 167.125, 154.5, 95.1875, 148.375, 157.75, 179.75, 135.625, 133.0, 75.1875, 172.0, 63.125, 59.46875, 119.3125, 39.5625, 170.125, 103.75, 39.40625, 57.96875, 120.1875, 70.625, 98.8125, 73.125, 102.8125, 97.3125, 82.25, 72.125, 122.5625, 11.3984375, 34.21875, 99.75, 90.25, 45.28125, 98.6875, 124.6875, 118.4375, 153.0, 125.125, 62.21875, 18.59375, 59.40625, 23.265625, 162.125, 43.28125, 101.5, 146.5, 129.625, 124.5, 52.625, 90.125, 147.5, 116.6875, 137.5, 93.375, 145.0, 121.75, 70.6875, 125.375, 92.875, 18.59375, 124.0, 34.21875, 63.0625, 170.25, 14.140625, 128.5, 69.625, 162.625, 100.625, 90.8125, 70.1875, 72.0, 134.875, 89.1875, 130.375, 23.015625, 96.5625, 121.1875, 99.3125, 35.0, 88.625, 111.4375, 59.6875, 27.078125, 72.0625, 13.0390625, 105.4375, 135.125, 93.625, 69.625, 10.0, 83.9375, 160.125, 115.9375, 133.625, 118.25, 92.0, 147.5, 140.875, 67.9375, 147.0, 86.5, 58.3125, 74.4375, 80.75, 83.625, 78.3125, 175.0, 13.0390625, 104.3125, 152.625, 37.53125, 185.875, 107.0625, 61.28125, 74.25, 147.25, 182.25, 117.3125, 95.8125, 177.75, 136.875, 81.8125, 129.25, 177.625, 147.625, 172.375, 128.875, 143.625, 51.09375, 77.0], [87.1875, 155.375, 122.1875, 114.8125, 53.0, 93.125, 44.78125, 147.875, 67.75, 62.65625, 100.375, 84.5625, 19.84375, 157.0, 178.625, 121.4375, 121.3125, 73.0, 128.0, 89.9375, 86.125, 106.4375, 31.578125, 55.3125, 0.0, 39.40625, 125.375, 54.8125, 154.375, 150.0, 133.875, 155.375, 122.0625, 147.125, 149.0, 192.125, 197.5, 172.5, 101.9375, 130.5, 204.875, 25.0, 110.0, 122.0, 94.5625, 189.125, 156.0, 49.21875, 37.6875, 119.1875, 124.3125, 43.96875, 128.375, 99.0, 117.0625, 135.125, 119.9375, 139.25, 47.8125, 47.375, 151.0, 39.96875, 63.40625, 91.5, 117.6875, 79.1875, 158.0, 162.0, 106.0625, 43.46875, 13.6015625, 76.125, 167.5, 31.109375, 78.0, 168.0, 165.625, 164.125, 107.6875, 53.84375, 119.3125, 136.0, 147.125, 59.4375, 148.375, 163.75, 105.125, 111.4375, 147.875, 40.3125, 98.0, 86.3125, 96.5625, 176.375, 57.5625, 139.125, 95.875, 137.5, 84.5625, 94.375, 115.1875, 17.71875, 128.875, 37.65625, 166.25, 58.53125, 49.6875, 88.625, 99.9375, 84.375, 139.25, 136.5, 51.0, 62.4375, 74.4375, 50.90625, 77.625, 97.5, 85.1875, 123.9375, 61.03125, 139.125, 161.625, 156.625, 147.125, 117.3125, 84.75, 132.0, 173.125, 121.4375, 150.25, 141.0, 28.015625, 68.5625, 27.453125, 133.625, 86.5625, 202.375, 57.25, 116.5, 133.25, 37.1875, 215.625, 76.5, 73.6875, 117.375, 185.25, 202.875, 163.375, 116.875, 163.0, 127.4375, 117.375, 172.125, 204.5, 124.875, 196.125, 128.375, 159.75, 85.5, 34.1875], [84.625, 155.0, 89.0, 124.0625, 24.046875, 125.1875, 77.0, 154.875, 49.09375, 24.078125, 101.8125, 65.4375, 38.59375, 147.125, 182.75, 132.0, 133.0, 54.65625, 148.625, 107.5, 103.375, 111.625, 70.5, 21.46875, 39.40625, 0.0, 133.25, 91.5625, 156.0, 114.875, 129.75, 173.0, 152.0, 116.4375, 158.25, 177.5, 195.375, 155.625, 130.75, 94.125, 191.5, 54.5625, 80.9375, 129.375, 57.0, 186.125, 124.9375, 46.09375, 55.53125, 129.0, 91.5, 83.1875, 92.1875, 110.125, 112.375, 103.4375, 93.5, 137.25, 10.4375, 17.125, 121.0625, 70.1875, 56.75, 104.5625, 131.5, 112.3125, 164.5, 145.125, 83.0, 4.125, 40.125, 44.71875, 173.75, 40.5, 101.375, 162.875, 149.5, 145.0, 70.0625, 84.375, 146.75, 132.0, 150.25, 88.75, 155.875, 142.625, 89.375, 129.625, 109.75, 21.375, 123.5625, 47.3125, 81.25, 182.375, 31.890625, 141.5, 85.875, 163.25, 103.3125, 100.25, 91.1875, 54.125, 142.25, 76.3125, 150.25, 38.59375, 75.6875, 118.0, 108.0625, 56.3125, 110.0625, 128.375, 62.15625, 24.046875, 80.0, 12.0390625, 103.75, 130.0, 98.875, 85.3125, 30.8125, 101.3125, 170.5, 136.625, 147.5, 127.0, 97.625, 151.625, 160.0, 88.875, 157.875, 106.6875, 37.0, 79.5, 66.625, 105.125, 88.8125, 193.125, 18.25, 117.125, 155.375, 38.46875, 204.75, 104.3125, 72.1875, 95.0, 167.625, 198.75, 138.625, 111.25, 182.625, 143.0, 101.0625, 150.25, 195.625, 149.0, 189.625, 138.0, 158.375, 69.0625, 67.875], [52.40625, 39.9375, 134.25, 10.8203125, 116.25, 88.9375, 160.125, 22.46875, 93.75, 135.875, 34.46875, 88.0, 106.875, 67.375, 53.84375, 9.0546875, 13.0, 90.6875, 47.3125, 42.53125, 44.5625, 22.203125, 134.5, 123.375, 125.375, 133.25, 0.0, 108.25, 35.0, 158.75, 39.84375, 51.65625, 86.0, 135.875, 25.0, 105.0625, 79.0, 98.8125, 75.4375, 153.625, 111.3125, 102.4375, 114.8125, 4.125, 142.375, 73.25, 142.625, 87.1875, 87.6875, 8.0625, 133.75, 135.625, 151.75, 26.921875, 41.78125, 133.875, 108.5625, 35.125, 130.0, 150.375, 134.875, 159.0, 78.1875, 35.21875, 20.09375, 92.3125, 32.6875, 92.75, 95.6875, 134.125, 138.875, 117.1875, 42.15625, 97.75, 61.0625, 60.875, 92.4375, 101.5, 149.0, 87.8125, 73.0, 40.25, 26.078125, 82.75, 23.09375, 108.0625, 75.1875, 35.5, 177.0, 112.125, 62.3125, 148.625, 75.6875, 51.09375, 109.6875, 22.5625, 63.0625, 73.25, 48.09375, 33.0625, 99.5, 136.875, 20.125, 118.875, 92.1875, 100.625, 170.5, 76.9375, 25.703125, 108.875, 125.875, 53.5, 75.0, 150.25, 53.46875, 134.0, 68.0, 91.6875, 41.34375, 165.875, 116.125, 168.375, 37.21875, 100.75, 32.28125, 9.21875, 41.1875, 44.59375, 87.125, 131.25, 25.0, 149.0, 151.5, 56.90625, 122.5625, 120.9375, 45.09375, 98.0, 136.25, 26.171875, 55.375, 96.1875, 113.5, 73.25, 62.125, 94.9375, 109.875, 87.375, 121.25, 44.59375, 64.375, 27.515625, 76.375, 116.125, 99.0, 60.40625, 86.375, 7.0703125, 45.3125, 81.6875, 102.3125], [93.875, 146.25, 160.125, 97.75, 96.625, 42.1875, 61.40625, 128.875, 98.625, 112.0625, 98.0, 111.3125, 54.71875, 160.625, 160.75, 101.125, 99.1875, 101.9375, 91.1875, 65.75, 63.78125, 97.125, 37.125, 101.625, 54.8125, 91.5625, 108.25, 0.0, 142.625, 189.375, 132.375, 120.3125, 72.3125, 179.875, 126.6875, 199.5, 187.125, 184.375, 55.3125, 172.625, 209.75, 38.46875, 143.75, 106.3125, 140.5, 180.75, 188.875, 74.125, 48.65625, 100.4375, 161.625, 31.046875, 170.5, 82.625, 119.25, 170.0, 149.25, 134.25, 97.625, 102.0, 182.5, 64.0, 84.125, 74.1875, 93.0625, 28.015625, 138.875, 174.75, 133.125, 95.25, 63.53125, 116.6875, 147.625, 59.8125, 47.4375, 164.25, 177.125, 179.75, 153.125, 21.9375, 73.25, 134.25, 134.0, 25.8125, 128.875, 182.0, 123.6875, 81.0, 193.0, 83.1875, 57.59375, 135.5, 116.25, 156.375, 97.5, 128.25, 109.5, 92.375, 60.15625, 87.25, 142.0, 50.90625, 103.0, 19.640625, 177.375, 93.6875, 75.125, 42.96875, 87.9375, 120.3125, 170.5, 140.25, 58.03125, 115.5, 75.0, 101.625, 41.625, 45.71875, 69.0625, 170.875, 103.5, 183.625, 138.625, 174.125, 137.75, 99.0625, 70.1875, 96.375, 179.75, 158.5, 130.375, 179.5, 79.1875, 64.1875, 30.078125, 164.5, 87.0, 201.5, 107.625, 111.5, 93.6875, 67.375, 216.5, 37.21875, 83.875, 142.0, 197.375, 194.875, 186.75, 120.3125, 124.75, 98.5, 134.5, 191.0, 203.125, 83.1875, 192.0, 108.25, 151.375, 109.0, 24.59375], [71.3125, 7.6171875, 136.375, 45.0, 135.75, 123.5625, 192.0, 22.203125, 110.625, 153.75, 54.78125, 100.0, 135.125, 44.65625, 28.078125, 43.375, 46.625, 106.3125, 76.3125, 77.1875, 78.875, 48.25, 167.0, 142.375, 154.375, 156.0, 35.0, 142.625, 0.0, 156.125, 31.046875, 68.0, 117.6875, 130.375, 30.8125, 76.5, 44.5625, 76.5625, 109.4375, 156.0, 80.0, 133.125, 118.6875, 36.40625, 153.0, 38.28125, 135.375, 111.0, 117.125, 43.03125, 135.25, 169.0, 154.375, 60.15625, 46.0, 131.875, 108.625, 21.59375, 150.875, 172.875, 127.875, 190.25, 99.1875, 68.625, 53.84375, 127.25, 20.8125, 73.625, 99.9375, 156.0, 167.75, 131.0, 25.234375, 124.8125, 95.8125, 29.15625, 71.5625, 83.4375, 157.125, 121.6875, 104.75, 29.40625, 8.9453125, 116.9375, 23.34375, 91.5625, 80.25, 69.3125, 178.375, 134.625, 96.75, 162.125, 84.3125, 30.671875, 128.25, 15.265625, 74.0, 101.0, 82.625, 60.21875, 100.5625, 167.5, 48.84375, 152.125, 71.0, 119.5, 201.625, 111.8125, 56.09375, 120.25, 121.4375, 42.0625, 103.4375, 169.375, 80.0625, 154.375, 102.875, 126.0625, 74.25, 172.0, 133.75, 170.625, 32.1875, 85.5625, 9.0546875, 44.09375, 73.5625, 72.0625, 61.46875, 133.25, 23.7