{"name": "LZB_n160_2", "n": 160, "m": 20, "times": [[0.0, 25.96875, 71.0, 77.1875, 106.5625, 107.0625, 109.0625, 111.8125, 60.8125, 89.0, 18.4375, 81.5625, 54.5, 84.875, 79.125, 43.90625, 130.875, 96.4375, 61.40625, 69.875, 63.0625, 44.375, 55.09375, 55.75, 70.0, 104.375, 72.4375, 35.59375, 59.46875, 46.65625, 85.125, 97.5625, 79.75, 84.1875, 107.375, 94.3125, 79.375, 83.0, 39.6875, 107.6875, 4.47265625, 110.1875, 125.1875, 107.375, 23.015625, 56.875, 97.3125, 111.0, 11.046875, 51.09375, 123.75, 92.5625, 80.4375, 13.0, 94.875, 64.125, 92.0, 81.0, 63.625, 128.75, 34.65625, 85.0, 98.5, 22.671875, 103.8125, 85.1875, 18.875, 65.0, 58.0, 21.03125, 102.875, 101.5, 102.625, 115.125, 111.875, 41.0625, 91.0, 19.03125, 85.4375, 67.4375, 71.0, 99.625, 77.1875, 60.09375, 33.96875, 51.0, 129.5, 80.75, 31.78125, 109.0, 26.90625, 97.4375, 73.5, 23.859375, 96.8125, 108.375, 95.0, 119.125, 122.375, 83.4375, 58.53125, 75.375, 58.0, 83.0, 97.9375, 118.8125, 27.59375, 52.5, 20.25, 63.125, 97.0, 116.125, 110.0625, 107.3125, 64.375, 93.0625, 42.71875, 39.0, 57.0625, 109.1875, 69.625, 33.53125, 72.125, 41.59375, 82.3125, 28.015625, 102.8125, 85.1875, 30.609375, 95.1875, 94.875, 62.28125, 98.4375, 38.0, 128.0, 91.6875, 89.875, 57.78125, 107.8125, 35.59375, 74.0625, 51.65625, 78.25, 53.15625, 41.21875, 58.1875, 53.53125, 95.4375, 64.875, 98.875, 74.1875, 45.28125, 100.0, 82.375, 113.875, 50.5625, 60.53125, 71.8125, 79.1875, 108.75, 62.65625], [25.96875, 0.0, 47.375, 57.6875, 82.0, 131.0, 118.8125, 129.75, 77.375, 114.125, 43.09375, 63.40625, 46.5, 61.96875, 88.5, 69.375, 145.875, 85.125, 60.3125, 63.5625, 88.625, 66.75, 31.625, 80.9375, 95.4375, 84.125, 94.0625, 51.46875, 65.3125, 59.0625, 87.8125, 79.375, 100.0, 108.75, 132.5, 116.1875, 102.25, 64.625, 23.015625, 99.3125, 29.15625, 134.875, 139.875, 81.875, 8.25, 40.59375, 78.5, 136.125, 15.234375, 71.5625, 146.75, 67.0625, 75.9375, 38.90625, 117.6875, 84.875, 83.1875, 106.25, 77.8125, 142.625, 49.1875, 110.5625, 102.0, 41.21875, 125.1875, 97.0625, 41.875, 81.125, 33.53125, 46.6875, 83.5, 89.375, 81.4375, 102.4375, 102.9375, 41.0625, 116.1875, 10.0, 98.4375, 93.4375, 54.5625, 91.25, 53.75, 64.25, 17.0, 52.0, 145.0, 55.15625, 15.234375, 124.5625, 50.78125, 123.375, 78.25, 49.25, 72.5, 131.0, 92.0625, 110.5625, 137.625, 77.5, 84.5, 77.0625, 56.375, 104.8125, 123.5, 141.75, 51.96875, 57.71875, 44.0, 38.40625, 93.125, 93.625, 129.375, 120.125, 60.40625, 115.0, 49.71875, 16.125, 81.125, 134.875, 93.3125, 41.78125, 51.09375, 57.6875, 90.625, 31.890625, 114.875, 110.75, 50.4375, 78.125, 70.8125, 63.125, 99.5, 24.1875, 106.1875, 91.0625, 110.75, 83.5625, 89.625, 35.125, 95.4375, 57.375, 103.0, 78.75, 67.0625, 58.0625, 78.6875, 121.0625, 90.375, 123.125, 97.625, 70.0, 113.4375, 101.0, 137.375, 72.375, 85.875, 45.90625, 54.03125, 104.375, 73.0], [71.0, 47.375, 0.0, 67.6875, 35.78125, 177.875, 126.1875, 150.875, 102.0, 152.125, 84.5, 74.9375, 80.0625, 59.03125, 131.625, 114.8125, 160.625, 58.65625, 97.8125, 54.71875, 133.75, 101.875, 44.09375, 126.75, 135.0, 84.625, 141.375, 81.0625, 76.6875, 82.0, 87.6875, 86.75, 147.375, 155.25, 178.375, 146.125, 135.25, 27.515625, 33.84375, 122.6875, 75.0, 181.25, 154.375, 39.3125, 54.65625, 26.6875, 84.3125, 182.0, 61.71875, 103.125, 194.0, 46.0, 107.6875, 83.75, 165.0, 132.25, 62.625, 144.875, 123.6875, 155.375, 77.9375, 155.5, 139.75, 76.875, 172.625, 141.375, 88.75, 127.625, 40.0, 89.5, 86.75, 60.40625, 79.375, 118.125, 125.1875, 82.75, 154.5, 57.3125, 114.0, 136.375, 27.59375, 69.625, 6.40234375, 105.5, 55.0, 92.5, 160.75, 37.1875, 55.0625, 141.875, 97.4375, 166.375, 118.625, 94.875, 25.9375, 178.25, 80.75, 132.5, 153.125, 107.25, 127.875, 115.0, 59.46875, 135.375, 168.625, 189.0, 98.4375, 100.25, 84.1875, 10.4375, 79.875, 46.40625, 176.5, 132.875, 95.125, 145.25, 94.0, 46.09375, 117.875, 179.5, 128.625, 87.375, 12.203125, 104.625, 99.625, 58.46875, 126.8125, 150.5, 84.875, 40.78125, 23.859375, 67.375, 135.0, 37.375, 59.375, 125.4375, 139.0, 128.125, 94.875, 77.8125, 142.875, 71.5625, 140.375, 119.75, 111.625, 96.75, 124.5625, 161.0, 135.625, 169.75, 132.0, 109.125, 127.875, 148.0, 184.5, 105.875, 131.5, 27.734375, 41.6875, 133.0, 89.125], [77.1875, 57.6875, 67.6875, 0.0, 83.75, 160.5, 175.625, 187.125, 134.875, 164.25, 95.5, 7.28125, 35.125, 17.03125, 87.625, 111.0625, 203.625, 125.0, 50.46875, 112.625, 129.0, 121.5, 28.421875, 120.125, 144.875, 27.203125, 119.9375, 108.8125, 121.75, 116.75, 141.875, 21.9375, 121.25, 142.375, 167.125, 171.5, 156.5, 95.0625, 72.375, 56.03125, 77.875, 166.875, 197.5, 74.9375, 55.46875, 82.875, 20.8125, 170.375, 67.25, 127.625, 171.375, 39.8125, 49.09375, 87.3125, 144.25, 110.1875, 127.0625, 156.0, 90.375, 200.25, 106.6875, 149.625, 84.3125, 97.5, 146.375, 99.1875, 83.5, 96.75, 30.015625, 97.0, 25.9375, 127.4375, 26.078125, 50.59375, 58.03125, 50.8125, 165.875, 59.09375, 156.0, 138.125, 91.9375, 134.75, 71.875, 62.78125, 43.46875, 52.9375, 202.75, 36.6875, 45.6875, 182.25, 91.125, 166.0, 70.9375, 93.75, 78.4375, 155.5, 141.5, 65.1875, 195.25, 46.53125, 129.25, 63.625, 109.875, 160.125, 161.25, 166.625, 93.1875, 62.25, 97.4375, 58.8125, 141.625, 103.8125, 144.25, 177.625, 44.21875, 170.25, 63.0625, 41.625, 133.875, 173.25, 146.625, 63.375, 79.125, 81.5625, 147.25, 89.375, 172.25, 159.125, 106.5, 108.4375, 79.1875, 117.5, 77.0, 75.75, 117.25, 67.25, 166.75, 126.0, 32.0, 51.09375, 120.5, 114.125, 154.125, 127.75, 111.375, 51.96875, 118.0625, 168.75, 130.125, 154.5, 151.25, 121.75, 171.0, 118.125, 164.75, 127.5625, 125.125, 41.125, 30.59375, 68.6875, 130.375], [106.5625, 82.0, 35.78125, 83.75, 0.0, 213.0, 151.375, 181.125, 134.875, 187.25, 120.3125, 90.25, 106.5, 69.25, 160.875, 150.375, 187.875, 70.3125, 124.8125, 79.875, 169.5, 137.0, 69.4375, 162.25, 170.5, 90.4375, 175.75, 115.6875, 107.0, 115.25, 112.0625, 97.0, 181.0, 190.5, 213.875, 179.5, 169.5, 42.1875, 69.4375, 139.25, 110.375, 216.625, 181.625, 13.0390625, 88.625, 58.84375, 94.0, 217.5, 96.8125, 137.5, 228.625, 47.03125, 130.625, 119.375, 199.625, 166.375, 78.3125, 180.25, 155.625, 181.75, 112.5625, 191.25, 164.875, 112.375, 206.625, 171.375, 123.8125, 160.125, 64.5, 125.25, 94.1875, 69.0625, 84.5, 130.0, 140.75, 113.0, 189.75, 91.6875, 143.375, 172.25, 52.09375, 82.875, 30.078125, 134.25, 86.4375, 121.5, 188.375, 47.0625, 87.0625, 170.875, 132.625, 202.25, 146.375, 130.375, 9.8515625, 212.75, 99.5625, 147.5, 181.0, 129.0, 163.625, 141.375, 89.0, 169.0, 204.25, 223.625, 133.75, 130.125, 119.9375, 43.59375, 97.5625, 21.375, 209.5, 160.125, 120.75, 178.625, 125.25, 77.25, 153.125, 215.25, 163.5, 119.6875, 39.46875, 137.875, 127.125, 93.625, 154.0, 186.0, 120.1875, 46.65625, 12.3671875, 96.125, 158.875, 72.8125, 34.0, 149.0, 172.0, 163.875, 102.3125, 108.875, 177.0, 103.25, 175.625, 155.5, 147.375, 124.5, 160.125, 196.375, 171.375, 205.0, 166.625, 144.625, 156.125, 181.125, 219.5, 140.625, 167.0, 45.625, 53.15625, 152.375, 120.0], [107.0625, 131.0, 177.875, 160.5, 213.0, 0.0, 164.75, 135.375, 117.9375, 72.4375, 97.1875, 160.5, 125.4375, 174.875, 85.5, 64.4375, 160.625, 195.875, 113.3125, 166.75, 48.03125, 95.75, 151.625, 52.5, 68.875, 183.75, 40.53125, 114.375, 142.25, 123.875, 165.125, 172.625, 41.0, 23.59375, 16.40625, 104.25, 93.125, 188.875, 146.5, 152.375, 102.9375, 9.4375, 158.25, 212.5, 124.8125, 162.625, 174.125, 17.03125, 116.1875, 102.875, 19.640625, 190.625, 127.0625, 94.8125, 17.0, 50.28125, 188.625, 70.0, 72.3125, 164.125, 116.8125, 32.375, 109.875, 109.1875, 24.40625, 76.5, 89.1875, 65.375, 156.125, 91.4375, 180.0, 201.375, 185.125, 170.0, 156.5, 110.0625, 70.6875, 121.5, 139.875, 54.40625, 176.25, 195.0, 184.125, 100.8125, 129.75, 107.9375, 157.75, 180.25, 128.5, 144.0, 80.4375, 42.71875, 100.0, 83.5, 203.375, 14.2109375, 182.875, 160.25, 154.25, 132.0, 58.59375, 109.0, 152.0, 101.0625, 25.703125, 16.03125, 79.5, 99.0625, 98.875, 169.375, 186.0, 223.125, 39.625, 153.5, 120.375, 103.1875, 97.4375, 138.375, 84.75, 30.0, 86.0, 98.625, 179.125, 79.5, 150.875, 127.75, 153.125, 64.125, 105.6875, 199.875, 201.625, 151.875, 118.0625, 144.25, 234.875, 120.6875, 109.0, 54.71875, 180.75, 111.25, 40.03125, 137.875, 76.0625, 71.6875, 69.0, 110.625, 54.5625, 62.59375, 45.78125, 8.9453125, 88.4375, 83.1875, 146.875, 47.25, 8.25, 97.5, 48.59375, 173.75, 176.75, 140.75, 135.0], [109.0625, 118.8125, 126.1875, 175.625, 151.375, 164.75, 0.0, 44.03125, 52.625, 96.4375, 97.1875, 181.75, 162.25, 175.75, 182.5, 116.5625, 38.125, 86.0, 170.5, 72.125, 122.0, 77.6875, 147.5, 123.375, 95.875, 200.5, 152.75, 73.8125, 53.8125, 62.4375, 39.28125, 197.5, 162.875, 144.375, 153.75, 66.625, 72.5625, 109.125, 104.1875, 216.0, 111.5, 161.25, 32.375, 161.0, 123.4375, 100.1875, 196.25, 156.5, 114.375, 68.25, 184.25, 170.5, 189.5, 107.8125, 163.125, 149.875, 76.0625, 96.0625, 163.25, 31.015625, 74.4375, 132.375, 205.5, 86.8125, 177.0, 185.125, 118.6875, 161.25, 147.25, 100.6875, 200.75, 90.0625, 196.875, 221.125, 220.0, 150.125, 99.0, 120.875, 26.3125, 111.3125, 100.5625, 75.1875, 127.9375, 168.125, 135.25, 160.0, 39.46875, 159.625, 133.25, 29.828125, 119.5625, 127.1875, 180.75, 112.25, 143.625, 174.625, 55.03125, 227.375, 33.25, 192.25, 110.0, 183.875, 67.75, 65.125, 141.25, 180.75, 117.9375, 160.5, 94.0, 128.0, 58.125, 143.75, 190.125, 14.8671875, 173.375, 67.0625, 150.75, 134.375, 82.0, 145.25, 78.75, 141.875, 115.875, 143.0, 28.3125, 87.125, 12.0859375, 102.875, 81.0, 107.6875, 140.5, 59.6875, 206.625, 100.4375, 147.0, 200.5, 59.09375, 116.0625, 207.5, 144.5, 154.75, 61.53125, 89.5, 97.0625, 110.625, 167.25, 122.5625, 108.875, 124.0, 156.25, 76.5, 88.8125, 18.78125, 169.625, 173.0, 72.8125, 124.125, 148.5, 162.0, 217.875, 46.625], [111.8125, 129.75, 150.875, 187.125, 181.125, 135.375, 44.03125, 0.0, 52.3125, 63.03125, 95.125, 192.25, 166.0, 191.25, 172.5, 101.875, 25.3125, 123.0, 169.75, 102.0625, 100.3125, 69.3125, 161.0, 104.6875, 70.1875, 213.75, 133.375, 78.3125, 74.4375, 71.5, 74.1875, 208.375, 143.375, 118.4375, 122.0, 31.140625, 44.59375, 140.0, 122.125, 218.125, 112.625, 130.0, 23.09375, 189.0, 131.75, 124.3125, 207.75, 124.0625, 120.4375, 61.0625, 154.125, 191.125, 189.5, 105.5625, 137.625, 133.25, 112.8125, 65.75, 152.0, 29.15625, 80.5, 104.0625, 198.25, 89.875, 152.0, 172.375, 114.5625, 148.375, 162.125, 96.1875, 213.0, 127.8125, 211.125, 226.875, 222.375, 151.0, 65.0, 128.25, 38.0625, 87.0, 129.125, 113.875, 154.125, 164.25, 143.875, 159.125, 22.5625, 179.375, 141.625, 14.2109375, 112.0625, 94.0, 174.875, 105.5, 172.375, 147.25, 93.9375, 229.375, 19.109375, 193.25, 89.1875, 180.0, 92.25, 36.78125, 110.0625, 151.25, 110.0, 157.125, 92.4375, 149.875, 97.4375, 177.5, 166.625, 29.203125, 174.125, 32.25, 147.75, 145.75, 64.375, 111.3125, 55.03125, 140.0, 142.75, 135.25, 55.71875, 99.1875, 33.625, 71.25, 81.25, 141.875, 169.375, 85.0625, 201.25, 118.0, 182.875, 197.0, 27.859375, 95.875, 218.625, 146.375, 135.25, 79.4375, 60.40625, 78.75, 96.8125, 166.125, 104.625, 74.125, 101.8125, 127.75, 50.6875, 75.625, 28.234375, 151.125, 143.25, 62.9375, 103.625, 168.25, 180.25, 216.5, 61.8125], [60.8125, 77.375, 102.0, 134.875, 134.875, 117.9375, 52.625, 52.3125, 0.0, 60.21875, 46.03125, 140.125, 115.3125, 138.875, 130.125, 64.25, 70.0625, 88.5, 121.0625, 61.28125, 72.0, 25.171875, 108.75, 72.0625, 51.09375, 161.5, 101.0, 26.078125, 30.890625, 20.09375, 48.03125, 156.25, 111.0625, 95.8125, 109.5625, 44.71875, 37.21875, 96.3125, 71.0, 168.375, 62.28125, 116.0625, 64.375, 141.0, 79.625, 76.1875, 155.5, 112.6875, 68.625, 16.0, 137.625, 139.75, 140.625, 56.875, 113.75, 97.625, 79.1875, 55.96875, 110.6875, 68.125, 28.171875, 86.1875, 153.875, 38.28125, 127.125, 132.625, 67.25, 108.6875, 109.9375, 48.75, 160.75, 94.0625, 158.75, 175.875, 172.625, 101.3125, 63.03125, 76.25, 26.578125, 63.5625, 83.9375, 83.5625, 106.0625, 117.375, 91.8125, 110.4375, 68.75, 127.8125, 89.5625, 48.15625, 67.25, 86.25, 129.375, 60.0, 125.5, 126.125, 67.625, 179.75, 61.5625, 143.875, 60.21875, 133.125, 47.75, 34.78125, 97.0625, 133.5, 65.5625, 109.8125, 43.0, 99.625, 71.0625, 134.875, 139.25, 47.5, 124.75, 43.9375, 100.125, 93.5, 33.25, 103.75, 36.125, 91.625, 95.4375, 90.875, 33.0, 47.125, 43.875, 63.125, 30.484375, 101.75, 122.5625, 42.9375, 155.5, 66.9375, 142.625, 150.0, 37.125, 65.625, 166.5, 96.1875, 103.0, 32.0, 49.53125, 46.875, 58.3125, 117.625, 71.0, 72.125, 74.125, 109.125, 36.875, 37.0, 39.96875, 117.4375, 126.1875, 21.09375, 73.4375, 116.9375, 128.5, 168.375, 19.109375], [89.0, 114.125, 152.125, 164.25, 187.25, 72.4375, 96.4375, 63.03125, 60.21875, 0.0, 71.0, 167.5, 134.75, 173.625, 123.3125, 56.375, 88.1875, 148.375, 132.0, 120.375, 45.28125, 50.28125, 144.125, 52.8125, 19.421875, 191.25, 77.0, 71.875, 90.625, 75.3125, 107.0625, 182.875, 86.25, 57.375, 59.03125, 32.0, 24.703125, 152.5, 118.375, 180.25, 87.1875, 67.0, 86.0, 191.125, 112.0625, 129.125, 183.25, 61.21875, 100.0, 51.0, 91.0625, 181.125, 151.125, 77.3125, 76.1875, 79.875, 139.375, 8.25, 103.0625, 92.0, 75.0, 42.0625, 150.5, 75.5, 90.4375, 120.25, 81.0, 97.75, 147.0, 68.0625, 189.125, 154.0, 190.25, 193.125, 184.75, 117.625, 2.828125, 108.0625, 74.3125, 31.234375, 139.625, 143.75, 157.25, 123.0625, 122.4375, 122.375, 85.3125, 169.25, 120.3125, 72.5625, 74.3125, 31.25, 130.375, 70.625, 177.5, 84.75, 127.375, 190.625, 82.0, 155.625, 38.09375, 137.375, 106.0, 31.390625, 47.03125, 88.25, 72.125, 117.1875, 70.1875, 146.875, 130.875, 190.75, 105.6875, 83.6875, 138.0, 31.0625, 109.75, 128.0, 34.21875, 49.03125, 24.703125, 104.6875, 148.375, 92.5625, 89.375, 93.6875, 84.4375, 8.9453125, 67.1875, 159.875, 174.875, 102.4375, 155.625, 114.75, 199.875, 153.625, 37.84375, 43.84375, 192.875, 115.0, 78.625, 89.875, 11.703125, 36.5, 54.09375, 128.5, 53.8125, 12.53125, 45.96875, 65.125, 23.34375, 44.09375, 77.8125, 94.625, 80.25, 47.0, 49.59375, 159.625, 168.0, 174.5, 79.3125], [18.4375, 43.09375, 84.5, 95.5, 120.3125, 97.1875, 97.1875, 95.125, 46.03125, 71.0, 0.0, 99.75, 71.0, 103.25, 85.875, 32.8125, 115.4375, 99.75, 75.1875, 71.1875, 50.34375, 26.421875, 73.3125, 44.6875, 52.34375, 122.6875, 67.4375, 24.328125, 53.0, 36.5, 79.0, 115.6875, 76.25, 73.6875, 95.125, 76.1875, 61.03125, 91.9375, 51.09375, 123.0625, 17.890625, 99.0, 110.0, 122.4375, 41.3125, 65.9375, 115.5, 98.6875, 29.15625, 34.0625, 115.1875, 110.1875, 94.875, 10.8203125, 87.125, 60.875, 93.625, 63.125, 67.625, 114.0, 25.015625, 71.625, 108.3125, 13.34375, 97.9375, 89.8125, 21.546875, 67.0, 76.0625, 5.83203125, 121.125, 105.1875, 121.0625, 131.875, 127.375, 55.90625, 73.125, 37.34375, 72.0625, 51.90625, 79.1875, 100.6875, 90.375, 71.375, 52.40625, 64.5625, 113.875, 98.25, 50.21875, 93.5, 24.0, 81.9375, 83.625, 17.125, 110.4375, 100.6875, 92.375, 134.375, 106.9375, 98.3125, 43.40625, 87.125, 57.25, 64.875, 84.625, 110.4375, 23.09375, 63.8125, 3.162109375, 77.8125, 94.9375, 127.625, 106.5625, 93.5, 79.1875, 74.875, 54.09375, 57.21875, 38.625, 95.1875, 51.1875, 45.59375, 83.5, 46.3125, 72.25, 30.609375, 89.5625, 67.75, 16.15625, 102.75, 108.25, 59.21875, 109.6875, 48.25, 138.625, 104.0, 72.0625, 44.21875, 125.9375, 51.21875, 69.3125, 46.28125, 60.03125, 35.90625, 28.28125, 71.6875, 42.625, 78.0625, 52.40625, 88.5, 55.78125, 27.015625, 86.0, 80.625, 104.625, 32.75, 48.78125, 88.8125, 97.0, 122.4375, 52.40625], [81.5625, 63.40625, 74.9375, 7.28125, 90.25, 160.5, 181.75, 192.25, 140.125, 167.5, 99.75, 0.0, 35.34375, 21.9375, 85.125, 113.4375, 209.25, 132.25, 48.75, 119.5625, 131.0, 125.9375, 35.21875, 122.0, 148.125, 24.015625, 120.0625, 114.0625, 128.0, 122.4375, 148.5, 16.125, 120.8125, 143.25, 167.875, 175.875, 160.75, 102.375, 79.0, 49.15625, 81.9375, 167.25, 203.25, 81.0625, 60.53125, 89.9375, 15.8125, 171.125, 72.0, 132.375, 170.75, 45.3125, 44.6875, 91.0625, 144.125, 110.4375, 134.25, 159.25, 89.5625, 206.0, 112.0625, 151.125, 79.8125, 102.5, 145.625, 96.8125, 86.5, 96.125, 37.125, 100.875, 21.59375, 134.75, 24.515625, 43.3125, 51.0, 52.03125, 169.0, 64.0, 161.875, 140.75, 99.1875, 142.0, 79.0625, 61.3125, 48.375, 52.625, 208.375, 43.28125, 50.59375, 187.75, 93.75, 168.0, 68.25, 96.875, 85.1875, 155.0, 148.5, 58.0625, 200.875, 41.625, 131.875, 60.4375, 116.5, 164.5, 162.5, 166.0, 95.875, 61.6875, 101.75, 66.125, 148.75, 110.5625, 142.625, 183.5, 42.0625, 174.5, 63.625, 47.5, 137.875, 174.5, 150.5, 65.0, 86.375, 82.5, 153.5, 95.25, 178.25, 162.125, 111.375, 115.75, 86.0625, 124.0625, 72.125, 82.3125, 123.9375, 62.4375, 171.375, 128.375, 26.421875, 53.15625, 120.5625, 120.3125, 157.625, 131.0, 114.125, 50.6875, 120.0625, 171.5, 132.0, 154.875, 155.25, 125.5625, 176.875, 117.1875, 164.5, 132.125, 127.0, 48.25, 37.21875, 62.375, 136.375], [54.5, 46.5, 80.0625, 35.125, 106.5, 125.4375, 162.25, 166.0, 115.3125, 134.75, 71.0, 35.34375, 0.0, 50.59375, 55.3125, 79.4375, 185.375, 129.5, 18.359375, 109.875, 96.3125, 97.375, 37.15625, 87.25, 115.4375, 59.125, 84.875, 89.8125, 109.9375, 100.125, 133.75, 49.09375, 86.1875, 107.9375, 132.5, 146.375, 130.625, 104.375, 68.4375, 53.8125, 53.40625, 132.0, 179.625, 100.6875, 39.8125, 84.375, 50.0, 135.75, 47.8125, 105.0, 136.25, 70.0625, 29.609375, 61.0625, 109.125, 75.1875, 128.75, 126.5, 55.46875, 183.125, 88.5, 116.0, 59.65625, 77.0625, 111.375, 66.5, 54.21875, 61.75, 42.0625, 70.8125, 56.0, 133.125, 59.84375, 60.8125, 57.8125, 17.265625, 136.125, 41.6875, 139.5, 106.6875, 97.0, 136.75, 85.875, 29.0, 29.828125, 17.890625, 184.0, 62.46875, 31.328125, 163.5, 60.4375, 133.25, 39.96875, 64.625, 98.875, 120.3125, 138.5, 65.1875, 176.875, 31.015625, 98.0625, 35.125, 102.6875, 135.375, 127.25, 131.5, 62.65625, 27.296875, 73.625, 69.625, 139.5, 123.875, 109.8125, 161.5, 15.1328125, 145.0, 28.28125, 36.0, 107.3125, 139.25, 119.875, 30.40625, 88.6875, 47.15625, 134.5, 75.8125, 156.75, 128.75, 85.0625, 118.4375, 98.625, 109.1875, 55.21875, 70.3125, 137.375, 46.0, 142.875, 94.0625, 58.5625, 20.125, 85.4375, 101.875, 125.5625, 98.6875, 80.75, 18.4375, 85.375, 137.875, 97.1875, 119.625, 124.75, 94.8125, 154.25, 83.1875, 129.625, 103.75, 92.1875, 60.90625, 57.3125, 57.875, 115.625], [84.875, 61.96875, 59.03125, 17.03125, 69.25, 174.875, 175.75, 191.25, 138.875, 173.625, 103.25, 21.9375, 50.59375, 0.0, 104.375, 122.4375, 206.0, 117.625, 67.0, 109.0625, 141.0, 128.375, 30.359375, 132.25, 154.375, 25.8125, 134.5, 113.3125, 122.3125, 119.875, 140.125, 28.4375, 136.5, 156.0, 180.75, 178.0, 163.75, 86.375, 71.625, 70.1875, 86.375, 180.875, 199.875, 59.4375, 61.96875, 78.625, 25.703125, 184.125, 74.125, 133.5, 186.625, 23.40625, 66.0, 96.25, 159.0, 124.625, 120.9375, 165.375, 106.0625, 202.0, 110.875, 162.125, 101.25, 103.1875, 161.875, 115.875, 94.0625, 112.25, 29.0625, 105.5625, 27.734375, 119.4375, 21.21875, 61.21875, 71.5625, 64.875, 175.375, 65.9375, 158.125, 149.125, 85.4375, 128.25, 62.03125, 79.0625, 51.15625, 68.5, 205.375, 23.34375, 53.25, 185.125, 102.3125, 177.875, 87.8125, 104.0, 65.0625, 170.625, 137.25, 78.25, 197.875, 63.28125, 140.125, 80.625, 108.5625, 166.625, 174.125, 181.75, 104.25, 77.875, 104.75, 51.875, 137.0, 90.0, 160.375, 179.25, 60.96875, 176.875, 77.625, 46.3125, 141.875, 186.125, 154.375, 76.625, 71.125, 95.5, 147.625, 92.125, 173.625, 169.125, 112.375, 99.0, 66.25, 116.5, 93.8125, 75.4375, 103.1875, 84.0625, 172.75, 137.5, 35.84375, 64.0, 135.25, 115.125, 163.0, 137.25, 122.0625, 68.25, 130.125, 179.0, 142.25, 168.625, 158.875, 130.125, 173.0, 133.75, 179.625, 134.125, 137.375, 31.3125, 17.71875, 84.125, 132.25], [79.125, 88.5, 131.625, 87.625, 160.875, 85.5, 182.5, 172.5, 130.125, 123.3125, 85.875, 85.125, 55.3125, 104.375, 0.0, 70.8125, 195.875, 172.875, 37.46875, 148.125, 78.125, 106.0, 91.5, 70.75, 106.8125, 105.5625, 50.15625, 110.125, 137.625, 122.25, 163.625, 93.5, 45.125, 76.3125, 97.5, 145.75, 129.625, 152.75, 111.1875, 67.0, 75.25, 94.0625, 191.125, 155.75, 80.25, 129.125, 95.6875, 100.0, 80.3125, 115.4375, 90.5625, 125.1875, 43.96875, 75.6875, 68.5625, 44.09375, 169.625, 116.0625, 20.609375, 196.0, 110.4375, 89.875, 27.203125, 97.875, 65.1875, 11.6640625, 64.5625, 25.609375, 96.5, 81.9375, 101.125, 177.375, 108.3125, 85.1875, 71.125, 48.84375, 123.5625, 79.4375, 156.75, 92.125, 143.125, 177.5, 137.75, 26.625, 76.6875, 39.4375, 193.75, 117.8125, 76.875, 174.5, 62.96875, 109.125, 17.0, 70.25, 152.875, 76.0, 174.125, 74.8125, 187.625, 48.75, 86.25, 25.625, 137.0, 136.625, 97.125, 86.3125, 64.625, 31.390625, 89.0, 121.25, 176.0, 177.125, 58.8125, 177.25, 43.40625, 144.25, 38.84375, 85.5, 108.1875, 108.1875, 118.375, 47.375, 138.25, 39.5625, 158.125, 107.0625, 174.0, 115.125, 101.9375, 166.5, 152.25, 141.375, 33.625, 111.4375, 190.5, 35.21875, 145.375, 79.875, 99.9375, 54.09375, 49.40625, 130.125, 118.125, 94.1875, 75.6875, 36.875, 70.0, 121.25, 77.625, 82.75, 123.25, 97.25, 169.625, 38.21875, 87.0, 111.8125, 73.75, 115.6875, 112.625, 55.53125, 138.25], [43.90625, 69.375, 114.8125, 111.0625, 150.375, 64.4375, 116.5625, 101.875, 64.25, 56.375, 32.8125, 113.4375, 79.4375, 122.4375, 70.8125, 0.0, 125.6875, 132.25, 75.625, 103.375, 19.3125, 39.125, 94.9375, 12.0390625, 37.75, 137.5, 37.21875, 52.5, 81.75, 63.5625, 106.6875, 128.25, 47.03125, 41.0, 63.5, 75.0625, 58.90625, 124.4375, 82.4375, 123.9375, 40.25, 66.6875, 121.25, 151.125, 64.5, 98.3125, 128.875, 67.125, 54.125, 48.375, 82.4375, 133.875, 94.8125, 31.0625, 54.59375, 33.375, 125.6875, 48.3125, 50.21875, 126.3125, 54.4375, 41.21875, 97.0625, 45.28125, 66.125, 70.6875, 28.640625, 46.53125, 98.6875, 27.015625, 134.875, 137.75, 137.125, 136.875, 128.375, 62.15625, 57.375, 60.75, 90.25, 27.296875, 111.8125, 132.375, 120.9375, 66.875, 72.375, 66.125, 123.5, 122.5, 70.625, 104.8125, 20.09375, 55.4375, 75.1875, 20.125, 140.625, 68.125, 122.4375, 134.5, 117.625, 99.3125, 18.6875, 81.625, 89.0, 65.8125, 54.125, 77.6875, 18.25, 60.8125, 34.65625, 107.0625, 125.25, 159.25, 76.3125, 109.1875, 81.6875, 73.6875, 53.5, 79.8125, 37.59375, 65.5625, 47.625, 49.03125, 115.125, 36.34375, 96.0, 63.40625, 106.75, 49.65625, 43.3125, 135.5, 138.625, 89.875, 101.125, 80.0625, 170.75, 98.25, 74.625, 15.03125, 137.875, 60.3125, 39.21875, 76.1875, 48.8125, 23.4375, 6.0, 72.0625, 9.8984375, 58.46875, 21.03125, 55.875, 52.5, 27.890625, 101.625, 53.15625, 71.8125, 43.75, 16.640625, 114.5, 120.0625, 118.8125, 77.4375], [130.875, 145.875, 160.625, 203.625, 187.875, 160.625, 38.125, 25.3125, 70.0625, 88.1875, 115.4375, 209.25, 185.375, 206.0, 195.875, 125.6875, 0.0, 124.0, 190.625, 108.0625, 125.25, 90.8125, 176.5, 129.25, 95.3125, 229.75, 158.125, 95.75, 84.6875, 86.8125, 76.3125, 225.25, 168.25, 143.75, 147.0, 56.4375, 69.625, 145.875, 135.0, 238.375, 132.25, 155.125, 6.32421875, 197.0, 149.0, 134.125, 224.375, 149.0, 138.375, 81.8125, 179.25, 203.375, 210.25, 126.125, 163.0, 157.75, 114.0, 91.0625, 175.5, 8.0625, 97.4375, 129.375, 221.0, 108.3125, 177.25, 196.375, 135.875, 172.25, 177.0, 117.3125, 229.375, 128.125, 226.5, 245.875, 242.5, 171.125, 90.0625, 145.875, 47.875, 112.0625, 136.375, 113.3125, 163.0, 186.0, 161.25, 180.0, 3.162109375, 192.0, 159.0, 21.9375, 134.25, 119.0, 197.25, 127.4375, 179.875, 172.5, 93.125, 249.625, 8.484375, 213.625, 113.875, 201.875, 101.1875, 61.6875, 135.25, 176.5, 132.25, 178.625, 112.5625, 161.125, 96.25, 181.375, 191.875, 27.890625, 194.5, 57.5625, 169.125, 162.0, 88.125, 136.0, 79.6875, 161.0, 151.125, 157.875, 61.125, 114.25, 33.96875, 96.5, 100.4375, 145.25, 176.75, 93.3125, 223.625, 131.0, 185.0, 218.875, 52.875, 120.5625, 235.5, 166.125, 160.0, 91.25, 85.6875, 102.9375, 120.375, 187.125, 129.125, 99.0, 126.8125, 153.0, 75.5625, 98.625, 33.09375, 175.875, 168.375, 84.625, 128.375, 180.875, 193.625, 237.75, 73.8125], [96.4375, 85.125, 58.65625, 125.0, 70.3125, 195.875, 86.0, 123.0, 88.5, 148.375, 99.75, 132.25, 129.5, 117.625, 172.875, 132.25, 124.0, 0.0, 145.0, 29.203125, 147.875, 102.5625, 98.5, 143.75, 136.5, 143.25, 166.875, 81.8125, 57.8125, 74.25, 48.84375, 145.0, 175.125, 172.25, 191.375, 130.625, 125.625, 32.0, 62.0625, 178.0, 100.875, 196.375, 118.0625, 82.125, 93.1875, 45.09375, 142.75, 194.75, 92.75, 98.4375, 214.5, 103.4375, 158.875, 105.3125, 186.75, 159.5, 10.1953125, 143.375, 159.625, 117.0, 79.1875, 167.125, 187.0, 86.9375, 197.625, 180.375, 114.8125, 161.375, 95.5, 105.5625, 145.375, 5.65625, 138.0, 175.625, 181.0, 126.125, 151.25, 93.5625, 85.75, 144.75, 33.25, 12.53125, 56.625, 149.375, 100.0625, 137.125, 125.125, 95.6875, 99.0, 110.5, 121.4375, 171.875, 163.25, 115.875, 65.0, 200.375, 31.140625, 188.5, 118.25, 159.5, 138.25, 162.0, 44.03125, 122.3125, 179.5, 209.75, 121.3125, 142.625, 97.625, 66.3125, 28.4375, 58.6875, 205.625, 97.4375, 144.25, 130.125, 134.125, 93.5625, 117.4375, 188.25, 123.875, 125.4375, 46.53125, 137.75, 67.4375, 69.875, 91.5625, 150.375, 90.1875, 23.703125, 62.0, 46.09375, 184.125, 61.40625, 61.0, 175.25, 122.125, 141.25, 153.375, 120.1875, 168.625, 59.40625, 137.25, 126.25, 127.125, 143.0, 141.875, 159.875, 150.125, 187.0, 125.1875, 114.1875, 95.375, 178.5, 203.625, 103.25, 147.25, 86.375, 100.375, 186.25, 69.625], [61.40625, 60.3125, 97.8125, 50.46875, 124.8125, 113.3125, 170.5, 169.75, 121.0625, 132.0, 75.1875, 48.75, 18.359375, 67.0, 37.46875, 75.625, 190.625, 145.0, 0.0, 123.625, 90.25, 100.4375, 55.46875, 81.3125, 113.125, 70.875, 73.25, 96.8125, 120.0, 108.0625, 144.875, 59.4375, 72.75, 98.0, 122.0625, 147.375, 131.25, 121.3125, 83.125, 48.8125, 59.0625, 120.625, 185.125, 119.0, 52.625, 100.0, 61.125, 125.125, 57.59375, 108.9375, 122.4375, 87.6875, 19.84375, 64.4375, 96.5, 64.0, 143.5, 123.9375, 41.21875, 189.125, 96.0625, 108.0625, 42.28125, 83.75, 97.0625, 48.90625, 55.21875, 48.0625, 60.375, 73.5625, 66.9375, 149.0, 72.8125, 61.34375, 53.25, 20.609375, 133.0, 53.375, 146.5, 102.1875, 113.1875, 151.5, 103.75, 12.6484375, 45.03125, 10.6328125, 189.0, 80.625, 46.0, 168.625, 59.0625, 126.3125, 21.640625, 64.8125, 117.1875, 106.75, 151.625, 59.8125, 182.125, 23.859375, 94.125, 17.265625, 115.0, 136.875, 118.25, 117.75, 61.28125, 15.296875, 78.125, 87.375, 153.0, 142.125, 93.9375, 168.25, 7.0703125, 146.0, 22.46875, 52.625, 108.0, 130.25, 120.125, 29.703125, 105.875, 39.84375, 143.625, 86.375, 163.875, 125.1875, 90.625, 135.375, 116.875, 120.8125, 39.21875, 84.5, 155.625, 31.046875, 145.0, 89.1875, 67.5, 26.578125, 73.4375, 112.0, 123.9375, 97.25, 78.3125, 3.60546875, 79.6875, 133.5, 90.6875, 108.375, 125.125, 95.625, 160.75, 68.625, 116.6875, 106.8125, 85.875, 79.25, 75.3125, 47.4375, 124.0625], [69.875, 63.5625, 54.71875, 112.625, 79.875, 166.75, 72.125, 102.0625, 61.28125, 120.375, 71.1875, 119.5625, 109.875, 109.0625, 148.125, 103.375, 108.0625, 29.203125, 123.625, 0.0, 118.6875, 73.5625, 84.375, 114.75, 107.6875, 134.75, 138.5, 52.625, 30.46875, 45.46875, 33.09375, 134.0, 147.125, 143.125, 162.125, 105.0, 98.4375, 38.0625, 41.78125, 161.5, 74.125, 167.25, 101.8125, 89.0, 71.0, 30.40625, 132.25, 165.5, 68.0, 69.8125, 185.375, 100.1875, 139.5, 77.5, 158.0, 131.625, 22.46875, 115.0, 133.5, 102.125, 50.0, 137.875, 164.625, 58.125, 169.125, 154.875, 87.5625, 134.75, 82.6875, 76.9375, 135.875, 34.84375, 130.25, 162.0, 164.875, 103.6875, 123.125, 70.4375, 64.0, 115.5, 28.453125, 29.828125, 55.9375, 126.25, 80.0625, 114.75, 108.5, 90.125, 78.5625, 91.125, 93.625, 142.875, 140.25, 87.6875, 71.8125, 171.375, 29.0625, 172.5, 101.125, 140.75, 109.0, 140.0, 14.8671875, 95.875, 150.375, 180.75, 93.3125, 119.125, 68.875, 58.125, 29.734375, 75.5625, 177.5, 80.25, 124.0, 104.375, 110.0, 75.375, 88.625, 159.125, 95.6875, 101.0, 43.875, 111.4375, 47.25, 42.1875, 74.125, 121.8125, 61.03125, 40.8125, 68.6875, 18.390625, 162.75, 39.5625, 82.0, 154.5, 96.75, 112.0625, 143.375, 97.625, 140.375, 30.609375, 109.0625, 97.0625, 98.125, 121.1875, 112.875, 131.625, 120.9375, 157.875, 97.4375, 85.0625, 76.3125, 150.875, 174.5, 74.5, 118.1875, 79.3125, 93.375, 167.75, 43.3125], [63.0625, 88.625, 133.75, 129.0, 169.5, 48.03125, 122.0, 100.3125, 72.0, 45.28125, 50.34375, 131.0, 96.3125, 141.0, 78.125, 19.3125, 125.25, 147.875, 90.25, 118.6875, 0.0, 48.375, 114.0, 9.0546875, 30.40625, 155.0, 33.09375, 66.375, 94.4375, 76.0625, 117.9375, 145.375, 43.09375, 24.59375, 44.8125, 70.6875, 55.71875, 142.25, 101.0, 137.25, 59.5, 48.84375, 121.5625, 170.375, 83.8125, 116.25, 146.25, 48.40625, 73.4375, 56.28125, 67.0625, 153.0, 108.5, 50.125, 41.78125, 34.71875, 140.625, 38.28125, 58.0, 127.125, 68.8125, 21.9375, 105.25, 61.625, 55.21875, 75.0625, 47.8125, 52.5, 117.875, 44.8125, 152.25, 153.5, 155.0, 151.5, 141.75, 79.1875, 45.46875, 80.0625, 96.0625, 14.2109375, 129.5, 147.0, 139.875, 80.0625, 91.4375, 81.5625, 122.6875, 141.75, 89.75, 105.75, 39.0625, 37.0, 85.9375, 39.40625, 159.625, 54.40625, 135.25, 147.25, 117.75, 113.1875, 12.0, 93.5, 104.0, 63.5625, 34.875, 62.65625, 37.375, 75.0, 51.625, 126.1875, 138.25, 177.75, 68.125, 112.625, 96.75, 69.3125, 69.0625, 99.0625, 40.0, 46.25, 45.59375, 66.0625, 133.625, 50.4375, 104.9375, 80.625, 111.1875, 37.0, 57.6875, 152.75, 157.625, 103.8125, 110.6875, 98.4375, 189.0, 109.25, 72.4375, 6.70703125, 154.875, 78.0, 34.9375, 89.9375, 41.34375, 25.171875, 22.203125, 86.8125, 11.0, 43.84375, 2.236328125, 39.125, 49.65625, 35.75, 105.375, 51.0, 55.9375, 51.0, 4.47265625, 133.75, 139.25, 130.25, 87.9375], [44.375, 66.75, 101.875, 121.5, 137.0, 95.75, 77.6875, 69.3125, 25.171875, 50.28125, 26.421875, 125.9375, 97.375, 128.375, 106.0, 39.125, 90.8125, 102.5625, 100.4375, 73.5625, 48.375, 0.0, 98.0625, 47.375, 34.65625, 148.625, 76.0, 21.953125, 46.65625, 28.59375, 69.5625, 142.0, 86.0, 72.8125, 89.3125, 49.96875, 35.5, 102.9375, 68.25, 148.875, 44.28125, 95.0, 85.6875, 141.0, 66.5, 78.9375, 141.75, 92.625, 54.40625, 9.484375, 115.1875, 133.125, 120.25, 36.40625, 90.0, 72.4375, 94.5, 43.46875, 86.1875, 90.1875, 25.0625, 65.1875, 130.5, 26.0, 102.9375, 107.8125, 45.28125, 83.8125, 100.3125, 26.90625, 147.25, 108.25, 146.75, 158.125, 153.125, 81.8125, 52.8125, 62.65625, 51.40625, 42.4375, 89.9375, 100.1875, 107.0, 95.25, 78.125, 89.8125, 89.0, 121.125, 75.875, 69.0625, 43.5625, 69.4375, 106.5, 36.625, 127.1875, 102.8125, 87.1875, 160.0, 82.4375, 123.9375, 37.15625, 111.0625, 58.6875, 38.625, 77.1875, 110.875, 41.6875, 87.9375, 24.171875, 97.0, 90.375, 140.875, 114.5, 71.3125, 104.875, 48.71875, 78.5625, 82.0, 16.15625, 85.625, 27.078125, 70.75, 98.0625, 67.25, 57.21875, 43.40625, 68.3125, 49.65625, 17.125, 111.25, 124.625, 57.0, 132.875, 64.5625, 150.5, 128.0, 45.65625, 41.75, 152.25, 77.4375, 78.0, 43.28125, 38.59375, 24.1875, 33.125, 96.875, 46.1875, 59.9375, 50.59375, 86.8125, 31.015625, 12.6484375, 63.6875, 92.25, 103.875, 6.40234375, 49.25, 111.0, 120.625, 147.25, 39.5625], [55.09375, 31.625, 44.09375, 28.421875, 69.4375, 151.625, 147.5, 161.0, 108.75, 144.125, 73.3125, 35.21875, 37.15625, 30.359375, 91.5, 94.9375, 176.5, 98.5, 55.46875, 84.375, 114.0, 98.0625, 0.0, 105.5, 125.0, 53.25, 112.0, 83.0, 93.75, 89.9375, 113.4375, 50.25, 115.6875, 131.125, 155.625, 147.75, 133.5, 70.25, 43.9375, 79.625, 57.0, 156.75, 170.375, 64.5625, 32.0625, 55.03125, 48.78125, 159.125, 44.1875, 103.1875, 165.125, 39.21875, 63.625, 67.0, 136.625, 102.1875, 99.75, 136.0, 87.75, 172.75, 80.625, 135.625, 96.4375, 72.8125, 141.5, 102.1875, 66.3125, 92.9375, 5.0, 76.0, 53.25, 101.4375, 50.125, 77.8125, 82.4375, 44.5625, 146.0, 36.0625, 128.75, 120.9375, 65.25, 107.5625, 49.5, 64.875, 22.5625, 52.1875, 175.75, 28.65625, 24.328125, 155.375, 74.9375, 150.25, 76.9375, 75.6875, 61.75, 149.0, 113.375, 90.0, 168.25, 63.125, 111.875, 72.25, 81.4375, 136.25, 148.125, 160.125, 76.6875, 61.0625, 74.6875, 34.0, 113.625, 86.75, 142.375, 150.125, 51.875, 146.5, 57.375, 16.125, 111.875, 159.875, 124.3125, 53.53125, 54.15625, 72.6875, 119.1875, 62.25, 144.625, 140.0, 82.0, 84.125, 61.46875, 89.125, 91.25, 47.375, 100.3125, 81.5625, 142.375, 109.8125, 60.09375, 41.40625, 113.0, 86.1875, 133.25, 108.0, 93.875, 55.0625, 103.3125, 150.125, 115.4375, 144.625, 128.75, 100.3125, 143.625, 114.5, 157.125, 103.8125, 110.625, 24.203125, 25.296875, 89.0625, 102.875], [55.75, 80.9375, 126.75, 120.125, 162.25, 52.5, 123.375, 104.6875, 72.0625, 52.8125, 44.6875, 122.0, 87.25, 132.25, 70.75, 12.0390625, 129.25, 143.75, 81.3125, 114.75, 9.0546875, 47.375, 105.5, 0.0, 36.25, 146.0, 29.421875, 63.15625, 92.0, 73.6875, 116.4375, 136.375, 39.625, 29.0, 51.625, 76.0, 60.40625, 136.5, 94.5, 128.5, 51.96875, 54.65625, 125.25, 162.875, 75.75, 110.3125, 137.125, 55.21875, 65.75, 56.09375, 70.75, 144.625, 99.75, 43.0, 43.46875, 28.65625, 137.0, 45.34375, 50.34375, 130.625, 65.3125, 30.078125, 97.75, 56.875, 55.78125, 68.625, 39.5625, 45.28125, 109.5, 38.9375, 143.125, 149.25, 146.0, 142.625, 133.0, 70.125, 53.25, 72.0625, 97.1875, 21.640625, 123.8125, 143.5, 132.875, 71.3125, 83.0, 72.5625, 126.875, 133.5, 81.3125, 109.125, 30.671875, 46.0, 77.6875, 31.90625, 152.5, 56.8125, 132.875, 138.625, 121.5, 104.375, 15.8125, 85.0, 100.25, 68.0, 42.71875, 66.0625, 29.15625, 66.125, 46.40625, 118.875, 135.75, 171.375, 67.1875, 114.9375, 87.8125, 74.625, 60.03125, 90.75, 41.96875, 54.40625, 49.65625, 57.03125, 127.125, 41.5, 104.5625, 75.3125, 113.0, 44.9375, 54.125, 147.375, 150.625, 100.75, 102.8125, 92.125, 182.75, 101.0, 76.9375, 9.21875, 145.75, 69.0, 31.40625, 86.9375, 47.5, 26.6875, 16.640625, 77.875, 2.236328125, 52.40625, 10.046875, 43.875, 54.125, 35.0625, 107.5, 46.84375, 60.0, 51.0, 5.09765625, 125.6875, 130.75, 121.9375, 86.6875], [70.0, 95.4375, 135.0, 144.875, 170.5, 68.875, 95.875, 70.1875, 51.09375, 19.421875, 52.34375, 148.125, 115.4375, 154.375, 106.8125, 37.75, 95.3125, 136.5, 113.125, 107.6875, 30.40625, 34.65625, 125.0, 36.25, 0.0, 171.875, 63.5, 56.59375, 79.3125, 62.28125, 99.125, 163.5, 73.4375, 49.09375, 58.875, 40.25, 25.703125, 137.5, 101.1875, 161.625, 68.0, 65.8125, 92.0, 173.75, 93.0, 113.1875, 163.75, 61.84375, 81.0625, 38.21875, 88.4375, 162.5, 132.5, 58.0625, 68.25, 64.625, 128.0, 11.1796875, 86.25, 97.6875, 59.6875, 36.5, 133.625, 58.1875, 82.5, 104.8125, 61.625, 81.4375, 128.0, 49.0, 169.625, 142.125, 170.875, 174.125, 166.125, 98.375, 21.09375, 89.0, 71.0625, 16.765625, 124.5, 133.25, 140.5, 104.625, 103.1875, 103.375, 92.75, 150.5, 101.125, 76.625, 55.03125, 35.46875, 112.625, 51.1875, 160.75, 79.0, 118.4375, 172.125, 88.0625, 136.875, 20.515625, 119.25, 92.9375, 33.71875, 46.25, 84.875, 52.8125, 98.5, 51.78125, 129.25, 121.8125, 175.375, 96.6875, 85.0, 119.0, 38.90625, 90.8125, 109.0, 19.109375, 52.6875, 17.125, 85.4375, 132.125, 74.125, 83.25, 77.0625, 84.375, 15.5234375, 50.5625, 145.875, 158.25, 90.5, 138.25, 97.75, 185.125, 135.75, 42.4375, 27.015625, 173.375, 95.625, 65.3125, 77.125, 11.3125, 17.125, 34.9375, 109.5625, 36.78125, 25.96875, 31.78125, 60.40625, 20.09375, 25.96875, 78.1875, 81.375, 77.125, 33.25, 34.125, 141.125, 149.125, 156.5, 69.625], [104.375, 84.125, 84.625, 27.203125, 90.4375, 183.75, 200.5, 213.75, 161.5, 191.25, 122.6875, 24.015625, 59.125, 25.8125, 105.5625, 137.5, 229.75, 143.25, 70.875, 134.75, 155.0, 148.625, 53.25, 146.0, 171.875, 0.0, 143.375, 135.5, 146.875, 143.0, 165.5, 12.203125, 143.625, 167.0, 191.5, 198.625, 183.75, 111.8125, 96.4375, 55.5625, 105.0625, 190.75, 223.625, 79.0, 82.4375, 104.375, 9.8515625, 194.75, 94.3125, 154.75, 193.25, 43.5625, 62.4375, 114.5, 167.125, 133.875, 146.75, 183.0, 112.0625, 226.0, 133.25, 175.125, 95.75, 124.5, 167.875, 117.1875, 110.3125, 118.875, 53.25, 124.1875, 5.0, 144.875, 6.0, 41.21875, 55.46875, 76.0, 192.875, 86.1875, 182.0, 164.625, 111.25, 154.0, 87.25, 83.5, 70.5625, 75.9375, 229.0, 47.9375, 72.8125, 208.5, 117.75, 192.0, 88.5625, 120.6875, 87.875, 177.625, 163.0, 60.75, 221.375, 58.25, 155.875, 80.0625, 133.75, 187.25, 186.375, 188.625, 119.8125, 84.75, 124.625, 77.6875, 162.75, 111.75, 164.0, 203.375, 63.875, 197.375, 87.375, 68.0, 161.125, 198.375, 173.75, 89.0, 96.75, 106.3125, 172.25, 115.4375, 197.875, 186.0, 133.5, 124.0625, 89.5, 141.625, 87.0625, 100.125, 124.3125, 78.125, 193.875, 152.375, 12.0390625, 77.1875, 143.75, 139.375, 181.25, 154.75, 138.0, 73.25, 144.0, 195.5, 156.0, 178.375, 178.5, 148.875, 196.875, 139.5, 187.5, 154.75, 151.0, 56.9375, 42.9375, 71.875, 156.125], [72.4375, 94.0625, 141.375, 119.9375, 175.75, 40.53125, 152.75, 133.375, 101.0, 77.0, 67.4375, 120.0625, 84.875, 134.5, 50.15625, 37.21875, 158.125, 166.875, 73.25, 138.5, 33.09375, 76.0, 112.0, 29.421875, 63.5, 143.375, 0.0, 89.25, 118.6875, 100.625, 143.875, 132.375, 10.1953125, 26.25, 49.03125, 103.75, 88.75, 155.375, 112.0, 115.125, 68.0, 47.375, 154.375, 174.25, 87.125, 129.25, 133.875, 52.0, 80.0625, 85.0, 53.25, 150.75, 88.25, 61.78125, 24.59375, 9.8515625, 161.0, 70.75, 33.25, 159.75, 90.9375, 39.96875, 76.9375, 80.625, 31.40625, 44.40625, 53.59375, 26.3125, 116.625, 61.6875, 139.75, 172.25, 144.625, 131.75, 119.4375, 69.625, 76.6875, 84.1875, 126.5, 47.0, 143.375, 168.125, 147.75, 61.03125, 90.6875, 67.4375, 155.625, 140.625, 89.625, 138.375, 45.78125, 59.15625, 62.15625, 51.0, 166.375, 37.1875, 159.125, 123.9375, 150.5, 93.25, 44.28125, 70.875, 124.625, 96.5625, 47.125, 48.25, 45.65625, 58.6875, 69.875, 132.375, 161.875, 187.5, 39.28125, 144.375, 80.3125, 102.4375, 56.90625, 99.625, 71.375, 58.46875, 78.4375, 58.59375, 144.0, 39.34375, 133.125, 97.0625, 142.375, 68.25, 80.0625, 167.5, 164.875, 126.25, 83.75, 110.4375, 199.75, 84.5, 105.5, 37.65625, 140.75, 71.125, 2.0, 112.8125, 74.3125, 56.09375, 43.1875, 70.4375, 30.15625, 72.875, 31.765625, 35.125, 82.625, 64.0625, 137.0, 17.890625, 45.1875, 80.125, 29.734375, 134.75, 136.875, 105.3125, 114.625], [35.59375, 51.46875, 81.0625, 108.8125, 115.6875, 114.375, 73.8125, 78.3125, 26.078125, 71.875, 24.328125, 114.0625, 89.8125, 113.3125, 110.125, 52.5, 95.75, 81.8125, 96.8125, 52.625, 66.375, 21.953125, 83.0, 63.15625, 56.59375, 135.5, 89.25, 0.0, 29.421875, 12.1640625, 55.09375, 130.125, 98.625, 90.9375, 109.5, 66.25, 54.21875, 81.0, 48.03125, 143.25, 37.75, 114.625, 89.9375, 120.375, 53.53125, 57.25, 129.5, 112.9375, 42.625, 22.09375, 133.375, 115.4375, 116.0, 34.46875, 106.625, 83.75, 74.3125, 65.3125, 91.9375, 93.3125, 3.162109375, 85.25, 132.0, 13.0390625, 118.625, 114.125, 45.59375, 91.1875, 84.4375, 29.015625, 134.75, 87.4375, 132.875, 150.125, 147.375, 76.625, 74.4375, 50.21875, 49.8125, 62.96875, 68.0, 80.625, 85.9375, 94.375, 65.75, 86.3125, 94.625, 103.4375, 63.5, 74.0, 48.15625, 91.0625, 107.125, 41.0625, 106.0, 119.9375, 69.9375, 154.625, 87.3125, 119.0, 56.40625, 110.0, 37.8125, 55.09375, 97.75, 128.875, 47.03125, 86.75, 21.21875, 77.0625, 72.75, 119.0, 128.5, 71.6875, 100.0, 65.1875, 76.9375, 67.5625, 38.0, 106.8125, 47.8125, 68.0, 76.5625, 70.625, 48.09375, 23.0, 67.1875, 71.5625, 9.21875, 89.375, 103.3125, 37.5625, 132.875, 44.09375, 128.5, 126.6875, 60.03125, 59.6875, 140.5, 71.1875, 91.25, 23.765625, 60.15625, 44.5625, 46.8125, 93.5, 61.46875, 81.8125, 68.625, 105.5, 51.0, 32.53125, 64.4375, 103.6875, 122.3125, 25.0, 66.1875, 92.75, 103.5625, 144.25, 28.15625], [59.46875, 65.3125, 76.6875, 121.75, 107.0, 142.25, 53.8125, 74.4375, 30.890625, 90.625, 53.0, 128.0, 109.9375, 122.3125, 137.625, 81.75, 84.6875, 57.8125, 120.0, 30.46875, 94.4375, 46.65625, 93.75, 92.0, 79.3125, 146.875, 118.6875, 29.421875, 0.0, 18.390625, 26.078125, 143.625, 128.125, 119.0, 135.875, 74.625, 68.125, 66.75, 50.78125, 163.625, 62.8125, 141.625, 78.375, 114.5, 70.4375, 50.0, 142.375, 139.25, 62.625, 41.125, 161.5, 118.6875, 138.25, 62.1875, 135.375, 113.125, 48.84375, 85.6875, 120.25, 80.0625, 28.078125, 111.8125, 158.0, 40.0625, 147.75, 142.375, 73.3125, 120.0, 93.625, 58.125, 147.0, 63.40625, 143.25, 167.75, 167.5, 99.375, 93.4375, 68.25, 37.375, 89.0625, 55.09375, 53.90625, 79.75, 119.5625, 82.0, 109.9375, 84.5, 107.375, 80.0, 65.25, 77.0, 114.75, 133.0, 70.0625, 98.0625, 148.5, 40.84375, 175.0, 76.875, 140.5, 83.625, 134.75, 18.03125, 65.375, 123.6875, 157.125, 76.0625, 112.0, 50.03125, 76.5625, 43.875, 105.125, 157.875, 57.25, 122.0625, 74.0, 102.1875, 80.625, 60.3125, 131.625, 66.0625, 93.0, 68.25, 98.5, 25.5, 34.125, 51.46875, 92.6875, 38.625, 71.1875, 95.0625, 12.0859375, 157.875, 46.875, 112.25, 150.75, 66.5, 87.75, 153.75, 93.5, 120.625, 8.0625, 79.5, 70.8125, 75.9375, 117.0, 90.4375, 102.1875, 96.6875, 133.25, 67.4375, 59.0625, 51.625, 133.125, 150.25, 46.21875, 94.6875, 96.1875,