{"name": "LZB_n160_1", "n": 160, "m": 20, "times": [[0.0, 100.125, 89.125, 31.140625, 101.25, 55.96875, 79.3125, 53.8125, 120.9375, 111.3125, 82.0625, 86.625, 89.0625, 106.5625, 95.3125, 91.6875, 112.875, 70.3125, 85.6875, 112.4375, 44.65625, 77.875, 62.8125, 98.5, 72.375, 119.875, 88.5625, 21.546875, 61.8125, 6.70703125, 64.5625, 28.3125, 106.5, 71.1875, 103.0625, 7.80859375, 75.0, 55.09375, 50.34375, 78.5625, 101.25, 55.4375, 43.1875, 65.125, 97.5, 32.53125, 63.3125, 33.125, 97.9375, 93.0, 87.6875, 20.59375, 80.25, 41.96875, 65.25, 24.078125, 123.8125, 42.9375, 91.3125, 11.3125, 82.6875, 78.75, 51.21875, 100.1875, 100.9375, 127.5625, 53.84375, 69.25, 101.0, 122.4375, 46.09375, 95.3125, 96.625, 70.75, 103.25, 76.5, 112.375, 35.78125, 99.3125, 90.3125, 37.21875, 85.9375, 20.609375, 125.1875, 87.625, 56.5625, 74.625, 71.375, 122.5625, 88.6875, 45.8125, 53.25, 60.53125, 103.4375, 5.0, 38.90625, 88.125, 91.4375, 41.875, 80.0625, 83.0, 95.625, 79.0625, 35.0, 106.8125, 103.0625, 85.4375, 86.375, 72.5625, 97.5, 98.4375, 103.25, 86.125, 112.625, 71.6875, 82.625, 122.375, 43.28125, 114.625, 48.875, 42.1875, 90.625, 112.875, 13.4140625, 97.4375, 80.125, 58.6875, 83.6875, 86.8125, 31.390625, 98.0625, 13.34375, 79.875, 52.34375, 104.25, 81.3125, 19.421875, 57.375, 94.3125, 8.9453125, 97.625, 53.59375, 101.8125, 99.625, 97.75, 25.703125, 126.375, 123.375, 88.0, 134.375, 90.5, 90.8125, 95.8125, 53.75, 74.3125, 68.4375, 109.125, 130.0, 133.0, 48.09375, 30.0625], [100.125, 0.0, 188.25, 122.125, 170.125, 89.5, 141.625, 150.25, 73.5625, 203.0, 60.8125, 159.75, 175.75, 195.5, 112.75, 100.4375, 178.875, 78.8125, 46.625, 69.25, 104.5625, 39.40625, 48.40625, 5.09765625, 40.3125, 78.875, 144.5, 107.125, 100.1875, 102.375, 162.0, 78.125, 201.5, 31.578125, 87.6875, 95.125, 133.0, 155.0, 52.09375, 177.5, 192.75, 75.0625, 84.3125, 146.75, 88.625, 85.0, 160.0, 97.6875, 189.125, 46.3125, 187.75, 109.0625, 28.3125, 142.0, 132.0, 119.625, 201.5, 82.25, 172.5, 107.25, 101.25, 27.734375, 133.375, 171.25, 81.3125, 218.75, 108.25, 93.1875, 29.015625, 88.25, 57.125, 194.125, 29.546875, 58.8125, 53.09375, 174.375, 178.0, 67.0, 40.84375, 88.5, 67.125, 55.15625, 86.0, 102.375, 172.5, 48.75, 114.75, 50.46875, 96.25, 36.40625, 63.15625, 153.25, 151.875, 106.0625, 103.75, 72.0, 186.0, 167.875, 127.125, 159.75, 51.0, 129.5, 120.4375, 134.75, 68.125, 168.125, 184.625, 80.9375, 106.5625, 29.15625, 189.875, 196.375, 102.0, 47.25, 28.4375, 49.53125, 200.25, 124.75, 101.1875, 69.625, 76.3125, 118.4375, 199.375, 105.0625, 15.234375, 77.0, 153.25, 123.6875, 171.5, 122.4375, 126.125, 112.625, 141.875, 150.375, 99.0, 162.5, 119.5, 59.03125, 106.875, 108.6875, 191.375, 153.625, 103.875, 79.8125, 48.5, 112.375, 206.875, 86.375, 80.0625, 223.0, 151.125, 33.84375, 75.3125, 65.1875, 115.4375, 124.375, 206.5, 215.25, 81.3125, 104.625, 71.0625], [89.125, 188.25, 0.0, 67.9375, 118.3125, 117.25, 117.375, 57.625, 191.5, 78.1875, 155.625, 106.25, 48.71875, 47.15625, 160.875, 143.75, 94.25, 136.0, 173.125, 183.5, 111.8125, 166.5, 151.375, 187.125, 161.125, 187.875, 99.8125, 82.375, 113.75, 86.0, 27.515625, 110.875, 65.0, 157.875, 164.125, 95.5, 120.4375, 34.9375, 136.625, 37.5625, 74.3125, 137.875, 123.6875, 62.25, 157.375, 115.4375, 30.46875, 96.1875, 38.0, 180.375, 16.125, 80.0625, 169.375, 50.0, 108.5625, 76.5625, 80.0, 113.875, 61.09375, 81.0625, 152.75, 164.5, 66.875, 81.6875, 165.125, 89.25, 117.75, 125.8125, 190.0, 186.375, 131.75, 6.70703125, 179.875, 146.75, 189.875, 45.1875, 94.5625, 121.5, 179.5, 149.75, 121.8125, 172.0, 102.5625, 201.25, 52.9375, 145.625, 135.375, 150.875, 200.375, 170.5, 127.875, 37.375, 45.21875, 153.375, 86.5, 119.0625, 9.21875, 70.25, 67.625, 94.0625, 169.875, 150.5, 113.4375, 54.15625, 177.75, 91.8125, 36.125, 165.5, 118.6875, 180.875, 37.0, 33.71875, 136.5, 191.625, 160.125, 160.75, 79.0, 72.0, 189.25, 134.375, 126.625, 151.875, 56.3125, 83.3125, 183.625, 160.5, 39.34375, 139.625, 53.3125, 79.6875, 131.5, 76.0, 90.8125, 52.4375, 178.0, 60.53125, 70.5625, 144.5, 162.875, 81.5, 66.125, 41.15625, 153.0, 180.0, 185.0, 88.25, 76.4375, 188.5, 152.125, 100.1875, 94.3125, 173.25, 177.25, 131.25, 134.5, 97.3125, 55.59375, 105.1875, 202.625, 114.9375, 119.1875], [31.140625, 122.125, 67.9375, 0.0, 118.125, 52.0, 101.25, 56.09375, 125.6875, 112.0625, 88.5625, 103.125, 58.3125, 76.5625, 125.125, 84.0, 83.1875, 70.4375, 114.9375, 117.5, 72.9375, 106.0625, 91.375, 121.5, 100.3125, 122.875, 63.1875, 15.03125, 51.84375, 25.0, 40.59375, 44.03125, 103.875, 91.0, 101.25, 38.9375, 98.9375, 40.0, 70.0625, 70.6875, 103.0625, 86.5625, 74.25, 34.21875, 94.8125, 63.65625, 38.21875, 28.640625, 68.625, 122.125, 71.5625, 13.34375, 106.5, 35.0, 87.6875, 39.625, 92.625, 46.25, 60.15625, 19.84375, 113.0, 97.1875, 21.03125, 70.0, 101.0625, 127.875, 81.8125, 62.9375, 127.875, 122.9375, 65.0, 73.1875, 112.0, 79.125, 132.875, 71.8125, 82.75, 55.21875, 111.6875, 87.0, 55.03125, 116.0, 36.34375, 156.25, 56.625, 84.125, 102.875, 83.0, 153.75, 102.625, 60.3125, 39.6875, 30.671875, 95.1875, 32.0, 51.34375, 64.375, 60.59375, 11.703125, 93.75, 112.6875, 123.1875, 61.34375, 23.328125, 111.625, 73.9375, 76.5, 117.5, 60.21875, 113.0, 69.25, 74.9375, 77.1875, 124.0, 94.625, 93.0, 91.25, 15.03125, 145.75, 79.625, 73.25, 119.5, 82.375, 19.234375, 116.25, 111.3125, 31.0625, 111.0625, 55.8125, 48.5, 81.625, 20.59375, 53.46875, 51.4375, 135.25, 50.21875, 25.3125, 87.3125, 124.625, 29.15625, 97.375, 44.6875, 94.1875, 130.75, 127.0625, 49.03125, 95.25, 124.625, 87.625, 136.5, 63.34375, 105.3125, 126.8125, 63.3125, 102.4375, 46.875, 102.5625, 135.0, 137.25, 76.5625, 57.78125], [101.25, 170.125, 118.3125, 118.125, 0.0, 157.25, 28.421875, 67.6875, 215.875, 60.0, 178.125, 15.03125, 154.375, 162.125, 75.125, 192.875, 194.625, 170.5, 129.875, 207.625, 67.8125, 132.0, 121.75, 166.125, 130.0, 216.375, 181.0, 118.875, 162.75, 106.25, 116.0625, 126.3125, 69.625, 152.75, 202.875, 98.4375, 37.1875, 97.5, 137.875, 81.0, 54.375, 95.0, 87.125, 145.75, 197.75, 90.4375, 118.375, 133.875, 151.875, 134.875, 103.75, 116.5625, 142.0, 88.8125, 39.40625, 80.0625, 192.0, 143.625, 163.5, 107.0625, 77.8125, 161.25, 137.0, 180.5, 200.0, 68.25, 62.25, 170.5, 153.375, 220.5, 136.0, 124.0, 181.0, 166.5, 138.25, 73.25, 194.5, 128.375, 187.75, 190.875, 131.0, 123.1875, 120.5625, 119.4375, 156.25, 123.0625, 58.125, 164.25, 122.0625, 176.375, 140.5, 95.0625, 130.0, 204.625, 96.5625, 136.5, 125.25, 168.875, 129.0, 25.703125, 124.875, 55.21875, 177.875, 98.1875, 202.5, 187.375, 84.1875, 100.875, 173.25, 181.625, 151.375, 150.75, 187.375, 201.0, 146.5, 175.375, 190.625, 133.125, 107.8125, 101.125, 95.6875, 64.3125, 171.25, 111.375, 175.375, 100.625, 122.5625, 52.5, 156.0, 71.1875, 197.75, 101.25, 171.0, 74.0, 98.625, 156.75, 93.5625, 111.125, 80.8125, 95.3125, 60.59375, 87.0625, 203.0, 112.5625, 136.875, 75.5625, 190.5, 221.0, 187.625, 66.0, 180.125, 177.375, 113.3125, 150.75, 57.25, 164.625, 82.6875, 54.09375, 227.75, 66.6875, 111.8125], [55.96875, 89.5, 117.25, 52.0, 157.25, 0.0, 134.375, 104.375, 74.25, 162.125, 39.46875, 142.625, 91.0, 111.0, 139.625, 35.75, 89.5, 18.78125, 102.625, 66.1875, 96.1875, 90.9375, 80.4375, 90.8125, 85.4375, 71.0, 55.46875, 42.0, 11.3125, 51.46875, 89.875, 34.125, 154.875, 59.375, 49.53125, 59.21875, 129.125, 92.0, 45.46875, 122.5, 152.625, 91.5, 85.6875, 62.1875, 43.28125, 76.1875, 86.8125, 25.0, 106.5, 108.5625, 122.9375, 44.8125, 85.5625, 85.5625, 120.4375, 78.75, 112.625, 15.1328125, 85.5, 51.96875, 125.6875, 61.75, 51.65625, 81.9375, 49.03125, 178.25, 105.0625, 13.34375, 105.875, 70.9375, 41.625, 121.625, 69.875, 33.25, 119.875, 123.0625, 88.5625, 39.5625, 66.0, 35.59375, 36.78125, 107.3125, 37.34375, 157.375, 87.0, 71.875, 124.125, 40.25, 153.125, 59.6875, 32.1875, 91.6875, 73.375, 47.4375, 60.75, 27.859375, 112.0, 79.625, 49.65625, 135.75, 102.625, 145.25, 33.40625, 74.25, 60.40625, 78.6875, 128.375, 120.125, 21.03125, 70.875, 107.5625, 115.0, 30.40625, 76.5, 68.25, 47.03125, 111.375, 45.3125, 149.625, 81.625, 79.625, 137.875, 113.3125, 47.5, 78.75, 113.4375, 78.0, 134.0, 86.0, 86.9375, 47.125, 58.84375, 52.40625, 100.875, 141.125, 76.125, 67.9375, 82.75, 136.75, 62.65625, 147.625, 96.1875, 45.875, 129.75, 113.4375, 81.625, 118.375, 72.625, 35.59375, 186.25, 61.78125, 62.8125, 124.8125, 25.0, 124.0625, 34.9375, 154.375, 183.375, 85.5625, 99.0625, 56.28125], [79.3125, 141.625, 117.375, 101.25, 28.421875, 134.375, 0.0, 60.59375, 189.25, 77.25, 152.125, 21.21875, 145.75, 156.75, 52.25, 169.875, 182.125, 146.125, 101.6875, 181.125, 40.71875, 103.625, 93.375, 137.625, 101.5625, 190.125, 164.375, 99.0, 141.0, 85.125, 108.5625, 101.9375, 83.1875, 125.0, 178.0, 75.125, 8.9453125, 89.875, 111.0, 82.8125, 68.875, 66.625, 59.1875, 132.25, 173.25, 63.53125, 110.125, 112.4375, 146.5, 106.875, 105.0, 97.0625, 113.5625, 77.8125, 14.0390625, 61.65625, 183.75, 120.0625, 153.25, 87.0, 51.78125, 133.375, 121.625, 168.25, 174.75, 89.125, 34.21875, 147.625, 125.1875, 194.75, 109.5625, 123.75, 153.25, 140.5, 110.875, 75.1875, 181.875, 102.6875, 160.375, 166.75, 105.5, 95.25, 97.0625, 97.3125, 146.75, 94.9375, 31.046875, 137.75, 99.0, 149.0, 114.75, 87.125, 118.875, 181.5, 75.125, 111.625, 122.6875, 157.25, 112.8125, 28.859375, 96.75, 35.46875, 158.0, 84.75, 176.25, 173.875, 87.9375, 74.0625, 151.875, 153.875, 146.125, 147.0, 164.75, 173.5, 118.3125, 148.625, 182.5, 116.25, 85.125, 72.9375, 67.8125, 41.3125, 165.375, 91.0, 147.125, 73.1875, 112.3125, 28.078125, 146.375, 52.78125, 177.375, 82.25, 154.75, 66.625, 75.0, 145.25, 75.9375, 82.75, 57.0, 75.0, 72.5625, 79.875, 179.75, 86.6875, 109.1875, 54.0, 183.625, 195.125, 162.875, 89.4375, 164.625, 149.875, 86.8125, 125.375, 30.078125, 146.125, 94.5625, 78.875, 201.0, 39.125, 85.4375], [53.8125, 150.25, 57.625, 56.09375, 67.6875, 104.375, 60.59375, 0.0, 174.125, 58.0, 135.25, 53.4375, 87.0, 96.375, 103.5625, 138.75, 127.125, 121.25, 125.0625, 165.625, 57.28125, 120.8125, 106.1875, 147.75, 116.25, 172.5, 116.125, 62.4375, 106.6875, 55.21875, 48.84375, 82.0, 52.6875, 123.5, 153.625, 56.34375, 62.9375, 30.078125, 103.375, 29.0625, 48.28125, 87.0625, 73.0, 79.0, 147.625, 67.5, 50.90625, 79.375, 86.0625, 132.0, 47.4375, 59.625, 126.5, 22.203125, 51.0, 30.875, 124.8125, 94.125, 95.8125, 53.0625, 96.25, 131.5, 72.0, 113.0, 152.375, 74.25, 61.6875, 116.75, 145.0, 174.25, 99.5, 64.1875, 150.0, 124.1875, 140.125, 24.328125, 127.0, 89.375, 153.125, 140.0, 91.0, 122.125, 73.875, 145.25, 88.625, 102.625, 78.0625, 125.1875, 144.875, 142.375, 99.625, 27.515625, 62.5, 150.25, 49.09375, 92.4375, 62.25, 101.25, 65.25, 41.96875, 121.0, 92.875, 117.375, 33.25, 159.875, 120.25, 36.0, 111.3125, 115.8125, 150.875, 85.75, 86.375, 132.25, 166.375, 122.0625, 136.375, 123.5, 69.9375, 133.0, 86.1875, 78.25, 94.3125, 105.1875, 57.375, 149.625, 107.0625, 54.90625, 82.0, 88.3125, 28.28125, 137.625, 46.0, 105.9375, 6.32421875, 121.875, 89.125, 36.78125, 97.4375, 106.0, 45.0, 43.9375, 19.703125, 149.0, 125.875, 136.0, 38.46875, 123.9375, 175.5, 139.0, 81.8125, 114.25, 144.375, 123.75, 107.1875, 77.1875, 102.5, 56.3125, 79.25, 186.125, 59.90625, 79.5], [120.9375, 73.5625, 191.5, 125.6875, 215.875, 74.25, 189.25, 174.125, 0.0, 232.0, 38.90625, 202.75, 161.125, 180.375, 175.375, 55.0, 145.25, 55.46875, 115.0625, 8.484375, 148.625, 104.3125, 104.5625, 78.25, 101.8125, 7.2109375, 112.0625, 113.8125, 78.4375, 118.875, 164.125, 92.6875, 226.25, 67.9375, 32.0625, 120.625, 182.0, 165.625, 78.3125, 195.25, 222.0, 128.75, 131.125, 133.75, 38.0, 125.8125, 161.0, 97.375, 177.5, 117.0625, 197.125, 116.625, 93.0625, 157.625, 176.625, 145.0, 174.0, 80.625, 153.0, 121.25, 162.0, 60.8125, 125.1875, 143.125, 28.15625, 248.25, 155.625, 66.4375, 102.25, 16.96875, 79.9375, 195.625, 45.09375, 50.34375, 125.5625, 194.875, 144.25, 88.0, 34.0, 44.40625, 85.625, 123.125, 100.4375, 174.125, 156.5, 99.0625, 169.375, 51.625, 168.25, 43.5625, 76.1875, 165.0, 147.125, 52.1875, 125.875, 82.0625, 185.875, 145.125, 123.875, 198.625, 118.1875, 188.125, 87.375, 146.875, 14.2109375, 136.0, 201.5, 146.375, 76.5, 45.1875, 178.75, 186.5, 61.125, 26.921875, 78.0625, 40.71875, 173.0, 119.4375, 171.125, 119.625, 122.625, 178.125, 180.875, 117.125, 58.6875, 140.875, 152.125, 179.375, 155.5, 151.625, 80.75, 128.375, 114.75, 171.625, 166.75, 145.125, 137.5, 113.3125, 170.375, 129.375, 218.0, 168.75, 50.8125, 149.125, 120.25, 143.625, 181.125, 14.2109375, 39.84375, 255.25, 120.0625, 44.1875, 144.125, 67.1875, 169.75, 100.0, 227.0, 250.75, 12.0390625, 150.25, 104.125], [111.3125, 203.0, 78.1875, 112.0625, 60.0, 162.125, 77.25, 58.0, 232.0, 0.0, 193.125, 56.71875, 124.5, 125.3125, 129.5, 195.875, 169.625, 179.25, 171.0, 223.5, 100.5625, 169.5, 156.125, 200.0, 165.875, 230.5, 166.75, 120.125, 163.625, 113.125, 89.5, 139.625, 13.6015625, 178.75, 211.5, 112.8125, 85.0, 75.75, 159.5, 45.34375, 10.296875, 132.625, 120.1875, 127.4375, 205.375, 118.125, 92.875, 137.125, 116.0625, 177.25, 62.0625, 117.3125, 177.125, 77.125, 78.4375, 87.4375, 158.125, 152.125, 136.125, 111.0625, 128.0, 187.0, 124.375, 156.0, 210.375, 16.28125, 100.25, 174.25, 193.25, 232.25, 156.0, 81.75, 206.125, 182.0, 183.375, 41.21875, 169.75, 146.25, 210.0, 197.75, 148.0, 166.125, 131.625, 174.5, 127.875, 154.375, 107.0, 182.625, 176.125, 199.0, 157.0, 74.75, 108.8125, 207.25, 106.375, 150.125, 87.0625, 144.0, 119.5, 49.0, 166.375, 111.625, 172.25, 88.75, 217.875, 165.125, 43.1875, 148.75, 172.25, 206.875, 115.125, 111.625, 189.125, 223.375, 175.875, 193.875, 157.125, 124.4375, 162.375, 134.875, 127.375, 118.5, 134.5, 115.375, 204.25, 146.5, 100.5625, 105.3125, 128.0, 82.125, 192.375, 104.0, 156.625, 61.21875, 152.125, 132.625, 94.8125, 146.125, 134.125, 102.625, 14.765625, 68.0, 206.125, 162.375, 180.5, 91.5625, 154.5, 233.5, 197.0, 24.59375, 163.25, 200.875, 161.75, 165.0, 106.0, 156.5, 26.421875, 27.015625, 244.0, 101.625, 134.25], [82.0625, 60.8125, 155.625, 88.5625, 178.125, 39.46875, 152.125, 135.25, 38.90625, 193.125, 0.0, 164.625, 130.25, 150.125, 143.5, 39.59375, 123.375, 22.09375, 90.25, 30.40625, 111.5, 78.3125, 74.125, 63.875, 74.3125, 38.28125, 88.625, 75.8125, 47.03125, 80.0625, 128.125, 53.8125, 187.625, 39.5625, 30.40625, 81.8125, 145.25, 128.0, 42.1875, 157.0, 183.125, 95.0625, 95.1875, 101.625, 29.15625, 88.75, 125.25, 59.9375, 145.875, 94.25, 160.125, 78.5625, 68.9375, 119.25, 139.125, 106.125, 149.25, 42.53125, 124.0625, 82.625, 129.625, 36.25, 91.0, 118.0625, 25.015625, 209.375, 119.0625, 36.6875, 84.75, 42.71875, 42.71875, 160.375, 34.46875, 11.6640625, 104.5625, 156.375, 122.4375, 49.75, 27.65625, 27.796875, 47.15625, 97.3125, 61.53125, 149.625, 126.125, 67.0, 134.375, 16.0, 144.25, 25.0, 37.75, 127.25, 112.5625, 45.78125, 87.0, 43.1875, 150.875, 117.4375, 88.25, 160.125, 92.1875, 154.125, 63.25, 108.75, 24.84375, 113.0625, 163.375, 117.1875, 49.71875, 35.34375, 147.0, 154.375, 41.625, 37.125, 50.96875, 11.3125, 148.125, 84.1875, 144.5, 85.3125, 87.0625, 144.875, 152.0, 78.625, 46.875, 111.0625, 116.6875, 144.5, 125.125, 112.8125, 65.8125, 89.625, 88.3125, 132.875, 138.5, 115.0, 98.6875, 81.125, 139.125, 90.5, 179.25, 130.625, 43.5625, 122.8125, 98.4375, 105.0, 155.625, 42.96875, 19.421875, 216.375, 96.0625, 28.015625, 117.6875, 28.3125, 134.625, 71.4375, 188.625, 211.875, 50.9375, 113.4375, 66.6875], [86.625, 159.75, 106.25, 103.125, 15.03125, 142.625, 21.21875, 53.4375, 202.75, 56.71875, 164.625, 0.0, 140.375, 148.875, 73.0, 178.375, 180.0, 156.25, 121.625, 194.375, 55.875, 122.625, 111.375, 156.0, 120.125, 202.875, 166.0, 103.9375, 148.0, 91.5, 102.1875, 112.25, 63.90625, 140.75, 188.75, 84.1875, 29.828125, 83.5, 125.0, 69.5, 49.03125, 85.125, 75.8125, 131.0, 183.625, 78.0, 104.375, 119.125, 138.625, 127.125, 92.3125, 101.625, 132.0, 74.125, 27.796875, 65.125, 178.125, 129.25, 149.25, 92.1875, 73.0, 149.25, 122.0625, 165.875, 186.0, 68.0, 51.625, 155.875, 145.0, 206.75, 122.875, 112.1875, 169.125, 153.0, 131.625, 61.71875, 179.875, 114.9375, 175.375, 176.625, 117.5, 115.5625, 106.25, 118.125, 142.0, 111.9375, 52.1875, 151.125, 120.0, 164.0, 126.9375, 80.9375, 115.5, 190.0, 81.9375, 122.5625, 112.6875, 154.375, 114.0, 12.203125, 116.75, 54.90625, 162.875, 83.3125, 189.25, 172.625, 73.5625, 95.0625, 158.375, 169.75, 138.25, 137.875, 172.75, 188.75, 135.125, 162.25, 176.875, 118.0625, 106.0, 90.25, 84.25, 62.03125, 157.875, 96.5625, 164.25, 93.9375, 108.1875, 49.0, 141.75, 56.28125, 182.875, 86.3125, 156.0, 59.78125, 96.0625, 142.25, 78.5, 100.8125, 78.0, 80.5, 53.71875, 73.0625, 188.5, 107.875, 129.625, 61.09375, 177.0, 207.375, 173.625, 68.25, 165.25, 165.25, 107.9375, 137.0, 51.1875, 149.625, 76.0625, 57.875, 214.625, 55.3125, 98.8125], [89.0625, 175.75, 48.71875, 58.3125, 154.375, 91.0, 145.75, 87.0, 161.125, 124.5, 130.25, 140.375, 0.0, 20.03125, 179.25, 108.1875, 45.59375, 108.4375, 173.125, 154.0, 126.75, 163.75, 149.375, 175.875, 158.0, 156.25, 55.8125, 72.0, 83.625, 83.1875, 38.3125, 99.3125, 112.0, 144.125, 130.625, 96.8125, 146.125, 56.90625, 124.4375, 80.0, 119.0, 144.375, 131.5, 29.15625, 124.0625, 121.1875, 36.0625, 78.125, 17.0, 180.25, 63.5625, 71.125, 163.25, 68.0, 134.0, 89.5, 38.0, 93.875, 12.53125, 77.9375, 168.375, 149.0, 42.4375, 33.09375, 133.125, 137.0, 134.875, 95.1875, 184.75, 152.75, 119.375, 48.3125, 160.25, 124.0, 191.0, 86.125, 45.875, 110.6875, 157.0, 116.9375, 109.75, 174.25, 92.875, 213.625, 5.0, 141.875, 155.25, 130.25, 211.25, 150.125, 112.5625, 59.46875, 29.0, 115.9375, 89.0, 103.8125, 39.5625, 22.203125, 49.78125, 128.75, 171.0, 173.875, 75.375, 62.8125, 148.5, 43.40625, 81.3125, 175.125, 84.625, 161.25, 18.359375, 26.421875, 101.1875, 167.375, 149.75, 138.0, 36.6875, 51.25, 202.5, 137.875, 131.25, 172.25, 24.171875, 77.5, 167.5, 169.0, 33.84375, 162.0, 5.83203125, 96.625, 90.1875, 76.8125, 48.75, 80.625, 191.75, 16.15625, 77.0625, 145.625, 179.75, 85.125, 111.0625, 67.375, 116.0625, 188.625, 185.125, 101.3125, 38.40625, 155.25, 121.375, 147.625, 48.90625, 153.25, 184.875, 111.75, 154.625, 61.125, 103.8125, 151.375, 171.0, 130.25, 115.8125], [106.5625, 195.5, 47.15625, 76.5625, 162.125, 111.0, 156.75, 96.375, 180.375, 125.3125, 150.125, 148.875, 20.03125, 0.0, 193.75, 126.9375, 53.59375, 128.375, 191.5, 173.5, 141.625, 182.5, 168.0, 195.625, 176.75, 175.375, 72.4375, 90.8125, 103.375, 101.0625, 48.40625, 118.6875, 112.125, 164.0, 149.625, 114.25, 158.0, 66.875, 144.125, 83.4375, 121.3125, 161.5, 148.125, 49.15625, 143.125, 138.125, 47.4375, 97.875, 10.296875, 198.75, 63.28125, 89.6875, 182.5, 80.125, 145.75, 104.0625, 33.125, 113.875, 27.859375, 95.6875, 183.5, 168.875, 62.15625, 44.6875, 152.375, 136.0, 149.25, 114.875, 204.0, 171.625, 139.0, 44.03125, 180.25, 144.0, 209.375, 90.5, 54.21875, 130.125, 177.0, 136.125, 129.25, 192.375, 111.9375, 229.75, 24.078125, 160.625, 169.125, 150.25, 227.875, 170.25, 132.375, 69.625, 46.0625, 134.125, 106.0, 123.5625, 38.46875, 37.125, 68.9375, 136.875, 189.125, 186.75, 93.9375, 77.25, 168.0, 55.21875, 83.0, 191.75, 103.9375, 181.25, 10.7734375, 14.3203125, 120.0625, 187.25, 169.25, 158.0, 32.25, 70.8125, 218.5, 155.375, 148.5, 186.125, 9.21875, 95.75, 187.375, 185.875, 48.59375, 175.125, 25.078125, 110.3125, 107.375, 93.8125, 66.75, 90.1875, 207.5, 35.34375, 92.8125, 163.625, 194.625, 101.8125, 113.125, 76.875, 134.375, 205.5, 203.625, 116.1875, 29.28125, 174.125, 140.875, 147.0, 64.875, 173.25, 202.0, 131.75, 168.375, 80.4375, 102.0625, 152.375, 190.125, 145.125, 134.375], [95.3125, 112.75, 160.875, 125.125, 75.125, 139.625, 52.25, 103.5625, 175.375, 129.5, 143.5, 73.0, 179.25, 193.75, 0.0, 171.75, 208.0, 145.375, 66.5625, 168.25, 52.625, 73.8125, 70.8125, 107.9375, 74.6875, 178.125, 183.125, 116.75, 149.125, 102.0, 145.875, 105.75, 135.125, 107.5, 173.125, 88.125, 44.90625, 128.75, 102.0, 130.25, 121.0625, 49.03125, 54.40625, 159.25, 170.0, 64.875, 146.375, 124.3125, 183.875, 69.0, 150.875, 115.875, 85.5, 114.125, 54.4375, 89.875, 216.25, 124.5625, 184.0, 106.1875, 14.0390625, 114.75, 146.0, 195.0, 168.375, 141.0, 44.5625, 151.875, 89.0, 185.0, 103.0625, 167.5, 132.875, 133.125, 68.6875, 123.1875, 207.5, 100.8125, 142.5, 165.125, 103.8125, 58.25, 105.0, 45.09375, 179.0, 76.8125, 25.546875, 127.5625, 47.09375, 132.0, 111.3125, 125.875, 150.5, 182.375, 93.3125, 112.3125, 164.375, 185.625, 136.5, 80.875, 61.90625, 20.609375, 169.875, 116.75, 164.375, 198.375, 136.125, 32.1875, 160.125, 133.125, 183.875, 186.5, 168.5, 154.0, 97.5, 136.5, 214.875, 138.375, 33.0, 59.0625, 60.03125, 11.0, 201.5, 108.6875, 122.75, 35.78125, 145.75, 24.1875, 178.375, 83.5, 186.5, 104.5625, 174.875, 108.4375, 23.53125, 174.625, 102.4375, 62.5, 6.40234375, 95.9375, 124.3125, 120.1875, 180.375, 39.65625, 69.375, 78.0, 217.75, 184.5, 159.0, 140.375, 185.625, 131.75, 41.875, 122.1875, 26.421875, 162.125, 146.0, 129.0, 186.0, 49.03125, 83.375], [91.6875, 100.4375, 143.75, 84.0, 192.875, 35.75, 169.875, 138.75, 55.0, 195.875, 39.59375, 178.375, 108.1875, 126.9375, 171.75, 0.0, 90.375, 26.6875, 126.1875, 49.375, 131.125, 114.125, 106.875, 103.375, 109.375, 49.15625, 57.09375, 76.5625, 32.1875, 87.0625, 117.4375, 68.5, 187.875, 76.6875, 23.09375, 94.8125, 164.375, 123.125, 71.3125, 154.5, 186.625, 122.8125, 119.0, 82.75, 17.03125, 110.1875, 114.0, 59.9375, 125.0, 131.0, 151.875, 79.25, 106.0625, 118.8125, 156.0, 114.25, 119.0, 49.8125, 99.1875, 87.25, 157.75, 75.0, 77.0, 88.1875, 27.171875, 211.875, 139.75, 22.46875, 123.4375, 44.65625, 69.25, 147.0, 73.4375, 43.90625, 141.875, 155.875, 89.375, 71.0625, 64.6875, 12.53125, 68.0625, 132.375, 72.75, 184.375, 103.4375, 98.75, 158.125, 52.15625, 179.375, 64.4375, 60.53125, 123.25, 98.5, 11.703125, 96.4375, 60.0, 137.0, 90.8125, 78.5, 171.375, 127.375, 179.0, 33.0, 107.1875, 44.90625, 81.0, 159.875, 149.125, 25.0, 74.1875, 126.3125, 134.25, 7.2109375, 69.625, 87.6875, 50.90625, 118.0625, 73.5625, 177.875, 112.75, 112.125, 171.125, 126.6875, 82.75, 86.375, 142.625, 104.8125, 168.25, 102.4375, 122.5625, 27.3125, 93.9375, 60.40625, 134.75, 170.5, 92.0, 102.875, 111.625, 168.375, 98.25, 181.25, 128.75, 10.296875, 156.875, 135.5, 117.3125, 126.125, 47.3125, 20.8125, 220.25, 65.125, 67.375, 151.75, 49.8125, 158.125, 47.4375, 186.125, 218.0, 63.625, 133.875, 89.0], [112.875, 178.875, 94.25, 83.1875, 194.625, 89.5, 182.125, 127.125, 145.25, 169.625, 123.375, 180.0, 45.59375, 53.59375, 208.0, 90.375, 0.0, 101.8125, 187.875, 139.75, 156.125, 177.0, 164.25, 180.25, 171.125, 139.0, 34.78125, 91.8125, 78.75, 106.25, 81.0, 111.8125, 157.375, 148.75, 113.1875, 120.375, 181.0, 98.1875, 132.625, 124.5625, 163.625, 166.5, 155.625, 49.96875, 107.375, 144.875, 78.0, 89.125, 58.59375, 194.5, 109.125, 92.375, 173.5, 105.875, 169.25, 121.625, 30.671875, 99.0625, 33.53125, 101.875, 195.625, 151.125, 62.1875, 14.140625, 117.5, 182.375, 165.0, 87.0, 194.375, 133.0, 128.0, 93.4375, 157.25, 121.0625, 205.75, 130.25, 1.0, 122.0, 151.0, 101.9375, 120.125, 191.0, 108.25, 236.5, 41.78125, 155.875, 186.0, 129.0, 233.25, 147.125, 119.25, 100.3125, 64.625, 94.0625, 114.75, 112.0, 85.0625, 26.015625, 71.5625, 169.0, 186.875, 206.25, 60.15625, 97.5, 135.125, 10.8203125, 126.4375, 197.625, 73.6875, 158.125, 59.9375, 66.875, 84.875, 158.5, 157.0, 133.5, 30.078125, 69.625, 226.625, 158.125, 153.0, 202.625, 48.09375, 99.5625, 167.5, 191.0, 72.3125, 194.125, 41.59375, 130.0, 65.0625, 103.75, 37.4375, 120.9375, 216.625, 38.125, 107.5625, 163.375, 207.25, 112.3125, 155.875, 108.375, 95.0, 209.75, 199.5, 132.0, 38.625, 136.0, 108.875, 193.0, 27.734375, 150.25, 205.25, 114.25, 185.625, 54.71875, 149.375, 196.25, 153.0, 159.75, 133.0], [70.3125, 78.8125, 136.0, 70.4375, 170.5, 18.78125, 146.125, 121.25, 55.46875, 179.25, 22.09375, 156.25, 108.4375, 128.375, 145.375, 26.6875, 101.8125, 0.0, 100.1875, 47.4375, 106.5, 88.125, 80.3125, 81.0625, 83.1875, 52.4375, 67.0625, 59.40625, 25.0, 66.875, 108.6875, 44.28125, 172.5, 51.84375, 32.75, 72.0625, 140.125, 110.4375, 44.65625, 140.625, 169.5, 96.3125, 93.1875, 80.0625, 27.3125, 84.875, 105.625, 42.53125, 124.3125, 105.3125, 141.625, 62.25, 80.6875, 103.3125, 132.5, 94.0625, 127.3125, 27.453125, 102.0, 68.25, 131.25, 51.75, 70.1875, 96.125, 31.140625, 195.375, 114.9375, 14.8671875, 99.25, 53.03125, 42.59375, 140.375, 55.375, 20.0, 116.3125, 140.75, 100.875, 45.09375, 49.65625, 20.609375, 42.09375, 106.125, 50.09375, 157.875, 104.25, 72.125, 132.5, 28.421875, 153.0, 45.3125, 34.0625, 110.0, 92.0, 37.0625, 75.3125, 34.71875, 130.75, 95.3125, 68.4375, 150.25, 101.125, 153.25, 42.0625, 92.1875, 41.625, 91.375, 146.625, 122.5, 28.234375, 56.3125, 125.4375, 133.0, 25.0625, 59.0, 62.4375, 31.625, 126.125, 64.0625, 151.25, 86.3125, 86.0, 145.0, 130.0, 63.875, 66.25, 115.9375, 96.75, 142.75, 103.25, 101.6875, 48.28125, 75.3125, 66.3125, 118.125, 143.875, 93.0625, 84.5, 84.9375, 141.75, 77.9375, 164.875, 114.1875, 35.0, 130.25, 109.9375, 95.25, 133.5, 54.5, 17.796875, 203.125, 74.3125, 48.46875, 125.25, 23.1875, 132.625, 49.375, 172.5, 199.625, 66.875, 109.0625, 63.1875], [85.6875, 46.625, 173.125, 114.9375, 129.875, 102.625, 101.6875, 125.0625, 115.0625, 171.0, 90.25, 121.625, 173.125, 191.5, 66.5625, 126.1875, 187.875, 100.1875, 0.0, 109.0625, 70.625, 12.0859375, 23.859375, 41.625, 17.203125, 119.0625, 156.25, 101.125, 113.875, 90.625, 150.0, 76.1875, 172.0, 50.6875, 120.5625, 78.4375, 92.8125, 138.25, 57.1875, 154.0, 161.0, 38.625, 52.15625, 146.25, 119.25, 58.21875, 149.0, 99.0, 183.25, 7.28125, 168.875, 101.9375, 22.015625, 123.5, 94.5625, 97.5, 205.0, 89.875, 173.25, 96.0, 55.96875, 55.4375, 131.875, 177.375, 114.75, 185.625, 71.1875, 111.5, 23.59375, 127.3125, 61.0625, 179.625, 70.25, 82.625, 18.03125, 149.125, 187.125, 65.875, 81.0625, 116.4375, 67.875, 8.546875, 81.0, 59.6875, 171.0, 32.0, 72.1875, 74.9375, 54.125, 72.125, 70.4375, 136.0, 145.5, 134.875, 87.375, 76.375, 173.125, 171.125, 123.5625, 124.0625, 5.0, 84.375, 136.0, 119.5625, 106.3125, 177.125, 161.0, 34.46875, 123.25, 70.375, 183.875, 188.875, 125.25, 90.9375, 39.28125, 80.625, 203.625, 122.9375, 56.09375, 39.125, 47.09375, 73.125, 197.25, 95.75, 58.25, 31.234375, 144.25, 80.0625, 170.125, 97.0, 147.625, 99.0, 150.75, 127.0625, 52.625, 162.875, 102.8125, 28.640625, 60.53125, 92.1875, 161.25, 133.875, 132.625, 34.125, 12.0859375, 87.0625, 208.75, 126.125, 108.8125, 188.375, 161.25, 71.0, 29.28125, 78.75, 73.0, 134.375, 179.375, 179.125, 124.5, 69.375, 57.25], [112.4375, 69.25, 183.5, 117.5, 207.625, 66.1875, 181.125, 165.625, 8.484375, 223.5, 30.40625, 194.375, 154.0, 173.5, 168.25, 49.375, 139.75, 47.4375, 109.0625, 0.0, 140.5, 98.0, 97.5, 73.75, 95.25, 10.0, 106.0625, 105.4375, 70.875, 110.375, 156.125, 84.25, 217.75, 60.8125, 27.203125, 112.1875, 174.0, 157.25, 70.1875, 186.875, 213.625, 121.1875, 123.1875, 126.375, 32.375, 117.625, 153.0, 89.0625, 170.25, 111.4375, 188.875, 108.25, 87.0, 149.25, 168.5, 136.5, 168.0, 72.1875, 146.25, 112.8125, 154.75, 54.15625, 117.375, 137.0, 22.203125, 239.75, 147.625, 58.9375, 97.5, 18.96875, 71.6875, 187.75, 40.03125, 41.875, 120.375, 186.5, 138.75, 79.625, 28.640625, 38.0, 77.1875, 117.0, 91.9375, 168.375, 149.5, 91.6875, 161.625, 43.40625, 162.625, 37.0, 67.8125, 156.75, 139.25, 48.09375, 117.4375, 73.5625, 178.125, 138.5, 115.875, 190.25, 112.0, 180.625, 81.0, 138.5, 5.83203125, 130.25, 193.125, 139.75, 69.5625, 40.25, 171.5, 179.25, 55.03125, 24.84375, 71.375, 32.6875, 167.0, 111.5, 165.0, 111.9375, 114.75, 170.75, 174.125, 108.6875, 54.125, 134.125, 144.125, 171.75, 148.5, 143.125, 75.9375, 119.875, 108.25, 163.125, 160.25, 138.125, 129.0, 106.0, 163.375, 120.9375, 209.5, 160.375, 46.5, 143.0, 114.875, 135.25, 175.0, 17.265625, 32.5625, 246.75, 114.0, 38.0625, 138.0, 58.71875, 162.0, 93.0625, 218.625, 242.25, 20.515625, 142.25, 95.875], [44.65625, 104.5625, 111.8125, 72.9375, 67.8125, 96.1875, 40.71875, 57.28125, 148.625, 100.5625, 111.5, 55.875, 126.75, 141.625, 52.625, 131.125, 156.125, 106.5, 70.625, 140.5, 0.0, 69.0625, 56.4375, 101.0, 65.75, 149.375, 133.125, 66.125, 104.0, 51.25, 94.1875, 62.65625, 101.4375, 85.0625, 137.875, 38.46875, 33.84375, 78.0625, 70.3125, 86.125, 90.5, 32.0, 20.25, 106.875, 133.375, 22.828125, 94.5, 76.5, 131.875, 77.125, 104.0625, 64.875, 77.4375, 62.96875, 28.421875, 37.53125, 163.625, 81.375, 131.375, 54.78125, 41.875, 93.5, 93.9375, 142.875, 134.375, 115.5, 9.21875, 109.375, 92.625, 154.125, 68.875, 118.5625, 113.375, 99.9375, 84.125, 80.375, 155.625, 62.3125, 120.0, 127.125, 65.125, 66.375, 59.0, 89.5625, 126.375, 56.21875, 30.078125, 97.0625, 88.5625, 108.625, 74.3125, 75.3125, 97.8125, 142.5, 41.78125, 71.8125, 114.25, 133.125, 84.5625, 55.21875, 66.125, 50.96875, 122.9375, 64.375, 135.5, 146.75, 92.9375, 54.125, 115.0625, 114.0, 132.0, 135.0, 126.5, 133.25, 79.3125, 107.9375, 162.25, 86.8125, 77.6875, 35.0, 28.421875, 46.53125, 149.25, 57.875, 108.375, 49.8125, 93.3125, 39.0625, 125.75, 32.25, 141.25, 52.34375, 124.3125, 60.71875, 66.5625, 122.0625, 49.8125, 46.0625, 53.03125, 43.84375, 90.625, 70.6875, 140.75, 68.6875, 80.625, 25.453125, 165.125, 154.375, 122.8125, 118.9375, 134.875, 109.625, 66.5, 85.0625, 29.734375, 113.0, 109.25, 110.8125, 160.375, 3.60546875, 44.78125], [77.875, 39.40625, 166.5, 106.0625, 132.0, 90.9375, 103.625, 120.8125, 104.3125, 169.5, 78.3125, 122.625, 163.75, 182.5, 73.8125, 114.125, 177.0, 88.125, 12.0859375, 98.0, 69.0625, 0.0, 15.1328125, 34.84375, 5.83203125, 108.0, 145.0, 91.8125, 102.1875, 82.25, 142.375, 65.75, 169.5, 38.84375, 108.6875, 71.0, 94.8125, 131.75, 45.46875, 149.5, 159.375, 37.59375, 49.34375, 136.5, 107.25, 53.34375, 141.125, 88.5, 174.625, 17.6875, 163.125, 92.875, 11.703125, 117.25, 95.0, 92.0, 194.875, 78.5, 163.375, 87.625, 61.90625, 44.03125, 122.125, 166.875, 102.9375, 184.625, 71.1875, 99.5625, 24.1875, 116.0625, 49.53125, 172.875, 60.03125, 70.5625, 29.0, 145.125, 176.125, 55.0, 70.4375, 104.375, 56.84375, 19.109375, 71.125, 71.375, 161.5, 21.9375, 75.6875, 62.9375, 66.0, 61.0, 58.78125, 129.5, 136.75, 122.75, 80.0625, 65.125, 165.875, 160.875, 114.0625, 123.875, 14.0390625, 90.125, 124.3125, 112.4375, 95.0625, 166.25, 156.5, 42.71875, 111.375, 60.21875, 175.25, 180.625, 113.1875, 81.0, 27.453125, 68.875, 193.5, 113.1875, 67.0, 34.9375, 42.75, 79.0625, 188.0, 87.0, 49.03125, 38.09375, 136.0, 84.375, 160.5, 92.5625, 135.625, 91.25, 139.75, 122.25, 62.5, 153.125, 95.875, 23.53125, 68.125, 85.0, 158.875, 128.0, 120.5625, 45.03125, 22.625, 82.375, 198.875, 115.0, 96.75, 188.0, 150.125, 60.125, 40.0, 66.875, 76.375, 123.125, 176.125, 179.375, 114.125, 68.4375, 48.375], [62.8125, 48.40625, 151.375, 91.375, 121.75, 80.4375, 93.375, 106.1875, 104.5625, 156.125, 74.125, 111.375, 149.375, 168.0, 70.8125, 106.875, 164.25, 80.3125, 23.859375, 97.5, 56.4375, 15.1328125, 0.0, 44.65625, 10.046875, 107.375, 133.125, 77.375, 91.5, 67.375, 127.375, 52.5, 155.625, 36.6875, 104.375, 55.90625, 84.875, 116.625, 35.84375, 134.75, 146.0, 26.90625, 36.25, 122.4375, 102.125, 38.84375, 126.125, 75.3125, 159.875, 30.890625, 148.0, 78.3125, 21.03125, 102.1875, 83.625, 77.0625, 181.125, 67.0, 149.375, 72.75, 57.5625, 43.96875, 108.0625, 153.625, 99.125, 171.5, 59.8125, 90.3125, 39.0, 114.5, 38.9375, 157.625, 62.65625, 64.75, 41.875, 130.5, 163.5, 42.4375, 71.8125, 98.25, 44.6875, 27.015625, 57.125, 77.625, 147.125, 8.6015625, 67.6875, 58.125, 72.9375, 61.125, 48.375, 114.4375, 122.0, 116.4375, 64.9375, 53.40625, 150.875, 147.25, 99.75, 111.625, 22.625, 84.5625, 113.75, 97.3125, 93.75, 153.625, 141.75, 43.09375, 101.375, 63.0625, 160.5, 165.75, 105.125, 83.75, 26.921875, 66.125, 179.75, 99.125, 71.0625, 21.46875, 28.796875, 74.125, 173.5, 72.25, 54.40625, 37.0, 121.125, 77.1875, 146.25, 77.9375, 126.5625, 76.1875, 127.3125, 107.4375, 64.375, 139.125, 80.75, 10.6328125, 65.9375, 69.875, 145.125, 113.0, 114.25, 49.96875, 35.84375, 67.75, 184.875, 113.875, 91.25, 175.375, 137.875, 61.03125, 44.9375, 57.78125, 68.25, 111.125, 161.875, 167.25, 115.25, 56.3125, 33.625], [98.5, 5.09765625, 187.125, 121.5, 166.125, 90.8125, 137.625, 147.75, 78.25, 200.0, 63.875, 156.0, 175.875, 195.625, 107.9375, 103.375, 180.25, 81.0625, 41.625, 73.75, 101.0, 34.84375, 44.65625, 0.0, 36.125, 83.4375, 146.125, 106.5, 101.6875, 101.0625, 161.0, 77.5, 198.75, 31.953125, 91.4375, 93.1875, 129.0, 153.5, 51.625, 175.375, 189.75, 71.0625, 80.75, 147.0, 92.0625, 81.9375, 159.125, 97.75, 188.875, 41.21875, 186.25, 108.3125, 24.078125, 140.25, 128.25, 117.375, 202.375, 82.875, 173.0, 106.0, 96.5, 29.40625, 133.375, 172.25, 85.0625, 215.625, 104.375, 95.1875, 24.078125, 92.75, 56.71875, 193.0, 33.84375, 61.0625, 48.03125, 172.0, 179.375, 66.25, 45.21875, 91.6875, 66.625, 50.15625, 85.1875, 97.3125, 172.75, 45.6875, 110.375, 52.625, 91.1875, 39.96875, 63.3125, 151.75, 151.5, 109.375, 101.9375, 72.0625, 185.0, 168.625, 126.9375, 156.25, 46.0625, 124.875, 122.3125, 133.25, 72.4375, 169.5, 182.5, 76.0, 108.4375, 33.53125, 189.75, 196.0, 104.6875, 52.15625, 27.0, 52.625, 201.125, 124.75, 96.125, 66.0625, 72.9375, 113.75, 199.625, 104.0, 19.640625, 72.1875, 152.5, 119.1875, 171.75, 119.875, 128.75, 111.25, 143.125, 148.25, 93.9375, 162.875, 117.8125, 55.21875, 102.0, 106.9375, 188.5, 151.75, 107.1875, 74.75, 43.40625, 109.75, 207.5, 90.9375, 83.25, 219.75, 152.625, 37.59375, 70.1875, 66.1875, 111.0625, 125.6875, 204.0, 211.75, 86.1875, 100.9375, 69.0625], [72.375, 40.3125, 161.125, 100.3125, 130.0, 85.4375, 101.5625, 116.25, 101.8125, 165.875, 74.3125, 120.125, 158.0, 176.75, 74.6875, 109.375, 171.125, 83.1875, 17.203125, 95.25, 65.75, 5.83203125, 10.046875, 36.125, 0.0, 105.25, 139.25, 86.0, 96.6875, 76.625, 136.875, 59.90625, 165.5, 35.125, 104.75, 65.625, 92.875, 126.5, 40.0, 144.75, 155.625, 35.0, 45.6875, 130.625, 103.0625, 48.84375, 135.625, 82.6875, 168.875, 23.34375, 158.0, 87.0625, 12.0390625, 112.125, 92.375, 87.0625, 189.0, 72.8125, 157.5, 82.0, 62.15625, 41.125, 116.3125, 161.0, 99.125, 181.125, 68.5, 94.3125, 29.0, 113.0, 43.9375, 167.5, 58.25, 66.125, 34.65625, 140.625, 170.375, 49.21875, 68.25, 99.9375, 51.09375, 23.09375, 65.3125, 75.4375, 155.625, 16.15625, 74.5, 58.6875, 70.1875, 58.3125, 53.25, 124.3125, 131.0, 118.25, 74.6875, 59.40625, 160.5, 155.125, 108.25, 120.8125, 18.03125, 90.0625, 118.875, 107.0625, 92.0, 160.375, 151.875, 44.5625, 106.0, 58.53125, 169.5, 174.875, 108.25, 79.375, 24.0, 65.25, 187.625, 107.375, 70.375, 31.015625, 38.59375, 79.1875, 182.125, 81.25, 48.3125, 39.28125, 130.375, 83.625, 154.75, 87.9375, 130.5, 85.6875, 134.0, 117.5, 65.0625, 147.25, 90.5625, 19.703125, 69.25, 79.625, 155.0, 123.0, 116.0625, 48.5, 28.3125, 77.8125, 193.0, 112.0625, 92.4375, 184.75, 144.375, 57.71875, 43.40625, 61.59375, 75.1875, 117.4375, 171.875, 176.375, 112.0, 65.375, 42.71875], [119.875, 78.875, 187.875, 122.875, 216.375, 71.0, 190.125, 172.5, 7.2109375, 230.5, 38.28125, 202.875, 156.25, 175.375, 178.125, 49.15625, 139.0, 52.4375, 119.0625, 10.0, 149.375, 108.0, 107.375, 83.4375, 105.25, 0.0, 106.25, 111.5, 74.3125, 117.4375, 160.625, 91.8125, 224.375, 70.6875, 26.078125, 120.0, 183.0, 162.875, 79.3125, 192.875, 220.625, 130.75, 132.375, 129.375, 32.375, 126.5625, 157.5, 94.8125, 172.75, 121.4375, 194.0, 114.3125, 97.0, 155.5, 177.125, 143.875, 168.125, 78.5625, 147.875, 119.5, 164.5, 64.125, 121.25, 137.375, 23.09375, 246.75, 156.625, 62.25, 107.25, 10.0, 80.5, 191.875, 49.8125, 49.9375, 130.25, 192.875, 138.0, 88.0, 38.46875, 39.28125, 85.4375, 127.0, 99.25, 178.375, 151.625, 101.4375, 171.125, 52.40625, 172.625, 47.0, 76.0, 162.375, 143.125, 45.53125, 124.875, 81.1875, 182.125, 139.75, 120.4375, 198.375, 122.0, 190.25, 81.875, 144.5, 13.9296875, 130.0, 199.0, 149.625, 71.5625, 50.0, 174.0, 181.875, 55.59375, 33.125, 81.3125, 42.0625, 167.125, 115.875, 175.0, 121.4375, 124.0625, 180.5, 175.625, 115.3125, 63.78125, 144.0, 148.5, 181.25, 150.625, 150.875, 74.3125, 126.5625, 109.3125, 169.75, 170.25, 140.125, 135.75, 115.75, 173.25, 128.125, 216.375, 166.5, 44.28125, 153.0, 124.8125, 143.25, 175.25, 7.6171875, 35.78125, 254.0, 114.25, 48.03125, 148.0, 66.375, 171.375, 95.0625, 224.75, 249.75, 14.8671875, 151.25, 104.6875], [88.5625, 144.5, 99.8125, 63.1875, 181.0, 55.46875, 164.375, 116.125, 112.0625, 166.75, 88.625, 166.0, 55.8125, 72.4375, 183.125, 57.09375, 34.78125, 67.0625, 156.25, 106.0625, 133.125, 145.0, 133.125, 146.125, 139.25, 106.25, 0.0, 67.0625, 44.40625, 81.9375, 78.25, 81.375, 156.0, 114.8125, 80.125, 95.25, 161.625, 91.0625, 99.875, 121.625, 159.125, 138.625, 129.25, 39.40625, 74.0, 118.5625, 74.6875, 59.6875, 72.6875, 162.625, 111.8125, 68.4375, 140.625, 93.875, 150.625, 102.6875, 62.0, 66.5, 44.78125, 78.5625, 170.0, 116.875, 44.1875, 31.140625, 84.0, 181.25, 142.375, 52.1875, 161.25, 101.125, 95.5, 101.3125, 122.4375, 86.375, 174.0, 125.5625, 33.84375, 90.6875, 116.1875, 68.0625, 88.4375, 160.125, 79.375, 207.75, 50.8125, 124.5625, 163.125, 94.375, 204.0, 112.375, 86.4375, 92.4375, 58.1875, 62.59375, 91.5, 79.875, 91.5625, 35.34375, 52.0, 156.125, 155.75, 184.125, 25.5, 83.3125, 101.1875, 24.515625, 125.3125, 169.25, 38.90625, 123.375, 74.0625, 82.125, 51.0, 123.9375, 123.625, 98.6875, 61.0, 48.15625, 198.625, 129.5, 125.375, 179.125, 70.8125, 75.3125, 132.875, 162.5, 66.3125, 172.125, 50.0, 111.625, 34.9375, 82.375, 10.1953125, 110.5, 189.125, 40.375, 88.4375, 133.375, 181.625, 90.25, 152.125, 99.9375, 63.15625, 180.375, 167.625, 111.1875, 69.0625, 103.9375, 74.5625, 191.125, 8.0625, 115.5, 175.75, 80.4375, 162.875, 22.015625, 150.75, 192.0, 120.625, 136.625, 103.75], [21.546875, 107.125, 82.375, 15.03125, 118.875, 42.0, 99.0, 62.4375, 113.8125, 120.125, 75.8125, 103.9375, 72.0, 90.8125, 116.75, 76.5625, 91.8125, 59.40625, 101.125, 105.4375, 66.125, 91.8125, 77.375, 106.5, 86.0, 111.5, 67.0625, 0.0, 44.78125, 14.8671875, 55.3125, 29.015625, 113.125, 76.0, 91.4375, 28.65625, 95.4375, 52.3125, 55.03125, 81.375, 110.625, 75.0, 63.8125, 45.59375, 85.25, 53.0, 53.09375, 17.03125, 83.25, 108.25, 84.875, 2.828125, 91.75, 43.9375, 85.0, 38.84375, 104.625, 33.28125, 72.4375, 12.0, 103.9375, 82.3125, 31.234375, 79.5, 90.5, 136.25, 75.3125, 54.375, 113.25, 112.4375, 50.0, 87.8125, 97.5, 65.75, 119.0625, 81.375, 91.25, 40.1875, 97.75, 77.625, 40.0, 102.625, 21.375, 145.125, 69.8125, 69.875, 96.125, 68.9375, 142.125, 88.3125, 45.53125, 51.46875, 45.34375, 88.125, 24.515625, 36.6875, 79.25, 71.4375, 22.46875, 95.875, 99.125, 117.0625, 59.21875, 33.0, 99.625, 81.8125, 87.6875, 106.125, 54.71875, 98.5, 83.9375, 89.8125, 70.1875, 110.3125, 79.625, 79.3125, 103.25, 22.625, 135.0, 67.25, 61.5625, 112.1875, 96.1875, 8.25, 101.375, 99.75, 46.09375, 105.0625, 68.9375, 47.6875, 78.9375, 17.71875, 58.3125, 58.90625, 124.8125, 62.1875, 26.40625, 74.0625, 115.625, 24.0, 105.625, 55.0, 86.8125, 118.8125, 113.1875, 45.03125, 107.875, 113.875, 77.0625, 144.25, 68.9375, 90.9375, 114.6875, 49.40625, 95.8125, 47.375, 113.25, 141.5, 125.625, 69.5625, 43.90625], [61.8125, 100.1875, 113.75, 51.84375, 162.75, 11.3125, 141.0, 106.6875, 78.4375, 163.625, 47.03125, 148.0, 83.625, 103.375, 149.125, 32.1875, 78.75, 25.0, 113.875, 70.875, 104.0, 102.1875, 91.5, 101.6875, 96.6875, 74.3125, 44.40625, 44.78125, 0.0, 56.5, 86.8125, 43.40625, 155.75, 70.4375, 50.46875, 66.125, 136.25, 91.25, 56.71875, 122.4375, 154.5, 101.5, 94.9375, 55.53125, 43.84375, 85.0, 83.5, 28.859375, 99.625, 119.875, 120.8125, 47.4375, 96.875, 86.625, 127.0, 83.1875, 102.8125, 25.078125, 77.0, 55.96875, 135.375, 72.5, 46.96875, 71.8125, 51.4375, 179.625, 113.0625, 12.0859375, 117.125, 72.6875, 52.8125, 117.625, 79.3125, 42.71875, 131.125, 123.6875, 77.8125, 50.09375, 74.4375, 36.0625, 47.40625, 118.4375, 45.09375, 168.25, 79.3125, 82.9375, 132.625, 50.34375, 164.0, 69.125, 43.40625, 91.25, 68.875, 43.5625, 66.3125, 38.46875, 107.8125, 70.4375, 47.0, 140.375, 113.8125, 153.875, 22.203125, 75.0, 65.25, 68.0, 128.0, 130.625, 11.046875, 80.25, 100.8125, 108.4375, 25.546875, 84.0, 79.5, 55.90625, 101.625, 42.1875, 160.125, 91.75, 89.3125, 147.0, 105.0, 51.53125, 88.9375, 124.0, 74.4375, 142.375, 78.3125, 91.75, 37.46875, 62.40625, 42.0625, 102.625, 151.5, 68.125, 71.1875, 93.5, 146.625, 67.4375, 149.0, 96.5625, 42.4375, 140.5, 124.75, 87.5, 108.875, 74.8125, 38.625, 188.0, 51.0, 72.25, 135.