{"name": "LZB_n160_6", "n": 160, "m": 20, "times": [[0.0, 76.9375, 87.625, 98.6875, 113.375, 86.0, 110.8125, 103.875, 32.25, 97.8125, 52.78125, 125.875, 28.4375, 65.5, 59.03125, 102.0625, 99.3125, 34.21875, 89.5625, 95.375, 72.25, 71.875, 100.0625, 62.28125, 127.3125, 47.4375, 23.765625, 43.6875, 129.5, 18.03125, 48.0625, 63.375, 62.25, 31.0625, 56.5625, 31.625, 13.453125, 91.5625, 82.125, 64.125, 123.0625, 95.9375, 83.0, 71.0625, 87.6875, 30.484375, 65.125, 84.875, 60.75, 113.5625, 91.0, 62.0625, 63.875, 92.6875, 127.5, 100.25, 112.6875, 63.40625, 93.125, 90.125, 75.9375, 115.9375, 107.625, 100.875, 59.375, 110.1875, 113.1875, 109.3125, 106.125, 80.0, 97.75, 6.32421875, 39.40625, 43.09375, 105.125, 59.25, 128.125, 72.4375, 103.3125, 67.4375, 89.6875, 72.8125, 101.625, 61.0625, 31.234375, 113.75, 50.21875, 99.25, 61.46875, 13.453125, 42.96875, 123.3125, 75.8125, 53.25, 80.25, 70.8125, 104.6875, 91.0625, 93.9375, 82.25, 91.9375, 105.5625, 131.0, 67.8125, 113.875, 81.75, 106.6875, 57.59375, 81.8125, 125.125, 54.90625, 95.1875, 112.0625, 116.375, 106.875, 80.6875, 59.625, 25.8125, 112.0, 98.625, 83.1875, 119.625, 13.0, 131.125, 49.8125, 30.078125, 32.125, 83.0, 59.0625, 101.4375, 44.78125, 109.6875, 93.0625, 87.6875, 102.875, 18.03125, 62.9375, 99.1875, 74.5, 20.21875, 95.25, 41.6875, 111.9375, 16.40625, 58.53125, 87.4375, 69.75, 37.46875, 110.6875, 111.625, 131.625, 83.4375, 97.875, 64.25, 72.1875, 49.375, 18.03125, 93.0, 73.75, 98.4375, 68.625], [76.9375, 0.0, 149.875, 108.25, 117.125, 116.6875, 182.0, 26.921875, 97.8125, 169.5, 24.359375, 124.1875, 101.625, 127.5625, 121.0625, 84.1875, 55.5625, 110.5625, 46.09375, 127.625, 38.0625, 43.0, 129.25, 137.375, 200.875, 105.0, 95.6875, 52.15625, 64.875, 65.75, 124.3125, 122.3125, 130.125, 97.1875, 27.78125, 86.25, 64.25, 64.0625, 128.375, 116.5, 56.90625, 50.90625, 150.375, 90.5, 155.625, 106.5625, 126.25, 121.75, 67.75, 144.5, 164.5, 136.5, 139.625, 161.25, 173.25, 76.9375, 144.0, 73.75, 89.125, 26.171875, 115.875, 128.125, 178.375, 114.875, 103.5625, 38.09375, 187.875, 164.25, 183.125, 153.75, 174.5, 70.6875, 47.0, 120.0, 177.625, 136.125, 128.0, 5.0, 26.421875, 16.546875, 15.65625, 21.09375, 78.75, 92.1875, 75.0625, 190.0, 82.75, 141.625, 100.625, 89.875, 114.3125, 54.125, 135.125, 129.125, 95.875, 99.0, 43.09375, 143.25, 169.875, 66.4375, 49.65625, 180.625, 67.4375, 143.875, 50.8125, 102.4375, 175.375, 124.5, 157.75, 65.625, 131.5, 114.75, 60.3125, 44.40625, 111.0, 30.890625, 98.875, 92.5625, 92.0625, 32.375, 119.375, 161.0, 68.0, 132.0, 31.140625, 78.0625, 51.65625, 23.09375, 18.4375, 176.625, 48.5, 152.125, 17.03125, 164.625, 124.6875, 94.9375, 29.0625, 166.125, 150.125, 74.0, 141.75, 118.5, 187.0, 75.0, 41.625, 139.875, 7.28125, 73.625, 37.4375, 167.875, 124.75, 83.125, 29.0625, 82.4375, 128.25, 77.875, 90.4375, 68.8125, 32.5625, 92.375, 118.375], [87.625, 149.875, 0.0, 88.375, 100.0, 59.21875, 41.3125, 174.0, 56.09375, 34.53125, 129.75, 112.1875, 89.0625, 22.828125, 29.53125, 118.9375, 140.5, 63.03125, 135.875, 168.5, 124.5, 120.625, 62.65625, 86.3125, 63.5, 116.4375, 64.0, 98.375, 211.375, 105.625, 77.1875, 27.65625, 27.0, 101.0, 122.5625, 64.375, 99.375, 179.0, 148.125, 35.21875, 204.125, 181.625, 119.4375, 75.75, 16.15625, 64.0, 23.859375, 157.25, 91.5, 184.125, 105.25, 89.0625, 49.25, 20.21875, 182.875, 123.375, 183.125, 87.4375, 179.5, 150.375, 47.3125, 90.8125, 37.21875, 182.0, 134.125, 187.625, 58.40625, 157.875, 82.875, 98.75, 84.1875, 91.4375, 125.5625, 69.625, 42.09375, 68.875, 111.5625, 146.875, 174.875, 146.75, 165.25, 135.75, 189.25, 65.375, 75.0, 71.8125, 133.75, 164.0, 55.0625, 76.5, 94.5625, 202.875, 129.375, 52.5, 79.125, 65.1875, 186.75, 148.375, 93.375, 169.875, 136.0, 55.78125, 213.375, 51.875, 195.875, 163.0, 30.078125, 30.40625, 86.6875, 208.75, 57.9375, 75.0625, 197.25, 194.0, 97.125, 163.875, 56.09375, 99.0625, 125.1875, 178.625, 51.25, 180.875, 100.5625, 112.0, 118.875, 114.25, 99.0625, 163.625, 135.875, 55.03125, 131.625, 172.125, 162.0, 70.9375, 180.375, 78.4375, 146.25, 130.125, 48.15625, 106.3125, 33.84375, 63.9375, 59.84375, 79.1875, 144.75, 145.5, 144.0, 76.5, 187.25, 157.875, 121.125, 96.8125, 158.875, 149.25, 23.328125, 134.375, 69.625, 180.625, 157.875, 105.75, 135.75], [98.6875, 108.25, 88.375, 0.0, 15.0, 29.15625, 129.625, 122.25, 80.125, 122.0, 101.25, 28.296875, 121.8125, 77.9375, 76.1875, 36.78125, 69.4375, 105.5, 70.9375, 193.375, 70.5625, 65.5, 31.0625, 143.25, 151.875, 145.875, 90.0, 67.375, 172.0, 109.0625, 128.25, 71.1875, 90.0, 128.75, 84.3125, 70.1875, 100.1875, 163.625, 180.75, 60.21875, 163.875, 156.375, 173.375, 27.65625, 103.0, 102.625, 75.9375, 183.25, 44.65625, 211.75, 170.875, 144.75, 117.3125, 108.125, 225.625, 44.03125, 210.875, 39.21875, 178.625, 93.6875, 42.09375, 20.09375, 125.5625, 194.5, 157.75, 143.375, 146.0, 205.5, 163.375, 161.0, 160.875, 96.625, 115.1875, 119.1875, 130.125, 129.75, 29.828125, 108.0, 124.6875, 115.25, 122.8125, 87.4375, 177.625, 39.21875, 67.5, 157.5, 145.25, 198.0, 44.28125, 99.0625, 135.125, 159.875, 172.125, 112.1875, 18.4375, 30.890625, 151.375, 188.75, 165.125, 160.125, 68.9375, 142.125, 174.75, 122.125, 158.75, 176.25, 118.0625, 85.875, 154.75, 173.75, 118.3125, 13.9296875, 168.0, 149.0, 9.484375, 135.25, 45.1875, 123.8125, 39.4375, 140.5, 37.125, 218.25, 105.375, 32.53125, 86.125, 126.75, 79.3125, 130.0, 104.5625, 140.375, 122.0625, 208.375, 111.625, 147.0, 199.0, 106.3125, 122.5, 188.375, 123.25, 116.5, 59.125, 113.25, 147.0, 82.3125, 128.75, 185.25, 106.0, 61.40625, 141.75, 207.25, 35.84375, 25.171875, 100.5625, 156.125, 68.125, 142.75, 90.8125, 167.25, 132.875, 21.9375, 167.25], [113.375, 117.125, 100.0, 15.0, 0.0, 41.4375, 141.0, 128.625, 95.125, 134.125, 112.5625, 13.4140625, 136.75, 91.4375, 90.125, 37.6875, 72.75, 120.4375, 76.3125, 207.625, 79.0625, 74.125, 38.84375, 158.125, 163.125, 160.625, 105.0, 80.125, 179.5, 123.125, 143.25, 84.875, 103.875, 143.5, 94.9375, 85.125, 114.3125, 174.875, 195.5, 74.0625, 171.5, 166.5, 188.375, 42.4375, 115.1875, 117.625, 89.5, 197.625, 57.28125, 226.0, 185.625, 159.625, 131.625, 120.0625, 240.375, 45.875, 225.25, 52.34375, 191.25, 100.0, 55.3125, 14.8671875, 137.0, 208.0, 172.25, 150.625, 158.25, 220.5, 177.0, 175.875, 174.875, 111.0625, 128.0, 134.125, 142.0, 144.5, 14.8671875, 117.4375, 131.25, 125.625, 131.0, 96.0625, 189.25, 54.21875, 82.125, 170.25, 159.25, 212.625, 59.0625, 114.0, 150.125, 167.0, 187.0, 126.6875, 33.25, 45.78125, 160.0, 203.625, 179.625, 172.0, 73.75, 154.75, 182.5, 136.25, 167.0, 190.0, 129.25, 99.9375, 169.25, 182.0, 132.875, 25.3125, 177.375, 156.0, 6.70703125, 145.375, 60.03125, 138.625, 36.40625, 149.0, 49.375, 233.0, 119.625, 17.796875, 97.5, 141.0, 92.5625, 139.5, 115.3125, 153.125, 134.875, 223.125, 118.625, 161.0, 212.875, 121.25, 133.625, 203.375, 137.125, 130.75, 68.75, 128.125, 159.375, 97.0, 140.75, 200.125, 115.625, 75.9375, 148.875, 222.25, 21.59375, 35.15625, 106.125, 169.625, 81.0625, 156.625, 105.75, 178.75, 143.5, 25.171875, 182.0], [86.0, 116.6875, 59.21875, 29.15625, 41.4375, 0.0, 100.5, 135.5, 60.4375, 93.0, 103.8125, 54.34375, 104.375, 50.28125, 49.65625, 62.1875, 89.8125, 84.1875, 88.25, 181.125, 82.3125, 77.4375, 14.3203125, 120.625, 122.6875, 130.75, 71.375, 67.5, 181.5, 100.0, 106.375, 44.0, 62.96875, 113.1875, 89.75, 54.5625, 91.1875, 164.0, 165.875, 33.53125, 173.625, 160.125, 152.25, 26.40625, 74.0, 82.0625, 48.375, 170.375, 49.03125, 199.0, 146.875, 122.4375, 91.3125, 79.0, 208.625, 67.9375, 198.125, 43.09375, 174.375, 108.0625, 14.3203125, 35.34375, 96.4375, 186.25, 144.875, 154.125, 117.0, 186.875, 135.875, 137.625, 134.125, 85.6875, 111.5625, 97.1875, 101.0, 105.6875, 54.40625, 115.25, 137.375, 119.875, 132.25, 97.6875, 177.125, 27.078125, 56.75, 128.875, 135.625, 183.125, 24.59375, 82.6875, 116.25, 170.5, 154.0, 87.4375, 24.046875, 18.109375, 158.875, 171.875, 139.5, 158.375, 87.1875, 113.375, 184.125, 95.875, 167.125, 167.25, 88.9375, 59.5, 129.75, 181.625, 93.8125, 16.125, 173.625, 160.25, 38.0, 139.625, 26.40625, 108.9375, 67.0625, 148.75, 8.0, 202.75, 95.5, 55.71875, 89.25, 115.875, 76.0, 136.125, 108.5, 111.75, 118.625, 193.0, 123.9375, 120.1875, 188.875, 89.0625, 124.375, 166.5, 96.125, 105.6875, 31.390625, 90.9375, 118.125, 70.25, 128.0, 168.375, 112.8125, 52.625, 153.0, 188.125, 62.96875, 42.53125, 115.9375, 148.5, 39.625, 134.125, 73.8125, 167.0, 135.75, 47.9375, 152.375], [110.8125, 182.0, 41.3125, 129.625, 141.0, 100.5, 0.0, 207.5, 84.25, 13.0390625, 159.75, 153.0, 101.375, 57.6875, 63.125, 159.875, 179.5, 78.375, 174.0, 173.0, 161.0, 157.625, 103.0625, 83.125, 22.203125, 124.9375, 87.9375, 132.625, 239.875, 128.125, 81.25, 64.5, 52.0, 113.3125, 155.875, 96.1875, 124.0, 200.75, 150.375, 74.3125, 233.125, 206.75, 111.875, 116.0625, 28.234375, 81.3125, 59.5, 162.375, 129.75, 186.125, 90.5, 86.0625, 50.90625, 22.46875, 176.375, 163.875, 185.125, 126.3125, 195.375, 186.125, 88.4375, 131.125, 4.125, 191.625, 143.125, 218.5, 20.8125, 150.25, 55.46875, 88.125, 61.75, 116.0625, 150.25, 77.5, 8.0625, 67.875, 152.125, 178.375, 207.875, 176.125, 196.625, 170.375, 208.875, 104.75, 107.8125, 37.53125, 148.5, 164.0, 94.5625, 97.625, 100.875, 232.75, 128.0, 60.40625, 120.0625, 105.75, 215.0, 146.125, 74.6875, 190.125, 174.375, 23.015625, 241.5, 49.46875, 224.25, 173.875, 12.3671875, 57.8125, 73.375, 235.875, 62.3125, 116.25, 222.875, 224.875, 138.375, 191.125, 95.25, 113.3125, 166.25, 208.0, 92.5625, 177.625, 123.4375, 152.375, 151.125, 131.5, 130.375, 192.625, 166.125, 25.5, 155.375, 170.25, 195.625, 52.625, 187.25, 96.375, 173.375, 117.875, 41.96875, 125.875, 73.25, 74.3125, 23.4375, 107.5, 169.25, 144.0, 175.5, 110.9375, 218.5, 149.0, 162.0, 137.375, 194.75, 164.375, 63.3125, 150.5, 93.75, 201.375, 184.5, 146.875, 140.25], [103.875, 26.921875, 174.0, 122.25, 128.625, 135.5, 207.5, 0.0, 123.625, 195.25, 51.25, 133.25, 128.5, 152.0, 145.75, 92.1875, 58.0625, 137.25, 52.34375, 147.75, 53.21875, 58.1875, 146.875, 164.125, 226.875, 130.375, 122.125, 75.6875, 52.34375, 92.4375, 151.25, 146.375, 155.625, 123.5625, 51.75, 111.375, 91.1875, 74.625, 151.25, 139.75, 44.5625, 56.625, 176.125, 109.125, 180.625, 133.25, 150.625, 143.125, 86.9375, 163.5, 191.125, 163.375, 166.25, 186.375, 194.75, 84.125, 163.25, 92.6875, 103.4375, 28.640625, 136.75, 141.25, 203.875, 131.5, 127.25, 23.765625, 214.125, 187.75, 210.0, 180.5, 201.5, 97.5625, 72.6875, 146.875, 203.375, 163.125, 137.25, 31.625, 3.60546875, 40.125, 18.4375, 38.59375, 88.0625, 113.1875, 99.875, 216.75, 106.25, 163.375, 122.4375, 116.75, 140.875, 39.0625, 160.0, 155.75, 112.9375, 118.6875, 39.65625, 166.625, 196.75, 80.9375, 55.15625, 206.875, 55.4375, 170.5, 43.09375, 121.75, 200.375, 149.75, 184.625, 57.28125, 158.375, 131.0, 58.84375, 28.078125, 123.1875, 43.46875, 120.8125, 119.125, 98.0, 29.734375, 139.25, 181.875, 94.875, 141.25, 56.625, 103.8125, 77.4375, 34.1875, 45.21875, 203.125, 73.0625, 173.5, 12.0390625, 191.5, 142.625, 121.875, 51.09375, 191.75, 176.625, 100.4375, 162.875, 145.375, 213.25, 101.25, 63.375, 163.5, 34.1875, 97.5625, 21.375, 191.625, 132.0, 97.4375, 23.015625, 103.375, 151.625, 101.25, 117.0, 79.625, 49.03125, 103.4375, 142.25], [32.25, 97.8125, 56.09375, 80.125, 95.125, 60.4375, 84.25, 123.625, 0.0, 71.6875, 75.75, 108.4375, 44.09375, 33.53125, 26.921875, 94.75, 103.25, 25.5, 95.5625, 122.75, 80.3125, 77.875, 73.5, 63.5625, 103.25, 71.125, 11.1796875, 50.15625, 156.625, 50.0, 48.3125, 31.140625, 32.65625, 53.71875, 72.125, 14.140625, 43.3125, 123.0, 106.0625, 33.0, 149.625, 125.6875, 93.25, 54.125, 58.40625, 22.46875, 33.0, 111.8125, 55.0, 140.25, 92.0, 64.875, 45.90625, 63.875, 148.25, 95.5, 139.375, 54.4375, 125.3125, 103.75, 48.03125, 94.125, 80.625, 131.5, 86.625, 134.375, 90.9375, 126.5625, 93.625, 81.6875, 88.0, 35.4375, 69.4375, 39.40625, 79.8125, 51.96875, 109.875, 94.125, 123.875, 92.3125, 112.4375, 87.3125, 133.625, 41.1875, 25.296875, 95.5, 81.3125, 123.1875, 36.78125, 23.765625, 55.90625, 148.875, 93.625, 37.0625, 62.65625, 49.40625, 131.875, 111.375, 88.9375, 114.25, 96.875, 84.0625, 158.5, 50.8125, 141.0, 112.3125, 78.125, 27.203125, 77.4375, 153.375, 42.0625, 72.9375, 141.375, 140.75, 89.375, 108.4375, 35.46875, 49.96875, 103.8125, 124.3125, 55.75, 142.625, 44.90625, 112.1875, 67.0, 61.125, 46.21875, 109.0, 82.0625, 80.5, 75.625, 132.875, 111.8125, 75.25, 132.125, 29.0625, 90.75, 108.25, 55.375, 52.0, 63.9375, 33.84375, 90.375, 23.59375, 88.625, 108.0, 91.3125, 30.40625, 134.375, 128.0, 115.625, 72.5625, 112.25, 96.0, 40.0, 81.0, 15.1328125, 124.75, 102.1875, 86.625, 92.5625], [97.8125, 169.5, 34.53125, 122.0, 134.125, 93.0, 13.0390625, 195.25, 71.6875, 0.0, 147.125, 146.625, 88.625, 47.125, 52.0, 150.625, 168.75, 65.375, 162.875, 161.5, 149.5, 146.25, 97.1875, 72.0625, 32.1875, 112.5625, 75.0625, 120.625, 226.875, 115.125, 69.0625, 54.125, 39.96875, 100.5625, 143.625, 84.0625, 111.0625, 187.625, 139.0, 64.5625, 220.25, 193.625, 102.1875, 106.5, 19.0, 68.25, 49.03125, 150.625, 118.875, 175.0, 82.4375, 75.0625, 38.3125, 14.3203125, 166.875, 154.25, 174.0, 115.75, 182.625, 174.25, 80.125, 125.3125, 10.4375, 179.5, 130.875, 205.75, 24.015625, 140.875, 51.65625, 78.875, 55.8125, 103.0625, 137.25, 64.875, 8.546875, 56.15625, 146.0, 165.75, 195.5, 163.375, 184.0, 158.375, 195.875, 94.625, 95.6875, 37.6875, 135.75, 153.125, 84.625, 84.625, 88.625, 220.0, 117.125, 47.53125, 111.1875, 96.5, 202.125, 135.5, 67.625, 177.125, 163.5, 21.546875, 228.5, 37.34375, 211.25, 161.5, 14.8671875, 45.78125, 64.5, 222.875, 49.71875, 109.0625, 209.875, 212.125, 131.0, 178.25, 85.1875, 100.4375, 157.5, 195.25, 85.0, 167.5, 110.4375, 146.5, 138.625, 118.5625, 117.9375, 179.75, 153.5, 21.640625, 142.25, 159.75, 183.375, 44.71875, 175.375, 83.375, 160.375, 109.4375, 30.0625, 112.875, 68.125, 61.46875, 25.3125, 94.8125, 156.25, 133.25, 162.875, 99.125, 205.875, 140.0, 155.5, 127.875, 182.875, 151.625, 54.34375, 137.625, 80.8125, 188.375, 171.5, 138.125, 128.5], [52.78125, 24.359375, 129.75, 101.25, 112.5625, 103.8125, 159.75, 51.25, 75.75, 147.125, 0.0, 121.75, 77.375, 107.0625, 100.4375, 85.0625, 64.8125, 86.625, 54.03125, 111.0, 39.0625, 42.4375, 117.4375, 113.0625, 178.0, 82.375, 72.5, 36.34375, 81.625, 41.59375, 99.9375, 102.375, 108.375, 73.3125, 18.359375, 65.4375, 39.9375, 62.375, 108.5, 97.9375, 74.3125, 56.3125, 127.0, 79.0, 134.125, 82.6875, 105.9375, 103.75, 57.125, 128.75, 140.375, 112.3125, 115.9375, 139.625, 154.5, 79.3125, 128.125, 63.0625, 80.75, 43.1875, 100.4375, 121.3125, 156.25, 102.5625, 83.1875, 58.6875, 164.625, 143.375, 158.875, 129.625, 150.25, 46.53125, 25.296875, 95.75, 155.0, 111.875, 125.25, 19.703125, 50.5625, 17.0, 37.1875, 28.171875, 76.625, 77.4375, 55.0625, 166.25, 63.15625, 123.0625, 84.5, 65.875, 90.25, 73.25, 113.0, 105.375, 86.0625, 85.6875, 57.25, 122.5, 145.5, 60.0, 57.5, 157.25, 83.75, 120.125, 66.25, 87.4375, 153.75, 102.8125, 133.5, 79.6875, 107.5625, 105.0625, 70.0625, 65.0625, 106.0, 35.90625, 82.5625, 68.5625, 94.3125, 48.8125, 105.125, 143.125, 43.6875, 129.0, 15.1328125, 55.21875, 30.890625, 34.0, 6.40234375, 153.25, 29.15625, 133.75, 41.0, 140.375, 110.625, 70.6875, 21.21875, 143.0, 126.5, 50.15625, 125.5625, 94.4375, 163.625, 52.3125, 29.15625, 119.125, 17.09375, 55.15625, 58.78125, 146.75, 124.0625, 77.375, 49.25, 66.375, 109.1875, 58.59375, 67.0, 66.25, 32.0, 89.5625, 97.5], [125.875, 124.1875, 112.1875, 28.296875, 13.4140625, 54.34375, 153.0, 133.25, 108.4375, 146.625, 121.75, 0.0, 149.75, 104.5625, 103.4375, 41.0625, 75.8125, 133.75, 81.0, 219.625, 86.3125, 81.5625, 50.03125, 171.5, 175.0, 173.25, 118.25, 90.9375, 185.0, 135.0, 156.625, 98.0625, 117.0625, 156.25, 103.75, 98.25, 126.1875, 183.75, 208.0, 87.25, 177.0, 174.375, 201.625, 55.3125, 127.6875, 130.875, 102.625, 209.75, 68.25, 238.0, 199.0, 173.0, 144.875, 132.375, 253.125, 49.15625, 237.25, 63.8125, 201.5, 105.0, 68.4375, 22.5625, 149.0, 219.125, 184.5, 156.0, 170.625, 233.5, 190.125, 189.25, 188.125, 123.3125, 138.625, 147.5, 154.375, 157.875, 4.125, 124.9375, 136.125, 133.875, 137.375, 103.125, 198.25, 67.4375, 94.75, 183.0, 170.875, 225.125, 72.5, 127.0, 163.25, 172.125, 200.0, 140.125, 46.21875, 59.15625, 166.625, 216.5, 193.0, 181.625, 78.125, 167.375, 188.0, 149.625, 173.125, 201.375, 141.0, 113.1875, 182.625, 188.125, 146.375, 38.3125, 184.5, 161.125, 19.203125, 153.375, 73.4375, 151.375, 36.40625, 155.5, 62.15625, 245.5, 131.625, 8.0625, 107.0, 153.0, 103.75, 147.0, 124.0625, 165.875, 145.375, 235.625, 124.0, 174.25, 224.375, 134.375, 142.625, 216.625, 150.25, 142.875, 80.125, 141.5, 171.875, 109.625, 150.375, 212.875, 123.375, 88.4375, 154.0, 235.375, 9.0546875, 45.1875, 110.375, 180.75, 93.9375, 168.125, 118.875, 187.875, 152.125, 32.28125, 194.5], [28.4375, 101.625, 89.0625, 121.8125, 136.75, 104.375, 101.375, 128.5, 44.09375, 88.625, 77.375, 149.75, 0.0, 70.375, 65.25, 129.25, 127.75, 26.015625, 117.9375, 80.25, 100.625, 100.3125, 117.625, 35.75, 114.0625, 27.890625, 33.0, 72.0625, 147.0, 36.0625, 24.203125, 71.1875, 62.0625, 12.1640625, 84.0625, 51.65625, 38.21875, 101.1875, 62.15625, 76.0625, 141.5, 110.375, 54.71875, 94.5, 83.875, 25.5, 70.8125, 69.125, 87.6875, 97.0625, 63.375, 34.9375, 50.5625, 87.6875, 104.375, 127.9375, 96.125, 89.5625, 94.0, 117.375, 92.125, 137.25, 99.0, 93.0625, 45.1875, 131.5, 98.75, 83.75, 84.0625, 52.46875, 74.4375, 34.125, 57.71875, 24.1875, 94.4375, 38.1875, 151.625, 96.8125, 127.4375, 89.6875, 112.75, 100.1875, 108.0625, 82.75, 56.09375, 95.5, 47.15625, 79.1875, 80.25, 22.796875, 14.5625, 142.875, 50.25, 41.125, 103.5625, 91.9375, 122.875, 67.5, 68.375, 89.875, 120.375, 90.6875, 148.0, 52.84375, 131.875, 74.3125, 100.4375, 59.53125, 56.46875, 141.125, 39.34375, 116.125, 126.625, 137.375, 130.625, 99.0, 78.75, 12.203125, 139.125, 118.6875, 99.875, 98.5, 33.71875, 154.25, 77.125, 31.234375, 60.53125, 103.375, 83.25, 86.25, 60.46875, 88.8125, 118.375, 66.6875, 91.4375, 15.5546875, 82.375, 70.875, 60.40625, 29.15625, 105.9375, 27.203125, 96.8125, 42.0625, 74.375, 64.0, 94.375, 62.78125, 132.375, 85.625, 156.25, 109.4375, 124.8125, 62.96875, 80.375, 49.1875, 31.109375, 101.25, 91.5, 124.3125, 48.84375], [65.5, 127.5625, 22.828125, 77.9375, 91.4375, 50.28125, 57.6875, 152.0, 33.53125, 47.125, 107.0625, 104.5625, 70.375, 0.0, 6.70703125, 103.9375, 121.875, 44.9375, 116.3125, 150.625, 103.75, 100.1875, 58.65625, 75.3125, 79.125, 98.25, 42.28125, 76.4375, 188.625, 83.4375, 63.28125, 7.0703125, 13.0390625, 81.875, 100.4375, 41.625, 76.875, 156.5, 131.5, 18.0, 181.375, 158.875, 108.4375, 59.6875, 29.53125, 44.90625, 2.0, 139.5, 72.0, 167.125, 98.875, 77.625, 41.875, 35.34375, 169.625, 107.25, 166.25, 68.6875, 158.125, 129.25, 36.125, 85.25, 53.65625, 162.25, 115.4375, 165.125, 70.1875, 145.625, 85.625, 90.5625, 83.9375, 68.9375, 102.875, 54.59375, 55.65625, 58.6875, 104.6875, 124.3125, 152.75, 124.0, 142.75, 114.125, 167.125, 47.53125, 52.5, 80.0, 113.0625, 148.0, 37.65625, 55.15625, 78.1875, 180.25, 114.9375, 40.375, 65.0, 50.09375, 164.0, 133.75, 90.0625, 147.75, 116.75, 65.25, 190.625, 46.15625, 173.125, 143.125, 48.8125, 11.6640625, 81.0, 185.875, 46.6875, 66.25, 174.375, 171.5, 87.3125, 141.0, 38.09375, 79.3125, 111.3125, 155.875, 42.71875, 166.125, 78.3125, 105.9375, 96.4375, 93.1875, 76.375, 140.875, 113.25, 63.03125, 109.125, 156.875, 140.0, 70.0, 161.625, 58.0625, 123.5, 121.0, 45.875, 84.6875, 37.4375, 48.3125, 70.6875, 56.375, 122.0, 130.625, 121.5, 54.5, 164.75, 146.125, 113.0, 81.0625, 137.75, 128.25, 12.0390625, 113.3125, 47.6875, 158.25, 135.125, 92.0625, 118.6875], [59.03125, 121.0625, 29.53125, 76.1875, 90.125, 49.65625, 63.125, 145.75, 26.921875, 52.0, 100.4375, 103.4375, 65.25, 6.70703125, 0.0, 100.3125, 116.8125, 40.3125, 110.9375, 145.5, 97.9375, 94.5, 59.40625, 72.8125, 84.1875, 93.125, 36.0625, 70.1875, 182.0, 76.875, 60.0, 6.40234375, 14.0390625, 76.5, 94.0625, 35.0, 70.1875, 149.875, 126.875, 16.15625, 174.75, 152.125, 105.625, 56.09375, 35.21875, 39.84375, 6.08203125, 134.375, 66.875, 162.25, 97.625, 75.0, 41.625, 41.0625, 165.875, 103.25, 161.25, 63.875, 151.875, 123.25, 35.34375, 85.0, 59.15625, 156.5, 110.0, 158.5, 74.4375, 142.25, 87.3125, 88.875, 84.75, 62.375, 96.1875, 51.03125, 60.53125, 56.84375, 103.8125, 117.8125, 146.375, 117.3125, 136.25, 107.9375, 160.5, 43.40625, 46.0, 83.1875, 107.0, 143.5, 34.0, 49.0, 73.8125, 173.625, 111.0, 38.40625, 62.125, 47.09375, 157.25, 129.75, 89.875, 141.125, 111.5, 69.0625, 183.875, 46.25, 166.375, 137.375, 54.8125, 9.8515625, 80.25, 179.25, 44.8125, 65.1875, 167.75, 164.875, 85.625, 134.375, 34.125, 73.6875, 108.0, 149.25, 42.53125, 161.875, 71.8125, 105.3125, 89.9375, 87.0625, 69.8125, 134.25, 106.625, 66.5, 102.4375, 152.625, 133.75, 70.875, 156.125, 52.34375, 116.75, 118.8125, 47.0625, 78.4375, 41.15625, 44.65625, 74.75, 49.65625, 115.3125, 126.5625, 115.0, 48.28125, 158.25, 143.0, 111.6875, 77.3125, 131.875, 122.125, 15.234375, 107.125, 41.3125, 151.625, 128.375, 89.0, 113.8125], [102.0625, 84.1875, 118.9375, 36.78125, 37.6875, 62.1875, 159.875, 92.1875, 94.75, 150.625, 85.0625, 41.0625, 129.25, 103.9375, 100.3125, 0.0, 35.15625, 119.5625, 40.0, 190.25, 47.15625, 42.96875, 67.5, 157.25, 181.875, 148.625, 101.9375, 60.4375, 144.0, 106.6875, 141.75, 96.875, 114.1875, 133.125, 66.75, 81.5, 98.625, 145.75, 181.875, 86.125, 136.0, 134.875, 183.75, 44.28125, 132.0, 115.9375, 101.9375, 181.25, 41.625, 208.625, 186.25, 158.125, 138.25, 137.5, 228.25, 8.25, 207.875, 40.53125, 165.875, 64.0, 71.8125, 51.875, 155.75, 186.25, 157.0, 115.0, 174.125, 211.25, 186.125, 175.625, 181.75, 97.9375, 105.25, 133.375, 159.0, 146.75, 45.09375, 85.4375, 95.0625, 95.25, 96.75, 63.3125, 160.5, 57.03125, 73.75, 183.5, 140.75, 198.375, 66.375, 107.125, 143.625, 131.0, 177.875, 131.0, 39.84375, 54.125, 126.0, 192.5, 183.625, 144.875, 37.0625, 169.125, 147.0, 143.25, 132.375, 169.5, 149.0, 109.0625, 172.25, 147.375, 136.5, 49.8125, 144.125, 120.0625, 33.625, 114.1875, 66.1875, 127.75, 10.0, 114.875, 69.375, 219.0, 104.375, 49.09375, 71.25, 125.125, 73.875, 107.1875, 86.3125, 166.75, 111.375, 209.125, 83.0, 168.375, 192.875, 114.75, 105.125, 199.625, 146.0, 115.625, 93.5625, 128.375, 174.625, 87.25, 114.25, 188.875, 84.125, 67.0625, 113.0, 213.75, 40.59375, 23.015625, 69.375, 148.375, 96.5625, 137.25, 100.5625, 150.125, 113.625, 14.8671875, 168.75], [99.3125, 55.5625, 140.5, 69.4375, 72.75, 89.8125, 179.5, 58.0625, 103.25, 168.75, 64.8125, 75.8125, 127.75, 121.875, 116.8125, 35.15625, 0.0, 125.125, 10.8203125, 175.625, 27.859375, 27.453125, 98.25, 160.25, 200.875, 141.375, 107.1875, 56.15625, 110.375, 97.75, 145.125, 115.0625, 129.625, 128.375, 48.375, 89.125, 91.5, 119.5625, 171.25, 105.5625, 102.5, 106.0, 182.0, 65.8125, 151.25, 121.0625, 120.0, 167.875, 49.96875, 193.375, 189.5, 160.5, 149.125, 157.125, 217.875, 26.921875, 192.875, 53.21875, 143.25, 31.328125, 95.8125, 86.5625, 175.5, 167.0, 145.75, 81.5, 191.0, 204.25, 196.875, 178.5, 190.75, 93.75, 89.0625, 138.0, 177.375, 153.125, 79.875, 58.25, 61.21875, 69.8125, 65.4375, 37.46875, 134.25, 75.1875, 78.4375, 197.875, 126.9375, 186.625, 85.5, 108.25, 142.25, 97.125, 172.0, 140.125, 65.75, 76.625, 94.375, 184.125, 190.0, 121.0625, 7.6171875, 185.0, 113.4375, 154.0, 99.8125, 152.25, 170.0, 123.9375, 178.0, 114.5625, 144.625, 80.8125, 113.25, 86.125, 68.125, 86.4375, 84.5625, 123.0, 40.0, 83.25, 95.6875, 207.0, 97.125, 83.875, 55.0, 115.1875, 67.25, 78.25, 63.65625, 182.0, 93.8125, 197.5, 50.21875, 178.375, 175.375, 115.4375, 81.4375, 198.25, 158.25, 107.25, 120.5, 134.125, 191.0, 88.0625, 92.625, 180.5, 57.8125, 72.8125, 79.3125, 207.25, 74.0, 47.4375, 35.0625, 131.25, 117.25, 122.625, 104.0, 124.25, 87.6875, 48.34375, 159.375], [34.21875, 110.5625, 63.03125, 105.5, 120.4375, 84.1875, 78.375, 137.25, 25.5, 65.375, 86.625, 133.75, 26.015625, 44.9375, 40.3125, 119.5625, 125.125, 0.0, 116.5, 105.875, 100.125, 98.5, 96.3125, 38.09375, 93.625, 53.59375, 18.03125, 69.5625, 163.375, 50.34375, 22.828125, 46.53125, 36.0625, 38.0, 87.9375, 38.09375, 47.625, 122.3125, 86.625, 53.0, 157.125, 128.875, 68.25, 79.625, 58.46875, 4.125, 45.53125, 94.75, 78.9375, 122.25, 66.75, 39.34375, 29.734375, 62.65625, 125.9375, 119.875, 121.3125, 79.0625, 118.375, 121.1875, 70.75, 118.6875, 75.5625, 119.0625, 71.1875, 144.375, 79.1875, 103.0625, 73.375, 56.3125, 66.125, 40.21875, 72.875, 13.9296875, 72.125, 28.015625, 135.125, 106.1875, 137.0, 101.625, 123.6875, 104.0625, 130.625, 66.625, 47.09375, 79.625, 71.8125, 103.25, 61.625, 20.8125, 33.53125, 157.5, 71.0, 19.109375, 88.125, 74.625, 138.625, 89.5625, 65.0, 111.8125, 118.25, 71.4375, 164.75, 33.59375, 147.75, 100.1875, 75.9375, 33.71875, 53.15625, 158.625, 21.03125, 97.625, 145.125, 150.625, 114.75, 114.5625, 60.46875, 36.5, 128.875, 132.75, 78.5625, 121.625, 45.96875, 137.25, 81.6875, 53.5, 61.6875, 117.125, 92.9375, 67.25, 77.4375, 112.3125, 126.125, 54.71875, 117.4375, 18.03125, 96.9375, 82.9375, 40.375, 47.5, 81.4375, 9.0, 77.8125, 37.84375, 91.5625, 86.375, 103.4375, 53.34375, 144.875, 104.125, 141.0, 97.75, 129.375, 87.5625, 55.53125, 73.0625, 21.375, 123.0, 107.5, 112.0, 73.75], [89.5625, 46.09375, 135.875, 70.9375, 76.3125, 88.25, 174.0, 52.34375, 95.5625, 162.875, 54.03125, 81.0, 117.9375, 116.3125, 110.9375, 40.0, 10.8203125, 116.5, 0.0, 164.75, 17.46875, 18.03125, 97.9375, 151.0, 195.125, 130.875, 98.75, 47.03125, 104.0, 87.25, 136.0, 109.6875, 123.3125, 118.125, 37.59375, 81.5, 81.25, 109.75, 160.5, 100.6875, 96.0, 96.9375, 172.0, 62.9375, 145.875, 112.4375, 114.5, 157.125, 44.40625, 182.625, 180.125, 151.125, 141.5, 151.625, 207.125, 32.0625, 182.0, 48.59375, 132.875, 24.0, 92.6875, 89.3125, 170.0, 156.25, 135.0, 75.0, 184.625, 193.75, 188.875, 169.25, 182.5, 83.875, 78.25, 129.125, 171.375, 144.5, 85.0625, 48.375, 55.15625, 59.625, 57.28125, 27.015625, 124.5, 70.8125, 70.375, 190.75, 116.125, 175.875, 81.0, 99.0, 132.375, 91.0625, 161.625, 132.25, 64.375, 73.5625, 86.5, 173.5, 181.25, 110.8125, 3.60546875, 178.375, 107.0, 146.375, 92.5625, 141.5, 164.875, 117.5625, 169.125, 107.4375, 136.5, 81.0, 105.0, 80.125, 71.0625, 76.9375, 79.875, 112.8125, 46.6875, 75.3125, 93.4375, 196.25, 86.8125, 89.0625, 44.28125, 104.5625, 57.4375, 69.0625, 53.03125, 175.25, 83.0, 186.625, 43.03125, 170.375, 164.625, 106.0625, 71.0625, 188.25, 150.875, 96.75, 118.125, 125.5, 184.5, 79.0625, 82.0625, 169.875, 47.71875, 65.25, 73.0, 196.75, 80.3125, 47.0, 29.828125, 120.4375, 112.625, 111.8125, 95.25, 114.375, 77.6875, 51.1875, 148.625], [95.375, 127.625, 168.5, 193.375, 207.625, 181.125, 173.0, 147.75, 122.75, 161.5, 111.0, 219.625, 80.25, 150.625, 145.5, 190.25, 175.625, 105.875, 164.75, 0.0, 148.625, 150.875, 195.0, 90.25, 179.75, 52.40625, 111.6875, 130.125, 136.5, 84.625, 93.0, 151.375, 141.75, 69.25, 127.4375, 126.5625, 93.4375, 81.0, 23.40625, 155.625, 135.0, 100.0625, 69.375, 165.875, 161.125, 105.75, 151.125, 11.1796875, 151.875, 18.4375, 95.6875, 87.3125, 124.0, 164.0, 48.03125, 186.25, 17.6875, 155.875, 52.9375, 152.5, 170.125, 211.125, 171.625, 27.453125, 36.25, 137.125, 164.0, 51.0, 135.5, 91.1875, 124.4375, 96.8125, 86.625, 99.25, 165.25, 105.3125, 222.25, 123.0625, 145.125, 111.0625, 129.375, 139.125, 75.5, 156.375, 126.25, 154.375, 49.53125, 19.703125, 156.5, 99.1875, 74.1875, 140.0, 47.53125, 117.125, 175.0, 166.25, 120.25, 35.375, 111.5, 70.125, 168.125, 156.25, 135.75, 124.1875, 126.0, 26.3125, 175.125, 139.625, 105.3125, 126.75, 113.0, 190.5, 111.375, 140.625, 201.0, 104.8125, 154.75, 72.8125, 200.125, 123.5, 177.75, 34.375, 88.0, 225.375, 121.1875, 66.625, 116.75, 113.75, 113.25, 152.0, 81.8125, 27.078125, 143.0, 125.1875, 16.40625, 93.9375, 98.625, 75.9375, 131.375, 76.875, 186.0, 104.5625, 161.25, 111.625, 86.0, 35.0, 122.125, 132.0, 139.5, 55.46875, 224.5, 175.25, 156.625, 45.1875, 160.625, 53.25, 108.0625, 77.1875, 98.75, 189.875, 33.0], [72.25, 38.0625, 124.5, 70.5625, 79.0625, 82.3125, 161.0, 53.21875, 80.3125, 149.5, 39.0625, 86.3125, 100.625, 103.75, 97.9375, 47.15625, 27.859375, 100.125, 17.46875, 148.625, 0.0, 5.09765625, 93.75, 134.0, 181.625, 113.5625, 82.5625, 30.59375, 101.4375, 69.875, 119.0625, 97.4375, 109.5625, 100.6875, 21.265625, 66.5, 63.78125, 98.625, 143.625, 89.375, 93.375, 88.0625, 154.5, 55.9375, 133.125, 96.0, 102.0625, 140.625, 34.21875, 166.625, 163.0, 134.0, 125.9375, 139.0, 190.125, 40.71875, 166.0, 39.65625, 119.5625, 26.25, 84.1875, 90.25, 157.125, 141.5, 118.125, 73.0, 170.5, 176.375, 173.0, 152.0, 166.25, 66.5, 62.0, 112.4375, 158.0, 128.0, 90.125, 38.625, 55.15625, 48.09375, 52.25, 17.0, 113.3125, 60.96875, 55.03125, 175.875, 99.5625, 159.125, 70.75, 82.0625, 115.0, 89.5, 144.25, 116.4375, 59.8125, 65.75, 81.0, 156.25, 164.5, 98.125, 20.25, 164.0, 104.25, 130.75, 88.25, 126.0, 152.5, 103.75, 152.375, 103.25, 120.4375, 78.1875, 98.3125, 78.875, 73.0, 67.1875, 69.3125, 95.3125, 55.90625, 70.0625, 86.3125, 179.625, 69.375, 94.0625, 27.453125, 87.3125, 40.125, 60.65625, 39.4375, 160.625, 67.25, 170.0, 41.78125, 154.375, 149.25, 89.0, 58.1875, 170.875, 135.625, 79.375, 110.1875, 109.0625, 170.125, 62.40625, 68.0, 152.75, 37.09375, 50.5625, 71.5625, 179.375, 87.375, 45.40625, 34.65625, 104.8125, 101.4375, 95.4375, 78.75, 102.9375, 66.5, 54.34375, 131.5], [71.875, 43.0, 120.625, 65.5, 74.125, 77.4375, 157.625, 58.1875, 77.875, 146.25, 42.4375, 81.5625, 100.3125, 100.1875, 94.5, 42.96875, 27.453125, 98.5, 18.03125, 150.875, 5.09765625, 0.0, 88.75, 133.125, 178.5, 114.375, 80.75, 29.015625, 106.5625, 70.75, 118.0, 93.75, 106.4375, 100.9375, 24.203125, 63.875, 64.1875, 102.875, 145.125, 85.4375, 98.5, 92.75, 154.625, 51.09375, 129.625, 94.4375, 98.5, 142.625, 29.734375, 169.0, 162.25, 133.25, 123.6875, 135.5, 191.75, 36.90625, 168.375, 35.0, 123.1875, 30.8125, 79.625, 85.1875, 153.625, 144.625, 119.6875, 78.125, 167.5, 177.375, 171.0, 151.25, 164.5, 66.3125, 64.4375, 111.125, 154.75, 126.5, 85.3125, 43.40625, 60.15625, 52.5, 57.3125, 22.015625, 117.5625, 56.59375, 52.625, 173.25, 101.625, 160.875, 66.5, 81.0, 114.75, 94.625, 144.875, 114.3125, 54.78125, 61.03125, 86.0, 157.5, 163.25, 102.0, 20.09375, 161.125, 109.3125, 128.5, 93.3125, 128.75, 149.0, 100.625, 151.125, 108.3125, 118.5625, 73.0625, 103.25, 83.9375, 68.0, 71.8125, 65.125, 95.625, 51.96875, 75.125, 81.5625, 181.375, 69.875, 89.25, 29.734375, 88.5625, 39.8125, 65.5, 43.375, 157.875, 70.0, 171.75, 46.8125, 152.375, 152.0, 88.125, 62.15625, 170.875, 133.25, 80.25, 105.625, 107.4375, 167.375, 61.03125, 71.5625, 153.875, 41.78125, 47.75, 76.625, 180.375, 82.875, 40.3125, 39.0625, 107.5, 97.4375, 97.625, 77.25, 107.125, 70.8125, 49.5, 132.875], [100.0625, 129.25, 62.65625, 31.0625, 38.84375, 14.3203125, 103.0625, 146.875, 73.5, 97.1875, 117.4375, 50.03125, 117.625, 58.65625, 59.40625, 67.5, 98.25, 96.3125, 97.9375, 195.0, 93.75, 88.75, 0.0, 131.75, 125.0, 144.25, 84.625, 81.125, 194.125, 114.3125, 118.0625, 53.25, 71.6875, 126.75, 102.75, 68.5625, 105.5, 178.0, 179.375, 43.9375, 186.125, 173.75, 164.0, 38.84375, 78.4375, 94.5, 56.9375, 184.25, 61.625, 212.875, 157.0, 133.75, 100.5, 82.875, 221.625, 74.25, 212.0, 55.53125, 188.75, 118.9375, 25.609375, 28.15625, 99.125, 200.5, 158.75, 166.375, 121.0625, 199.375, 143.0, 148.25, 142.25, 99.9375, 125.8125, 108.875, 104.6875, 116.1875, 49.03125, 128.125, 148.875, 133.25, 144.625, 109.75, 191.25, 41.3125, 71.0625, 134.125, 149.875, 196.5, 38.625, 96.25, 129.0, 182.75, 166.875, 97.8125, 34.0, 32.0, 171.875, 184.875, 148.75, 172.625, 96.5, 118.25, 196.75, 104.8125, 180.0, 181.5, 91.0, 69.0625, 139.5, 194.625, 104.1875, 17.6875, 187.0, 172.375, 37.6875, 153.0, 40.5, 122.5625, 70.5, 161.5, 17.796875, 216.125, 109.75, 49.375, 102.6875, 130.0, 90.125, 149.25, 121.9375, 117.125, 132.875, 206.375, 135.5, 128.375, 203.0, 102.375, 138.125, 177.75, 104.1875, 119.875, 30.0625, 102.5625, 122.5, 84.4375, 142.125, 181.5, 125.6875, 66.9375, 165.125, 200.5, 59.0625, 51.03125, 126.5625, 162.75, 46.96875, 148.375, 87.3125, 181.125, 149.375, 52.625, 165.875], [62.28125, 137.375, 86.3125, 143.25, 158.125, 120.625, 83.125, 164.125, 63.5625, 72.0625, 113.0625, 171.5, 35.75, 75.3125, 72.8125, 157.25, 160.25, 38.09375, 151.0, 90.25, 134.0, 133.125, 131.75, 0.0, 89.875, 46.625, 55.375, 104.1875, 181.125, 71.8125, 15.5234375, 79.1875, 63.0, 42.71875, 118.8125, 75.875, 73.5625, 132.25, 67.375, 87.875, 176.0, 143.625, 33.28125, 117.6875, 75.3125, 41.4375, 76.5625, 79.8125, 116.1875, 103.0625, 29.28125, 3.0, 37.34375, 76.875, 96.8125, 157.125, 102.0625, 116.75, 119.5625, 152.375, 106.6875, 155.625, 82.0, 110.75, 63.53125, 166.875, 74.0625, 71.5625, 50.9375, 18.4375, 40.375, 68.5, 93.125, 24.171875, 75.1875, 17.46875, 172.75, 132.625, 163.125, 125.375, 148.375, 135.125, 136.875, 104.625, 83.9375, 66.25, 75.0, 81.0625, 99.125, 52.09375, 25.0, 177.75, 45.09375, 35.0, 126.125, 112.375, 157.375, 63.625, 32.6875, 120.1875, 153.125, 66.25, 182.0, 35.90625, 166.25, 94.375, 86.375, 63.78125, 21.09375, 174.625, 28.84375, 134.75, 159.625, 172.625, 152.625, 133.875, 98.125, 46.0625, 166.625, 153.875, 114.3125, 95.875, 69.375, 174.75, 112.0, 64.375, 94.0625, 138.625, 118.9375, 61.84375, 95.3125, 87.8125, 154.0, 36.25, 105.0, 45.0, 117.625, 46.0, 42.28125, 64.5, 112.625, 30.015625, 71.5, 72.3125, 108.9375, 61.28125, 130.125, 90.5, 167.875, 71.5625, 179.0, 135.625, 160.0, 89.625, 87.1875, 78.5, 57.0625, 131.5, 126.25, 150.0, 57.96875], [127.3125, 200.875, 63.5, 151.875, 163.125, 122.6875, 22.203125, 226.875, 103.25, 32.1875, 178.0, 175.0, 114.0625, 79.125, 84.1875, 181.875, 200.875, 93.625, 195.125, 179.75, 181.625, 178.5, 125.0, 89.875, 0.0, 134.875, 105.5625, 152.625, 256.75, 143.875, 91.6875, 86.0625, 72.0625, 125.375, 175.375, 115.9375, 140.75, 215.0, 156.5, 96.1875, 250.375, 222.375, 114.25, 138.0, 50.0, 97.0, 81.0, 169.5, 151.0, 191.25, 90.0625, 92.75, 64.1875, 44.375, 177.125, 185.875, 190.25, 147.875, 207.0, 206.375, 110.625, 153.0, 26.3125, 200.5, 152.625, 236.625, 15.8125, 151.0, 49.8125, 90.375, 59.125, 132.875, 166.375, 89.875, 23.703125, 77.375, 174.0, 197.0, 227.0, 193.875, 215.125, 190.25, 222.125, 126.5, 127.625, 28.640625, 160.625, 168.625, 116.375, 113.875, 111.0, 250.375, 133.0, 74.625, 142.25, 127.8125, 232.0, 150.0, 73.125, 203.875, 195.625, 23.765625, 258.25, 61.28125, 241.125, 183.625, 34.0, 77.875, 75.4375, 252.25, 74.875, 138.5, 238.625, 242.875, 160.5, 208.0, 117.0, 126.25, 188.5, 225.625, 114.75, 180.125, 139.5, 174.125, 170.25, 145.0, 149.375, 210.0, 184.375, 28.234375, 171.0, 173.625, 215.0, 54.75, 194.75, 111.5, 190.25, 117.25, 53.8125, 140.625, 95.0625, 88.0, 18.4375, 125.875, 185.125, 148.375, 194.125, 131.25, 236.75, 149.25, 184.0, 159.375, 214.875, 176.25, 85.375, 163.125, 111.125, 215.25, 201.0, 169.0, 147.75], [47.4375, 105.0, 116.4375, 145.875, 160.625, 130.75, 124.9375, 130.375, 71.125, 112.5625, 82.375, 173.25, 27.890625, 98.25, 93.125, 148.625, 141.375, 53.59375, 130.875, 52.40625, 113.5625, 114.375, 144.25, 46.625, 134.875, 0.0, 59.9375, 88.6875, 138.625, 43.65625, 43.6875, 99.0625, 89.5625, 17.5, 94.125, 76.625, 50.53125, 87.0, 35.21875, 103.625, 134.375, 100.25, 46.09375, 118.1875, 110.125, 53.375, 98.6875, 41.21875, 107.8125, 69.3125, 65.5, 44.21875, 74.3125, 113.4375, 80.0625, 146.125, 68.375, 110.75, 72.9375, 125.3125, 119.0, 162.375, 123.0, 66.9375, 18.25, 128.375, 119.125, 63.0625, 97.3125, 56.40625, 86.4375, 50.8125, 58.0, 48.25, 117.4375, 57.59375, 175.375, 100.0, 128.625, 90.25, 112.875, 109.0625, 90.5625, 107.4375, 78.5, 112.6875, 29.40625, 52.4375, 106.25, 48.03125, 24.046875, 137.0, 30.8125, 66.25, 127.375, 117.0, 116.25, 43.84375, 76.5, 74.625, 133.75, 111.0625, 139.125, 75.4375, 124.5, 49.03125, 125.4375, 87.3125, 66.5, 131.25, 62.96875, 141.375, 115.75, 133.5, 154.125, 93.9375, 104.5625, 22.015625, 158.625, 114.5625, 126.6875, 72.5, 44.71875, 178.375, 87.0625, 27.171875, 75.5625, 100.4375, 87.0625, 106.625, 57.4375, 62.625, 122.0, 82.6875, 64.0, 42.0625, 80.0625, 61.40625, 83.0, 34.1875, 133.75, 53.0, 116.75, 63.625, 69.125, 40.21875, 98.0, 84.875, 129.75, 65.9375, 179.0, 130.75, 131.625, 43.1875, 108.25, 33.625, 56.9375, 85.8125, 86.375, 145.75, 21.640625], [23.765625, 95.6875, 64.0, 90.0, 105.0, 71.375, 87.9375, 122.125, 11.1796875, 75.0625, 72.5, 118.25, 33.0, 42.28125, 36.0625, 101.9375, 107.1875, 18.03125, 98.75, 111.6875, 82.5625, 80.75, 84.625, 55.375, 105.5625, 59.9375, 0.0, 51.96875, 151.875, 41.78125, 39.84375, 41.0625, 38.46875, 42.53125, 71.5625, 20.609375, 36.34375, 115.3125, 94.875, 43.96875, 145.125, 119.375, 83.5, 63.28125, 64.0, 14.140625, 42.09375, 100.6875, 61.0, 129.125, 84.375, 56.3125, 44.28125, 69.125, 137.25, 102.0, 128.125, 61.40625, 115.875, 104.375, 59.15625, 104.625, 84.625, 120.9375, 75.5625, 131.0, 92.1875, 116.0, 90.5, 73.75, 83.75, 28.296875, 62.78125, 31.578125, 82.75, 46.0, 119.8125, 91.625, 122.0625, 88.4375, 109.625, 87.4375, 125.3125, 50.8125, 29.0625, 94.8125, 71.0, 112.0, 47.4375, 13.0390625, 45.28125, 145.0, 82.8125, 34.1875, 72.125, 59.5625, 127.0, 100.4375, 83.0625, 105.9375, 100.375, 84.875, 153.5, 48.84375, 136.25, 101.6875, 83.1875, 33.84375, 71.1875, 148.0, 37.84375, 83.4375, 135.375, 137.375, 99.0625, 103.25, 45.96875, 38.90625, 111.3125, 120.1875, 66.875, 131.5, 36.78125, 122.3125, 65.75, 51.0, 45.1875, 104.6875, 78.875, 81.0, 68.4375, 121.8125, 110.625, 71.8125, 121.25, 17.890625, 85.4375, 98.875, 54.59375, 42.4375, 74.75, 27.015625, 91.25, 21.03125, 82.0, 97.0, 88.8125, 35.34375, 131.25, 117.5, 125.125, 80.4375, 112.75, 86.0625, 50.15625, 71.0625, 5.83203125, 116.6875, 96.625, 94.9375, 81.4375], [43.6875, 52.15625, 98.375, 67.375, 80.125, 67.5, 132.625, 75.6875, 50.15625, 120.625, 36.34375, 90.9375, 72.0625, 76.4375, 70.1875, 60.4375, 56.15625, 69.5625, 47.03125, 130.125, 30.59375, 29.015625, 81.125, 104.1875, 152.625, 88.6875, 51.96875, 0.0, 115.9375, 46.21875, 89.0, 70.75, 80.6875, 73.9375, 24.40625, 36.71875, 38.28125, 97.3125, 121.375, 64.375, 108.25, 92.625, 126.625, 43.09375, 105.25, 65.5, 74.9375, 120.9375, 22.84375, 148.625, 133.375, 104.375, 95.5, 111.0625, 167.875, 57.46875, 147.875, 28.15625, 111.3125, 53.71875, 64.5, 87.0625, 128.75, 128.25, 96.5625, 90.1875, 140.875, 151.625, 142.375, 122.4375, 135.625, 38.625, 47.9375, 82.125, 129.0, 97.5, 93.9375, 49.65625, 76.5, 52.625, 67.75, 37.8125, 111.0, 41.21875, 25.0625, 145.625, 80.8125, 137.875, 48.84375, 52.09375, 86.5625, 106.0625, 118.5625, 85.875, 50.8125, 49.375, 92.375, 132.375, 134.125, 92.9375, 49.0, 134.125, 118.3125, 100.3125, 101.0, 110.6875, 124.9375, 74.875, 122.125, 115.125, 89.8125, 69.4375, 106.3125, 96.5625, 73.4375, 72.1875, 47.0, 68.5625, 70.4375, 82.875, 68.875, 158.5, 44.09375, 97.5, 22.140625, 64.6875, 13.453125, 69.25, 41.21875, 130.625, 54.78125, 148.625, 63.625, 123.75, 133.75, 59.3125, 57.03125, 142.875, 105.3125, 55.21875, 90.0625, 78.5, 140.375, 32.0, 61.8125, 128.75, 46.96875, 21.9375, 89.5625, 154.25, 94.875, 45.78125, 62.25, 89.875, 76.1875, 77.625, 48.25, 100.6875, 68.25, 60.0, 108.4375], [129.5, 64.875, 211.375, 172.0, 179.5, 181.5, 239.875, 52.34375, 156.625, 226.875, 81.625, 185.0, 147.0, 188.625, 182.0, 144.0, 110.375, 163.375, 104.0, 136.5, 101.4375, 106.5625, 194.125, 181.125, 256.75, 138.625, 151.875, 115.9375, 0.0, 113.1875, 171.25, 184.0, 189.25, 138.375, 92.125, 147.0, 116.0625, 55.71875, 147.75, 179.375, 8.0625, 38.625, 183.75, 155.375, 215.0, 159.75, 187.5, 135.75, 132.625, 148.0, 204.0, 179.5, 193.0, 220.375, 184.25, 136.0, 148.0, 138.625, 84.0, 80.0, 180.375, 191.5, 236.5, 113.0625, 128.75, 29.0, 242.5, 184.375, 231.0, 194.375, 221.125, 123.9375, 90.5625, 169.5, 234.5, 184.875, 189.0, 66.5, 49.15625, 64.6875, 49.46875, 84.75, 62.125, 156.75, 136.75, 241.75, 109.6875, 155.125, 164.75, 142.875, 156.125, 13.6015625, 163.5, 182.5, 160.5, 163.75, 24.84375, 164.25, 213.375, 67.6875, 107.0, 234.75, 3.162109375, 196.625, 15.6171875, 111.0, 234.625, 183.75, 202.25, 10.4375, 183.25, 179.25, 25.078125, 24.328125, 173.875, 48.78125, 163.0, 135.375, 150.25, 33.09375, 184.125, 170.125, 117.375, 193.0, 93.9375, 116.75, 112.5, 47.71875, 75.6875, 230.5, 86.6875, 163.5, 61.03125, 213.625, 126.0, 145.75, 66.5, 197.5, 203.625, 118.0625, 206.0, 169.875, 241.125, 133.0, 72.625, 161.7