{"name": "LZB_n80_9", "n": 80, "m": 10, "times": [[0.0, 55.46875, 67.875, 92.125, 77.875, 100.125, 29.828125, 59.625, 71.5625, 115.0, 36.40625, 58.6875, 40.15625, 21.84375, 104.9375, 59.84375, 82.875, 46.09375, 84.1875, 115.125, 79.875, 92.0, 73.4375, 55.3125, 78.1875, 85.875, 108.25, 95.4375, 102.0, 101.4375, 30.40625, 120.9375, 112.5625, 51.0, 20.21875, 82.375, 42.1875, 17.09375, 80.8125, 84.125, 117.8125, 94.875, 99.25, 26.171875, 26.171875, 76.125, 110.5, 79.0625, 29.0625, 47.5, 68.25, 61.90625, 62.03125, 79.625, 115.625, 54.03125, 80.375, 114.375, 68.5625, 61.0625, 56.3125, 106.4375, 80.5, 53.59375, 90.5625, 96.5, 47.1875, 137.875, 80.0625, 90.0625, 77.5, 32.28125, 68.8125, 86.75, 73.6875, 100.6875, 99.125, 57.3125, 36.40625, 92.6875, 82.25], [55.46875, 0.0, 122.1875, 146.625, 132.625, 129.5, 27.59375, 8.0, 113.0, 167.75, 62.5, 113.3125, 95.3125, 63.6875, 50.0, 109.1875, 27.453125, 88.8125, 108.0625, 59.6875, 135.125, 145.5, 40.15625, 14.8671875, 24.078125, 63.0625, 140.125, 42.0, 49.9375, 48.8125, 81.75, 69.3125, 141.125, 25.078125, 69.4375, 102.125, 64.625, 44.15625, 79.875, 129.875, 69.4375, 101.6875, 76.3125, 78.4375, 80.4375, 60.8125, 166.0, 134.5, 63.25, 71.5, 37.21875, 113.125, 117.25, 94.875, 108.25, 107.3125, 57.25, 59.0625, 58.0, 115.9375, 62.65625, 146.375, 64.625, 39.125, 146.0, 76.0625, 87.0, 163.75, 97.0625, 58.6875, 98.625, 24.765625, 31.328125, 142.25, 51.09375, 63.59375, 54.21875, 99.0, 20.390625, 69.3125, 86.8125], [67.875, 122.1875, 0.0, 24.40625, 36.78125, 82.4375, 94.875, 127.125, 46.65625, 48.03125, 88.625, 33.96875, 35.75, 60.84375, 170.0, 57.875, 149.625, 46.0, 114.0, 181.75, 17.125, 24.703125, 139.75, 118.6875, 143.25, 148.125, 119.5625, 163.125, 169.875, 169.25, 55.375, 188.875, 127.625, 110.9375, 53.34375, 87.625, 75.125, 83.625, 110.1875, 40.21875, 185.5, 138.25, 160.125, 55.03125, 49.65625, 136.875, 49.15625, 18.6875, 65.4375, 73.25, 124.0, 18.03125, 26.578125, 119.9375, 139.875, 15.8125, 143.375, 181.25, 128.75, 8.25, 111.625, 104.1875, 122.6875, 106.5625, 29.015625, 156.625, 75.8125, 151.5, 118.625, 154.75, 83.5, 97.625, 136.125, 28.859375, 137.375, 153.0, 156.875, 75.0, 104.125, 136.875, 130.5], [92.125, 146.625, 24.40625, 0.0, 40.4375, 92.1875, 119.25, 151.5, 60.8125, 27.453125, 110.25, 48.5, 57.125, 85.0, 194.25, 71.6875, 174.0, 67.6875, 129.25, 206.125, 16.28125, 9.8984375, 163.25, 143.0, 167.625, 170.375, 129.0, 187.5, 194.125, 193.5, 76.6875, 213.0, 137.75, 135.125, 77.6875, 103.9375, 97.8125, 107.5, 130.25, 47.0, 209.375, 156.0, 181.875, 77.125, 72.1875, 158.75, 30.671875, 19.109375, 89.1875, 95.125, 147.625, 37.84375, 40.53125, 137.5, 157.625, 39.8125, 165.875, 205.625, 150.75, 31.109375, 132.875, 110.375, 144.5, 130.125, 17.5, 178.125, 94.25, 159.875, 135.875, 177.625, 100.5, 122.0625, 159.875, 22.46875, 160.125, 176.0, 180.5, 91.0, 128.375, 158.625, 149.625], [77.875, 132.625, 36.78125, 40.4375, 0.0, 119.125, 107.6875, 135.625, 82.8125, 67.0, 82.875, 19.3125, 37.84375, 81.0, 182.5, 34.875, 159.5, 76.1875, 91.1875, 191.625, 25.625, 48.75, 139.75, 133.125, 155.875, 142.25, 88.5625, 170.0, 175.25, 175.125, 51.96875, 193.0, 97.3125, 127.875, 72.0, 121.625, 100.8125, 89.0625, 139.75, 76.6875, 187.375, 119.75, 152.125, 54.5625, 52.1875, 130.25, 37.8125, 22.46875, 88.125, 101.0, 143.75, 53.59375, 17.03125, 101.625, 171.75, 46.0625, 138.625, 190.625, 122.375, 33.28125, 103.375, 70.1875, 148.625, 127.25, 25.171875, 148.0, 61.40625, 119.4375, 99.5625, 151.375, 117.1875, 110.1875, 138.375, 19.109375, 133.75, 175.25, 175.875, 55.0, 112.5625, 162.375, 115.5], [100.125, 129.5, 82.4375, 92.1875, 119.125, 0.0, 106.9375, 137.25, 36.875, 89.6875, 135.875, 111.375, 101.0, 78.5, 161.375, 131.75, 151.125, 55.96875, 178.625, 177.625, 97.375, 83.0, 164.375, 117.625, 139.625, 182.125, 193.75, 169.0, 177.75, 176.25, 113.3125, 196.625, 200.625, 106.3125, 81.0, 30.609375, 65.75, 115.375, 65.0625, 45.1875, 198.625, 194.25, 196.125, 109.9375, 104.375, 174.0, 122.75, 99.875, 73.0, 58.6875, 107.0625, 65.75, 106.125, 177.875, 76.875, 75.1875, 176.125, 178.5, 167.125, 86.25, 156.375, 182.625, 87.125, 93.625, 107.0625, 194.0, 137.625, 225.875, 177.75, 183.125, 32.25, 109.1875, 157.0, 109.3125, 169.25, 121.625, 133.625, 142.625, 121.8125, 98.375, 182.25], [29.828125, 27.59375, 94.875, 119.25, 107.6875, 106.9375, 0.0, 33.59375, 86.75, 140.125, 49.9375, 88.5, 69.9375, 36.25, 75.5625, 88.0625, 54.8125, 61.90625, 100.0, 86.8125, 108.3125, 117.9375, 57.4375, 25.5, 48.75, 76.3125, 128.875, 69.4375, 77.0, 76.0625, 59.03125, 96.375, 131.5, 22.796875, 41.875, 82.125, 41.1875, 24.703125, 68.0, 102.9375, 95.375, 101.8125, 90.375, 55.15625, 55.90625, 69.875, 139.625, 107.8125, 36.6875, 48.25, 41.125, 85.5625, 91.6875, 90.5, 101.0, 79.8125, 70.25, 86.375, 64.1875, 88.8125, 60.21875, 131.0, 60.15625, 30.484375, 119.4375, 88.8125, 70.1875, 155.875, 91.9375, 76.25, 78.0, 2.828125, 50.21875, 115.9375, 63.28125, 73.5, 70.0, 81.75, 15.0, 69.875, 87.375], [59.625, 8.0, 127.125, 151.5, 135.625, 137.25, 33.59375, 0.0, 119.9375, 173.25, 62.0, 116.375, 98.875, 69.8125, 48.375, 110.625, 24.046875, 95.4375, 105.3125, 55.9375, 139.5, 150.75, 32.6875, 22.5625, 24.734375, 55.9375, 138.0, 36.0625, 43.40625, 42.53125, 84.125, 62.8125, 138.5, 33.0625, 74.9375, 110.0, 72.125, 46.625, 87.8125, 136.5, 62.15625, 96.8125, 68.9375, 81.125, 83.625, 54.5625, 169.75, 138.625, 70.0, 79.0625, 44.28125, 118.875, 120.75, 91.3125, 115.75, 112.5625, 50.25, 55.0, 52.5, 120.625, 59.25, 145.5, 72.125, 47.09375, 150.125, 68.875, 87.1875, 160.5, 93.625, 50.96875, 106.5625, 30.8125, 23.765625, 146.125, 44.40625, 68.6875, 57.8125, 99.1875, 23.328125, 76.1875, 82.125], [71.5625, 113.0, 46.65625, 60.8125, 82.8125, 36.875, 86.75, 119.9375, 0.0, 67.1875, 105.0625, 74.5, 64.875, 52.1875, 153.5, 95.1875, 138.25, 25.703125, 144.25, 168.125, 62.65625, 53.09375, 142.25, 104.1875, 128.5, 157.125, 157.5, 154.75, 162.875, 161.75, 78.875, 182.375, 164.625, 93.75, 51.34375, 43.1875, 50.25, 88.3125, 72.25, 19.234375, 182.0, 162.375, 170.625, 75.9375, 70.0625, 147.625, 91.25, 64.875, 50.09375, 44.59375, 100.75, 29.203125, 69.3125, 145.125, 97.0625, 38.28125, 151.375, 168.375, 140.125, 49.6875, 127.0625, 145.75, 89.9375, 84.1875, 73.375, 168.0, 103.1875, 189.75, 144.75, 160.125, 40.0, 89.4375, 136.125, 74.75, 144.625, 123.9375, 132.0, 107.125, 100.4375, 103.625, 151.375], [115.0, 167.75, 48.03125, 27.453125, 67.0, 89.6875, 140.125, 173.25, 67.1875, 0.0, 136.375, 75.9375, 83.1875, 104.375, 213.625, 99.125, 194.875, 82.5, 156.75, 226.5, 43.75, 23.328125, 187.625, 162.375, 187.25, 196.125, 155.375, 209.25, 216.375, 215.625, 102.875, 235.625, 164.25, 153.5, 98.3125, 108.75, 112.75, 131.25, 139.5, 48.65625, 232.75, 183.375, 208.0, 102.875, 97.625, 184.75, 44.09375, 46.53125, 106.8125, 108.6875, 164.0, 54.65625, 67.9375, 164.875, 162.5, 60.96875, 191.375, 226.25, 176.75, 55.9375, 159.25, 135.75, 156.625, 146.625, 42.1875, 204.375, 121.4375, 185.75, 163.25, 202.75, 106.375, 143.0, 183.625, 48.09375, 185.375, 189.875, 196.375, 118.4375, 150.75, 170.5, 176.75], [36.40625, 62.5, 88.625, 110.25, 82.875, 135.875, 49.9375, 62.0, 105.0625, 136.375, 0.0, 65.125, 53.25, 58.1875, 110.1875, 51.875, 85.3125, 80.625, 50.34375, 115.3125, 95.125, 113.1875, 57.46875, 70.5, 86.1875, 60.21875, 79.1875, 91.5, 95.25, 95.5, 33.625, 111.8125, 81.625, 72.0, 54.90625, 118.6875, 77.875, 26.171875, 114.1875, 114.75, 105.125, 58.53125, 71.5625, 33.625, 39.21875, 48.5625, 120.1875, 93.25, 65.375, 83.625, 90.3125, 89.0625, 71.8125, 43.40625, 148.625, 78.875, 56.09375, 113.75, 40.5, 80.5, 23.09375, 83.875, 109.625, 80.1875, 103.0625, 68.0, 25.703125, 106.0, 44.09375, 68.5625, 113.875, 50.59375, 57.375, 97.8125, 50.90625, 122.0, 115.6875, 37.46875, 43.6875, 119.8125, 46.375], [58.6875, 113.3125, 33.96875, 48.5, 19.3125, 111.375, 88.5, 116.375, 74.5, 75.9375, 65.125, 0.0, 19.03125, 63.375, 163.25, 24.078125, 140.25, 62.78125, 81.25, 172.25, 32.28125, 54.21875, 121.375, 114.0, 136.625, 125.125, 85.6875, 150.875, 156.25, 156.125, 33.0, 174.125, 93.6875, 109.0625, 54.34375, 109.5625, 84.375, 69.75, 124.25, 72.9375, 168.875, 107.4375, 135.625, 35.34375, 32.90625, 113.25, 55.21875, 29.734375, 71.0, 85.375, 125.25, 46.3125, 8.0625, 89.0, 157.25, 36.25, 121.1875, 171.375, 105.25, 26.921875, 86.625, 71.5625, 131.5, 109.0, 38.28125, 131.75, 46.09375, 117.75, 87.3125, 133.75, 104.875, 90.9375, 119.625, 32.8125, 116.0, 157.0, 157.125, 42.59375, 93.25, 145.125, 101.375], [40.15625, 95.3125, 35.75, 57.125, 37.84375, 101.0, 69.9375, 98.875, 64.875, 83.1875, 53.25, 19.03125, 0.0, 44.71875, 145.0, 31.140625, 122.5625, 48.09375, 81.0625, 154.75, 42.53125, 60.0, 106.8125, 95.3125, 118.3125, 113.1875, 92.8125, 134.0, 139.875, 139.5, 19.703125, 158.25, 99.75, 90.125, 35.6875, 95.0, 66.4375, 52.6875, 106.75, 68.0625, 153.625, 103.3125, 124.8125, 20.0, 15.6171875, 101.6875, 71.0, 41.0, 52.625, 68.0, 106.25, 40.4375, 21.9375, 85.125, 140.375, 29.28125, 108.75, 153.875, 93.625, 27.515625, 76.0625, 82.75, 113.0, 90.0, 51.84375, 121.1875, 41.0, 124.9375, 84.0, 120.625, 90.125, 72.4375, 104.125, 47.4375, 103.0, 138.0, 138.125, 42.71875, 75.5625, 126.4375, 94.9375], [21.84375, 63.6875, 60.84375, 85.0, 81.0, 78.5, 36.25, 69.8125, 52.1875, 104.375, 58.1875, 63.375, 44.71875, 0.0, 109.5625, 72.0, 90.5625, 26.578125, 104.875, 122.125, 75.875, 82.6875, 90.125, 58.25, 83.0, 105.25, 126.5625, 105.625, 113.25, 112.3125, 44.40625, 132.625, 131.625, 50.09375, 9.0546875, 60.8125, 23.015625, 37.0, 63.625, 67.125, 131.25, 116.6875, 118.9375, 40.0, 36.71875, 96.25, 108.25, 75.9375, 8.6015625, 26.90625, 63.78125, 49.6875, 64.0, 101.25, 98.1875, 45.1875, 99.4375, 121.9375, 89.0625, 55.96875, 77.9375, 122.0625, 68.25, 46.6875, 87.625, 116.5, 65.875, 157.25, 101.5625, 107.9375, 55.90625, 39.0625, 84.1875, 85.125, 92.5625, 94.4375, 96.5625, 74.4375, 48.75, 81.75, 104.0625], [104.9375, 50.0, 170.0, 194.25, 182.5, 161.375, 75.5625, 48.375, 153.5, 213.625, 110.1875, 163.25, 145.0, 109.5625, 0.0, 158.875, 25.015625, 131.875, 150.5, 17.265625, 183.875, 192.25, 65.5625, 51.3125, 26.828125, 86.4375, 184.0, 29.0625, 35.0, 32.8125, 131.75, 45.125, 183.625, 60.3125, 116.625, 131.125, 103.25, 94.125, 99.75, 171.875, 54.21875, 136.5, 95.0, 128.5, 130.25, 91.0, 215.25, 183.375, 106.8125, 109.0625, 54.375, 159.0, 167.0, 134.875, 115.375, 154.5, 82.75, 19.03125, 92.375, 164.25, 104.25, 193.125, 77.8125, 69.5, 195.0, 97.0625, 135.5, 203.875, 137.5, 75.4375, 129.125, 72.9375, 59.1875, 191.5, 79.875, 52.09375, 35.0625, 147.5, 70.3125, 72.6875, 122.6875], [59.84375, 109.1875, 57.875, 71.6875, 34.875, 131.75, 88.0625, 110.625, 95.1875, 99.125, 51.875, 24.078125, 31.140625, 72.0, 158.875, 0.0, 134.625, 79.1875, 57.5625, 165.75, 55.4375, 78.0625, 109.25, 113.0, 133.25, 109.0625, 62.65625, 142.625, 146.875, 147.125, 29.421875, 163.625, 70.25, 110.375, 63.53125, 126.0, 94.8125, 65.25, 135.5, 95.875, 156.875, 85.125, 118.1875, 33.71875, 35.46875, 97.0, 72.375, 52.625, 80.5, 97.4375, 128.0, 68.5625, 32.0, 66.875, 169.75, 57.6875, 105.875, 164.5, 89.375, 50.4375, 70.1875, 51.625, 139.125, 113.375, 59.125, 114.0, 27.65625, 94.875, 64.875, 119.0, 121.0625, 90.0, 109.1875, 53.15625, 101.625, 160.5, 158.125, 20.125, 88.8125, 151.875, 80.625], [82.875, 27.453125, 149.625, 174.0, 159.5, 151.125, 54.8125, 24.046875, 138.25, 194.875, 85.3125, 140.25, 122.5625, 90.5625, 25.015625, 134.625, 0.0, 114.875, 125.6875, 32.25, 162.625, 172.75, 42.71875, 34.125, 13.0390625, 65.3125, 159.125, 18.25, 27.296875, 25.5, 108.1875, 45.53125, 158.875, 45.1875, 96.6875, 122.0625, 88.5, 70.5625, 94.625, 155.75, 49.15625, 113.1875, 75.75, 105.125, 107.4375, 68.125, 193.25, 161.875, 89.25, 95.0, 47.15625, 140.125, 144.5, 110.4375, 117.125, 134.625, 60.8125, 31.625, 68.5625, 143.375, 79.4375, 168.125, 75.0, 57.59375, 173.375, 77.0625, 110.75, 179.625, 113.0625, 55.96875, 119.25, 52.0, 35.34375, 169.625, 56.9375, 59.9375, 45.0, 122.6875, 47.0, 74.5, 99.0], [46.09375, 88.8125, 46.0, 67.6875, 76.1875, 55.96875, 61.90625, 95.4375, 25.703125, 82.5, 80.625, 62.78125, 48.09375, 26.578125, 131.875, 79.1875, 114.875, 0.0, 122.75, 145.625, 63.0, 62.96875, 116.6875, 81.3125, 106.0625, 131.375, 139.625, 130.75, 138.75, 137.625, 57.71875, 158.125, 145.875, 71.5625, 26.0, 47.0, 30.46875, 62.65625, 64.375, 41.0625, 157.25, 138.625, 145.0, 54.125, 48.75, 122.0625, 95.125, 64.125, 25.609375, 27.453125, 81.5, 29.828125, 60.0, 122.0, 95.5, 31.25, 125.6875, 145.75, 114.625, 44.5625, 102.0625, 130.875, 76.9375, 64.125, 75.0, 142.375, 81.875, 171.375, 121.8125, 134.5, 42.1875, 64.6875, 110.6875, 74.25, 118.875, 108.4375, 114.0625, 87.6875, 75.125, 91.0625, 127.0], [84.1875, 108.0625, 114.0, 129.25, 91.1875, 178.625, 100.0, 105.3125, 144.25, 156.75, 50.34375, 81.25, 81.0625, 104.875, 150.5, 57.5625, 125.6875, 122.75, 0.0, 151.375, 113.0, 135.5, 87.0625, 118.5625, 130.0, 74.75, 34.0, 126.25, 127.0, 128.0, 65.4375, 139.0, 33.25, 121.5, 99.375, 165.5, 126.375, 76.5, 164.125, 149.125, 129.125, 31.140625, 78.0, 68.6875, 74.3125, 64.5, 127.0, 110.1875, 112.875, 131.5, 139.625, 121.5, 89.25, 17.71875, 198.75, 110.3125, 74.6875, 149.25, 60.0, 106.0625, 46.3125, 49.65625, 159.875, 130.375, 116.1875, 73.5625, 41.125, 56.09375, 14.5625, 87.5, 160.5, 100.4375, 91.6875, 110.125, 74.0625, 170.375, 162.25, 39.0, 91.8125, 169.875, 34.53125], [115.125, 59.6875, 181.75, 206.125, 191.625, 177.625, 86.8125, 55.9375, 168.125, 226.5, 115.3125, 172.25, 154.75, 122.125, 17.265625, 165.75, 32.25, 145.625, 151.375, 0.0, 194.875, 204.625, 64.375, 64.375, 39.625, 82.25, 185.25, 25.078125, 26.40625, 24.703125, 140.0, 29.96875, 184.0, 74.4375, 128.625, 147.625, 117.9375, 102.5625, 116.6875, 186.125, 40.8125, 134.125, 88.5625, 137.125, 139.5, 88.8125, 225.5, 194.125, 120.25, 124.0, 70.6875, 171.875, 176.625, 134.875, 132.5, 166.625, 79.5625, 2.828125, 91.6875, 175.625, 106.0, 196.25, 94.9375, 84.875, 205.625, 91.3125, 141.0, 202.75, 137.75, 70.0, 145.375, 84.0625, 60.0, 201.875, 78.0625, 69.0, 52.0, 152.75, 79.1875, 89.9375, 121.1875], [79.875, 135.125, 17.125, 16.28125, 25.625, 97.375, 108.3125, 139.5, 62.65625, 43.75, 95.125, 32.28125, 42.53125, 75.875, 183.875, 55.4375, 162.625, 63.0, 113.0, 194.875, 0.0, 23.34375, 149.25, 132.875, 157.0, 155.375, 113.625, 175.25, 181.5, 181.0, 61.625, 200.125, 122.1875, 125.6875, 67.75, 104.375, 91.6875, 94.375, 127.25, 53.15625, 195.875, 139.75, 166.5, 62.46875, 58.0, 143.625, 32.5625, 3.162109375, 81.25, 90.0625, 139.5, 34.9375, 24.359375, 121.3125, 156.875, 32.125, 151.0, 194.25, 135.625, 19.921875, 117.5, 95.8125, 139.375, 122.25, 12.0390625, 162.75, 78.1875, 144.75, 119.5625, 163.0, 100.4375, 111.0, 146.375, 12.0859375, 145.375, 169.25, 172.375, 74.75, 116.25, 153.5, 133.5], [92.0, 145.5, 24.703125, 9.8984375, 48.75, 83.0, 117.9375, 150.75, 53.09375, 23.328125, 113.1875, 54.21875, 60.0, 82.6875, 192.25, 78.0625, 172.75, 62.96875, 135.5, 204.625, 23.34375, 0.0, 164.375, 140.875, 165.625, 172.75, 137.0, 186.75, 193.75, 193.125, 79.6875, 212.875, 145.5, 132.375, 76.0625, 96.25, 93.4375, 108.0625, 123.9375, 37.9375, 209.75, 161.25, 184.75, 79.625, 74.3125, 161.5, 39.8125, 26.46875, 85.9375, 90.125, 144.0, 33.53125, 46.1875, 142.75, 150.125, 38.21875, 168.125, 204.25, 153.375, 32.65625, 136.0, 118.9375, 139.25, 126.5625, 27.203125, 181.125, 98.9375, 168.125, 141.25, 179.5, 93.0625, 120.75, 160.5, 31.765625, 162.125, 171.375, 176.75, 96.75, 128.0, 153.25, 154.125], [73.4375, 40.15625, 139.75, 163.25, 139.75, 164.375, 57.4375, 32.6875, 142.25, 187.625, 57.46875, 121.375, 106.8125, 90.125, 65.5625, 109.25, 42.71875, 116.6875, 87.0625, 64.375, 149.25, 164.375, 0.0, 55.03125, 51.625, 23.59375, 121.0625, 39.3125, 40.1875, 41.0625, 88.5, 54.78125, 119.625, 64.75, 92.625, 139.0, 98.625, 56.59375, 119.625, 156.75, 47.71875, 70.9375, 36.25, 87.0, 91.3125, 25.5, 176.625, 147.75, 92.875, 105.6875, 76.9375, 135.375, 127.375, 70.4375, 148.375, 127.0, 18.390625, 62.1875, 27.296875, 132.25, 42.75, 133.25, 104.75, 78.625, 158.375, 36.34375, 82.3125, 138.75, 73.3125, 19.03125, 135.125, 55.21875, 8.9453125, 153.625, 14.3203125, 99.375, 86.3125, 93.25, 42.59375, 108.6875, 57.28125], [55.3125, 14.8671875, 118.6875, 143.0, 133.125, 117.625, 25.5, 22.5625, 104.1875, 162.375, 70.5, 114.0, 95.3125, 58.25, 51.3125, 113.0, 34.125, 81.3125, 118.5625, 64.375, 132.875, 140.875, 55.03125, 0.0, 24.84375, 77.875, 149.5, 51.46875, 60.15625, 58.6875, 84.3125, 79.1875, 151.25, 11.3984375, 65.375, 89.25, 54.375, 48.15625, 65.375, 121.9375, 81.0625, 114.625, 91.1875, 80.5, 81.375, 75.1875, 164.5, 132.5, 55.90625, 60.90625, 22.796875, 107.8125, 117.0625, 106.5, 93.4375, 103.25, 72.0, 64.375, 71.8125, 113.125, 74.375, 153.75, 49.78125, 25.078125, 144.125, 90.875, 93.375, 174.5, 108.4375, 73.5, 86.125, 23.1875, 46.1875, 141.0, 65.75, 51.875, 45.53125, 105.25, 26.921875, 55.0, 99.75], [78.1875, 24.078125, 143.25, 167.625, 155.875, 139.625, 48.75, 24.734375, 128.5, 187.25, 86.1875, 136.625, 118.3125, 83.0, 26.828125, 133.25, 13.0390625, 106.0625, 130.0, 39.625, 157.0, 165.625, 51.625, 24.84375, 0.0, 75.0, 162.75, 31.0625, 40.125, 38.21875, 105.5625, 57.71875, 163.25, 34.84375, 89.875, 110.125, 78.4375, 68.0625, 81.875, 146.5, 62.0625, 120.25, 86.375, 102.125, 103.75, 76.1875, 188.375, 156.5, 80.75, 84.625, 34.375, 132.625, 140.25, 115.6875, 104.0625, 127.875, 70.0, 39.8125, 75.5, 137.375, 83.8125, 170.0, 62.0, 46.0625, 168.125, 87.3125, 111.0, 185.0, 118.125, 66.875, 107.5625, 46.09375, 43.28125, 164.75, 65.3125, 48.25, 34.71875, 123.0, 44.40625, 61.625, 105.6875], [85.875, 63.0625, 148.125, 170.375, 142.25, 182.125, 76.3125, 55.9375, 157.125, 196.125, 60.21875, 125.125, 113.1875, 105.25, 86.4375, 109.0625, 65.3125, 131.375, 74.75, 82.25, 155.375, 172.75, 23.59375, 77.875, 75.0, 0.0, 108.1875, 58.1875, 56.03125, 57.5625, 93.75, 65.0, 105.25, 87.0, 106.0, 158.5, 117.0625, 68.875, 141.5, 169.875, 54.4375, 52.46875, 14.0390625, 93.3125, 98.5, 12.0390625, 179.875, 153.5, 109.375, 124.0, 100.1875, 146.375, 132.0, 57.0625, 171.25, 137.0, 6.08203125, 79.6875, 19.84375, 140.125, 38.90625, 123.6875, 127.625, 100.5625, 163.25, 13.0, 81.375, 121.6875, 60.21875, 13.0, 154.25, 74.5625, 32.4375, 157.875, 13.0390625, 122.9375, 109.625, 90.625, 61.40625, 132.125, 41.125], [108.25, 140.125, 119.5625, 129.0, 88.5625, 193.75, 128.875, 138.0, 157.5, 155.375, 79.1875, 85.6875, 92.8125, 126.5625, 184.0, 62.65625, 159.125, 139.625, 34.0, 185.25, 113.625, 137.0, 121.0625, 149.5, 162.75, 108.1875, 0.0, 160.25, 161.0, 162.0, 82.875, 172.875, 9.21875, 151.125, 119.5625, 185.25, 149.375, 104.3125, 189.0, 158.375, 162.625, 59.625, 110.1875, 87.0625, 91.5625, 98.3125, 118.6875, 110.5, 135.125, 153.5, 169.5, 131.125, 93.0, 51.25, 223.875, 120.3125, 108.4375, 183.125, 94.0, 112.625, 79.75, 23.703125, 187.5, 158.625, 113.1875, 105.75, 61.0625, 32.1875, 48.15625, 121.0625, 180.25, 129.75, 125.5, 107.3125, 108.0625, 201.125, 194.125, 52.40625, 122.5625, 198.5, 67.25], [95.4375, 42.0, 163.125, 187.5, 170.0, 169.0, 69.4375, 36.0625, 154.75, 209.25, 91.5, 150.875, 134.0, 105.625, 29.0625, 142.625, 18.25, 130.75, 126.25, 25.078125, 175.25, 186.75, 39.3125, 51.46875, 31.0625, 58.1875, 160.25, 0.0, 9.0546875, 7.28125, 118.0625, 27.734375, 158.875, 62.78125, 111.0, 140.125, 105.5625, 81.3125, 112.875, 171.875, 31.015625, 109.5, 66.0, 115.5, 118.5, 64.0, 205.0, 174.25, 105.1875, 112.25, 65.375, 154.875, 155.75, 109.75, 134.625, 148.625, 55.03125, 23.0, 66.625, 156.5, 81.0625, 171.5, 93.0, 75.5625, 185.625, 68.25, 117.1875, 177.875, 112.625, 46.65625, 137.25, 66.625, 35.125, 181.375, 53.15625, 75.25, 59.09375, 128.75, 59.03125, 91.8125, 96.3125], [102.0, 49.9375, 169.875, 194.125, 175.25, 177.75, 77.0, 43.40625, 162.875, 216.375, 95.25, 156.25, 139.875, 113.25, 35.0, 146.875, 27.296875, 138.75, 127.0, 26.40625, 181.5, 193.75, 40.1875, 60.15625, 40.125, 56.03125, 161.0, 9.0546875, 0.0, 2.236328125, 123.3125, 19.421875, 159.25, 71.5, 118.25, 149.0, 114.0625, 87.1875, 121.9375, 179.75, 22.0, 108.25, 62.1875, 120.9375, 124.25, 63.375, 210.75, 180.375, 113.1875, 120.75, 74.4375, 162.25, 161.375, 110.0625, 143.5, 155.625, 53.75, 23.765625, 67.0, 163.0, 82.875, 173.375, 102.0625, 84.5, 191.625, 64.875, 120.8125, 177.25, 113.0625, 43.65625, 146.125, 74.1875, 37.9375, 187.25, 53.03125, 83.5, 67.0625, 132.25, 65.75, 100.625, 95.75], [101.4375, 48.8125, 169.25, 193.5, 175.125, 176.25, 76.0625, 42.53125, 161.75, 215.625, 95.5, 156.125, 139.5, 112.3125, 32.8125, 147.125, 25.5, 137.625, 128.0, 24.703125, 181.0, 193.125, 41.0625, 58.6875, 38.21875, 57.5625, 162.0, 7.28125, 2.236328125, 0.0, 123.1875, 20.59375, 160.25, 70.0, 117.4375, 147.375, 112.6875, 86.8125, 120.0625, 178.625, 24.015625, 109.6875, 64.0, 120.75, 124.0, 64.625, 210.5, 180.0, 112.0625, 119.4375, 72.5625, 161.375, 161.125, 111.1875, 141.375, 154.875, 55.09375, 22.140625, 68.0, 162.5, 83.625, 174.125, 100.0625, 82.875, 191.25, 66.625, 121.125, 178.5, 114.125, 45.3125, 144.5, 73.25, 38.3125, 187.0, 54.15625, 81.3125, 64.875, 132.625, 65.125, 98.5, 97.0], [30.40625, 81.75, 55.375, 76.6875, 51.96875, 113.3125, 59.03125, 84.125, 78.875, 102.875, 33.625, 33.0, 19.703125, 44.40625, 131.75, 29.421875, 108.1875, 57.71875, 65.4375, 140.0, 61.625, 79.6875, 88.5, 84.3125, 105.5625, 93.75, 82.875, 118.0625, 123.3125, 123.1875, 0.0, 141.125, 88.625, 81.125, 36.78125, 102.4375, 67.4375, 37.65625, 107.9375, 85.125, 135.875, 85.0, 105.1875, 4.47265625, 8.9453125, 82.125, 88.0625, 59.8125, 53.0, 70.9375, 98.625, 58.03125, 38.90625, 67.125, 142.5, 47.15625, 89.375, 138.875, 74.125, 47.15625, 56.375, 77.6875, 110.125, 83.9375, 70.0625, 101.5625, 24.359375, 114.1875, 66.375, 101.5625, 97.4375, 61.125, 86.625, 65.0625, 83.875, 131.125, 129.0, 30.484375, 61.40625, 122.6875, 75.8125], [120.9375, 69.3125, 188.875, 213.0, 193.0, 196.625, 96.375, 62.8125, 182.375, 235.625, 111.8125, 174.125, 158.25, 132.625, 45.125, 163.625, 45.53125, 158.125, 139.0, 29.96875, 200.125, 212.875, 54.78125, 79.1875, 57.71875, 65.0, 172.875, 27.734375, 19.421875, 20.59375, 141.125, 0.0, 170.25, 90.5, 137.5, 167.625, 133.25, 105.75, 139.5, 199.125, 12.53125, 117.125, 67.25, 139.0, 142.625, 74.5625, 229.0, 199.0, 132.625, 140.0, 92.0, 181.5, 179.625, 121.5625, 159.0, 174.75, 64.375, 27.3125, 79.625, 181.875, 97.125, 186.875, 118.8125, 103.125, 210.0, 70.875, 137.0, 186.375, 124.6875, 52.0, 164.75, 93.625, 54.71875, 205.625, 65.5, 96.875, 79.875, 148.0, 84.875, 116.0, 106.0625], [112.5625, 141.125, 127.625, 137.75, 97.3125, 200.625, 131.5, 138.5, 164.625, 164.25, 81.625, 93.6875, 99.75, 131.625, 183.625, 70.25, 158.875, 145.875, 33.25, 184.0, 122.1875, 145.5, 119.625, 151.25, 163.25, 105.25, 9.21875, 158.875, 159.25, 160.25, 88.625, 170.25, 0.0, 153.5, 124.9375, 191.0, 154.125, 107.3125, 193.375, 166.125, 159.625, 54.8125, 106.125, 92.625, 97.4375, 96.0, 127.875, 119.0625, 140.125, 158.5, 171.875, 138.75, 101.125, 49.15625, 228.125, 127.75, 106.0, 181.75, 92.375, 120.5, 79.5625, 32.6875, 190.875, 161.75, 122.125, 101.8125, 65.8125, 25.609375, 46.28125, 118.1875, 186.0, 132.25, 124.625, 116.125, 106.1875, 203.0, 195.375, 58.25, 124.3125, 201.375, 64.125], [51.0, 25.078125, 110.9375, 135.125, 127.875, 106.3125, 22.796875, 33.0625, 93.75, 153.5, 72.0, 109.0625, 90.125, 50.09375, 60.3125, 110.375, 45.1875, 71.5625, 121.5, 74.4375, 125.6875, 132.375, 64.75, 11.3984375, 34.84375, 87.0, 151.125, 62.78125, 71.5, 70.0, 81.125, 90.5, 153.5, 0.0, 57.9375, 77.875, 43.59375, 47.4375, 54.90625, 111.75, 92.4375, 120.3125, 100.5625, 77.0, 77.125, 83.1875, 157.875, 125.5625, 46.625, 49.9375, 18.390625, 99.0, 111.375, 110.75, 84.5, 95.25, 81.0, 74.625, 79.0625, 105.875, 79.1875, 153.75, 41.34375, 14.0390625, 137.25, 99.9375, 93.0, 177.5, 112.4375, 83.5625, 74.75, 21.546875, 56.09375, 134.375, 74.4375, 50.6875, 48.15625, 104.5625, 30.40625, 48.84375, 105.5625], [20.21875, 69.4375, 53.34375, 77.6875, 72.0, 81.0, 41.875, 74.9375, 51.34375, 98.3125, 54.90625, 54.34375, 35.6875, 9.0546875, 116.625, 63.53125, 96.6875, 26.0, 99.375, 128.625, 67.75, 76.0625, 92.625, 65.375, 89.875, 106.0, 119.5625, 111.0, 118.25, 117.4375, 36.78125, 137.5, 124.9375, 57.9375, 0.0, 66.3125, 31.3125, 37.09375, 72.0, 64.25, 135.375, 113.25, 119.4375, 32.53125, 28.59375, 96.3125, 99.9375, 67.6875, 17.09375, 34.21875, 72.375, 43.9375, 55.03125, 97.0625, 106.3125, 38.0, 100.4375, 128.25, 88.8125, 47.9375, 76.0625, 114.0625, 77.25, 55.4375, 79.375, 116.75, 59.40625, 150.625, 97.125, 109.8125, 61.28125, 44.6875, 87.3125, 76.625, 93.6875, 103.3125, 105.0, 67.1875, 52.8125, 90.8125, 101.25], [82.375, 102.125, 87.625, 103.9375, 121.625, 30.609375, 82.125, 110.0, 43.1875, 108.75, 118.6875, 109.5625, 95.0, 60.8125, 131.125, 126.0, 122.0625, 47.0, 165.5, 147.625, 104.375, 96.25, 139.0, 89.25, 110.125, 158.5, 185.25, 140.125, 149.0, 147.375, 102.4375, 167.625, 191.0, 77.875, 66.3125, 0.0, 41.96875, 95.1875, 34.84375, 60.21875, 170.25, 177.0, 172.5, 98.4375, 93.75, 151.5, 134.125, 106.25, 53.3125, 35.4375, 76.9375, 69.5625, 106.1875, 162.0, 54.0, 75.5625, 152.375, 148.5, 145.125, 88.625, 137.0, 177.625, 56.59375, 64.5625, 115.6875, 170.875, 125.6875, 216.625, 162.375, 158.0, 5.0, 84.0625, 131.125, 116.375, 145.375, 91.25, 103.0625, 132.875, 97.125, 68.25, 163.75], [42.1875, 64.625, 75.125, 97.8125, 100.8125, 65.75, 41.1875, 72.125, 50.25, 112.75, 77.875, 84.375, 66.4375, 23.015625, 103.25, 94.8125, 88.5, 30.46875, 126.375, 117.9375, 91.6875, 93.4375, 98.625, 54.375, 78.4375, 117.0625, 149.375, 105.5625, 114.0625, 112.6875, 67.4375, 133.25, 154.125, 43.59375, 31.3125, 41.96875, 0.0, 53.5, 40.71875, 68.6875, 134.125, 135.625, 131.0, 63.0, 59.6875, 109.6875, 124.1875, 92.375, 14.421875, 7.0703125, 51.3125, 60.09375, 83.875, 121.3125, 75.1875, 59.53125, 111.0, 118.25, 103.25, 72.1875, 95.1875, 145.0, 48.0, 34.21875, 103.6875, 129.25, 88.375, 179.625, 121.9375, 117.4375, 37.46875, 43.40625, 91.25, 102.1875, 104.0, 78.1875, 83.625, 97.3125, 56.15625, 62.03125, 122.1875], [17.09375, 44.15625, 83.625, 107.5, 89.0625, 115.375, 24.703125, 46.625, 88.3125, 131.25, 26.171875, 69.75, 52.6875, 37.0, 94.125, 65.25, 70.5625, 62.65625, 76.5, 102.5625, 94.375, 108.0625, 56.59375, 48.15625, 68.0625, 68.875, 104.3125, 81.3125, 87.1875, 86.8125, 37.65625, 105.75, 107.3125, 47.4375, 37.09375, 95.1875, 53.5, 0.0, 88.25, 101.1875, 101.875, 82.3125, 82.375, 34.53125, 37.21875, 59.40625, 123.6875, 93.25, 42.59375, 59.78125, 65.8125, 78.75, 74.4375, 68.8125, 122.5, 70.4375, 63.3125, 101.5625, 52.09375, 76.375, 41.75, 106.3125, 83.625, 54.375, 104.375, 79.75, 45.59375, 132.0, 69.8125, 73.0, 90.5, 25.96875, 52.5, 100.125, 56.625, 98.0625, 93.625, 57.28125, 23.765625, 94.125, 68.6875], [80.8125, 79.875, 110.1875, 130.25, 139.75, 65.0625, 68.0, 87.8125, 72.25, 139.5, 114.1875, 124.25, 106.75, 63.625, 99.75, 135.5, 94.625, 64.375, 164.125, 116.6875, 127.25, 123.9375, 119.625, 65.375, 81.875, 141.5, 189.0, 112.875, 121.9375, 120.0625, 107.9375, 139.5, 193.375, 54.90625, 72.0, 34.84375, 40.71875, 88.25, 0.0, 91.0625, 143.75, 169.5, 155.25, 103.4375, 100.375, 136.75, 159.0, 128.5, 55.0625, 38.90625, 47.53125, 93.0, 123.0, 157.0, 34.84375, 95.625, 135.5, 117.9375, 131.75, 108.875, 127.9375, 185.625, 22.46875, 41.0, 139.125, 154.375, 127.9375, 218.625, 158.0, 138.5, 35.0, 68.875, 111.0, 138.625, 128.75, 56.59375, 69.3125, 137.375, 81.5625, 33.40625, 155.25], [84.125, 129.875, 40.21875, 47.0, 76.6875, 45.1875, 102.9375, 136.5, 19.234375, 48.65625, 114.75, 72.9375, 68.0625, 67.125, 171.875, 95.875, 155.75, 41.0625, 149.125, 186.125, 53.15625, 37.9375, 156.75, 121.9375, 146.5, 169.875, 158.375, 171.875, 179.75, 178.625, 85.125, 199.125, 166.125, 111.75, 64.25, 60.21875, 68.6875, 101.1875, 91.0625, 0.0, 198.25, 170.0, 183.125, 83.0, 77.0, 159.875, 77.625, 55.90625, 66.625, 63.40625, 119.625, 27.65625, 66.25, 152.25, 114.125, 38.84375, 164.5, 186.25, 152.125, 46.0625, 137.5, 144.125, 109.1875, 102.8125, 62.125, 180.25, 108.6875, 190.5, 151.375, 174.0, 57.71875, 105.6875, 151.125, 64.8125, 157.75, 143.125, 151.125, 110.625, 115.875, 122.75, 160.125], [117.8125, 69.4375, 185.5, 209.375, 187.375, 198.625, 95.375, 62.15625, 182.0, 232.75, 105.125, 168.875, 153.625, 131.25, 54.21875, 156.875, 49.15625, 157.25, 129.125, 40.8125, 195.875, 209.75, 47.71875, 81.0625, 62.0625, 54.4375, 162.625, 31.015625, 22.0, 24.015625, 135.875, 12.53125, 159.625, 92.4375, 135.375, 170.25, 134.125, 101.875, 143.75, 198.25, 0.0, 106.0, 55.4375, 134.125, 138.0, 64.75, 224.0, 194.625, 132.0, 141.0, 96.3125, 179.25, 174.625, 111.4375, 165.375, 171.875, 54.5625, 38.0, 70.5, 178.25, 88.75, 177.5, 124.0625, 105.75, 205.5, 59.21875, 129.75, 175.125, 114.5625, 41.59375, 167.125, 92.6875, 49.53125, 200.75, 56.65625, 104.8125, 88.0625, 140.375, 82.6875, 122.5, 95.5], [94.875, 101.6875, 138.25, 156.0, 119.75, 194.25, 101.8125, 96.8125, 162.375, 183.375, 58.53125, 107.4375, 103.3125, 116.6875, 136.5, 85.125, 113.1875, 138.625, 31.140625, 134.125, 139.75, 161.25, 70.9375, 114.625, 120.25, 52.46875, 59.625, 109.5, 108.25, 109.6875, 85.0, 117.125, 54.8125, 120.3125, 113.25, 177.0, 135.625, 82.3125, 169.5, 170.0, 106.0, 0.0, 51.46875, 87.0625, 93.0625, 45.53125, 156.5, 137.125, 123.6875, 141.75, 137.125, 143.0, 115.4375, 18.4375, 202.875, 132.0, 54.5625, 131.75, 44.78125, 130.125, 41.625, 79.3125, 161.25, 131.625, 144.25, 47.25, 62.5, 69.25, 20.25, 65.375, 172.125, 101.375, 77.8125, 138.25, 56.65625, 165.25, 154.5, 65.125, 90.0, 169.0, 14.8671875], [99.25, 76.3125, 160.125, 181.875, 152.125, 196.125, 90.375, 68.9375, 170.625, 208.0, 71.5625, 135.625, 124.8125, 118.9375, 95.0, 118.1875, 75.75, 145.0, 78.0, 88.5625, 166.5, 184.75, 36.25, 91.1875, 86.375, 14.0390625, 110.1875, 66.0, 62.1875, 64.0, 105.1875, 67.25, 106.125, 100.5625, 119.4375, 172.5, 131.0, 82.375, 155.25, 183.125, 55.4375, 51.46875, 0.0, 105.125, 110.5, 23.40625, 189.875, 164.5, 123.25, 138.0, 113.1875, 159.125, 142.875, 60.40625, 184.625, 149.5, 20.09375, 85.875, 31.390625, 152.0, 49.09375, 127.625, 141.0, 114.3125, 173.875, 4.47265625, 90.8125, 120.0, 63.5625, 19.796875, 168.25, 88.5625, 45.1875, 168.5, 27.078125, 134.625, 120.625, 99.0, 75.4375, 144.875, 43.46875], [26.171875, 78.4375, 55.03125, 77.125, 54.5625, 109.9375, 55.15625, 81.125, 75.9375, 102.875, 33.625, 35.34375, 20.0, 40.0, 128.5, 33.71875, 105.125, 54.125, 68.6875, 137.125, 62.46875, 79.625, 87.0, 80.5, 102.125, 93.3125, 87.0625, 115.5, 120.9375, 120.75, 4.47265625, 139.0, 92.625, 77.0, 32.53125, 98.4375, 63.0, 34.53125, 103.4375, 83.0, 134.125, 87.0625, 105.125, 0.0, 6.0, 81.875, 90.0, 60.875, 48.59375, 66.625, 94.4375, 56.3125, 40.59375, 69.4375, 138.125, 45.71875, 88.75, 136.0, 73.8125, 46.96875, 56.65625, 82.125, 105.6875, 79.625, 71.4375, 101.5625, 27.734375, 118.25, 68.875, 100.625, 93.4375, 57.3125, 84.625, 66.6875, 83.0, 126.875, 125.0, 34.65625, 58.1875, 118.3125, 77.3125], [26.171875, 80.4375, 49.65625, 72.1875, 52.1875, 104.375, 55.90625, 83.625, 70.0625, 97.625, 39.21875, 32.90625, 15.6171875, 36.71875, 130.25, 35.46875, 107.4375, 48.75, 74.3125, 139.5, 58.0, 74.3125, 91.3125, 81.375, 103.75, 98.5, 91.5625, 118.5, 124.25, 124.0, 8.9453125, 142.625, 97.4375, 77.125, 28.59375, 93.75, 59.6875, 37.21875, 100.375, 77.0, 138.0, 93.0625, 110.5, 6.0, 0.0, 87.1875, 86.5625, 56.59375, 45.28125, 62.8125, 94.0625, 50.34375, 37.21875, 75.4375, 134.875, 39.8125, 93.8125, 138.625, 79.1875, 41.6875, 62.3125, 85.4375, 103.75, 78.625, 67.5, 107.0, 33.25, 123.0, 74.8125, 105.4375, 88.75, 58.25, 88.5, 63.0, 87.9375, 126.3125, 125.25, 39.21875, 60.40625, 116.6875, 83.3125], [76.125, 60.8125, 136.875, 158.75, 130.25, 174.0, 69.875, 54.5625, 147.625, 184.75, 48.5625, 113.25, 101.6875, 96.25, 91.0, 97.0, 68.125, 122.0625, 64.5, 88.8125, 143.625, 161.5, 25.5, 75.1875, 76.1875, 12.0390625, 98.3125, 64.0, 63.375, 64.625, 82.125, 74.5625, 96.0, 83.1875, 96.3125, 151.5, 109.6875, 59.40625, 136.75, 159.875, 64.75, 45.53125, 23.40625, 81.875, 87.1875, 0.0, 167.875, 141.75, 101.0, 116.5, 97.9375, 135.625, 120.1875, 47.09375, 167.75, 126.0625, 10.1953125, 86.5, 8.0625, 128.875, 26.875, 112.8125, 124.4375, 96.25, 151.375, 20.390625, 69.375, 113.9375, 50.15625, 23.40625, 147.125, 68.4375, 33.0, 146.0, 11.1796875, 123.0625, 110.875, 78.625, 55.375, 130.125, 32.375], [110.5, 166.0, 49.15625, 30.671875, 37.8125, 122.75, 139.625, 169.75, 91.25, 44.09375, 120.1875, 55.21875, 71.0, 108.25, 215.25, 72.375, 193.25, 95.125, 127.0, 225.5, 32.5625, 39.8125, 176.625, 164.5, 188.375, 179.875, 118.6875, 205.0, 210.75, 210.5, 88.0625, 229.0, 127.875, 157.875, 99.9375, 134.125, 124.1875, 123.6875, 159.0, 77.625, 224.0, 156.5, 189.875, 90.0, 86.5625, 167.875, 0.0, 32.28125, 113.75, 122.4375, 172.0, 66.0, 49.40625, 138.625, 187.5, 64.625, 176.125, 224.75, 160.0, 52.40625, 141.125, 97.0, 171.875, 154.75, 20.609375, 185.875, 99.1875, 147.0, 136.375, 188.75, 130.5, 142.25, 174.625, 23.703125, 171.125, 201.75, 204.75, 92.4375, 146.5, 186.0, 153.0], [79.0625, 134.5, 18.6875, 19.109375, 22.46875, 99.875, 107.8125, 138.625, 64.875, 46.53125, 93.25, 29.734375, 41.0, 75.9375, 183.375, 52.625, 161.875, 64.125, 110.1875, 194.125, 3.162109375, 26.46875, 147.75, 132.5, 156.5, 153.5, 110.5, 174.25, 180.375, 180.0, 59.8125, 199.0, 119.0625, 125.5625, 67.6875, 106.25, 92.375, 93.25, 128.5, 55.90625, 194.625, 137.125, 164.5, 60.875, 56.59375, 141.75, 32.28125, 0.0, 81.5625, 91.0, 139.75, 36.6875, 21.9375, 118.6875, 158.5, 33.0, 149.25, 193.5, 133.75, 20.21875, 115.4375, 92.625, 140.25, 122.5, 11.703125, 160.75, 75.75, 141.625, 116.9375, 161.375, 102.1875, 110.5, 145.125, 10.1953125, 143.625, 169.625, 172.5, 72.0625, 115.375, 154.375, 131.125], [29.0625, 63.25, 65.4375, 89.1875, 88.125, 73.0, 36.6875, 70.0, 50.09375, 106.8125, 65.375, 71.0, 52.625, 8.6015625, 106.8125, 80.5, 89.25, 25.609375, 112.875, 120.25, 81.25, 85.9375, 92.875, 55.90625, 80.75, 109.375, 135.125, 105.1875, 113.1875, 112.0625, 53.0, 132.625, 140.125, 46.625, 17.09375, 53.3125, 14.421875, 42.59375, 55.0625, 66.625, 132.0, 123.6875, 123.25, 48.59375, 45.28125, 101.0, 113.75, 81.5625, 0.0, 18.59375, 58.53125, 52.46875, 71.125, 108.6875, 89.5625, 49.65625, 103.5, 120.1875, 94.0625, 61.40625, 84.1875, 130.625, 60.53125, 41.125, 93.1875, 121.0625, 74.25, 165.625, 109.125, 111.1875, 48.46875, 39.34375, 86.3125, 91.0625, 96.5, 88.125, 91.4375, 83.0, 50.59375, 74.25, 110.75], [47.5, 71.5, 73.25, 95.125, 101.0, 58.6875, 48.25, 79.0625, 44.59375, 108.6875, 83.625, 85.375, 68.0, 26.90625, 109.0625, 97.4375, 95.0, 27.453125, 131.5, 124.0, 90.0625, 90.125, 105.6875, 60.90625, 84.625, 124.0, 153.5, 112.25, 120.75, 119.4375, 70.9375, 140.0, 158.5, 49.9375, 34.21875, 35.4375, 7.0703125, 59.78125, 38.90625, 63.40625, 141.0, 141.75, 138.0, 66.625, 62.8125, 116.5, 122.4375, 91.0, 18.59375, 0.0, 56.21875, 57.28125, 84.1875, 127.0, 72.5, 58.0, 118.0, 124.375, 110.0, 71.0, 101.5625, 148.25, 49.5, 39.59375, 102.125, 136.125, 92.75, 184.125, 127.5625, 124.5, 30.8125, 50.5, 98.3125, 101.0, 111.0, 81.375, 88.0, 101.1875, 63.1875, 63.625, 128.375], [68.25, 37.21875, 124.0, 147.625, 143.75, 107.0625, 41.125, 44.28125, 100.75, 164.0, 90.3125, 125.25, 106.25, 63.78125, 54.375, 128.0, 47.15625, 81.5, 139.625, 70.6875, 139.5, 144.0, 76.9375, 22.796875, 34.375, 100.1875, 169.5, 65.375, 74.4375, 72.5625, 98.625, 92.0, 171.875, 18.390625, 72.375, 76.9375, 51.3125, 65.8125, 47.53125, 119.625, 96.3125, 137.125, 113.1875, 94.4375, 94.0625, 97.9375, 172.0, 139.75, 58.53125, 56.21875, 0.0, 110.5, 127.0, 128.375, 71.8125, 108.1875, 94.4375, 71.5625, 94.625, 119.625, 96.5625, 172.0, 28.4375, 17.46875, 151.375, 113.125, 111.3125, 195.625, 130.25, 94.9375, 74.8125, 39.9375, 68.0, 148.875, 88.3125, 32.5625, 32.90625, 122.8125, 48.0, 32.1875, 122.3125], [61.90625, 113.125, 18.03125, 37.84375, 53.59375, 65.75, 85.5625, 118.875, 29.203125, 54.65625, 89.0625, 46.3125, 40.4375, 49.6875, 159.0, 68.5625, 140.125, 29.828125, 121.5, 171.875, 34.9375, 33.53125, 135.375, 107.8125, 132.625, 146.375, 131.125, 154.875, 162.25, 161.375, 58.03125, 181.5, 138.75, 99.0, 43.9375, 69.5625, 60.09375, 78.75, 93.0, 27.65625, 179.25, 143.0, 159.125, 56.3125, 50.34375, 135.625, 66.0, 36.6875, 52.46875, 57.28125, 110.5, 0.0, 40.46875, 125.0, 122.0, 11.1796875, 141.125, 171.625, 127.75, 20.515625, 112.0625, 117.875, 106.6875, 93.0625, 46.53125, 155.875, 81.25, 163.375, 124.125, 151.625, 65.5, 88.375, 130.625, 46.84375, 134.75, 138.25, 143.25, 83.0, 96.6875, 120.8125, 133.625], [62.03125, 117.25, 26.578125, 40.53125, 17.03125, 106.125, 91.6875, 120.75, 69.3125, 67.9375, 71.8125, 8.0625, 21.9375, 64.0, 167.0, 32.0, 144.5, 60.0, 89.25, 176.625, 24.359375, 46.1875, 127.375, 117.0625, 140.25, 132.0, 93.0, 155.75, 161.375, 161.125, 38.90625, 179.625, 101.125, 111.375, 55.03125, 106.1875, 83.875, 74.4375, 123.0, 66.25, 174.625, 115.4375, 142.875, 40.59375, 37.21875, 120.1875, 49.40625, 21.9375, 71.125, 84.1875, 127.0, 40.46875, 0.0, 97.0, 155.375, 31.234375, 127.9375, 175.75, 112.1875, 20.25, 93.75, 77.875, 131.5, 110.375, 31.234375, 139.0, 53.84375, 124.9375, 95.3125, 140.25, 101.625, 94.25, 125.25, 26.171875, 122.5625, 158.375, 159.25, 50.625, 97.5, 145.375, 109.1875], [79.625, 94.875, 119.9375, 137.5, 101.625, 177.875, 90.5, 91.3125, 145.125, 164.875, 43.40625, 89.0, 85.125, 101.25, 134.875, 66.875, 110.4375, 122.0, 17.71875, 134.875, 121.3125, 142.75, 70.4375, 106.5, 115.6875, 57.0625, 51.25, 109.75, 110.0625, 111.1875, 67.125, 121.5625, 49.15625, 110.75, 97.0625, 162.0, 121.3125, 68.8125, 157.0, 152.25, 111.4375, 18.4375, 60.40625, 69.4375, 75.4375, 47.09375, 138.625, 118.6875, 108.6875, 127.0, 128.375, 125.0, 97.0, 0.0, 191.0, 114.0, 57.21875, 132.625, 43.1875, 111.75, 32.25, 67.25, 150.625, 120.9375, 125.9375, 55.9375, 44.1875, 69.3125, 3.162109375, 69.875, 157.125, 90.5, 75.6875, 120.0, 57.03125, 158.125, 148.875, 46.8125, 80.4375, 159.5, 17.0], [115.625, 108.25, 139.875, 157.625, 171.75, 76.875, 101.0, 115.75, 97.0625, 162.5, 148.625, 157.25, 140.375, 98.1875, 115.375, 169.75, 117.125, 95.5, 198.75, 132.5, 156.875, 150.125, 148.375, 93.4375, 104.0625, 171.25, 223.875, 134.625, 143.5, 141.375, 142.5, 159.0, 228.125, 84.5, 106.3125, 54.0, 75.1875, 122.5, 34.84375, 114.125, 165.375, 202.875, 184.625, 138.125, 134.875, 167.75, 187.5, 158.5, 89.5625, 72.5, 71.8125, 122.0, 155.375, 191.0, 0.0, 126.375, 165.375, 134.375, 163.375, 139.75, 161.25, 220.25, 43.65625, 71.6875, 168.5, 184.25, 162.75, 253.375, 192.25, 166.625, 57.125, 101.5, 139.5, 168.625, 158.875, 64.125, 80.75, 172.25, 113.5625, 43.0, 188.375], [54.03125, 107.3125, 15.8125, 39.8125, 46.0625, 75.1875, 79.8125, 112.5625, 38.28125, 60.96875, 78.875, 36.25, 29.28125, 45.1875, 154.5, 57.6875, 134.625, 31.25, 110.3125, 166.625, 32.125, 38.21875, 127.0, 103.25, 127.875, 137.0, 120.3125, 148.625, 155.625, 154.875, 47.15625, 174.75, 127.75, 95.25, 38.0, 75.5625, 59.53125, 70.4375, 95.625, 38.84375, 171.875, 132.0, 149.5, 45.71875, 39.8125, 126.0625, 64.625, 33.0, 49.65625, 58.0, 108.1875, 11.1796875, 31.234375, 114.0, 126.375, 0.0, 132.0, 166.25, 118.125, 13.34375, 101.9375, 107.625, 107.3125, 90.75, 44.1875, 146.125, 70.125, 152.5, 113.0625, 142.75, 71.1875, 82.625, 122.8125, 43.03125, 125.6875, 137.375, 141.0, 71.8125, 89.8125, 121.4375, 122.9375], [80.375, 57.25, 143.375, 165.875, 138.625, 176.125, 70.25, 50.25, 151.375, 191.375, 56.09375, 121.1875, 108.75, 99.4375, 82.75, 105.875, 60.8125, 125.6875, 74.6875, 79.5625, 151.0, 168.125, 18.390625, 72.0, 70.0, 6.08203125, 108.4375, 55.03125, 53.75, 55.09375, 89.375, 64.375, 106.0, 81.0, 100.4375, 152.375, 111.0, 63.3125, 135.5, 164.5, 54.5625, 54.5625, 20.09375, 88.75, 93.8125, 10.1953125, 176.125, 149.25, 103.5, 118.0, 94.4375, 141.125, 127.9375, 57.21875, 165.375, 132.0, 0.0, 77.125, 16.640625, 135.5, 35.8125, 123.0, 121.75, 94.5625, 159.125, 18.96875, 78.25, 123.5, 60.3125, 13.4140625, 148.25, 68.5, 27.015625, 153.875, 7.0, 117.6875, 104.6875, 87.9375, 55.3125, 126.375, 42.09375], [114.375, 59.0625, 181.25, 205.625, 190.625, 178.5, 86.375, 55.0, 168.375, 226.25, 113.75, 171.375, 153.875, 121.9375, 19.03125, 164.5, 31.625, 145.75, 149.25, 2.828125, 194.25, 204.25, 62.1875, 64.375, 39.8125, 79.6875, 183.125, 23.0, 23.765625, 22.140625, 138.875, 27.3125, 181.75, 74.625, 128.25, 148.5, 118.25,