{"name": "LZB_n80_10", "n": 80, "m": 10, "times": [[0.0, 67.25, 85.25, 35.34375, 85.8125, 131.625, 120.8125, 71.0625, 48.03125, 108.875, 69.5, 106.5, 68.125, 9.8515625, 118.625, 85.5, 114.0, 77.625, 52.34375, 40.15625, 104.6875, 92.875, 126.0625, 69.3125, 80.875, 32.25, 74.9375, 122.1875, 109.625, 73.8125, 25.625, 38.46875, 61.625, 46.5, 21.546875, 62.40625, 36.25, 67.4375, 114.0, 72.9375, 48.0, 128.75, 109.8125, 107.0625, 110.3125, 96.1875, 75.1875, 25.5, 114.3125, 58.8125, 72.0, 90.5625, 86.25, 34.40625, 102.75, 75.6875, 92.0, 79.3125, 109.625, 96.0, 93.5, 100.1875, 119.3125, 98.8125, 106.0625, 97.75, 41.0, 18.4375, 101.0, 95.4375, 14.8671875, 102.9375, 97.0625, 100.9375, 53.25, 80.0625, 82.5625, 89.3125, 35.84375, 102.4375, 114.0625], [67.25, 0.0, 135.0, 102.5625, 76.6875, 186.875, 72.5, 112.625, 32.1875, 164.125, 52.875, 151.375, 135.0, 58.03125, 89.0625, 147.875, 63.5, 58.1875, 66.8125, 86.1875, 81.25, 105.625, 181.0, 128.875, 147.125, 85.875, 141.875, 182.875, 165.125, 126.75, 92.25, 104.375, 34.46875, 64.375, 49.03125, 103.9375, 102.1875, 127.5625, 96.0625, 72.25, 115.1875, 179.375, 86.3125, 70.1875, 85.5625, 33.3125, 119.1875, 89.0, 64.875, 79.0, 25.078125, 72.1875, 139.375, 98.5, 162.0, 129.75, 157.5, 146.625, 166.75, 72.8125, 156.375, 97.3125, 173.75, 49.03125, 157.875, 164.625, 26.46875, 55.96875, 127.375, 62.0, 77.1875, 85.0, 158.375, 99.0, 53.03125, 79.25, 147.125, 70.0625, 85.375, 86.0625, 176.75], [85.25, 135.0, 0.0, 73.5, 171.0, 166.75, 151.125, 140.0, 103.5, 31.0625, 154.125, 163.25, 83.875, 88.375, 128.375, 39.21875, 149.0, 102.125, 137.0, 49.65625, 189.75, 174.0, 46.5625, 114.0625, 59.9375, 53.75, 85.125, 145.75, 32.0625, 128.75, 80.75, 84.1875, 108.25, 72.4375, 104.625, 32.0, 83.6875, 30.15625, 199.25, 158.0, 67.25, 44.65625, 116.9375, 190.5, 195.375, 150.875, 18.0, 90.0625, 148.0, 141.625, 124.0625, 175.75, 8.6015625, 89.875, 36.40625, 13.0, 59.1875, 77.1875, 145.875, 110.625, 118.6875, 184.5, 39.28125, 138.75, 22.84375, 98.0, 115.125, 103.5, 47.375, 121.0, 70.4375, 188.25, 40.21875, 87.6875, 86.8125, 82.5, 48.875, 104.3125, 51.84375, 187.75, 133.125], [35.34375, 102.5625, 73.5, 0.0, 107.1875, 106.6875, 152.875, 66.5, 81.6875, 88.5, 96.6875, 92.4375, 33.25, 44.90625, 145.75, 58.71875, 146.75, 106.0625, 72.6875, 48.3125, 128.75, 102.875, 104.8125, 45.53125, 48.09375, 38.09375, 39.84375, 92.6875, 89.0625, 57.21875, 11.703125, 11.0, 94.375, 70.0, 55.09375, 64.125, 10.1953125, 46.53125, 135.125, 93.625, 13.6015625, 111.125, 135.75, 135.125, 134.25, 131.25, 71.0, 20.0, 146.75, 73.5625, 106.3125, 114.5625, 70.9375, 16.546875, 78.5625, 61.03125, 60.0, 44.03125, 84.25, 123.1875, 62.9375, 116.6875, 99.0625, 132.0, 89.4375, 62.65625, 76.25, 49.5, 105.0625, 125.4375, 29.6875, 125.1875, 70.75, 119.875, 81.375, 101.8125, 52.6875, 116.0625, 43.40625, 124.1875, 82.875], [85.8125, 76.6875, 171.0, 107.1875, 0.0, 142.75, 148.375, 68.0, 94.5, 193.0, 24.078125, 99.0625, 128.0, 84.25, 165.25, 165.75, 139.125, 130.0, 34.71875, 124.6875, 22.796875, 35.0, 210.0, 103.1875, 154.0, 117.875, 134.5, 149.0, 193.75, 91.25, 96.0625, 101.0, 105.0, 118.625, 68.4375, 147.0, 99.875, 150.625, 28.3125, 13.6015625, 120.125, 213.875, 161.25, 37.84375, 27.859375, 105.3125, 160.625, 87.1875, 140.75, 35.46875, 101.0, 11.3984375, 171.625, 92.9375, 185.0, 161.0, 166.25, 144.0, 128.375, 147.125, 131.375, 20.609375, 203.625, 125.4375, 191.375, 153.125, 70.6875, 67.9375, 182.375, 137.875, 100.625, 18.03125, 177.75, 167.625, 114.9375, 145.875, 159.875, 143.0, 120.9375, 17.03125, 148.25], [131.625, 186.875, 166.75, 106.6875, 142.75, 0.0, 251.25, 77.25, 178.25, 165.0, 151.25, 45.0, 83.25, 140.75, 249.875, 132.5, 243.875, 209.125, 124.875, 154.875, 163.5, 112.1875, 175.25, 62.625, 109.375, 144.75, 81.5625, 25.625, 165.0, 60.21875, 109.375, 97.375, 192.375, 175.25, 140.75, 168.5, 99.3125, 136.75, 159.125, 133.875, 104.375, 188.0, 240.625, 180.625, 167.0, 220.0, 171.375, 106.3125, 244.375, 114.5625, 200.25, 154.125, 160.5, 98.25, 150.0, 154.0, 116.0, 90.5625, 22.46875, 227.25, 48.0625, 135.25, 173.0, 228.375, 172.625, 74.25, 162.75, 133.5, 207.75, 227.125, 133.75, 156.0, 140.0, 226.5, 184.5, 208.0, 121.4375, 220.375, 150.125, 154.0, 37.84375], [120.8125, 72.5, 151.125, 152.875, 148.375, 251.25, 0.0, 181.375, 73.125, 182.0, 125.0, 220.125, 185.75, 111.1875, 34.71875, 178.875, 9.21875, 50.21875, 138.25, 115.125, 149.0, 178.125, 196.125, 189.75, 186.875, 121.25, 191.875, 243.0, 183.0, 191.625, 145.625, 158.625, 59.1875, 86.625, 111.0625, 120.8125, 156.375, 158.125, 164.25, 144.75, 162.375, 189.0, 42.0625, 133.25, 152.375, 44.28125, 133.125, 146.25, 7.6171875, 150.375, 52.0, 142.375, 158.375, 155.25, 186.0, 152.25, 194.375, 192.875, 229.75, 41.4375, 214.125, 168.875, 189.0, 23.859375, 172.0, 214.25, 90.4375, 118.0625, 120.0625, 30.265625, 123.1875, 154.125, 186.25, 73.375, 72.625, 69.0625, 182.375, 47.03125, 117.625, 155.5, 234.625], [71.0625, 112.625, 140.0, 66.5, 68.0, 77.25, 181.375, 0.0, 110.4375, 153.0, 74.0, 38.90625, 71.4375, 77.5, 186.125, 120.5625, 173.125, 145.375, 47.875, 107.0625, 90.1875, 45.1875, 168.375, 39.125, 102.625, 97.0, 76.4375, 81.125, 153.375, 24.046875, 60.40625, 55.96875, 124.5625, 117.4375, 71.375, 127.125, 56.3125, 112.375, 89.5, 57.5625, 74.75, 176.25, 178.5, 105.3125, 94.5, 145.875, 136.375, 52.03125, 174.0, 37.34375, 129.375, 79.0625, 137.25, 50.21875, 141.125, 127.5, 114.3125, 87.6875, 60.65625, 164.125, 64.875, 66.125, 163.25, 157.625, 155.25, 90.5625, 90.9375, 64.875, 168.0, 160.75, 80.3125, 83.625, 132.125, 172.0, 122.375, 150.875, 111.75, 157.875, 102.0625, 81.75, 80.5], [48.03125, 32.1875, 103.5, 81.6875, 94.5, 178.25, 73.125, 110.4375, 0.0, 133.125, 71.0, 148.75, 114.9375, 38.28125, 76.1875, 119.4375, 66.0, 36.6875, 72.75, 55.53125, 105.0, 116.375, 149.75, 116.6875, 121.6875, 57.09375, 121.5, 170.125, 134.125, 118.875, 73.375, 86.375, 14.2109375, 32.1875, 39.125, 72.0, 84.125, 98.625, 118.625, 86.0, 92.75, 147.625, 69.625, 98.0, 110.0625, 51.09375, 87.25, 73.25, 66.375, 84.1875, 24.734375, 93.375, 108.1875, 82.375, 132.0, 99.0625, 131.125, 124.1875, 156.625, 55.09375, 141.5, 114.125, 142.5, 50.78125, 126.3125, 144.25, 24.0, 45.8125, 95.875, 50.25, 52.875, 106.9375, 129.25, 73.1875, 21.953125, 51.65625, 120.0, 49.8125, 55.59375, 107.5, 162.125], [108.875, 164.125, 31.0625, 88.5, 193.0, 165.0, 182.0, 153.0, 133.125, 0.0, 178.375, 170.0, 87.125, 113.75, 158.375, 33.71875, 180.125, 133.125, 158.375, 78.0, 213.125, 191.375, 17.203125, 121.1875, 56.21875, 79.75, 85.8125, 141.625, 1.0, 137.625, 98.25, 97.75, 138.75, 102.8125, 129.625, 62.8125, 97.9375, 42.53125, 221.375, 179.625, 78.3125, 23.765625, 147.0, 215.75, 218.75, 181.5, 49.03125, 107.625, 179.0, 161.25, 154.5, 198.875, 25.0, 104.875, 15.296875, 34.4375, 49.25, 75.25, 146.25, 141.375, 118.125, 204.5, 10.6328125, 169.75, 12.203125, 91.5625, 142.75, 127.3125, 72.0, 152.0, 94.1875, 210.75, 25.078125, 116.6875, 117.5, 113.1875, 44.40625, 135.125, 79.1875, 210.0, 128.5], [69.5, 52.875, 154.125, 96.6875, 24.078125, 151.25, 125.0, 74.0, 71.0, 178.375, 0.0, 110.0625, 122.25, 65.875, 141.125, 153.5, 115.875, 106.125, 28.015625, 106.0625, 36.0625, 54.09375, 195.5, 103.0625, 144.75, 100.4375, 129.125, 153.625, 179.125, 94.5625, 85.0, 92.625, 81.0625, 96.75, 49.59375, 128.0, 91.0625, 136.625, 48.09375, 20.609375, 110.1875, 198.125, 137.125, 38.46875, 41.625, 82.75, 142.25, 77.25, 117.375, 36.6875, 76.9375, 22.84375, 155.625, 84.75, 171.75, 145.125, 156.625, 137.375, 134.125, 123.0625, 132.125, 44.5625, 188.875, 101.8125, 175.5, 149.625, 47.53125, 51.09375, 161.5, 113.875, 84.3125, 36.40625, 165.375, 144.125, 91.9375, 122.5625, 149.0, 119.0625, 102.8125, 36.6875, 150.75], [106.5, 151.375, 163.25, 92.4375, 99.0625, 45.0, 220.125, 38.90625, 148.75, 170.0, 110.0625, 0.0, 83.0, 114.0625, 223.75, 136.25, 212.0, 182.875, 85.8125, 138.5, 119.0625, 67.375, 183.5, 49.375, 114.8125, 128.125, 85.125, 59.09375, 170.25, 35.21875, 90.25, 81.5, 162.875, 152.875, 109.625, 156.375, 82.75, 133.625, 114.1875, 91.375, 96.0625, 193.75, 215.75, 136.875, 122.3125, 184.75, 163.25, 83.8125, 212.75, 74.3125, 168.125, 110.4375, 158.875, 78.625, 156.375, 150.375, 124.8125, 96.5625, 38.09375, 201.5, 58.59375, 90.375, 179.5, 196.375, 174.75, 89.875, 129.75, 102.875, 197.5, 198.875, 113.25, 111.4375, 146.5, 206.875, 159.25, 186.5, 125.9375, 195.125, 133.375, 109.3125, 64.625], [68.125, 135.0, 83.875, 33.25, 128.0, 83.25, 185.75, 71.4375, 114.9375, 87.125, 122.25, 83.0, 0.0, 77.875, 177.0, 53.375, 179.75, 138.125, 95.5, 76.375, 150.625, 115.125, 100.5625, 34.875, 32.1875, 67.25, 7.0, 64.5, 87.3125, 51.96875, 42.75, 31.015625, 127.5625, 101.375, 86.5, 86.4375, 33.0625, 53.75, 154.375, 114.75, 24.078125, 110.875, 166.625, 160.125, 155.875, 164.25, 88.25, 47.0, 179.75, 92.625, 139.5, 137.0, 78.1875, 38.125, 73.375, 71.0, 43.28125, 16.40625, 61.96875, 154.625, 35.46875, 133.125, 96.5625, 165.125, 92.4375, 29.609375, 108.5, 80.125, 124.8125, 157.875, 62.625, 145.875, 63.5625, 147.75, 113.75, 131.5, 43.0, 147.375, 72.125, 144.5, 53.0], [9.8515625, 58.03125, 88.375, 44.90625, 84.25, 140.75, 111.1875, 77.5, 38.28125, 113.75, 65.875, 114.0625, 77.875, 0.0, 110.125, 92.375, 104.3125, 69.0625, 52.5, 40.5, 101.6875, 95.0625, 130.875, 78.625, 89.375, 34.65625, 84.625, 131.875, 114.5625, 82.1875, 35.46875, 48.34375, 52.0, 40.4375, 16.28125, 62.78125, 46.09375, 73.375, 112.0625, 72.0, 57.21875, 132.5, 101.6875, 102.3125, 107.3125, 86.375, 76.625, 35.0, 104.625, 60.65625, 62.15625, 87.8125, 90.25, 44.09375, 108.6875, 79.8125, 100.125, 88.6875, 118.8125, 87.6875, 103.25, 100.0625, 124.0625, 89.0625, 110.0, 107.4375, 32.125, 16.765625, 99.3125, 86.375, 20.25, 100.6875, 103.625, 94.9375, 45.1875, 73.5, 90.25, 81.125, 37.0, 100.375, 123.8125], [118.625, 89.0625, 128.375, 145.75, 165.25, 249.875, 34.71875, 186.125, 76.1875, 158.375, 141.125, 223.75, 177.0, 110.125, 0.0, 160.625, 40.0, 41.0625, 148.375, 101.5, 170.0, 191.125, 170.875, 187.375, 172.25, 109.8125, 182.375, 238.25, 159.25, 192.25, 140.875, 153.5, 62.625, 75.75, 114.9375, 101.0, 151.375, 141.0, 185.0, 159.0, 152.875, 162.0, 11.3984375, 156.875, 174.125, 70.1875, 110.875, 143.625, 37.8125, 160.0, 64.25, 161.25, 136.25, 151.75, 164.5, 131.875, 178.0, 181.375, 227.625, 22.671875, 208.625, 185.75, 164.125, 44.9375, 147.375, 203.625, 98.6875, 121.25, 91.0625, 27.296875, 116.6875, 174.125, 166.375, 43.03125, 65.4375, 47.4375, 166.0, 29.703125, 105.1875, 175.125, 228.625], [85.5, 147.875, 39.21875, 58.71875, 165.75, 132.5, 178.875, 120.5625, 119.4375, 33.71875, 153.5, 136.25, 53.375, 92.375, 160.625, 0.0, 175.25, 128.625, 131.0, 65.0625, 186.875, 160.75, 47.84375, 87.625, 23.09375, 62.40625, 52.25, 109.8125, 33.96875, 104.1875, 69.6875, 66.6875, 128.0, 93.4375, 107.0, 59.625, 67.25, 21.03125, 193.75, 152.125, 46.875, 57.5, 149.25, 191.75, 192.375, 170.125, 52.1875, 78.625, 174.625, 132.25, 143.0, 172.625, 31.0625, 74.3125, 20.59375, 30.0, 20.0, 42.0, 113.0, 140.75, 85.0, 175.375, 43.3125, 162.875, 40.125, 60.4375, 123.75, 103.3125, 86.375, 148.75, 72.125, 183.625, 12.0390625, 122.8125, 108.375, 113.3125, 11.046875, 133.75, 64.0, 182.75, 96.875], [114.0, 63.5, 149.0, 146.75, 139.125, 243.875, 9.21875, 173.125, 66.0, 180.125, 115.875, 212.0, 179.75, 104.3125, 40.0, 175.25, 0.0, 47.03125, 129.5, 110.875, 139.75, 169.125, 194.625, 182.625, 182.25, 116.375, 186.125, 236.125, 181.125, 184.0, 139.125, 152.125, 52.46875, 82.25, 103.25, 118.125, 149.875, 154.375, 155.0, 135.625, 156.625, 188.125, 45.46875, 124.1875, 143.125, 35.125, 131.0, 139.25, 2.236328125, 141.75, 43.875, 133.125, 156.0, 148.375, 183.25, 149.375, 190.125, 187.5, 222.375, 41.78125, 207.5, 159.75, 187.5, 15.5546875, 170.375, 208.5, 82.25, 110.375, 120.5, 28.4375, 117.1875, 144.875, 183.125, 75.125, 67.75, 68.0625, 178.375, 46.3125, 113.0625, 146.375, 228.0], [77.625, 58.1875, 102.125, 106.0625, 130.0, 209.125, 50.21875, 145.375, 36.6875, 133.125, 106.125, 182.875, 138.125, 69.0625, 41.0625, 128.625, 47.03125, 0.0, 109.4375, 65.1875, 138.25, 153.0, 148.0, 146.625, 137.0, 72.0, 144.0, 198.125, 134.125, 151.25, 100.4375, 113.1875, 25.078125, 37.125, 74.4375, 71.0625, 111.0625, 107.9375, 152.625, 122.25, 114.25, 142.25, 33.25, 128.375, 143.0, 55.0, 84.125, 102.8125, 46.1875, 120.8125, 34.46875, 127.75, 109.0, 111.0625, 136.25, 102.3125, 144.25, 144.0, 187.0, 18.78125, 168.625, 150.0, 140.75, 37.09375, 123.8125, 165.875, 60.40625, 80.5, 77.875, 20.25, 76.5625, 141.125, 136.25, 41.1875, 24.765625, 24.40625, 132.25, 13.15625, 68.0, 141.875, 188.875], [52.34375, 66.8125, 137.0, 72.6875, 34.71875, 124.875, 138.25, 47.875, 72.75, 158.375, 28.015625, 85.8125, 95.5, 52.5, 148.375, 131.0, 129.5, 109.4375, 0.0, 92.1875, 56.09375, 44.03125, 175.375, 75.0, 119.9375, 84.625, 102.1875, 125.9375, 159.125, 66.9375, 61.40625, 67.0625, 85.75, 90.5625, 38.3125, 114.5625, 65.75, 115.9375, 62.9375, 21.21875, 85.75, 179.5, 142.375, 64.75, 61.59375, 99.8125, 127.5625, 52.6875, 130.75, 12.203125, 86.75, 42.0625, 137.25, 59.03125, 150.25, 126.6875, 132.125, 111.0625, 106.875, 127.8125, 104.0625, 47.84375, 169.0, 114.375, 157.0, 122.1875, 49.65625, 35.75, 151.875, 121.5, 66.875, 52.625, 143.0, 143.0, 90.125, 121.0625, 125.375, 122.5625, 88.125, 51.75, 122.8125], [40.15625, 86.1875, 49.65625, 48.3125, 124.6875, 154.875, 115.125, 107.0625, 55.53125, 78.0, 106.0625, 138.5, 76.375, 40.5, 101.5, 65.0625, 110.875, 65.1875, 92.1875, 0.0, 142.0, 133.0, 94.875, 93.625, 71.875, 10.4375, 81.375, 139.75, 78.9375, 103.5625, 48.28125, 58.3125, 63.03125, 28.640625, 56.625, 22.359375, 56.65625, 44.03125, 152.5, 112.3125, 52.40625, 94.3125, 90.8125, 141.375, 147.625, 105.5, 36.25, 55.3125, 110.375, 99.0, 78.3125, 128.25, 53.21875, 59.90625, 76.5, 43.65625, 79.3125, 79.875, 132.5, 79.75, 110.0, 140.0, 87.6875, 98.0, 72.1875, 102.1875, 65.4375, 56.8125, 61.40625, 85.4375, 27.171875, 141.125, 74.1875, 71.875, 43.40625, 55.21875, 67.4375, 72.5625, 5.09765625, 140.875, 129.125], [104.6875, 81.25, 189.75, 128.75, 22.796875, 163.5, 149.0, 90.1875, 105.0, 213.125, 36.0625, 119.0625, 150.625, 101.6875, 170.0, 186.875, 139.75, 138.25, 56.09375, 142.0, 0.0, 52.1875, 230.25, 125.9375, 176.0, 136.125, 157.125, 171.0, 213.875, 113.75, 117.3125, 123.0625, 113.375, 132.375, 85.4375, 164.0, 121.8125, 171.0, 15.296875, 35.84375, 141.875, 233.375, 167.5, 20.515625, 5.65625, 104.75, 178.25, 108.75, 141.625, 58.1875, 106.3125, 14.2109375, 190.875, 115.0, 205.625, 180.375, 188.125, 166.5, 150.0, 154.0, 154.0, 30.40625, 223.625, 127.5, 210.75, 175.875, 82.4375, 86.3125, 197.25, 143.125, 119.5, 8.0625, 198.75, 177.75, 126.5, 156.625, 181.375, 150.75, 138.625, 10.296875, 170.625], [92.875, 105.625, 174.0, 102.875, 35.0, 112.1875, 178.125, 45.1875, 116.375, 191.375, 54.09375, 67.375, 115.125, 95.0625, 191.125, 160.75, 169.125, 153.0, 44.03125, 133.0, 52.1875, 0.0, 207.625, 84.25, 145.0, 124.25, 120.625, 122.1875, 192.0, 68.9375, 93.625, 94.0, 128.875, 134.25, 82.0625, 155.0, 93.625, 149.25, 47.0, 33.625, 113.875, 213.875, 185.75, 71.1875, 55.09375, 136.75, 166.75, 84.25, 170.5, 34.375, 128.125, 45.78125, 172.75, 86.625, 181.0, 162.375, 157.0, 131.5, 100.6875, 171.25, 109.5625, 23.015625, 202.0, 154.5, 191.875, 135.75, 92.75, 78.5, 193.875, 164.0, 106.25, 44.375, 172.625, 187.125, 134.125, 165.125, 153.0, 166.25, 128.5, 42.1875, 123.6875], [126.0625, 181.0, 46.5625, 104.8125, 210.0, 175.25, 196.125, 168.375, 149.75, 17.203125, 195.5, 183.5, 100.5625, 130.875, 170.875, 47.84375, 194.625, 148.0, 175.375, 94.875, 230.25, 207.625, 0.0, 135.25, 68.6875, 96.875, 98.5, 151.0, 16.40625, 151.875, 114.875, 113.75, 154.75, 118.9375, 146.875, 78.5625, 114.0625, 59.40625, 238.25, 196.625, 94.0625, 15.265625, 159.625, 233.0, 235.875, 197.375, 64.125, 124.1875, 193.375, 177.875, 170.625, 216.0, 41.625, 121.0, 27.3125, 51.46875, 59.6875, 87.3125, 157.5, 155.0, 129.5, 221.125, 7.28125, 184.875, 24.1875, 101.0625, 159.75, 144.5, 81.75, 166.25, 111.375, 227.75, 37.0, 128.375, 133.375, 127.0625, 57.59375, 149.0, 96.1875, 227.0, 138.0], [69.3125, 128.875, 114.0625, 45.53125, 103.1875, 62.625, 189.75, 39.125, 116.6875, 121.1875, 103.0625, 49.375, 34.875, 78.625, 187.375, 87.625, 182.625, 146.625, 75.0, 93.625, 125.9375, 84.25, 135.25, 0.0, 67.0625, 83.25, 38.59375, 54.125, 121.4375, 17.203125, 46.875, 35.34375, 130.625, 112.625, 80.625, 109.375, 37.125, 84.3125, 127.125, 90.9375, 47.03125, 144.875, 178.0, 138.625, 130.75, 161.0, 114.875, 43.84375, 183.0, 68.5, 139.5, 113.4375, 109.5625, 35.59375, 107.9375, 101.0625, 78.0625, 50.21875, 40.375, 164.625, 29.0625, 104.375, 130.875, 167.25, 125.5, 51.46875, 103.375, 73.4375, 150.0, 164.75, 71.25, 120.0625, 98.25, 164.625, 121.9375, 145.625, 77.625, 157.75, 88.625, 118.375, 48.5], [80.875, 147.125, 59.9375, 48.09375, 154.0, 109.375, 186.875, 102.625, 121.6875, 56.21875, 144.75, 114.8125, 32.1875, 89.375, 172.25, 23.09375, 182.25, 137.0, 119.9375, 71.875, 176.0, 145.0, 68.6875, 67.0625, 0.0, 66.0, 29.828125, 86.875, 56.3125, 84.125, 59.8125, 53.0, 132.25, 100.25, 102.0, 73.25, 54.21875, 33.25, 181.375, 140.5, 34.53125, 79.75, 161.25, 183.125, 181.5, 172.75, 69.6875, 67.5625, 181.875, 119.25, 146.25, 162.0, 52.5625, 61.0625, 41.78125, 48.5625, 12.203125, 19.03125, 90.0625, 151.125, 62.0, 161.5, 65.125, 168.75, 63.1875, 38.09375, 121.5, 97.0, 105.6875, 157.25, 70.0, 172.0, 31.78125, 137.375, 114.5625, 125.0625, 12.0390625, 144.0, 69.25, 170.875, 74.0], [32.25, 85.875, 53.75, 38.09375, 117.875, 144.75, 121.25, 97.0, 57.09375, 79.75, 100.4375, 128.125, 67.25, 34.65625, 109.8125, 62.40625, 116.375, 72.0, 84.625, 10.4375, 136.125, 124.25, 96.875, 83.25, 66.0, 0.0, 72.625, 130.125, 80.625, 93.125, 37.84375, 47.9375, 66.5, 34.875, 50.90625, 30.8125, 46.25, 41.78125, 146.0, 105.125, 43.1875, 97.9375, 99.375, 136.875, 141.75, 108.0, 42.9375, 45.09375, 116.0625, 90.625, 81.0625, 122.125, 55.8125, 49.46875, 76.1875, 45.5, 74.5625, 72.0625, 122.3125, 87.6875, 100.25, 132.375, 89.875, 102.8125, 75.4375, 94.0625, 63.0625, 50.0, 71.125, 92.125, 18.03125, 134.75, 72.5625, 81.8125, 48.71875, 64.375, 63.125, 80.4375, 5.38671875, 134.375, 119.625], [74.9375, 141.875, 85.125, 39.84375, 134.5, 81.5625, 191.875, 76.4375, 121.5, 85.8125, 129.125, 85.125, 7.0, 84.625, 182.375, 52.25, 186.125, 144.0, 102.1875, 81.375, 157.125, 120.625, 98.5, 38.59375, 29.828125, 72.625, 0.0, 61.3125, 86.0, 55.8125, 49.65625, 38.0, 133.875, 107.0625, 93.4375, 90.125, 40.0625, 55.375, 160.5, 121.25, 29.6875, 109.5, 172.0, 166.875, 162.25, 171.0, 90.875, 54.0, 186.0, 99.0, 146.125, 143.625, 78.9375, 45.09375, 71.5625, 72.5625, 39.8125, 11.6640625, 61.125, 160.25, 33.53125, 139.125, 94.9375, 171.5, 92.0, 22.796875, 115.4375, 87.125, 127.5625, 163.75, 68.9375, 152.25, 61.625, 152.25, 119.6875, 136.625, 41.4375, 153.0, 77.3125, 150.75, 49.25], [122.1875, 182.875, 145.75, 92.6875, 149.0, 25.625, 243.0, 81.125, 170.125, 141.625, 153.625, 59.09375, 64.5, 131.875, 238.25, 109.8125, 236.125, 198.125, 125.9375, 139.75, 171.0, 122.1875, 151.0, 54.125, 86.875, 130.125, 61.3125, 0.0, 141.5, 59.03125, 97.8125, 84.9375, 183.75, 162.625, 134.75, 151.0, 87.125, 116.4375, 168.875, 138.5, 87.6875, 164.125, 228.5, 186.375, 175.125, 215.125, 152.25, 96.8125, 236.5, 117.25, 193.375, 160.125, 139.0, 87.8125, 126.375, 133.5, 92.375, 68.6875, 21.59375, 215.625, 29.828125, 144.875, 149.125, 220.75, 149.75, 50.09375, 157.5, 127.5625, 188.875, 217.0, 121.625, 164.125, 116.5, 211.625, 173.375, 194.375, 98.8125, 208.625, 135.25, 162.125, 13.0390625], [109.625, 165.125, 32.0625, 89.0625, 193.75, 165.0, 183.0, 153.375, 134.125, 1.0, 179.125, 170.25, 87.3125, 114.5625, 159.25, 33.96875, 181.125, 134.125, 159.125, 78.9375, 213.875, 192.0, 16.40625, 121.4375, 56.3125, 80.625, 86.0, 141.5, 0.0, 137.875, 98.875, 98.25, 139.75, 103.8125, 130.375, 63.78125, 98.5, 43.1875, 222.0, 180.375, 78.75, 23.53125, 148.0, 216.625, 219.5, 182.5, 50.03125, 108.25, 180.0, 161.875, 155.5, 199.625, 25.96875, 105.375, 15.1328125, 35.34375, 49.15625, 75.3125, 146.25, 142.375, 118.1875, 205.125, 10.0, 170.75, 13.0390625, 91.4375, 143.625, 128.0, 72.9375, 153.0, 95.0, 211.5, 25.015625, 117.625, 118.4375, 114.1875, 44.5625, 136.125, 80.0625, 210.75, 128.5], [73.8125, 126.75, 128.75, 57.21875, 91.25, 60.21875, 191.625, 24.046875, 118.875, 137.625, 94.5625, 35.21875, 51.96875, 82.1875, 192.25, 104.1875, 184.0, 151.25, 66.9375, 103.5625, 113.75, 68.9375, 151.875, 17.203125, 84.125, 93.125, 55.8125, 59.03125, 137.875, 0.0, 55.375, 46.28125, 133.0, 119.4375, 80.75, 121.1875, 47.53125, 99.4375, 113.5, 80.0, 61.53125, 161.25, 183.625, 128.0, 118.25, 159.75, 128.0, 49.65625, 184.625, 58.3125, 140.25, 102.0625, 124.75, 43.6875, 124.625, 115.875, 95.1875, 67.4375, 40.3125, 169.75, 40.8125, 90.125, 147.5, 168.5, 141.375, 67.4375, 102.625, 73.5625, 162.25, 168.375, 78.9375, 107.375, 115.0625, 172.875, 127.0, 153.0, 94.4375, 163.125, 98.5, 105.5625, 57.03125], [25.625, 92.25, 80.75, 11.703125, 96.0625, 109.375, 145.625, 60.40625, 73.375, 98.25, 85.0, 90.25, 42.75, 35.46875, 140.875, 69.6875, 139.125, 100.4375, 61.40625, 48.28125, 117.3125, 93.625, 114.875, 46.875, 59.8125, 37.84375, 49.65625, 97.8125, 98.875, 55.375, 0.0, 13.0390625, 86.625, 65.8125, 44.0, 67.0, 10.8203125, 55.8125, 124.0625, 82.4375, 25.296875, 120.375, 131.375, 123.5, 122.875, 121.75, 75.9375, 9.4375, 139.25, 63.03125, 97.5625, 103.1875, 79.1875, 11.703125, 89.125, 68.875, 71.6875, 55.03125, 87.0, 118.1875, 68.625, 106.3125, 108.875, 124.0625, 98.25, 72.375, 65.75, 38.125, 108.0625, 119.1875, 24.40625, 114.0, 81.6875, 118.0625, 75.6875, 98.8125, 64.125, 111.1875, 43.1875, 113.0625, 89.0625], [38.46875, 104.375, 84.1875, 11.0, 101.0, 97.375, 158.625, 55.96875, 86.375, 97.75, 92.625, 81.5, 31.015625, 48.34375, 153.5, 66.6875, 152.125, 113.1875, 67.0625, 58.3125, 123.0625, 94.0, 113.75, 35.34375, 53.0, 47.9375, 38.0, 84.9375, 98.25, 46.28125, 13.0390625, 0.0, 99.625, 78.125, 55.59375, 74.9375, 2.236328125, 56.46875, 128.5, 87.4375, 19.84375, 120.75, 143.875, 131.0, 128.5, 134.375, 82.0, 16.03125, 152.375, 66.375, 110.5, 109.125, 81.25, 8.0625, 87.0, 71.5625, 65.1875, 44.90625, 74.875, 130.875, 55.59375, 109.0625, 108.25, 137.0, 99.375, 60.40625, 77.875, 49.15625, 116.0, 132.125, 36.78125, 119.0625, 78.625, 129.375, 88.4375, 110.6875, 59.46875, 123.8125, 53.3125, 117.875, 76.0], [61.625, 34.46875, 108.25, 94.375, 105.0, 192.375, 59.1875, 124.5625, 14.2109375, 138.75, 81.0625, 162.875, 127.5625, 52.0, 62.625, 128.0, 52.46875, 25.078125, 85.75, 63.03125, 113.375, 128.875, 154.75, 130.625, 132.25, 66.5, 133.875, 183.75, 139.75, 133.0, 86.625, 99.625, 0.0, 35.90625, 53.25, 76.25, 97.4375, 107.0, 127.5625, 97.5, 104.75, 151.375, 56.875, 104.1875, 118.125, 42.75, 91.0625, 87.0, 52.6875, 97.4375, 15.8125, 102.6875, 113.75, 96.0, 139.0, 105.375, 141.0, 136.0, 170.625, 42.4375, 155.0, 125.0625, 147.5, 37.5625, 131.0, 156.5, 36.125, 60.0, 94.1875, 36.25, 65.0, 116.125, 137.125, 64.875, 21.546875, 44.78125, 129.5, 38.0, 64.0625, 116.8125, 175.625], [46.5, 64.375, 72.4375, 70.0, 118.625, 175.25, 86.625, 117.4375, 32.1875, 102.8125, 96.75, 152.875, 101.375, 40.4375, 75.75, 93.4375, 82.25, 37.125, 90.5625, 28.640625, 132.375, 134.25, 118.9375, 112.625, 100.25, 34.875, 107.0625, 162.625, 103.8125, 119.4375, 65.8125, 78.125, 35.90625, 0.0, 52.25, 40.5, 76.0625, 72.4375, 144.875, 107.9375, 77.4375, 115.9375, 65.8125, 127.875, 137.75, 78.625, 55.53125, 69.8125, 81.75, 100.0625, 51.65625, 119.625, 77.875, 77.125, 103.375, 69.5625, 107.9375, 106.9375, 152.75, 53.25, 132.875, 136.625, 111.6875, 69.4375, 95.1875, 128.75, 50.25, 56.0, 65.1875, 57.28125, 41.40625, 133.125, 102.0, 54.5625, 15.0, 33.625, 96.125, 46.09375, 31.015625, 133.375, 152.875], [21.546875, 49.03125, 104.625, 55.09375, 68.4375, 140.75, 111.0625, 71.375, 39.125, 129.625, 49.59375, 109.625, 86.5, 16.28125, 114.9375, 107.0, 103.25, 74.4375, 38.3125, 56.625, 85.4375, 82.0625, 146.875, 80.625, 102.0, 50.90625, 93.4375, 134.75, 130.375, 80.75, 44.0, 55.59375, 53.25, 52.25, 0.0, 78.75, 53.46875, 88.6875, 96.0625, 56.65625, 68.375, 148.75, 107.6875, 86.1875, 91.0625, 80.5, 92.8125, 40.03125, 103.9375, 48.03125, 59.5625, 71.625, 106.375, 49.46875, 124.0625, 95.875, 113.25, 99.0, 119.625, 93.25, 107.5625, 85.0625, 140.0, 87.75, 126.125, 116.0, 22.84375, 7.2109375, 114.25, 89.375, 35.5, 84.625, 118.5625, 105.3125, 52.9375, 83.375, 104.0625, 87.3125, 53.25, 84.375, 128.0], [62.40625, 103.9375, 32.0, 64.125, 147.0, 168.5, 120.8125, 127.125, 72.0, 62.8125, 128.0, 156.375, 86.4375, 62.78125, 101.0, 59.625, 118.125, 71.0625, 114.5625, 22.359375, 164.0, 155.0, 78.5625, 109.375, 73.25, 30.8125, 90.125, 151.0, 63.78125, 121.1875, 67.0, 74.9375, 76.25, 40.5, 78.75, 0.0, 73.6875, 40.5, 174.75, 134.625, 64.0625, 75.5625, 89.6875, 162.75, 169.625, 118.875, 15.265625, 75.125, 117.1875, 121.125, 92.0625, 150.375, 38.125, 78.1875, 65.1875, 31.40625, 77.5, 85.8125, 146.375, 81.5, 121.625, 162.375, 71.3125, 107.1875, 54.71875, 108.375, 85.6875, 79.1875, 41.125, 90.5625, 48.75, 163.375, 65.75, 64.1875, 54.8125, 53.75, 65.5, 74.75, 26.578125, 163.125, 139.25], [36.25, 102.1875, 83.6875, 10.1953125, 99.875, 99.3125, 156.375, 56.3125, 84.125, 97.9375, 91.0625, 82.75, 33.0625, 46.09375, 151.375, 67.25, 149.875, 111.0625, 65.75, 56.65625, 121.8125, 93.625, 114.0625, 37.125, 54.21875, 46.25, 40.0625, 87.125, 98.5, 47.53125, 10.8203125, 2.236328125, 97.4375, 76.0625, 53.46875, 73.6875, 0.0, 56.375, 127.4375, 86.3125, 20.515625, 120.8125, 141.75, 129.5, 127.25, 132.25, 81.0625, 14.140625, 150.125, 65.4375, 108.25, 107.8125, 81.0, 7.0703125, 87.4375, 71.1875, 66.375, 46.6875, 76.875, 128.75, 57.8125, 108.25, 108.4375, 134.875, 99.3125, 62.5, 75.6875, 47.09375, 114.75, 130.0, 34.71875, 117.875, 79.25, 127.5625, 86.3125, 108.75, 60.3125, 121.6875, 51.625, 116.75, 78.25], [67.4375, 127.5625, 30.15625, 46.53125, 150.625, 136.75, 158.125, 112.375, 98.625, 42.53125, 136.625, 133.625, 53.75, 73.375, 141.0, 21.03125, 154.375, 107.9375, 115.9375, 44.03125, 171.0, 149.25, 59.40625, 84.3125, 33.25, 41.78125, 55.375, 116.4375, 43.1875, 99.4375, 55.8125, 56.46875, 107.0, 72.4375, 88.6875, 40.5, 56.375, 0.0, 178.875, 137.125, 38.09375, 64.6875, 129.75, 174.5, 176.625, 149.25, 36.625, 65.1875, 153.75, 118.6875, 122.125, 156.75, 25.3125, 63.0625, 35.34375, 17.265625, 37.125, 48.3125, 115.75, 120.5625, 88.75, 162.0, 53.15625, 141.875, 42.96875, 70.1875, 104.0625, 85.6875, 73.0625, 128.0, 53.25, 168.375, 30.8125, 104.625, 87.375, 93.5, 25.0625, 113.5625, 43.09375, 167.625, 104.0], [114.0, 96.0625, 199.25, 135.125, 28.3125, 159.125, 164.25, 89.5, 118.625, 221.375, 48.09375, 114.1875, 154.375, 112.0625, 185.0, 193.75, 155.0, 152.625, 62.9375, 152.5, 15.296875, 47.0, 238.25, 127.125, 181.375, 146.0, 160.5, 168.875, 222.0, 113.5, 124.0625, 128.5, 127.5625, 144.875, 96.0625, 174.75, 127.4375, 178.875, 0.0, 41.71875, 147.75, 242.25, 182.25, 34.125, 13.0390625, 120.0625, 188.625, 115.125, 156.875, 62.125, 121.125, 25.296875, 199.875, 120.4375, 213.125, 189.25, 193.625, 170.5, 147.5, 168.625, 154.25, 24.015625, 232.0, 142.75, 219.625, 178.125, 95.5, 96.0, 209.375, 158.0, 128.875, 11.703125, 205.75, 191.625, 139.875, 170.25, 187.625, 165.25, 149.0, 11.6640625, 169.625], [72.9375, 72.25, 158.0, 93.625, 13.6015625, 133.875, 144.75, 57.5625, 86.0, 179.625, 20.609375, 91.375, 114.75, 72.0, 159.0, 152.125, 135.625, 122.25, 21.21875, 112.3125, 35.84375, 33.625, 196.625, 90.9375, 140.5, 105.125, 121.25, 138.5, 180.375, 80.0, 82.4375, 87.4375, 97.5, 107.9375, 56.65625, 134.625, 86.3125, 137.125, 41.71875, 0.0, 106.5, 200.625, 154.25, 48.0, 41.15625, 103.0625, 148.0, 73.625, 137.125, 22.5625, 95.3125, 22.5625, 158.375, 79.375, 171.375, 147.75, 152.625, 130.625, 118.25, 139.875, 119.5, 28.640625, 190.25, 121.25, 178.125, 140.25, 62.0, 55.46875, 170.875, 131.75, 87.6875, 31.625, 164.125, 158.5, 105.5, 136.5, 146.25, 135.375, 108.4375, 30.609375, 137.0], [48.0, 115.1875, 67.25, 13.6015625, 120.125, 104.375, 162.375, 74.75, 92.75, 78.3125, 110.1875, 96.0625, 24.078125, 57.21875, 152.875, 46.875, 156.625, 114.25, 85.75, 52.40625, 141.875, 113.875, 94.0625, 47.03125, 34.53125, 43.1875, 29.6875, 87.6875, 78.75, 61.53125, 25.296875, 19.84375, 104.75, 77.4375, 68.375, 64.0625, 20.515625, 38.09375, 147.75, 106.5, 0.0, 101.5625, 142.5, 148.625, 147.375, 143.0, 68.0625, 33.125, 156.625, 85.9375, 117.4375, 127.75, 63.34375, 27.59375, 67.1875, 54.34375, 46.53125, 31.578125, 82.25, 130.625, 57.96875, 128.75, 88.6875, 142.25, 80.625, 51.90625, 89.0, 62.96875, 103.875, 134.125, 39.84375, 138.125, 58.78125, 124.0, 90.0625, 107.5, 39.8125, 123.375, 48.09375, 137.0, 76.6875], [128.75, 179.375, 44.65625, 111.125, 213.875, 188.0, 189.0, 176.25, 147.625, 23.765625, 198.125, 193.75, 110.875, 132.5, 162.0, 57.5, 188.125, 142.25, 179.5, 94.3125, 233.375, 213.875, 15.265625, 144.875, 79.75, 97.9375, 109.5, 164.125, 23.53125, 161.25, 120.375, 120.75, 151.375, 115.9375, 148.75, 75.5625, 120.8125, 64.6875, 242.25, 200.625, 101.5625, 0.0, 151.0, 234.875, 239.0, 193.5, 60.40625, 129.75, 186.875, 183.0, 167.125, 219.25, 42.4375, 127.625, 38.125, 53.03125, 72.0, 98.75, 169.625, 147.625, 141.5, 226.25, 15.03125, 179.25, 22.625, 114.0625, 159.75, 147.125, 71.4375, 159.625, 113.875, 231.375, 48.15625, 119.125, 129.75, 120.0625, 68.0625, 142.0, 96.375, 230.75, 151.125], [109.8125, 86.3125, 116.9375, 135.75, 161.25, 240.625, 42.0625, 178.5, 69.625, 147.0, 137.125, 215.75, 166.625, 101.6875, 11.3984375, 149.25, 45.46875, 33.25, 142.375, 90.8125, 167.5, 185.75, 159.625, 178.0, 161.25, 99.375, 172.0, 228.5, 148.0, 183.625, 131.375, 143.875, 56.875, 65.8125, 107.6875, 89.6875, 141.75, 129.75, 182.25, 154.25, 142.5, 151.0, 0.0, 155.5, 171.875, 71.5625, 99.4375, 134.625, 43.40625, 153.875, 61.21875, 158.0, 124.9375, 142.375, 153.0, 120.5, 166.875, 170.625, 218.375, 14.5625, 198.75, 181.5, 152.875, 46.65625, 136.125, 193.0, 92.9375, 113.75, 80.3125, 25.0, 107.0625, 171.125, 155.0, 32.375, 56.59375, 36.25, 154.75, 20.59375, 94.625, 172.0, 218.5], [107.0625, 70.1875, 190.5, 135.125, 37.84375, 180.625, 133.25, 105.3125, 98.0, 215.75, 38.46875, 136.875, 160.125, 102.3125, 156.875, 191.75, 124.1875, 128.375, 64.75, 141.375, 20.515625, 71.1875, 233.0, 138.625, 183.125, 136.875, 166.875, 186.375, 216.625, 128.0, 123.5, 131.0, 104.1875, 127.875, 86.1875, 162.75, 129.5, 174.5, 34.125, 48.0, 148.625, 234.875, 155.5, 0.0, 21.09375, 89.0625, 177.5, 115.6875, 126.125, 70.1875, 94.8125, 26.46875, 192.625, 123.0625, 209.75, 182.125, 195.125, 175.5, 165.875, 142.625, 167.375, 50.46875, 226.25, 113.0625, 212.25, 186.875, 77.8125, 88.75, 193.0, 130.75, 121.625, 28.421875, 203.625, 169.0, 119.9375, 148.625, 187.375, 140.25, 138.75, 30.609375, 185.0], [110.3125, 85.5625, 195.375, 134.25, 27.859375, 167.0, 152.375, 94.5, 110.0625, 218.75, 41.625, 122.3125, 155.875, 107.3125, 174.125, 192.375, 143.125, 143.0, 61.59375, 147.625, 5.65625, 55.09375, 235.875, 130.75, 181.5, 141.75, 162.25, 175.125, 219.5, 118.25, 122.875, 128.5, 118.125, 137.75, 91.0625, 169.625, 127.25, 176.625, 13.0390625, 41.15625, 147.375, 239.0, 171.875, 21.09375, 0.0, 108.0625, 183.875, 114.25, 145.0, 63.3125, 110.625, 19.84375, 196.625, 120.4375, 211.25, 186.0, 193.625, 171.875, 154.0, 158.375, 158.625, 32.5625, 229.375, 131.125, 216.375, 180.875, 87.75, 91.9375, 202.75, 147.375, 125.1875, 11.0, 204.375, 182.75, 131.625, 161.625, 186.875, 155.375, 144.25, 13.0390625, 175.0], [96.1875, 33.3125, 150.875, 131.25, 105.3125, 220.0, 44.28125, 145.875, 51.09375, 181.5, 82.75, 184.75, 164.25, 86.375, 70.1875, 170.125, 35.125, 55.0, 99.8125, 105.5, 104.75, 136.75, 197.375, 161.0, 172.75, 108.0, 171.0, 215.125, 182.5, 159.75, 121.75, 134.375, 42.75, 78.625, 80.5, 118.875, 132.25, 149.25, 120.0625, 103.0625, 143.0, 193.5, 71.5625, 89.0625, 108.0625, 0.0, 133.5, 119.75, 37.0625, 111.9375, 27.171875, 98.6875, 156.5, 129.25, 181.75, 148.125, 182.25, 174.5, 199.5, 61.625, 188.0, 125.6875, 190.125, 25.296875, 173.5, 193.875, 57.71875, 87.6875, 132.625, 47.15625, 103.4375, 110.125, 179.625, 94.125, 64.0, 79.375, 171.0, 62.28125, 106.125, 111.5625, 208.5], [75.1875, 119.1875, 18.0, 71.0, 160.625, 171.375, 133.125, 136.375, 87.25, 49.03125, 142.25, 163.25, 88.25, 76.625, 110.875, 52.1875, 131.0, 84.125, 127.5625, 36.25, 178.25, 166.75, 64.125, 114.875, 69.6875, 42.9375, 90.875, 152.25, 50.03125, 128.0, 75.9375, 82.0, 91.0625, 55.53125, 92.8125, 15.265625, 81.0625, 36.625, 188.625, 148.0, 68.0625, 60.40625, 99.4375, 177.5, 183.875, 133.5, 0.0, 84.75, 130.0, 133.375, 106.875, 164.375, 25.5, 86.375, 53.59375, 22.203125, 71.5625, 84.75, 149.75, 92.75, 123.6875, 175.375, 56.875, 120.8125, 40.03125, 106.75, 100.75, 92.625, 36.6875, 103.0, 60.84375, 177.25, 55.9375, 71.125, 69.5625, 64.625, 60.09375, 86.375, 39.65625, 177.0, 140.0], [25.5, 89.0, 90.0625, 20.0, 87.1875, 106.3125, 146.25, 52.03125, 73.25, 107.625, 77.25, 83.8125, 47.0, 35.0, 143.625, 78.625, 139.25, 102.8125, 52.6875, 55.3125, 108.75, 84.25, 124.1875, 43.84375, 67.5625, 45.09375, 54.0, 96.8125, 108.25, 49.65625, 9.4375, 16.03125, 87.0, 69.8125, 40.03125, 75.125, 14.140625, 65.1875, 115.125, 73.625, 33.125, 129.75, 134.625, 115.6875, 114.25, 119.75, 84.75, 0.0, 139.625, 53.75, 96.75, 94.6875, 88.5625, 9.484375, 98.3125, 78.25, 79.625, 60.8125, 84.1875, 121.0625, 68.5, 97.0, 118.25, 124.0, 107.6875, 76.25, 62.65625, 33.375, 116.0, 120.9375, 29.40625, 105.1875, 90.6875, 123.3125, 78.25, 103.3125, 72.6875, 114.1875, 50.25, 104.1875, 89.0625], [114.3125, 64.875, 148.0, 146.75, 140.75, 244.375, 7.6171875, 174.0, 66.375, 179.0, 117.375, 212.75, 179.75, 104.625, 37.8125, 174.625, 2.236328125, 46.1875, 130.75, 110.375, 141.625, 170.5, 193.375, 183.0, 181.875, 116.0625, 186.0, 236.5, 180.0, 184.625, 139.25, 152.375, 52.6875, 81.75, 103.9375, 117.1875, 150.125, 153.75, 156.875, 137.125, 156.625, 186.875, 43.40625, 126.125, 145.0, 37.0625, 130.0, 139.625, 0.0, 142.875, 44.6875, 134.875, 155.0, 148.75, 182.375, 148.5, 189.625, 187.375, 222.875, 40.15625, 207.75, 161.25, 186.375, 16.40625, 169.25, 208.5, 83.125, 111.0625, 118.9375, 27.171875, 117.1875, 146.75, 182.375, 73.375, 67.375, 66.75, 177.75, 44.90625, 112.625, 148.125, 228.25], [58.8125, 79.0, 141.625, 73.5625, 35.46875, 114.5625, 150.375, 37.34375, 84.1875, 161.25, 36.6875, 74.3125, 92.625, 60.65625, 160.0, 132.25, 141.75, 120.8125, 12.203125, 99.0, 58.1875, 34.375, 177.875, 68.5, 119.25, 90.625, 99.0, 117.25, 161.875, 58.3125, 63.03125, 66.375, 97.4375, 100.0625, 48.03125, 121.125, 65.4375, 118.6875, 62.125, 22.5625, 85.9375, 183.0, 153.875, 70.1875, 63.3125, 111.9375, 133.375, 53.75, 142.875, 0.0, 98.875, 45.125, 141.125, 58.40625, 152.0, 130.625, 131.5, 108.6875, 97.5, 139.25, 97.1875, 43.28125, 171.875, 126.5625, 160.625, 117.75, 61.46875, 44.1875, 159.625, 133.375, 72.625, 53.21875, 144.25, 153.375, 100.6875, 131.375, 125.75, 133.875, 94.5625, 51.875, 115.0625], [72.0, 25.078125, 124.0625, 106.3125, 101.0, 200.25, 52.0, 129.375, 24.734375, 154.5, 76.9375, 168.125, 139.5, 62.15625, 64.25, 143.0, 43.875, 34.46875, 86.75, 78.3125, 106.3125, 128.125, 170.625, 139.5, 146.25, 81.0625, 146.125, 193.375, 155.5, 140.25, 97.5625, 110.5, 15.8125, 51.65625, 59.5625, 92.0625, 108.25, 122.125, 121.125, 95.3125, 117.4375, 167.125, 61.21875, 94.8125, 110.625, 27.171875, 106.875, 96.75, 44.6875, 98.875, 0.0, 97.0625, 129.5, 106.0625, 154.625, 121.0, 155.5, 148.875, 179.0, 47.84375, 165.25, 121.5, 163.375, 28.3125, 146.75, 168.875, 38.40625, 66.6875, 108.875, 37.0625, 77.625, 110.0, 152.5, 75.6875, 37.34375, 57.5, 144.125, 45.53125, 79.0, 111.0, 185.75], [90.5625, 72.1875, 175.75, 114.5625, 11.3984375, 154.125, 142.375, 79.0625, 93.375, 198.875, 22.84375, 110.4375, 137.0, 87.8125, 161.25, 172.625, 133.125, 127.75, 42.0625, 128.25, 14.2109375, 45.78125, 216.0, 113.4375, 162.0, 122.125, 143.625, 160.125, 199.625, 102.0625, 103.1875, 109.125, 102.6875, 119.625, 71.625, 150.375, 107.8125, 156.75, 25.296875, 22.5625, 127.75, 219.25, 158.0, 26.46875, 19.84375, 98.6875, 164.375, 94.6875, 134.875, 45.125, 97.0625, 0.0, 176.75, 101.0625, 191.5, 166.125, 174.125, 152.875, 139.5, 144.125, 141.875, 28.015625, 209.5, 120.0625, 196.625, 162.75, 70.1875, 72.25, 184.25, 134.125, 105.4375, 13.6015625, 184.625, 166.5, 114.5625, 145.0, 167.25, 140.5, 124.8125, 14.140625, 159.125], [86.25, 139.375, 8.6015625, 70.9375, 171.625, 160.5, 158.375, 137.25, 108.1875, 25.0, 155.625, 158.875, 78.1875, 90.25, 136.25, 31.0625, 156.0, 109.0, 137.25, 53.21875, 190.875, 172.75, 41.625, 109.5625, 52.5625, 55.8125, 78.9375, 139.0, 25.96875, 124.75, 79.1875, 81.25, 113.75, 77.875, 106.375, 38.125, 81.0, 25.3125, 199.875, 158.375, 63.34375, 42.4375, 124.9375, 192.625, 196.625, 156.5, 25.5, 88.5625, 155.0, 141.125, 129.5, 176.75, 0.0, 87.4375, 28.15625, 10.6328125, 51.03125, 70.3125, 139.875, 118.25, 112.4375, 184.25, 34.4375, 145.25, 19.796875, 90.625, 118.3125, 104.6875, 55.90625, 128.25, 71.4375, 189.0, 31.625, 96.0, 92.5625, 90.125, 41.15625, 111.75, 54.71875, 188.375, 126.25], [34.40625, 98.5, 89.875, 16.546875, 92.9375, 98.25, 155.25, 50.21875, 82.375, 104.875, 84.75, 78.625, 38.125, 44.09375, 151.75, 74.3125, 148.375, 111.0625, 59.03125, 59.90625, 115.0, 86.625, 121.0, 35.59375, 61.0625, 49.46875, 45.09375, 87.8125, 105.375, 43.6875, 11.703125, 8.0625, 96.0, 77.125, 49.46875, 78.1875, 7.0703125, 63.0625, 120.4375, 79.375, 27.59375, 127.625, 142.375, 123.0625, 120.4375, 129.25, 86.375, 9.484375, 148.75, 58.40625, 106.0625, 101.0625, 87.4375, 0.0, 94.5, 77.5, 73.25, 52.625, 75.9375, 129.125, 59.15625, 101.1875, 115.375, 133.125, 106.0, 67.0625, 72.125, 42.75, 119.25, 129.5, 35.84375, 111.0, 86.3125, 129.75, 86.375, 110.25, 67.375, 122.125, 54.8125, 109.8125, 79.75], [102.75, 162.0, 36.40625, 78.5625, 185.0, 150.0, 186.0, 141.125, 132.0, 15.296875, 171.75, 156.375, 73.375, 108.6875, 164.5, 20.59375, 183.25, 136.25, 150.25, 76.5, 205.625, 181.0, 27.3125, 107.9375, 41.78125, 76.1875, 71.5625, 126.375, 15.1328125, 124.625, 89.125, 87.0, 139.0, 103.375, 124.0625, 65.1875, 87.4375, 35.34375, 213.125, 171.375, 67.1875, 38.125, 153.0, 209.75, 211.25, 181.75, 53.59375, 98.3125, 182.375, 152.0, 154.625, 191.5, 28.15625, 94.5, 0.0, 34.0, 34.0625, 60.65625, 131.5, 146.125, 103.375, 195.25, 23.34375, 172.0, 25.546875, 76.3125, 139.125, 120.9375, 82.125, 155.75, 88.5625, 202.875, 10.046875, 124.0625, 118.3125, 118.0625, 30.359375, 139.625, 76.625, 202.0, 113.375], [75.6875, 129.75, 13.0, 61.03125, 161.0, 154.0, 152.25, 127.5, 99.0625, 34.4375, 145.125, 150.375, 71.0, 79.8125, 131.875, 30.0, 149.375, 102.3125, 126.6875, 43.65625, 180.375, 162.375, 51.46875, 101.0625, 48.5625, 45.5, 72.5625, 133.5, 35.34375, 115.875, 68.875, 71.5625, 105.375, 69.5625, 95.875, 31.40625, 71.1875, 17.265625, 189.25, 147.75, 54.34375, 53.03125, 120.5, 182.125, 186.0, 148.125, 22.203125, 78.25, 148.5, 130.625, 121.0, 166.125, 10.6328125, 77.5, 34.0, 0.0, 49.53125, 65.0, 133.0, 112.8125, 106.0, 173.625, 44.40625, 138.0, 30.40625, 86.375, 108.3125, 94.0625, 57.1875, 121.9375, 60.8125, 178.375, 34.46875, 93.0625, 84.5, 84.875, 38.28125, 106.125, 44.71875, 177.75, 120.875], [92.0, 157.5, 59.1875, 60.0, 166.25, 116.0, 194.375, 114.3125, 131.125, 49.25, 156.625, 124.8125, 43.28125, 100.125, 178.0, 20.0, 190.125, 144.25, 132.125, 79.3125, 188.125, 157.0, 59.6875, 78.0625, 12.203125, 74.5625, 39.8125, 92.375, 49.15625, 95.1875, 71.6875, 65.1875, 141.0, 107.9375, 113.25, 77.5, 66.375, 37.125, 193.625, 152.625, 46.53125, 72.0, 166.875, 195.125, 193.625, 182.25, 71.5625, 79.625, 189.625, 131.5, 155.5, 174.125, 51.03125, 73.25, 34.0625, 49.53125, 0.0, 28.234375, 97.875, 157.5, 69.875, 173.625, 57.03125, 177.125, 57.96875, 42.28125, 132.25, 108.5, 106.3125, 164.5, 80.375, 184.25, 24.1875, 141.5, 122.5625, 130.625, 12.0859375, 150.375, 77.25, 183.125, 79.3125], [79.3125, 146.625, 77.1875, 44.03125, 144.0, 90.5625, 192.875, 87.6875, 124.1875, 75.25, 137.375, 96.5625, 16.40625, 88.6875, 181.375, 42.0, 187.5, 144.0, 111.0625, 79.875, 166.5, 131.5, 87.3125, 50.21875, 19.03125, 72.0625, 11.6640625, 68.6875, 75.3125, 67.4375, 55.03125, 44.90625, 136.0, 106.9375, 99.0, 85.8125, 46.6875, 48.3125, 170.5, 130.625, 31.578125, 98.75, 170.625, 175.5, 171.875, 174.5, 84.