{"name": "LZB_n80_1", "n": 80, "m": 10, "times": [[0.0, 82.0625, 40.0625, 30.359375, 38.84375, 102.3125, 110.625, 95.75, 35.84375, 39.28125, 26.078125, 65.75, 50.5, 57.6875, 65.8125, 81.125, 103.75, 36.90625, 23.015625, 101.25, 99.375, 59.6875, 92.9375, 72.6875, 80.625, 89.0625, 30.015625, 117.9375, 74.9375, 83.4375, 57.03125, 94.5, 110.3125, 98.75, 75.5, 75.4375, 69.625, 34.78125, 59.0, 89.375, 66.25, 62.28125, 85.4375, 37.53125, 100.6875, 73.1875, 78.9375, 124.5, 104.625, 108.4375, 76.9375, 54.21875, 24.203125, 91.9375, 62.4375, 88.875, 75.1875, 35.46875, 62.15625, 60.9375, 86.6875, 40.4375, 85.5, 21.59375, 52.0, 96.8125, 79.0625, 118.125, 43.84375, 48.875, 87.0, 75.0, 90.5, 65.4375, 96.0625, 58.59375, 19.03125, 128.75, 36.125, 81.8125, 99.9375], [82.0625, 0.0, 113.625, 74.125, 70.3125, 139.25, 192.625, 31.3125, 96.625, 72.25, 90.5625, 20.609375, 120.4375, 88.8125, 105.0625, 56.09375, 184.25, 97.875, 88.5, 82.375, 40.3125, 140.5, 109.3125, 18.109375, 79.375, 22.203125, 106.5625, 152.25, 125.1875, 126.125, 58.0625, 142.25, 135.25, 45.46875, 137.625, 157.125, 125.9375, 114.625, 131.5, 170.625, 92.0, 50.03125, 12.203125, 89.5, 84.375, 131.25, 135.5, 158.5, 145.125, 142.75, 92.375, 90.625, 106.1875, 122.0625, 21.9375, 9.0, 138.375, 46.65625, 137.375, 120.3125, 57.46875, 67.9375, 75.875, 101.375, 133.75, 174.125, 152.625, 200.125, 125.875, 83.0, 141.5, 83.625, 144.375, 35.0625, 45.96875, 106.0, 96.6875, 210.75, 45.96875, 12.0390625, 155.625], [40.0625, 113.625, 0.0, 41.125, 48.15625, 74.125, 86.0625, 118.8125, 66.75, 46.875, 59.09375, 100.875, 11.1796875, 94.3125, 98.625, 121.0, 91.25, 20.125, 57.0, 141.125, 119.6875, 53.75, 128.875, 108.1875, 80.625, 124.9375, 10.4375, 89.0625, 44.09375, 55.46875, 97.0625, 61.5625, 142.5, 137.25, 93.8125, 61.40625, 93.375, 14.765625, 19.109375, 60.8125, 56.5625, 102.0625, 119.625, 30.015625, 101.9375, 37.53125, 43.28125, 95.0, 74.1875, 80.75, 114.5, 90.0625, 27.015625, 124.25, 97.125, 121.625, 36.6875, 70.1875, 68.9375, 27.203125, 98.25, 51.0, 125.3125, 20.25, 43.75, 60.40625, 84.4375, 95.3125, 34.21875, 86.3125, 108.6875, 113.75, 54.8125, 103.75, 134.75, 89.5625, 44.28125, 105.3125, 70.5, 110.125, 62.78125], [30.359375, 74.125, 41.125, 0.0, 9.0546875, 78.6875, 125.8125, 77.8125, 65.8125, 9.0546875, 55.9375, 64.375, 46.53125, 83.5, 94.0625, 93.4375, 125.6875, 23.765625, 52.8125, 117.9375, 79.0, 83.0, 118.125, 71.5625, 50.5, 88.125, 36.625, 94.0, 55.90625, 61.09375, 72.9375, 75.1875, 137.875, 104.0, 105.75, 95.875, 99.9375, 46.65625, 57.8125, 101.3125, 37.0, 74.625, 81.5, 16.03125, 71.0625, 59.03125, 64.0, 100.75, 82.4375, 84.25, 100.75, 80.9375, 45.125, 119.8125, 60.40625, 82.5625, 64.9375, 36.5, 90.0625, 47.25, 60.40625, 11.3984375, 103.3125, 36.0625, 73.6875, 100.9375, 107.0625, 134.5, 63.90625, 74.25, 117.3125, 96.8125, 74.3125, 71.4375, 102.125, 87.8125, 48.65625, 144.875, 36.34375, 69.4375, 85.125], [38.84375, 70.3125, 48.15625, 9.0546875, 0.0, 75.9375, 133.75, 70.9375, 73.75, 2.0, 63.90625, 63.03125, 52.1875, 89.625, 101.0, 95.25, 134.5, 29.203125, 60.75, 120.75, 71.5, 91.9375, 123.8125, 70.0, 41.78125, 86.125, 44.78125, 90.875, 56.0, 59.4375, 76.3125, 74.5625, 144.375, 103.5625, 114.3125, 104.5625, 108.1875, 55.0, 63.59375, 108.875, 31.234375, 76.9375, 78.75, 19.71875, 62.125, 61.0, 65.5, 97.5625, 80.375, 81.0, 106.0625, 87.4375, 54.125, 126.5, 59.03125, 79.0625, 68.0, 38.09375, 99.0625, 50.0, 51.625, 2.828125, 106.6875, 44.9375, 82.5625, 107.0, 116.125, 142.625, 72.75, 80.4375, 125.5625, 101.5625, 75.0, 72.0625, 101.9375, 95.25, 57.4375, 152.875, 37.6875, 64.5, 86.0625], [102.3125, 139.25, 74.125, 78.6875, 75.9375, 0.0, 137.125, 126.4375, 136.5, 74.125, 127.375, 137.125, 64.875, 159.75, 167.75, 171.25, 154.875, 65.8125, 124.5625, 196.5, 121.8125, 125.5625, 195.0, 143.5, 64.5625, 158.5, 82.1875, 15.6171875, 30.015625, 19.109375, 151.625, 18.25, 212.375, 178.125, 167.75, 128.0, 166.5, 88.8125, 68.0, 112.0625, 47.53125, 152.875, 149.875, 65.4375, 75.5625, 39.5625, 35.5, 22.203125, 7.2109375, 6.70703125, 178.375, 156.5, 100.0, 193.875, 133.25, 148.25, 47.375, 114.0, 142.75, 47.0, 92.4375, 77.1875, 182.0, 90.9375, 115.9375, 93.0625, 157.5, 147.125, 107.3125, 150.75, 182.375, 175.125, 29.28125, 147.75, 176.875, 159.75, 114.625, 154.625, 113.625, 130.0, 34.4375], [110.625, 192.625, 86.0625, 125.8125, 133.75, 137.125, 0.0, 203.125, 109.9375, 132.625, 110.0, 176.0, 86.0, 137.875, 131.25, 181.625, 33.125, 106.1875, 110.5625, 192.375, 204.75, 57.0, 162.25, 182.75, 165.625, 198.625, 89.1875, 147.125, 112.8125, 124.3125, 157.375, 119.0, 162.125, 204.5, 99.0, 39.21875, 109.25, 79.5, 76.1875, 26.25, 140.0, 165.5, 195.875, 116.125, 186.5, 100.3125, 102.5625, 150.5, 133.0, 143.0, 156.25, 132.875, 86.4375, 148.125, 172.875, 199.5, 90.6875, 146.125, 72.8125, 100.0, 184.375, 136.5, 177.125, 91.9375, 60.53125, 45.90625, 71.25, 10.046875, 67.0, 134.5, 113.4375, 160.5, 108.0, 173.125, 201.375, 121.625, 98.5, 19.234375, 146.75, 191.625, 106.5], [95.75, 31.3125, 118.8125, 77.8125, 70.9375, 126.4375, 203.125, 0.0, 118.375, 72.5, 110.75, 48.84375, 123.0625, 116.0, 132.0, 87.3125, 199.5, 100.125, 108.1875, 113.625, 9.21875, 155.375, 139.5, 48.71875, 62.1875, 52.0, 114.0, 137.25, 118.875, 116.75, 86.6875, 133.25, 165.125, 75.1875, 161.0, 170.625, 150.5, 123.5625, 134.5, 179.0, 82.25, 79.625, 42.4375, 90.4375, 60.15625, 127.4375, 130.625, 143.125, 133.0, 128.625, 122.0, 117.0625, 118.4375, 151.125, 48.25, 36.25, 136.125, 63.875, 156.125, 118.3125, 35.0625, 68.125, 107.0, 111.375, 147.375, 177.875, 172.375, 211.5, 138.375, 109.0625, 166.875, 113.5625, 137.625, 65.0, 76.1875, 131.5, 113.1875, 221.875, 62.9375, 20.609375, 148.625], [35.84375, 96.625, 66.75, 65.8125, 73.75, 136.5, 109.9375, 118.375, 0.0, 74.4375, 9.8515625, 76.5625, 77.875, 30.015625, 31.90625, 72.0625, 92.625, 70.75, 13.0, 83.375, 123.9375, 52.9375, 62.625, 81.8125, 115.125, 95.25, 56.59375, 152.0, 107.8125, 117.375, 48.59375, 126.8125, 76.1875, 96.375, 43.09375, 70.75, 34.71875, 54.78125, 83.0, 95.375, 102.0625, 57.5, 95.4375, 73.0, 134.375, 103.75, 109.5625, 158.5, 138.125, 142.875, 50.25, 25.078125, 40.3125, 57.8125, 74.6875, 100.875, 103.375, 54.75, 42.4375, 92.1875, 117.1875, 74.9375, 67.6875, 46.875, 51.0, 111.0625, 56.3125, 114.9375, 49.0, 24.734375, 52.1875, 52.15625, 121.1875, 68.125, 93.0, 23.34375, 22.46875, 125.25, 55.71875, 100.5625, 129.5], [39.28125, 72.25, 46.875, 9.0546875, 2.0, 74.125, 132.625, 72.5, 74.4375, 0.0, 64.625, 65.0, 50.59375, 90.9375, 102.0625, 97.125, 133.75, 27.65625, 61.46875, 122.5625, 72.875, 91.4375, 125.1875, 72.0, 41.4375, 88.125, 43.84375, 89.0625, 54.0, 57.5, 78.0625, 72.5625, 145.625, 105.5625, 114.75, 103.8125, 108.8125, 54.125, 62.0, 107.625, 29.734375, 78.8125, 80.75, 18.03125, 62.03125, 59.03125, 63.5, 95.75, 78.4375, 79.1875, 107.5, 88.625, 53.75, 127.625, 61.03125, 81.0, 66.125, 39.9375, 99.0, 48.09375, 52.40625, 4.47265625, 108.4375, 44.375, 82.0, 105.4375, 116.0625, 141.5, 72.125, 81.6875, 126.1875, 103.0625, 73.0, 74.0, 103.9375, 96.1875, 57.71875, 151.75, 39.5625, 66.3125, 84.125], [26.078125, 90.5625, 59.09375, 55.9375, 63.90625, 127.375, 110.0, 110.75, 9.8515625, 64.625, 0.0, 71.0, 70.25, 35.4375, 40.46875, 71.875, 95.5, 61.5625, 3.162109375, 86.1875, 115.9375, 53.53125, 69.75, 76.8125, 105.375, 91.25, 48.75, 143.0, 99.0, 108.3125, 47.4375, 118.25, 85.0625, 94.6875, 52.0, 71.375, 44.375, 48.28125, 76.25, 93.4375, 92.3125, 55.5625, 90.4375, 63.40625, 124.75, 95.5, 101.375, 149.375, 129.25, 133.625, 55.78125, 31.015625, 33.71875, 66.625, 68.8125, 95.4375, 95.75, 46.84375, 46.875, 83.75, 108.0625, 65.125, 70.25, 38.90625, 49.78125, 107.125, 62.15625, 115.75, 45.90625, 28.15625, 61.84375, 56.21875, 113.0, 64.4375, 91.4375, 32.65625, 15.296875, 126.25, 47.8125, 93.625, 121.625], [65.75, 20.609375, 100.875, 64.375, 63.03125, 137.125, 176.0, 48.84375, 76.5625, 65.0, 71.0, 0.0, 108.9375, 68.375, 84.5625, 41.21875, 165.75, 87.5, 69.1875, 68.75, 57.0, 122.3125, 90.6875, 7.28125, 83.0, 24.046875, 92.6875, 151.125, 119.0625, 121.9375, 38.0625, 137.5, 116.3125, 41.0, 117.0625, 139.375, 105.375, 99.75, 119.5625, 155.125, 89.75, 30.8125, 19.84375, 80.375, 92.625, 123.3125, 128.125, 157.75, 142.25, 141.375, 73.1875, 70.0625, 89.875, 102.375, 4.0, 24.40625, 129.25, 30.875, 117.875, 111.625, 66.625, 61.125, 59.53125, 86.375, 116.1875, 160.875, 132.75, 183.125, 109.0, 62.375, 120.8125, 64.75, 138.0, 16.546875, 39.84375, 85.375, 78.5, 193.75, 30.46875, 28.28125, 149.0], [50.5, 120.4375, 11.1796875, 46.53125, 52.1875, 64.875, 86.0, 123.0625, 77.875, 50.59375, 70.25, 108.9375, 0.0, 105.5, 109.75, 131.0, 95.125, 23.015625, 68.125, 151.75, 123.125, 61.03125, 140.0, 116.1875, 79.625, 133.0, 21.546875, 79.375, 34.9375, 46.8125, 107.375, 51.21875, 153.625, 146.375, 103.875, 66.0625, 103.9375, 24.765625, 11.3984375, 59.9375, 54.09375, 112.0, 127.125, 32.65625, 100.4375, 26.90625, 32.53125, 85.125, 64.375, 71.5625, 125.5625, 101.25, 38.0, 135.375, 105.0625, 128.75, 25.5, 78.625, 77.875, 18.03125, 99.8125, 55.0, 136.0, 31.390625, 51.25, 54.8125, 92.6875, 95.625, 42.5, 97.4375, 119.0, 124.75, 43.9375, 112.875, 144.0, 100.6875, 55.46875, 105.1875, 78.875, 116.0, 51.625], [57.6875, 88.8125, 94.3125, 83.5, 89.625, 159.75, 137.875, 116.0, 30.015625, 90.9375, 35.4375, 68.375, 105.5, 0.0, 16.28125, 48.84375, 117.25, 94.5625, 37.34375, 54.40625, 123.25, 81.25, 35.21875, 71.375, 128.125, 80.75, 83.9375, 175.375, 132.625, 141.0, 31.328125, 152.125, 54.90625, 75.4375, 53.40625, 98.75, 40.21875, 83.6875, 111.6875, 124.875, 120.4375, 40.5, 83.9375, 94.5, 145.0, 130.125, 136.0, 182.0, 162.25, 165.875, 20.390625, 5.09765625, 69.125, 37.5625, 68.0625, 90.5, 130.875, 58.875, 66.625, 118.125, 123.6875, 90.0, 39.40625, 74.125, 80.5, 141.125, 76.375, 142.125, 79.0, 9.21875, 53.5, 22.5625, 147.625, 54.8125, 71.8125, 19.84375, 50.6875, 152.125, 59.8125, 96.0625, 156.625], [65.8125, 105.0625, 98.625, 94.0625, 101.0, 167.75, 131.25, 132.0, 31.90625, 102.0625, 40.46875, 84.5625, 109.75, 16.28125, 0.0, 63.25, 107.6875, 102.0, 43.1875, 63.625, 139.125, 76.0625, 32.25, 87.6875, 140.875, 96.8125, 88.5, 183.375, 139.5, 148.75, 47.53125, 158.625, 44.59375, 90.125, 39.6875, 92.625, 26.25, 86.3125, 114.5625, 121.0, 131.0, 56.625, 100.1875, 103.3125, 158.625, 135.625, 141.5, 189.875, 169.625, 174.0, 25.9375, 15.1328125, 72.0, 26.171875, 84.1875, 106.75, 135.25, 73.25, 58.46875, 124.0625, 138.25, 101.6875, 50.4375, 78.75, 77.3125, 139.625, 65.3125, 134.375, 77.875, 23.1875, 37.5625, 32.65625, 153.125, 71.0625, 86.5625, 10.046875, 54.375, 144.0, 74.1875, 112.1875, 161.375], [81.125, 56.09375, 121.0, 93.4375, 95.25, 171.25, 181.625, 87.3125, 72.0625, 97.125, 71.875, 41.21875, 131.0, 48.84375, 63.25, 0.0, 164.25, 113.125, 71.8125, 27.59375, 96.1875, 124.75, 56.15625, 38.9375, 122.625, 39.125, 111.125, 186.125, 149.125, 154.375, 24.734375, 168.625, 82.0625, 26.921875, 102.1875, 142.625, 88.875, 115.0, 140.0, 165.125, 125.25, 19.109375, 46.3125, 108.6875, 133.625, 150.75, 156.125, 192.75, 175.5, 176.25, 42.0625, 53.03125, 101.8125, 72.0625, 43.875, 53.375, 154.625, 57.25, 113.4375, 138.5, 107.8125, 94.125, 20.21875, 102.375, 121.625, 176.75, 124.75, 187.0, 117.3125, 48.59375, 100.5, 32.90625, 167.125, 25.5, 23.328125, 68.6875, 85.1875, 197.25, 57.59375, 67.0625, 177.5], [103.75, 184.25, 91.25, 125.6875, 134.5, 154.875, 33.125, 199.5, 92.625, 133.75, 95.5, 165.75, 95.125, 117.25, 107.6875, 164.25, 0.0, 110.625, 96.875, 170.875, 202.625, 44.09375, 136.875, 172.0, 171.5, 186.625, 90.5, 166.875, 127.3125, 139.375, 141.25, 137.625, 133.375, 189.0, 71.375, 30.078125, 83.25, 80.0625, 88.0625, 46.0625, 147.75, 150.125, 185.5, 119.8125, 192.875, 115.75, 119.375, 171.25, 152.0, 161.25, 133.5, 112.375, 81.375, 121.0, 163.125, 190.0, 107.5, 138.0, 50.78125, 112.0, 186.125, 137.0, 156.5, 89.6875, 52.3125, 71.875, 43.1875, 30.59375, 61.84375, 115.6875, 84.1875, 139.125, 127.125, 159.875, 185.625, 98.875, 87.625, 38.0, 138.75, 185.25, 128.125], [36.90625, 97.875, 20.125, 23.765625, 29.203125, 65.8125, 106.1875, 100.125, 70.75, 27.65625, 61.5625, 87.5, 23.015625, 94.5625, 102.0, 113.125, 110.625, 0.0, 58.78125, 135.875, 100.4375, 71.0, 129.75, 94.75, 60.875, 111.375, 21.03125, 81.375, 38.09375, 46.75, 90.6875, 57.71875, 146.625, 126.1875, 104.625, 80.625, 101.8125, 31.0625, 34.40625, 80.6875, 38.0, 94.0625, 105.0625, 10.0, 82.25, 37.65625, 43.1875, 87.875, 67.8125, 72.125, 113.75, 91.0, 37.0, 128.125, 83.5625, 106.3125, 42.0625, 58.0625, 83.1875, 25.3125, 78.25, 32.0, 120.5, 26.921875, 61.0, 77.8125, 99.625, 115.4375, 51.0, 85.75, 118.3125, 111.375, 54.40625, 93.0, 124.0625, 94.0625, 49.21875, 125.375, 58.125, 93.0625, 64.5625], [23.015625, 88.5, 57.0, 52.8125, 60.75, 124.5625, 110.5625, 108.1875, 13.0, 61.46875, 3.162109375, 69.1875, 68.125, 37.34375, 43.1875, 71.8125, 96.875, 58.78125, 0.0, 87.0625, 113.25, 54.40625, 72.0, 75.1875, 102.1875, 89.8125, 46.625, 140.125, 96.375, 105.5625, 47.15625, 115.6875, 87.8125, 94.0, 55.03125, 72.125, 47.53125, 46.6875, 74.4375, 93.3125, 89.1875, 55.0, 88.75, 60.4375, 121.625, 93.125, 99.0, 146.625, 126.5, 130.875, 57.5625, 33.09375, 32.25, 69.375, 66.875, 93.625, 93.625, 44.28125, 48.875, 81.3125, 105.0, 61.96875, 71.0625, 36.78125, 50.09375, 106.3125, 64.5, 116.5, 45.59375, 29.609375, 65.0, 57.5625, 110.625, 63.25, 90.8125, 35.59375, 14.0, 127.0, 45.21875, 91.3125, 119.4375], [101.25, 82.375, 141.125, 117.9375, 120.75, 196.5, 192.375, 113.625, 83.375, 122.5625, 86.1875, 68.75, 151.75, 54.40625, 63.625, 27.59375, 170.875, 135.875, 87.0625, 0.0, 122.6875, 135.625, 42.71875, 66.0, 149.875, 62.96875, 130.875, 211.625, 173.0, 179.0, 45.21875, 192.625, 65.8125, 43.28125, 102.875, 153.125, 89.5625, 133.125, 159.75, 178.75, 151.375, 43.90625, 71.5625, 132.5, 161.25, 173.375, 179.0, 218.25, 200.375, 201.75, 37.75, 59.46875, 119.0, 61.625, 71.4375, 78.375, 176.25, 82.75, 120.6875, 161.0, 135.375, 119.875, 16.0, 121.5, 134.375, 193.375, 128.875, 196.375, 131.875, 58.6875, 96.9375, 31.953125, 190.25, 53.03125, 40.59375, 72.0, 101.0625, 206.375, 83.25, 93.8125, 200.375], [99.375, 40.3125, 119.6875, 79.0, 71.5, 121.8125, 204.75, 9.21875, 123.9375, 72.875, 115.9375, 57.0, 123.125, 123.25, 139.125, 96.1875, 202.625, 100.4375, 113.25, 122.6875, 0.0, 158.75, 147.75, 57.375, 57.28125, 61.21875, 115.625, 132.0, 116.25, 113.3125, 94.5625, 129.75, 173.25, 84.375, 166.875, 173.375, 156.75, 125.4375, 134.5, 180.25, 79.1875, 87.8125, 51.625, 90.5, 52.78125, 125.5625, 128.375, 137.625, 128.5, 123.625, 130.0, 124.0625, 121.3125, 158.875, 56.09375, 45.46875, 134.5, 69.25, 160.625, 117.0625, 29.421875, 68.6875, 115.6875, 113.75, 150.375, 177.75, 177.125, 213.375, 141.125, 116.0, 173.375, 121.75, 134.75, 73.375, 85.4375, 138.125, 117.375, 223.75, 68.25, 29.15625, 145.625], [59.6875, 140.5, 53.75, 83.0, 91.9375, 125.5625, 57.0, 155.375, 52.9375, 91.4375, 53.53125, 122.3125, 61.03125, 81.25, 76.0625, 124.75, 44.09375, 71.0, 54.40625, 135.625, 158.75, 0.0, 108.0, 128.75, 130.875, 143.875, 50.0, 139.5, 95.875, 107.8125, 100.75, 110.5, 112.3125, 148.25, 51.4375, 17.890625, 57.71875, 40.0625, 58.1875, 45.1875, 109.0, 109.0625, 142.125, 79.25, 152.25, 86.3125, 91.25, 144.875, 124.3125, 132.25, 100.125, 76.1875, 37.9375, 96.1875, 119.5625, 146.5, 80.75, 94.0, 21.46875, 79.0625, 143.25, 94.375, 120.1875, 47.0625, 10.046875, 66.5, 32.4375, 62.25, 20.0, 77.5, 67.5625, 103.8125, 101.375, 117.625, 144.875, 66.125, 43.875, 72.6875, 94.8125, 141.25, 105.8125], [92.9375, 109.3125, 128.875, 118.125, 123.8125, 195.0, 162.25, 139.5, 62.625, 125.1875, 69.75, 90.6875, 140.0, 35.21875, 32.25, 56.15625, 136.875, 129.75, 72.0, 42.71875, 147.75, 108.0, 0.0, 91.25, 160.625, 95.0, 118.5625, 210.625, 167.875, 176.25, 53.84375, 187.25, 26.015625, 81.0, 65.8125, 124.1875, 53.59375, 117.375, 145.625, 153.125, 154.875, 59.90625, 101.25, 129.625, 176.125, 165.125, 171.0, 217.25, 197.5, 201.0, 18.359375, 38.9375, 102.875, 19.109375, 91.75, 108.3125, 165.5, 90.125, 89.4375, 153.125, 153.0, 123.9375, 36.6875, 108.6875, 109.5625, 171.875, 93.6875, 164.75, 110.0, 44.21875, 56.59375, 25.96875, 182.625, 74.5, 77.6875, 42.28125, 84.6875, 174.0, 91.0, 118.875, 191.375], [72.6875, 18.109375, 108.1875, 71.5625, 70.0, 143.5, 182.75, 48.71875, 81.8125, 72.0, 76.8125, 7.28125, 116.1875, 71.375, 87.6875, 38.9375, 172.0, 94.75, 75.1875, 66.0, 57.375, 128.75, 91.25, 0.0, 88.125, 16.765625, 99.9375, 157.375, 126.0, 128.625, 40.3125, 144.25, 117.125, 34.78125, 121.4375, 145.875, 109.4375, 106.875, 126.8125, 162.125, 96.125, 32.0, 13.6015625, 87.5625, 96.5625, 130.5, 135.25, 164.0, 148.75, 147.75, 74.25, 73.5, 96.8125, 104.0, 11.1796875, 19.3125, 136.5, 38.09375, 123.625, 118.8125, 70.0625, 68.0, 58.3125, 93.5, 122.8125, 168.125, 138.125, 189.75, 115.8125, 66.125, 124.4375, 65.5, 145.0, 17.0, 34.0, 89.1875, 84.9375, 200.375, 37.6875, 28.234375, 156.0], [80.625, 79.375, 80.625, 50.5, 41.78125, 64.5625, 165.625, 62.1875, 115.125, 41.4375, 105.375, 83.0, 79.625, 128.125, 140.875, 122.625, 171.5, 60.875, 102.1875, 149.875, 57.28125, 130.875, 160.625, 88.125, 0.0, 100.6875, 81.1875, 75.125, 62.46875, 57.3125, 109.0625, 73.375, 183.0, 122.5625, 156.125, 141.5, 149.75, 91.5625, 89.9375, 139.5, 26.40625, 106.8125, 91.0625, 51.78125, 21.375, 73.5625, 75.1875, 81.0, 71.3125, 66.5, 142.375, 126.5625, 94.0625, 165.625, 79.625, 88.0625, 83.5, 70.625, 140.0, 68.0, 27.890625, 40.25, 137.875, 84.125, 121.0625, 131.0, 157.0, 175.125, 111.0, 119.0625, 167.125, 136.5, 79.625, 97.1875, 122.0625, 135.875, 99.125, 184.75, 69.8125, 68.6875, 90.0625], [89.0625, 22.203125, 124.9375, 88.125, 86.125, 158.5, 198.625, 52.0, 95.25, 88.125, 91.25, 24.046875, 133.0, 80.75, 96.8125, 39.125, 186.625, 111.375, 89.8125, 62.96875, 61.21875, 143.875, 95.0, 16.765625, 100.6875, 0.0, 116.625, 172.0, 142.0, 144.25, 49.65625, 160.0, 121.0, 23.34375, 132.875, 161.375, 120.3125, 123.4375, 143.625, 178.375, 111.0, 40.3125, 10.0, 104.0625, 106.5625, 146.875, 151.5, 178.5, 164.0, 162.375, 79.625, 83.6875, 113.0, 109.875, 27.890625, 15.8125, 153.0, 54.78125, 137.5, 135.375, 79.625, 84.0625, 59.3125, 110.0, 138.375, 184.75, 151.375, 205.375, 131.75, 76.9375, 134.25, 70.4375, 161.125, 27.203125, 24.203125, 99.75, 100.4375, 216.0, 54.4375, 34.21875, 172.25], [30.015625, 106.5625, 10.4375, 36.625, 44.78125, 82.1875, 89.1875, 114.0, 56.59375, 43.84375, 48.75, 92.6875, 21.546875, 83.9375, 88.5, 111.125, 90.5, 21.03125, 46.625, 130.875, 115.625, 50.0, 118.5625, 99.9375, 81.1875, 116.625, 0.0, 97.4375, 52.5, 63.25, 87.0, 70.75, 132.625, 128.125, 85.75, 60.4375, 84.375, 10.4375, 29.015625, 65.0625, 59.03125, 92.25, 111.8125, 29.421875, 102.5625, 47.1875, 53.0, 103.5625, 82.875, 88.8125, 104.0625, 79.6875, 17.796875, 114.3125, 89.0625, 114.25, 47.0, 61.84375, 62.65625, 36.0625, 96.1875, 47.5, 115.0, 9.8515625, 40.0625, 68.125, 78.875, 97.9375, 30.015625, 75.875, 100.1875, 103.3125, 64.625, 94.625, 125.5, 79.625, 34.125, 108.25, 62.25, 103.875, 72.9375], [117.9375, 152.25, 89.0625, 94.0, 90.875, 15.6171875, 147.125, 137.25, 152.0, 89.0625, 143.0, 151.125, 79.375, 175.375, 183.375, 186.125, 166.875, 81.375, 140.125, 211.625, 132.0, 139.5, 210.625, 157.375, 75.125, 172.0, 97.4375, 0.0, 45.0, 34.65625, 166.875, 29.40625, 228.0, 192.125, 182.875, 141.0, 181.875, 103.75, 81.5625, 122.9375, 61.40625, 167.875, 163.125, 81.0, 82.875, 53.21875, 48.46875, 6.70703125, 15.234375, 9.8515625, 193.875, 172.125, 115.25, 209.5, 147.25, 161.125, 59.78125, 129.0, 157.25, 61.84375, 102.5625, 91.9375, 197.25, 106.3125, 130.125, 102.0, 171.75, 157.125, 121.8125, 166.375, 197.625, 190.625, 39.8125, 162.25, 190.875, 175.375, 130.125, 164.0, 128.5, 142.375, 41.125], [74.9375, 125.1875, 44.09375, 55.90625, 56.0, 30.015625, 112.8125, 118.875, 107.8125, 54.0, 99.0, 119.0625, 34.9375, 132.625, 139.5, 149.125, 127.3125, 38.09375, 96.375, 173.0, 116.25, 95.875, 167.875, 126.0, 62.46875, 142.0, 52.5, 45.0, 0.0, 12.1640625, 127.75, 19.703125, 184.0, 159.5, 137.875, 99.4375, 136.875, 58.84375, 39.3125, 86.8125, 37.21875, 130.25, 134.375, 40.53125, 80.125, 12.6484375, 12.7265625, 51.09375, 30.40625, 36.71875, 151.875, 129.0, 70.3125, 165.5, 115.0625, 134.125, 22.84375, 92.375, 112.6875, 17.0, 88.5, 58.0, 157.875, 61.53125, 86.1875, 72.0625, 127.625, 122.8125, 77.375, 123.8125, 152.625, 149.375, 19.234375, 127.25, 157.75, 131.125, 85.625, 131.25, 92.25, 117.6875, 30.40625], [83.4375, 126.125, 55.46875, 61.09375, 59.4375, 19.109375, 124.3125, 116.75, 117.375, 57.5, 108.3125, 121.9375, 46.8125, 141.0, 148.75, 154.375, 139.375, 46.75, 105.5625, 179.0, 113.3125, 107.8125, 176.25, 128.625, 57.3125, 144.25, 63.25, 34.65625, 12.1640625, 0.0, 133.875, 16.5, 193.375, 162.75, 149.0, 111.625, 147.375, 70.25, 51.46875, 98.5, 34.71875, 135.625, 136.0, 47.0, 72.9375, 24.078125, 22.140625, 41.125, 21.46875, 25.609375, 159.75, 137.625, 81.0, 174.875, 117.9375, 135.125, 33.71875, 97.125, 124.3125, 28.796875, 84.5625, 61.0, 164.25, 71.8125, 98.0625, 82.5625, 139.5, 134.375, 89.1875, 132.0, 163.5, 156.75, 22.671875, 131.5, 161.25, 140.75, 95.5, 142.625, 96.8125, 117.75, 32.75], [57.03125, 58.0625, 97.0625, 72.9375, 76.3125, 151.625, 157.375, 86.6875, 48.59375, 78.0625, 47.4375, 38.0625, 107.375, 31.328125, 47.53125, 24.734375, 141.25, 90.6875, 47.15625, 45.21875, 94.5625, 100.75, 53.84375, 40.3125, 109.0625, 49.65625, 87.0, 166.875, 127.75, 133.875, 0.0, 147.375, 78.875, 47.8125, 83.375, 118.625, 70.6875, 90.4375, 116.0, 140.375, 107.3125, 9.4375, 52.625, 87.3125, 123.125, 128.375, 133.875, 173.5, 155.375, 157.0, 35.75, 34.0, 77.125, 64.375, 38.46875, 59.21875, 131.5, 39.0625, 90.8125, 115.9375, 99.3125, 75.6875, 30.40625, 78.0625, 97.1875, 152.125, 103.3125, 163.0, 92.625, 27.453125, 84.75, 28.171875, 145.125, 23.53125, 44.40625, 50.09375, 60.4375, 173.375, 39.6875, 66.25, 155.25], [94.5, 142.25, 61.5625, 75.1875, 74.5625, 18.25, 119.0, 133.25, 126.8125, 72.5625, 118.25, 137.5, 51.21875, 152.125, 158.625, 168.625, 137.625, 57.71875, 115.6875, 192.625, 129.75, 110.5, 187.25, 144.25, 73.375, 160.0, 70.75, 29.40625, 19.703125, 16.5, 147.375, 0.0, 203.0, 178.125, 155.125, 111.625, 154.875, 75.9375, 52.3125, 94.1875, 51.1875, 149.75, 152.0, 60.09375, 87.8125, 24.40625, 19.234375, 34.4375, 14.3203125, 24.0, 171.375, 148.375, 88.375, 184.625, 133.5, 151.25, 30.359375, 111.625, 128.75, 34.71875, 100.875, 76.3125, 177.5, 80.125, 101.1875, 74.8125, 142.75, 129.0, 93.1875, 143.375, 170.125, 169.0, 11.046875, 146.375, 176.5, 150.125, 104.5, 136.5, 111.375, 134.125, 17.6875], [110.3125, 135.25, 142.5, 137.875, 144.375, 212.375, 162.125, 165.125, 76.1875, 145.625, 85.0625, 116.3125, 153.625, 54.90625, 44.59375, 82.0625, 133.375, 146.625, 87.8125, 65.8125, 173.25, 112.3125, 26.015625, 117.125, 183.0, 121.0, 132.625, 228.0, 184.0, 193.375, 78.875, 203.0, 0.0, 106.375, 63.125, 126.4375, 54.5625, 129.625, 157.625, 157.125, 174.875, 85.5, 127.25, 147.75, 199.5, 179.875, 185.625, 234.5, 214.25, 218.625, 43.1875, 57.0, 115.6875, 18.4375, 117.125, 134.25, 178.875, 113.125, 91.5625, 168.375, 177.125, 144.875, 62.28125, 123.0, 116.0625, 178.5, 91.0, 163.0, 118.6875, 64.0625, 49.15625, 51.625, 197.25, 100.3125, 103.125, 53.0, 98.625, 171.375, 114.0625, 144.5, 205.25], [98.75, 45.46875, 137.25, 104.0, 103.5625, 178.125, 204.5, 75.1875, 96.375, 105.5625, 94.6875, 41.0, 146.375, 75.4375, 90.125, 26.921875, 189.0, 126.1875, 94.0, 43.28125, 84.375, 148.25, 81.0, 34.78125, 122.5625, 23.34375, 128.125, 192.125, 159.5, 162.75, 47.8125, 178.125, 106.375, 0.0, 128.875, 166.0, 115.625, 133.5, 156.375, 186.375, 130.75, 39.125, 33.3125, 120.0, 129.5, 163.0, 168.0, 198.625, 183.125, 182.375, 68.5625, 79.375, 121.5, 98.0, 44.90625, 38.9375, 168.25, 68.125, 138.5, 151.0, 102.625, 101.8125, 44.375, 120.3125, 144.0, 195.625, 150.625, 210.375, 138.75, 74.25, 127.4375, 59.5, 178.25, 33.53125, 3.60546875, 95.25, 106.4375, 220.875, 68.0625, 57.5, 189.125], [75.5, 137.625, 93.8125, 105.75, 114.3125, 167.75, 99.0, 161.0, 43.09375, 114.75, 52.0, 117.0625, 103.875, 53.40625, 39.6875, 102.1875, 71.375, 104.625, 55.03125, 102.875, 166.875, 51.4375, 65.8125, 121.4375, 156.125, 132.875, 85.75, 182.875, 137.875, 149.0, 83.375, 155.125, 63.125, 128.875, 0.0, 63.78125, 13.453125, 79.1875, 104.625, 94.9375, 140.125, 92.8125, 134.75, 109.5625, 176.125, 130.75, 136.25, 188.75, 168.0, 174.5, 65.1875, 49.65625, 68.125, 49.65625, 115.75, 140.75, 127.3125, 97.75, 29.96875, 121.0, 160.0, 115.9375, 90.125, 77.8125, 57.4375, 117.8125, 28.28125, 100.3125, 62.96875, 55.9375, 16.125, 72.375, 147.375, 106.0, 125.25, 33.59375, 57.28125, 109.0625, 98.75, 142.625, 153.5], [75.4375, 157.125, 61.40625, 95.875, 104.5625, 128.0, 39.21875, 170.625, 70.75, 103.8125, 71.375, 139.375, 66.0625, 98.75, 92.625, 142.625, 30.078125, 80.625, 72.125, 153.125, 173.375, 17.890625, 124.1875, 145.875, 141.5, 161.375, 60.4375, 141.0, 99.4375, 111.625, 118.625, 111.625, 126.4375, 166.0, 63.78125, 0.0, 72.25, 50.0, 60.21875, 31.390625, 117.9375, 126.9375, 159.25, 89.75, 162.75, 88.5, 92.75, 145.875, 125.875, 134.625, 117.25, 93.6875, 52.15625, 111.25, 136.5, 163.375, 81.25, 110.4375, 35.0625, 83.5, 156.125, 107.125, 137.875, 59.9375, 23.4375, 56.03125, 38.9375, 44.40625, 32.25, 95.25, 79.375, 121.3125, 101.5625, 135.25, 162.75, 82.875, 60.96875, 54.90625, 111.1875, 157.25, 104.1875], [69.625, 125.9375, 93.375, 99.9375, 108.1875, 166.5, 109.25, 150.5, 34.71875, 108.8125, 44.375, 105.375, 103.9375, 40.21875, 26.25, 88.875, 83.25, 101.8125, 47.53125, 89.5625, 156.75, 57.71875, 53.59375, 109.4375, 149.75, 120.3125, 84.375, 181.875, 136.875, 147.375, 70.6875, 154.875, 54.5625, 115.625, 13.453125, 72.25, 0.0, 79.25, 106.1875, 102.5625, 135.625, 80.0625, 122.5625, 105.5625, 169.125, 130.875, 136.5, 188.0, 167.25, 173.0, 51.875, 36.71875, 66.625, 39.0, 104.3125, 128.75, 128.375, 88.0, 37.21875, 120.3125, 151.625, 109.5, 76.6875, 75.625, 61.84375, 123.9375, 40.15625, 111.3125, 65.5, 43.46875, 17.46875, 58.90625, 147.875, 93.625, 112.0, 20.59375, 52.84375, 120.4375, 89.0, 131.625, 154.75], [34.78125, 114.625, 14.765625, 46.65625, 55.0, 88.8125, 79.5, 123.5625, 54.78125, 54.125, 48.28125, 99.75, 24.765625, 83.6875, 86.3125, 115.0, 80.0625, 31.0625, 46.6875, 133.125, 125.4375, 40.0625, 117.375, 106.875, 91.5625, 123.4375, 10.4375, 103.75, 58.84375, 70.25, 90.4375, 75.9375, 129.625, 133.5, 79.1875, 50.0, 79.25, 0.0, 28.234375, 56.09375, 69.0, 96.5, 119.1875, 39.8125, 113.0, 51.65625, 57.28125, 109.625, 88.8125, 95.5, 104.0625, 79.125, 14.5625, 111.5, 96.25, 122.0625, 49.40625, 68.9375, 54.21875, 41.875, 106.5, 57.71875, 117.125, 13.4140625, 30.015625, 62.09375, 69.9375, 88.0, 20.09375, 76.3125, 94.25, 104.25, 68.625, 100.25, 130.75, 76.9375, 33.0, 98.4375, 69.4375, 112.625, 75.8125], [59.0, 131.5, 19.109375, 57.8125, 63.59375, 68.0, 76.1875, 134.5, 83.0, 62.0, 76.25, 119.5625, 11.3984375, 111.6875, 114.5625, 140.0, 88.0625, 34.40625, 74.4375, 159.75, 134.5, 58.1875, 145.625, 126.8125, 89.9375, 143.625, 29.015625, 81.5625, 39.3125, 51.46875, 116.0, 52.3125, 157.625, 156.375, 104.625, 60.21875, 106.1875, 28.234375, 0.0, 49.96875, 63.96875, 121.125, 138.0, 44.03125, 110.5, 28.453125, 33.09375, 86.75, 66.3125, 74.625, 132.0, 107.1875, 42.71875, 139.625, 115.75, 139.75, 22.796875, 89.0, 77.0, 24.1875, 110.875, 66.375, 143.875, 38.3125, 49.09375, 43.40625, 90.5625, 86.0, 41.78125, 104.0625, 120.3125, 131.75, 43.28125, 122.8125, 153.875, 105.125, 61.03125, 95.25, 89.3125, 127.25, 48.78125], [89.375, 170.625, 60.8125, 101.3125, 108.875, 112.0625, 26.25, 179.0, 95.375, 107.625, 93.4375, 155.125, 59.9375, 124.875, 121.0, 165.125, 46.0625, 80.6875, 93.3125, 178.75, 180.25, 45.1875, 153.125, 162.125, 139.5, 178.375, 65.0625, 122.9375, 86.8125, 98.5, 140.375, 94.1875, 157.125, 186.375, 94.9375, 31.390625, 102.5625, 56.09375, 49.96875, 0.0, 113.875, 147.875, 174.75, 90.6875, 160.375, 74.4375, 77.0625, 126.75, 108.375, 118.125, 144.375, 119.8125, 65.375, 141.25, 151.75, 177.875, 65.0625, 124.5625, 65.5, 73.75, 158.875, 111.6875, 163.0, 69.1875, 44.40625, 26.25, 70.1875, 36.125, 47.75, 120.0625, 110.6875, 147.375, 83.3125, 153.875, 183.25, 111.0, 80.0625, 45.3125, 125.125, 168.625, 83.0], [66.25, 92.0, 56.5625, 37.0, 31.234375, 47.53125, 140.0, 82.25, 102.0625, 29.734375, 92.3125, 89.75, 54.09375, 120.4375, 131.0, 125.25, 147.75, 38.0, 89.1875, 151.375, 79.1875, 109.0, 154.875, 96.125, 26.40625, 111.0, 59.03125, 61.40625, 37.21875, 34.71875, 107.3125, 51.1875, 174.875, 130.75, 140.125, 117.9375, 135.625, 69.0, 63.96875, 113.875, 0.0, 107.4375, 102.375, 30.8125, 46.53125, 47.5, 49.65625, 68.0, 53.09375, 51.65625, 137.25, 117.9375, 74.125, 156.875, 85.875, 101.0, 57.28125, 68.625, 120.6875, 41.625, 51.3125, 31.625, 137.625, 63.9375, 99.0, 104.625, 137.375, 149.75, 89.0, 111.1875, 152.75, 132.75, 55.53125, 101.0, 129.5, 124.5625, 83.0, 159.125, 68.125, 83.1875, 66.5], [62.28125, 50.03125, 102.0625, 74.625, 76.9375, 152.875, 165.5, 79.625, 57.5, 78.8125, 55.5625, 30.8125, 112.0, 40.5, 56.625, 19.109375, 150.125, 94.0625, 55.0, 43.90625, 87.8125, 109.0625, 59.90625, 32.0, 106.8125, 40.3125, 92.25, 167.875, 130.25, 135.625, 9.4375, 149.75, 85.5, 39.125, 92.8125, 126.9375, 80.0625, 96.5, 121.125, 147.875, 107.4375, 0.0, 43.75, 89.75, 119.625, 131.625, 137.125, 174.5, 157.0, 158.0, 42.4375, 43.375, 83.6875, 72.0, 31.953125, 50.5, 135.5, 38.90625, 99.8125, 119.375, 94.875, 76.0, 31.109375, 83.75, 105.125, 158.5, 112.625, 171.375, 100.0625, 36.90625, 94.0, 33.96875, 148.125, 15.0, 35.84375, 59.46875, 67.75, 181.75, 39.34375, 59.03125, 158.5], [85.4375, 12.203125, 119.625, 81.5, 78.75, 149.875, 195.875, 42.4375, 95.4375, 80.75, 90.4375, 19.84375, 127.125, 83.9375, 100.1875, 46.3125, 185.5, 105.0625, 88.75, 71.5625, 51.625, 142.125, 101.25, 13.6015625, 91.0625, 10.0, 111.8125, 163.125, 134.375, 136.0, 52.625, 152.0, 127.25, 33.3125, 134.75, 159.25, 122.5625, 119.1875, 138.0, 174.75, 102.375, 43.75, 0.0, 97.3125, 96.5625, 139.75, 144.25, 169.5, 155.5, 153.625, 85.0, 86.3125, 109.625, 115.1875, 23.015625, 7.0703125, 146.375, 50.25, 137.25, 128.5, 69.625, 76.5, 66.5, 105.8125, 136.0, 179.875, 151.75, 203.0, 128.875, 79.125, 137.25, 76.0, 153.5, 29.125, 33.96875, 102.1875, 98.3125, 213.625, 49.75, 24.203125, 164.625], [37.53125, 89.5, 30.015625, 16.03125, 19.71875, 65.4375, 116.125, 90.4375, 73.0, 18.03125, 63.40625, 80.375, 32.65625, 94.5, 103.3125, 108.6875, 119.8125, 10.0, 60.4375, 132.5, 90.5, 79.25, 129.625, 87.5625, 51.78125, 104.0625, 29.421875, 81.0, 40.53125, 47.0, 87.3125, 60.09375, 147.75, 120.0, 109.5625, 89.75, 105.5625, 39.8125, 44.03125, 90.6875, 30.8125, 89.75, 97.3125, 0.0, 73.1875, 43.0, 48.03125, 87.6875, 68.5, 71.375, 112.875, 91.375, 43.40625, 129.5, 76.4375, 98.0625, 49.03125, 52.25, 89.9375, 31.25, 68.25, 22.46875, 117.5625, 33.25, 69.375, 87.4375, 106.6875, 125.3125, 59.3125, 85.4375, 122.5625, 109.75, 58.5625, 87.25, 118.0625, 96.0625, 52.78125, 135.375, 52.15625, 84.125, 69.25], [100.6875, 84.375, 101.9375, 71.0625, 62.125, 75.5625, 186.5, 60.15625, 134.375, 62.03125, 124.75, 92.625, 100.4375, 145.0, 158.625, 133.625, 192.875, 82.25, 121.625, 161.25, 52.78125, 152.25, 176.125, 96.5625, 21.375, 106.5625, 102.5625, 82.875, 80.125, 72.9375, 123.125, 87.8125, 199.5, 129.5, 176.125, 162.75, 169.125, 113.0, 110.5, 160.375, 46.53125, 119.625, 96.5625, 73.1875, 0.0, 92.0, 92.875, 87.8125, 82.75, 75.75, 157.75, 143.875, 115.1875, 182.625, 89.8125, 92.1875, 102.1875, 86.3125, 161.0, 87.8125, 26.921875, 60.3125, 150.625, 105.375, 142.375, 150.625, 178.0, 196.125, 132.375, 136.125, 186.5, 151.125, 95.5625, 108.25, 129.625, 154.375, 119.5, 205.625, 85.4375, 72.5625, 105.25], [73.1875, 131.25, 37.53125, 59.03125, 61.0, 39.5625, 100.3125, 127.4375, 103.75, 59.03125, 95.5, 123.3125, 26.90625, 130.125, 135.625, 150.75, 115.75, 37.65625, 93.125, 173.375, 125.5625, 86.3125, 165.125, 130.5, 73.5625, 146.875, 47.1875, 53.21875, 12.6484375, 24.078125, 128.375, 24.40625, 179.875, 163.0, 130.75, 88.5, 130.875, 51.65625, 28.453125, 74.4375, 47.5, 131.625, 139.75, 43.0, 92.0, 0.0, 5.83203125, 58.65625, 38.0, 46.1875, 149.875, 126.1875, 64.5625, 161.5, 119.3125, 140.0, 10.296875, 95.0625, 104.3125, 12.3671875, 98.625, 63.34375, 158.0, 56.875, 76.9375, 59.5, 118.5625, 110.3125, 68.8125, 121.6875, 145.875, 148.25, 17.5, 130.125, 161.0, 126.8125, 81.25, 118.6875, 95.0625, 124.625, 26.921875], [78.9375, 135.5, 43.28125, 64.0, 65.5, 35.5, 102.5625, 130.625, 109.5625, 63.5, 101.375, 128.125, 32.53125, 136.0, 141.5, 156.125, 119.375, 43.1875, 99.0, 179.0, 128.375, 91.25, 171.0, 135.25, 75.1875, 151.5, 53.0, 48.46875, 12.7265625, 22.140625, 133.875, 19.234375, 185.625, 168.0, 136.25, 92.75, 136.5, 57.28125, 33.09375, 77.0625, 49.65625, 137.125, 144.25, 48.03125, 92.875, 5.83203125, 0.0, 53.65625, 33.25, 41.96875, 155.625, 132.0, 70.3125, 167.25, 124.125, 144.375, 12.0, 100.25, 109.5625, 18.03125, 100.9375, 67.75, 163.625, 62.6875, 82.0, 60.40625, 123.5625, 112.625, 74.0625, 127.5, 151.5, 154.0, 11.6640625, 135.25, 166.125, 132.625, 87.0625, 120.6875, 100.1875, 128.625, 21.375], [124.5, 158.5, 95.0, 100.75, 97.5625, 22.203125, 150.5, 143.125, 158.5, 95.75, 149.375, 157.75, 85.125, 182.0, 189.875, 192.75, 171.25, 87.875, 146.625, 218.25, 137.625, 144.875, 217.25, 164.0, 81.0, 178.5, 103.5625, 6.70703125, 51.09375, 41.125, 173.5, 34.4375, 234.5, 198.625, 188.75, 145.875, 188.0, 109.625, 86.75, 126.75, 68.0, 174.5, 169.5, 87.6875, 87.8125, 58.65625, 53.65625, 0.0, 20.8125, 16.546875, 200.5, 178.625, 121.375, 216.0, 153.875, 167.5, 64.625, 135.625, 162.875, 67.8125, 108.3125, 98.625, 204.0, 112.5625, 135.625, 105.0625, 177.125, 160.5, 127.4375, 173.0, 203.625, 197.25, 44.28125, 168.875, 197.5, 181.75, 136.5, 167.0, 135.25, 148.625, 44.09375], [104.625, 145.125, 74.1875, 82.4375, 80.375, 7.2109375, 133.0, 133.0, 138.125, 78.4375, 129.25, 142.25, 64.375, 162.25, 169.625, 175.5, 152.0, 67.8125, 126.5, 200.375, 128.5, 124.3125, 197.5, 148.75, 71.3125, 164.0, 82.875, 15.234375, 30.40625, 21.46875, 155.375, 14.3203125, 214.25, 183.125, 168.0, 125.875, 167.25, 88.8125, 66.3125, 108.375, 53.09375, 157.0, 155.5, 68.5, 82.75, 38.0, 33.25, 20.8125, 0.0, 10.4375, 181.125, 158.75, 100.6875, 195.75, 138.25, 154.125, 44.65625, 118.25, 142.125, 47.0, 99.1875, 81.75, 185.75, 91.9375, 114.9375, 88.375, 156.5, 143.0, 106.6875, 153.375, 182.875, 178.25, 25.078125, 152.375, 181.75, 161.5, 116.0, 150.25, 117.9375, 136.0, 28.453125], [108.4375, 142.75, 80.75, 84.25, 81.0, 6.70703125, 143.0, 128.625, 142.875, 79.1875, 133.625, 141.375, 71.5625, 165.875, 174.0, 176.25, 161.25, 72.125, 130.875, 201.75, 123.625, 132.25, 201.0, 147.75, 66.5, 162.375, 88.8125, 9.8515625, 36.71875, 25.609375, 157.0, 24.0, 218.625, 182.375, 174.5, 134.625, 173.0, 95.5, 74.625, 118.125, 51.65625, 158.0, 153.625, 71.375, 75.75, 46.1875, 41.96875, 16.546875, 10.4375, 0.0, 184.25, 162.625, 106.625, 200.25, 137.5, 151.75, 53.75, 119.125, 149.375, 53.71875, 94.1875, 82.0625, 187.375, 97.4375, 122.625, 98.625, 164.25, 153.0, 114.0625, 156.875, 189.0, 180.875, 35.0, 152.375, 181.25, 166.125, 121.0625, 160.375, 118.6875, 133.125, 38.90625], [76.9375, 92.375, 114.5, 100.75, 106.0625, 178.375, 156.25, 122.0, 50.25, 107.5, 55.78125, 73.1875, 125.5625, 20.390625, 25.9375, 42.0625, 133.5, 113.75, 57.5625, 37.75, 130.0, 100.125, 18.359375, 74.25, 142.375, 79.625, 104.0625, 193.875, 151.875, 159.75, 35.75, 171.375, 43.1875, 68.5625, 65.1875, 117.25, 51.875, 104.0625, 132.0, 144.375, 137.25, 42.4375, 85.0, 112.875, 157.75, 149.875, 155.625, 200.5, 181.125, 184.25, 0.0, 25.171875, 89.5, 30.265625, 74.0, 92.0, 151.0, 71.875, 83.8125, 137.75, 134.625, 106.0625, 25.609375, 94.25, 100.125, 161.25, 91.25, 159.75, 99.125, 28.234375, 60.3125, 9.21875, 167.25, 57.3125, 65.0, 34.78125, 71.0625, 169.5, 72.6875, 101.4375, 176.5], [54.21875, 90.625, 90.0625, 80.9375, 87.4375, 156.5, 132.875, 117.0625, 25.078125, 88.625, 31.015625, 70.0625, 101.25, 5.09765625, 15.1328125, 53.03125, 112.375, 91.0, 33.09375, 59.46875, 124.0625, 76.1875, 38.9375, 73.5, 126.5625, 83.6875, 79.6875, 172.125, 129.0, 137.625, 34.0, 148.375, 57.0, 79.375, 49.65625, 93.6875, 36.71875, 79.125, 107.1875, 119.8125, 117.9375, 43.375, 86.3125, 91.375, 143.875, 126.1875, 132.0, 178.625, 158.75, 162.625, 25.171875, 0.0, 64.5625, 39.125, 69.4375, 92.75, 126.6875, 58.25, 61.71875, 114.25, 123.25, 87.9375, 44.375, 69.875, 75.4375, 136.125, 71.8125, 137.0, 74.0, 8.0625, 50.96875, 27.65625, 143.625, 57.25, 75.8125, 16.125, 46.1875, 147.125, 59.1875, 97.3125, 152.5], [24.203125, 106.1875, 27.015625, 45.125, 54.125, 100.0, 86.4375, 118.4375, 40.3125, 53.75, 33.71875, 89.875, 38.0, 69.125, 72.0, 101.8125, 81.375, 37.0, 32.25, 119.0, 121.3125, 37.9375, 102.875, 96.8125, 94.0625, 113.0, 17.796875, 115.25, 70.3125, 81.0, 77.125, 88.375, 115.6875, 121.5, 68.125, 52.15625, 66.625, 14.5625, 42.71875, 65.375, 74.125, 83.6875, 109.625, 43.40625, 115.1875, 64.5625, 70.3125, 121.375, 100.6875, 106.625, 89.5, 64.5625, 0.0, 97.4375, 86.625, 113.0625, 63.28125, 59.65625, 46.53125, 53.75, 105.375, 56.5, 103.0, 10.1953125, 29.0625, 74.9375, 63.28125, 94.0625, 20.0, 61.8125, 82.4375, 89.8125, 81.8125, 88.625, 118.625, 62.78125, 18.4375, 104.625, 60.3125, 105.5625, 89.5625], [91.9375, 122.0625, 124.25, 119.8125, 126.5, 193.875, 148.125, 151.125, 57.8125, 127.625, 66.625, 102.375, 135.375, 37.5625, 26.171875, 72.0625, 121.0, 128.125, 69.375, 61.625, 158.875, 96.1875, 19.109375, 104.0, 165.625, 109.875, 114.3125, 209.5, 165.5, 174.875, 64.375, 184.625, 18.4375, 98.0, 49.65625, 111.25, 39.0, 111.5, 139.625, 141.25, 156.875, 72.0, 115.1875, 129.5, 182.625, 161.5, 167.25, 216.0, 195.75, 200.25, 30.265625, 39.125, 97.4375, 0.0, 102.8125, 122.125, 160.75, 96.375, 76.1875, 150.0, 161.0, 127.0, 53.84375, 104.625, 99.1875, 161.75, 77.9375, 149.875, 101.25, 46.53125, 38.46875, 39.46875, 178.875, 87.0, 94.5625, 34.65625, 80.1875, 158.625, 97.3125, 130.625, 187.0], [62.4375, 21.9375, 97.125, 60.40625, 59.03125, 133.25, 172.875, 48.25, 74.6875, 61.03125, 68.8125, 4.0, 105.0625, 68.0625, 84.1875, 43.875, 163.125, 83.5625, 66.875, 71.4375, 56.09375, 119.5625, 91.75, 11.1796875, 79.625, 27.890625, 89.0625, 147.25, 115.0625, 117.9375, 38.46875, 133.5, 117.125, 44.90625, 115.75, 136.5, 104.3125, 96.25, 115.75, 151.75, 85.875, 31.953125, 23.015625, 76.4375, 89.8125, 119.3125, 124.125, 153.875, 138.25, 137.5, 74.0, 69.4375, 86.625, 102.8125, 0.0, 26.90625, 125.3125, 27.296875, 115.6875, 107.6875, 64.0, 57.125, 61.59375, 82.875, 113.1875, 157.125, 130.75, 180.0, 105.875, 61.65625, 120.0625, 65.8125, 134.0, 18.59375, 43.6875, 84.5, 75.6875, 190.625, 26.828125, 28.0, 145.0], [88.875, 9.0, 121.625, 82.5625, 79.0625, 148.25, 199.5, 36.25, 100.875, 81.0, 95.4375, 24.40625, 128.75, 90.5, 106.75, 53.375, 190.0, 106.3125, 93.625, 78.375, 45.46875, 146.5, 108.3125, 19.3125, 88.0625, 15.8125, 114.25, 161.125, 134.125, 135.125, 59.21875, 151.25, 134.25, 38.9375, 140.75, 163.375, 128.75, 122.0625, 139.75, 177.875, 101.0, 50.5, 7.0703125, 98.0625, 92.1875, 140.0, 144.375, 167.5, 154.125, 151.75, 92.0, 92.75, 113.0625, 122.125, 26.90625, 0.0, 147.0, 53.40625, 142.25, 129.0, 65.3125, 76.6875, 73.5625, 108.75, 140.0, 182.0, 157.125, 206.75, 132.5, 85.375, 143.625, 83.0, 153.25, 35.6875, 40.0, 108.4375, 102.5625, 217.375, 52.8125, 19.703125, 164.5], [75.1875, 138.375, 36.6875, 64.9375, 68.0, 47.375, 90.6875, 136.125, 103.375, 66.125, 95.75, 129.25, 25.5, 130.875, 135.25, 154.625, 107.5, 42.0625, 93.625, 176.25, 134.5, 80.75, 165.5, 136.5, 83.5, 153.0, 47.0, 59.78125, 22.84375, 33.71875, 131.5, 30.359375, 178.875, 168.25, 127.3125, 81.25, 128.375, 49.40625, 22.796875, 65.0625, 57.28125, 135.5, 146.375, 49.03125, 102.1875, 10.296875, 12.0, 64.625, 44.65625, 53.75, 151.0, 126.6875, 63.28125, 160.75, 125.3125, 147.0, 0.0, 100.125, 99.8125, 18.03125, 108.0625, 70.5, 160.625, 56.875, 71.875, 49.25, 113.1875, 100.6875, 64.5625, 122.75, 142.875, 149.875, 20.59375, 135.0, 166.125, 126.0625, 80.9375, 108.875, 100.1875, 132.25, 26.40625], [35.46875, 46.65625, 70.1875, 36.5, 38.09375, 114.0, 146.125, 63.875, 54.75, 39.9375, 46.84375, 30.875, 78.625, 58.875, 73.25, 57.25, 138.0, 58.0625, 44.28125, 82.75, 69.25, 94.0, 90.125, 38.09375, 70.625, 54.78125, 61.84375, 129.0, 92