{"name": "LZB_n80_4", "n": 80, "m": 10, "times": [[0.0, 31.625, 84.25, 111.375, 96.1875, 52.6875, 97.0, 37.65625, 130.125, 49.03125, 96.5, 82.9375, 92.125, 76.9375, 72.8125, 51.65625, 112.6875, 68.25, 95.3125, 103.4375, 111.0, 117.375, 86.0, 54.125, 40.59375, 87.75, 71.6875, 100.1875, 122.0, 86.3125, 90.6875, 77.4375, 132.375, 53.46875, 52.4375, 77.8125, 67.8125, 85.125, 95.3125, 38.3125, 36.875, 100.8125, 41.59375, 73.125, 10.0, 61.21875, 103.8125, 93.3125, 68.25, 23.859375, 94.0, 38.09375, 103.4375, 116.5, 85.25, 56.8125, 70.8125, 56.8125, 34.21875, 96.0, 68.9375, 96.5, 48.3125, 38.84375, 102.625, 59.625, 46.0625, 96.625, 124.9375, 66.3125, 113.5625, 98.3125, 104.375, 105.0, 62.6875, 41.21875, 41.0625, 77.1875, 77.5, 20.09375, 56.65625], [31.625, 0.0, 57.28125, 105.8125, 71.0, 84.3125, 128.375, 23.4375, 161.375, 71.1875, 79.625, 77.125, 66.0, 61.84375, 72.125, 82.8125, 101.875, 75.3125, 110.0, 133.25, 102.75, 126.9375, 115.25, 42.0, 39.65625, 118.8125, 97.3125, 83.0, 90.4375, 87.4375, 116.1875, 94.625, 163.375, 48.09375, 61.125, 109.1875, 99.375, 113.375, 123.5, 24.84375, 67.9375, 69.1875, 11.046875, 104.625, 41.625, 37.34375, 135.125, 67.75, 53.84375, 31.578125, 80.625, 65.1875, 79.625, 119.6875, 116.8125, 61.90625, 66.0625, 77.3125, 45.28125, 71.8125, 83.0625, 77.375, 17.46875, 58.8125, 105.6875, 67.5, 41.78125, 86.3125, 156.5, 62.1875, 129.625, 97.5, 72.8125, 108.5, 79.8125, 12.1640625, 69.9375, 73.4375, 64.375, 28.078125, 57.8125], [84.25, 57.28125, 0.0, 147.625, 86.0625, 133.375, 179.0, 48.28125, 212.5, 128.375, 39.40625, 122.0, 9.0, 99.3125, 68.1875, 135.125, 137.75, 82.75, 165.875, 187.625, 141.875, 125.375, 153.375, 88.5625, 59.0625, 170.75, 129.375, 112.375, 55.0, 137.0, 145.875, 151.375, 215.25, 52.9375, 116.625, 154.875, 149.0, 149.0, 179.375, 48.15625, 120.625, 41.125, 54.21875, 154.875, 93.5, 70.625, 179.375, 82.625, 36.34375, 88.75, 47.84375, 121.25, 24.734375, 107.9375, 166.75, 72.75, 58.125, 104.6875, 102.1875, 89.1875, 139.25, 104.4375, 51.0, 116.0625, 155.375, 122.25, 94.0, 57.78125, 206.0, 110.75, 139.75, 144.75, 43.40625, 158.375, 101.375, 57.125, 111.875, 120.6875, 103.75, 68.875, 65.125], [111.375, 105.8125, 147.625, 0.0, 73.3125, 138.375, 161.0, 129.25, 182.75, 88.8125, 181.125, 29.0, 156.25, 48.375, 177.375, 127.375, 18.59375, 177.5, 68.6875, 146.375, 9.4375, 228.25, 182.125, 63.8125, 143.75, 149.0, 177.625, 42.75, 141.25, 30.265625, 195.25, 74.5625, 181.5, 153.625, 63.6875, 162.375, 145.375, 184.75, 129.5, 130.625, 119.5625, 127.25, 100.5, 146.375, 114.5625, 77.25, 184.5, 75.125, 158.5, 87.625, 184.5, 102.5, 172.375, 224.375, 155.5, 164.75, 171.875, 167.5, 78.875, 69.375, 66.0, 50.34375, 100.1875, 86.0625, 29.53125, 57.875, 66.5, 191.25, 185.5, 45.34375, 224.625, 19.109375, 129.125, 31.0625, 174.0, 97.4375, 145.375, 34.21875, 44.0, 125.875, 162.125], [96.1875, 71.0, 86.0625, 73.3125, 0.0, 144.25, 182.375, 90.125, 212.0, 108.9375, 124.5, 58.59375, 93.25, 34.84375, 136.875, 138.25, 58.125, 144.0, 121.0, 178.25, 65.0, 194.875, 182.0, 48.75, 108.4375, 171.0, 167.0, 31.015625, 68.0, 78.3125, 186.125, 115.25, 212.625, 113.1875, 82.1875, 170.75, 157.25, 181.375, 163.875, 91.4375, 124.75, 56.03125, 60.40625, 161.0, 104.6875, 35.0, 196.5, 3.60546875, 109.3125, 78.3125, 131.0, 113.4375, 109.0, 183.75, 172.75, 130.625, 128.5, 148.25, 81.9375, 4.0, 101.8125, 23.015625, 55.375, 98.375, 93.0625, 82.875, 61.28125, 139.875, 210.375, 59.40625, 200.125, 79.375, 57.28125, 95.875, 150.875, 58.84375, 137.25, 62.125, 39.40625, 99.0, 125.1875], [52.6875, 84.3125, 133.375, 138.375, 144.25, 0.0, 45.59375, 85.125, 79.1875, 50.15625, 136.125, 114.25, 140.375, 118.25, 98.625, 12.7265625, 145.875, 85.125, 93.4375, 59.21875, 141.25, 118.625, 44.0, 97.0, 78.3125, 38.46875, 47.4375, 141.0, 174.625, 108.4375, 60.96875, 75.4375, 82.125, 89.9375, 75.3125, 26.46875, 15.6171875, 47.5, 58.21875, 85.25, 20.03125, 153.5, 94.125, 21.640625, 42.71875, 110.375, 52.1875, 141.875, 109.125, 66.0, 130.25, 35.90625, 149.25, 128.375, 33.3125, 80.8125, 101.9375, 54.4375, 65.0, 143.375, 76.0625, 139.5, 100.875, 52.78125, 118.9375, 80.5, 85.375, 129.25, 72.8125, 99.3125, 102.75, 120.8125, 157.0, 120.3125, 64.5, 93.5625, 27.171875, 107.375, 117.0625, 64.5625, 85.4375], [97.0, 128.375, 179.0, 161.0, 182.375, 45.59375, 0.0, 130.75, 33.59375, 75.6875, 180.625, 142.25, 186.0, 152.5, 140.75, 45.8125, 172.5, 125.4375, 100.6875, 27.203125, 166.125, 148.375, 53.59375, 133.75, 123.5, 12.0390625, 75.0, 173.625, 218.875, 131.0, 78.125, 87.6875, 36.71875, 134.75, 104.375, 31.0625, 30.0, 61.40625, 39.65625, 130.875, 60.59375, 197.625, 137.625, 24.078125, 87.0625, 150.25, 30.40625, 180.375, 154.125, 105.6875, 174.125, 68.9375, 194.75, 163.25, 12.53125, 123.5, 145.25, 92.4375, 100.4375, 180.875, 95.0, 173.75, 144.25, 84.4375, 136.0, 107.1875, 121.25, 172.125, 28.296875, 130.0, 126.5, 142.0, 201.125, 136.375, 102.0, 136.625, 70.1875, 135.375, 150.125, 110.125, 129.0], [37.65625, 23.4375, 48.28125, 129.25, 90.125, 85.125, 130.75, 0.0, 164.25, 85.5, 60.0, 100.4375, 55.46875, 84.9375, 48.90625, 87.125, 125.1875, 53.84375, 128.75, 140.125, 126.125, 105.125, 107.8125, 65.4375, 18.4375, 122.625, 86.0, 105.4375, 94.0, 110.0, 104.0625, 112.0625, 167.0, 24.765625, 81.25, 107.0625, 100.75, 104.375, 132.75, 1.4140625, 72.9375, 74.0, 31.0625, 106.6875, 46.09375, 58.84375, 132.0, 86.625, 32.375, 49.8125, 59.21875, 75.6875, 65.9375, 96.5625, 118.4375, 40.5, 42.625, 62.96875, 63.78125, 91.5625, 101.6875, 99.3125, 34.9375, 74.0625, 128.0, 88.0625, 64.4375, 63.90625, 157.875, 85.25, 110.4375, 120.4375, 77.5, 130.75, 63.0, 33.59375, 64.375, 96.5625, 87.6875, 20.609375, 35.34375], [130.125, 161.375, 212.5, 182.75, 212.0, 79.1875, 33.59375, 164.25, 0.0, 103.375, 213.875, 167.5, 219.625, 180.5, 173.125, 78.5, 196.125, 157.25, 117.0, 36.34375, 188.875, 175.25, 79.3125, 163.25, 157.0, 42.53125, 104.125, 200.5, 251.5, 153.75, 103.0, 108.1875, 5.38671875, 168.125, 131.5, 62.03125, 63.59375, 87.25, 53.25, 164.5, 93.375, 230.25, 170.125, 57.625, 120.1875, 181.125, 48.03125, 210.25, 187.625, 137.0, 207.125, 99.5625, 228.25, 192.25, 46.03125, 156.125, 178.0, 124.0, 130.375, 210.25, 118.125, 201.5, 176.75, 113.625, 155.375, 133.125, 150.75, 204.75, 12.6484375, 157.0, 151.125, 163.625, 233.875, 155.25, 133.125, 169.0, 103.4375, 160.75, 177.75, 143.625, 161.875], [49.03125, 71.1875, 128.375, 88.8125, 108.9375, 50.15625, 75.6875, 85.5, 103.375, 0.0, 145.25, 67.0625, 137.0, 77.25, 120.3125, 38.59375, 98.0625, 112.75, 48.75, 69.3125, 92.5625, 157.0, 94.125, 60.46875, 89.4375, 63.78125, 93.875, 98.0, 155.375, 58.6875, 109.8125, 29.96875, 103.75, 102.375, 28.640625, 73.5625, 56.5625, 97.5, 55.90625, 86.375, 33.40625, 134.625, 76.5, 58.03125, 44.15625, 80.0, 96.125, 107.375, 117.0625, 40.25, 143.0, 16.28125, 149.875, 160.75, 68.1875, 103.1875, 119.375, 91.0, 29.0625, 106.9375, 26.40625, 98.375, 82.0, 12.53125, 68.875, 32.0, 48.0, 145.625, 102.8125, 54.34375, 146.5, 70.875, 138.0, 70.3125, 99.875, 74.3125, 63.6875, 60.0625, 74.625, 69.125, 104.375], [96.5, 79.625, 39.40625, 181.125, 124.5, 136.125, 180.625, 60.0, 213.875, 145.25, 0.0, 153.75, 34.9375, 133.375, 45.59375, 141.375, 173.25, 63.25, 188.625, 194.5, 176.25, 93.875, 144.625, 118.6875, 58.53125, 174.625, 118.125, 149.0, 89.75, 166.375, 131.25, 172.125, 217.375, 46.25, 140.375, 152.625, 151.25, 138.625, 189.5, 59.0, 128.625, 79.625, 81.625, 157.5, 103.5625, 104.3125, 174.375, 120.9375, 28.28125, 109.4375, 11.1796875, 134.375, 26.015625, 73.0, 168.125, 59.03125, 37.46875, 93.625, 123.5, 127.375, 161.5, 141.375, 81.0, 134.0, 184.75, 147.0, 121.0625, 21.0, 205.5, 140.375, 113.1875, 175.625, 81.4375, 187.625, 87.0, 84.75, 110.5, 151.25, 137.25, 76.9375, 52.4375], [82.9375, 77.125, 122.0, 29.0, 58.59375, 114.25, 142.25, 100.4375, 167.5, 67.0625, 153.75, 0.0, 130.875, 25.5, 148.375, 104.3125, 31.578125, 148.5, 63.65625, 131.5, 28.171875, 199.375, 157.5, 35.34375, 114.75, 130.25, 150.75, 35.0, 123.25, 19.71875, 168.875, 61.78125, 167.0, 124.8125, 39.125, 139.5, 123.125, 159.375, 115.5, 101.8125, 94.75, 106.6875, 72.4375, 125.0, 86.75, 51.625, 163.0, 59.09375, 130.25, 59.0625, 156.5, 78.5, 146.75, 195.375, 135.25, 135.75, 143.0, 139.375, 51.625, 55.0625, 49.78125, 38.9375, 72.8125, 61.53125, 35.5, 35.125, 37.53125, 163.0, 168.5, 16.640625, 196.375, 23.015625, 109.0625, 38.46875, 145.625, 69.3125, 118.5, 7.0, 20.390625, 96.9375, 133.125], [92.125, 66.0, 9.0, 156.25, 93.25, 140.375, 186.0, 55.46875, 219.625, 137.0, 34.9375, 130.875, 0.0, 107.875, 69.4375, 142.625, 146.0, 85.0625, 174.875, 195.375, 150.25, 125.0, 158.625, 97.5, 64.5625, 178.125, 134.0, 120.3125, 55.59375, 146.0, 149.875, 160.25, 222.375, 56.9375, 125.5625, 161.25, 156.0, 154.0, 187.375, 55.21875, 128.25, 44.78125, 63.1875, 162.0, 101.1875, 79.3125, 185.375, 89.875, 38.625, 97.5, 44.65625, 129.5, 16.15625, 106.1875, 173.625, 76.0625, 59.4375, 109.0625, 111.0, 96.5, 148.25, 112.3125, 60.0, 124.75, 164.375, 131.25, 103.0, 54.8125, 212.75, 119.6875, 140.875, 153.625, 46.53125, 167.375, 105.125, 66.125, 118.0625, 129.5, 112.375, 76.0, 68.4375], [76.9375, 61.84375, 99.3125, 48.375, 34.84375, 118.25, 152.5, 84.9375, 180.5, 77.25, 133.375, 25.5, 107.875, 0.0, 133.875, 110.3125, 40.46875, 136.75, 86.25, 145.75, 42.9375, 188.375, 159.25, 22.796875, 101.375, 140.75, 148.25, 23.34375, 97.75, 44.59375, 167.125, 80.6875, 180.75, 109.6875, 49.1875, 144.625, 129.5, 159.75, 130.875, 86.375, 98.25, 81.3125, 54.5, 132.625, 83.375, 29.0625, 169.625, 34.65625, 112.0, 54.59375, 137.25, 84.5, 123.9375, 181.5, 143.875, 123.4375, 127.25, 133.25, 53.34375, 31.828125, 67.375, 21.375, 53.0, 68.125, 61.0, 48.8125, 33.0, 144.625, 180.0, 24.84375, 188.75, 48.15625, 83.625, 63.9375, 137.875, 51.625, 116.5625, 27.734375, 5.09765625, 86.375, 119.625], [72.8125, 72.125, 68.1875, 177.375, 136.875, 98.625, 140.75, 48.90625, 173.125, 120.3125, 45.59375, 148.375, 69.4375, 133.875, 0.0, 106.375, 174.0, 17.6875, 167.875, 157.875, 174.75, 58.9375, 100.1875, 113.875, 33.84375, 136.25, 73.4375, 154.25, 123.125, 156.125, 85.6875, 149.75, 177.0, 24.203125, 124.3125, 111.0625, 112.5625, 93.875, 155.5, 47.5, 96.0, 107.3125, 79.8125, 118.875, 76.1875, 107.4375, 131.0, 133.25, 32.0, 93.125, 36.0625, 106.375, 68.4375, 47.625, 128.375, 18.03125, 10.046875, 49.75, 106.0, 138.75, 141.75, 147.875, 82.9375, 111.3125, 173.5, 131.5, 111.375, 31.765625, 163.75, 132.625, 71.5625, 167.25, 110.1875, 176.125, 42.0, 82.4375, 71.5625, 144.0, 136.5, 53.65625, 16.15625], [51.65625, 82.8125, 135.125, 127.375, 138.25, 12.7265625, 45.8125, 87.125, 78.5, 38.59375, 141.375, 104.3125, 142.625, 110.3125, 106.375, 0.0, 135.75, 94.0625, 80.75, 53.3125, 130.75, 130.125, 55.90625, 90.0, 82.875, 36.0625, 60.0, 132.625, 173.125, 97.25, 73.6875, 62.8125, 80.6875, 95.1875, 65.1875, 35.21875, 19.234375, 59.90625, 49.15625, 87.4375, 14.8671875, 151.875, 91.8125, 22.84375, 41.875, 105.1875, 59.3125, 136.0, 113.625, 60.40625, 136.25, 26.015625, 152.5, 138.875, 34.875, 88.375, 108.6875, 65.0, 57.0625, 137.0, 63.96875, 131.625, 98.4375, 43.0, 107.0, 69.875, 77.875, 136.125, 74.0625, 90.0, 115.125, 109.5, 155.5, 108.25, 74.9375, 90.8125, 36.5, 97.3125, 108.6875, 66.75, 92.25], [112.6875, 101.875, 137.75, 18.59375, 58.125, 145.875, 172.5, 125.1875, 196.125, 98.0625, 173.25, 31.578125, 146.0, 40.46875, 174.0, 135.75, 0.0, 176.0, 85.0, 159.875, 9.21875, 227.375, 189.125, 60.59375, 141.125, 160.5, 181.875, 27.171875, 126.0625, 42.4375, 200.125, 88.3125, 195.25, 149.875, 70.5625, 171.0, 154.375, 190.875, 143.375, 126.5625, 126.3125, 113.625, 94.9375, 156.125, 117.375, 69.0625, 194.125, 60.40625, 152.375, 89.0, 177.5, 110.0, 162.125, 221.5, 166.0, 162.875, 167.625, 169.5, 82.875, 54.15625, 78.0625, 35.34375, 93.4375, 93.0625, 47.0, 66.0625, 66.625, 185.0, 198.0, 47.4375, 226.125, 34.46875, 115.125, 48.90625, 175.125, 92.0, 149.625, 38.46875, 37.46875, 124.875, 159.5], [68.25, 75.3125, 82.75, 177.5, 144.0, 85.125, 125.4375, 53.84375, 157.25, 112.75, 63.25, 148.5, 85.0625, 136.75, 17.6875, 94.0625, 176.0, 0.0, 161.25, 144.0, 175.875, 51.625, 82.9375, 115.4375, 35.78125, 121.8125, 56.03125, 158.25, 137.125, 154.125, 68.0, 142.625, 161.25, 32.125, 120.6875, 95.1875, 98.125, 76.375, 143.0, 52.5625, 85.3125, 120.0625, 84.5, 104.375, 69.3125, 112.25, 114.125, 140.5, 46.5625, 90.8125, 53.75, 97.75, 85.5, 48.375, 113.25, 13.4140625, 26.421875, 33.25, 102.4375, 145.375, 136.0, 152.625, 88.75, 105.125, 170.75, 127.875, 111.0625, 48.8125, 147.5, 132.25, 58.0625, 165.875, 123.125, 173.25, 24.703125, 86.75, 58.03125, 143.5, 138.75, 51.625, 19.234375], [95.3125, 110.0, 165.875, 68.6875, 121.0, 93.4375, 100.6875, 128.75, 117.0, 48.75, 188.625, 63.65625, 174.875, 86.25, 167.875, 80.75, 85.0, 161.25, 0.0, 81.125, 76.5, 205.625, 135.375, 81.625, 135.875, 89.5, 140.125, 98.375, 181.0, 44.6875, 154.375, 18.875, 115.125, 148.5, 49.25, 111.3125, 94.0625, 140.25, 64.1875, 129.875, 80.625, 162.0, 111.625, 92.6875, 92.125, 103.4375, 128.375, 120.9375, 161.125, 79.1875, 187.75, 64.6875, 189.375, 209.375, 98.625, 151.25, 166.125, 139.5, 65.125, 117.8125, 27.078125, 102.5625, 115.4375, 56.625, 39.5625, 43.9375, 72.75, 191.375, 121.5625, 62.65625, 194.125, 50.53125, 164.875, 38.84375, 148.5, 108.75, 111.625, 59.03125, 81.625, 115.1875, 151.875], [103.4375, 133.25, 187.625, 146.375, 178.25, 59.21875, 27.203125, 140.125, 36.34375, 69.3125, 194.5, 131.5, 195.375, 145.75, 157.875, 53.3125, 159.875, 144.0, 81.125, 0.0, 152.625, 172.125, 79.5, 129.75, 136.125, 23.34375, 98.125, 165.125, 222.125, 117.5, 103.75, 71.875, 35.4375, 148.375, 96.625, 54.8125, 46.03125, 87.0, 17.0, 140.5, 67.125, 201.0, 141.0, 40.0, 94.125, 148.875, 57.375, 176.75, 167.0, 106.0625, 189.125, 68.625, 205.75, 185.125, 34.46875, 140.0, 161.0, 112.125, 97.625, 176.125, 82.0, 166.375, 147.25, 80.625, 119.125, 97.6875, 117.3125, 188.5, 40.59375, 121.75, 151.625, 127.25, 204.5, 119.0625, 122.0625, 139.5, 86.3125, 124.9375, 142.75, 119.875, 144.5], [111.0, 102.75, 141.875, 9.4375, 65.0, 141.25, 166.125, 126.125, 188.875, 92.5625, 176.25, 28.171875, 150.25, 42.9375, 174.75, 130.75, 9.21875, 175.875, 76.5, 152.625, 0.0, 226.875, 184.875, 60.8125, 141.375, 154.125, 178.875, 34.125, 133.0, 35.21875, 196.875, 80.8125, 187.875, 150.875, 66.0, 165.875, 149.125, 187.0, 135.875, 127.5625, 122.0, 119.6875, 96.625, 150.5, 114.9375, 72.0, 188.625, 67.0, 154.5, 87.125, 180.125, 105.3125, 166.375, 222.0, 160.125, 162.875, 168.75, 167.625, 79.6875, 61.03125, 71.25, 42.0, 95.6875, 88.5, 38.0, 60.8125, 65.1875, 187.25, 191.125, 44.78125, 224.5, 26.0, 121.4375, 39.8125, 173.625, 93.625, 146.5, 34.53125, 39.125, 124.3125, 159.75], [117.375, 126.9375, 125.375, 228.25, 194.875, 118.625, 148.375, 105.125, 175.25, 157.0, 93.875, 199.375, 125.0, 188.375, 58.9375, 130.125, 227.375, 51.625, 205.625, 172.125, 226.875, 0.0, 96.0, 166.875, 87.3125, 148.75, 74.0, 209.875, 180.25, 203.625, 72.3125, 186.75, 180.125, 81.6875, 169.25, 117.75, 127.375, 88.0, 175.625, 103.75, 125.6875, 165.625, 136.0, 132.75, 116.375, 163.75, 127.5, 191.375, 90.25, 140.75, 82.75, 141.0, 119.8125, 25.0, 138.0, 65.0, 68.4375, 66.25, 151.375, 196.5, 182.0, 204.125, 140.0, 151.375, 219.625, 176.375, 161.875, 73.1875, 163.5, 182.875, 27.78125, 215.625, 168.375, 221.875, 57.125, 138.25, 94.8125, 194.125, 190.25, 102.625, 69.75], [86.0, 115.25, 153.375, 182.125, 182.0, 44.0, 53.59375, 107.8125, 79.3125, 94.125, 144.625, 157.5, 158.625, 159.25, 100.1875, 55.90625, 189.125, 82.9375, 135.375, 79.5, 184.875, 96.0, 0.0, 137.0, 94.3125, 56.8125, 26.921875, 182.375, 201.75, 152.375, 24.515625, 118.1875, 84.125, 102.1875, 118.875, 25.8125, 41.78125, 8.0, 87.125, 107.375, 62.8125, 181.375, 126.125, 44.6875, 77.3125, 147.125, 32.28125, 179.25, 121.8125, 105.0, 136.0, 79.6875, 163.5, 113.1875, 45.1875, 85.625, 107.1875, 51.0, 106.9375, 181.625, 119.875, 180.0, 132.75, 96.3125, 162.875, 124.3125, 126.25, 131.75, 67.875, 142.0, 73.0, 164.75, 184.875, 164.125, 58.25, 126.375, 45.34375, 150.625, 158.5, 89.3125, 92.625], [54.125, 42.0, 88.5625, 63.8125, 48.75, 97.0, 133.75, 65.4375, 163.25, 60.46875, 118.6875, 35.34375, 97.5, 22.796875, 113.875, 90.0, 60.59375, 115.4375, 81.625, 129.75, 60.8125, 166.875, 137.0, 0.0, 80.6875, 122.25, 125.5, 46.09375, 99.75, 48.5, 144.375, 71.375, 164.0, 90.0, 35.59375, 123.5, 109.125, 137.375, 116.0625, 66.8125, 77.125, 80.4375, 37.15625, 112.625, 60.65625, 21.9375, 148.875, 47.0, 94.875, 32.0625, 121.1875, 64.875, 113.125, 161.25, 124.25, 102.3125, 108.0625, 110.5, 33.25, 47.15625, 57.8125, 43.03125, 38.09375, 49.65625, 66.9375, 38.46875, 12.53125, 127.625, 161.625, 22.203125, 166.375, 56.90625, 83.375, 69.875, 115.375, 34.0, 93.875, 32.5625, 23.703125, 64.375, 99.0625], [40.59375, 39.65625, 59.0625, 143.75, 108.4375, 78.3125, 123.5, 18.4375, 157.0, 89.4375, 58.53125, 114.75, 64.5625, 101.375, 33.84375, 82.875, 141.125, 35.78125, 135.875, 136.125, 141.375, 87.3125, 94.3125, 80.6875, 0.0, 116.75, 70.6875, 122.625, 109.4375, 122.3125, 87.9375, 118.0625, 160.125, 13.0, 90.875, 97.1875, 93.625, 90.0625, 131.0, 17.265625, 70.0625, 90.25, 48.75, 99.875, 46.0, 76.5, 120.9375, 105.0, 30.875, 59.46875, 54.34375, 77.0, 71.375, 80.625, 111.0, 22.359375, 30.359375, 46.5, 72.625, 109.8125, 109.1875, 116.875, 53.15625, 79.4375, 139.75, 98.0, 77.625, 56.15625, 149.375, 98.875, 92.0, 133.5, 93.625, 142.375, 45.28125, 51.0, 54.03125, 110.25, 103.6875, 20.609375, 18.390625], [87.75, 118.8125, 170.75, 149.0, 171.0, 38.46875, 12.0390625, 122.625, 42.53125, 63.78125, 174.625, 130.25, 178.125, 140.75, 136.25, 36.0625, 160.5, 121.8125, 89.5, 23.34375, 154.125, 148.75, 56.8125, 122.25, 116.75, 0.0, 74.8125, 161.75, 209.0, 119.0, 80.75, 75.9375, 44.59375, 128.5, 92.4375, 31.625, 23.765625, 64.0625, 31.140625, 122.875, 50.90625, 187.75, 127.6875, 17.46875, 77.875, 139.25, 39.4375, 169.125, 147.625, 94.875, 168.625, 57.71875, 187.5, 162.0, 11.6640625, 118.6875, 140.125, 89.4375, 89.0625, 169.375, 83.0, 162.0, 134.125, 72.8125, 124.1875, 95.1875, 109.75, 167.375, 39.40625, 118.125, 128.5, 130.125, 191.375, 124.625, 99.3125, 126.5, 64.875, 123.3125, 138.375, 102.0625, 123.625], [71.6875, 97.3125, 129.375, 177.625, 167.0, 47.4375, 75.0, 86.0, 104.125, 93.875, 118.125, 150.75, 134.0, 148.25, 73.4375, 60.0, 181.875, 56.03125, 140.125, 98.125, 178.875, 74.0, 26.921875, 125.5, 70.6875, 74.8125, 0.0, 171.625, 179.75, 149.125, 19.03125, 121.625, 108.6875, 77.125, 114.0625, 44.0, 53.75, 20.515625, 102.125, 85.375, 60.4375, 160.0, 108.375, 58.9375, 65.0, 132.125, 58.6875, 164.0, 96.375, 93.875, 109.3125, 77.8125, 137.875, 88.375, 64.1875, 59.46875, 80.6875, 25.0, 99.1875, 167.25, 120.25, 168.125, 114.625, 92.4375, 162.0, 120.4375, 116.1875, 104.875, 93.4375, 134.5, 55.46875, 161.625, 163.5, 163.625, 31.40625, 109.1875, 32.3125, 144.25, 148.375, 69.75, 66.6875], [100.1875, 83.0, 112.375, 42.75, 31.015625, 141.0, 173.625, 105.4375, 200.5, 98.0, 149.0, 35.0, 120.3125, 23.34375, 154.25, 132.625, 27.171875, 158.25, 98.375, 165.125, 34.125, 209.875, 182.375, 46.09375, 122.625, 161.75, 171.625, 0.0, 99.0, 53.75, 190.375, 96.5625, 200.375, 130.0, 69.375, 167.25, 151.875, 183.125, 149.5, 106.8125, 121.0625, 86.5, 74.375, 154.625, 106.6875, 46.875, 192.0, 33.25, 130.125, 77.9375, 154.125, 106.6875, 136.375, 201.875, 165.5, 144.875, 147.0, 156.25, 76.0, 27.015625, 84.125, 8.25, 71.5625, 89.9375, 65.5, 67.4375, 56.15625, 162.25, 200.625, 43.6875, 211.375, 51.625, 87.9375, 68.125, 160.625, 71.875, 139.875, 40.8125, 24.015625, 108.75, 140.625], [122.0, 90.4375, 55.0, 141.25, 68.0, 174.625, 218.875, 94.0, 251.5, 155.375, 89.75, 123.25, 55.59375, 97.75, 123.125, 173.125, 126.0625, 137.125, 181.0, 222.125, 133.0, 180.25, 201.75, 99.75, 109.4375, 209.0, 179.75, 99.0, 0.0, 142.125, 197.375, 171.0, 253.375, 106.125, 134.875, 198.875, 189.75, 198.375, 210.75, 94.5625, 158.25, 21.265625, 81.375, 195.125, 132.0, 77.8125, 224.5, 66.125, 91.1875, 116.1875, 100.0, 153.5, 65.1875, 161.75, 207.25, 126.3125, 113.125, 155.875, 126.375, 72.0, 157.5, 91.0, 74.9375, 143.0, 158.625, 138.25, 110.25, 110.1875, 246.875, 118.6875, 194.625, 145.5, 17.6875, 161.625, 154.0, 82.75, 157.5, 125.0, 102.8125, 112.75, 118.875], [86.3125, 87.4375, 137.0, 30.265625, 78.3125, 108.4375, 131.0, 110.0, 153.75, 58.6875, 166.375, 19.71875, 146.0, 44.59375, 156.125, 97.25, 42.4375, 154.125, 44.6875, 117.5, 35.21875, 203.625, 152.375, 48.5, 122.3125, 119.0, 149.125, 53.75, 142.125, 0.0, 166.375, 45.875, 152.875, 133.5, 35.21875, 132.25, 115.125, 155.25, 100.875, 111.375, 90.0625, 124.9375, 84.875, 116.125, 87.9375, 68.0, 154.125, 78.75, 141.375, 63.40625, 168.125, 72.8125, 161.625, 202.0, 125.3125, 142.0, 151.875, 140.875, 52.34375, 74.8125, 36.0625, 58.40625, 86.5, 56.8125, 18.4375, 28.65625, 45.6875, 173.75, 155.875, 26.3125, 198.0, 12.53125, 127.5, 21.375, 148.125, 81.75, 117.125, 17.265625, 39.5625, 103.0, 140.375], [90.6875, 116.1875, 145.875, 195.25, 186.125, 60.96875, 78.125, 104.0625, 103.0, 109.8125, 131.25, 168.875, 149.875, 167.125, 85.6875, 73.6875, 200.125, 68.0, 154.375, 103.75, 196.875, 72.3125, 24.515625, 144.375, 87.9375, 80.75, 19.03125, 190.375, 197.375, 166.375, 0.0, 136.375, 108.0, 93.0, 131.625, 49.25, 63.25, 16.765625, 110.5, 103.3125, 76.6875, 177.875, 127.25, 67.25, 83.75, 151.125, 55.15625, 183.0, 111.625, 112.5625, 121.6875, 94.125, 152.5, 91.0625, 69.3125, 74.125, 94.0, 41.4375, 117.3125, 186.25, 136.125, 187.125, 133.5, 109.5625, 178.5, 137.75, 134.875, 116.0625, 91.1875, 152.75, 48.5, 178.875, 181.375, 180.125, 44.9375, 128.125, 50.6875, 162.375, 167.125, 88.4375, 81.625], [77.4375, 94.625, 151.375, 74.5625, 115.25, 75.4375, 87.6875, 112.0625, 108.1875, 29.96875, 172.125, 61.78125, 160.25, 80.6875, 149.75, 62.8125, 88.3125, 142.625, 18.875, 71.875, 80.8125, 186.75, 118.1875, 71.375, 118.0625, 75.9375, 121.625, 96.5625, 171.0, 45.875, 136.375, 0.0, 107.0625, 130.875, 36.25, 94.8125, 77.375, 122.625, 55.09375, 113.125, 61.84375, 151.125, 97.5, 76.6875, 73.6875, 93.125, 113.625, 114.625, 144.25, 63.1875, 170.75, 45.78125, 174.25, 190.625, 83.9375, 132.875, 148.25, 120.625, 49.375, 112.4375, 13.6015625, 99.375, 101.9375, 38.625, 48.25, 33.0, 60.84375, 174.0, 111.0625, 55.875, 175.375, 55.4375, 154.25, 48.65625, 129.625, 94.8125, 92.8125, 55.75, 76.5625, 97.5, 133.625], [132.375, 163.375, 215.25, 181.5, 212.625, 82.125, 36.71875, 167.0, 5.38671875, 103.75, 217.375, 167.0, 222.375, 180.75, 177.0, 80.6875, 195.25, 161.25, 115.125, 35.4375, 187.875, 180.125, 84.125, 164.0, 160.125, 44.59375, 108.6875, 200.375, 253.375, 152.875, 108.0, 107.0625, 0.0, 171.375, 131.625, 66.125, 66.5625, 92.125, 51.96875, 167.25, 95.5, 232.125, 172.0, 60.46875, 122.5, 182.25, 53.15625, 211.0, 190.875, 138.375, 210.75, 100.8125, 231.375, 196.875, 49.25, 159.875, 181.75, 128.125, 131.25, 210.75, 117.4375, 201.5, 178.5, 114.375, 153.875, 133.0, 151.5, 208.5, 18.03125, 156.875, 156.125, 162.375, 235.75, 153.5, 137.375, 170.75, 106.875, 160.375, 177.75, 146.375, 165.5], [53.46875, 48.09375, 52.9375, 153.625, 113.1875, 89.9375, 134.75, 24.765625, 168.125, 102.375, 46.25, 124.8125, 56.9375, 109.6875, 24.203125, 95.1875, 149.875, 32.125, 148.5, 148.375, 150.875, 81.6875, 102.1875, 90.0, 13.0, 128.5, 77.125, 130.0, 106.125, 133.5, 93.0, 130.875, 171.375, 0.0, 102.875, 107.4375, 105.125, 97.1875, 143.625, 23.34375, 82.75, 88.25, 55.59375, 111.375, 59.0, 83.25, 130.25, 109.6875, 19.84375, 71.3125, 41.4375, 90.0, 61.53125, 71.8125, 122.1875, 20.21875, 18.359375, 52.15625, 84.75, 114.9375, 121.75, 123.6875, 58.84375, 92.25, 151.125, 109.9375, 88.1875, 43.1875, 160.0, 109.3125, 90.1875, 144.25, 91.4375, 153.875, 48.46875, 58.25, 64.6875, 120.6875, 112.4375, 33.375, 13.0], [52.4375, 61.125, 116.625, 63.6875, 82.1875, 75.3125, 104.375, 81.25, 131.5, 28.640625, 140.375, 39.125, 125.5625, 49.1875, 124.3125, 65.1875, 70.5625, 120.6875, 49.25, 96.625, 66.0, 169.25, 118.875, 35.59375, 90.875, 92.4375, 114.0625, 69.375, 134.875, 35.21875, 131.625, 36.25, 131.625, 102.875, 0.0, 100.375, 84.0, 121.125, 81.8125, 82.4375, 56.03125, 114.9375, 62.40625, 86.0625, 53.03125, 57.125, 124.0, 81.0625, 113.5625, 31.625, 140.5, 39.46875, 140.125, 168.875, 96.625, 109.0625, 121.0625, 105.75, 18.359375, 79.875, 23.09375, 70.0, 66.3125, 22.5625, 50.34375, 7.2109375, 24.59375, 144.875, 131.375, 25.703125, 162.875, 47.71875, 118.0625, 52.625, 113.1875, 59.53125, 82.0, 32.125, 46.25, 70.6875, 108.25], [77.8125, 109.1875, 154.875, 162.375, 170.75, 26.46875, 31.0625, 107.0625, 62.03125, 73.5625, 152.625, 139.5, 161.25, 144.625, 111.0625, 35.21875, 171.0, 95.1875, 111.3125, 54.8125, 165.875, 117.75, 25.8125, 123.5, 97.1875, 31.625, 44.0, 167.25, 198.875, 132.25, 49.25, 94.8125, 66.125, 107.4375, 100.375, 0.0, 17.46875, 32.65625, 61.40625, 106.9375, 46.375, 177.875, 119.4375, 19.109375, 68.0, 136.625, 26.0, 168.375, 127.1875, 92.4375, 145.375, 61.0625, 168.5, 132.125, 20.390625, 94.375, 116.3125, 61.96875, 91.25, 169.875, 98.0, 165.875, 126.125, 78.125, 141.0, 105.0625, 111.75, 142.75, 52.84375, 125.0625, 96.8125, 144.25, 181.5, 142.125, 71.3125, 119.0, 43.1875, 132.5, 143.25, 86.8125, 100.375], [67.8125, 99.375, 149.0, 145.375, 157.25, 15.6171875, 30.0, 100.75, 63.59375, 56.5625, 151.25, 123.125, 156.0, 129.5, 112.5625, 19.234375, 154.375, 98.125, 94.0625, 46.03125, 149.125, 127.375, 41.78125, 109.125, 93.625, 23.765625, 53.75, 151.875, 189.75, 115.125, 63.25, 77.375, 66.5625, 105.125, 84.0, 17.46875, 0.0, 47.5, 48.375, 100.875, 32.6875, 168.625, 109.0, 6.32421875, 57.8125, 123.875, 40.125, 155.0, 124.4375, 79.125, 145.0, 45.1875, 164.75, 139.25, 17.6875, 94.9375, 116.375, 66.0625, 76.3125, 156.0, 80.625, 150.875, 115.6875, 62.0625, 123.625, 88.375, 97.0625, 143.625, 57.3125, 109.0625, 108.875, 127.125, 172.25, 124.625, 76.0, 108.25, 41.125, 116.125, 127.875, 80.125, 99.9375], [85.125, 113.375, 149.0, 184.75, 181.375, 47.5, 61.40625, 104.375, 87.25, 97.5, 138.625, 159.375, 154.0, 159.75, 93.875, 59.90625, 190.875, 76.375, 140.25, 87.0, 187.0, 88.0, 8.0, 137.375, 90.0625, 64.0625, 20.515625, 183.125, 198.375, 155.25, 16.765625, 122.625, 92.125, 97.1875, 121.125, 32.65625, 47.5, 0.0, 94.0, 103.875, 65.1875, 178.25, 124.3125, 51.03125, 77.0, 146.375, 40.03125, 178.5, 116.6875, 105.3125, 129.875, 82.4375, 158.25, 105.3125, 52.5625, 79.9375, 101.1875, 45.34375, 108.25, 181.125, 123.5625, 180.375, 130.875, 98.6875, 166.375, 126.875, 127.0, 125.1875, 75.8125, 143.625, 65.125, 167.75, 181.75, 167.75, 51.84375, 124.75, 44.09375, 152.625, 159.375, 86.6875, 87.125], [95.3125, 123.5, 179.375, 129.5, 163.875, 58.21875, 39.65625, 132.75, 53.25, 55.90625, 189.5, 115.5, 187.375, 130.875, 155.5, 49.15625, 143.375, 143.0, 64.1875, 17.0, 135.875, 175.625, 87.125, 116.0625, 131.0, 31.140625, 102.125, 149.5, 210.75, 100.875, 110.5, 55.09375, 51.96875, 143.625, 81.8125, 61.40625, 48.375, 94.0, 0.0, 133.375, 60.875, 189.75, 130.375, 43.46875, 86.75, 135.875, 69.8125, 162.625, 161.375, 94.625, 185.0, 58.3125, 198.75, 186.5, 42.625, 137.5, 157.625, 112.625, 84.875, 161.75, 65.8125, 151.125, 136.375, 67.875, 102.1875, 82.3125, 103.6875, 185.125, 57.4375, 106.5, 157.125, 110.5, 193.25, 102.0625, 122.6875, 128.625, 85.0, 109.0, 127.5625, 113.1875, 141.25], [38.3125, 24.84375, 48.15625, 130.625, 91.4375, 85.25, 130.875, 1.4140625, 164.5, 86.375, 59.0, 101.8125, 55.21875, 86.375, 47.5, 87.4375, 126.5625, 52.5625, 129.875, 140.5, 127.5625, 103.75, 107.375, 66.8125, 17.265625, 122.875, 85.375, 106.8125, 94.5625, 111.375, 103.3125, 113.125, 167.25, 23.34375, 82.4375, 106.9375, 100.875, 103.875, 133.375, 0.0, 73.375, 74.625, 32.4375, 106.8125, 46.625, 60.21875, 131.875, 87.9375, 31.25, 51.0, 58.0625, 76.375, 65.375, 95.125, 118.5625, 39.21875, 41.21875, 62.15625, 64.9375, 92.875, 102.8125, 100.6875, 36.25, 75.0, 129.375, 89.3125, 65.75, 62.625, 157.875, 86.625, 109.25, 121.8125, 78.125, 132.125, 62.03125, 35.0, 64.1875, 97.9375, 89.125, 20.8125, 34.0], [36.875, 67.9375, 120.625, 119.5625, 124.75, 20.03125, 60.59375, 72.9375, 93.375, 33.40625, 128.625, 94.75, 128.25, 98.25, 96.0, 14.8671875, 126.3125, 85.3125, 80.625, 67.125, 122.0, 125.6875, 62.8125, 77.125, 70.0625, 50.90625, 60.4375, 121.0625, 158.25, 90.0625, 76.6875, 61.84375, 95.5, 82.75, 56.03125, 46.375, 32.6875, 65.1875, 60.875, 73.375, 0.0, 137.0, 77.0, 37.21875, 27.203125, 91.1875, 71.8125, 122.4375, 100.5625, 46.5, 124.125, 17.5, 138.625, 131.875, 49.40625, 78.0625, 97.3125, 59.46875, 45.0, 123.6875, 59.8125, 119.5, 83.625, 33.53125, 101.875, 61.6875, 65.375, 124.6875, 88.8125, 79.5, 113.5625, 102.5625, 140.625, 103.4375, 68.9375, 76.0, 31.0625, 87.875, 97.0, 52.8125, 81.125], [100.8125, 69.1875, 41.125, 127.25, 56.03125, 153.5, 197.625, 74.0, 230.25, 134.625, 79.625, 106.6875, 44.78125, 81.3125, 107.3125, 151.875, 113.625, 120.0625, 162.0, 201.0, 119.6875, 165.625, 181.375, 80.4375, 90.25, 187.75, 160.0, 86.5, 21.265625, 124.9375, 177.875, 151.125, 232.125, 88.25, 114.9375, 177.875, 168.625, 178.25, 189.75, 74.625, 137.0, 0.0, 60.15625, 173.875, 110.8125, 58.53125, 203.625, 53.375, 75.4375, 95.125, 88.75, 132.375, 58.25, 148.875, 186.0, 108.4375, 97.4375, 136.5, 105.6875, 59.90625, 137.75, 78.25, 53.75, 122.1875, 142.125, 118.6875, 90.3125, 98.8125, 225.625, 100.4375, 178.0, 129.5, 3.60546875, 145.125, 135.375, 61.53125, 136.875, 107.6875, 86.375, 92.125, 101.25], [41.59375, 11.046875, 54.21875, 100.5, 60.40625, 94.125, 137.625, 31.0625, 170.125, 76.5, 81.625, 72.4375, 63.1875, 54.5, 79.8125, 91.8125, 94.9375, 84.5, 111.625, 141.0, 96.625, 136.0, 126.125, 37.15625, 48.75, 127.6875, 108.375, 74.375, 81.375, 84.875, 127.25, 97.5, 172.0, 55.59375, 62.40625, 119.4375, 109.0, 124.3125, 130.375, 32.4375, 77.0, 60.15625, 0.0, 114.0625, 51.46875, 27.78125, 145.375, 57.0625, 57.96875, 36.25, 84.0625, 72.5, 78.0, 127.4375, 126.25, 71.125, 72.875, 88.1875, 48.71875, 61.40625, 85.1875, 68.25, 6.70703125, 63.9375, 103.3125, 68.0625, 40.1875, 90.75, 165.75, 58.8125, 139.875, 94.0, 63.6875, 106.25, 90.4375, 3.162109375, 80.75, 69.625, 57.625, 39.0, 66.375], [73.125, 104.625, 154.875, 146.375, 161.0, 21.640625, 24.078125, 106.6875, 57.625, 58.03125, 157.5, 125.0, 162.0, 132.625, 118.875, 22.84375, 156.125, 104.375, 92.6875, 40.0, 150.5, 132.75, 44.6875, 112.625, 99.875, 17.46875, 58.9375, 154.625, 195.125, 116.125, 67.25, 76.6875, 60.46875, 111.375, 86.0625, 19.109375, 6.32421875, 51.03125, 43.46875, 106.8125, 37.21875, 173.875, 114.0625, 0.0, 63.125, 128.0, 38.125, 158.875, 130.625, 83.25, 151.375, 48.0625, 170.875, 145.125, 12.203125, 101.25, 122.6875, 72.1875, 79.5625, 159.75, 81.0, 154.0, 120.6875, 64.625, 123.75, 90.0, 100.4375, 149.875, 51.84375, 111.4375, 113.625, 127.875, 177.375, 124.625, 82.125, 113.1875, 47.4375, 118.0, 130.75, 86.0625, 106.3125], [10.0, 41.625, 93.5, 114.5625, 104.6875, 42.71875, 87.0625, 46.09375, 120.1875, 44.15625, 103.5625, 86.75, 101.1875, 83.375, 76.1875, 41.875, 117.375, 69.3125, 92.125, 94.125, 114.9375, 116.375, 77.3125, 60.65625, 46.0, 77.875, 65.0, 106.6875, 132.0, 87.9375, 83.75, 73.6875, 122.5, 59.0, 53.03125, 68.0, 57.8125, 77.0, 86.75, 46.625, 27.203125, 110.8125, 51.46875, 63.125, 0.0, 69.875, 94.0, 101.9375, 75.3125, 28.859375, 100.25, 31.015625, 112.0, 117.625, 75.3125, 59.125, 75.4375, 53.0, 35.8125, 104.3125, 66.625, 103.5625, 58.1875, 35.78125, 103.25, 60.09375, 51.25, 102.0625, 115.0, 70.1875, 110.1875, 100.25, 114.375, 105.5, 60.15625, 51.0, 33.25, 80.625, 83.4375, 26.6875, 60.21875], [61.21875, 37.34375, 70.625, 77.25, 35.0, 110.375, 150.25, 58.84375, 181.125, 80.0, 104.3125, 51.625, 79.3125, 29.0625, 107.4375, 105.1875, 69.0625, 112.25, 103.4375, 148.875, 72.0, 163.75, 147.125, 21.9375, 76.5, 139.25, 132.125, 46.875, 77.8125, 68.0, 151.125, 93.125, 182.25, 83.25, 57.125, 136.625, 123.875, 146.375, 135.875, 60.21875, 91.1875, 58.53125, 27.78125, 128.0, 69.875, 0.0, 162.5, 32.125, 83.625, 44.78125, 108.4375, 81.625, 95.3125, 155.0, 140.0, 98.8125, 100.125, 113.75, 51.21875, 35.125, 79.625, 40.5, 24.765625, 68.25, 86.0, 60.375, 32.8125, 116.0625, 178.5, 42.4375, 167.0, 74.5625, 61.46875, 89.0, 116.9375, 25.5, 102.25, 51.0, 33.25, 64.75, 94.125], [103.8125, 135.125, 179.375, 184.5, 196.5, 52.1875, 30.40625, 132.0, 48.03125, 96.125, 174.375, 163.0, 185.375, 169.625, 131.0, 59.3125, 194.125, 114.125, 128.375, 57.375, 188.625, 127.5, 32.28125, 148.875, 120.9375, 39.4375, 58.6875, 192.0, 224.5, 154.125, 55.15625, 113.625, 53.15625, 130.25, 124.0, 26.0, 40.125, 40.03125, 69.8125, 131.875, 71.8125, 203.625, 145.375, 38.125, 94.0, 162.5, 0.0, 194.125, 150.125, 118.125, 166.375, 85.3125, 191.75, 145.375, 29.734375, 115.4375, 137.25, 81.3125, 116.25, 195.5, 118.875, 190.875, 152.125, 102.1875, 161.25, 128.125, 137.0, 162.75, 36.0625, 149.125, 103.0625, 165.875, 207.125, 162.0, 89.5, 145.0, 67.625, 156.0, 168.0, 112.0625, 122.0], [93.3125, 67.75, 82.625, 75.125, 3.60546875, 141.875, 180.375, 86.625, 210.25, 107.375, 120.9375, 59.09375, 89.875, 34.65625, 133.25, 136.0, 60.40625, 140.5, 120.9375, 176.75, 67.0, 191.375, 179.25, 47.0, 105.0, 169.125, 164.0, 33.25, 66.125, 78.75, 183.0, 114.625, 211.0, 109.6875, 81.0625, 168.375, 155.0, 178.5, 162.625, 87.9375, 122.4375, 53.375, 57.0625, 158.875, 101.9375, 32.125, 194.125, 0.0, 105.6875, 75.9375, 127.375, 111.5, 105.6875, 180.125, 170.625, 127.125, 124.9375, 145.0, 80.0625, 6.70703125, 101.125, 25.078125, 51.9375, 96.625, 93.9375, 82.0625, 59.53125, 136.25, 208.5, 58.90625, 196.75, 80.375, 54.75, 96.75, 147.5, 55.59375, 134.375, 62.25, 39.4375, 95.75, 121.625], [68.25, 53.84375, 36.34375, 158.5, 109.3125, 109.125, 154.125, 32.375, 187.625, 117.0625, 28.28125, 130.25, 38.625, 112.0, 32.0, 113.625, 152.375, 46.5625, 161.125, 167.0, 154.5, 90.25, 121.8125, 94.875, 30.875, 147.625, 96.375, 130.125, 91.1875, 141.375, 111.625, 144.25, 190.875, 19.84375, 113.5625, 127.1875, 124.4375, 116.6875, 161.375, 31.25, 100.5625, 75.4375, 57.96875, 130.625, 75.3125, 83.625, 150.125, 105.6875, 0.0, 82.1875, 26.921875, 106.0625, 41.71875, 75.25, 141.625, 37.59375, 22.015625, 71.375, 96.1875, 111.625, 134.125, 123.0625, 59.03125, 106.0, 159.5, 120.3125, 95.625, 32.75, 179.75, 115.875, 103.375, 151.25, 78.25, 162.375, 66.75, 61.0625, 84.3125, 127.0, 115.4375, 48.65625, 30.015625], [23.859375, 31.578125, 88.75, 87.625, 78.3125, 66.0, 105.6875, 49.8125, 137.0, 40.25, 109.4375, 59.0625, 97.5, 54.59375, 93.125, 60.40625, 89.0, 90.8125, 79.1875, 106.0625, 87.125, 140.75, 105.0, 32.0625, 59.46875, 94.875, 93.875, 77.9375, 116.1875, 63.40625, 112.5625, 63.1875, 138.375, 71.3125, 31.625, 92.4375, 79.125, 105.3125, 94.625, 51.0, 46.5, 95.125, 36.25, 83.25, 28.859375, 44.78125, 118.125, 75.9375, 82.1875, 0.0, 109.0625, 37.65625, 111.1875, 138.625, 95.25, 78.625, 89.5625, 80.5, 14.0390625, 77.4375, 52.09375, 75.125, 41.875, 27.734375, 80.4375, 38.625, 22.46875, 113.3125, 134.0, 42.4375, 137.375, 75.0625, 98.625, 83.0, 86.5625, 34.125, 61.96875, 53.40625, 54.5625, 39.65625, 77.1875], [94.0, 80.625, 47.84375, 184.5, 131.0, 130.25, 174.125, 59.21875, 207.125, 143.0, 11.1796875, 156.5, 44.65625, 137.25, 36.0625, 136.25, 177.5, 53.75, 187.75, 189.125, 180.125, 82.75, 136.0, 121.1875, 54.34375, 168.625, 109.3125, 154.125, 100.0, 168.125, 121.6875, 170.75, 210.75, 41.4375, 140.5, 145.375, 145.0, 129.875, 185.0, 58.0625, 124.125, 88.75, 84.0625, 151.375, 100.25, 108.4375, 166.375, 127.375, 26.921875, 109.0625, 0.0, 131.25, 37.125, 62.125, 161.625, 51.09375, 29.15625, 85.1875, 123.0, 133.75, 160.75, 146.75, 84.375, 132.25, 186.375, 147.25, 122.4375, 10.1953125, 198.25, 142.5, 102.1875, 177.75, 90.8125, 189.125, 78.0, 87.1875, 104.0, 153.5, 141.0, 74.0, 45.1875], [38.09375, 65.1875, 121.25, 102.5, 113.4375, 35.90625, 68.9375, 75.6875, 99.5625, 16.28125, 134.375, 78.5, 129.5, 84.5, 106.375, 26.015625, 110.0, 97.75, 64.6875, 68.625, 105.3125, 141.0, 79.6875, 64.875, 77.0, 57.71875, 77.8125, 106.6875, 153.5, 72.8125, 94.125, 45.78125, 100.8125, 90.0, 39.46875, 61.0625, 45.1875, 82.4375, 58.3125, 76.375, 17.5, 132.375, 72.5, 48.0625, 31.015625, 81.625, 85.3125, 111.5, 106.0625, 37.65625, 131.25, 0.0, 141.375, 145.375, 59.46875, 88.8125, 106.25, 74.875, 31.625, 112.0, 42.53125, 105.875, 78.625, 17.03125, 84.375, 44.65625, 52.5, 133.0, 97.0625, 64.0, 130.25, 85.25, 135.875, 86.0, 83.875, 70.8125, 47.4375, 71.5625, 82.75, 57.4375, 90.6875], [103.4375, 79.625, 24.734375, 172.375, 109.0, 149.25, 194.75, 65.9375, 228.25, 149.875, 26.015625, 146.75, 16.15625, 123.9375, 68.4375, 152.5, 162.125, 85.5, 189.375, 205.75, 166.375, 119.8125, 163.5, 113.125, 71.375, 187.5, 137.875, 136.375, 65.1875, 161.625, 152.5, 174.25, 231.375, 61.53125, 140.125, 168.5, 164.75, 158.25, 198.75, 65.375, 138.625, 58.25, 78.0, 170.875, 112.0, 95.3125, 191.75, 105.6875, 41.71875, 111.1875, 37.125, 141.375, 0.0, 99.0, 182.25, 78.625, 59.0625, 112.9375, 124.875, 112.375, 162.5, 128.375, 75.3125, 137.875, 180.0, 146.0, 118.125, 47.0, 220.75, 135.375, 138.375, 169.5, 59.40625, 183.0, 107.625, 81.0, 125.4375, 145.375, 128.5, 85.875, 71.1875], [116.5, 119.6875, 107.9375, 224.375, 183.75, 128.375, 163.25, 96.5625, 192.25, 160.75, 73.0, 195.375, 106.1875, 181.5, 47.625, 138.875, 221.5, 48.375, 209.375, 185.125, 222.0, 25.0, 113.1875, 161.25, 80.625, 162.0, 88.375, 201.875, 161.75, 202.0, 91.0625, 190.625, 196.875, 71.8125, 168.875, 132.125, 139.25, 105.3125, 186.5, 95.125, 131.875, 148.875, 127.4375, 145.125, 117.625, 155.0, 145.375, 180.125, 75.25, 138.625, 62.125, 145.375, 99.0, 0.0, 152.0, 60.0, 55.21875, 74.0, 150.625, 185.75, 184.25, 195.375, 130.375, 153.375, 218.875, 176.125, 158.0, 52.03125, 181.0, 179.25, 51.75, 213.5, 151.375, 221.375, 63.9375, 130.125, 102.375, 190.625, 184.0, 99.0, 62.25], [85.25, 116.8125, 166.75, 155.5, 172.75, 33.3125, 12.53125, 118.4375, 46.03125, 68.1875, 168.125, 135.25, 173.625, 143.875, 128.375, 34.875, 166.0, 113.25, 98.625, 34.46875, 160.125, 138.0, 45.1875, 124.25, 111.0, 11.6640625, 64.1875, 165.5, 207.25, 125.3125, 69.3125, 83.9375, 49.25, 122.1875, 96.625, 20.390625, 17.6875, 52.5625, 42.625, 118.5625, 49.40625, 186.0, 126.25, 12.203125, 75.3125, 140.0, 29.734375, 170.625, 141.625, 95.25, 161.625, 59.46875, 182.25, 152.0, 0.0, 111.0625, 132.75, 80.4375, 91.0625, 171.375, 89.6875, 165.25, 132.875, 75.6875, 131.75, 100.125, 112.0, 159.75, 39.6875, 122.1875, 117.1875, 136.875, 189.625, 132.5, 90.125, 125.375, 57.6875, 128.25, 141.75, 97.8125, 116.5], [56.8125, 61.90625, 72.75, 164.75, 130.625, 80.8125, 123.5, 40.5, 156.125, 103.1875, 59.03125, 135.75, 76.0625, 123.4375, 18.03125, 88.375, 162.875, 13.4140625, 151.25, 140.0, 162.875, 65.0, 85.625, 102.3125, 22.359375, 118.6875, 59.46875, 144.875, 126.3125, 142.0, 74.125, 132.875, 159.875, 20.21875, 109.0625, 94.375, 94.9375, 79.9375, 137.5, 39.21875, 78.0625, 108.4375, 71.125, 101.25, 59.125, 98.8125, 115.4375, 127.125, 37.59375, 78.625, 51.09375, 88.8125, 78.625, 60.0, 111.0625, 0.0, 21.953125, 34.65625, 90.75, 132.0, 125.375, 139.125, 75.375, 94.6875, 158.875, 116.3125, 98.3125, 48.71875, 147.125, 119.5625, 70.5625, 153.5, 111.625, 161.375, 29.15625, 73.375, 53.84375, 130.875, 125.625, 39.0625, 7.6171875], [70.8125, 66.0625, 58.125, 171.875, 128.5, 101.9375, 145.25, 42.625, 178.0, 119.375, 37.46875, 143.0, 59.4375, 127.25, 10.046875, 108.6875, 167.625, 26.421875, 166.125, 161.0, 168.75, 68.4375, 107.1875, 108.0625, 30.359375, 140.125, 80.6875, 147.0, 113.125, 151.875, 94.0, 148.25, 181.75, 18.359375, 121.0625, 116.3125, 116.375, 101.1875, 157.625, 41.21875, 97.3125, 97.4375, 72.875, 122.6875, 75.4375, 100.125, 137.25, 124.9375, 22.015625, 89.5625, 29.15625, 106.25, 59.0625, 55.21875, 132.75, 21.953125, 0.0, 56.21875, 102.875, 130.5, 139.5, 140.375, 75.4375, 109.6875, 169.5, 128.125, 106.5625, 27.453125, 169.125, 127.5625, 81.625, 162.625, 100.25, 172.25, 49.53125, 75.6875, 75.25, 139.0, 130.125, 50.96875, 16.5], [56.8125, 77.3125, 104.6875, 167.5, 148.25, 54.4375, 92.4375, 62.96875, 124.0, 91.0, 93.625, 139.375, 109.0625, 133.25, 49.75, 65.0, 169.5, 33.25, 139.5, 112.125, 167.625, 66.25, 51.0, 110.5, 46.5, 89.4375, 25.0, 156.25, 155.875, 140.875, 41.4375, 120.625, 128.125, 52.15625, 105.75, 61.96875, 66.0625, 45.34375, 112.625, 62.15625, 59.46875, 136.5, 88.1875, 72.1875, 53.0, 113.75, 81.3125, 145.0, 71.375, 80.5, 85.1875, 74