{"name": "LZB_n80_3", "n": 80, "m": 10, "times": [[0.0, 69.25, 81.375, 82.75, 92.1875, 86.0625, 83.1875, 116.5, 35.46875, 48.25, 64.0625, 89.5625, 41.59375, 99.4375, 54.75, 70.0625, 85.5625, 55.0, 88.4375, 77.0, 128.75, 74.125, 42.53125, 116.25, 83.625, 69.375, 95.0, 88.0, 128.75, 67.0, 68.0, 102.0, 87.125, 100.25, 67.0625, 32.28125, 87.9375, 115.6875, 63.90625, 79.625, 89.5625, 105.9375, 82.0, 65.375, 84.1875, 118.4375, 84.875, 96.4375, 83.0, 70.25, 85.1875, 68.875, 69.375, 94.375, 110.375, 29.6875, 42.71875, 99.25, 100.5625, 50.0, 23.859375, 30.078125, 36.90625, 89.8125, 73.4375, 35.5, 128.75, 91.0625, 33.625, 94.875, 133.75, 98.0625, 68.625, 109.6875, 55.78125, 120.875, 69.625, 104.125, 98.9375, 100.25, 95.0], [69.25, 0.0, 115.6875, 145.5, 62.375, 118.4375, 17.03125, 161.5, 35.0, 80.9375, 132.375, 157.75, 80.0625, 116.8125, 26.078125, 132.125, 92.4375, 123.8125, 130.625, 15.0, 178.0, 110.25, 110.375, 158.0, 151.5, 59.40625, 71.8125, 156.625, 190.25, 86.8125, 89.1875, 139.25, 129.25, 114.875, 129.125, 101.4375, 82.5, 83.5, 86.3125, 148.875, 156.75, 169.375, 147.125, 91.25, 130.875, 174.875, 153.5, 60.21875, 151.625, 82.75, 37.0, 130.375, 138.5, 141.875, 67.5, 84.875, 110.0625, 168.5, 115.4375, 20.03125, 54.59375, 96.0, 89.8125, 112.6875, 96.8125, 33.71875, 105.0, 35.4375, 70.4375, 39.84375, 114.125, 166.375, 49.9375, 48.8125, 67.8125, 81.375, 50.8125, 130.25, 46.40625, 134.875, 105.25], [81.375, 115.6875, 0.0, 137.375, 84.0, 5.0, 119.0, 47.125, 88.375, 36.875, 80.9375, 123.9375, 41.34375, 180.625, 118.8125, 129.25, 40.03125, 81.25, 163.5, 129.875, 65.3125, 7.28125, 97.3125, 42.5, 122.0, 63.78125, 77.25, 120.3125, 177.5, 30.359375, 149.375, 23.59375, 17.125, 32.5625, 55.46875, 85.0, 55.59375, 188.5, 145.25, 104.25, 129.625, 82.0, 131.0, 24.59375, 157.125, 177.375, 118.125, 92.0625, 94.0625, 151.25, 101.375, 54.40625, 101.375, 32.25, 105.0625, 52.625, 99.25, 118.4375, 181.875, 98.875, 101.625, 65.0, 45.90625, 170.625, 21.21875, 94.875, 205.25, 110.875, 114.9375, 111.8125, 211.625, 130.125, 73.0625, 127.125, 48.3125, 106.5625, 143.25, 24.0, 160.125, 19.84375, 36.34375], [82.75, 145.5, 137.375, 0.0, 174.375, 142.25, 161.5, 148.75, 116.1875, 118.9375, 61.21875, 31.828125, 111.8125, 93.125, 123.1875, 13.4140625, 158.75, 57.125, 51.875, 148.25, 150.875, 131.0, 43.03125, 153.25, 26.40625, 150.375, 176.25, 34.71875, 45.96875, 138.25, 82.25, 148.375, 132.625, 166.375, 88.0, 56.4375, 165.5, 154.25, 81.0, 46.09375, 23.59375, 101.625, 10.0, 133.5, 42.71875, 40.03125, 33.59375, 179.0, 61.84375, 92.0625, 167.5, 90.0, 40.78125, 130.0, 193.0, 93.5, 41.875, 53.03125, 96.75, 129.0, 90.9375, 75.625, 97.1875, 82.625, 140.625, 113.75, 155.125, 172.625, 76.875, 176.625, 154.5, 36.34375, 150.875, 190.625, 133.75, 203.25, 119.875, 160.875, 158.625, 150.0, 164.75], [92.1875, 62.375, 84.0, 174.375, 0.0, 84.3125, 53.65625, 130.0, 64.875, 65.375, 138.625, 175.75, 70.25, 172.5, 83.0, 162.125, 46.3125, 133.125, 176.0, 76.25, 148.75, 82.125, 132.25, 123.8125, 171.0, 25.546875, 10.6328125, 173.25, 220.25, 55.4375, 141.625, 104.25, 101.0, 67.25, 123.125, 119.5, 30.671875, 145.625, 138.0, 160.625, 177.75, 159.875, 172.5, 62.65625, 173.5, 210.625, 170.25, 8.0625, 157.125, 137.75, 27.78125, 123.375, 152.75, 116.0, 21.84375, 86.25, 133.0, 179.25, 171.875, 60.40625, 93.75, 104.1875, 86.4375, 166.125, 63.0, 70.875, 167.375, 35.46875, 113.0625, 33.96875, 176.5, 183.875, 23.59375, 46.0625, 45.625, 29.0, 111.0625, 87.9375, 106.25, 98.5, 57.0], [86.0625, 118.4375, 5.0, 142.25, 84.3125, 0.0, 121.1875, 45.90625, 92.0, 40.8125, 85.5, 128.5, 45.65625, 185.375, 122.4375, 134.25, 39.21875, 86.0, 168.5, 132.75, 64.5, 12.1640625, 102.3125, 40.5, 126.625, 65.125, 77.0, 124.8125, 182.25, 32.1875, 154.0, 21.03125, 18.390625, 29.0625, 59.6875, 90.0, 55.09375, 192.375, 150.0, 108.6875, 134.25, 84.625, 135.875, 27.203125, 162.125, 182.25, 122.625, 92.375, 98.1875, 155.875, 102.8125, 58.53125, 106.0625, 33.25, 105.0, 57.5, 104.25, 122.5625, 186.625, 102.0625, 106.0, 70.0, 50.8125, 175.375, 22.46875, 98.625, 209.25, 112.25, 119.625, 113.0625, 215.75, 134.625, 74.6875, 128.125, 50.78125, 105.8125, 147.25, 19.0, 163.25, 16.40625, 34.0], [83.1875, 17.03125, 119.0, 161.5, 53.65625, 121.1875, 0.0, 165.875, 47.8125, 86.8125, 144.875, 172.5, 87.3125, 133.0, 43.0, 148.25, 90.8125, 136.75, 147.625, 25.078125, 183.125, 114.375, 125.1875, 161.5, 166.375, 57.8125, 64.0, 171.125, 206.625, 89.0, 106.0, 142.25, 133.875, 113.4375, 139.0, 115.4375, 78.5625, 93.375, 103.1875, 162.5, 171.875, 179.25, 162.875, 94.4375, 147.875, 191.625, 168.0, 49.65625, 164.25, 99.3125, 26.0, 140.125, 152.5, 147.375, 54.09375, 95.0, 125.0, 182.125, 131.5, 33.25, 70.75, 108.0625, 99.125, 129.25, 98.875, 48.34375, 115.875, 21.03125, 87.1875, 25.015625, 125.5, 181.125, 47.8125, 31.90625, 70.75, 68.0625, 66.125, 130.875, 52.8125, 137.375, 103.375], [116.5, 161.5, 47.125, 148.75, 130.0, 45.90625, 165.875, 0.0, 131.875, 80.75, 87.5625, 126.25, 83.0, 211.125, 161.875, 144.5, 84.125, 92.9375, 186.25, 175.25, 19.03125, 51.46875, 117.0, 8.6015625, 127.0, 110.875, 122.25, 122.25, 180.875, 77.5, 182.0, 26.0, 32.25, 67.75, 61.625, 107.9375, 100.1875, 230.0, 178.125, 106.0625, 134.0, 60.84375, 140.25, 71.5, 178.5, 187.125, 121.125, 138.0, 91.4375, 185.875, 148.5, 59.4375, 108.25, 22.203125, 150.375, 87.125, 119.1875, 113.375, 213.125, 143.75, 139.5, 91.4375, 80.0, 200.375, 68.125, 137.625, 244.75, 158.0, 149.0, 158.875, 250.25, 130.0, 120.1875, 174.0, 95.0625, 150.0, 183.875, 46.09375, 204.625, 32.0, 76.1875], [35.46875, 35.0, 88.375, 116.1875, 64.875, 92.0, 47.8125, 131.875, 0.0, 51.65625, 97.5, 125.0, 48.8125, 109.25, 30.40625, 103.0625, 75.5625, 89.125, 111.375, 45.59375, 147.125, 82.0625, 77.8125, 129.375, 119.0, 48.0, 70.625, 123.5, 162.0, 63.28125, 77.625, 111.75, 99.8125, 95.75, 94.5625, 67.6875, 71.375, 100.4375, 73.8125, 114.75, 124.75, 134.75, 116.5, 65.625, 109.4375, 149.375, 120.3125, 67.0625, 116.8125, 75.0, 51.625, 95.875, 104.6875, 111.0, 79.625, 50.4375, 77.8125, 134.375, 109.0625, 15.03125, 29.0625, 61.03125, 55.96875, 102.125, 72.6875, 7.28125, 118.3125, 56.40625, 48.34375, 60.4375, 125.6875, 133.5, 42.75, 74.625, 45.1875, 91.6875, 56.34375, 106.8125, 73.0625, 108.1875, 87.6875], [48.25, 80.9375, 36.875, 118.9375, 65.375, 40.8125, 86.8125, 80.75, 51.65625, 0.0, 74.1875, 113.9375, 7.28125, 147.25, 82.0625, 108.4375, 39.9375, 70.0, 135.5, 94.5, 97.0625, 30.40625, 76.0625, 77.8125, 110.125, 40.15625, 62.96875, 111.0625, 163.125, 19.640625, 115.4375, 60.09375, 48.5625, 52.03125, 57.875, 62.65625, 47.5, 151.625, 111.3125, 97.0625, 117.4375, 95.875, 114.9375, 17.125, 130.25, 158.125, 108.25, 72.4375, 92.125, 116.375, 74.0, 58.25, 90.5625, 60.9375, 87.0625, 25.5, 77.5, 115.0, 148.25, 62.96875, 65.9375, 43.5625, 22.671875, 137.875, 25.171875, 58.0, 168.5, 83.0, 81.0, 85.0625, 175.0, 121.625, 46.53125, 101.125, 19.921875, 93.125, 106.375, 57.28125, 124.0625, 56.71875, 47.53125], [64.0625, 132.375, 80.9375, 61.21875, 138.625, 85.5, 144.875, 87.5625, 97.5, 74.1875, 0.0, 42.96875, 68.5, 133.75, 118.625, 57.5625, 110.4375, 9.8515625, 102.0, 141.0, 90.75, 75.6875, 36.125, 92.0625, 41.5, 113.0, 137.0, 39.34375, 97.125, 90.5, 109.8125, 88.4375, 73.25, 112.5, 27.296875, 35.125, 121.0625, 173.375, 106.625, 23.59375, 49.03125, 48.15625, 53.0, 84.25, 93.5, 100.0625, 37.15625, 145.0, 19.421875, 116.75, 141.0, 29.15625, 21.21875, 69.0625, 159.75, 52.8125, 38.21875, 40.8125, 136.5, 112.5625, 85.5, 36.875, 52.15625, 122.5, 89.625, 99.0625, 182.0, 148.625, 84.1875, 151.75, 184.75, 49.40625, 117.1875, 167.625, 93.1875, 167.0, 129.375, 103.125, 162.25, 90.6875, 113.25], [89.5625, 157.75, 123.9375, 31.828125, 175.75, 128.5, 172.5, 126.25, 125.0, 113.9375, 42.96875, 0.0, 107.5, 123.5625, 138.625, 38.46875, 152.0, 44.21875, 83.4375, 163.25, 125.5, 118.5625, 47.4375, 131.875, 7.0703125, 150.5, 175.625, 4.0, 54.90625, 131.625, 108.6875, 130.5, 115.75, 155.25, 69.5625, 57.71875, 161.5, 179.5, 106.75, 20.390625, 8.9453125, 73.25, 22.015625, 125.8125, 74.1875, 62.59375, 5.83203125, 181.375, 35.0, 117.875, 173.75, 71.1875, 23.4375, 110.0, 196.0, 89.875, 47.8125, 21.21875, 127.0625, 139.25, 104.5625, 71.5625, 91.3125, 112.6875, 131.75, 124.3125, 182.875, 180.25, 95.125, 183.875, 183.125, 8.546875, 153.0, 199.0, 131.625, 204.625, 141.0, 146.0, 178.375, 133.125, 155.625], [41.59375, 80.0625, 41.34375, 111.8125, 70.25, 45.65625, 87.3125, 83.0, 48.8125, 7.28125, 68.5, 107.5, 0.0, 140.875, 78.875, 101.25, 47.15625, 63.78125, 128.375, 93.0625, 98.5, 34.40625, 68.875, 80.75, 103.5, 44.71875, 68.625, 104.6875, 156.125, 26.921875, 109.1875, 63.875, 51.09375, 59.0, 54.125, 55.46875, 54.21875, 147.875, 105.0625, 91.0625, 110.75, 93.1875, 107.9375, 24.0, 123.0625, 150.875, 101.8125, 76.9375, 86.8125, 110.5, 76.5, 54.75, 84.125, 62.25, 91.6875, 18.359375, 70.25, 109.3125, 141.875, 61.28125, 60.375, 36.625, 16.40625, 131.375, 32.0, 54.65625, 164.0, 85.1875, 74.75, 87.5625, 170.375, 115.25, 50.0, 103.6875, 24.703125, 98.5, 102.1875, 62.96875, 121.8125, 61.03125, 54.75], [99.4375, 116.8125, 180.625, 93.125, 172.5, 185.375, 133.0, 211.125, 109.25, 147.25, 133.75, 123.5625, 140.875, 0.0, 91.375, 85.25, 181.75, 124.875, 42.96875, 109.5625, 220.0, 173.25, 97.9375, 212.5, 117.0, 157.125, 179.375, 125.5625, 118.125, 165.0, 32.125, 200.125, 184.625, 198.75, 152.5, 104.0, 180.0, 75.25, 36.21875, 131.25, 116.25, 181.75, 101.9375, 164.375, 51.25, 94.0, 123.5, 173.0, 144.625, 34.71875, 152.25, 154.75, 121.375, 189.25, 183.0, 128.125, 95.75, 144.0, 4.0, 112.1875, 83.1875, 119.875, 135.125, 11.3125, 172.375, 102.375, 67.375, 152.125, 66.3125, 156.625, 64.0625, 129.25, 151.75, 164.625, 150.5, 196.5, 67.625, 203.625, 100.4375, 199.0, 192.5], [54.75, 26.078125, 118.8125, 123.1875, 83.0, 122.4375, 43.0, 161.875, 30.40625, 82.0625, 118.625, 138.625, 78.875, 91.375, 0.0, 109.75, 103.8125, 109.3125, 104.8125, 25.078125, 176.625, 112.4375, 91.8125, 159.5, 132.0, 73.0625, 91.1875, 137.875, 167.0, 93.25, 63.125, 142.125, 130.0, 124.9375, 120.5, 85.0, 97.125, 70.1875, 60.21875, 132.125, 136.5, 160.125, 125.875, 95.875, 105.4375, 150.375, 134.75, 82.5, 137.25, 57.0, 60.875, 122.0625, 121.3125, 140.625, 91.6875, 77.8125, 91.0625, 151.5, 90.25, 23.765625, 34.25, 84.375, 84.125, 86.8125, 102.8125, 24.203125, 89.0, 60.9375, 46.53125, 65.375, 96.9375, 147.125, 65.3125, 74.875, 74.625, 105.3125, 28.4375, 137.0, 44.59375, 138.625, 116.25], [70.0625, 132.125, 129.25, 13.4140625, 162.125, 134.25, 148.25, 144.5, 103.0625, 108.4375, 57.5625, 38.46875, 101.25, 85.25, 109.75, 0.0, 148.375, 51.625, 46.75, 134.875, 148.375, 122.625, 32.5625, 148.375, 31.765625, 138.5, 164.25, 40.3125, 58.90625, 127.9375, 71.0, 142.0, 126.0, 157.125, 83.0, 45.875, 154.375, 142.75, 69.4375, 47.5, 32.0, 101.875, 18.109375, 123.625, 37.65625, 49.65625, 38.28125, 166.5, 62.4375, 80.625, 154.5, 85.1875, 39.4375, 124.8125, 180.375, 83.0, 31.015625, 58.84375, 88.6875, 115.6875, 77.5, 65.8125, 87.25, 74.3125, 131.0, 100.4375, 144.75, 159.5, 63.5625, 163.5, 144.875, 44.9375, 138.5, 177.375, 122.3125, 190.875, 107.0625, 153.0, 145.75, 143.125, 155.0], [85.5625, 92.4375, 40.03125, 158.75, 46.3125, 39.21875, 90.8125, 84.125, 75.5625, 39.9375, 110.4375, 152.0, 47.15625, 181.75, 103.8125, 148.375, 0.0, 107.8125, 174.0, 107.4375, 103.0625, 40.3125, 115.9375, 77.625, 148.75, 33.25, 38.125, 148.875, 202.5, 20.59375, 149.625, 58.21875, 57.0625, 22.671875, 89.0, 102.5625, 16.03125, 173.25, 145.5, 134.0, 156.125, 120.8125, 154.375, 26.25, 169.25, 198.0, 146.25, 54.34375, 126.6875, 148.75, 68.625, 88.625, 128.625, 72.1875, 66.1875, 65.375, 117.375, 150.625, 182.125, 80.5, 98.5, 83.1875, 61.78125, 173.125, 21.640625, 82.875, 192.75, 77.875, 116.0625, 77.8125, 200.625, 159.25, 43.125, 91.75, 31.25, 66.625, 131.5, 41.78125, 138.875, 52.34375, 12.8046875], [55.0, 123.8125, 81.25, 57.125, 133.125, 86.0, 136.75, 92.9375, 89.125, 70.0, 9.8515625, 44.21875, 63.78125, 124.875, 109.3125, 51.625, 107.8125, 0.0, 94.4375, 132.0, 97.6875, 75.375, 26.90625, 96.75, 41.1875, 107.625, 132.25, 41.125, 96.375, 87.4375, 100.25, 91.25, 75.5625, 111.8125, 31.40625, 25.296875, 117.4375, 163.5, 97.0, 27.453125, 48.75, 57.625, 50.0, 81.625, 86.1875, 96.875, 38.40625, 139.25, 28.0, 107.0625, 134.125, 33.53125, 20.8125, 73.25, 154.0, 46.875, 29.0625, 46.53125, 127.5, 104.0625, 75.9375, 29.546875, 47.4375, 113.5625, 87.6875, 90.25, 172.125, 141.375, 74.3125, 144.625, 175.0, 51.65625, 111.125, 160.375, 88.25, 161.875, 119.5625, 104.3125, 152.75, 92.9375, 111.625], [88.4375, 130.625, 163.5, 51.875, 176.0, 168.5, 147.625, 186.25, 111.375, 135.5, 102.0, 83.4375, 128.375, 42.96875, 104.8125, 46.75, 174.0, 94.4375, 0.0, 128.0, 192.125, 156.375, 69.25, 189.0, 77.3125, 155.875, 180.75, 85.9375, 76.0625, 154.875, 45.28125, 179.875, 163.75, 187.25, 125.0, 79.4375, 176.125, 113.0, 46.625, 94.25, 75.4375, 148.125, 61.40625, 152.25, 9.21875, 52.9375, 84.3125, 178.5, 109.0, 55.0, 161.25, 127.25, 85.8125, 165.25, 190.625, 112.0, 67.0625, 104.5, 46.875, 119.5625, 82.3125, 98.75, 118.0625, 34.0, 160.25, 106.0625, 109.0, 163.625, 63.0625, 168.125, 106.6875, 88.1875, 153.0, 179.25, 144.125, 203.0, 90.125, 187.5, 128.5, 179.875, 182.875], [77.0, 15.0, 129.875, 148.25, 76.25, 132.75, 25.078125, 175.25, 45.59375, 94.5, 141.0, 163.25, 93.0625, 109.5625, 25.078125, 134.875, 107.4375, 132.0, 128.0, 0.0, 191.375, 124.25, 116.125, 172.0, 156.625, 74.375, 86.0625, 162.375, 192.0, 101.4375, 84.5, 153.5, 143.0, 129.875, 140.0, 108.4375, 97.4375, 69.375, 82.125, 155.875, 161.375, 180.25, 150.875, 105.625, 129.375, 175.0, 159.25, 73.375, 160.0, 76.875, 49.65625, 141.5, 145.25, 155.25, 79.0, 96.0625, 115.5, 175.375, 107.8125, 31.78125, 58.6875, 105.5, 101.5625, 106.75, 111.375, 42.28125, 91.4375, 46.0, 71.5625, 50.09375, 100.8125, 171.75, 64.875, 55.375, 82.3125, 93.0, 42.0625, 145.0, 31.40625, 149.25, 120.25], [128.75, 178.0, 65.3125, 150.875, 148.75, 64.5, 183.125, 19.03125, 147.125, 97.0625, 90.75, 125.5, 98.5, 220.0, 176.625, 148.375, 103.0625, 97.6875, 192.125, 191.375, 0.0, 68.9375, 123.4375, 26.6875, 127.25, 129.125, 141.125, 121.5, 179.0, 95.5625, 192.0, 45.0, 49.34375, 86.6875, 67.625, 115.9375, 119.125, 243.625, 188.25, 106.0625, 133.875, 54.4375, 141.75, 89.3125, 183.875, 187.625, 120.8125, 156.875, 90.5625, 196.625, 166.625, 65.375, 110.125, 36.25, 169.25, 100.125, 125.6875, 110.0625, 222.125, 159.75, 152.25, 101.5625, 93.25, 208.875, 86.5, 152.5, 257.5, 176.125, 160.125, 177.125, 262.25, 128.0, 138.25, 192.375, 112.5625, 169.125, 197.375, 64.9375, 220.25, 51.03125, 95.1875], [74.125, 110.25, 7.28125, 131.0, 82.125, 12.1640625, 114.375, 51.46875, 82.0625, 30.40625, 75.6875, 118.5625, 34.40625, 173.25, 112.4375, 122.625, 40.3125, 75.375, 156.375, 124.25, 68.9375, 0.0, 90.5625, 47.71875, 116.375, 60.53125, 76.125, 115.0, 171.75, 27.078125, 142.125, 29.703125, 19.640625, 36.90625, 51.09375, 78.125, 55.09375, 182.0, 138.0, 99.125, 124.0, 80.5, 124.9375, 20.390625, 150.0, 171.0, 112.6875, 90.0625, 89.625, 144.125, 97.875, 50.25, 95.75, 34.125, 103.5625, 45.34375, 92.4375, 114.0, 174.625, 93.0, 94.5, 58.0, 38.625, 163.375, 19.421875, 88.375, 198.375, 107.25, 107.6875, 108.5, 204.75, 125.0625, 69.4375, 124.0625, 43.65625, 106.0, 136.5, 31.0625, 154.25, 26.625, 38.9375], [42.53125, 110.375, 97.3125, 43.03125, 132.25, 102.3125, 125.1875, 117.0, 77.8125, 76.0625, 36.125, 47.4375, 68.875, 97.9375, 91.8125, 32.5625, 115.9375, 26.90625, 69.25, 116.125, 123.4375, 90.5625, 0.0, 119.8125, 41.21875, 107.8125, 133.5, 46.3125, 88.25, 95.4375, 73.8125, 111.5625, 95.4375, 124.6875, 55.9375, 13.4140625, 122.4375, 139.5, 70.75, 41.3125, 47.0, 84.3125, 40.3125, 91.0625, 61.625, 82.0625, 43.1875, 137.25, 50.15625, 81.125, 127.5625, 58.1875, 30.15625, 96.0625, 151.5, 50.5625, 2.236328125, 60.0, 100.5625, 91.9375, 57.5625, 33.25, 54.71875, 86.6875, 98.375, 76.875, 146.75, 133.625, 51.0, 137.375, 149.0, 55.96875, 108.875, 152.25, 90.6875, 161.25, 97.3125, 121.25, 133.0, 112.125, 122.375], [116.25, 158.0, 42.5, 153.25, 123.8125, 40.5, 161.5, 8.6015625, 129.375, 77.8125, 92.0625, 131.875, 80.75, 212.5, 159.5, 148.375, 77.625, 96.75, 189.0, 172.0, 26.6875, 47.71875, 119.8125, 0.0, 132.25, 105.625, 115.75, 127.875, 186.625, 72.625, 182.75, 19.640625, 29.703125, 60.21875, 65.375, 110.0625, 93.625, 228.375, 178.75, 111.5625, 139.375, 68.5, 145.0, 67.0625, 181.375, 192.0, 126.5625, 131.875, 97.3125, 186.125, 143.25, 63.28125, 113.0, 23.765625, 143.75, 86.625, 122.0, 119.8125, 214.25, 140.625, 138.625, 92.625, 79.375, 201.75, 62.96875, 135.375, 243.875, 152.75, 149.25, 153.5, 249.625, 136.0, 115.1875, 168.375, 90.8125, 143.0, 182.5, 38.3125, 201.875, 25.3125, 69.0], [83.625, 151.5, 122.0, 26.40625, 171.0, 126.625, 166.375, 127.0, 119.0, 110.125, 41.5, 7.0703125, 103.5, 117.0, 132.0, 31.765625, 148.75, 41.1875, 77.3125, 156.625, 127.25, 116.375, 41.21875, 132.25, 0.0, 145.875, 171.125, 8.6015625, 55.65625, 128.25, 101.625, 129.875, 114.75, 153.0, 68.6875, 52.15625, 157.625, 172.5, 99.6875, 21.21875, 7.6171875, 76.1875, 16.40625, 122.5625, 68.125, 60.40625, 7.2109375, 176.5, 36.875, 110.875, 168.25, 70.375, 20.609375, 109.875, 191.0, 85.5625, 41.4375, 27.203125, 120.4375, 133.125, 98.0, 67.1875, 87.4375, 106.0625, 128.75, 118.125, 175.875, 174.5, 88.1875, 178.25, 176.25, 15.1328125, 148.0, 193.25, 127.3125, 199.875, 134.0, 144.5, 171.5, 132.125, 152.875], [69.375, 59.40625, 63.78125, 150.375, 25.546875, 65.125, 57.8125, 110.875, 48.0, 40.15625, 113.0, 150.5, 44.71875, 157.125, 73.0625, 138.5, 33.25, 107.625, 155.875, 74.375, 129.125, 60.53125, 107.8125, 105.625, 145.875, 0.0, 25.8125, 147.875, 196.0, 33.53125, 125.375, 86.0625, 80.0625, 55.875, 98.0, 94.875, 24.046875, 141.375, 121.5, 135.125, 152.75, 135.5, 148.125, 40.1875, 152.625, 187.5, 145.0, 32.3125, 131.5, 123.0, 37.65625, 98.375, 127.4375, 94.625, 47.0, 60.8125, 108.6875, 153.75, 157.0, 49.34375, 75.125, 78.875, 60.90625, 149.75, 42.71875, 55.03125, 161.5, 47.125, 94.125, 48.0625, 169.875, 158.5, 10.0, 63.5, 20.25, 54.21875, 101.375, 73.25, 105.8125, 80.75, 46.0], [95.0, 71.8125, 77.25, 176.25, 10.6328125, 77.0, 64.0, 122.25, 70.625, 62.96875, 137.0, 175.625, 68.625, 179.375, 91.1875, 164.25, 38.125, 132.25, 180.75, 86.0625, 141.125, 76.125, 133.5, 115.75, 171.125, 25.8125, 0.0, 172.875, 221.75, 50.28125, 148.125, 96.3125, 94.3125, 57.875, 119.875, 120.5, 22.09375, 155.25, 144.375, 159.625, 178.25, 155.25, 173.75, 57.5625, 177.75, 213.25, 170.0, 17.5, 155.125, 144.75, 38.28125, 119.9375, 152.375, 109.4375, 28.078125, 85.6875, 134.5, 177.875, 178.875, 68.0, 99.0625, 104.0, 85.0, 172.625, 56.71875, 77.125, 176.875, 46.09375, 118.3125, 44.5625, 185.75, 183.5, 27.890625, 56.09375, 44.03125, 30.46875, 119.5, 79.0625, 116.375, 90.4375, 47.8125], [88.0, 156.625, 120.3125, 34.71875, 173.25, 124.8125, 171.125, 122.25, 123.5, 111.0625, 39.34375, 4.0, 104.6875, 125.5625, 137.875, 40.3125, 148.875, 41.125, 85.9375, 162.375, 121.5, 115.0, 46.3125, 127.875, 8.6015625, 147.875, 172.875, 0.0, 58.84375, 128.5, 109.75, 126.625, 111.9375, 151.875, 65.8125, 55.9375, 158.5, 180.25, 107.6875, 16.5, 12.6484375, 69.375, 24.765625, 122.625, 76.6875, 66.5, 3.162109375, 179.0, 31.015625, 118.875, 171.875, 67.375, 20.515625, 106.125, 193.625, 87.1875, 46.875, 18.59375, 129.0, 137.875, 103.75, 69.0, 88.375, 114.625, 128.5, 123.0, 184.0, 178.5, 95.0, 182.0, 184.625, 10.6328125, 150.625, 197.25, 128.875, 202.125, 141.125, 142.25, 178.125, 129.375, 152.25], [128.75, 190.25, 177.5, 45.96875, 220.25, 182.25, 206.625, 180.875, 162.0, 163.125, 97.125, 54.90625, 156.125, 118.125, 167.0, 58.90625, 202.5, 96.375, 76.0625, 192.0, 179.0, 171.75, 88.25, 186.625, 55.65625, 196.0, 221.75, 58.84375, 0.0, 182.0, 117.875, 185.25, 170.375, 208.125, 124.1875, 101.375, 210.25, 188.5, 117.875, 75.3125, 48.09375, 125.25, 48.25, 176.75, 69.5625, 25.0, 60.40625, 224.875, 89.4375, 128.125, 213.375, 125.875, 76.1875, 165.0, 239.0, 137.875, 87.3125, 69.1875, 122.125, 174.375, 135.875, 119.5625, 140.75, 110.0, 183.375, 159.25, 185.0, 218.375, 120.4375, 222.375, 182.25, 51.03125, 196.75, 236.25, 178.75, 249.125, 160.0, 200.125, 199.25, 187.75, 207.5], [67.0, 86.8125, 30.359375, 138.25, 55.4375, 32.1875, 89.0, 77.5, 63.28125, 19.640625, 90.5, 131.625, 26.921875, 165.0, 93.25, 127.9375, 20.59375, 87.4375, 154.875, 101.4375, 95.5625, 27.078125, 95.4375, 72.625, 128.25, 33.53125, 50.28125, 128.5, 182.0, 0.0, 133.0, 53.21875, 46.53125, 33.71875, 70.5, 82.0625, 31.0625, 163.5, 128.875, 113.875, 135.625, 105.0, 133.875, 7.28125, 149.75, 177.5, 125.875, 63.28125, 107.3125, 133.125, 71.0625, 70.3125, 108.25, 61.21875, 77.125, 44.9375, 96.9375, 131.0, 165.75, 71.5, 82.4375, 62.625, 41.1875, 156.0, 10.0, 70.3125, 181.625, 80.5, 98.875, 81.5625, 188.875, 139.0, 42.71875, 97.0, 19.109375, 80.625, 119.5625, 43.9375, 132.25, 48.375, 28.078125], [68.0, 89.1875, 149.375, 82.25, 141.625, 154.0, 106.0, 182.0, 77.625, 115.4375, 109.8125, 108.6875, 109.1875, 32.125, 63.125, 71.0, 149.625, 100.25, 45.28125, 84.5, 192.0, 142.125, 73.8125, 182.75, 101.625, 125.375, 148.125, 109.75, 117.875, 133.0, 0.0, 169.625, 154.25, 166.75, 125.375, 77.0625, 148.0, 72.0, 4.125, 111.8125, 102.9375, 157.875, 89.125, 132.5, 49.03125, 96.8125, 107.1875, 142.75, 123.3125, 10.1953125, 122.9375, 127.5625, 101.0625, 159.875, 153.5, 97.1875, 71.875, 127.5, 32.75, 81.9375, 51.09375, 90.6875, 104.25, 24.515625, 140.5, 71.0, 74.3125, 123.875, 34.46875, 128.375, 75.5625, 115.75, 120.375, 137.875, 118.3125, 166.625, 45.0, 172.0, 83.25, 168.125, 160.375], [102.0, 139.25, 23.59375, 148.375, 104.25, 21.03125, 142.25, 26.0, 111.75, 60.09375, 88.4375, 130.5, 63.875, 200.125, 142.125, 142.0, 58.21875, 91.25, 179.875, 153.5, 45.0, 29.703125, 111.5625, 19.640625, 129.875, 86.0625, 96.3125, 126.625, 185.25, 53.21875, 169.625, 0.0, 16.125, 42.1875, 61.1875, 100.4375, 74.25, 211.625, 165.5, 110.1875, 137.375, 75.6875, 141.0, 48.03125, 172.875, 188.125, 124.9375, 112.3125, 97.5, 172.25, 123.625, 59.4375, 109.6875, 22.203125, 124.375, 72.4375, 113.625, 121.3125, 201.75, 122.4375, 123.4375, 81.5, 65.3125, 189.875, 43.46875, 118.0625, 227.875, 133.125, 135.5, 133.75, 234.0, 135.625, 95.625, 148.625, 71.6875, 124.0625, 166.125, 21.46875, 183.625, 6.08203125, 50.25], [87.125, 129.25, 17.125, 132.625, 101.0, 18.390625, 133.875, 32.25, 99.8125, 48.5625, 73.25, 115.75, 51.09375, 184.625, 130.0, 126.0, 57.0625, 75.5625, 163.75, 143.0, 49.34375, 19.640625, 95.4375, 29.703125, 114.75, 80.0625, 94.3125, 111.9375, 170.375, 46.53125, 154.25, 16.125, 0.0, 46.875, 46.1875, 84.375, 72.6875, 198.75, 150.25, 95.5, 122.25, 66.625, 125.4375, 40.03125, 156.75, 172.375, 110.0625, 109.0, 83.625, 157.25, 117.5, 44.59375, 94.375, 15.1328125, 122.125, 57.46875, 97.5, 107.8125, 186.25, 111.5, 109.1875, 65.5, 50.25, 174.125, 38.0, 105.75, 214.25, 126.875, 120.4375, 128.125, 220.0, 121.25, 89.0625, 143.5, 63.25, 123.625, 152.75, 31.0625, 172.5, 17.46875, 52.40625], [100.25, 114.875, 32.5625, 166.375, 67.25, 29.0625, 113.4375, 67.75, 95.75, 52.03125, 112.5, 155.25, 59.0, 198.75, 124.9375, 157.125, 22.671875, 111.8125, 187.25, 129.875, 86.6875, 36.90625, 124.6875, 60.21875, 153.0, 55.875, 57.875, 151.875, 208.125, 33.71875, 166.75, 42.1875, 46.875, 0.0, 87.8125, 111.625, 36.6875, 194.875, 162.625, 136.0, 160.5, 113.4375, 160.875, 35.0, 181.75, 206.25, 149.5, 75.0, 126.375, 166.875, 91.0, 86.8125, 132.375, 60.8125, 85.375, 75.5625, 126.375, 150.75, 199.5, 102.0625, 116.1875, 91.4375, 70.1875, 189.625, 27.015625, 102.9375, 213.875, 100.1875, 132.5, 99.875, 221.375, 161.875, 65.8125, 113.1875, 50.5625, 83.1875, 152.125, 22.0, 161.25, 36.125, 10.296875], [67.0625, 129.125, 55.46875, 88.0, 123.125, 59.6875, 139.0, 61.625, 94.5625, 57.875, 27.296875, 69.5625, 54.125, 152.5, 120.5, 83.0, 89.0, 31.40625, 125.0, 140.0, 67.625, 51.09375, 55.9375, 65.375, 68.6875, 98.0, 119.875, 65.8125, 124.1875, 70.5, 125.375, 61.1875, 46.1875, 87.8125, 0.0, 48.59375, 101.5625, 182.375, 121.75, 49.40625, 76.1875, 40.3125, 80.125, 63.5, 117.0, 127.25, 63.875, 130.25, 38.59375, 130.875, 130.5, 2.236328125, 48.5, 42.0, 144.875, 44.28125, 58.1875, 63.0, 154.875, 109.1875, 90.8125, 37.21875, 40.0, 141.5, 67.5, 98.0, 193.875, 139.0, 95.125, 141.625, 197.875, 75.25, 104.0625, 157.625, 77.8125, 150.25, 136.625, 76.5625, 165.125, 63.59375, 89.8125], [32.28125, 101.4375, 85.0, 56.4375, 119.5, 90.0, 115.4375, 107.9375, 67.6875, 62.65625, 35.125, 57.71875, 55.46875, 104.0, 85.0, 45.875, 102.5625, 25.296875, 79.4375, 108.4375, 115.9375, 78.125, 13.4140625, 110.0625, 52.15625, 94.875, 120.5, 55.9375, 101.375, 82.0625, 77.0625, 100.4375, 84.375, 111.625, 48.59375, 0.0, 109.0625, 138.25, 73.5625, 47.53125, 58.59375, 81.8125, 53.25, 77.8125, 72.4375, 95.4375, 52.8125, 124.75, 52.625, 83.125, 116.125, 50.8125, 37.09375, 86.375, 139.125, 37.15625, 14.8671875, 67.0625, 106.25, 82.25, 51.15625, 20.21875, 41.5, 92.9375, 85.1875, 67.6875, 147.625, 122.5625, 49.1875, 126.1875, 150.75, 66.1875, 96.3125, 141.375, 77.4375, 148.5, 94.25, 109.0, 127.875, 100.625, 109.125], [87.9375, 82.5, 55.59375, 165.5, 30.671875, 55.09375, 78.5625, 100.1875, 71.375, 47.5, 121.0625, 161.5, 54.21875, 180.0, 97.125, 154.375, 16.03125, 117.4375, 176.125, 97.4375, 119.125, 55.09375, 122.4375, 93.625, 157.625, 24.046875, 22.09375, 158.5, 210.25, 31.0625, 148.0, 74.25, 72.6875, 36.6875, 101.5625, 109.0625, 0.0, 165.125, 144.0, 144.25, 164.875, 135.25, 162.0, 38.09375, 172.125, 204.0, 155.75, 38.59375, 138.25, 146.125, 54.8125, 101.375, 138.0, 87.8125, 50.15625, 72.4375, 123.6875, 161.75, 180.0, 73.375, 97.1875, 90.8125, 70.1875, 172.125, 35.75, 78.5, 185.5, 63.8125, 115.75, 63.28125, 193.875, 169.125, 32.65625, 76.5625, 32.3125, 51.0, 125.4375, 57.28125, 128.75, 68.375, 26.40625], [115.6875, 83.5, 188.5, 154.25, 145.625, 192.375, 93.375, 230.0, 100.4375, 151.625, 173.375, 179.5, 147.875, 75.25, 70.1875, 142.75, 173.25, 163.5, 113.0, 69.375, 243.625, 182.0, 139.5, 228.375, 172.5, 141.375, 155.25, 180.25, 188.5, 163.5, 72.0, 211.625, 198.75, 194.875, 182.375, 138.25, 165.125, 0.0, 73.25, 180.125, 174.375, 219.625, 160.75, 166.0, 118.9375, 165.875, 177.5, 142.625, 189.5, 62.125, 118.875, 184.25, 169.0, 208.25, 147.25, 143.5, 137.875, 197.25, 71.5625, 92.8125, 91.8125, 145.125, 150.5, 80.0625, 173.0, 93.75, 23.09375, 114.25, 89.1875, 117.9375, 33.375, 187.0, 132.5, 119.0, 144.75, 161.125, 46.21875, 207.25, 42.0, 208.375, 185.875], [63.90625, 86.3125, 145.25, 81.0, 138.0, 150.0, 103.1875, 178.125, 73.8125, 111.3125, 106.625, 106.75, 105.0625, 36.21875, 60.21875, 69.4375, 145.5, 97.0, 46.625, 82.125, 188.25, 138.0, 70.75, 178.75, 99.6875, 121.5, 144.375, 107.6875, 117.875, 128.875, 4.125, 165.5, 150.25, 162.625, 121.75, 73.5625, 144.0, 73.25, 0.0, 109.25, 101.25, 154.625, 87.5625, 128.375, 49.65625, 97.3125, 105.0625, 139.125, 120.4375, 11.1796875, 119.625, 123.9375, 98.4375, 155.875, 150.0, 93.125, 68.8125, 125.25, 36.875, 78.4375, 47.03125, 86.8125, 100.25, 28.28125, 136.375, 67.25, 76.6875, 120.75, 30.359375, 125.25, 78.375, 113.9375, 116.5625, 135.125, 114.25, 163.25, 43.5625, 167.875, 82.3125, 164.0, 156.25], [79.625, 148.875, 104.25, 46.09375, 160.625, 108.6875, 162.5, 106.0625, 114.75, 97.0625, 23.59375, 20.390625, 91.0625, 131.25, 132.125, 47.5, 134.0, 27.453125, 94.25, 155.875, 106.0625, 99.125, 41.3125, 111.5625, 21.21875, 135.125, 159.625, 16.5, 75.3125, 113.875, 111.8125, 110.1875, 95.5, 136.0, 49.40625, 47.53125, 144.25, 180.125, 109.25, 0.0, 28.0, 55.53125, 36.40625, 107.6875, 85.125, 81.625, 15.03125, 166.75, 15.8125, 120.125, 161.125, 50.90625, 11.1796875, 89.625, 181.5, 74.3125, 42.59375, 19.640625, 134.375, 129.5, 98.0625, 56.8125, 74.625, 120.0, 113.25, 115.125, 185.875, 168.25, 92.25, 171.625, 187.375, 25.9375, 138.625, 187.125, 115.625, 189.25, 138.625, 125.9375, 174.125, 112.875, 136.875], [89.5625, 156.75, 129.625, 23.59375, 177.75, 134.25, 171.875, 134.0, 124.75, 117.4375, 49.03125, 8.9453125, 110.75, 116.25, 136.5, 32.0, 156.125, 48.75, 75.4375, 161.375, 133.875, 124.0, 47.0, 139.375, 7.6171875, 152.75, 178.25, 12.6484375, 48.09375, 135.625, 102.9375, 137.375, 122.25, 160.5, 76.1875, 58.59375, 164.875, 174.375, 101.25, 28.0, 0.0, 82.0, 14.3203125, 130.125, 66.3125, 53.9375, 13.0390625, 183.25, 43.28125, 112.4375, 174.5, 77.875, 28.234375, 117.25, 197.75, 92.75, 46.96875, 29.828125, 119.875, 138.75, 102.8125, 74.3125, 94.8125, 105.625, 136.375, 123.5625, 176.875, 180.625, 91.9375, 184.375, 176.75, 13.0, 154.75, 199.25, 134.375, 206.75, 137.125, 152.125, 175.125, 139.75, 160.375], [105.9375, 169.375, 82.0, 101.625, 159.875, 84.625, 179.25, 60.84375, 134.75, 95.875, 48.15625, 73.25, 93.1875, 181.75, 160.125, 101.875, 120.8125, 57.625, 148.125, 180.25, 54.4375, 80.5, 84.3125, 68.5, 76.1875, 135.5, 155.25, 69.375, 125.25, 105.0, 157.875, 75.6875, 66.625, 113.4375, 40.3125, 81.8125, 135.25, 219.625, 154.625, 55.53125, 82.0, 0.0, 91.9375, 97.75, 139.25, 135.875, 69.25, 167.375, 39.8125, 164.625, 169.625, 39.125, 62.4375, 53.75, 181.625, 84.5625, 86.375, 56.09375, 184.5, 149.5, 129.25, 75.875, 80.125, 170.5, 99.5625, 138.125, 229.375, 178.375, 130.875, 180.75, 232.5, 74.6875, 142.375, 196.875, 115.5625, 185.625, 174.5, 96.25, 204.75, 80.625, 118.3125], [82.0, 147.125, 131.0, 10.0, 172.5, 135.875, 162.875, 140.25, 116.5, 114.9375, 53.0, 22.015625, 107.9375, 101.9375, 125.875, 18.109375, 154.375, 50.0, 61.40625, 150.875, 141.75, 124.9375, 40.3125, 145.0, 16.40625, 148.125, 173.75, 24.765625, 48.25, 133.875, 89.125, 141.0, 125.4375, 160.875, 80.125, 53.25, 162.0, 160.75, 87.5625, 36.40625, 14.3203125, 91.9375, 0.0, 128.75, 52.1875, 47.09375, 23.59375, 177.5, 52.1875, 98.75, 167.25, 82.125, 32.0625, 122.0625, 191.75, 89.5625, 39.625, 43.1875, 105.5625, 129.875, 92.6875, 71.375, 92.6875, 91.3125, 135.625, 114.625, 162.75, 172.75, 80.25, 176.75, 162.5, 27.3125, 149.25, 191.125, 130.625, 201.5, 124.6875, 154.25, 163.125, 142.875, 159.75], [65.375, 91.25, 24.59375, 133.5, 62.65625, 27.203125, 94.4375, 71.5, 65.625, 17.125, 84.25, 125.8125, 24.0, 164.375, 95.875, 123.625, 26.25, 81.625, 152.25, 105.625, 89.3125, 20.390625, 91.0625, 67.0625, 122.5625, 40.1875, 57.5625, 122.625, 176.75, 7.28125, 132.5, 48.03125, 40.03125, 35.0, 63.5, 77.8125, 38.09375, 166.0, 128.375, 107.6875, 130.125, 97.75, 128.75, 0.0, 146.875, 173.125, 120.0, 70.4375, 100.6875, 133.125, 77.4375, 63.28125, 102.4375, 54.4375, 84.375, 41.0, 92.625, 124.5, 165.25, 75.0, 82.5625, 57.9375, 36.40625, 155.0, 8.0625, 72.4375, 183.625, 86.875, 98.0625, 88.125, 190.5, 133.0, 49.03125, 103.6875, 23.703125, 87.9375, 121.5, 41.34375, 136.125, 43.59375, 31.328125], [84.1875, 130.875, 157.125, 42.71875, 173.5, 162.125, 147.875, 178.5, 109.4375, 130.25, 93.5, 74.1875, 123.0625, 51.25, 105.4375, 37.65625, 169.25, 86.1875, 9.21875, 129.375, 183.875, 150.0, 61.625, 181.375, 68.125, 152.625, 177.75, 76.6875, 69.5625, 149.75, 49.03125, 172.875, 156.75, 181.75, 117.0, 72.4375, 172.125, 118.9375, 49.65625, 85.125, 66.3125, 139.25, 52.1875, 146.875, 0.0, 47.75, 75.0625, 176.375, 100.0, 59.125, 160.125, 119.1875, 76.875, 157.625, 189.0, 106.25, 59.4375, 95.25, 55.09375, 118.625, 80.4375, 92.125, 112.0625, 41.59375, 154.75, 104.5625, 116.25, 163.0, 61.625, 167.375, 114.4375, 79.0625, 150.25, 179.25, 140.0, 201.0, 93.0625, 181.125, 132.0, 173.0, 177.75], [118.4375, 174.875, 177.375, 40.03125, 210.625, 182.25, 191.625, 187.125, 149.375, 158.125, 100.0625, 62.59375, 150.875, 94.0, 150.375, 49.65625, 198.0, 96.875, 52.9375, 175.0, 187.625, 171.0, 82.0625, 192.0, 60.40625, 187.5, 213.25, 66.5, 25.0, 177.5, 96.8125, 188.125, 172.375, 206.25, 127.25, 95.4375, 204.0, 165.875, 97.3125, 81.625, 53.9375, 135.875, 47.09375, 173.125, 47.75, 0.0, 66.9375, 214.625, 97.1875, 106.875, 201.0, 129.25, 79.0, 169.125, 228.125, 132.625, 80.625, 81.375, 98.0, 160.5, 121.625, 115.1875, 136.75, 86.5, 180.25, 145.625, 161.25, 205.125, 104.5, 209.25, 158.0, 62.03125, 187.0, 222.25, 171.875, 239.25, 140.5, 200.875, 179.5, 189.75, 204.375], [84.875, 153.5, 118.125, 33.59375, 170.25, 122.625, 168.0, 121.125, 120.3125, 108.25, 37.15625, 5.83203125, 101.8125, 123.5, 134.75, 38.28125, 146.25, 38.40625, 84.3125, 159.25, 120.8125, 112.6875, 43.1875, 126.5625, 7.2109375, 145.0, 170.0, 3.162109375, 60.40625, 125.875, 107.1875, 124.9375, 110.0625, 149.5, 63.875, 52.8125, 155.75, 177.5, 105.0625, 15.03125, 13.0390625, 69.25, 23.59375, 120.0, 75.0625, 66.9375, 0.0, 176.0, 30.265625, 116.1875, 168.75, 65.5, 17.6875, 104.5625, 190.625, 84.3125, 43.75, 20.59375, 126.9375, 134.75, 100.625, 66.0625, 85.5625, 112.5, 125.9375, 119.875, 181.5, 175.25, 92.0, 178.875, 182.125, 13.6015625, 147.625, 194.125, 126.0, 199.125, 138.125, 140.25, 175.125, 127.5, 149.75], [96.4375, 60.21875, 92.0625, 179.0, 8.0625, 92.375, 49.65625, 138.0, 67.0625, 72.4375, 145.0, 181.375, 76.9375, 173.0, 82.5, 166.5, 54.34375, 139.25, 178.5, 73.375, 156.875, 90.0625, 137.25, 131.875, 176.5, 32.3125, 17.5, 179.0, 224.875, 63.28125, 142.75, 112.3125, 109.0, 75.0, 130.25, 124.75, 38.59375, 142.625, 139.125, 166.75, 183.25, 167.375, 177.5, 70.4375, 176.375, 214.625, 176.0, 0.0, 163.625, 138.25, 23.765625, 130.625, 158.625, 124.0, 14.765625, 92.4375, 137.875, 185.625, 172.25, 60.875, 96.125, 110.125, 93.0, 167.125, 71.0, 72.625, 164.75, 30.015625, 115.375, 27.796875, 174.125, 189.625, 28.421875, 38.59375, 52.5625, 24.703125, 110.0625, 95.875, 102.4375, 106.5625, 64.875], [83.0, 151.625, 94.0625, 61.84375, 157.125, 98.1875, 164.25, 91.4375, 116.8125, 92.125, 19.421875, 35.0, 86.8125, 144.625, 137.25, 62.4375, 126.6875, 28.0, 109.0, 160.0, 90.5625, 89.625, 50.15625, 97.3125, 36.875, 131.5, 155.125, 31.015625, 89.4375, 107.3125, 123.3125, 97.5, 83.625, 126.375, 38.59375, 52.625, 138.25, 189.5, 120.4375, 15.8125, 43.28125, 39.8125, 52.1875, 100.6875, 100.0, 97.1875, 30.265625, 163.625, 0.0, 131.0, 160.375, 39.65625, 23.34375, 76.25, 178.5, 71.875, 51.90625, 24.40625, 147.625, 131.875, 103.6875, 56.28125, 70.6875, 133.25, 105.375, 118.1875, 196.75, 168.0, 100.5625, 171.125, 198.875, 38.625, 136.0, 187.0, 111.5, 185.25, 146.5, 114.5, 180.5, 100.75, 128.25], [70.25, 82.75, 151.25, 92.0625, 137.75, 155.875, 99.3125, 185.875, 75.0, 116.375, 116.75, 117.875, 110.5, 34.71875, 57.0, 80.625, 148.75, 107.0625, 55.0, 76.875, 196.625, 144.125, 81.125, 186.125, 110.875, 123.0, 144.75, 118.875, 128.125, 133.125, 10.1953125, 172.25, 157.25, 166.875, 130.875, 83.125, 146.125, 62.125, 11.1796875, 120.125, 112.4375, 164.625, 98.75, 133.125, 59.125, 106.875, 116.1875, 138.25, 131.0, 0.0, 117.625, 132.875, 109.25, 163.625, 148.375, 99.875, 79.25, 136.25, 34.125, 77.4375, 50.6875, 95.125, 107.0625, 30.015625, 141.125, 68.0, 65.8125, 117.9375, 36.90625, 122.375, 67.9375, 125.125, 117.25, 131.125, 117.5625, 161.875, 36.0625, 173.5, 73.5625, 170.375, 160.0], [85.1875, 37.0, 101.375, 167.5, 27.78125, 102.8125, 26.0, 148.5, 51.625, 74.0, 141.0, 173.75, 76.5, 152.25, 60.875, 154.5, 68.625, 134.125, 161.25, 49.65625, 166.625, 97.875, 127.5625, 143.25, 168.25, 37.65625, 38.28125, 171.875, 213.375, 71.0625, 122.9375, 123.625, 117.5, 91.0, 130.5, 116.125, 54.8125, 118.875, 119.625, 161.125, 174.5, 169.625, 167.25, 77.4375, 160.125, 201.0, 168.75, 23.765625, 160.375, 117.625, 0.0, 131.25, 152.0, 131.875, 30.8125, 88.625, 127.875, 180.5, 151.125, 41.6875, 79.8125, 104.5625, 91.0, 147.125, 80.375, 55.59375, 141.0, 9.484375, 98.5, 11.046875, 150.5, 182.25, 28.4375, 27.171875, 55.15625, 44.5625, 87.5625, 110.0, 78.75, 118.3125, 80.6875], [68.875, 130.375, 54.40625, 90.0, 123.375, 58.53125, 140.125, 59.4375, 95.875, 58.25, 29.15625, 71.1875, 54.75, 154.75, 122.0625, 85.1875, 88.625, 33.53125, 127.25, 141.5, 65.375, 50.25, 58.1875, 63.28125, 70.375, 98.375, 119.9375, 67.375, 125.875, 70.3125, 127.5625, 59.4375, 44.59375, 86.8125, 2.236328125, 50.8125, 101.375, 184.25, 123.9375, 50.90625, 77.875, 39.125, 82.125, 63.28125, 119.1875, 129.25, 65.5, 130.625, 39.65625, 132.875, 131.25, 0.0, 50.34375, 40.0, 145.125, 45.53125, 60.40625, 64.0625, 157.0, 110.5, 92.6875, 39.125, 41.0, 143.625, 67.0, 99.4375, 195.875, 139.75, 97.1875, 142.25, 199.875, 76.6875, 104.5625, 158.375, 78.1875, 150.375, 138.375, 75.125, 166.75, 61.96875, 89.125], [69.375, 138.5, 101.375, 40.78125, 152.75, 106.0625, 152.5, 108.25, 104.6875, 90.5625, 21.21875, 23.4375, 84.125, 121.375, 121.3125, 39.4375, 128.625, 20.8125, 85.8125, 145.25, 110.125, 95.75, 30.15625, 113.0, 20.609375, 127.4375, 152.375, 20.515625, 76.1875, 108.25, 101.0625, 109.6875, 94.375, 132.375, 48.5, 37.09375, 138.0, 169.0, 98.4375, 11.1796875, 28.234375, 62.4375, 32.0625, 102.4375, 76.875, 79.0, 17.6875, 158.625, 23.34375, 109.25, 152.0, 50.34375, 0.0, 90.1875, 173.375, 66.6875, 31.40625, 30.15625, 124.5, 119.375, 87.125, 48.59375, 67.875, 110.125, 108.4375, 104.8125, 175.0, 158.875, 81.0625, 162.375, 176.625, 31.140625, 130.375, 177.75, 108.375, 181.625, 127.4375, 123.9375, 163.125, 111.8125, 132.375], [94.375, 141.875, 32.25, 130.0, 116.0, 33.25, 147.375, 22.203125, 111.0, 60.9375, 69.0625, 110.0, 62.25, 189.25, 140.625, 124.8125, 72.1875, 73.25, 165.25, 155.25, 36.25, 34.125, 96.0625, 23.765625, 109.875, 94.625, 109.4375, 106.125, 165.0, 61.21875, 159.875, 22.203125, 15.1328125, 60.8125, 42.0, 86.375, 87.8125, 208.25, 155.875, 89.625, 117.25, 53.75, 122.0625, 54.4375, 157.625, 169.125, 104.5625, 124.0, 76.25, 163.625, 131.875, 40.0, 90.1875, 0.0, 137.25, 65.0625, 98.25, 99.75, 191.125, 123.5, 117.4375, 69.375, 57.96875, 178.5, 53.0, 116.5, 222.75, 141.25, 126.8125, 142.5, 228.125, 114.75, 103.4375, 158.125, 77.125, 138.75, 162.125, 42.53125, 184.0, 26.875, 67.0625], [110.375, 67.5, 105.0625, 193.0, 21.84375, 105.0, 54.09375, 150.375, 79.625, 87.0625, 159.75, 196.0, 91.6875, 183.0, 91.6875, 180.375, 66.1875, 154.0, 190.625, 79.0, 169.25, 103.5625, 151.5, 143.75, 191.0, 47.0, 28.078125, 193.625, 239.0, 77.125, 153.5, 124.375, 122.125, 85.375, 144.875, 139.125, 50.15625, 147.25, 150.0, 181.5, 197.75, 181.625, 191.75, 84.375, 189.0, 228.125, 190.625, 14.765625, 178.5, 148.375, 30.8125, 145.125, 173.375, 137.25, 0.0, 107.1875, 152.125, 200.375, 181.875, 71.6875, 108.5625, 124.8125, 107.8125, 177.75, 84.3125, 84.625, 169.875, 33.0625, 127.625, 29.28125, 179.5, 204.25, 43.0, 33.59375, 67.25, 14.0, 118.25, 106.875, 105.875, 118.5, 75.5], [29.6875, 84.875, 52.625, 93.5, 86.25, 57.5, 95.0, 87.125, 50.4375, 25.5, 52.8125, 89.875, 18.359375, 128.125, 77.8125, 83.0, 65.375, 46.875, 112.0, 96.0625, 100.125, 45.34375, 50.5625, 86.625, 85.5625, 60.8125, 85.6875, 87.1875, 137.875, 44.9375, 97.1875, 72.4375, 57.46875, 75.5625, 44.28125, 37.15625, 72.4375, 143.5, 93.125, 74.3125, 92.75, 84.5625, 89.5625, 41.0, 106.25, 132.625, 84.3125, 92.4375, 71.875, 99.875, 88.625, 45.53125, 66.6875, 65.0625, 107.1875, 0.0, 52.0, 93.125, 129.5, 64.9375, 52.34375, 18.4375, 7.2109375, 118.0, 48.65625, 54.4375, 157.75, 96.5625, 63.0625, 99.4375, 163.125, 97.8125, 64.4375, 115.4375, 41.71875, 115.0, 97.3125, 76.125, 122.25, 70.9375, 72.25], [42.71875, 110.0625, 99.25, 41.875, 133.0, 104.25, 125.0, 119.1875, 77.8125, 77.5, 38.21875, 47.8125, 70.25, 95.75, 91.0625, 31.015625, 117.375, 29.0625, 67.0625, 115.5, 125.6875, 92.4375, 2.236328125, 122.0, 41.4375, 108.6875, 134.5, 46.875, 87.3125, 96.9375, 71.875, 113.625, 97.5, 126.375, 58.1875, 14.8671875, 123.6875, 137.875, 68.8125, 42.59375, 46.96875, 86.375, 39.625, 92.625, 59.4375, 80.625, 43.75, 137.875, 51.90625, 79.25, 127.875, 60.40625, 31.40625, 98.25, 152.125, 52.0, 0.0, 61.03125, 98.4375, 91.8125, 56.875, 34.9375, 56.3125, 84.5, 100.0, 76.6875, 144.875, 133.75, 49.65625, 137.625, 147.125, 56.3125, 109.625, 152.375, 91.8125, 162.0, 96.0, 123.1875, 132.0, 114.1875, 123.9375], [99.25, 168.5, 118.4375, 53.03125, 179.25, 122.5625, 182.125, 113.375, 134.375, 115.0, 40.8125, 21.21875, 109.3125, 144.0, 151.5, 58.84375, 150.625, 46.53125, 104.5, 175.375, 110.0625, 114.0, 60.0, 119.8125, 27.203125, 153.75, 177.875, 18.59375, 69.1875, 131.0, 127.5, 121.3125, 107.8125, 150.75, 63.0, 67.0625, 161.75, 197.25, 125.25, 19.640625, 29.828125, 56.09375, 43.1875, 124.5, 95.25, 81.375, 20.59375, 185.625, 24.40625, 136.25, 180.5, 64.0625, 30.15625, 99.75, 200.375, 93.125, 61.03125, 0.0, 147.5, 149.125, 117.25, 76.0625, 92.9375, 133.125,