{"name": "LZB_n80_6", "n": 80, "m": 10, "times": [[0.0, 65.75, 99.125, 83.5625, 88.6875, 76.5625, 61.03125, 105.375, 70.1875, 88.75, 91.6875, 137.875, 93.3125, 72.8125, 46.25, 95.1875, 46.09375, 24.515625, 63.0625, 116.125, 28.15625, 80.0, 52.15625, 52.34375, 90.25, 37.21875, 47.15625, 24.734375, 121.8125, 105.3125, 88.3125, 50.9375, 74.8125, 37.34375, 79.375, 39.0, 22.46875, 57.46875, 41.0, 89.5, 117.625, 120.3125, 43.96875, 82.875, 54.0, 82.1875, 78.0, 10.4375, 42.4375, 56.5, 108.25, 17.03125, 101.6875, 88.25, 104.75, 50.21875, 96.5, 82.875, 28.453125, 115.75, 62.8125, 71.625, 86.0, 98.0625, 69.3125, 87.125, 79.375, 65.625, 89.625, 40.25, 106.375, 76.25, 38.3125, 55.09375, 13.890625, 51.15625, 82.0625, 30.0625, 92.75, 81.5, 87.0], [65.75, 0.0, 116.1875, 87.0625, 36.0625, 128.0, 67.0625, 171.0, 15.8125, 105.375, 147.25, 134.75, 123.6875, 13.0, 84.625, 58.40625, 28.28125, 42.8125, 91.6875, 58.53125, 41.03125, 79.25, 117.8125, 96.125, 127.5, 62.28125, 94.875, 75.6875, 130.625, 158.0, 70.625, 115.6875, 123.125, 92.6875, 110.0625, 90.9375, 82.25, 89.8125, 49.8125, 119.8125, 158.375, 116.1875, 24.078125, 122.375, 62.40625, 144.375, 139.75, 58.875, 69.75, 121.25, 130.125, 71.3125, 123.0, 143.0, 70.1875, 69.5625, 159.375, 59.8125, 38.0, 144.125, 120.0625, 73.0, 146.875, 122.5, 101.8125, 151.875, 110.0625, 124.9375, 154.75, 25.546875, 131.375, 121.5625, 87.0, 48.3125, 77.9375, 35.6875, 18.0, 56.0, 35.46875, 122.25, 151.0], [99.125, 116.1875, 0.0, 31.015625, 102.875, 167.625, 155.375, 141.625, 131.0, 11.1796875, 176.25, 47.8125, 23.34375, 129.25, 54.03125, 82.125, 121.8125, 93.9375, 36.40625, 173.125, 90.9375, 39.21875, 110.8125, 150.25, 36.21875, 133.875, 60.4375, 75.8125, 24.40625, 191.625, 175.75, 101.1875, 168.375, 73.75, 178.375, 68.6875, 117.625, 156.625, 131.875, 23.0, 212.125, 38.21875, 98.4375, 179.875, 148.0, 101.8125, 154.0, 106.4375, 140.375, 128.125, 207.375, 115.9375, 200.875, 78.0, 183.5, 52.1875, 165.0, 66.1875, 97.0, 214.25, 150.125, 43.5625, 162.25, 13.0, 33.59375, 119.125, 178.375, 149.25, 124.4375, 104.0625, 18.4375, 171.375, 65.75, 142.625, 93.25, 81.0, 118.6875, 125.0, 110.5, 42.1875, 114.3125], [83.5625, 87.0625, 31.015625, 0.0, 71.875, 158.125, 133.375, 150.0, 102.375, 22.203125, 170.0, 54.65625, 47.375, 100.0625, 46.84375, 52.0, 96.4375, 71.875, 33.0, 142.875, 68.125, 8.25, 109.625, 135.875, 57.4375, 114.0625, 58.6875, 64.5, 43.9375, 184.875, 150.5, 101.1875, 157.375, 69.625, 162.125, 64.3125, 104.8125, 139.625, 109.6875, 44.6875, 200.875, 36.78125, 71.8125, 166.375, 126.25, 111.4375, 150.375, 88.5, 121.375, 124.625, 189.875, 100.4375, 183.0, 93.3125, 156.0, 33.40625, 164.5, 35.34375, 73.8125, 198.75, 142.0, 14.5625, 159.0, 41.0625, 39.0625, 127.0, 162.125, 142.625, 132.0, 78.4375, 48.75, 159.5, 59.78125, 118.6875, 81.8125, 53.15625, 88.125, 104.875, 79.5, 58.59375, 123.125], [88.6875, 36.0625, 102.875, 71.875, 0.0, 159.25, 102.9375, 189.0, 49.5, 93.5, 177.375, 109.375, 116.625, 44.59375, 89.1875, 26.6875, 62.78125, 64.25, 89.25, 75.6875, 60.53125, 63.6875, 137.625, 128.5, 123.8125, 95.625, 102.0625, 89.1875, 111.3125, 189.25, 105.375, 133.25, 155.25, 104.6875, 145.0, 101.1875, 109.0625, 123.9375, 84.125, 113.1875, 192.625, 92.0, 46.03125, 156.375, 97.9375, 157.125, 166.375, 85.0, 103.4375, 145.0, 166.125, 99.0, 158.875, 149.125, 100.875, 69.4375, 185.25, 37.09375, 61.03125, 179.75, 149.0, 60.90625, 174.25, 112.25, 99.375, 167.875, 145.0, 153.0, 171.625, 52.46875, 120.4375, 154.375, 96.375, 84.25, 97.75, 39.9375, 23.328125, 88.0625, 7.6171875, 121.25, 165.875], [76.5625, 128.0, 167.625, 158.125, 159.25, 0.0, 74.3125, 90.8125, 123.9375, 158.75, 21.03125, 211.0, 154.875, 128.625, 114.1875, 170.375, 100.0625, 97.5, 131.75, 157.875, 101.9375, 155.5, 64.5, 32.375, 147.0, 66.25, 107.5, 93.8125, 191.75, 30.0625, 101.8125, 73.8125, 7.80859375, 94.0625, 40.21875, 99.0, 54.125, 43.875, 79.5, 151.875, 45.21875, 194.5, 113.4375, 25.296875, 73.6875, 99.25, 33.0, 75.9375, 59.84375, 46.5, 62.375, 61.6875, 60.09375, 122.75, 126.25, 124.875, 48.5625, 159.125, 99.4375, 58.125, 18.359375, 147.375, 33.125, 162.875, 134.375, 89.125, 40.21875, 22.5625, 87.0, 106.8125, 169.625, 13.890625, 101.9375, 87.8125, 76.25, 125.9375, 146.0, 72.0, 161.5, 137.0, 93.4375], [61.03125, 67.0625, 155.375, 133.375, 102.9375, 74.3125, 0.0, 146.875, 57.0, 144.25, 95.3125, 187.25, 153.0, 62.375, 105.75, 122.4375, 41.21875, 61.75, 121.0625, 83.8125, 65.3125, 127.4375, 98.4375, 43.84375, 151.0, 24.078125, 108.1875, 85.375, 175.875, 101.9375, 31.0625, 102.1875, 67.4375, 98.0625, 45.09375, 100.0, 56.3125, 30.46875, 23.703125, 149.0, 94.25, 168.625, 65.125, 60.3125, 7.28125, 135.375, 98.0625, 51.25, 21.9375, 91.0, 63.125, 48.84375, 55.9375, 147.125, 53.75, 103.25, 117.8125, 118.125, 59.53125, 77.25, 74.8125, 119.1875, 102.625, 156.5, 128.625, 134.625, 45.09375, 81.6875, 135.375, 57.375, 165.125, 63.59375, 99.25, 18.78125, 73.1875, 83.875, 83.5625, 31.25, 102.4375, 142.375, 136.375], [105.375, 171.0, 141.625, 150.0, 189.0, 90.8125, 146.875, 0.0, 175.25, 137.875, 80.0, 189.25, 120.0625, 178.125, 106.0625, 187.0, 150.25, 128.5, 117.0, 219.75, 131.0, 152.375, 53.25, 106.5, 107.5625, 126.8125, 92.625, 99.9375, 164.25, 91.8125, 177.875, 55.9375, 97.75, 85.625, 128.75, 90.0, 94.0625, 121.6875, 137.875, 119.125, 126.25, 178.5, 148.125, 115.9375, 142.375, 39.8125, 57.875, 113.625, 125.4375, 55.8125, 153.125, 104.75, 150.625, 66.3125, 199.875, 126.125, 48.65625, 170.25, 133.125, 147.625, 77.8125, 146.875, 60.03125, 131.0, 112.1875, 23.0, 128.75, 70.8125, 18.109375, 145.375, 133.5, 104.0625, 95.125, 151.375, 93.125, 149.125, 186.625, 125.875, 194.5, 99.6875, 27.296875], [70.1875, 15.8125, 131.0, 102.375, 49.5, 123.9375, 57.0, 175.25, 0.0, 120.0625, 144.0, 150.625, 137.25, 5.38671875, 96.0, 73.5, 25.5, 50.21875, 104.8125, 47.15625, 49.75, 94.625, 122.0, 91.5625, 140.25, 57.71875, 105.125, 84.3125, 146.125, 153.5, 55.90625, 121.0625, 118.3125, 101.25, 101.625, 100.1875, 83.1875, 83.0625, 44.40625, 133.375, 150.625, 132.0, 34.78125, 115.375, 53.59375, 151.5, 139.125, 61.625, 64.1875, 123.0625, 119.25, 72.0, 112.1875, 152.625, 54.40625, 82.75, 159.125, 75.625, 45.21875, 134.125, 118.125, 88.125, 145.75, 136.75, 114.75, 157.25, 101.625, 123.6875, 159.75, 32.75, 145.625, 116.0625, 96.75, 38.625, 83.4375, 50.03125, 27.453125, 53.4375, 47.1875, 134.375, 157.0], [88.75, 105.375, 11.1796875, 22.203125, 93.5, 158.75, 144.25, 137.875, 120.0625, 0.0, 168.125, 53.65625, 25.8125, 118.3125, 44.5625, 74.1875, 110.625, 82.875, 26.90625, 162.625, 79.8125, 30.015625, 103.75, 140.25, 37.15625, 123.0, 52.46875, 65.9375, 33.3125, 183.5, 164.5, 94.4375, 159.125, 65.4375, 168.125, 60.21875, 107.8125, 146.125, 120.8125, 23.703125, 203.0, 40.59375, 87.25, 170.125, 137.0, 98.3125, 146.5, 95.75, 129.75, 120.5625, 197.0, 105.6875, 190.375, 76.625, 172.375, 41.125, 158.5, 57.46875, 85.875, 204.25, 141.5, 33.25, 154.875, 18.875, 26.578125, 115.125, 168.125, 141.0, 120.375, 92.9375, 26.921875, 162.0, 56.84375, 131.5, 83.5625, 70.0, 108.4375, 114.125, 101.125, 40.59375, 110.625], [91.6875, 147.25, 176.25, 170.0, 177.375, 21.03125, 95.3125, 80.0, 144.0, 168.125, 0.0, 221.375, 161.25, 148.625, 124.3125, 186.75, 119.6875, 114.25, 141.5, 178.875, 118.5625, 168.25, 67.25, 52.875, 152.125, 86.3125, 115.8125, 105.5625, 200.625, 15.5546875, 122.625, 77.125, 28.296875, 102.625, 59.40625, 107.875, 69.4375, 64.875, 99.625, 158.5, 46.53125, 205.625, 131.25, 42.625, 94.5625, 96.6875, 25.5, 92.75, 80.25, 48.78125, 76.9375, 78.5, 76.1875, 122.8125, 147.125, 137.375, 32.75, 174.5, 116.75, 68.6875, 28.859375, 160.375, 20.21875, 170.125, 142.625, 83.5, 59.40625, 27.296875, 80.25, 125.0625, 176.125, 33.40625, 111.5, 108.5, 88.75, 142.375, 165.25, 91.375, 180.0, 142.125, 88.5625], [137.875, 134.75, 47.8125, 54.65625, 109.375, 211.0, 187.25, 189.25, 150.625, 53.65625, 221.375, 0.0, 69.5625, 147.25, 97.0625, 83.0625, 148.875, 126.25, 79.9375, 185.0, 122.3125, 59.90625, 157.375, 190.25, 82.5, 168.625, 106.0625, 117.3125, 26.015625, 236.625, 202.375, 148.125, 210.875, 118.875, 216.75, 113.5625, 158.625, 194.25, 163.625, 70.1875, 254.625, 18.78125, 123.875, 220.625, 180.375, 149.5, 200.125, 143.125, 176.0, 174.125, 244.625, 154.875, 237.75, 124.8125, 205.0, 87.6875, 212.125, 75.1875, 127.875, 253.375, 194.25, 68.25, 208.5, 58.5625, 80.125, 166.875, 216.75, 194.125, 172.25, 131.0, 58.0, 213.25, 109.8125, 171.875, 135.0, 104.625, 130.75, 159.375, 116.125, 89.625, 162.0], [93.3125, 123.6875, 23.34375, 47.375, 116.625, 154.875, 153.0, 120.0625, 137.25, 25.8125, 161.25, 69.5625, 0.0, 136.375, 47.3125, 99.1875, 124.0, 94.0625, 33.0, 182.0, 92.0, 54.5625, 94.375, 141.375, 13.0, 130.0, 48.375, 68.625, 44.15625, 176.875, 176.5, 84.5, 156.625, 61.59375, 170.375, 57.3125, 108.6875, 149.75, 130.375, 4.0, 200.0, 61.53125, 102.9375, 169.75, 145.75, 80.375, 137.75, 102.125, 135.75, 112.5625, 200.0, 109.1875, 193.875, 55.21875, 187.25, 54.59375, 147.0, 81.8125, 98.0, 205.125, 136.875, 55.75, 145.875, 11.046875, 24.328125, 98.0, 170.375, 135.125, 103.4375, 107.3125, 14.8671875, 160.375, 55.9375, 142.625, 84.5625, 88.0625, 129.25, 121.8125, 124.1875, 20.609375, 93.0], [72.8125, 13.0, 129.25, 100.0625, 44.59375, 128.625, 62.375, 178.125, 5.38671875, 118.3125, 148.625, 147.25, 136.375, 0.0, 96.1875, 69.125, 29.40625, 51.75, 104.125, 46.53125, 50.8125, 92.1875, 124.875, 96.3125, 139.75, 62.40625, 105.8125, 85.625, 143.625, 158.375, 60.8125, 123.5625, 123.1875, 102.625, 106.875, 101.25, 86.8125, 88.125, 49.15625, 132.5, 155.875, 128.75, 34.875, 120.5, 58.84375, 153.5, 143.25, 64.6875, 69.0625, 126.5625, 124.625, 75.625, 117.5625, 153.625, 57.9375, 82.0, 163.25, 72.125, 46.75, 139.5, 122.5, 86.0, 150.0, 135.375, 114.1875, 159.75, 106.875, 127.875, 162.375, 34.0625, 144.25, 121.0, 97.625, 43.9375, 85.8125, 48.5, 22.203125, 57.71875, 42.0, 134.25, 159.375], [46.25, 84.625, 54.03125, 46.84375, 89.1875, 114.1875, 105.75, 106.0625, 96.0, 44.5625, 124.3125, 97.0625, 47.3125, 96.1875, 0.0, 81.9375, 79.0625, 48.5, 17.6875, 142.75, 47.3125, 47.25, 62.8125, 96.25, 46.03125, 82.6875, 13.6015625, 21.953125, 77.8125, 139.5, 130.0, 54.59375, 114.5625, 22.796875, 124.6875, 17.46875, 63.59375, 103.3125, 83.375, 43.40625, 158.375, 81.4375, 61.3125, 125.875, 98.5, 69.875, 103.875, 54.8125, 88.5625, 78.0, 154.0, 62.625, 147.625, 60.15625, 142.375, 20.609375, 117.75, 64.5625, 52.9375, 160.375, 97.1875, 41.0, 112.375, 51.90625, 23.09375, 83.375, 124.6875, 97.125, 87.9375, 63.875, 60.15625, 117.4375, 13.0, 96.0, 39.21875, 51.75, 94.625, 74.5, 95.875, 38.84375, 80.25], [95.1875, 58.40625, 82.125, 52.0, 26.6875, 170.375, 122.4375, 187.0, 73.5, 74.1875, 186.75, 83.0625, 99.1875, 69.125, 81.9375, 0.0, 81.1875, 72.8125, 76.875, 102.25, 68.4375, 44.59375, 138.625, 141.5, 108.25, 110.9375, 95.5, 88.4375, 87.0625, 199.875, 129.0, 132.5, 167.25, 101.4375, 161.625, 97.0, 117.25, 139.5, 101.25, 96.1875, 207.375, 66.1875, 59.0625, 171.0, 116.625, 151.875, 172.625, 94.375, 119.0, 149.0, 185.125, 108.6875, 177.875, 139.25, 126.5625, 61.34375, 190.125, 18.03125, 71.1875, 197.625, 157.875, 45.0, 180.75, 93.0, 86.0, 164.75, 161.625, 160.75, 169.0, 66.75, 100.375, 167.375, 91.9375, 104.25, 101.0625, 44.375, 49.40625, 102.4375, 33.125, 107.625, 162.0], [46.09375, 28.28125, 121.8125, 96.4375, 62.78125, 100.0625, 41.21875, 150.25, 25.5, 110.625, 119.6875, 148.875, 124.0, 29.40625, 79.0625, 81.1875, 0.0, 30.59375, 91.0, 70.0625, 32.0625, 89.6875, 97.1875, 68.0, 124.875, 34.0625, 86.0, 63.6875, 140.125, 130.0, 54.125, 96.875, 95.0, 80.0625, 82.25, 79.875, 57.71875, 61.625, 21.59375, 120.0, 130.25, 130.125, 25.0625, 94.125, 35.5, 128.25, 113.8125, 36.78125, 41.4375, 97.625, 104.0, 46.53125, 96.8125, 132.0, 63.375, 70.25, 133.75, 77.4375, 26.171875, 117.1875, 93.1875, 81.9375, 120.625, 125.3125, 100.1875, 133.0, 82.25, 98.5, 135.25, 18.03125, 134.25, 93.3125, 77.1875, 23.4375, 59.8125, 44.28125, 46.1875, 28.4375, 63.3125, 117.875, 133.0], [24.515625, 42.8125, 93.9375, 71.875, 64.25, 97.5, 61.75, 128.5, 50.21875, 82.875, 114.25, 126.25, 94.0625, 51.75, 48.5, 72.8125, 30.59375, 0.0, 61.21875, 97.375, 4.47265625, 66.375, 75.5625, 69.3125, 94.4375, 42.53125, 55.71875, 34.125, 114.125, 127.125, 82.5, 72.9375, 94.5625, 51.03125, 92.3125, 50.125, 45.09375, 69.6875, 38.09375, 90.0625, 135.5, 107.8125, 19.703125, 99.5, 54.5625, 101.8125, 102.1875, 21.59375, 50.21875, 81.0, 118.875, 35.90625, 111.875, 102.5625, 93.875, 41.75, 120.9375, 62.65625, 5.0, 129.125, 85.5625, 58.0, 110.0625, 96.1875, 70.0, 109.0625, 92.3125, 89.0625, 112.0625, 17.6875, 105.0625, 94.9375, 47.0, 48.84375, 35.34375, 28.453125, 58.125, 33.3125, 68.25, 87.3125, 108.25], [63.0625, 91.6875, 36.40625, 33.0, 89.25, 131.75, 121.0625, 117.0, 104.8125, 26.90625, 141.5, 79.9375, 33.0, 104.125, 17.6875, 76.875, 91.0, 61.21875, 0.0, 150.25, 59.0, 35.90625, 78.1875, 113.8125, 35.84375, 98.6875, 26.578125, 39.40625, 60.09375, 156.75, 143.625, 69.25, 132.25, 38.9375, 142.0, 33.625, 81.1875, 120.4375, 98.0625, 29.015625, 176.125, 65.0, 70.1875, 143.5, 113.75, 78.625, 120.3125, 70.9375, 104.9375, 94.375, 171.125, 79.75, 164.75, 62.625, 154.25, 22.140625, 133.25, 58.84375, 65.0, 177.875, 114.625, 32.1875, 128.75, 35.4375, 10.296875, 94.0, 142.0, 114.3125, 99.0, 74.3125, 44.15625, 135.125, 30.0, 109.875, 56.84375, 56.46875, 98.875, 90.125, 96.5625, 32.0, 90.1875], [116.125, 58.53125, 173.125, 142.875, 75.6875, 157.875, 83.8125, 219.75, 47.15625, 162.625, 178.875, 185.0, 182.0, 46.53125, 142.75, 102.25, 70.0625, 97.375, 150.25, 0.0, 96.875, 134.75, 167.0, 126.3125, 186.0, 95.5, 152.25, 131.5, 185.125, 185.75, 63.0, 166.875, 151.125, 148.375, 126.9375, 147.375, 126.0625, 114.1875, 82.9375, 178.125, 174.875, 167.375, 81.375, 143.375, 84.3125, 198.125, 178.625, 106.75, 99.75, 165.75, 135.125, 115.125, 129.0, 199.75, 42.71875, 128.125, 198.75, 111.0, 92.375, 152.0, 156.125, 129.5, 184.25, 180.25, 160.375, 203.0, 126.9375, 162.375, 205.125, 79.9375, 189.125, 147.375, 143.875, 71.125, 129.75, 93.9375, 55.03125, 94.375, 69.25, 180.75, 203.0], [28.15625, 41.03125, 90.9375, 68.125, 60.53125, 101.9375, 65.3125, 131.0, 49.75, 79.8125, 118.5625, 122.3125, 92.0, 50.8125, 47.3125, 68.4375, 32.0625, 4.47265625, 59.0, 96.875, 0.0, 62.4375, 78.375, 73.8125, 92.9375, 46.6875, 55.46875, 34.84375, 110.6875, 131.5, 85.0, 75.3125, 99.0, 51.84375, 96.6875, 50.46875, 49.25, 74.0, 41.59375, 88.0, 140.0, 103.8125, 17.203125, 103.9375, 58.1875, 103.375, 106.0625, 25.96875, 54.4375, 84.5, 123.0625, 40.25, 116.0625, 102.9375, 95.4375, 38.84375, 124.6875, 58.1875, 6.08203125, 133.375, 89.8125, 54.09375, 114.0, 93.625, 68.125, 111.25, 96.6875, 93.1875, 114.375, 17.0, 102.5625, 99.375, 47.0, 51.65625, 38.09375, 24.046875, 55.5625, 37.46875, 64.75, 86.125, 110.1875], [80.0, 79.25, 39.21875, 8.25, 63.6875, 155.5, 127.4375, 152.375, 94.625, 30.015625, 168.25, 59.90625, 54.5625, 92.1875, 47.25, 44.59375, 89.6875, 66.375, 35.90625, 134.75, 62.4375, 0.0, 109.8125, 132.125, 63.875, 108.875, 60.0, 62.78125, 51.46875, 182.875, 143.625, 101.8125, 154.5, 69.875, 157.625, 64.625, 101.8125, 135.125, 103.75, 51.625, 197.625, 41.40625, 64.875, 162.75, 120.4375, 114.4375, 149.625, 84.1875, 116.375, 124.0625, 185.0, 96.6875, 178.125, 97.875, 148.5, 30.875, 164.5, 27.453125, 67.9375, 194.5, 140.0, 8.484375, 158.125, 48.875, 43.46875, 129.375, 157.625, 141.0, 134.25, 71.6875, 56.8125, 156.25, 59.84375, 112.25, 79.625, 45.875, 79.875, 99.625, 71.3125, 64.125, 125.8125], [52.15625, 117.8125, 110.8125, 109.625, 137.625, 64.5, 98.4375, 53.25, 122.0, 103.75, 67.25, 157.375, 94.375, 124.875, 62.8125, 138.625, 97.1875, 75.5625, 78.1875, 167.0, 78.375, 109.8125, 0.0, 64.25, 84.875, 76.3125, 51.625, 50.15625, 135.125, 82.8125, 129.25, 9.8984375, 68.3125, 40.03125, 92.0625, 45.34375, 42.71875, 78.25, 86.1875, 91.8125, 109.1875, 143.125, 95.25, 84.9375, 93.0625, 38.3125, 43.40625, 60.4375, 76.5, 18.59375, 120.6875, 52.625, 116.1875, 58.53125, 149.75, 80.3125, 55.03125, 123.0625, 80.0625, 120.8125, 46.25, 102.9375, 51.625, 103.625, 77.4375, 36.625, 92.0625, 42.53125, 38.21875, 92.3125, 109.25, 73.5, 50.0, 100.1875, 40.3125, 98.0, 133.75, 74.0, 142.625, 74.9375, 38.0], [52.34375, 96.125, 150.25, 135.875, 128.5, 32.375, 43.84375, 106.5, 91.5625, 140.25, 52.875, 190.25, 141.375, 96.3125, 96.25, 141.5, 68.0, 69.3125, 113.8125, 126.3125, 73.8125, 132.125, 64.25, 0.0, 135.75, 34.0, 93.0, 74.375, 173.5, 62.0625, 73.5625, 71.0, 27.015625, 80.125, 29.40625, 84.0625, 32.75, 15.265625, 47.15625, 137.875, 66.25, 172.625, 83.25, 30.609375, 42.0625, 102.5625, 54.5, 48.5625, 27.453125, 51.875, 59.125, 35.46875, 53.59375, 120.5, 97.3125, 102.5625, 74.0, 132.0, 70.375, 64.0625, 31.140625, 123.6875, 58.8125, 147.625, 118.5, 97.8125, 29.40625, 38.1875, 97.4375, 76.1875, 155.375, 25.96875, 85.5625, 55.65625, 57.125, 97.5625, 114.125, 40.4375, 130.25, 126.0625, 100.6875], [90.25, 127.5, 36.21875, 57.4375, 123.8125, 147.0, 151.0, 107.5625, 140.25, 37.15625, 152.125, 82.5, 13.0, 139.75, 46.03125, 108.25, 124.875, 94.4375, 35.84375, 186.0, 92.9375, 63.875, 84.875, 135.75, 0.0, 127.4375, 43.40625, 65.625, 56.875, 167.625, 176.0, 74.9375, 149.25, 55.71875, 165.125, 52.1875, 103.4375, 145.125, 129.125, 13.6015625, 192.25, 74.4375, 105.5, 163.25, 143.75, 68.0, 128.0, 99.75, 132.625, 103.3125, 194.75, 105.25, 188.875, 42.28125, 188.25, 57.9375, 136.25, 90.5, 98.75, 199.0, 128.75, 63.6875, 136.0, 24.015625, 25.625, 85.8125, 165.125, 126.5, 91.1875, 109.0625, 26.0, 153.375, 51.96875, 142.0, 80.0625, 92.3125, 134.625, 119.6875, 131.25, 10.0, 80.625], [37.21875, 62.28125, 133.875, 114.0625, 95.625, 66.25, 24.078125, 126.8125, 57.71875, 123.0, 86.3125, 168.625, 130.0, 62.40625, 82.6875, 110.9375, 34.0625, 42.53125, 98.6875, 95.5, 46.6875, 108.875, 76.3125, 34.0, 127.4375, 0.0, 84.375, 61.8125, 155.25, 96.0625, 53.5, 79.1875, 61.0, 74.0, 50.78125, 76.125, 33.625, 28.640625, 13.34375, 126.125, 97.0625, 150.25, 51.875, 60.71875, 17.46875, 112.375, 83.1875, 27.890625, 8.0625, 71.4375, 76.375, 25.0, 69.375, 123.1875, 73.5, 82.375, 103.3125, 103.625, 41.78125, 87.1875, 61.09375, 100.4375, 89.1875, 134.125, 105.75, 112.875, 50.78125, 67.125, 114.0625, 44.28125, 142.625, 59.3125, 75.5625, 24.84375, 49.09375, 68.625, 80.25, 9.21875, 96.875, 118.6875, 114.25], [47.15625, 94.875, 60.4375, 58.6875, 102.0625, 107.5, 108.1875, 92.625, 105.125, 52.46875, 115.8125, 106.0625, 48.375, 105.8125, 13.6015625, 95.5, 86.0, 55.71875, 26.578125, 152.25, 55.46875, 60.0, 51.625, 93.0, 43.40625, 84.375, 0.0, 23.09375, 84.8125, 131.25, 134.5, 42.71875, 108.6875, 13.453125, 122.125, 8.9453125, 60.40625, 101.8125, 87.125, 44.9375, 152.375, 91.5625, 71.0, 121.5, 101.0625, 56.3125, 94.0, 57.0, 89.25, 68.125, 151.75, 61.84375, 145.75, 48.28125, 148.75, 34.1875, 106.625, 78.1875, 60.53125, 156.75, 89.8125, 54.21875, 102.5, 55.4375, 26.90625, 69.875, 122.125, 88.875, 74.5625, 72.4375, 62.6875, 112.1875, 9.0546875, 100.625, 36.6875, 63.6875, 106.125, 77.0, 108.625, 34.375, 66.6875], [24.734375, 75.6875, 75.8125, 64.5, 89.1875, 93.8125, 85.375, 99.9375, 84.3125, 65.9375, 105.5625, 117.3125, 68.625, 85.625, 21.953125, 88.4375, 63.6875, 34.125, 39.40625, 131.5, 34.84375, 62.78125, 50.15625, 74.375, 65.625, 61.8125, 23.09375, 0.0, 99.25, 120.375, 111.375, 44.375, 93.625, 17.03125, 102.75, 16.15625, 41.875, 81.375, 64.0625, 64.875, 137.375, 100.6875, 51.625, 104.25, 78.25, 69.1875, 87.0625, 34.125, 67.1875, 61.96875, 132.0, 40.71875, 125.6875, 68.5, 125.875, 31.953125, 102.9375, 73.0, 39.125, 138.5, 77.5, 55.03125, 95.625, 73.8125, 44.78125, 78.75, 102.75, 78.3125, 82.4375, 51.625, 81.9375, 96.1875, 14.0390625, 77.5, 17.6875, 49.25, 89.0, 54.15625, 94.8125, 57.09375, 77.0], [121.8125, 130.625, 24.40625, 43.9375, 111.3125, 191.75, 175.875, 164.25, 146.125, 33.3125, 200.625, 26.015625, 44.15625, 143.625, 77.8125, 87.0625, 140.125, 114.125, 60.09375, 185.125, 110.6875, 51.46875, 135.125, 173.5, 56.875, 155.25, 84.8125, 99.25, 0.0, 216.0, 194.25, 125.5625, 192.375, 98.0625, 201.25, 92.9375, 141.125, 179.125, 152.25, 45.21875, 236.125, 25.453125, 115.6875, 203.5, 168.625, 124.4375, 178.375, 128.5, 162.25, 152.5, 229.875, 138.75, 223.25, 99.125, 199.875, 72.9375, 189.25, 74.4375, 116.625, 237.375, 174.375, 58.46875, 186.625, 33.25, 58.0, 142.0, 201.25, 173.625, 147.375, 122.125, 32.0, 195.25, 89.875, 162.0, 116.875, 97.0625, 130.125, 146.25, 118.6875, 64.5625, 137.125], [105.3125, 158.0, 191.625, 184.875, 189.25, 30.0625, 101.9375, 91.8125, 153.5, 183.5, 15.5546875, 236.625, 176.875, 158.375, 139.5, 199.875, 130.0, 127.125, 156.75, 185.75, 131.5, 182.875, 82.8125, 62.0625, 167.625, 96.0625, 131.25, 120.375, 216.0, 0.0, 127.0625, 92.6875, 35.21875, 118.0, 61.40625, 123.25, 82.875, 71.8125, 109.25, 174.125, 35.21875, 220.75, 143.375, 43.90625, 102.1875, 111.375, 40.5, 105.5625, 89.375, 64.375, 73.0, 91.25, 73.6875, 137.875, 151.625, 152.0, 43.1875, 188.125, 129.25, 61.75, 42.96875, 174.875, 34.0, 185.625, 158.0, 97.5, 61.40625, 42.4375, 93.9375, 136.875, 191.75, 38.3125, 126.75, 116.75, 103.3125, 155.5, 176.0, 102.0625, 191.625, 157.75, 102.6875], [88.3125, 70.625, 175.75, 150.5, 105.375, 101.8125, 31.0625, 177.875, 55.90625, 164.5, 122.625, 202.375, 176.5, 60.8125, 130.0, 129.0, 54.125, 82.5, 143.625, 63.0, 85.0, 143.625, 129.25, 73.5625, 176.0, 53.5, 134.5, 111.375, 194.25, 127.0625, 0.0, 132.625, 94.3125, 125.625, 66.125, 126.875, 86.8125, 58.90625, 47.375, 172.5, 112.625, 183.625, 78.75, 83.375, 36.25, 165.875, 128.0, 77.9375, 52.84375, 122.0625, 72.1875, 78.4375, 66.0, 176.125, 24.59375, 123.8125, 147.375, 129.0, 78.9375, 89.0, 104.6875, 136.0, 132.0, 178.625, 152.25, 165.625, 66.125, 111.75, 166.375, 72.125, 187.5, 89.5625, 125.375, 34.0, 101.4375, 97.875, 82.8125, 58.46875, 102.625, 168.125, 167.25], [50.9375, 115.6875, 101.1875, 101.1875, 133.25, 73.8125, 102.1875, 55.9375, 121.0625, 94.4375, 77.125, 148.125, 84.5, 123.5625, 54.59375, 132.5, 96.875, 72.9375, 69.25, 166.875, 75.3125, 101.8125, 9.8984375, 71.0, 74.9375, 79.1875, 42.71875, 44.375, 125.5625, 92.6875, 132.625, 0.0, 77.25, 32.0625, 99.5, 37.21875, 45.875, 84.3125, 88.0, 82.0, 118.6875, 134.125, 92.4375, 93.4375, 96.375, 33.25, 53.25, 60.21875, 80.3125, 28.421875, 128.625, 54.59375, 123.8125, 50.0, 152.25, 73.0, 64.0625, 116.4375, 77.6875, 129.375, 55.46875, 95.25, 61.40625, 93.8125, 68.0, 36.25, 99.5, 52.15625, 39.125, 90.1875, 99.375, 82.25, 42.09375, 102.1875, 37.8125, 93.3125, 130.875, 75.8125, 138.5, 65.0625, 36.125], [74.8125, 123.125, 168.375, 157.375, 155.25, 7.80859375, 67.4375, 97.75, 118.3125, 159.125, 28.296875, 210.875, 156.625, 123.1875, 114.5625, 167.25, 95.0, 94.5625, 132.25, 151.125, 99.0, 154.5, 68.3125, 27.015625, 149.25, 61.0, 108.6875, 93.625, 192.375, 35.21875, 94.3125, 77.25, 0.0, 95.25, 32.4375, 100.0, 52.6875, 37.0, 74.0625, 153.375, 43.84375, 194.0, 109.6875, 18.25, 67.1875, 104.25, 40.15625, 73.1875, 54.15625, 51.0, 55.59375, 59.09375, 52.875, 126.8125, 118.875, 124.0625, 56.3125, 156.75, 96.1875, 52.78125, 22.359375, 146.125, 40.8125, 164.125, 135.375, 95.0, 32.4375, 28.0, 93.125, 102.75, 171.25, 6.32421875, 102.5625, 81.5625, 75.9375, 123.0625, 141.125, 67.375, 157.125, 139.25, 99.0625], [37.34375, 92.6875, 73.75, 69.625, 104.6875, 94.0625, 98.0625, 85.625, 101.25, 65.4375, 102.625, 118.875, 61.59375, 102.625, 22.796875, 101.4375, 80.0625, 51.03125, 38.9375, 148.375, 51.84375, 69.875, 40.03125, 80.125, 55.71875, 74.0, 13.453125, 17.03125, 98.0625, 118.0, 125.625, 32.0625, 95.25, 0.0, 109.375, 5.38671875, 47.75, 89.5625, 78.25, 58.25, 139.0, 103.8125, 68.625, 108.25, 91.125, 52.6875, 81.375, 47.6875, 78.25, 55.46875, 139.125, 50.34375, 133.25, 51.90625, 141.375, 41.0625, 94.9375, 84.875, 56.03125, 143.625, 76.4375, 63.1875, 89.875, 68.875, 40.3125, 63.5625, 109.375, 75.625, 67.75, 68.625, 76.0, 98.8125, 10.046875, 92.1875, 25.078125, 65.0, 105.75, 67.375, 110.625, 46.1875, 61.3125], [79.375, 110.0625, 178.375, 162.125, 145.0, 40.21875, 45.09375, 128.75, 101.625, 168.125, 59.40625, 216.75, 170.375, 106.875, 124.6875, 161.625, 82.25, 92.3125, 142.0, 126.9375, 96.6875, 157.625, 92.0625, 29.40625, 165.125, 50.78125, 122.125, 102.75, 201.25, 61.40625, 66.125, 99.5, 32.4375, 109.375, 0.0, 113.1875, 61.75, 22.671875, 60.9375, 166.75, 49.15625, 198.75, 102.5625, 17.5, 48.0625, 130.0, 72.0, 73.5625, 42.71875, 77.4375, 29.734375, 62.4375, 24.328125, 149.375, 90.625, 129.25, 88.75, 154.25, 92.1875, 36.78125, 50.96875, 149.25, 73.25, 176.375, 147.25, 123.3125, 0.0, 57.875, 122.1875, 94.875, 184.25, 26.40625, 114.5, 62.96875, 85.875, 119.25, 127.375, 59.625, 145.5, 155.5, 126.75], [39.0, 90.9375, 68.6875, 64.3125, 101.1875, 99.0, 100.0, 90.0, 100.1875, 60.21875, 107.875, 113.5625, 57.3125, 101.25, 17.46875, 97.0, 79.875, 50.125, 33.625, 147.375, 50.46875, 64.625, 45.34375, 84.0625, 52.1875, 76.125, 8.9453125, 16.15625, 92.9375, 123.25, 126.875, 37.21875, 100.0, 5.38671875, 113.1875, 0.0, 51.46875, 93.0, 79.5, 53.84375, 143.75, 98.4375, 66.8125, 112.625, 93.0, 55.9375, 86.75, 49.09375, 80.75, 60.84375, 142.875, 53.15625, 136.875, 52.46875, 141.875, 36.21875, 100.3125, 80.25, 55.0625, 147.875, 81.4375, 58.0625, 95.25, 64.1875, 35.375, 67.75, 113.1875, 80.8125, 72.0625, 67.4375, 71.5625, 103.4375, 5.09765625, 93.1875, 27.890625, 61.84375, 103.3125, 69.0, 107.375, 42.96875, 65.1875], [22.46875, 82.25, 117.625, 104.8125, 109.0625, 54.125, 56.3125, 94.0625, 83.1875, 107.8125, 69.4375, 158.625, 108.6875, 86.8125, 63.59375, 117.25, 57.71875, 45.09375, 81.1875, 126.0625, 49.25, 101.8125, 42.71875, 32.75, 103.4375, 33.625, 60.40625, 41.875, 141.125, 82.875, 86.8125, 45.875, 52.6875, 47.75, 61.75, 51.46875, 0.0, 41.96875, 43.875, 105.125, 96.0625, 141.5, 63.1875, 62.375, 50.5625, 79.125, 57.71875, 24.078125, 34.46875, 39.96875, 91.375, 11.1796875, 85.4375, 92.1875, 107.0625, 71.375, 77.125, 105.3125, 48.0, 96.8125, 40.59375, 93.5, 65.25, 114.9375, 85.75, 79.3125, 61.75, 44.0, 80.625, 57.875, 122.6875, 54.65625, 52.84375, 57.625, 24.40625, 73.0, 99.6875, 31.828125, 112.4375, 93.9375, 80.625], [57.46875, 89.8125, 156.625, 139.625, 123.9375, 43.875, 30.46875, 121.6875, 83.0625, 146.125, 64.875, 194.25, 149.75, 88.125, 103.3125, 139.5, 61.625, 69.6875, 120.4375, 114.1875, 74.0, 135.125, 78.25, 15.265625, 145.125, 28.640625, 101.8125, 81.375, 179.125, 71.8125, 58.90625, 84.3125, 37.0, 89.5625, 22.671875, 93.0, 41.96875, 0.0, 40.03125, 146.0, 68.6875, 176.25, 80.5, 32.5625, 30.40625, 116.5625, 69.3125, 51.09375, 20.609375, 66.875, 50.78125, 40.71875, 44.28125, 133.0, 83.0, 106.8125, 88.5, 131.75, 69.625, 59.46875, 46.0, 126.5625, 73.125, 155.125, 126.125, 112.5625, 22.671875, 53.15625, 112.375, 72.9375, 163.25, 33.53125, 93.75, 45.1875, 65.1875, 96.8125, 107.5, 37.21875, 124.9375, 135.75, 115.25], [41.0, 49.8125, 131.875, 109.6875, 84.125, 79.5, 23.703125, 137.875, 44.40625, 120.8125, 99.625, 163.625, 130.375, 49.15625, 83.375, 101.25, 21.59375, 38.09375, 98.0625, 82.9375, 41.59375, 103.75, 86.1875, 47.15625, 129.125, 13.34375, 87.125, 64.0625, 152.25, 109.25, 47.375, 88.0, 74.0625, 78.25, 60.9375, 79.5, 43.875, 40.03125, 0.0, 126.4375, 108.6875, 145.0, 42.625, 72.5625, 16.640625, 120.8125, 96.1875, 30.59375, 20.03125, 83.125, 84.0, 33.59375, 76.8125, 129.125, 64.375, 79.6875, 116.3125, 95.5, 35.84375, 96.375, 74.3125, 95.5, 102.3125, 133.375, 106.0625, 122.8125, 60.9375, 80.25, 124.3125, 34.84375, 142.25, 72.0625, 78.125, 14.3203125, 54.40625, 60.8125, 67.625, 12.203125, 84.875, 121.0, 123.6875], [89.5, 119.8125, 23.0, 44.6875, 113.1875, 151.875, 149.0, 119.125, 133.375, 23.703125, 158.5, 70.1875, 4.0, 132.5, 43.40625, 96.1875, 120.0, 90.0625, 29.015625, 178.125, 88.0, 51.625, 91.8125, 137.875, 13.6015625, 126.125, 44.9375, 64.875, 45.21875, 174.125, 172.5, 82.0, 153.375, 58.25, 166.75, 53.84375, 105.125, 146.0, 126.4375, 0.0, 197.0, 61.125, 99.0, 166.375, 141.75, 79.3125, 135.25, 98.25, 131.875, 109.875, 196.375, 105.5, 190.125, 55.0, 183.25, 50.625, 144.875, 78.75, 94.0, 201.75, 133.875, 52.4375, 143.375, 12.0859375, 20.390625, 96.8125, 166.75, 132.25, 102.1875, 103.3125, 17.796875, 157.0, 52.3125, 138.625, 80.9375, 84.1875, 125.5625, 117.875, 120.75, 19.421875, 91.9375], [117.625, 158.375, 212.125, 200.875, 192.625, 45.21875, 94.25, 126.25, 150.625, 203.0, 46.53125, 254.625, 200.0, 155.875, 158.375, 207.375, 130.25, 135.5, 176.125, 174.875, 140.0, 197.625, 109.1875, 66.25, 192.25, 97.0625, 152.375, 137.375, 236.125, 35.21875, 112.625, 118.6875, 43.84375, 139.0, 49.15625, 143.75, 96.0625, 68.6875, 108.6875, 197.0, 0.0, 237.5, 148.5, 36.40625, 97.0, 142.0, 71.3125, 114.75, 89.1875, 90.8125, 45.78125, 101.25, 49.25, 166.875, 136.375, 167.375, 78.0, 198.125, 136.375, 30.40625, 63.5, 189.25, 66.75, 207.875, 179.125, 129.75, 49.15625, 66.625, 126.6875, 141.125, 214.75, 41.40625, 146.375, 112.0, 119.6875, 163.625, 175.875, 105.125, 193.625, 182.25, 134.625], [120.3125, 116.1875, 38.21875, 36.78125, 92.0, 194.5, 168.625, 178.5, 132.0, 40.59375, 205.625, 18.78125, 61.53125, 128.75, 81.4375, 66.1875, 130.125, 107.8125, 65.0, 167.375, 103.8125, 41.40625, 143.125, 172.625, 74.4375, 150.25, 91.5625, 100.6875, 25.453125, 220.75, 183.625, 134.125, 194.0, 103.8125, 198.75, 98.4375, 141.5, 176.25, 145.0, 61.125, 237.5, 0.0, 105.125, 203.25, 161.75, 138.875, 185.125, 125.1875, 157.75, 159.25, 226.375, 137.25, 219.5, 116.0625, 186.375, 70.1875, 198.125, 56.875, 109.3125, 235.5, 178.125, 49.8125, 193.625, 50.8125, 66.9375, 155.75, 198.75, 178.375, 161.0, 112.3125, 53.15625, 196.125, 94.375, 153.125, 118.25, 85.875, 112.75, 141.0, 99.0, 80.0, 151.25], [43.96875, 24.078125, 98.4375, 71.8125, 46.03125, 113.4375, 65.125, 148.125, 34.78125, 87.25, 131.25, 123.875, 102.9375, 34.875, 61.3125, 59.0625, 25.0625, 19.703125, 70.1875, 81.375, 17.203125, 64.875, 95.25, 83.25, 105.5, 51.875, 71.0, 51.625, 115.6875, 143.375, 78.75, 92.4375, 109.6875, 68.625, 102.5625, 66.8125, 63.1875, 80.5, 42.625, 99.0, 148.5, 105.125, 0.0, 112.1875, 58.6875, 120.5, 120.8125, 39.125, 59.9375, 100.4375, 126.6875, 53.0, 119.5, 119.0625, 85.125, 48.375, 139.875, 53.03125, 15.5234375, 138.625, 103.0, 57.28125, 128.5, 103.0625, 80.0625, 128.375, 102.5625, 107.0625, 131.5, 7.80859375, 112.0625, 109.1875, 63.0, 48.25, 55.0, 19.234375, 38.46875, 43.46875, 49.25, 99.625, 127.4375], [82.875, 122.375, 179.875, 166.375, 156.375, 25.296875, 60.3125, 115.9375, 115.375, 170.125, 42.625, 220.625, 169.75, 120.5, 125.875, 171.0, 94.125, 99.5, 143.5, 143.375, 103.9375, 162.75, 84.9375, 30.609375, 163.25, 60.71875, 121.5, 104.25, 203.5, 43.90625, 83.375, 93.4375, 18.25, 108.25, 17.5, 112.625, 62.375, 32.5625, 72.5625, 166.375, 36.40625, 203.25, 112.1875, 0.0, 62.0, 121.6875, 58.25, 79.0625, 52.875, 68.375, 37.34375, 66.0625, 34.78125, 143.375, 107.9375, 133.0, 73.375, 162.125, 100.1875, 36.0625, 40.0, 154.25, 58.1875, 176.75, 147.625, 113.0625, 17.5, 46.09375, 111.3125, 104.75, 184.125, 12.0390625, 114.625, 77.0, 86.6875, 127.5, 140.125, 68.6875, 157.375, 153.375, 117.0], [54.0, 62.40625, 148.0, 126.25, 97.9375, 73.6875, 7.28125, 142.375, 53.59375, 137.0, 94.5625, 180.375, 145.75, 58.84375, 98.5, 116.625, 35.5, 54.5625, 113.75, 84.3125, 58.1875, 120.4375, 93.0625, 42.0625, 143.75, 17.46875, 101.0625, 78.25, 168.625, 102.1875, 36.25, 96.375, 67.1875, 91.125, 48.0625, 93.0, 50.5625, 30.40625, 16.640625, 141.75, 97.0, 161.75, 58.6875, 62.0, 0.0, 129.625, 95.4375, 44.09375, 17.03125, 86.6875, 68.5, 42.4375, 61.28125, 140.625, 57.5, 96.0, 115.375, 111.75, 52.46875, 81.875, 72.375, 112.1875, 100.5, 149.25, 121.375, 129.5, 48.0625, 79.0625, 130.375, 50.90625, 157.875, 63.9375, 92.125, 15.03125, 66.375, 77.25, 79.375, 24.078125, 97.875, 135.25, 131.0], [82.1875, 144.375, 101.8125, 111.4375, 157.125, 99.25, 135.375, 39.8125, 151.5, 98.3125, 96.6875, 149.5, 80.375, 153.5, 69.875, 151.875, 128.25, 101.8125, 78.625, 198.125, 103.375, 114.4375, 38.3125, 102.5625, 68.0, 112.375, 56.3125, 69.1875, 124.4375, 111.375, 165.875, 33.25, 104.25, 52.6875, 130.0, 55.9375, 79.125, 116.5625, 120.8125, 79.3125, 142.0, 138.875, 120.5, 121.6875, 129.625, 0.0, 71.1875, 92.0625, 113.5625, 53.34375, 158.25, 87.6875, 154.0, 28.421875, 185.125, 90.5, 73.125, 134.375, 106.75, 157.0, 81.875, 109.6875, 77.4375, 91.1875, 73.0, 17.890625, 130.0, 76.6875, 23.265625, 119.5, 94.0, 109.875, 60.8125, 135.125, 68.4375, 117.6875, 158.25, 108.6875, 163.25, 59.90625, 12.6484375], [78.0, 139.75, 154.0, 150.375, 166.375, 33.0, 98.0625, 57.875, 139.125, 146.5, 25.5, 200.125, 137.75, 143.25, 103.875, 172.625, 113.8125, 102.1875, 120.3125, 178.625, 106.0625, 149.625, 43.40625, 54.5, 128.0, 83.1875, 94.0, 87.0625, 178.375, 40.5, 128.0, 53.25, 40.15625, 81.375, 72.0, 86.75, 57.71875, 69.3125, 96.1875, 135.25, 71.3125, 185.125, 120.8125, 58.25, 95.4375, 71.1875, 0.0, 81.75, 79.0625, 25.9375, 95.3125, 68.4375, 93.0, 97.4375, 151.75, 118.9375, 20.125, 158.875, 105.5, 90.0625, 23.34375, 142.0, 8.546875, 147.0, 120.4375, 58.46875, 72.0, 16.40625, 55.59375, 115.5625, 152.625, 46.5, 90.875, 107.5625, 71.875, 129.0, 157.25, 85.8125, 170.125, 118.1875, 63.3125], [10.4375, 58.875, 106.4375, 88.5, 85.0, 75.9375, 51.25, 113.625, 61.625, 95.75, 92.75, 143.125, 102.125, 64.6875, 54.8125, 94.375, 36.78125, 21.59375, 70.9375, 106.75, 25.96875, 84.1875, 60.4375, 48.5625, 99.75, 27.890625, 57.0, 34.125, 128.5, 105.5625, 77.9375, 60.21875, 73.1875, 47.6875, 73.5625, 49.09375, 24.078125, 51.09375, 30.59375, 98.25, 114.75, 125.1875, 39.125, 79.0625, 44.09375, 92.0625, 81.75, 0.0, 34.0, 62.40625, 101.625, 14.3203125, 94.875, 98.6875, 94.3125, 55.8125, 101.0, 83.6875, 24.015625, 110.3125, 64.1875, 75.6875, 89.375, 106.3125, 77.875, 96.1875, 73.5625, 68.0, 98.4375, 33.96875, 114.8125, 73.8125, 48.03125, 44.65625, 24.171875, 50.0, 75.9375, 20.03125, 88.375, 91.1875, 96.3125], [42.4375, 69.75, 140.375, 121.375, 103.4375, 59.84375, 21.9375, 125.4375, 64.1875, 129.75, 80.25, 176.0, 135.75, 69.0625, 88.5625, 119.0, 41.4375, 50.21875, 104.9375, 99.75, 54.4375, 116.375, 76.5, 27.453125, 132.625, 8.0625, 89.25, 67.1875, 162.25, 89.375, 52.84375, 80.3125, 54.15625, 78.25, 42.71875, 80.75, 34.46875, 20.609375, 20.03125, 131.875, 89.1875, 157.75, 59.9375, 52.875, 17.03125, 113.5625, 79.0625, 34.0, 0.0, 69.6875, 68.6875, 28.0, 61.71875, 126.0, 74.5, 89.375, 99.125, 111.625, 49.6875, 79.1875, 56.34375, 107.9375, 84.5625, 140.25, 111.625, 112.75, 42.71875, 62.78125, 113.5625, 52.3125, 148.625, 52.03125, 80.625, 28.640625, 53.15625, 76.625, 87.5625, 17.03125, 104.5625, 123.625, 114.5], [56.5, 121.25, 128.125, 124.625, 145.0, 46.5, 91.0, 55.8125, 123.0625, 120.5625, 48.78125, 174.125, 112.5625, 126.5625, 78.0, 149.0, 97.625, 81.0, 94.375, 165.75, 84.5, 124.0625, 18.59375, 51.875, 103.3125, 71.4375, 68.125, 61.96875, 152.5, 64.375, 122.0625, 28.421875, 51.0, 55.46875, 77.4375, 60.84375, 39.96875, 66.875, 83.125, 109.875, 90.8125, 159.25, 100.4375, 68.375, 86.6875, 53.34375, 25.9375, 62.40625, 69.6875, 0.0, 105.0, 51.09375, 101.0625, 76.3125, 144.125, 93.625, 41.125, 134.5, 84.875, 103.75, 28.640625, 116.6875, 34.4375, 121.5, 94.5625, 46.09375, 77.4375, 24.171875, 45.53125, 96.125, 127.375, 56.5625, 65.0, 96.1875, 48.0, 106.375, 138.25, 71.375, 149.25, 93.375, 49.375], [108.25, 130.125, 207.375, 189.875, 166.125, 62.375, 63.125, 153.125, 119.25, 197.0, 76.9375, 244.625, 200.0, 124.625, 154.0, 185.125, 104.0, 118.875, 171.125, 135.125, 123.0625, 185.0, 120.6875, 59.125, 194.75, 76.375, 151.75, 132.0, 229.875, 73.0, 72.1875, 128.625, 55.59375, 139.125, 29.734375, 142.875, 91.375, 50.78125, 84.0, 196.375, 45.78125, 226.375, 126.6875, 37.34375, 68.5, 158.25, 95.3125, 101.625, 68.6875, 105.0, 0.0, 91.4375, 7.2109375, 178.5, 94.1875, 157.375, 109.1875, 179.375, 118.0625, 17.265625, 77.125, 176.625, 94.5625, 205.75, 176.625, 150.25, 29.734375, 83.375, 148.625, 118.875, 213.75, 49.375, 144.0, 81.875, 115.375, 144.5, 146.375, 85.5625, 165.5, 185.125, 154.0], [17.03125, 71.3125, 115.9375, 100.4375, 99.0, 61.6875, 48.84375, 104.75, 72.0, 105.6875, 78.5, 154.875, 109.1875, 75.625, 62.625, 108.6875, 46.53125, 35.90625, 79.75, 115.125, 40.25, 96.6875, 52.625, 35.46875, 105.25, 25.0, 61.84375, 40.71875, 138.75, 91.25, 78.4375, 54.59375, 59.09375, 50.34375, 62.4375, 53.15625, 11.1796875, 40.71875, 33.59375, 105.5, 101.25, 137.25, 53.0, 66.0625, 42.4375, 87.6875, 68.4375, 14.3203125, 28.0, 51.09375, 91.4375, 0.0, 85.0, 98.3125, 97.625, 67.1875, 88.0625, 97.6875, 38.21875, 98.6875, 50.03125, 88.25, 75.8125, 114.5, 85.5, 89.1875, 62.4375, 54.15625, 90.8125, 47.25, 122.625, 60.03125, 53.4375, 47.71875, 25.3125, 64.3125, 88.8125, 21.40625, 102.125, 96.125, 90.125], [101.6875, 123.0, 200.875, 183.0, 158.875, 60.09375, 55.9375, 150.625, 112.1875, 190.375, 76.1875, 237.75, 193.875, 117.5625, 147.625, 177.875, 96.8125, 111.875, 164.75, 129.0, 116.0625, 178.125, 116.1875, 53.59375, 188.875, 69.375, 145.75, 125.6875, 223.25, 73.6875, 66.0, 123.8125, 52.875, 133.25, 24.328125, 136.875, 85.4375, 44.28125, 76.8125, 190.125, 49.25, 219.5, 119.5, 34.78125, 61.28125, 154.0, 93.0, 94.875, 61.71875, 101.0625, 7.2109375, 85.0, 0.0, 173.625, 88.5625, 150.625, 107.8125, 172.25, 111.0, 23.015625, 73.6875, 169.625, 92.875, 199.5, 170.375, 146.625, 24.328125, 80.25, 145.25, 111.6875, 207.5, 46.5625, 137.875, 74.6875, 109.25, 137.375, 139.25, 78.5625, 158.375, 179.375, 150.375], [88.25, 143.0, 78.0, 93.3125, 149.125, 122.75, 147.125, 66.3125, 152.625, 76.625, 122.8125, 124.8125, 55.21875, 153.625, 60.15625, 139.25, 132.0, 102.5625, 62.625, 199.75, 102.9375, 97.875, 58.53125, 120.5, 42.28125, 123.1875, 48.28125, 68.5, 99.125, 137.875, 176.125, 50.0, 126.8125, 51.90625, 149.375, 52.46875, 92.1875, 133.0, 129.125, 55.0, 166.875, 116.0625, 119.0625, 143.375, 140.625, 28.421875, 97.4375, 98.6875, 126.0, 76.3125, 178.5, 98.3125, 173.625, 0.0, 192.875, 79.8125, 101.1875, 121.3125, 107.5625, 179.25, 104.6875, 94.8125, 104.3125, 66.25, 54.4375, 46.03125, 149.375, 100.4375, 51.3125, 119.875, 67.6875, 132.0, 56.03125, 143.25, 74.75, 111.75, 154.375, 117.625, 156.0, 36.125, 40.5], [104.75, 70.1875, 183.5, 156.0, 100.875, 126.25, 53.75, 199.875, 54.40625, 172.375, 147.125, 205.0, 187.25, 57.9375, 142.375, 126.5625, 63.375, 93.875, 154.25, 42.71875, 95.4375, 148.5, 149.75, 97.3125, 188.25, 73.5, 148.75, 125.875, 199.875, 151.625, 24.59375, 152.25, 118.875, 141.375, 90.625, 141.875, 107.0625, 83.0, 64.375, 183.25, 136.375, 186.375, 85.125, 107.9375, 57.5, 185.125, 151.75, 94.3125, 74.5, 144.125, 94.1875, 97.625, 88.5625, 192.875, 0.0, 133.0, 171.375, 130.0, 89.5625, 111.375, 128.375, 141.625, 156.0, 188.0, 163.5, 186.375, 90.625, 135.375, 187.5, 80.0, 197.0, 114.125, 139.75, 50.09375, 118.5, 102.9375, 77.5, 76.5, 96.5, 181.125, 187.625], [50.21875, 69.5625, 52.1875, 33.40625, 69.4375, 124.875, 103.25, 126.125, 82.75, 41.125, 137.375, 87.6875, 54.59375, 82.0, 20.609375, 61.34375, 70.25, 41.75, 22.140625, 128.125, 38.84375, 30.875, 80.3125, 102.5625, 57.9375, 82.375, 34.1875, 31.953125, 72.9375, 152.0, 123.8125, 73.0, 124.0625, 41.0625, 129.25, 36.21875, 71.375, 106.8125, 79.6875, 50.625, 167.375, 70.1875, 48.375, 133.0, 96.0, 90.5, 118.9375, 55.8125, 89.375, 93.625, 157.375, 67.1875, 150.625, 79.8125, 133.0, 0.0, 134.375, 44.15625, 44.90625, 165.75, 109.125, 23.09375, 127.5, 55.09375, 32.3125, 103.5625, 129.25, 110.1875, 108.0625, 53.0, 64.0625, 126.0625, 31.140625, 90.5, 48.75, 34.4375, 77.1875, 73.375, 76.375, 53.34375, 100.6875], [96.5, 159.375, 165.0, 164.5, 185.25, 48.5625, 117.8125, 48.65625, 159.125, 158.5, 32.75, 212.125, 147.0, 163.25, 117.75, 190.125, 133.75, 120.9375, 133.25, 198.75, 124.6875, 164.5, 55.03125, 74.0, 136.25, 103.3125, 106.625, 102.9375, 189.25, 43.1875, 147.375, 64.0625, 56.3125, 94.9375, 88.75, 100.3125, 77.125, 88.5, 116.3125, 144.875, 78.0, 198.125, 139.875, 73.375, 115.375, 73.125, 20.125, 101.0, 99.125, 41.125, 109.1875, 88.0625, 107.8125, 101.1875, 171.375, 134.375, 0.0, 175.625, 124.4375, 101.4375, 43.0, 157.25, 15.6171875, 156.875, 132.0, 57.125, 88.75, 36.34375, 52.84375, 134.875, 161.75, 62.4375, 104.8125, 127.625, 89.0, 147.125, 176.875, 105.875, 189.125, 126.75, 62.6875], [82.875, 59.8125, 66.1875, 35.34375, 37.09375, 159.125, 118.125, 170.25, 75.625, 57.46875, 174.5, 75.1875, 81.8125, 72.125, 64.5625,