{"name": "LZB_n80_8", "n": 80, "m": 10, "times": [[0.0, 72.25, 50.15625, 47.03125, 67.625, 77.9375, 49.65625, 82.0, 93.4375, 55.53125, 98.1875, 82.4375, 6.32421875, 32.75, 78.9375, 84.625, 52.1875, 65.9375, 89.6875, 96.1875, 49.96875, 61.84375, 23.1875, 75.75, 91.0625, 76.375, 76.125, 14.2109375, 61.625, 100.4375, 110.4375, 100.3125, 91.0, 40.5, 20.25, 102.1875, 76.0625, 117.625, 97.0, 71.1875, 95.625, 88.9375, 78.0625, 65.1875, 48.09375, 101.625, 80.4375, 68.25, 51.15625, 81.0, 54.0, 81.8125, 121.375, 66.0, 44.78125, 71.5625, 81.4375, 61.71875, 60.0, 95.625, 92.9375, 76.25, 90.0625, 43.03125, 49.65625, 68.9375, 101.0625, 80.875, 55.90625, 34.875, 70.8125, 71.375, 99.5, 36.34375, 96.25, 65.3125, 96.0, 93.0, 69.0, 32.125, 80.625], [72.25, 0.0, 68.5, 111.0, 96.125, 91.6875, 64.375, 98.625, 106.875, 32.125, 105.75, 154.25, 78.125, 92.8125, 149.0, 18.03125, 120.8125, 134.625, 94.6875, 168.375, 101.9375, 97.1875, 56.8125, 99.0, 147.75, 102.0, 64.5, 73.0625, 99.625, 166.25, 135.75, 87.6875, 88.25, 98.0625, 72.0, 43.96875, 134.125, 188.75, 149.875, 140.125, 63.6875, 137.875, 141.5, 97.625, 32.28125, 103.125, 152.125, 112.625, 117.1875, 150.625, 53.34375, 93.1875, 51.0, 17.09375, 99.625, 29.40625, 28.84375, 14.0390625, 130.625, 143.625, 127.125, 80.0, 126.3125, 109.125, 118.0, 137.875, 44.15625, 65.375, 125.875, 106.375, 84.3125, 136.25, 169.625, 37.0, 121.1875, 98.75, 138.125, 49.09375, 57.0, 59.1875, 89.4375], [50.15625, 68.5, 0.0, 95.5625, 114.3125, 29.828125, 4.125, 35.5, 46.40625, 74.9375, 49.53125, 107.4375, 55.03125, 40.8125, 119.4375, 86.3125, 70.25, 82.0, 130.375, 123.6875, 39.625, 28.859375, 60.8125, 32.5625, 82.5, 34.9375, 29.828125, 63.125, 31.625, 145.0, 70.5, 50.8125, 40.84375, 90.625, 67.9375, 74.3125, 70.625, 137.0, 146.75, 114.0, 120.1875, 139.125, 125.1875, 29.15625, 37.0, 51.875, 105.1875, 118.125, 98.3125, 122.25, 86.625, 33.25, 117.4375, 74.4375, 94.9375, 86.5, 92.375, 67.25, 101.0625, 145.75, 59.0625, 115.1875, 58.0, 90.8125, 67.625, 112.0, 111.0, 34.9375, 77.0625, 77.125, 21.9375, 78.125, 116.5, 41.78125, 143.5, 30.265625, 69.75, 110.625, 99.75, 71.4375, 31.234375], [47.03125, 111.0, 95.5625, 0.0, 51.25, 120.6875, 95.6875, 123.5, 134.625, 84.625, 140.625, 66.1875, 41.1875, 63.8125, 41.21875, 118.75, 58.65625, 66.75, 82.0625, 73.0625, 80.625, 99.5, 54.21875, 115.8125, 106.0625, 115.5, 122.9375, 39.0625, 97.9375, 55.375, 145.375, 146.375, 136.125, 15.0, 39.0, 146.75, 92.625, 100.25, 51.90625, 31.140625, 109.625, 46.875, 31.40625, 103.4375, 93.1875, 145.25, 65.0625, 35.75, 7.2109375, 41.71875, 70.75, 124.8125, 154.625, 99.625, 17.09375, 99.5, 110.125, 97.9375, 27.203125, 53.40625, 125.625, 75.25, 121.9375, 5.65625, 57.96875, 29.0625, 127.3125, 127.75, 56.46875, 24.078125, 114.5, 79.1875, 88.0625, 79.8125, 71.3125, 103.0625, 123.1875, 114.1875, 82.4375, 53.25, 124.3125], [67.625, 96.125, 114.3125, 51.25, 0.0, 143.75, 112.625, 148.5, 159.875, 64.0, 163.75, 117.4375, 65.75, 98.125, 88.625, 95.875, 104.8125, 115.25, 31.046875, 123.75, 116.125, 129.5, 54.09375, 142.875, 151.125, 143.75, 134.375, 53.40625, 129.25, 90.25, 178.0, 160.5, 153.75, 39.21875, 47.5, 139.125, 136.625, 151.25, 59.53125, 78.4375, 67.625, 46.0625, 66.5625, 132.75, 94.125, 166.0, 116.25, 23.34375, 57.71875, 87.875, 43.0, 147.375, 126.5, 80.0, 35.0, 73.0, 82.25, 82.25, 78.0625, 50.34375, 160.375, 28.28125, 157.25, 55.0, 103.3125, 76.875, 94.0, 138.25, 104.375, 69.875, 136.125, 126.125, 139.25, 80.5, 29.203125, 132.875, 162.0, 77.8125, 45.875, 44.28125, 145.625], [77.9375, 91.6875, 29.828125, 120.6875, 143.75, 0.0, 32.4375, 7.0, 16.640625, 103.375, 20.25, 118.875, 82.0, 59.03125, 138.625, 109.6875, 83.1875, 91.8125, 160.25, 135.375, 48.15625, 26.46875, 90.5625, 12.0390625, 77.625, 15.5546875, 31.625, 91.625, 29.828125, 166.0, 44.09375, 34.0, 20.609375, 117.75, 96.8125, 83.9375, 70.25, 143.125, 172.5, 134.75, 148.25, 165.875, 148.5, 22.796875, 63.25, 24.734375, 116.75, 146.125, 122.375, 141.75, 116.1875, 4.125, 136.625, 100.6875, 122.3125, 113.5, 118.125, 93.4375, 121.5, 172.625, 39.40625, 145.0, 40.3125, 115.5, 81.125, 133.0, 135.625, 34.4375, 90.25, 99.75, 8.0625, 83.5, 122.75, 70.6875, 172.875, 24.046875, 54.375, 137.375, 129.0, 101.25, 5.83203125], [49.65625, 64.375, 4.125, 95.6875, 112.625, 32.4375, 0.0, 38.46875, 49.09375, 71.5, 51.65625, 110.0, 54.8125, 43.09375, 120.8125, 82.25, 72.875, 84.875, 127.9375, 126.1875, 43.125, 33.0, 58.78125, 36.125, 86.4375, 38.625, 28.15625, 62.15625, 35.75, 146.0, 74.0625, 50.6875, 41.59375, 90.125, 66.75, 70.75, 74.375, 140.125, 146.625, 115.125, 116.6875, 138.625, 125.6875, 33.25, 33.0625, 53.40625, 107.8125, 117.1875, 98.75, 123.5625, 83.75, 35.59375, 113.3125, 70.5625, 94.3125, 82.75, 88.4375, 63.375, 102.3125, 145.25, 63.03125, 112.625, 62.03125, 91.0625, 70.1875, 113.0625, 107.0625, 33.25, 79.625, 78.0, 24.40625, 81.4375, 119.625, 38.46875, 141.875, 34.375, 73.8125, 106.875, 96.625, 69.3125, 33.25], [82.0, 98.625, 35.5, 123.5, 148.5, 7.0, 38.46875, 0.0, 11.3984375, 109.75, 17.46875, 117.8125, 85.6875, 60.71875, 139.5, 116.625, 83.0, 90.6875, 165.75, 134.25, 48.09375, 26.078125, 95.75, 9.0546875, 73.5, 11.703125, 38.3125, 95.875, 29.0, 167.25, 37.125, 37.4375, 24.203125, 121.25, 101.3125, 90.5, 67.25, 140.75, 175.375, 136.125, 154.75, 169.25, 150.5, 22.015625, 69.9375, 24.015625, 115.75, 150.125, 124.8125, 142.75, 122.125, 7.2109375, 143.625, 107.4375, 125.9375, 120.1875, 124.9375, 100.1875, 122.8125, 175.875, 33.125, 150.625, 34.40625, 118.1875, 81.0625, 134.375, 142.5, 40.84375, 90.0, 101.8125, 14.5625, 81.5, 120.5, 76.9375, 177.625, 23.0, 48.59375, 144.125, 135.125, 106.5, 11.1796875], [93.4375, 106.875, 46.40625, 134.625, 159.875, 16.640625, 49.09375, 11.3984375, 0.0, 119.875, 8.546875, 126.1875, 97.0625, 71.5, 149.5, 124.75, 92.375, 99.0625, 176.875, 142.375, 57.875, 36.125, 106.9375, 18.96875, 77.8125, 20.21875, 44.0, 107.3125, 38.625, 177.625, 30.59375, 35.59375, 24.171875, 132.625, 112.6875, 94.625, 73.5, 147.25, 186.5, 146.5, 164.5, 180.5, 161.25, 32.0, 79.5, 17.0, 124.125, 161.5, 135.75, 152.75, 132.875, 13.9296875, 150.0, 116.6875, 137.25, 129.75, 133.875, 109.4375, 133.125, 187.125, 33.3125, 161.625, 35.8125, 129.25, 90.5625, 144.75, 151.0, 45.40625, 99.25, 112.75, 24.703125, 88.9375, 127.375, 87.3125, 189.0, 32.75, 49.6875, 153.375, 145.625, 117.6875, 17.46875], [55.53125, 32.125, 74.9375, 84.625, 64.0, 103.375, 71.5, 109.75, 119.875, 0.0, 120.9375, 136.75, 59.9375, 84.375, 124.875, 34.4375, 107.6875, 121.4375, 64.5, 149.25, 98.125, 100.4375, 33.84375, 107.5, 143.125, 109.75, 83.125, 50.59375, 101.9375, 138.75, 145.5, 109.0, 106.0, 70.5, 47.375, 75.6875, 128.375, 172.375, 119.125, 115.25, 45.34375, 106.6875, 113.625, 102.1875, 41.0625, 120.375, 134.875, 81.375, 91.375, 125.875, 21.21875, 106.0, 70.0, 16.28125, 71.125, 16.125, 26.40625, 18.4375, 107.5, 112.125, 132.75, 49.1875, 131.0, 83.875, 105.125, 113.0625, 45.65625, 85.625, 111.375, 85.4375, 95.3125, 126.25, 154.75, 33.25, 89.25, 102.9375, 140.75, 38.3125, 27.65625, 31.40625, 102.875], [98.1875, 105.75, 49.53125, 140.625, 163.75, 20.25, 51.65625, 17.46875, 8.546875, 120.9375, 0.0, 134.375, 102.1875, 78.1875, 156.875, 123.4375, 100.125, 107.25, 179.5, 150.625, 65.375, 43.40625, 110.3125, 26.171875, 86.3125, 28.0, 41.59375, 111.8125, 46.1875, 184.75, 35.84375, 28.65625, 19.109375, 137.875, 117.0, 90.125, 82.0, 155.75, 192.5, 153.625, 165.0, 186.125, 167.875, 39.3125, 80.0625, 8.6015625, 132.25, 166.375, 142.125, 160.125, 135.0, 16.40625, 147.0, 116.625, 142.5, 129.875, 133.5, 109.375, 140.25, 192.75, 41.40625, 164.125, 44.09375, 135.375, 98.25, 151.875, 149.875, 42.0625, 107.0625, 119.1875, 27.65625, 97.3125, 135.875, 89.0625, 193.0, 40.1875, 57.8125, 153.25, 147.25, 120.9375, 18.4375], [82.4375, 154.25, 107.4375, 66.1875, 117.4375, 118.875, 110.0, 117.8125, 126.1875, 136.75, 134.375, 0.0, 77.1875, 67.125, 39.96875, 167.125, 37.15625, 27.171875, 148.125, 16.5, 71.0625, 92.375, 102.9375, 108.75, 62.15625, 106.5, 136.875, 86.4375, 89.125, 66.4375, 122.1875, 152.125, 139.0, 79.25, 90.8125, 178.0, 56.28125, 35.78125, 97.5, 45.875, 171.0, 100.875, 66.3125, 96.1875, 126.375, 141.75, 2.236328125, 100.1875, 60.0, 43.28125, 129.375, 122.625, 203.875, 148.375, 82.75, 152.875, 163.125, 144.125, 40.125, 105.6875, 102.125, 140.25, 98.0, 62.65625, 39.8125, 46.1875, 182.375, 141.875, 30.40625, 52.40625, 116.4375, 38.46875, 22.09375, 117.375, 135.625, 95.0625, 91.5, 172.25, 143.125, 107.8125, 124.3125], [6.32421875, 78.125, 55.03125, 41.1875, 65.75, 82.0, 54.8125, 85.6875, 97.0625, 59.9375, 102.1875, 77.1875, 0.0, 32.6875, 72.625, 90.0, 48.5, 61.96875, 89.5, 90.5625, 50.53125, 64.375, 26.578125, 79.0, 89.5625, 79.375, 81.75, 13.34375, 63.78125, 94.1875, 112.6875, 105.5, 95.875, 35.78125, 19.640625, 108.5, 74.5625, 112.625, 91.75, 64.875, 98.5, 84.1875, 72.0, 67.875, 54.4375, 106.0, 75.1875, 64.375, 45.03125, 74.6875, 56.4375, 85.9375, 126.8125, 71.1875, 40.3125, 76.0625, 86.0625, 67.1875, 53.71875, 90.875, 94.625, 76.6875, 91.5, 37.0, 46.09375, 62.65625, 105.5625, 86.5625, 51.625, 28.65625, 75.125, 68.5, 94.8125, 42.53125, 93.875, 67.875, 96.625, 96.8125, 71.375, 34.125, 85.0], [32.75, 92.8125, 40.8125, 63.8125, 98.125, 59.03125, 43.09375, 60.71875, 71.5, 84.375, 78.1875, 67.125, 32.6875, 0.0, 80.0, 108.25, 30.234375, 43.1875, 122.0625, 83.1875, 18.03125, 35.78125, 55.15625, 52.5625, 59.0625, 51.90625, 70.625, 45.875, 34.125, 107.0625, 82.125, 89.0625, 77.0625, 64.375, 52.1875, 111.375, 44.1875, 98.625, 115.5, 75.8125, 127.0625, 110.4375, 89.8125, 39.8125, 62.0, 83.75, 64.875, 94.0625, 64.375, 83.125, 86.1875, 63.15625, 143.75, 91.4375, 69.3125, 99.6875, 108.5, 85.625, 62.5, 117.0625, 63.03125, 108.9375, 59.65625, 58.3125, 27.453125, 74.0, 128.5, 75.6875, 36.71875, 41.21875, 54.15625, 43.40625, 78.5, 56.375, 125.6875, 39.34375, 63.9375, 122.625, 101.1875, 64.75, 63.5], [78.9375, 149.0, 119.4375, 41.21875, 88.625, 138.625, 120.8125, 139.5, 149.5, 124.875, 156.875, 39.96875, 72.625, 80.0, 0.0, 158.375, 58.1875, 57.125, 119.5625, 38.3125, 91.5625, 113.4375, 92.625, 130.75, 98.25, 129.25, 149.0, 76.0, 110.8125, 29.0625, 152.125, 169.0, 157.125, 56.21875, 77.8125, 181.125, 88.8125, 66.1875, 57.9375, 10.296875, 150.625, 62.8125, 27.453125, 117.5625, 127.0, 163.125, 40.21875, 67.6875, 34.0625, 3.60546875, 111.9375, 142.75, 194.75, 139.25, 57.6875, 140.125, 150.75, 136.75, 18.96875, 66.9375, 131.5, 114.9375, 127.375, 41.03125, 59.46875, 12.203125, 168.375, 154.0, 52.0, 44.28125, 134.125, 71.25, 60.53125, 114.9375, 101.3125, 116.75, 123.9375, 155.5, 123.625, 93.5, 143.375], [84.625, 18.03125, 86.3125, 118.75, 95.875, 109.6875, 82.25, 116.625, 124.75, 34.4375, 123.4375, 167.125, 90.0, 108.25, 158.375, 0.0, 135.125, 149.0, 88.625, 180.5, 118.625, 114.875, 65.9375, 117.0625, 164.5, 120.0, 82.0, 82.875, 117.25, 173.125, 153.75, 104.25, 105.625, 104.8125, 80.625, 53.0, 150.5, 202.25, 152.875, 149.0, 51.03125, 140.125, 148.0, 115.4375, 49.65625, 120.5, 165.125, 115.0, 125.375, 159.625, 53.375, 111.1875, 36.78125, 19.203125, 105.5625, 23.015625, 16.15625, 23.015625, 140.625, 145.375, 145.0, 75.3125, 144.25, 117.625, 132.375, 146.875, 26.578125, 82.5625, 139.75, 117.375, 102.3125, 151.625, 183.625, 51.90625, 118.125, 116.5, 155.875, 34.71875, 52.09375, 65.5, 107.375], [52.1875, 120.8125, 70.25, 58.65625, 104.8125, 83.1875, 72.875, 83.0, 92.375, 107.6875, 100.125, 37.15625, 48.5, 30.234375, 58.1875, 135.125, 0.0, 13.890625, 133.0, 53.5, 35.0625, 57.0, 75.0, 74.0, 47.40625, 72.1875, 99.75, 60.65625, 54.0, 87.0625, 94.0, 115.75, 102.9375, 66.125, 66.375, 141.625, 34.21875, 68.625, 105.375, 57.3125, 146.875, 103.875, 75.625, 61.0, 91.25, 107.0, 34.9375, 93.9375, 55.8125, 61.6875, 104.75, 87.125, 171.375, 117.25, 70.8125, 123.6875, 133.375, 112.1875, 44.65625, 110.0, 73.4375, 122.0625, 69.375, 53.25, 2.828125, 56.09375, 153.125, 104.75, 7.0703125, 35.46875, 80.0625, 21.375, 48.90625, 83.8125, 128.875, 60.0, 67.1875, 145.125, 119.5, 82.375, 88.4375], [65.9375, 134.625, 82.0, 66.75, 115.25, 91.8125, 84.875, 90.6875, 99.0625, 121.4375, 107.25, 27.171875, 61.96875, 43.1875, 57.125, 149.0, 13.890625, 0.0, 144.25, 43.5625, 44.28125, 65.3125, 88.5625, 81.625, 41.71875, 79.3125, 110.9375, 73.75, 61.96875, 86.0625, 96.5625, 125.1875, 112.0625, 76.125, 79.25, 154.5, 31.765625, 55.4375, 109.5, 58.71875, 160.125, 109.625, 78.5625, 69.0625, 104.8125, 114.625, 25.078125, 102.4375, 62.65625, 60.75, 117.875, 95.5, 185.25, 131.125, 80.625, 137.5, 147.125, 126.0625, 47.625, 115.375, 76.1875, 134.0, 72.0625, 61.6875, 16.640625, 57.96875, 166.875, 115.875, 11.0, 45.40625, 89.5625, 14.2109375, 35.34375, 97.625, 137.875, 67.875, 67.125, 158.75, 132.625, 95.5625, 97.3125], [89.6875, 94.6875, 130.375, 82.0625, 31.046875, 160.25, 127.9375, 165.75, 176.875, 64.5, 179.5, 148.125, 89.5, 122.0625, 119.5625, 88.625, 133.0, 144.25, 0.0, 154.75, 139.625, 150.0, 70.5, 161.375, 178.125, 162.875, 145.25, 76.1875, 150.25, 119.25, 198.25, 171.625, 166.875, 69.125, 69.875, 138.625, 163.25, 182.25, 84.125, 109.4375, 46.5625, 70.75, 96.625, 152.875, 102.9375, 180.375, 146.875, 52.78125, 88.625, 118.6875, 45.46875, 163.5, 112.4375, 77.625, 65.375, 66.5, 72.8125, 82.3125, 109.0625, 73.0, 182.0, 15.6171875, 179.375, 85.5, 131.25, 107.875, 78.4375, 148.375, 133.25, 99.0625, 152.25, 154.25, 169.75, 91.25, 33.25, 153.125, 185.75, 61.28125, 37.6875, 59.6875, 161.125], [96.1875, 168.375, 123.6875, 73.0625, 123.75, 135.375, 126.1875, 134.25, 142.375, 149.25, 150.625, 16.5, 90.5625, 83.1875, 38.3125, 180.5, 53.5, 43.5625, 154.75, 0.0, 87.5625, 108.875, 115.4375, 125.1875, 75.5625, 122.8125, 153.25, 98.625, 105.5625, 59.6875, 137.375, 168.625, 155.5, 87.3125, 102.3125, 193.625, 71.4375, 28.0, 95.625, 47.0, 181.125, 101.125, 65.75, 112.625, 141.375, 158.125, 18.6875, 104.5, 66.25, 40.78125, 140.125, 139.125, 217.375, 161.625, 90.125, 165.25, 175.625, 157.75, 45.875, 105.125, 117.5, 148.375, 113.4375, 70.5625, 56.09375, 48.03125, 194.5, 158.25, 46.625, 63.8125, 132.875, 54.03125, 25.453125, 131.75, 139.0, 111.4375, 106.125, 183.5, 153.375, 119.25, 140.75], [49.96875, 101.9375, 39.625, 80.625, 116.125, 48.15625, 43.125, 48.09375, 57.875, 98.125, 65.375, 71.0625, 50.53125, 18.03125, 91.5625, 118.625, 35.0625, 44.28125, 139.625, 87.5625, 0.0, 22.015625, 71.375, 39.21875, 45.875, 37.65625, 67.25, 63.5625, 19.234375, 119.8125, 64.8125, 81.0, 68.0625, 82.125, 69.875, 113.875, 32.1875, 98.125, 131.75, 88.875, 142.125, 127.4375, 104.6875, 26.078125, 69.875, 72.0, 68.875, 111.875, 80.4375, 94.9375, 102.25, 52.09375, 152.75, 103.1875, 87.125, 112.75, 120.8125, 96.75, 75.5625, 134.0, 45.25, 126.1875, 41.78125, 75.0, 33.0, 87.25, 140.625, 72.0625, 42.09375, 57.125, 45.34375, 38.59375, 77.5, 67.4375, 143.75, 25.171875, 46.09375, 136.375, 117.125, 81.5, 53.46875], [61.84375, 97.1875, 28.859375, 99.5, 129.5, 26.46875, 33.0, 26.078125, 36.125, 100.4375, 43.40625, 92.375, 64.375, 35.78125, 113.4375, 114.875, 57.0, 65.3125, 150.0, 108.875, 22.015625, 0.0, 79.625, 17.265625, 55.4375, 16.15625, 50.21875, 76.0625, 3.60546875, 141.5, 48.59375, 60.09375, 46.84375, 98.875, 82.0, 100.6875, 45.59375, 117.25, 151.25, 110.375, 145.75, 145.875, 125.375, 4.125, 65.25, 50.0, 90.25, 128.375, 100.1875, 116.75, 108.875, 30.265625, 146.25, 102.0, 103.6875, 113.375, 120.0, 95.0, 97.0, 152.5, 32.5625, 135.5, 30.59375, 94.0, 55.0, 108.6875, 139.125, 54.5625, 64.0, 76.9375, 25.0625, 57.375, 96.75, 67.5, 158.0, 3.60546875, 41.125, 137.5, 123.0, 90.375, 32.0], [23.1875, 56.8125, 60.8125, 54.21875, 54.09375, 90.5625, 58.78125, 95.75, 106.9375, 33.84375, 110.3125, 102.9375, 26.578125, 55.15625, 92.625, 65.9375, 75.0, 88.5625, 70.5, 115.4375, 71.375, 79.625, 0.0, 91.0, 114.0, 92.375, 80.5, 16.96875, 80.125, 109.5625, 127.75, 106.5625, 99.625, 41.96875, 15.234375, 93.75, 99.0, 138.625, 97.0, 83.5, 72.4375, 86.5, 85.0625, 82.375, 42.4375, 112.1875, 101.0, 62.375, 60.375, 94.0625, 31.0625, 94.0625, 102.5625, 46.75, 44.28125, 49.9375, 60.21875, 44.09375, 74.625, 92.75, 111.875, 55.90625, 109.375, 52.34375, 72.5625, 81.3125, 79.375, 84.5625, 78.1875, 51.75, 82.75, 94.5625, 121.1875, 28.28125, 83.25, 82.75, 116.75, 70.25, 46.03125, 10.8203125, 91.9375], [75.75, 99.0, 32.5625, 115.8125, 142.875, 12.0390625, 36.125, 9.0546875, 18.96875, 107.5, 26.171875, 108.75, 79.0, 52.5625, 130.75, 117.0625, 74.0, 81.625, 161.375, 125.1875, 39.21875, 17.265625, 91.0, 0.0, 65.625, 3.60546875, 42.5, 89.8125, 20.03125, 158.625, 37.9375, 45.65625, 32.25, 114.3125, 95.4375, 94.875, 58.59375, 131.875, 167.75, 127.5625, 152.75, 161.875, 142.375, 13.15625, 68.875, 33.0625, 106.6875, 143.375, 116.875, 134.0, 118.5625, 14.765625, 145.625, 106.5625, 119.0625, 118.875, 124.3125, 99.3125, 114.25, 168.625, 28.859375, 146.5, 29.15625, 110.4375, 72.125, 125.875, 142.5, 45.78125, 81.0, 93.75, 15.8125, 72.5625, 111.625, 74.3125, 171.875, 14.0390625, 42.9375, 143.0, 132.0, 101.8125, 17.796875], [91.0625, 147.75, 82.5, 106.0625, 151.125, 77.625, 86.4375, 73.5, 77.8125, 143.125, 86.3125, 62.15625, 89.5625, 59.0625, 98.25, 164.5, 47.40625, 41.71875, 178.125, 75.5625, 45.875, 55.4375, 114.0, 65.625, 0.0, 62.1875, 105.5, 102.8125, 52.0, 126.8125, 64.125, 110.9375, 97.625, 113.0625, 109.0625, 156.0, 15.03125, 72.1875, 151.125, 100.4375, 186.125, 150.625, 120.3125, 57.3125, 115.5, 94.8125, 60.8125, 141.375, 102.9375, 101.8125, 145.0, 80.1875, 198.375, 148.875, 117.9375, 158.125, 166.5, 142.625, 89.25, 156.625, 46.5625, 166.0, 43.0, 100.625, 48.34375, 99.6875, 186.375, 109.625, 50.21875, 82.75, 79.1875, 27.65625, 54.21875, 113.25, 176.125, 55.90625, 32.0625, 181.5, 160.0, 123.1875, 83.4375], [76.375, 102.0, 34.9375, 115.5, 143.75, 15.5546875, 38.625, 11.703125, 20.21875, 109.75, 28.0, 106.5, 79.375, 51.90625, 129.25, 120.0, 72.1875, 79.3125, 162.875, 122.8125, 37.65625, 16.15625, 92.375, 3.60546875, 62.1875, 0.0, 46.0625, 90.5, 18.4375, 157.375, 35.84375, 48.875, 35.5, 114.375, 96.25, 98.4375, 55.53125, 129.0, 167.25, 126.375, 155.125, 161.75, 141.5, 12.0859375, 71.5625, 35.34375, 104.375, 143.625, 116.3125, 132.625, 120.3125, 18.03125, 149.0, 109.1875, 119.1875, 121.375, 127.0, 101.9375, 113.0625, 168.375, 25.5, 148.0, 25.625, 110.0625, 70.375, 124.75, 145.375, 49.40625, 79.125, 93.125, 19.3125, 69.875, 108.8125, 76.5625, 172.625, 12.6484375, 39.34375, 145.5, 133.875, 103.1875, 21.265625], [76.125, 64.5, 29.828125, 122.9375, 134.375, 31.625, 28.15625, 38.3125, 44.0, 83.125, 41.59375, 136.875, 81.75, 70.625, 149.0, 82.0, 99.75, 110.9375, 145.25, 153.25, 67.25, 50.21875, 80.5, 42.5, 105.5, 46.0625, 0.0, 87.375, 53.75, 174.0, 74.3125, 26.40625, 23.765625, 116.1875, 91.0625, 52.40625, 95.6875, 165.375, 173.0, 143.25, 125.5625, 164.25, 153.375, 48.15625, 42.4375, 38.625, 134.625, 141.75, 126.3125, 151.75, 99.8125, 31.578125, 106.0625, 76.5625, 120.0625, 90.0625, 92.6875, 69.4375, 130.5, 170.875, 70.9375, 129.625, 71.5625, 118.5, 97.125, 141.125, 108.5, 5.09765625, 106.625, 106.0625, 26.921875, 105.6875, 144.75, 54.40625, 163.25, 49.59375, 85.4375, 112.75, 110.4375, 90.0625, 27.453125], [14.2109375, 73.0625, 63.125, 39.0625, 53.40625, 91.625, 62.15625, 95.875, 107.3125, 50.59375, 111.8125, 86.4375, 13.34375, 45.875, 76.0, 82.875, 60.65625, 73.75, 76.1875, 98.625, 63.5625, 76.0625, 16.96875, 89.8125, 102.8125, 90.5, 87.375, 0.0, 75.8125, 94.25, 124.625, 112.375, 103.75, 29.15625, 6.32421875, 107.6875, 87.8125, 122.1875, 86.0, 67.125, 86.375, 76.9375, 70.375, 79.375, 54.34375, 114.9375, 84.625, 55.0, 44.59375, 77.5, 44.15625, 95.4375, 119.5625, 63.6875, 32.75, 66.625, 77.0, 60.8125, 57.8125, 83.5, 107.0625, 63.34375, 104.125, 36.40625, 58.40625, 64.875, 95.9375, 91.9375, 63.0625, 34.84375, 84.3125, 81.125, 105.3125, 40.78125, 82.0625, 79.5, 109.6875, 85.9375, 58.84375, 21.84375, 94.0625], [61.625, 99.625, 31.625, 97.9375, 129.25, 29.828125, 35.75, 29.0, 38.625, 101.9375, 46.1875, 89.125, 63.78125, 34.125, 110.8125, 117.25, 54.0, 61.96875, 150.25, 105.5625, 19.234375, 3.60546875, 80.125, 20.03125, 52.0, 18.4375, 53.75, 75.8125, 0.0, 139.0, 48.90625, 63.5625, 50.28125, 97.8125, 81.8125, 104.0625, 42.0, 113.75, 149.625, 107.9375, 147.125, 144.5, 123.3125, 7.0703125, 67.625, 53.0, 87.0, 127.375, 98.4375, 114.125, 109.75, 33.53125, 149.0, 104.0, 102.75, 115.1875, 122.0, 97.0625, 94.625, 151.125, 31.78125, 136.0, 29.40625, 92.4375, 52.09375, 106.3125, 141.25, 58.125, 61.0, 75.125, 28.65625, 53.84375, 93.25, 69.1875, 157.625, 6.0, 39.0, 139.25, 124.0625, 90.8125, 35.4375], [100.4375, 166.25, 145.0, 55.375, 90.25, 166.0, 146.0, 167.25, 177.625, 138.75, 184.75, 66.4375, 94.1875, 107.0625, 29.0625, 173.125, 87.0625, 86.0625, 119.25, 59.6875, 119.8125, 141.5, 109.5625, 158.625, 126.8125, 157.375, 174.0, 94.25, 139.0, 0.0, 181.125, 195.375, 183.875, 68.4375, 94.3125, 201.875, 117.8125, 84.875, 41.3125, 31.25, 157.0, 51.53125, 25.234375, 145.5, 148.0, 190.75, 67.1875, 67.0, 49.71875, 25.5, 122.625, 170.125, 208.375, 154.25, 67.75, 152.875, 163.375, 153.0, 44.5625, 52.9375, 160.5, 118.4375, 156.375, 57.96875, 88.25, 33.125, 179.25, 179.125, 81.0, 68.0, 161.125, 100.1875, 84.625, 134.875, 94.3125, 144.75, 153.0, 164.625, 131.875, 107.8125, 170.5], [110.4375, 135.75, 70.5, 145.375, 178.0, 44.09375, 74.0625, 37.125, 30.59375, 145.5, 35.84375, 122.1875, 112.6875, 82.125, 152.125, 153.75, 94.0, 96.5625, 198.25, 137.375, 64.8125, 48.59375, 127.75, 37.9375, 64.125, 35.84375, 74.3125, 124.625, 48.90625, 181.125, 0.0, 64.375, 54.40625, 146.375, 130.625, 125.1875, 65.9375, 136.25, 196.375, 151.125, 190.75, 192.25, 168.5, 45.5, 106.5, 43.40625, 120.4375, 176.125, 145.125, 155.625, 156.125, 43.0, 180.25, 144.125, 151.375, 156.625, 161.75, 136.875, 138.25, 198.875, 20.609375, 183.625, 24.703125, 139.75, 93.0625, 149.875, 179.625, 75.9375, 100.0625, 121.8125, 51.46875, 83.75, 118.0, 112.25, 206.5, 45.21875, 32.0625, 180.75, 169.75, 138.625, 47.03125], [100.3125, 87.6875, 50.8125, 146.375, 160.5, 34.0, 50.6875, 37.4375, 35.59375, 109.0, 28.65625, 152.125, 105.5, 89.0625, 169.0, 104.25, 115.75, 125.1875, 171.625, 168.625, 81.0, 60.09375, 106.5625, 45.65625, 110.9375, 48.875, 26.40625, 112.375, 63.5625, 195.375, 64.375, 0.0, 13.4140625, 140.75, 116.5, 64.0, 104.1875, 177.125, 197.25, 164.25, 150.375, 189.125, 175.875, 56.65625, 68.6875, 21.1875, 149.875, 167.125, 149.125, 172.0, 126.125, 30.890625, 123.3125, 101.25, 144.875, 114.875, 116.5, 94.375, 151.125, 195.75, 68.625, 156.0, 70.75, 141.625, 113.4375, 162.25, 130.75, 23.34375, 122.8125, 127.6875, 35.6875, 117.375, 156.75, 80.8125, 189.5, 57.9375, 84.875, 136.75, 136.5, 116.3125, 28.234375], [91.0, 88.25, 40.84375, 136.125, 153.75, 20.609375, 41.59375, 24.203125, 24.171875, 106.0, 19.109375, 139.0, 95.875, 77.0625, 157.125, 105.625, 102.9375, 112.0625, 166.875, 155.5, 68.0625, 46.84375, 99.625, 32.25, 97.625, 35.5, 23.765625, 103.75, 50.28125, 183.875, 54.40625, 13.4140625, 0.0, 131.5, 108.3125, 71.0, 90.8125, 163.75, 187.5, 152.625, 149.125, 180.0, 165.125, 43.3125, 65.0, 14.8671875, 136.875, 158.75, 138.5, 160.125, 121.6875, 17.5, 128.125, 100.1875, 135.75, 113.625, 116.5, 93.0625, 139.375, 186.625, 56.21875, 151.375, 58.0625, 131.25, 100.6875, 150.75, 132.25, 23.34375, 110.0, 116.5625, 23.015625, 104.0625, 143.375, 75.6875, 182.875, 44.59375, 72.25, 136.5, 133.0, 109.8125, 14.8671875], [40.5, 98.0625, 90.625, 15.0, 39.21875, 117.75, 90.125, 121.25, 132.625, 70.5, 137.875, 79.25, 35.78125, 64.375, 56.21875, 104.8125, 66.125, 76.125, 69.125, 87.3125, 82.125, 98.875, 41.96875, 114.3125, 113.0625, 114.375, 116.1875, 29.15625, 97.8125, 68.4375, 146.375, 140.75, 131.5, 0.0, 27.171875, 135.625, 98.875, 114.0, 56.875, 46.09375, 94.6875, 48.46875, 43.46875, 102.625, 83.0625, 141.75, 77.9375, 29.734375, 22.203125, 56.625, 55.875, 121.6875, 140.375, 85.875, 5.0, 85.0, 95.625, 84.6875, 41.625, 55.15625, 127.375, 61.125, 123.9375, 16.765625, 64.875, 44.03125, 112.5, 120.8125, 65.3125, 30.8125, 110.9375, 87.375, 100.6875, 69.1875, 63.0625, 102.4375, 126.8125, 99.25, 67.4375, 39.34375, 120.75], [20.25, 72.0, 67.9375, 39.0, 47.5, 96.8125, 66.75, 101.3125, 112.6875, 47.375, 117.0, 90.8125, 19.640625, 52.1875, 77.8125, 80.625, 66.375, 79.25, 69.875, 102.3125, 69.875, 82.0, 15.234375, 95.4375, 109.0625, 96.25, 91.0625, 6.32421875, 81.8125, 94.3125, 130.625, 116.5, 108.3125, 27.171875, 0.0, 108.5, 94.0625, 126.5625, 83.3125, 68.5, 81.0625, 73.5625, 69.9375, 85.25, 56.0, 119.8125, 89.0, 50.6875, 45.1875, 79.0625, 38.90625, 100.625, 117.0625, 61.40625, 30.015625, 63.125, 73.6875, 59.15625, 60.15625, 80.0625, 113.1875, 57.0625, 110.25, 37.21875, 64.1875, 66.3125, 92.1875, 95.5, 68.4375, 38.59375, 89.375, 87.0625, 110.125, 42.0625, 76.375, 85.4375, 115.9375, 81.4375, 53.375, 17.0, 99.0625], [102.1875, 43.96875, 74.3125, 146.75, 139.125, 83.9375, 70.75, 90.5, 94.625, 75.6875, 90.125, 178.0, 108.5, 111.375, 181.125, 53.0, 141.625, 154.5, 138.625, 193.625, 113.875, 100.6875, 93.75, 94.875, 156.0, 98.4375, 52.40625, 107.6875, 104.0625, 201.875, 125.1875, 64.0, 71.0, 135.625, 108.5, 0.0, 144.75, 209.875, 190.375, 173.25, 104.0625, 179.0, 178.125, 99.3125, 54.09375, 84.3125, 175.875, 154.0, 152.125, 183.125, 96.875, 83.5, 60.71875, 61.03125, 138.0, 72.5, 68.8125, 57.28125, 162.125, 185.0, 123.3125, 123.9375, 124.0, 143.875, 138.75, 171.125, 76.4375, 49.65625, 147.875, 136.875, 79.1875, 152.125, 189.625, 66.9375, 165.0, 100.6875, 137.75, 87.625, 100.875, 99.0625, 79.375], [76.0625, 134.125, 70.625, 92.625, 136.625, 70.25, 74.375, 67.25, 73.5, 128.375, 82.0, 56.28125, 74.5625, 44.1875, 88.8125, 150.5, 34.21875, 31.765625, 163.25, 71.4375, 32.1875, 45.59375, 99.0, 58.59375, 15.03125, 55.53125, 95.6875, 87.8125, 42.0, 117.8125, 65.9375, 104.1875, 90.8125, 98.875, 94.0625, 144.75, 0.0, 73.75, 139.375, 89.8125, 171.125, 138.0, 109.0625, 48.25, 102.0625, 90.125, 54.5625, 127.5625, 90.0, 92.4375, 130.0, 73.375, 184.875, 134.625, 103.8125, 143.5, 152.125, 128.5, 77.875, 144.125, 46.09375, 151.125, 42.0625, 87.125, 34.65625, 88.875, 172.0, 100.125, 38.21875, 68.9375, 70.4375, 18.03125, 53.9375, 99.0625, 162.0, 46.875, 35.46875, 166.75, 145.0, 108.1875, 76.0625], [117.625, 188.75, 137.0, 100.25, 151.25, 143.125, 140.125, 140.75, 147.25, 172.375, 155.75, 35.78125, 112.625, 98.625, 66.1875, 202.25, 68.625, 55.4375, 182.25, 28.0, 98.125, 117.25, 138.625, 131.875, 72.1875, 129.0, 165.375, 122.1875, 113.75, 84.875, 136.25, 177.125, 163.75, 114.0, 126.5625, 209.875, 73.75, 0.0, 122.8125, 75.0, 206.75, 128.875, 93.5625, 120.5625, 159.75, 163.875, 37.59375, 132.375, 93.5625, 68.5, 165.125, 146.5, 238.875, 183.625, 117.125, 188.5, 198.625, 179.25, 73.1875, 132.625, 118.25, 175.125, 114.4375, 97.25, 71.4375, 76.0, 218.0, 170.125, 62.96875, 88.125, 142.25, 59.9375, 20.59375, 151.75, 167.0, 119.25, 104.25, 208.0, 178.875, 143.5, 148.875], [97.0, 149.875, 146.75, 51.90625, 59.53125, 172.5, 146.625, 175.375, 186.5, 119.125, 192.5, 97.5, 91.75, 115.5, 57.9375, 152.875, 105.375, 109.5, 84.125, 95.625, 131.75, 151.25, 97.0, 167.75, 151.125, 167.25, 173.0, 86.0, 149.625, 41.3125, 196.375, 197.25, 187.5, 56.875, 83.3125, 190.375, 139.375, 122.8125, 0.0, 51.96875, 126.75, 13.6015625, 31.390625, 155.25, 139.125, 197.0, 97.5, 37.9375, 51.3125, 55.03125, 99.625, 176.625, 185.375, 135.375, 53.34375, 130.625, 140.5, 136.0, 61.84375, 12.0859375, 176.25, 87.0625, 172.375, 57.25, 105.5, 52.15625, 153.375, 177.625, 101.1875, 74.625, 166.25, 123.4375, 118.5, 125.125, 55.21875, 154.875, 172.25, 137.375, 105.125, 91.375, 176.0], [71.1875, 140.125, 114.0, 31.140625, 78.4375, 134.75, 115.125, 136.125, 146.5, 115.25, 153.625, 45.875, 64.875, 75.8125, 10.296875, 149.0, 57.3125, 58.71875, 109.4375, 47.0, 88.875, 110.375, 83.5, 127.5625, 100.4375, 126.375, 143.25, 67.125, 107.9375, 31.25, 151.125, 164.25, 152.625, 46.09375, 68.5, 173.25, 89.8125, 75.0, 51.96875, 0.0, 140.375, 55.09375, 20.59375, 114.5, 119.1875, 159.5, 45.6875, 57.875, 24.046875, 10.6328125, 101.9375, 138.875, 185.25, 129.875, 47.4375, 130.375, 141.0, 127.625, 13.34375, 59.8125, 130.625, 104.625, 126.5625, 31.40625, 58.125, 2.236328125, 158.375, 148.25, 51.875, 37.34375, 129.875, 72.9375, 67.4375, 106.75, 92.0625, 113.75, 124.25, 145.375, 113.4375, 83.875, 139.25], [95.625, 63.6875, 120.1875, 109.625, 67.625, 148.25, 116.6875, 154.75, 164.5, 45.34375, 165.0, 171.0, 98.5, 127.0625, 150.625, 51.03125, 146.875, 160.125, 46.5625, 181.125, 142.125, 145.75, 72.4375, 152.75, 186.125, 155.125, 125.5625, 86.375, 147.125, 157.0, 190.75, 150.375, 149.125, 94.6875, 81.0625, 104.0625, 171.125, 206.75, 126.75, 140.375, 0.0, 113.1875, 132.375, 147.5, 85.0625, 163.75, 169.375, 90.8125, 116.8125, 150.625, 42.1875, 150.625, 67.0, 49.09375, 92.9375, 35.5, 35.46875, 56.09375, 136.125, 116.625, 178.125, 39.65625, 176.25, 111.0, 144.5, 138.375, 33.25, 127.3125, 149.375, 118.6875, 140.25, 166.875, 191.0, 78.5625, 79.6875, 148.25, 185.75, 17.09375, 27.859375, 64.5625, 147.375], [88.9375, 137.875, 139.125, 46.875, 46.0625, 165.875, 138.625, 169.25, 180.5, 106.6875, 186.125, 100.875, 84.1875, 110.4375, 62.8125, 140.125, 103.875, 109.625, 70.75, 101.125, 127.4375, 145.875, 86.5, 161.875, 150.625, 161.75, 164.25, 76.9375, 144.5, 51.53125, 192.25, 189.125, 180.0, 48.46875, 73.5625, 179.0, 138.0, 128.875, 13.6015625, 55.09375, 113.1875, 0.0, 35.34375, 149.75, 128.875, 190.125, 100.5625, 25.3125, 48.15625, 60.40625, 86.8125, 170.0, 172.125, 123.0, 44.28125, 117.75, 127.4375, 123.9375, 62.625, 6.70703125, 172.5, 73.5, 168.75, 52.5, 103.5625, 54.71875, 140.0, 168.875, 100.4375, 70.75, 159.25, 123.125, 122.5, 114.75, 42.96875, 149.5, 169.75, 123.875, 91.8125, 80.0, 169.125], [78.0625, 141.5, 125.1875, 31.40625, 66.5625, 148.5, 125.6875, 150.5, 161.25, 113.625, 167.875, 66.3125, 72.0, 89.8125, 27.453125, 148.0, 75.625, 78.5625, 96.625, 65.75, 104.6875, 125.375, 85.0625, 142.375, 120.3125, 141.5, 153.375, 70.375, 123.3125, 25.234375, 168.5, 175.875, 165.125, 43.46875, 69.9375, 178.125, 109.0625, 93.5625, 31.390625, 20.59375, 132.375, 35.34375, 0.0, 129.5, 124.625, 173.25, 66.1875, 43.84375, 27.015625, 25.078125, 97.4375, 152.625, 183.125, 129.25, 42.53125, 127.625, 138.125, 128.125, 31.140625, 39.5625, 148.0, 94.375, 144.0, 35.0, 76.0, 20.8125, 154.0, 158.25, 70.8125, 48.75, 142.875, 92.625, 87.625, 111.1875, 75.125, 128.875, 142.75, 139.625, 106.875, 82.75, 152.5], [65.1875, 97.625, 29.15625, 103.4375, 132.75, 22.796875, 33.25, 22.015625, 32.0, 102.1875, 39.3125, 96.1875, 67.875, 39.8125, 117.5625, 115.4375, 61.0, 69.0625, 152.875, 112.625, 26.078125, 4.125, 82.375, 13.15625, 57.3125, 12.0859375, 48.15625, 79.375, 7.0703125, 145.5, 45.5, 56.65625, 43.3125, 102.625, 85.25, 99.3125, 48.25, 120.5625, 155.25, 114.5, 147.5, 149.75, 129.5, 0.0, 66.0, 46.0, 94.0625, 132.0, 104.1875, 120.8125, 111.25, 26.46875, 146.25, 103.125, 107.4375, 114.75, 121.125, 96.0625, 101.125, 156.5, 30.59375, 138.25, 29.0625, 98.0, 59.03125, 112.8125, 140.0, 52.3125, 68.0, 81.0, 22.203125, 60.75, 100.0625, 69.0625, 161.5, 1.4140625, 40.59375, 138.875, 125.25, 93.125, 28.453125], [48.09375, 32.28125, 37.0, 93.1875, 94.125, 63.25, 33.0625, 69.9375, 79.5, 41.0625, 80.0625, 126.375, 54.4375, 62.0, 127.0, 49.65625, 91.25, 104.8125, 102.9375, 141.375, 69.875, 65.25, 42.4375, 68.875, 115.5, 71.5625, 42.4375, 54.34375, 67.625, 148.0, 106.5, 68.6875, 65.0, 83.0625, 56.0, 54.09375, 102.0625, 159.75, 139.125, 119.1875, 85.0625, 128.875, 124.625, 66.0, 0.0, 79.3125, 124.1875, 104.75, 98.25, 129.125, 57.5, 65.5625, 82.875, 37.65625, 86.0, 50.28125, 55.4375, 30.40625, 108.0625, 135.25, 96.0625, 87.3125, 95.0, 90.0, 88.4375, 117.0, 74.0, 45.46875, 96.875, 82.875, 55.375, 105.125, 140.125, 14.140625, 122.5625, 67.0625, 106.375, 74.1875, 68.125, 50.28125, 62.25], [101.625, 103.125, 51.875, 145.25, 166.0, 24.734375, 53.40625, 24.015625, 17.0, 120.375, 8.6015625, 141.75, 106.0, 83.75, 163.125, 120.5, 107.0, 114.625, 180.375, 158.125, 72.0, 50.0, 112.1875, 33.0625, 94.8125, 35.34375, 38.625, 114.9375, 53.0, 190.75, 43.40625, 21.1875, 14.8671875, 141.75, 119.8125, 84.3125, 90.125, 163.875, 197.0, 159.5, 163.75, 190.125, 173.25, 46.0, 79.3125, 0.0, 139.75, 169.75, 147.0, 166.375, 135.5, 20.609375, 142.375, 114.9375, 146.25, 128.375, 131.25, 107.8125, 146.125, 196.875, 50.0, 165.0, 52.6875, 140.125, 105.0, 157.75, 147.0, 38.09375, 114.0, 124.4375, 30.875, 105.125, 143.875, 89.375, 195.25, 47.0, 66.375, 151.25, 147.25, 122.5625, 21.03125], [80.4375, 152.125, 105.1875, 65.0625, 116.25, 116.75, 107.8125, 115.75, 124.125, 134.875, 132.25, 2.236328125, 75.1875, 64.875, 40.21875, 165.125, 34.9375, 25.078125, 146.875, 18.6875, 68.875, 90.25, 101.0, 106.6875, 60.8125, 104.375, 134.625, 84.625, 87.0, 67.1875, 120.4375, 149.875, 136.875, 77.9375, 89.0, 175.875, 54.5625, 37.59375, 97.5, 45.6875, 169.375, 100.5625, 66.1875, 94.0625, 124.1875, 139.75, 0.0, 99.3125, 59.0, 43.59375, 127.625, 120.5, 201.75, 146.375, 81.5, 151.0, 161.125, 142.125, 39.3125, 105.5, 100.3125, 138.875, 96.1875, 61.40625, 37.5625, 45.875, 180.375, 139.625, 28.171875, 50.6875, 114.25, 36.6875, 23.0, 115.25, 134.875, 92.9375, 89.875, 170.375, 141.5, 106.0, 122.1875], [68.25, 112.625, 118.125, 35.75, 23.34375, 146.125, 117.1875, 150.125, 161.5, 81.375, 166.375, 100.1875, 64.375, 94.0625, 67.6875, 115.0, 93.9375, 102.4375, 52.78125, 104.5, 111.875, 128.375, 62.375, 143.375, 141.375, 143.625, 141.75, 55.0, 127.375, 67.0, 176.125, 167.125, 158.75, 29.734375, 50.6875, 154.0, 127.5625, 132.375, 37.9375, 57.875, 90.8125, 25.3125, 43.84375, 132.0, 104.75, 169.75, 99.3125, 0.0, 40.59375, 66.5, 61.6875, 150.125, 147.5, 97.6875, 24.765625, 92.625, 102.5, 98.625, 60.0625, 31.015625, 157.125, 51.625, 153.625, 40.84375, 93.0, 56.5625, 115.875, 146.125, 92.125, 58.59375, 139.125, 114.75, 122.25, 90.625, 35.6875, 131.875, 156.375, 100.1875, 67.625, 55.15625, 148.875], [51.15625, 117.1875, 98.3125, 7.2109375, 57.71875, 122.375, 98.75, 124.8125, 135.75, 91.375, 142.125, 60.0, 45.03125, 64.375, 34.0625, 125.375, 55.8125, 62.65625, 88.625, 66.25, 80.4375, 100.1875, 60.375, 116.875, 102.9375, 116.3125, 126.3125, 44.59375, 98.4375, 49.71875, 145.125, 149.125, 138.5, 22.203125, 45.1875, 152.125, 90.0, 93.5625, 51.3125, 24.046875, 116.8125, 48.15625, 27.015625, 104.1875, 98.25, 147.0, 59.0, 40.59375, 0.0, 34.65625, 77.875, 126.5, 161.375, 106.25, 24.171875, 106.375, 117.0625, 104.3125, 20.390625, 54.4375, 125.0, 82.25, 121.1875, 8.25, 55.4375, 21.9375, 134.375, 131.25, 52.84375, 23.328125, 116.5, 75.6875, 82.0, 85.1875, 76.3125, 103.75, 121.625, 121.375, 89.625, 60.0, 126.25], [81.0, 150.625, 122.25, 41.71875, 87.875, 141.75, 123.5625, 142.75, 152.75, 125.875, 160.125, 43.28125, 74.6875, 83.125, 3.60546875, 159.625, 61.6875, 60.75, 118.6875, 40.78125, 94.9375, 116.75, 94.0625, 134.0, 101.8125, 132.625, 151.75, 77.5, 114.125, 25.5, 155.625, 172.0, 160.125, 56.625, 79.0625, 183.125, 92.4375, 68.5, 55.03125, 10.6328125, 150.625, 60.40625, 25.078125, 120.8125, 129.125, 166.375, 43.59375, 66.5, 34.65625, 0.0, 112.5, 145.875, 195.875, 140.375, 57.8125, 141.0, 151.625, 138.125, 21.375, 64.3125, 135.0, 114.5, 130.875, 42.0, 62.9375, 12.8046875, 169.0, 156.875, 55.53125, 46.5625, 137.25, 74.875, 63.5625, 116.875, 99.625, 120.0625, 127.5625, 155.875, 123.875, 94.5, 146.5], [54.0, 53.34375, 86.625, 70.75, 43.0, 116.1875, 83.75, 122.125, 132.875, 21.21875, 135.0, 129.375, 56.4375, 86.1875, 111.9375, 53.375, 104.75, 117.875, 45.46875, 140.125, 102.25, 108.875, 31.0625, 118.5625, 145.0, 120.3125, 99.8125, 44.15625, 109.75, 122.625, 156.125, 126.125, 121.6875, 55.875, 38.90625, 96.875, 130.0, 165.125, 99.625, 101.9375, 42.1875, 86.8125, 97.4375, 111.25, 57.5, 135.5, 127.625, 61.6875, 77.875, 112.5, 0.0, 119.25, 86.3125, 37.0, 55.3125, 31.015625, 41.15625, 39.625, 96.0, 92.0, 141.375, 29.828125, 139.125, 71.1875, 102.4375, 99.8125, 56.71875, 102.9375, 107.1875, 76.9375, 108.1875, 124.875, 149.0, 46.09375, 68.125, 111.8125, 147.25, 43.59375, 15.0, 22.359375, 116.625], [81.8125, 93.1875, 33.25, 124.8125, 147.375, 4.125, 35.59375, 7.2109375, 13.9296875, 106.0, 16.40625, 122.625, 85.9375, 63.15625, 142.75, 111.1875, 87.125, 95.5, 163.5, 139.125, 52.09375, 30.265625, 94.0625, 14.765625, 80.1875, 18.03125, 31.578125, 95.4375, 33.53125, 170.125, 43.0, 30.890625, 17.5, 121.6875, 100.625, 83.5, 73.375, 146.5, 176.625, 138.875, 150.625, 170.0, 152.625, 26.46875, 65.5625, 20.609375, 120.5, 150.125, 126.5, 145.875, 119.25, 0.0, 137.25, 102.8125, 126.25, 115.75, 120.0625, 95.5, 125.625, 176.625, 40.3125, 148.25, 41.625, 119.625, 85.0625, 137.125, 137.25, 33.84375, 94.1875, 103.875, 11.3125, 87.0, 126.1875, 73.5625, 176.625, 27.65625, 55.8125, 139.5, 131.875, 104.6875, 4.125], [121.375, 51.0, 117.4375, 154.625, 126.5, 136.625, 113.3125, 143.625, 150.0, 70.0, 147.0, 203.875, 126.8125, 143.75, 194.75, 36.78125, 171.375, 185.25, 112.4375, 217.375, 152.75, 146.25, 102.5625, 145.625, 198.375, 149.0, 106.0625, 119.5625, 149.0, 208.375, 180.25, 123.3125, 128.125, 140.375, 117.0625, 60.71875, 184.875, 238.875, 185.375, 185.25, 67.0, 172.125, 183.125, 146.25, 82.875, 142.375, 201.75, 147.5, 161.375, 195.875, 86.3125, 137.25, 0.0, 55.875, 140.625, 55.5625, 45.1875, 59.65625, 177.125, 176.75, 174.375, 102.0, 174.125, 153.875, 168.625, 183.0, 34.0625, 105.0, 176.25, 154.125, 130.125, 187.125, 220.0, 87.6875, 144.625, 147.5, 186.75, 51.15625, 80.625, 101.375, 133.25], [66.0, 17.09375, 74.4375, 99.625, 80.0, 100.6875, 70.5625, 107.4375, 116.6875, 16.28125, 116.625, 148.375, 71.1875, 91.4375, 139.25, 19.203125, 117.25, 131.125, 77.625, 161.625, 103.1875, 102.0, 46.75, 106.5625, 148.875, 109.1875, 76.5625, 63.6875, 104.0, 154.25, 144.125, 101.25, 100.1875, 85.875, 61.40625, 61.03125, 134.625, 183.625, 135.375, 129.875, 49.09375, 123.0, 129.25, 103.125, 37.65625, 114.9375, 146.375, 97.6875, 106.25, 140.375, 37.0, 102.8125, 55.875, 0.0, 86.8125, 13.6015625, 18.0, 7.28125, 121.375, 128.375, 133.5, 62.9375, 132.125, 98.5, 114.5, 127.625, 37.46875, 78.25, 121.5625, 98.3125, 92.875, 134.5, 165.375, 35.6875, 104.375, 104.0625, 143.0, 36.6875, 39.9375, 46.53125, 99.3125], [44.78125, 99.625, 94.9375, 17.09375, 35.0, 122.3125, 94.3125, 125.9375, 137.25, 71.125, 142.5, 82.75, 40.3125, 69.3125, 57.6875, 105.5625, 70.8125, 80.625, 65.375, 90.125, 87.125, 103.6875, 44.28125, 119.0625, 117.9375, 119.1875, 120.0625, 32.75, 102.75, 67.75, 151.375, 144.875, 135.75, 5.0, 30.015625, 138.0, 103.8125, 117.125, 53.34375, 47.4375, 92.9375, 44.28125, 42.53125, 107.4375, 86.0, 146.25, 81.5, 24.765625, 24.171875, 57.8125, 55.3125, 126.25, 140.625, 86.8125, 0.0, 85.125, 95.6875, 86.0625, 44.28125, 50.90625, 132.375, 58.1875, 128.875, 20.09375, 69.625, 45.5, 112.0625, 124.6875, 69.875, 35.4375, 115.4375, 92.0625, 104.375, 72.0, 58.1875, 107.3125, 131.875, 98.3125, 66.0625, 40.5, 125.25], [71.5625, 29.40625, 86.5, 99.5, 73.0, 113.5, 82.75, 120.1875, 129.75, 16.125, 129.875, 152.875, 76.0625, 99.6875, 140.125, 23.015625, 123.6875, 137.5, 66.5, 165.25, 112.75, 113.375, 49.9375, 118.875, 158.125, 121.375, 90.0625, 66.625, 115.1875, 152.875, 156.625, 114.875, 113.625, 85.0, 63.125, 72.5, 143.5, 188.5, 130.625, 130.375, 35.5, 117.75, 127.625, 114.75, 50.28125, 128.375, 151.0, 92.625, 106.375, 141.0, 31.015625, 115.75, 55.5625, 13.6015625, 85.125, 0.0, 10.6328125, 20.59375, 123.0625, 122.75, 145.25, 52.625, 143.75, 99.0625, 121.0625, 128.25, 29.53125, 91.8125, 127.5, 101.375, 105.625, 142.0, 170.875, 46.0, 95.1875, 115.625, 154.125, 24.1875, 29.28125, 46.65625, 112.375], [81.4375, 28.84375, 92.375, 110.125, 82.25, 118.125, 88.4375, 124.9375, 133.875, 26.40625, 133.5, 163.125, 86.0625, 108.5, 150.75, 16.15625, 133.375, 147.125, 72.8125, 175.625, 120.8125, 120.0, 60.21875, 124.3125, 166.5, 127.0, 92.6875, 77.0, 122.0, 163.375, 161.75, 116.5, 116.5, 95.625, 73.6875, 68.8125, 152.125, 198.625, 140.5, 141.0, 35.46875, 127.4375, 138.125, 121.125, 55.4375, 131.25, 161.125, 102.5, 117.0625, 151.625, 41.15625, 120.0625, 45.1875, 18.0, 95.6875, 10.6328125, 0.0, 25.078125, 133.625, 132.25, 151.375, 60.0, 150.125, 109.6875, 130.625, 138.875, 19.921875, 93.9375, 137.25, 111.8125, 110.4375, 151.25, 180.875, 53.46875, 103.0, 122.0625, 161.0, 20.25, 37.125, 57.28125, 116.5], [61.71875, 14.0390625, 67.25, 97.9375, 82.25, 93.4375, 63.375, 100.1875, 109.4375,