{"name": "LZB_n80_5", "n": 80, "m": 10, "times": [[0.0, 69.375, 97.1875, 91.4375, 83.5625, 100.125, 63.3125, 52.46875, 99.75, 81.625, 40.1875, 51.09375, 88.5625, 67.0, 72.375, 113.1875, 12.8046875, 39.96875, 77.4375, 104.9375, 132.5, 64.5625, 48.0625, 130.875, 27.734375, 109.0, 41.59375, 55.875, 76.875, 80.0, 98.0, 88.0625, 77.375, 89.3125, 95.4375, 70.125, 6.32421875, 117.625, 116.6875, 38.0, 33.84375, 72.125, 114.1875, 37.15625, 90.625, 111.1875, 76.9375, 92.3125, 84.375, 94.875, 88.25, 92.5, 112.625, 31.953125, 69.875, 80.9375, 88.625, 64.875, 108.75, 84.0625, 73.5625, 68.0, 87.5, 89.125, 82.5625, 100.875, 78.75, 42.75, 39.125, 26.46875, 35.46875, 79.3125, 88.875, 71.3125, 68.625, 118.3125, 91.6875, 32.5625, 49.65625, 76.4375, 33.625], [69.375, 0.0, 89.8125, 159.25, 149.25, 107.0625, 116.375, 119.5, 157.75, 48.90625, 47.75, 120.4375, 81.0, 95.1875, 138.375, 46.53125, 81.8125, 65.8125, 8.9453125, 146.625, 155.25, 47.40625, 51.78125, 200.0, 46.8125, 127.5, 110.6875, 16.125, 144.25, 24.359375, 155.375, 148.75, 121.75, 130.25, 71.5625, 39.5625, 63.40625, 48.25, 144.25, 62.03125, 45.90625, 93.1875, 129.25, 93.6875, 61.84375, 113.625, 131.5, 29.421875, 37.46875, 116.0625, 45.1875, 160.625, 133.875, 67.875, 20.59375, 114.5625, 95.1875, 39.4375, 126.875, 107.6875, 107.6875, 22.84375, 39.0625, 143.625, 124.1875, 108.3125, 122.0, 64.0, 102.3125, 94.0, 101.1875, 135.5, 150.375, 60.40625, 138.0, 131.875, 148.0, 100.875, 92.875, 112.5625, 36.125], [97.1875, 89.8125, 0.0, 145.5, 130.5, 184.625, 85.25, 141.5, 118.8125, 42.96875, 114.125, 131.25, 9.4375, 159.125, 123.4375, 94.0625, 106.25, 126.875, 88.5, 85.9375, 73.0625, 43.9375, 122.8125, 202.0, 75.9375, 199.625, 117.0625, 79.1875, 161.625, 70.6875, 115.9375, 181.125, 174.375, 74.8125, 24.015625, 125.25, 96.3125, 114.5, 68.25, 123.1875, 69.0625, 161.625, 203.5, 83.1875, 32.75, 193.625, 95.4375, 116.625, 127.125, 42.96875, 52.1875, 148.125, 54.4375, 66.125, 109.0625, 175.875, 172.0, 50.9375, 46.375, 42.625, 56.09375, 110.375, 128.875, 185.25, 179.25, 24.1875, 73.5625, 54.4375, 96.0625, 101.625, 129.0, 175.125, 181.375, 141.625, 142.75, 207.0, 187.0, 107.1875, 145.5, 60.15625, 90.4375], [91.4375, 159.25, 145.5, 0.0, 15.5234375, 166.25, 60.375, 60.625, 44.9375, 154.875, 128.875, 47.03125, 141.25, 128.875, 22.671875, 199.125, 80.75, 120.4375, 166.5, 85.125, 130.0, 137.25, 134.625, 58.84375, 112.875, 162.625, 50.4375, 144.125, 52.8125, 164.25, 46.3125, 83.0, 113.875, 81.875, 157.75, 159.875, 97.75, 207.125, 114.0625, 120.8125, 115.6875, 137.625, 169.5, 69.4375, 158.125, 177.875, 53.375, 183.625, 175.125, 113.625, 164.875, 3.0, 121.1875, 96.6875, 161.25, 129.625, 158.5, 141.875, 123.5625, 107.0, 91.0, 159.375, 178.25, 99.625, 120.0, 132.625, 76.625, 106.8125, 58.0, 65.375, 73.0, 92.4375, 80.75, 155.5, 32.5625, 174.0, 96.0625, 58.875, 107.9375, 88.25, 124.625], [83.5625, 149.25, 130.5, 15.5234375, 0.0, 166.125, 45.28125, 62.1875, 32.75, 141.625, 122.5625, 46.25, 126.5, 128.5, 11.1796875, 187.625, 74.25, 116.125, 156.125, 70.4375, 115.1875, 124.3125, 129.125, 74.3125, 102.5625, 164.625, 45.09375, 133.875, 60.4375, 152.625, 33.53125, 90.8125, 117.0, 66.5, 143.5, 153.25, 89.8125, 196.875, 99.0, 116.0, 104.6875, 136.875, 171.375, 57.125, 144.25, 177.75, 37.84375, 174.875, 167.875, 98.0625, 152.0, 18.4375, 105.8125, 84.625, 153.0, 131.5, 157.375, 129.375, 108.0625, 91.5625, 75.625, 151.375, 171.0, 106.125, 123.3125, 117.1875, 61.125, 94.0, 47.0, 57.0625, 71.0625, 97.9375, 88.875, 151.0, 36.78125, 175.875, 103.25, 51.34375, 107.0, 72.8125, 115.8125], [100.125, 107.0625, 184.625, 166.25, 166.125, 0.0, 161.5, 105.75, 191.75, 151.625, 70.5, 120.0625, 175.125, 37.65625, 156.25, 146.0, 100.6875, 60.8125, 114.25, 204.5, 231.875, 141.75, 61.78125, 174.75, 110.1875, 24.171875, 122.5625, 109.4375, 121.0, 131.25, 190.625, 102.1875, 59.03125, 189.25, 172.875, 68.375, 96.9375, 133.375, 216.5, 63.6875, 116.5, 29.546875, 23.1875, 136.25, 164.375, 11.703125, 173.25, 100.3125, 79.25, 193.25, 151.0, 165.75, 211.5, 128.75, 87.6875, 40.78125, 12.53125, 136.625, 206.75, 182.5, 173.375, 84.875, 80.5, 85.75, 55.09375, 195.25, 178.625, 135.875, 134.0, 118.6875, 95.1875, 85.3125, 105.125, 46.6875, 134.0, 25.015625, 92.0625, 120.75, 59.125, 176.5, 94.125], [63.3125, 116.375, 85.25, 60.375, 45.28125, 161.5, 0.0, 75.125, 41.5, 99.5625, 102.625, 59.46875, 81.375, 125.625, 38.90625, 149.125, 60.75, 102.875, 121.8125, 43.84375, 81.375, 83.25, 111.0, 117.9375, 71.0, 166.625, 47.40625, 100.3125, 87.3125, 114.5625, 39.0625, 113.8125, 125.25, 30.890625, 99.0625, 130.375, 68.3125, 161.375, 64.25, 101.25, 70.5625, 132.25, 172.625, 26.25, 100.6875, 172.875, 15.1328125, 144.625, 142.25, 55.21875, 110.4375, 63.0625, 66.75, 48.5, 125.0, 135.0, 150.625, 89.5, 67.0, 47.3125, 31.046875, 124.0625, 145.125, 124.3125, 131.5, 72.8125, 21.1875, 54.4375, 28.28125, 43.28125, 72.5, 114.5, 112.9375, 134.375, 64.125, 177.0, 123.6875, 43.28125, 105.0, 29.15625, 88.1875], [52.46875, 119.5, 141.5, 60.625, 62.1875, 105.75, 75.125, 0.0, 91.8125, 133.125, 78.5625, 16.96875, 134.125, 68.5, 53.8125, 164.75, 39.8125, 65.5625, 128.125, 117.375, 156.375, 115.5, 81.875, 81.8125, 80.125, 102.5625, 27.859375, 107.4375, 24.765625, 132.25, 91.5625, 40.1875, 54.90625, 106.0, 144.5, 108.6875, 57.4375, 167.0, 139.375, 67.125, 85.875, 77.3125, 109.375, 60.40625, 141.0, 117.25, 81.0, 138.25, 125.3125, 125.9375, 140.375, 60.03125, 140.375, 76.6875, 115.1875, 69.4375, 98.3125, 116.75, 139.25, 115.9375, 100.875, 112.625, 128.375, 49.1875, 61.28125, 138.5, 96.25, 89.0625, 49.46875, 40.0, 18.4375, 39.4375, 40.0, 99.75, 28.28125, 113.875, 48.71875, 35.21875, 48.0, 101.25, 83.5625], [99.75, 157.75, 118.8125, 44.9375, 32.75, 191.75, 41.5, 91.8125, 0.0, 139.625, 139.875, 75.0, 117.0625, 154.375, 38.21875, 190.375, 93.625, 137.0, 163.25, 42.96875, 87.6875, 124.0, 147.625, 101.0625, 111.75, 192.75, 69.3125, 141.625, 93.0, 155.875, 2.828125, 123.25, 146.625, 45.5, 136.25, 169.25, 105.5, 202.875, 73.0, 136.125, 111.8125, 162.125, 199.375, 65.0625, 139.25, 203.375, 26.578125, 185.5, 182.0, 79.875, 150.75, 47.8125, 82.625, 89.8125, 165.375, 159.875, 182.0, 130.5, 86.75, 76.5, 63.125, 164.25, 185.0, 138.0, 153.0, 100.8125, 45.28125, 95.8125, 60.65625, 74.9375, 97.0625, 129.375, 121.375, 170.625, 68.875, 203.75, 135.5, 71.5, 132.875, 58.71875, 128.125], [81.625, 48.90625, 42.96875, 154.875, 141.625, 151.625, 99.5625, 133.125, 139.625, 0.0, 83.5625, 127.625, 35.4375, 132.125, 132.25, 54.15625, 93.625, 99.5, 46.21875, 116.5, 113.9375, 18.03125, 90.9375, 205.625, 54.34375, 169.5, 114.5625, 42.15625, 156.5, 27.78125, 136.875, 169.625, 153.125, 101.9375, 22.671875, 87.125, 78.125, 72.6875, 106.125, 95.5, 47.8125, 132.625, 172.375, 85.625, 13.0390625, 159.375, 113.375, 74.0625, 86.3125, 78.0, 11.3984375, 157.0, 93.625, 59.40625, 69.1875, 150.5, 139.125, 17.125, 85.8125, 72.5625, 79.0625, 71.0, 87.6875, 169.5, 157.0, 64.75, 96.5625, 48.15625, 97.9375, 96.875, 117.0, 160.0, 170.5, 106.0, 142.875, 175.5, 172.625, 103.75, 123.0625, 84.125, 61.21875], [40.1875, 47.75, 114.125, 128.875, 122.5625, 70.5, 102.625, 78.5625, 139.875, 83.5625, 0.0, 84.125, 104.6875, 49.0, 111.4375, 94.0, 48.375, 18.03125, 56.65625, 142.375, 164.25, 71.875, 9.21875, 160.375, 40.3125, 86.3125, 78.4375, 43.0, 102.625, 68.5, 138.125, 102.625, 74.0625, 126.125, 103.75, 31.046875, 34.53125, 91.1875, 149.875, 14.3203125, 46.21875, 49.03125, 89.6875, 76.375, 95.8125, 80.0, 116.6875, 60.21875, 47.0, 124.75, 85.125, 129.5, 143.25, 61.28125, 37.46875, 68.0625, 57.96875, 67.4375, 138.0, 114.3125, 107.375, 34.65625, 50.15625, 96.1875, 76.6875, 125.125, 115.9375, 66.5, 79.3125, 66.0, 60.40625, 88.5, 104.5, 32.1875, 101.9375, 93.125, 100.875, 71.25, 45.1875, 111.125, 23.703125], [51.09375, 120.4375, 131.25, 47.03125, 46.25, 120.0625, 59.46875, 16.96875, 75.0, 127.625, 84.125, 0.0, 124.4375, 82.4375, 37.21875, 164.0, 38.59375, 74.0, 128.5, 100.875, 140.75, 109.6875, 89.0, 79.875, 77.25, 118.5, 14.140625, 106.875, 30.40625, 130.25, 74.625, 54.40625, 71.625, 90.0625, 136.75, 115.125, 57.0, 168.625, 123.6875, 74.75, 82.0, 91.0, 125.25, 48.25, 134.25, 131.75, 64.375, 141.875, 131.125, 112.0, 135.875, 47.0, 125.625, 68.9375, 119.0, 85.4375, 111.8125, 112.0625, 124.9375, 102.375, 86.8125, 116.75, 134.25, 65.5, 78.0, 126.0, 80.625, 81.125, 36.0, 30.875, 26.0, 56.03125, 53.59375, 109.0625, 17.890625, 129.75, 64.375, 24.359375, 61.1875, 86.6875, 84.375], [88.5625, 81.0, 9.4375, 141.25, 126.5, 175.125, 81.375, 134.125, 117.0625, 35.4375, 104.6875, 124.4375, 0.0, 150.0, 118.875, 88.1875, 98.0, 117.5625, 80.125, 86.9375, 78.75, 34.65625, 113.375, 196.75, 66.75, 190.25, 110.375, 70.0, 154.75, 62.78125, 114.1875, 173.5, 165.5, 74.4375, 20.25, 116.0, 87.5, 107.875, 72.1875, 113.875, 59.8125, 152.375, 194.125, 76.875, 27.015625, 184.25, 92.625, 108.3125, 118.25, 45.125, 45.53125, 143.75, 59.0, 58.0, 100.0, 166.75, 162.625, 41.875, 51.03125, 42.5, 53.90625, 101.25, 120.0, 177.125, 170.375, 29.421875, 71.8125, 46.03125, 89.8125, 94.375, 121.0625, 167.0, 173.75, 132.25, 136.625, 197.625, 179.0, 100.25, 136.625, 58.40625, 81.0], [67.0, 95.1875, 159.125, 128.875, 128.5, 37.65625, 125.625, 68.5, 154.375, 132.125, 49.0, 82.4375, 150.0, 0.0, 118.625, 140.0, 65.1875, 32.75, 103.75, 169.125, 199.375, 119.125, 43.40625, 141.625, 83.1875, 42.0, 85.0625, 92.0, 85.5625, 117.1875, 153.375, 71.5625, 31.109375, 154.375, 151.375, 63.9375, 65.1875, 132.875, 183.375, 36.6875, 90.125, 9.0546875, 47.375, 101.25, 144.0, 49.34375, 136.75, 99.3125, 79.9375, 161.875, 134.125, 128.375, 179.625, 97.9375, 80.0, 19.421875, 30.0, 115.5625, 175.625, 151.0, 140.375, 76.875, 82.375, 58.40625, 31.0625, 166.5, 143.75, 106.875, 97.625, 82.4375, 57.59375, 54.59375, 74.25, 44.8125, 96.75, 51.625, 64.375, 83.875, 21.546875, 143.0, 71.0], [72.375, 138.375, 123.4375, 22.671875, 11.1796875, 156.25, 38.90625, 53.8125, 38.21875, 132.25, 111.4375, 37.21875, 118.875, 118.625, 0.0, 177.25, 63.125, 105.25, 145.375, 70.625, 114.25, 114.6875, 118.0625, 79.0625, 91.6875, 155.625, 34.375, 123.0, 55.9375, 142.25, 38.21875, 85.6875, 108.75, 64.0625, 135.25, 142.125, 78.625, 186.0, 97.625, 105.0625, 94.0, 126.8125, 162.375, 47.0, 135.5, 167.875, 35.125, 163.875, 156.75, 93.5625, 142.375, 25.0, 103.0, 74.375, 141.875, 122.5625, 147.25, 119.5, 104.5, 86.125, 69.9375, 140.125, 159.875, 99.875, 115.125, 111.6875, 57.21875, 84.3125, 36.25, 45.90625, 61.03125, 91.25, 84.0625, 140.0, 31.390625, 166.75, 97.625, 40.1875, 97.0625, 67.6875, 104.6875], [113.1875, 46.53125, 94.0625, 199.125, 187.625, 146.0, 149.125, 164.75, 190.375, 54.15625, 94.0, 164.0, 88.1875, 140.0, 177.25, 0.0, 125.9375, 112.0, 37.59375, 170.375, 166.875, 66.75, 97.0625, 244.0, 87.1875, 168.375, 153.0, 57.375, 189.5, 35.0, 187.75, 195.125, 167.75, 155.375, 70.1875, 78.4375, 107.625, 22.796875, 160.0, 108.3125, 83.625, 136.875, 169.0, 130.5, 61.40625, 150.375, 163.75, 46.53125, 67.1875, 132.0, 43.0, 200.875, 147.125, 103.0625, 60.21875, 159.375, 135.125, 59.8125, 139.25, 126.6875, 132.25, 63.34375, 66.5, 190.125, 169.875, 117.5, 149.25, 94.875, 141.125, 135.625, 146.625, 182.0, 196.75, 100.375, 181.125, 171.0, 194.5, 142.625, 139.25, 137.375, 81.375], [12.8046875, 81.8125, 106.25, 80.75, 74.25, 100.6875, 60.75, 39.8125, 93.625, 93.625, 48.375, 38.59375, 98.0, 65.1875, 63.125, 125.9375, 0.0, 43.40625, 90.0, 104.0, 135.25, 76.25, 55.0, 118.25, 40.3125, 106.75, 30.359375, 68.5625, 64.0625, 92.8125, 92.1875, 76.5, 70.375, 89.1875, 106.375, 79.25, 18.4375, 130.0, 118.875, 42.59375, 46.09375, 71.625, 112.5, 36.0625, 102.125, 112.1875, 72.9375, 103.75, 94.375, 99.3125, 100.625, 81.625, 116.3125, 40.125, 81.0, 76.625, 89.9375, 77.0625, 113.1875, 88.5625, 76.25, 78.9375, 97.5, 79.0625, 76.0625, 107.5625, 78.5625, 52.0, 33.625, 18.6875, 23.53125, 69.0, 77.125, 77.4375, 56.3125, 116.75, 81.0625, 23.0, 45.46875, 78.4375, 45.8125], [39.96875, 65.8125, 126.875, 120.4375, 116.125, 60.8125, 102.875, 65.5625, 137.0, 99.5, 18.03125, 74.0, 117.5625, 32.75, 105.25, 112.0, 43.40625, 0.0, 74.6875, 144.875, 171.125, 86.375, 17.03125, 146.75, 51.0, 72.875, 71.0, 60.3125, 88.5625, 86.125, 135.625, 85.6875, 56.03125, 129.25, 118.6875, 43.84375, 36.25, 108.4375, 155.75, 4.0, 57.78125, 34.875, 77.1875, 76.9375, 111.3125, 71.5625, 115.875, 76.5, 60.8125, 132.5, 102.0, 120.6875, 150.75, 68.0, 54.40625, 51.09375, 48.90625, 82.875, 146.125, 121.75, 112.6875, 51.40625, 63.8125, 78.375, 58.84375, 135.375, 118.75, 75.6875, 76.875, 62.09375, 48.5, 71.0, 87.75, 35.125, 91.25, 81.0, 83.1875, 65.9375, 27.296875, 115.875, 38.3125], [77.4375, 8.9453125, 88.5, 166.5, 156.125, 114.25, 121.8125, 128.125, 163.25, 46.21875, 56.65625, 128.5, 80.125, 103.75, 145.375, 37.59375, 90.0, 74.6875, 0.0, 150.125, 156.25, 48.09375, 60.40625, 208.25, 53.65625, 135.125, 118.4375, 22.359375, 152.875, 19.203125, 160.875, 157.625, 130.625, 134.0, 68.6875, 46.09375, 71.5625, 40.71875, 146.0, 70.9375, 51.875, 101.5, 136.75, 99.9375, 58.71875, 120.3125, 136.875, 28.171875, 41.0625, 117.625, 40.59375, 168.0, 135.0, 73.5, 26.6875, 123.1875, 102.5625, 39.84375, 127.75, 109.8125, 111.0625, 29.421875, 42.0, 152.5, 133.0, 108.3125, 126.125, 68.375, 109.1875, 101.5625, 109.8125, 144.5, 159.25, 67.625, 146.0, 139.125, 157.0, 108.4375, 101.75, 116.0625, 44.5625], [104.9375, 146.625, 85.9375, 85.125, 70.4375, 204.5, 43.84375, 117.375, 42.96875, 116.5, 142.375, 100.875, 86.9375, 169.125, 70.625, 170.375, 104.0, 144.875, 150.125, 0.0, 45.03125, 104.375, 151.25, 143.125, 106.0625, 210.375, 90.1875, 130.875, 125.6875, 138.375, 40.59375, 154.25, 168.875, 16.5, 107.125, 167.625, 109.1875, 186.5, 30.078125, 142.875, 103.375, 175.625, 216.25, 68.25, 112.5625, 215.75, 36.6875, 175.875, 177.375, 43.28125, 127.875, 88.0625, 40.8125, 82.5625, 159.0, 178.875, 193.375, 112.1875, 46.21875, 44.59375, 39.0, 158.625, 180.0, 166.375, 175.125, 64.1875, 26.40625, 82.875, 72.125, 87.0625, 116.1875, 156.75, 153.0, 174.5, 101.25, 220.625, 165.125, 87.0625, 148.75, 34.0625, 124.625], [132.5, 155.25, 73.0625, 130.0, 115.1875, 231.875, 81.375, 156.375, 87.6875, 113.9375, 164.25, 140.75, 78.75, 199.375, 114.25, 166.875, 135.25, 171.125, 156.25, 45.03125, 0.0, 108.1875, 173.5, 188.125, 124.375, 241.375, 128.5, 141.375, 167.875, 140.375, 85.5, 195.125, 204.25, 50.96875, 97.0625, 184.375, 135.125, 186.625, 17.09375, 168.375, 119.5625, 204.5, 246.625, 99.875, 105.5, 242.625, 79.25, 184.125, 190.5, 39.96875, 124.3125, 133.0, 21.46875, 103.375, 171.75, 211.875, 220.0, 116.375, 28.453125, 50.0, 59.03125, 172.25, 192.75, 205.5, 210.25, 49.375, 60.15625, 98.25, 107.8125, 121.0625, 151.875, 195.625, 194.125, 195.75, 143.875, 250.75, 205.0, 123.0, 180.625, 56.875, 142.875], [64.5625, 47.40625, 43.9375, 137.25, 124.3125, 141.75, 83.25, 115.5, 124.0, 18.03125, 71.875, 109.6875, 34.65625, 119.125, 114.6875, 66.75, 76.25, 86.375, 48.09375, 104.375, 108.1875, 0.0, 80.125, 187.625, 38.0625, 158.125, 96.5625, 35.375, 138.75, 34.0, 121.3125, 152.5, 138.125, 88.9375, 32.375, 81.375, 61.53125, 82.125, 98.0625, 82.4375, 31.140625, 120.5, 161.5, 67.875, 26.171875, 150.5, 97.5, 75.9375, 84.0625, 69.625, 27.65625, 139.375, 87.0, 41.40625, 65.625, 137.0, 129.25, 8.25, 79.6875, 62.28125, 65.75, 66.6875, 86.0, 153.125, 142.375, 60.90625, 82.4375, 30.40625, 80.0625, 78.875, 99.75, 143.5, 153.25, 97.9375, 124.8125, 164.875, 156.0, 85.75, 108.25, 70.875, 48.375], [48.0625, 51.78125, 122.8125, 134.625, 129.125, 61.78125, 111.0, 81.875, 147.625, 90.9375, 9.21875, 89.0, 113.375, 43.40625, 118.0625, 97.0625, 55.0, 17.03125, 60.40625, 151.25, 173.5, 80.125, 0.0, 163.375, 49.5, 78.5625, 84.5, 49.5, 105.3125, 74.0, 146.0, 102.5625, 70.75, 135.0, 111.6875, 26.921875, 42.71875, 92.125, 159.0, 14.765625, 55.3125, 42.09375, 81.625, 84.75, 103.4375, 71.0, 124.9375, 59.65625, 43.84375, 134.0, 91.8125, 135.125, 152.5, 70.4375, 38.09375, 62.8125, 49.25, 75.25, 147.125, 123.5625, 116.5, 35.0, 46.875, 94.5625, 72.75, 134.125, 124.8125, 75.6875, 87.0, 73.1875, 64.25, 87.625, 104.6875, 23.40625, 106.625, 84.875, 99.625, 78.0, 43.59375, 120.25, 32.4375], [130.875, 200.0, 202.0, 58.84375, 74.3125, 174.75, 117.9375, 81.8125, 101.0625, 205.625, 160.375, 79.875, 196.75, 141.625, 79.0625, 244.0, 118.25, 146.75, 208.25, 143.125, 188.125, 187.625, 163.375, 0.0, 157.0, 163.0, 91.5625, 186.75, 58.125, 210.125, 103.0, 73.125, 115.875, 140.75, 211.875, 190.25, 136.75, 248.0, 172.625, 148.625, 161.5, 150.625, 170.0, 121.0625, 210.875, 185.25, 112.1875, 220.0, 207.0, 172.25, 214.625, 55.90625, 180.0, 146.25, 197.0, 134.125, 170.875, 190.875, 182.375, 165.125, 149.0, 194.375, 210.125, 91.0, 120.4375, 190.75, 135.375, 157.875, 108.25, 109.3125, 100.125, 89.5625, 70.125, 179.625, 63.125, 174.0, 85.0, 102.3125, 125.0, 146.625, 163.875], [27.734375, 46.8125, 75.9375, 112.875, 102.5625, 110.1875, 71.0, 80.125, 111.75, 54.34375, 40.3125, 77.25, 66.75, 83.1875, 91.6875, 87.1875, 40.3125, 51.0, 53.65625, 106.0625, 124.375, 38.0625, 49.5, 157.0, 0.0, 123.875, 65.875, 31.3125, 104.3125, 53.0625, 109.5625, 115.4375, 100.25, 89.5625, 70.0625, 61.6875, 23.765625, 94.375, 110.4375, 47.40625, 7.0703125, 85.875, 128.0, 47.0625, 64.1875, 120.125, 86.0625, 73.8125, 71.6875, 84.625, 60.53125, 114.375, 103.25, 23.53125, 54.03125, 100.1875, 97.8125, 37.375, 97.75, 74.375, 68.9375, 53.25, 74.5625, 115.25, 104.6875, 85.0, 80.0625, 26.25, 55.53125, 48.40625, 63.15625, 105.75, 116.375, 71.375, 94.0625, 131.75, 118.25, 55.4375, 70.5625, 73.1875, 18.78125], [109.0, 127.5, 199.625, 162.625, 164.625, 24.171875, 166.625, 102.5625, 192.75, 169.5, 86.3125, 118.5, 190.25, 42.0, 155.625, 168.375, 106.75, 72.875, 135.125, 210.375, 241.375, 158.125, 78.5625, 163.0, 123.875, 0.0, 123.6875, 127.875, 113.375, 151.25, 192.125, 90.0, 49.25, 195.875, 190.125, 90.0625, 107.0625, 156.75, 225.25, 76.5, 130.625, 38.0, 7.0703125, 142.875, 182.0, 27.65625, 177.0, 123.3125, 102.25, 203.75, 170.0, 161.625, 221.625, 139.75, 109.0, 33.09375, 33.25, 153.75, 217.625, 193.0, 182.375, 106.0, 103.75, 72.0625, 43.5625, 208.0, 185.25, 148.375, 138.375, 123.3125, 95.9375, 74.3125, 93.0, 68.0, 130.0, 11.3984375, 78.1875, 124.0, 61.625, 184.875, 109.8125], [41.59375, 110.6875, 117.0625, 50.4375, 45.09375, 122.5625, 47.40625, 27.859375, 69.3125, 114.5625, 78.4375, 14.140625, 110.375, 85.0625, 34.375, 153.0, 30.359375, 71.0, 118.4375, 90.1875, 128.5, 96.5625, 84.5, 91.5625, 65.875, 123.6875, 0.0, 96.375, 44.5625, 118.8125, 68.5, 67.4375, 79.1875, 78.3125, 122.9375, 109.4375, 47.84375, 158.875, 111.5, 71.0, 70.0625, 93.0625, 130.125, 34.125, 120.75, 134.25, 54.5, 133.875, 124.75, 98.5, 123.25, 51.25, 112.625, 55.46875, 111.25, 91.0, 113.25, 99.375, 111.625, 88.6875, 73.375, 109.1875, 127.875, 76.9375, 85.5625, 112.0, 68.4375, 67.5625, 22.09375, 17.796875, 27.78125, 67.0625, 66.9375, 106.0, 28.421875, 134.625, 76.5625, 10.8203125, 63.5625, 73.5, 75.1875], [55.875, 16.125, 79.1875, 144.125, 133.875, 109.4375, 100.3125, 107.4375, 141.625, 42.15625, 43.0, 106.875, 70.0, 92.0, 123.0, 57.375, 68.5625, 60.3125, 22.359375, 130.875, 141.375, 35.375, 49.5, 186.75, 31.3125, 127.875, 96.375, 0.0, 132.125, 26.25, 139.25, 139.125, 115.9375, 114.5, 64.0, 46.09375, 50.25, 63.0625, 129.75, 56.3125, 29.828125, 91.5625, 130.5, 77.8125, 55.03125, 117.25, 115.4375, 45.09375, 49.25, 101.75, 42.28125, 145.625, 119.9375, 51.78125, 30.53125, 111.0625, 97.0625, 28.421875, 113.125, 93.0, 92.0625, 31.40625, 51.4375, 135.625, 119.0625, 95.6875, 106.0625, 48.09375, 86.8125, 79.3125, 89.375, 127.0, 140.5, 63.9375, 124.1875, 133.5, 139.625, 86.25, 86.125, 96.875, 24.59375], [76.875, 144.25, 161.625, 52.8125, 60.4375, 121.0, 87.3125, 24.765625, 93.0, 156.5, 102.625, 30.40625, 154.75, 85.5625, 55.9375, 189.5, 64.0625, 88.5625, 152.875, 125.6875, 167.875, 138.75, 105.3125, 58.125, 104.3125, 113.375, 44.5625, 132.125, 0.0, 156.875, 93.5, 30.40625, 64.125, 116.9375, 166.625, 132.25, 82.0, 191.75, 150.875, 90.5625, 109.75, 94.625, 120.4375, 78.625, 163.75, 132.125, 89.1875, 162.625, 149.0, 141.375, 164.25, 51.03125, 154.0, 98.6875, 139.625, 81.5, 115.4375, 140.5, 154.0, 132.0, 116.1875, 137.0, 152.125, 46.875, 69.875, 156.125, 108.25, 111.0, 66.1875, 60.71875, 43.125, 40.3125, 28.421875, 121.625, 24.59375, 124.75, 43.28125, 54.5625, 67.4375, 115.625, 108.3125], [80.0, 24.359375, 70.6875, 164.25, 152.625, 131.25, 114.5625, 132.25, 155.875, 27.78125, 68.5, 130.25, 62.78125, 117.1875, 142.25, 35.0, 92.8125, 86.125, 19.203125, 138.375, 140.375, 34.0, 74.0, 210.125, 53.0625, 151.25, 118.8125, 26.25, 156.875, 0.0, 153.375, 165.0, 142.0, 122.8125, 49.8125, 63.90625, 74.875, 48.15625, 131.375, 82.1875, 48.90625, 116.0, 153.25, 95.5, 39.8125, 137.875, 129.375, 46.40625, 60.21875, 102.9375, 21.40625, 166.0, 119.625, 68.125, 44.78125, 136.5, 119.25, 26.171875, 112.0625, 96.125, 99.625, 47.15625, 61.21875, 161.875, 145.0, 91.6875, 115.9375, 60.15625, 106.25, 101.1875, 114.5625, 153.25, 166.375, 84.625, 147.125, 155.875, 165.875, 108.25, 112.3125, 104.6875, 50.6875], [98.0, 155.375, 115.9375, 46.3125, 33.53125, 190.625, 39.0625, 91.5625, 2.828125, 136.875, 138.125, 74.625, 114.1875, 153.375, 38.21875, 187.75, 92.1875, 135.625, 160.875, 40.59375, 85.5, 121.3125, 146.0, 103.0, 109.5625, 192.125, 68.5, 139.25, 93.5, 153.375, 0.0, 123.625, 146.25, 42.71875, 133.375, 167.25, 103.6875, 200.375, 70.625, 134.625, 109.5, 161.125, 198.625, 63.0, 136.5, 202.375, 24.046875, 183.375, 180.0, 77.125, 148.0, 49.25, 80.0625, 87.5, 163.25, 159.25, 180.875, 127.9375, 84.125, 73.6875, 60.3125, 162.125, 183.0, 138.125, 152.625, 98.0, 42.4375, 93.3125, 59.03125, 73.5, 96.25, 129.375, 121.8125, 169.0, 69.1875, 203.0, 135.75, 70.25, 131.875, 55.90625, 126.0625], [88.0625, 148.75, 181.125, 83.0, 90.8125, 102.1875, 113.8125, 40.1875, 123.25, 169.625, 102.625, 54.40625, 173.5, 71.5625, 85.6875, 195.125, 76.5, 85.6875, 157.625, 154.25, 195.125, 152.5, 102.5625, 73.125, 115.4375, 90.0, 67.4375, 139.125, 30.40625, 165.0, 123.625, 0.0, 43.1875, 144.25, 182.875, 128.75, 91.6875, 193.875, 178.0, 88.75, 121.8125, 80.125, 97.0, 100.625, 178.5, 112.3125, 117.625, 162.25, 145.75, 165.875, 175.875, 81.0625, 180.0, 115.625, 140.0, 61.40625, 99.3125, 152.75, 179.125, 156.0, 140.75, 137.0, 148.625, 18.4375, 47.375, 178.75, 135.0, 127.875, 89.4375, 80.0625, 52.9375, 17.09375, 3.0, 113.8125, 54.40625, 101.0625, 13.4140625, 75.4375, 59.46875, 140.875, 114.5], [77.375, 121.75, 174.375, 113.875, 117.0, 59.03125, 125.25, 54.90625, 146.625, 153.125, 74.0625, 71.625, 165.5, 31.109375, 108.75, 167.75, 70.375, 56.03125, 130.625, 168.875, 204.25, 138.125, 70.75, 115.875, 100.25, 49.25, 79.1875, 115.9375, 64.125, 142.0, 146.25, 43.1875, 0.0, 155.75, 170.25, 94.0625, 78.0625, 162.375, 187.5, 59.90625, 107.3125, 38.59375, 56.28125, 104.4375, 164.0, 69.375, 133.625, 129.125, 110.4375, 169.5, 156.875, 112.75, 186.125, 109.1875, 108.6875, 18.25, 56.46875, 136.0, 183.375, 158.875, 145.875, 105.5625, 113.0, 27.78125, 6.40234375, 177.75, 145.375, 120.0625, 97.1875, 83.1875, 52.8125, 26.3125, 46.09375, 75.8125, 81.4375, 60.625, 34.0, 82.0, 30.0625, 147.5, 92.5625], [89.3125, 130.25, 74.8125, 81.875, 66.5, 189.25, 30.890625, 106.0, 45.5, 101.9375, 126.125, 90.0625, 74.4375, 154.375, 64.0625, 155.375, 89.1875, 129.25, 134.0, 16.5, 50.96875, 88.9375, 135.0, 140.75, 89.5625, 195.875, 78.3125, 114.5, 116.9375, 122.8125, 42.71875, 144.25, 155.75, 0.0, 94.4375, 151.125, 93.3125, 171.0, 33.96875, 127.125, 86.875, 160.5, 201.625, 53.15625, 99.0, 200.375, 29.0, 159.625, 160.875, 34.40625, 113.3125, 84.875, 39.3125, 66.125, 142.625, 165.0, 177.875, 96.625, 42.0625, 32.1875, 23.1875, 142.25, 163.625, 155.125, 162.0, 55.4375, 10.6328125, 66.5, 58.59375, 73.0, 103.0, 145.375, 143.25, 158.375, 92.9375, 206.0, 154.375, 73.8125, 134.375, 18.109375, 108.1875], [95.4375, 71.5625, 24.015625, 157.75, 143.5, 172.875, 99.0625, 144.5, 136.25, 22.671875, 103.75, 136.75, 20.25, 151.375, 135.25, 70.1875, 106.375, 118.6875, 68.6875, 107.125, 97.0625, 32.375, 111.6875, 211.875, 70.0625, 190.125, 122.9375, 64.0, 166.625, 49.8125, 133.375, 182.875, 170.25, 94.4375, 0.0, 109.5625, 93.0625, 91.0625, 91.8125, 114.75, 63.03125, 152.625, 193.25, 90.8125, 10.0, 181.125, 111.1875, 96.1875, 109.0, 65.25, 29.53125, 160.25, 78.25, 68.0, 91.8125, 169.375, 160.5, 36.40625, 70.1875, 62.65625, 73.25, 93.625, 110.3125, 184.5, 174.625, 48.03125, 91.25, 55.65625, 103.75, 105.9375, 129.875, 174.75, 183.375, 127.9375, 150.25, 196.5, 187.125, 112.375, 140.5, 77.9375, 80.5], [70.125, 39.5625, 125.25, 159.875, 153.25, 68.375, 130.375, 108.6875, 169.25, 87.125, 31.046875, 115.125, 116.0, 63.9375, 142.125, 78.4375, 79.25, 43.84375, 46.09375, 167.625, 184.375, 81.375, 26.921875, 190.25, 61.6875, 90.0625, 109.4375, 46.09375, 132.25, 63.90625, 167.25, 128.75, 94.0625, 151.125, 109.5625, 0.0, 64.0, 69.0625, 171.25, 41.6875, 65.3125, 59.46875, 91.0625, 104.5625, 100.1875, 74.1875, 145.0, 35.34375, 17.03125, 144.375, 84.5625, 160.5, 162.875, 85.0625, 19.421875, 82.875, 57.0, 74.5, 156.75, 134.75, 130.5, 16.765625, 20.0, 119.5, 94.875, 140.75, 141.5, 86.75, 109.0, 96.4375, 90.875, 113.1875, 130.875, 22.015625, 132.875, 93.3125, 124.875, 101.9375, 69.3125, 134.875, 43.0], [6.32421875, 63.40625, 96.3125, 97.75, 89.8125, 96.9375, 68.3125, 57.4375, 105.5, 78.125, 34.53125, 57.0, 87.5, 65.1875, 78.625, 107.625, 18.4375, 36.25, 71.5625, 109.1875, 135.125, 61.53125, 42.71875, 136.75, 23.765625, 107.0625, 47.84375, 50.25, 82.0, 74.875, 103.6875, 91.6875, 78.0625, 93.3125, 93.0625, 64.0, 0.0, 111.625, 119.625, 33.84375, 30.40625, 69.6875, 112.0, 42.0625, 87.6875, 107.8125, 82.25, 86.0, 78.0625, 96.8125, 84.125, 98.8125, 114.875, 32.75, 63.5625, 80.25, 85.125, 61.125, 110.625, 86.0625, 76.5, 61.6875, 81.1875, 91.6875, 83.0, 101.5, 82.875, 42.375, 45.0, 32.75, 39.8125, 82.0625, 92.6875, 66.125, 74.625, 116.0625, 94.5625, 38.90625, 49.34375, 79.625, 27.453125], [117.625, 48.25, 114.5, 207.125, 196.875, 133.375, 161.375, 167.0, 202.875, 72.6875, 91.1875, 168.625, 107.875, 132.875, 186.0, 22.796875, 130.0, 108.4375, 40.71875, 186.5, 186.625, 82.125, 92.125, 248.0, 94.375, 156.75, 158.875, 63.0625, 191.75, 48.15625, 200.375, 193.875, 162.375, 171.0, 91.0625, 69.0625, 111.625, 0.0, 178.625, 105.1875, 92.3125, 128.5, 156.5, 140.375, 81.75, 136.25, 176.375, 33.84375, 54.5625, 150.375, 62.375, 208.625, 166.375, 113.5625, 54.09375, 151.875, 123.5625, 74.3125, 158.5, 144.0, 147.75, 57.125, 52.9375, 186.625, 163.625, 137.25, 163.875, 107.1875, 149.875, 142.125, 148.625, 179.5, 195.625, 90.125, 186.25, 158.0, 191.625, 149.0, 135.625, 152.875, 84.1875], [116.6875, 144.25, 68.25, 114.0625, 99.0, 216.5, 64.25, 139.375, 73.0, 106.125, 149.875, 123.6875, 72.1875, 183.375, 97.625, 160.0, 118.875, 155.75, 146.0, 30.078125, 17.09375, 98.0625, 159.0, 172.625, 110.4375, 225.25, 111.5, 129.75, 150.875, 131.375, 70.625, 178.0, 187.5, 33.96875, 91.8125, 171.25, 119.625, 178.625, 0.0, 153.125, 106.0625, 188.75, 230.75, 83.25, 99.1875, 227.375, 62.5, 173.5, 178.5, 28.4375, 117.0, 117.0625, 14.3203125, 88.625, 159.75, 195.375, 204.75, 106.3125, 22.140625, 36.78125, 43.125, 159.875, 180.875, 188.5, 193.625, 44.15625, 43.09375, 84.625, 90.8125, 104.3125, 135.0, 178.5, 177.125, 181.625, 126.875, 234.875, 187.875, 106.0625, 164.25, 40.46875, 129.125], [38.0, 62.03125, 123.1875, 120.8125, 116.0, 63.6875, 101.25, 67.125, 136.125, 95.5, 14.3203125, 74.75, 113.875, 36.6875, 105.0625, 108.3125, 42.59375, 4.0, 70.9375, 142.875, 168.375, 82.4375, 14.765625, 148.625, 47.40625, 76.5, 71.0, 56.3125, 90.5625, 82.1875, 134.625, 88.75, 59.90625, 127.125, 114.75, 41.6875, 33.84375, 105.1875, 153.125, 0.0, 54.125, 38.46875, 80.625, 75.125, 107.375, 74.25, 114.5, 73.5625, 58.53125, 129.5, 98.0, 121.1875, 147.75, 65.0625, 51.21875, 55.09375, 51.625, 78.9375, 143.125, 118.8125, 110.125, 48.28125, 61.59375, 81.875, 62.8125, 132.0, 116.625, 72.4375, 75.6875, 61.1875, 49.65625, 74.3125, 90.6875, 35.0, 92.1875, 84.375, 86.625, 65.375, 30.875, 113.4375, 34.375], [33.84375, 45.90625, 69.0625, 115.6875, 104.6875, 116.5, 70.5625, 85.875, 111.8125, 47.8125, 46.21875, 82.0, 59.8125, 90.125, 94.0, 83.625, 46.09375, 57.78125, 51.875, 103.375, 119.5625, 31.140625, 55.3125, 161.5, 7.0703125, 130.625, 70.0625, 29.828125, 109.75, 48.90625, 109.5, 121.8125, 107.3125, 86.875, 63.03125, 65.3125, 30.40625, 92.3125, 106.0625, 54.125, 0.0, 92.625, 134.625, 48.09375, 57.3125, 126.1875, 85.6875, 74.125, 74.0, 79.625, 54.5625, 117.3125, 98.25, 22.09375, 55.71875, 107.1875, 104.0625, 31.015625, 92.4375, 69.625, 65.4375, 55.3125, 76.6875, 122.0625, 111.75, 78.875, 77.8125, 21.46875, 57.8125, 52.3125, 69.3125, 112.4375, 122.6875, 76.5625, 98.4375, 138.25, 124.9375, 59.40625, 77.625, 69.9375, 23.4375], [72.125, 93.1875, 161.625, 137.625, 136.875, 29.546875, 132.25, 77.3125, 162.125, 132.625, 49.03125, 91.0, 152.375, 9.0546875, 126.8125, 136.875, 71.625, 34.875, 101.5, 175.625, 204.5, 120.5, 42.09375, 150.625, 85.875, 38.0, 93.0625, 91.5625, 94.625, 116.0, 161.125, 80.125, 38.59375, 160.5, 152.625, 59.46875, 69.6875, 128.5, 188.75, 38.46875, 92.625, 0.0, 42.4375, 107.4375, 144.75, 41.21875, 143.875, 94.6875, 74.6875, 166.5, 133.875, 137.125, 184.5, 102.1875, 76.6875, 23.859375, 21.03125, 116.4375, 180.25, 155.75, 145.75, 73.5625, 76.9375, 66.3125, 37.46875, 170.125, 149.875, 110.4375, 104.625, 89.375, 65.8125, 63.0625, 82.875, 38.9375, 105.5625, 46.40625, 72.375, 91.25, 29.828125, 148.5, 72.125], [114.1875, 129.25, 203.5, 169.5, 171.375, 23.1875, 172.625, 109.375, 199.375, 172.375, 89.6875, 125.25, 194.125, 47.375, 162.375, 169.0, 112.5, 77.1875, 136.75, 216.25, 246.625, 161.5, 81.625, 170.0, 128.0, 7.0703125, 130.125, 130.5, 120.4375, 153.25, 198.625, 97.0, 56.28125, 201.625, 193.25, 91.0625, 112.0, 156.5, 230.75, 80.625, 134.625, 42.4375, 0.0, 148.5, 185.0, 23.59375, 183.25, 123.5, 102.375, 208.875, 172.5, 168.5, 226.75, 144.625, 110.3125, 39.9375, 34.125, 156.875, 222.625, 198.0, 187.625, 107.375, 103.6875, 79.0, 50.625, 212.5, 191.0, 152.875, 144.5, 129.375, 102.375, 81.375, 100.0, 69.1875, 137.0, 4.47265625, 85.125, 130.25, 67.625, 190.375, 113.3125], [37.15625, 93.6875, 83.1875, 69.4375, 57.125, 136.25, 26.25, 60.40625, 65.0625, 85.625, 76.375, 48.25, 76.875, 101.25, 47.0, 130.5, 36.0625, 76.9375, 99.9375, 68.25, 99.875, 67.875, 84.75, 121.0625, 47.0625, 142.875, 34.125, 77.8125, 78.625, 95.5, 63.0, 100.625, 104.4375, 53.15625, 90.8125, 104.5625, 42.0625, 140.375, 83.25, 75.125, 48.09375, 107.4375, 148.5, 0.0, 89.875, 147.5, 40.4375, 120.8125, 117.0, 66.125, 95.5, 71.4375, 81.875, 27.453125, 100.3125, 112.3125, 125.125, 72.5, 79.6875, 55.78125, 41.625, 99.125, 120.0, 107.9375, 110.4375, 78.1875, 42.53125, 37.46875, 13.0, 21.546875, 52.40625, 97.8125, 100.3125, 108.1875, 59.8125, 152.875, 108.4375, 25.171875, 81.375, 43.03125, 63.03125], [90.625, 61.84375, 32.75, 158.125, 144.25, 164.375, 100.6875, 141.0, 139.25, 13.0390625, 95.8125, 134.25, 27.015625, 144.0, 135.5, 61.40625, 102.125, 111.3125, 58.71875, 112.5625, 105.5, 26.171875, 103.4375, 210.875, 64.1875, 182.0, 120.75, 55.03125, 163.75, 39.8125, 136.5, 178.5, 164.0, 99.0, 10.0, 100.1875, 87.6875, 81.75, 99.1875, 107.375, 57.3125, 144.75, 185.0, 89.875, 0.0, 172.25, 113.625, 86.1875, 99.1875, 71.875, 19.703125, 160.375, 86.0, 65.3125, 82.1875, 162.25, 151.875, 28.4375, 78.0, 68.0, 76.9375, 84.0625, 100.4375, 179.375, 168.125, 56.15625, 94.875, 53.25, 102.625, 103.375, 125.625, 169.75, 179.25, 118.9375, 148.625, 188.125, 182.125, 110.0, 134.0, 81.8125, 73.0], [111.1875, 113.625, 193.625, 177.875, 177.75, 11.703125, 172.875, 117.25, 203.375, 159.375, 80.0, 131.75, 184.25, 49.34375, 167.875, 150.375, 112.1875, 71.5625, 120.3125, 215.75, 242.625, 150.5, 71.0, 185.25, 120.125, 27.65625, 134.25, 117.25, 132.125, 137.875, 202.375, 112.3125, 69.375, 200.375, 181.125, 74.1875, 107.8125, 136.25, 227.375, 74.25, 126.1875, 41.21875, 23.59375, 147.5, 172.25, 0.0, 184.875, 104.0625, 83.125, 203.625, 158.125, 177.25, 222.0, 139.25, 93.625, 51.15625, 22.671875, 144.875, 217.125, 193.0, 184.25, 90.9375, 84.0, 95.3125, 64.9375, 205.0, 189.875, 146.0, 145.5, 130.25, 106.875, 95.625, 115.25, 53.5, 145.5, 23.265625, 101.625, 132.375, 70.8125, 187.5, 103.5], [76.9375, 131.5, 95.4375, 53.375, 37.84375, 173.25, 15.1328125, 81.0, 26.578125, 113.375, 116.6875, 64.375, 92.625, 136.75, 35.125, 163.75, 72.9375, 115.875, 136.875, 36.6875, 79.25, 97.5, 124.9375, 112.1875, 86.0625, 177.0, 54.5, 115.4375, 89.1875, 129.375, 24.046875, 117.625, 133.625, 29.0, 111.1875, 145.0, 82.25, 176.375, 62.5, 114.5, 85.6875, 143.875, 183.25, 40.4375, 113.625, 184.875, 0.0, 159.75, 157.125, 60.40625, 124.4375, 56.28125, 68.1875, 63.625, 140.0, 144.75, 162.75, 104.0, 70.1875, 54.59375, 39.40625, 139.0, 160.125, 129.875, 140.0, 80.0625, 23.40625, 69.25, 39.34375, 54.59375, 81.4375, 120.375, 116.375, 148.25, 64.875, 187.625, 128.5, 53.0, 115.6875, 35.84375, 103.0625], [92.3125, 29.421875, 116.625, 183.625, 174.875, 100.3125, 144.625, 138.25, 185.5, 74.0625, 60.21875, 141.875, 108.3125, 99.3125, 163.875, 46.53125, 103.75, 76.5, 28.171875, 175.875, 184.125, 75.9375, 59.65625, 220.0, 73.8125, 123.3125, 133.875, 45.09375, 162.625, 46.40625, 183.375, 162.25, 129.125, 159.625, 96.1875, 35.34375, 86.0, 33.84375, 173.5, 73.5625, 74.125, 94.6875, 123.5, 120.8125, 86.1875, 104.0625, 159.75, 0.0, 21.09375, 145.25, 67.25, 184.75, 162.875, 96.1875, 23.015625, 118.1875, 90.125, 67.75, 155.625, 137.0, 137.0, 25.609375, 20.03125, 154.0, 130.125, 136.5, 151.125, 93.1875, 128.375, 118.3125, 119.875, 147.25, 164.25, 56.3125, 159.75, 125.1875, 159.25, 124.8125, 103.25, 141.875, 59.125], [84.375, 37.46875, 127.125, 175.125, 167.875, 79.25, 142.25, 125.3125, 182.0, 86.3125, 47.0, 131.125, 118.25, 79.9375, 156.75, 67.1875, 94.375, 60.8125, 41.0625, 177.375, 190.5, 84.0625, 43.84375, 207.0, 71.6875, 102.25, 124.75, 49.25, 149.0, 60.21875, 180.0, 145.75, 110.4375, 160.875, 109.0, 17.03125, 78.0625, 54.5625, 178.5, 58.53125, 74.0, 74.6875, 102.375, 117.0, 99.1875, 83.125, 157.125, 21.09375, 0.0, 150.75, 81.625, 176.0, 169.0, 95.1875, 18.78125, 98.4375, 69.0625, 76.375, 162.375, 141.75, 139.25, 18.6875, 3.162109375, 136.25, 111.0, 144.75, 151.625, 94.9375, 122.5625, 110.8125, 107.3125, 130.125, 147.875, 35.84375, 148.875, 104.125, 141.625, 116.6875, 86.25, 143.875, 54.03125], [94.875, 116.0625, 42.96875, 113.625, 98.0625, 193.25, 55.21875, 125.9375, 79.875, 78.0, 124.75, 112.0, 45.125, 161.875, 93.5625, 132.0, 99.3125, 132.5, 117.625, 43.28125, 39.96875, 69.625, 134.0, 172.25, 84.625, 203.75, 98.5, 101.75, 141.375, 102.9375, 77.125, 165.875, 169.5, 34.40625, 65.25, 144.375, 96.8125, 150.375, 28.4375, 129.5, 79.625, 166.5, 208.875, 66.125, 71.875, 203.625, 60.40625, 145.25, 150.75, 0.0, 89.0625, 116.5, 18.59375, 64.4375, 132.0, 175.5, 181.125, 77.875, 13.890625, 10.8203125, 25.171875, 132.375, 153.125, 174.0, 175.25, 21.21875, 37.0, 58.40625, 76.5, 87.625, 118.3125, 163.875, 165.375, 156.0, 119.0, 212.875, 174.375, 90.9375, 144.0, 26.078125, 103.0], [88.25, 45.1875, 52.1875, 164.875, 152.0, 151.0, 110.4375, 140.375, 150.75, 11.3984375, 85.125, 135.875, 45.53125, 134.125, 142.375, 43.0, 100.625, 102.0, 40.59375, 127.875, 124.3125, 27.65625, 91.8125, 214.625, 60.53125, 170.0, 123.25, 42.28125, 164.25, 21.40625, 148.0, 175.875, 156.875, 113.3125, 29.53125, 84.5625, 84.125, 62.375, 117.0, 98.0, 54.5625, 133.875, 172.5, 95.5, 19.703125, 158.125, 124.4375, 67.25, 81.625, 89.0625, 0.0, 166.875, 104.3125, 68.6875, 65.75, 153.0, 138.75, 23.859375, 96.4375, 83.875, 90.4375, 68.0, 82.625, 174.625, 160.375, 74.9375, 107.9375, 58.0625, 107.5, 105.4375, 123.6875, 165.375, 176.875, 104.6875, 151.625, 175.375, 178.0, 112.4375, 126.75, 95.5, 64.25], [92.5, 160.625, 148.125, 3.0, 18.4375, 165.75, 63.0625, 60.03125, 47.8125, 157.0, 129.5, 47.0, 143.75, 128.375, 25.0, 200.875, 81.625, 120.6875, 168.0, 88.0625, 133.0, 139.375, 135.125, 55.90625, 114.375, 161.625, 51.25, 145.625, 51.03125, 166.0, 49.25, 81.0625, 112.75, 84.875, 160.25, 160.5, 98.8125, 208.625, 117.0625, 121.1875, 117.3125, 137.125, 168.5, 71.4375, 160.375, 177.25, 56.28125, 184.75, 176.0, 116.5, 166.875, 0.0, 124.1875, 98.625, 162.375, 128.75, 158.125, 143.875, 126.5, 109.8125, 93.75, 160.375, 179.125, 97.9375, 118.875, 135.375, 79.5625, 108.875, 59.8125, 66.625, 73.0, 90.9375, 78.75, 155.875, 31.78125, 173.0, 94.1875, 60.0, 107.5625, 91.0625, 125.8125], [112.625, 133.875, 54.4375, 121.1875, 105.8125, 211.5, 66.75, 140.375, 82.625, 93.625, 143.25, 125.625, 59.0, 179.625, 103.0, 147.125, 116.3125, 150.75, 135.0, 40.8125, 21.46875, 87.0, 152.5, 180.0, 103.25, 221.625, 112.625, 119.9375, 154.0, 119.625, 80.0625, 180.0, 186.125, 39.3125, 78.25, 162.875, 114.875, 166.375, 14.3203125, 147.75, 98.25, 184.5, 226.75, 81.875, 86.0, 222.0, 68.1875, 162.875, 169.0, 18.59375, 104.3125, 124.1875, 0.0, 82.75, 150.25, 192.75, 199.375, 95.1875, 8.0625, 29.0, 40.25, 150.75, 171.375, 189.125, 192.0, 30.265625, 46.09375, 77.0, 91.0625, 103.375, 134.25, 179.125, 179.25, 174.625, 130.75, 230.875, 189.125, 106.0625, 161.375, 39.21875, 121.625], [31.953125, 67.875, 66.125, 96.6875, 84.625, 128.75, 48.5, 76.6875, 89.8125, 59.40625, 61.28125, 68.9375, 58.0, 97.9375, 74.375, 103.0625, 40.125, 68.0, 73.5, 82.5625, 103.375, 41.40625, 70.4375, 146.25, 23.53125, 139.75, 55.46875, 51.78125, 98.6875, 68.125, 87.5, 115.625, 109.1875, 66.125, 68.0, 85.0625, 32.75, 113.5625, 88.625, 65.0625, 22.09375, 102.1875, 144.625, 27.453125, 65.3125, 139.25, 63.625, 96.1875, 95.1875, 64.4375, 68.6875, 98.625, 82.75, 0.0, 77.3125, 112.75, 116.6875, 45.28125, 78.125, 53.75, 46.15625, 76.625, 98.0, 119.125, 114.5, 68.9375, 56.5, 12.3671875, 38.90625, 38.09375, 63.03125, 109.0625, 116.0, 93.3125, 83.5, 148.625, 121.0, 44.71875, 81.5625, 50.09375, 42.0625], [69.875, 20.59375, 109.0625, 161.25, 153.0, 87.6875, 125.0, 115.1875, 165.375, 69.1875, 37.46875, 119.0, 100.0, 80.0, 141.875, 60.21875, 81.0, 54.40625, 26.6875, 159.0, 171.75, 65.625, 38.09375, 197.0, 54.03125, 109.0, 111.25, 30.53125, 139.625, 44.78125, 163.25, 140.0, 108.6875, 142.625, 91.8125, 19.421875, 63.5625, 54.09375, 159.75, 51.21875, 55.71875, 76.6875, 110.3125, 100.3125, 82.1875, 93.625, 140.0, 23.015625, 18.78125, 132.0, 65.75, 162.375, 150.25, 77.3125, 0.0, 99.3125, 76.1875, 58.125, 143.625, 122.9375, 120.8125, 3.162109375, 21.1875, 132.625, 110.3125, 126.1875, 133.5, 76.375, 106.875, 96.1875, 96.8125, 125.4375, 141.875, 41.125, 136.875, 112.625, 137.625, 102.4375, 81.5625, 125.375, 37.46875], [80.9375, 114.5625, 175.875, 129.625, 131.5, 40.78125, 135.0, 69.4375, 159.875, 150.5, 68.0625, 85.4375, 166.75, 19.421875, 122.5625, 159.375, 76.625, 51.09375, 123.1875, 178.875, 211.875, 137.0, 62.8125, 134.125, 100.1875, 33.09375, 91.0, 111.0625, 81.5, 136.5, 159.25, 61.40625, 18.25, 165.0, 169.375, 82.875, 80.25, 151.875, 195.375, 55.09375, 107.1875, 23.859375, 39.9375, 112.3125, 162.25, 51.15625, 144.75, 118.1875, 98.4375, 175.5, 153.0, 128.75, 192.75, 112.75, 99.3125, 0.0, 38.9375, 133.875, 189.375, 164.625, 152.875, 96.1875, 100.75, 45.3125, 14.765625, 181.625, 154.375, 122.5625, 106.75, 91.9375, 63.40625, 44.5625, 64.3125, 62.78125, 97.0625, 44.375, 51.625, 92.0, 31.390625, 155.0, 89.375], [88.625, 95.1875, 172.0, 158.5, 157.375, 12.53125, 150.625, 98.3125, 182.0, 139.125, 57.96875, 111.8125, 162.625, 30.0, 147.25, 135.125, 89.9375, 48.90625, 102.5625, 193.375, 220.0, 129.25, 49.25, 170.875, 97.8125, 33.25, 113.25, 97.0625, 115.4375, 119.25, 180.875, 99.3125, 56.46875, 177.875, 160.5, 57.0, 85.125, 123.5625, 204.75, 51.625, 104.0625, 21.03125, 34.125, 125.125, 151.875, 22.671875, 162.75, 90.125, 69.0625, 181.125, 138.75, 158.125, 199.375, 116.6875, 76.1875, 38.9375, 0.0, 124.0625, 194.625, 170.375, 161.625, 73.25, 70.625, 84.125, 53.71875, 182.75, 167.25, 123.5625, 123.4375, 108.25, 86.375, 82.25, 102.125, 35.0625, 126.5625, 36.6875, 90.375, 110.6875, 50.625, 164.75, 81.625], [64.875, 39.4375, 50.9375, 141.875, 129.375, 136.625, 89.5, 116.75, 130.5, 17.125, 67.4375, 112.0625, 41.875, 115.5625, 119.5, 59.8125, 77.0625, 82.875, 39.84375, 112.1875, 116.375, 8.25, 75.25, 190.875, 37.375, 153.75, 99.375, 28.421875, 140.5, 26.171875, 127.9375, 152.75, 136.0, 96.625, 36.40625, 74.5, 61.125, 74.3125, 10