{"name": "LZB_n120_2", "n": 120, "m": 15, "times": [[0.0, 104.6875, 122.4375, 74.6875, 92.0, 85.75, 76.125, 67.125, 68.5, 43.0, 83.9375, 61.0625, 77.8125, 30.234375, 75.625, 48.15625, 50.0, 66.125, 68.625, 100.8125, 97.9375, 126.625, 56.28125, 102.4375, 107.8125, 31.78125, 27.3125, 69.5625, 94.3125, 92.0, 113.1875, 51.84375, 73.0, 125.25, 15.5234375, 93.1875, 103.625, 29.6875, 48.0, 54.34375, 60.53125, 116.6875, 65.0, 46.25, 64.5, 94.875, 97.3125, 123.75, 61.8125, 43.28125, 94.4375, 77.8125, 63.125, 39.625, 63.03125, 93.625, 56.8125, 82.375, 116.9375, 19.921875, 85.625, 43.875, 34.0, 100.25, 106.1875, 96.75, 73.8125, 95.0, 103.25, 96.8125, 75.9375, 86.375, 20.0, 51.625, 113.375, 78.75, 119.625, 104.6875, 109.375, 101.125, 58.21875, 86.8125, 81.125, 67.125, 45.09375, 6.70703125, 49.25, 55.09375, 43.125, 104.25, 57.25, 93.875, 102.875, 126.75, 81.25, 83.25, 49.59375, 89.8125, 90.8125, 113.875, 59.6875, 105.1875, 67.1875, 58.0625, 76.375, 68.8125, 81.9375, 49.03125, 67.5625, 42.0625, 93.875, 36.625, 120.9375, 78.5, 108.0625, 59.625, 83.8125, 102.875, 24.203125, 25.015625, 60.0], [104.6875, 0.0, 172.0, 40.59375, 17.125, 30.0, 168.625, 107.9375, 42.71875, 78.8125, 165.125, 152.125, 137.875, 103.75, 119.9375, 118.3125, 69.3125, 146.75, 137.875, 182.125, 159.375, 231.25, 142.625, 176.625, 31.890625, 75.625, 117.0625, 82.25, 67.75, 93.1875, 167.375, 156.25, 164.125, 25.171875, 91.6875, 71.8125, 116.3125, 75.8125, 142.5, 153.625, 99.4375, 156.125, 59.84375, 65.3125, 45.1875, 37.34375, 91.4375, 228.375, 149.875, 62.625, 179.625, 99.0, 135.375, 112.75, 154.375, 149.25, 159.25, 90.375, 15.1328125, 122.8125, 125.1875, 97.5, 120.5625, 196.125, 138.25, 190.125, 44.40625, 132.0, 18.59375, 43.09375, 48.03125, 103.1875, 84.875, 109.5, 148.375, 148.25, 15.265625, 203.625, 15.265625, 53.21875, 153.5, 25.078125, 116.0625, 170.25, 142.0, 98.3125, 61.71875, 139.5, 61.5625, 117.6875, 59.125, 146.875, 29.6875, 23.265625, 47.03125, 25.96875, 154.125, 58.9375, 59.1875, 218.5, 163.375, 172.0, 124.1875, 150.25, 138.625, 38.90625, 50.25, 95.875, 143.0, 143.625, 187.875, 117.1875, 17.0, 129.375, 143.375, 99.625, 122.1875, 112.0, 104.9375, 87.6875, 162.25], [122.4375, 172.0, 0.0, 169.125, 155.0, 174.125, 79.375, 189.125, 132.5, 104.125, 56.625, 78.75, 44.65625, 152.625, 54.34375, 169.75, 160.5, 63.25, 54.5, 207.75, 216.375, 164.5, 74.375, 214.5, 149.875, 120.0, 95.875, 90.0625, 109.25, 82.0, 10.296875, 120.4375, 76.5625, 197.125, 132.75, 203.0, 224.375, 124.25, 156.25, 152.25, 181.75, 18.875, 171.375, 152.25, 132.0, 187.75, 86.375, 159.375, 172.0, 128.125, 63.1875, 197.875, 60.15625, 83.1875, 78.6875, 28.84375, 108.25, 199.875, 187.125, 130.125, 47.15625, 87.0625, 89.375, 93.0, 36.0625, 84.0625, 171.0, 217.375, 183.375, 133.375, 175.875, 69.5625, 124.3125, 174.0, 27.296875, 196.625, 180.75, 106.0, 164.75, 126.6875, 87.25, 171.375, 203.25, 147.125, 151.375, 121.5, 153.125, 73.25, 136.625, 60.53125, 161.875, 29.0625, 148.25, 193.375, 125.125, 147.0, 121.9375, 194.625, 195.625, 154.125, 140.5, 29.15625, 56.8125, 165.25, 196.75, 158.25, 183.125, 170.125, 184.625, 141.25, 85.1875, 157.5, 187.375, 46.8125, 230.375, 181.0, 50.15625, 66.5, 146.625, 110.5, 147.5], [74.6875, 40.59375, 169.125, 0.0, 39.28125, 12.203125, 147.25, 67.375, 41.40625, 65.5, 149.0, 131.0, 128.5, 66.25, 114.75, 78.75, 30.234375, 129.875, 125.0, 142.0, 118.8125, 198.875, 123.1875, 136.0, 63.3125, 53.34375, 94.125, 82.375, 82.75, 101.25, 162.375, 125.9375, 143.375, 53.59375, 59.6875, 39.625, 79.875, 51.0, 105.4375, 117.5625, 58.84375, 156.25, 19.234375, 29.203125, 39.96875, 20.609375, 102.1875, 196.5, 111.125, 42.0, 162.125, 59.53125, 121.0625, 95.3125, 133.125, 142.5, 131.5, 52.1875, 47.40625, 90.0, 122.5, 84.125, 99.25, 173.25, 139.875, 168.625, 4.125, 92.5625, 30.8125, 65.0, 9.4375, 106.4375, 57.25, 69.3125, 149.625, 107.6875, 55.09375, 178.875, 53.0, 75.1875, 130.25, 15.8125, 76.125, 135.75, 105.625, 69.375, 25.8125, 120.6875, 35.34375, 124.4375, 20.0, 141.0, 58.8125, 57.3125, 58.0, 37.59375, 123.4375, 27.796875, 28.59375, 186.5, 129.625, 162.25, 114.625, 112.3125, 98.0625, 11.1796875, 15.6171875, 55.71875, 102.875, 108.9375, 166.125, 79.0625, 52.8125, 122.8125, 104.5625, 59.03125, 119.625, 119.6875, 68.625, 65.75, 127.25], [92.0, 17.125, 155.0, 39.28125, 0.0, 32.75, 152.875, 105.0625, 26.421875, 62.65625, 148.5, 136.375, 120.8125, 95.1875, 102.8125, 111.625, 63.375, 130.25, 121.125, 175.875, 156.0, 218.375, 126.6875, 171.5, 24.046875, 61.53125, 102.0, 65.125, 52.40625, 76.875, 150.375, 143.0, 148.25, 42.28125, 80.25, 76.5625, 118.9375, 62.46875, 132.875, 143.125, 96.0, 139.25, 57.4375, 57.5, 29.40625, 44.59375, 75.5625, 215.25, 141.625, 48.90625, 163.125, 98.625, 118.6875, 96.625, 138.625, 132.125, 145.125, 91.5, 32.25, 110.9375, 108.125, 81.0, 105.125, 180.375, 121.5, 174.125, 43.40625, 131.5, 30.875, 29.203125, 48.375, 86.375, 72.0, 103.9375, 131.5, 143.125, 29.15625, 188.375, 17.5, 39.8125, 138.125, 27.453125, 114.875, 158.625, 131.875, 85.4375, 54.125, 123.5, 49.75, 101.4375, 54.03125, 129.75, 19.703125, 39.84375, 30.265625, 9.4375, 141.0, 63.625, 64.125, 205.5, 151.5, 154.875, 107.1875, 141.375, 134.375, 33.0, 52.8125, 90.5625, 136.75, 132.375, 172.0, 108.8125, 33.53125, 112.3125, 143.75, 96.0, 105.125, 95.8125, 95.4375, 73.0, 151.0], [85.75, 30.0, 174.125, 12.203125, 32.75, 0.0, 156.875, 78.25, 42.71875, 72.0, 157.375, 140.375, 135.0, 78.4375, 119.9375, 90.8125, 42.4375, 138.25, 132.375, 153.75, 129.75, 210.625, 132.125, 147.5, 56.375, 62.09375, 103.75, 85.4375, 81.375, 102.4375, 168.0, 137.25, 152.75, 41.40625, 71.0, 43.84375, 87.0625, 60.40625, 117.625, 129.75, 70.0625, 160.375, 30.671875, 41.03125, 42.4375, 13.9296875, 102.5625, 208.25, 123.3125, 49.8125, 170.875, 69.0, 128.75, 103.5625, 142.625, 148.375, 142.375, 60.53125, 35.34375, 101.6875, 127.125, 91.125, 108.5, 183.25, 143.375, 178.375, 15.234375, 102.0625, 18.59375, 60.96875, 18.109375, 109.125, 67.5625, 81.125, 153.25, 119.25, 43.75, 189.25, 43.75, 71.5, 140.25, 5.38671875, 86.0625, 147.75, 117.8125, 80.125, 37.53125, 129.5, 44.59375, 126.3125, 32.1875, 146.625, 52.34375, 45.1875, 56.875, 33.96875, 134.875, 30.890625, 31.390625, 198.25, 141.5, 169.0, 121.0, 124.5625, 109.375, 17.71875, 20.609375, 67.625, 114.75, 120.9375, 175.875, 91.25, 40.84375, 128.5, 113.5625, 70.3125, 124.125, 121.25, 80.75, 74.75, 139.375], [76.125, 168.625, 79.375, 147.25, 152.875, 156.875, 0.0, 137.875, 126.375, 90.1875, 22.796875, 16.546875, 52.875, 101.8125, 70.6875, 112.625, 125.8125, 27.296875, 42.53125, 134.375, 150.375, 88.6875, 26.40625, 143.25, 160.125, 94.9375, 53.15625, 99.0625, 129.125, 109.9375, 69.375, 46.21875, 5.0, 192.375, 91.375, 169.25, 175.5, 96.4375, 88.6875, 80.625, 133.375, 86.3125, 140.375, 120.8125, 123.5625, 167.875, 116.625, 83.875, 103.1875, 107.6875, 22.203125, 151.375, 40.8125, 56.3125, 14.3203125, 60.0, 32.65625, 157.375, 182.875, 71.5625, 75.875, 72.8125, 48.46875, 27.796875, 88.6875, 21.546875, 147.25, 161.0, 172.375, 144.625, 150.25, 96.625, 90.25, 120.8125, 89.0, 131.25, 182.0, 37.8125, 168.375, 143.5, 18.03125, 156.625, 150.625, 70.4375, 83.75, 79.625, 123.375, 29.828125, 112.25, 104.375, 132.0, 63.0625, 156.25, 191.875, 130.25, 143.375, 48.59375, 165.5, 166.5, 77.125, 65.0625, 51.09375, 58.1875, 95.6875, 134.625, 139.125, 156.75, 122.6875, 119.5, 72.5625, 19.234375, 100.4375, 185.625, 63.5625, 172.375, 132.375, 76.875, 107.3125, 95.625, 82.25, 72.8125], [67.125, 107.9375, 189.125, 67.375, 105.0625, 78.25, 137.875, 0.0, 95.625, 94.8125, 149.625, 125.0, 144.5, 37.15625, 139.625, 27.296875, 43.1875, 132.625, 135.75, 78.0625, 51.46875, 157.875, 122.1875, 70.0, 128.375, 76.375, 94.375, 121.75, 135.875, 144.75, 180.125, 99.0, 135.875, 116.6875, 56.84375, 51.0, 37.65625, 71.375, 60.15625, 74.0625, 9.484375, 182.125, 48.15625, 51.53125, 92.0625, 76.875, 148.375, 157.0, 56.9375, 76.5, 158.375, 17.0, 130.25, 105.9375, 126.625, 160.25, 110.25, 27.796875, 112.8125, 66.3125, 149.375, 105.4375, 101.0625, 157.375, 169.75, 156.25, 63.5, 30.234375, 95.3125, 125.6875, 60.21875, 143.875, 67.1875, 17.125, 177.875, 42.53125, 122.0, 158.0, 120.125, 134.375, 120.0625, 82.875, 14.2109375, 94.9375, 63.34375, 67.6875, 53.84375, 121.4375, 68.0, 162.875, 51.25, 160.375, 123.5, 122.125, 113.875, 100.625, 96.0, 57.8125, 58.3125, 147.375, 92.0, 172.25, 133.0, 61.75, 31.78125, 72.0625, 60.09375, 19.84375, 41.71875, 72.4375, 153.125, 38.0625, 118.625, 144.0, 43.84375, 9.8515625, 147.125, 160.0, 43.46875, 81.3125, 86.125], [68.5, 42.71875, 132.5, 41.40625, 26.421875, 42.71875, 126.375, 95.625, 0.0, 36.25, 122.4375, 109.9375, 95.875, 77.4375, 79.0, 96.0, 52.5, 104.0, 95.3125, 159.625, 144.25, 193.625, 100.25, 157.0, 39.40625, 36.90625, 75.9375, 42.96875, 42.1875, 60.03125, 127.0625, 118.25, 121.8125, 67.4375, 58.8125, 80.75, 117.375, 38.90625, 112.625, 121.625, 86.125, 118.0625, 53.25, 44.15625, 4.125, 56.65625, 60.8125, 190.375, 123.1875, 25.625, 136.875, 93.5, 92.625, 70.25, 112.1875, 108.0625, 119.5, 89.0625, 57.5625, 88.125, 85.375, 54.78125, 78.8125, 154.0, 100.875, 147.75, 44.6875, 124.625, 51.0, 31.0, 50.34375, 66.4375, 48.75, 90.4375, 110.875, 129.125, 55.5625, 162.0, 42.53125, 38.84375, 111.8125, 39.28125, 107.5625, 135.625, 111.0, 61.78125, 41.75, 97.0625, 30.0625, 83.6875, 46.0625, 106.0, 34.4375, 65.9375, 18.390625, 17.0, 116.375, 69.1875, 70.0, 180.75, 128.125, 130.125, 82.0625, 121.75, 121.6875, 30.484375, 57.0, 78.0625, 121.0625, 110.0625, 145.625, 90.8125, 59.625, 88.0625, 137.75, 85.875, 82.375, 78.6875, 76.3125, 47.4375, 128.375], [43.0, 78.8125, 104.125, 65.5, 62.65625, 72.0, 90.1875, 94.8125, 36.25, 0.0, 86.6875, 73.8125, 63.125, 64.625, 49.96875, 84.875, 58.25, 68.0, 60.53125, 143.125, 135.875, 161.125, 64.0, 143.625, 71.5, 18.4375, 41.21875, 27.859375, 51.46875, 51.09375, 97.0625, 86.375, 85.5625, 103.125, 41.4375, 99.1875, 125.5, 23.4375, 91.0, 96.875, 85.9375, 92.625, 67.625, 49.40625, 33.625, 85.0625, 55.65625, 157.5, 104.375, 24.046875, 100.875, 99.0625, 57.28125, 34.0, 76.0, 77.125, 85.625, 98.8125, 93.4375, 62.40625, 58.59375, 19.234375, 43.1875, 117.875, 77.6875, 111.5, 67.0625, 125.0, 84.75, 57.6875, 71.8125, 49.03125, 29.15625, 83.75, 86.8125, 117.9375, 91.8125, 126.1875, 78.25, 60.0, 76.0625, 70.375, 108.6875, 107.1875, 88.0625, 37.0625, 49.65625, 60.8125, 32.6875, 68.125, 58.1875, 75.6875, 67.1875, 102.0625, 42.1875, 53.25, 85.0, 90.5, 91.5, 148.125, 99.3125, 97.0, 49.15625, 101.0, 113.3125, 55.09375, 79.0625, 75.0, 107.6875, 84.1875, 109.4375, 75.6875, 95.75, 57.5, 138.625, 85.25, 55.90625, 65.1875, 60.71875, 18.0, 101.125], [83.9375, 165.125, 56.625, 149.0, 148.5, 157.375, 22.796875, 149.625, 122.4375, 86.6875, 0.0, 25.8125, 35.21875, 112.5625, 55.3125, 126.125, 131.25, 19.109375, 28.59375, 154.625, 167.75, 110.125, 27.65625, 162.625, 152.5, 95.625, 57.4375, 89.0625, 117.8125, 95.6875, 46.5625, 66.0625, 20.125, 189.75, 98.0, 175.375, 186.875, 98.25, 106.0625, 99.6875, 144.0, 64.0, 145.0, 125.0, 120.1875, 169.375, 102.1875, 105.1875, 121.25, 107.5, 15.0, 161.5, 29.96875, 53.75, 24.84375, 38.625, 53.0, 166.25, 180.0, 84.5, 58.3125, 67.6875, 51.15625, 42.15625, 68.125, 33.09375, 149.625, 174.875, 171.25, 136.25, 153.25, 81.6875, 94.0, 133.0, 67.375, 148.25, 177.375, 54.71875, 162.875, 133.625, 33.25, 156.25, 163.0, 91.8125, 101.0625, 85.8125, 127.0, 29.15625, 113.625, 86.3125, 136.0, 41.96875, 149.125, 188.375, 123.0625, 139.25, 68.0, 170.0, 171.0, 99.0, 85.8125, 28.65625, 44.6875, 114.0, 150.375, 139.75, 160.125, 132.75, 136.25, 90.125, 32.90625, 113.625, 182.0, 46.625, 187.0, 143.0, 59.90625, 90.0625, 106.25, 83.3125, 93.25], [61.0625, 152.125, 78.75, 131.0, 136.375, 140.375, 16.546875, 125.0, 109.9375, 73.8125, 25.8125, 0.0, 44.0, 88.3125, 58.9375, 100.875, 110.25, 17.125, 32.0625, 129.625, 142.0, 98.5, 10.8203125, 137.25, 144.0, 78.4375, 36.875, 84.0, 114.1875, 96.625, 68.5, 41.6875, 12.3671875, 175.75, 76.0, 154.0, 162.5, 80.0625, 80.25, 74.4375, 119.875, 82.0, 124.6875, 104.9375, 107.0625, 151.625, 103.3125, 93.9375, 95.5625, 91.1875, 33.53125, 137.625, 28.640625, 40.0, 2.236328125, 54.8125, 29.734375, 143.125, 166.375, 59.25, 65.625, 56.71875, 31.953125, 44.09375, 81.125, 38.09375, 131.0, 149.625, 155.75, 128.75, 134.125, 83.9375, 74.125, 108.1875, 83.1875, 122.4375, 165.5, 53.03125, 152.0, 128.125, 8.546875, 140.125, 138.25, 68.4375, 75.3125, 64.0625, 107.375, 14.421875, 95.875, 93.75, 116.125, 57.28125, 140.125, 175.375, 114.1875, 126.9375, 43.28125, 149.75, 150.75, 86.125, 61.78125, 53.15625, 45.875, 88.4375, 124.6875, 122.6875, 140.75, 108.875, 110.4375, 64.4375, 35.78125, 88.375, 169.125, 53.34375, 161.5, 118.875, 66.125, 96.0625, 82.0, 65.8125, 68.8125], [77.8125, 137.875, 44.65625, 128.5, 120.8125, 135.0, 52.875, 144.5, 95.875, 63.125, 35.21875, 44.0, 0.0, 108.0, 20.609375, 125.375, 117.0, 27.015625, 12.3671875, 167.0, 172.875, 141.25, 35.6875, 172.5, 121.3125, 77.125, 51.625, 57.375, 84.3125, 60.8125, 35.78125, 83.0, 48.28125, 163.0, 88.1875, 160.375, 179.875, 81.0625, 114.0, 111.8125, 137.25, 40.8125, 128.75, 109.1875, 94.4375, 148.125, 67.1875, 136.5, 129.75, 86.6875, 49.6875, 153.375, 17.46875, 38.59375, 45.0, 15.8125, 72.8125, 155.875, 153.0, 86.5625, 23.265625, 44.5625, 45.28125, 76.9375, 37.125, 68.125, 130.0, 172.75, 146.625, 104.6875, 134.5, 46.6875, 80.25, 129.375, 40.15625, 153.125, 148.75, 89.0625, 133.5, 100.875, 52.15625, 133.0, 158.625, 110.1875, 109.3125, 76.875, 110.375, 33.25, 94.5625, 51.625, 119.3125, 16.28125, 118.5, 160.5, 93.0, 112.0, 83.8125, 152.75, 153.75, 129.25, 102.8125, 34.25, 14.0, 123.5, 152.75, 118.1875, 141.75, 125.5625, 141.25, 99.875, 67.5625, 113.1875, 154.25, 11.3984375, 185.875, 136.375, 24.703125, 55.0, 102.0, 66.75, 108.875], [30.234375, 103.75, 152.625, 66.25, 95.1875, 78.4375, 101.8125, 37.15625, 77.4375, 64.625, 112.5625, 88.3125, 108.0, 0.0, 104.75, 20.25, 36.125, 95.4375, 98.8125, 82.25, 71.3125, 134.75, 85.125, 80.375, 115.5, 47.53125, 57.3125, 92.5, 112.3125, 115.6875, 143.375, 66.9375, 99.4375, 119.8125, 23.265625, 71.8125, 74.3125, 42.96875, 39.21875, 51.625, 31.578125, 146.5, 50.34375, 38.46875, 73.3125, 83.5, 120.1875, 132.875, 46.5, 53.0, 121.8125, 49.5, 93.3125, 69.6875, 90.0, 123.8125, 76.4375, 56.03125, 113.1875, 31.0625, 114.6875, 71.375, 64.0, 123.0625, 135.25, 121.125, 63.78125, 64.8125, 97.0, 108.3125, 63.65625, 112.375, 35.46875, 21.40625, 142.875, 53.59375, 119.0, 125.1875, 112.375, 115.0, 83.875, 81.25, 51.0, 70.8125, 39.59375, 31.828125, 42.0625, 84.3125, 47.375, 131.0, 46.21875, 124.0, 110.4375, 123.125, 94.0, 88.0625, 64.0, 72.0625, 72.9375, 122.9375, 65.5, 135.0, 97.0625, 46.53125, 48.75, 64.875, 67.625, 21.0, 44.1875, 44.40625, 118.0625, 13.6015625, 118.1875, 108.3125, 78.0, 30.59375, 112.6875, 128.875, 6.32421875, 48.375, 62.0], [75.625, 119.9375, 54.34375, 114.75, 102.8125, 119.9375, 70.6875, 139.625, 79.0, 49.96875, 55.3125, 58.9375, 20.609375, 104.75, 0.0, 123.6875, 107.375, 43.46875, 28.171875, 171.75, 173.375, 157.375, 48.84375, 175.75, 101.5625, 66.625, 53.3125, 38.09375, 63.8125, 40.375, 48.09375, 93.1875, 65.8125, 145.125, 82.8125, 149.125, 173.125, 71.1875, 117.8125, 118.0, 131.5, 43.03125, 117.5625, 98.8125, 78.125, 133.5, 46.875, 152.875, 133.375, 74.0, 70.0625, 146.5, 30.359375, 37.125, 60.4375, 29.28125, 85.125, 147.5, 135.125, 88.5625, 10.0, 34.40625, 48.375, 96.25, 30.609375, 87.6875, 116.6875, 169.0, 130.0, 84.875, 121.5625, 26.40625, 72.8125, 125.875, 38.28125, 154.0, 130.0, 107.9375, 114.5, 80.5, 66.125, 117.4375, 153.75, 119.8125, 113.4375, 72.9375, 99.375, 45.53125, 82.625, 35.125, 108.0625, 27.015625, 99.0, 142.25, 74.0, 94.3125, 93.4375, 140.375, 141.375, 145.0, 112.0, 52.8125, 13.15625, 127.75, 152.0, 103.9375, 128.875, 120.0, 142.375, 105.3125, 86.8125, 112.1875, 136.0, 9.8515625, 182.5, 130.75, 8.546875, 37.09375, 99.25, 58.59375, 117.0625], [48.15625, 118.3125, 169.75, 78.75, 111.625, 90.8125, 112.625, 27.296875, 96.0, 84.875, 126.125, 100.875, 125.375, 20.25, 123.6875, 0.0, 49.03125, 110.25, 115.4375, 64.3125, 51.09375, 131.5, 99.375, 61.0, 133.125, 67.75, 73.875, 112.75, 132.25, 135.875, 160.25, 72.0625, 111.0, 131.75, 43.46875, 74.0625, 64.0625, 63.0625, 33.25, 47.15625, 27.296875, 164.75, 60.53125, 54.125, 92.0, 93.25, 140.5, 130.375, 33.3125, 72.4375, 133.75, 43.6875, 109.8125, 87.6875, 102.3125, 141.125, 83.75, 53.3125, 126.125, 41.625, 133.625, 91.0, 80.4375, 130.875, 154.25, 130.25, 75.5625, 48.75, 109.1875, 127.0, 74.125, 132.375, 55.71875, 11.6640625, 161.5, 33.53125, 133.375, 131.0, 128.375, 134.125, 95.1875, 94.4375, 38.3125, 68.0, 36.125, 51.03125, 57.5, 99.125, 66.0, 151.0, 59.25, 141.625, 128.0, 136.0, 113.1875, 105.25, 69.0625, 77.8125, 78.5, 120.6875, 64.75, 150.375, 115.25, 36.40625, 28.65625, 79.6875, 76.375, 23.59375, 25.171875, 45.1875, 127.125, 12.53125, 131.5, 126.625, 61.0625, 26.421875, 131.875, 149.0, 24.703125, 68.4375, 59.125], [50.0, 69.3125, 160.5, 30.234375, 63.375, 42.4375, 125.8125, 43.1875, 52.5, 58.25, 131.25, 110.25, 117.0, 36.125, 107.375, 49.03125, 0.0, 112.4375, 110.875, 113.0625, 93.0625, 170.0, 104.0, 108.1875, 86.0, 40.71875, 74.0, 82.75, 93.5, 105.0, 152.5, 98.8125, 122.4375, 83.8125, 34.53125, 44.1875, 67.875, 36.25, 75.3125, 87.6875, 33.71875, 150.375, 15.234375, 9.21875, 49.03125, 47.625, 107.8125, 167.875, 81.0, 36.0625, 143.0, 42.1875, 106.125, 79.8125, 112.3125, 132.25, 105.9375, 40.59375, 77.5, 62.1875, 116.5, 73.4375, 80.125, 150.25, 135.875, 146.625, 27.65625, 72.25, 61.03125, 82.5625, 27.796875, 106.1875, 37.46875, 40.59375, 144.875, 79.75, 84.3125, 154.375, 79.625, 91.1875, 108.0625, 45.65625, 55.15625, 106.375, 75.6875, 46.1875, 10.7734375, 102.125, 26.90625, 125.25, 10.296875, 131.5, 81.0, 87.4375, 70.8125, 58.0, 96.125, 39.8125, 40.78125, 157.875, 100.625, 148.75, 103.8125, 82.125, 71.0625, 30.8125, 32.65625, 27.171875, 73.75, 79.625, 143.875, 48.8125, 82.75, 113.75, 85.5, 33.53125, 113.875, 121.625, 39.0625, 50.28125, 97.75], [66.125, 146.75, 63.25, 129.875, 130.25, 138.25, 27.296875, 132.625, 104.0, 68.0, 19.109375, 17.125, 27.015625, 95.4375, 43.46875, 110.25, 112.4375, 0.0, 15.5234375, 144.5, 154.375, 114.5625, 11.3125, 151.375, 135.375, 76.5, 39.0625, 72.9375, 102.5625, 82.6875, 53.0, 57.78125, 22.359375, 171.125, 79.625, 156.625, 169.625, 79.1875, 93.375, 89.0625, 126.5, 65.125, 126.0625, 106.0625, 101.5625, 150.375, 89.375, 109.875, 109.0625, 88.4375, 32.90625, 143.875, 13.6015625, 34.71875, 18.0, 37.9375, 46.5625, 148.25, 161.375, 69.0625, 49.25, 49.25, 32.5625, 53.90625, 64.0, 45.96875, 130.5, 158.875, 152.375, 119.375, 134.125, 69.375, 75.125, 116.3125, 66.125, 134.625, 159.25, 64.875, 145.0, 117.5625, 25.5, 137.375, 146.375, 84.875, 88.4375, 67.4375, 108.0, 11.1796875, 94.5, 77.625, 117.0, 40.25, 131.75, 169.875, 105.6875, 120.9375, 59.03125, 151.0, 152.0, 102.4375, 77.875, 40.21875, 30.890625, 102.1875, 135.75, 120.6875, 141.125, 115.125, 122.5625, 78.125, 44.59375, 97.75, 163.625, 36.875, 171.375, 125.5625, 50.0, 80.3125, 89.1875, 64.1875, 84.5625], [68.625, 137.875, 54.5, 125.0, 121.125, 132.375, 42.53125, 135.75, 95.3125, 60.53125, 28.59375, 32.0625, 12.3671875, 98.8125, 28.171875, 115.4375, 110.875, 15.5234375, 0.0, 155.0, 162.0, 130.0, 23.34375, 160.875, 124.0625, 72.25, 41.625, 60.46875, 89.25, 68.0, 44.8125, 70.625, 37.6875, 162.75, 80.25, 154.75, 171.75, 75.6875, 102.4375, 99.75, 128.75, 52.78125, 123.5, 103.5625, 93.375, 145.125, 74.625, 125.375, 118.25, 83.0, 43.59375, 145.5, 5.65625, 31.046875, 33.25, 26.40625, 60.53125, 148.625, 152.875, 75.6875, 33.71875, 41.3125, 35.0, 68.25, 49.375, 59.8125, 126.0625, 163.375, 145.125, 107.6875, 130.25, 54.375, 73.5, 120.125, 52.5, 142.25, 149.75, 79.75, 134.875, 105.0, 40.0, 130.875, 149.75, 97.8125, 97.625, 68.4375, 105.0625, 20.875, 90.125, 62.09375, 114.125, 27.78125, 120.75, 161.0, 94.8125, 112.0, 71.5, 148.0, 149.0, 117.875, 90.4375, 37.84375, 16.28125, 111.75, 142.25, 115.125, 137.375, 117.1875, 130.25, 88.0, 58.8125, 103.0625, 154.625, 21.375, 176.25, 127.875, 34.46875, 64.875, 92.625, 60.8125, 96.5625], [100.8125, 182.125, 207.75, 142.0, 175.875, 153.75, 134.375, 78.0625, 159.625, 143.125, 154.625, 129.625, 167.0, 82.25, 171.75, 64.3125, 113.0625, 144.5, 155.0, 0.0, 36.6875, 106.25, 133.375, 14.140625, 197.25, 128.125, 118.5, 170.375, 193.375, 192.75, 197.5, 88.5, 135.125, 193.875, 103.0625, 128.5, 97.625, 124.0625, 54.09375, 55.46875, 84.5, 207.75, 123.125, 118.4375, 155.5, 154.25, 198.125, 107.6875, 39.0625, 135.125, 156.25, 93.0, 149.625, 134.875, 130.125, 181.25, 101.875, 104.375, 189.0, 83.8125, 181.5, 143.875, 123.5625, 140.625, 201.375, 144.25, 138.625, 70.8125, 171.75, 190.5, 136.25, 186.5, 115.1875, 72.75, 206.625, 35.5, 197.0, 134.75, 192.625, 197.125, 121.5, 157.875, 77.25, 64.8125, 58.3125, 106.1875, 121.8125, 134.875, 129.5, 203.625, 123.0625, 182.875, 192.25, 198.75, 176.125, 169.5, 86.5625, 135.875, 136.375, 100.625, 69.3125, 182.75, 160.625, 44.0, 46.625, 143.875, 137.375, 86.3125, 39.28125, 67.125, 141.25, 69.0, 194.625, 171.75, 72.0, 84.125, 180.375, 202.875, 84.0, 125.3125, 61.53125], [97.9375, 159.375, 216.375, 118.8125, 156.0, 129.75, 150.375, 51.46875, 144.25, 135.875, 167.75, 142.0, 172.875, 71.3125, 173.375, 51.09375, 93.0625, 154.375, 162.0, 36.6875, 0.0, 139.25, 143.125, 23.59375, 179.0, 118.625, 121.5, 163.75, 182.375, 187.0, 206.5, 104.6875, 150.0, 167.5, 94.5625, 98.0, 62.21875, 113.8125, 61.84375, 70.6875, 60.125, 213.25, 99.625, 100.375, 140.375, 127.625, 191.5, 140.0, 47.40625, 122.25, 172.625, 62.96875, 156.375, 136.625, 143.0, 188.25, 118.1875, 73.9375, 164.0, 86.375, 183.375, 141.5, 127.6875, 162.25, 203.875, 164.125, 115.0, 35.375, 146.5, 175.0, 111.625, 183.375, 106.75, 53.9375, 210.625, 19.796875, 173.5, 158.75, 171.5, 183.0, 134.875, 134.375, 45.6875, 87.375, 66.875, 101.625, 103.25, 143.625, 114.9375, 201.75, 102.0, 189.125, 174.0, 173.125, 162.125, 151.0, 102.0625, 107.25, 107.5625, 132.0, 88.9375, 194.375, 164.0, 55.0, 22.796875, 123.0625, 111.0625, 66.25, 31.828125, 77.9375, 161.0, 61.40625, 169.875, 175.375, 35.34375, 60.0625, 181.625, 199.875, 75.5625, 119.4375, 81.0], [126.625, 231.25, 164.5, 198.875, 218.375, 210.625, 88.6875, 157.875, 193.625, 161.125, 110.125, 98.5, 141.25, 134.75, 157.375, 131.5, 170.0, 114.5625, 130.0, 106.25, 139.25, 0.0, 108.8125, 120.125, 232.0, 157.0, 120.25, 178.875, 208.875, 194.25, 155.125, 75.4375, 93.0625, 251.25, 140.125, 205.0, 190.5, 155.875, 98.375, 84.5625, 158.75, 174.0, 184.875, 169.625, 189.875, 217.625, 201.0, 5.09765625, 101.8125, 169.375, 101.25, 174.75, 127.125, 132.375, 97.0, 148.5, 76.0625, 184.75, 243.25, 109.0625, 163.75, 149.0, 119.875, 71.875, 177.375, 80.5, 197.125, 166.75, 228.75, 218.875, 197.75, 182.125, 146.5, 143.125, 177.375, 127.125, 246.25, 59.21875, 235.625, 220.5, 91.6875, 212.375, 165.125, 64.125, 96.25, 133.0, 173.125, 112.25, 169.75, 192.125, 179.5, 151.625, 227.375, 253.125, 203.25, 209.375, 77.3125, 206.75, 207.5, 13.0390625, 69.375, 135.25, 144.375, 96.1875, 136.625, 194.625, 202.25, 152.75, 120.0625, 90.4375, 79.25, 124.5, 247.5, 151.375, 172.625, 157.875, 164.5, 194.5, 131.0, 146.375, 73.0625], [56.28125, 142.625, 74.375, 123.1875, 126.6875, 132.125, 26.40625, 122.1875, 100.25, 64.0, 27.65625, 10.8203125, 35.6875, 85.125, 48.84375, 99.375, 104.0, 11.3125, 23.34375, 133.375, 143.125, 108.8125, 0.0, 140.125, 133.625, 70.0625, 30.015625, 73.25, 103.4375, 85.9375, 64.1875, 47.4375, 21.640625, 166.625, 70.4375, 148.125, 159.375, 72.1875, 82.0625, 77.9375, 116.375, 75.375, 118.0625, 98.125, 97.5, 143.75, 92.625, 104.375, 97.75, 82.5625, 39.125, 133.875, 19.0, 30.015625, 12.8046875, 48.34375, 37.21875, 138.625, 157.125, 57.96875, 56.09375, 46.40625, 24.078125, 54.21875, 72.6875, 47.5, 123.5, 148.0, 147.0, 118.25, 126.875, 73.375, 67.125, 105.6875, 75.6875, 123.3125, 155.75, 63.65625, 142.0, 117.4375, 17.265625, 131.625, 135.75, 74.625, 77.125, 58.3125, 100.3125, 3.60546875, 87.875, 83.875, 109.25, 50.34375, 129.75, 165.875, 103.875, 117.25, 48.46875, 143.125, 144.125, 96.3125, 67.4375, 51.40625, 35.6875, 90.9375, 124.625, 114.5, 133.625, 105.0625, 111.3125, 66.8125, 45.5, 86.8125, 159.625, 44.0, 160.375, 115.4375, 56.3125, 85.9375, 78.75, 57.5, 73.8125], [102.4375, 176.625, 214.5, 136.0, 171.5, 147.5, 143.25, 70.0, 157.0, 143.625, 162.625, 137.25, 172.5, 80.375, 175.75, 61.0, 108.1875, 151.375, 160.875, 14.140625, 23.59375, 120.125, 140.125, 0.0, 193.625, 127.5625, 122.5625, 171.25, 192.625, 194.125, 204.25, 97.0625, 143.625, 186.625, 102.5625, 119.1875, 85.625, 123.1875, 58.53125, 62.9375, 77.5, 213.25, 116.9375, 114.4375, 153.0, 146.875, 199.125, 121.4375, 42.71875, 133.25, 165.375, 83.75, 155.375, 138.625, 137.875, 187.25, 110.625, 95.0, 182.5, 87.1875, 185.625, 146.125, 128.125, 151.5, 205.875, 154.5, 132.5, 58.71875, 165.125, 188.0, 129.75, 188.875, 114.9375, 67.625, 211.625, 28.4375, 191.125, 146.25, 187.75, 195.125, 129.375, 151.875, 67.125, 75.3125, 63.25, 107.25, 117.625, 141.25, 127.0, 206.5, 117.875, 188.625, 188.625, 192.0, 174.125, 165.625, 94.875, 127.5, 127.9375, 114.125, 78.8125, 190.375, 165.25, 49.21875, 38.28125, 138.875, 130.0, 81.0625, 36.21875, 73.25, 151.375, 68.0625, 188.25, 176.5, 58.65625, 77.1875, 184.25, 205.25, 83.1875, 126.125, 70.8125], [107.8125, 31.890625, 149.875, 63.3125, 24.046875, 56.375, 160.125, 128.375, 39.40625, 71.5, 152.5, 144.0, 121.3125, 115.5, 101.5625, 133.125, 86.0, 135.375, 124.0625, 197.25, 179.0, 232.0, 133.625, 193.625, 0.0, 76.0625, 112.6875, 63.96875, 41.0625, 68.25, 146.75, 156.75, 155.25, 52.1875, 98.0625, 100.1875, 143.0, 78.3125, 151.75, 161.0, 119.1875, 132.75, 81.1875, 79.25, 43.46875, 67.125, 65.0, 228.625, 161.75, 65.0, 167.375, 122.5625, 122.625, 104.125, 146.25, 130.25, 157.0, 115.5, 43.375, 127.5, 104.8125, 87.3125, 114.5625, 187.875, 114.625, 180.75, 67.4375, 155.375, 50.21875, 16.765625, 72.4375, 80.4375, 88.125, 126.1875, 124.5, 165.375, 33.0, 197.0, 17.890625, 24.078125, 147.125, 51.0, 138.625, 174.875, 150.25, 101.0625, 76.125, 130.25, 68.4375, 92.0, 77.1875, 127.5, 5.09765625, 46.3125, 29.828125, 28.015625, 155.0, 87.1875, 87.6875, 219.0, 167.375, 154.375, 108.6875, 160.75, 157.0, 56.4375, 76.6875, 113.0625, 158.25, 149.5, 179.0, 129.125, 41.125, 111.4375, 167.75, 119.125, 101.9375, 86.0, 115.0, 85.6875, 167.75], [31.78125, 75.625, 120.0, 53.34375, 61.53125, 62.09375, 94.9375, 76.375, 36.90625, 18.4375, 95.625, 78.4375, 77.125, 47.53125, 66.625, 67.75, 40.71875, 76.5, 72.25, 128.125, 118.625, 157.0, 70.0625, 127.5625, 76.0625, 0.0, 42.0625, 45.65625, 65.1875, 68.875, 112.25, 81.5625, 90.75, 98.125, 25.078125, 83.25, 107.3125, 5.0, 77.9375, 85.75, 67.5, 109.6875, 51.65625, 32.3125, 33.0, 73.8125, 73.0, 153.75, 90.0625, 13.0390625, 108.875, 80.8125, 68.0, 42.0625, 80.625, 92.0625, 83.75, 81.0, 89.0625, 51.625, 75.8125, 32.90625, 46.5, 121.75, 95.4375, 116.4375, 54.03125, 106.625, 77.5, 65.125, 58.03125, 67.5, 13.0390625, 65.75, 104.3125, 101.125, 90.0, 128.5, 78.625, 70.0625, 78.75, 61.6875, 90.25, 98.8125, 75.6875, 25.078125, 33.25, 67.4375, 18.03125, 86.5625, 42.1875, 91.0625, 71.1875, 98.5, 49.71875, 52.40625, 79.625, 75.8125, 76.8125, 144.0, 91.3125, 109.875, 63.59375, 87.5625, 95.875, 44.375, 65.125, 56.625, 91.4375, 73.75, 114.0, 59.53125, 92.4375, 73.1875, 120.1875, 66.8125, 73.25, 83.625, 44.40625, 12.6484375, 91.8125], [27.3125, 117.0625, 95.875, 94.125, 102.0, 103.75, 53.15625, 94.375, 75.9375, 41.21875, 57.4375, 36.875, 51.625, 57.3125, 53.3125, 73.875, 74.0, 39.0625, 41.625, 118.5, 121.5, 120.25, 30.015625, 122.5625, 112.6875, 42.0625, 0.0, 60.15625, 89.3125, 79.25, 86.375, 46.5, 49.25, 140.125, 40.59375, 118.125, 130.875, 43.3125, 64.5, 65.3125, 87.875, 91.6875, 88.125, 68.25, 72.625, 114.75, 85.5, 116.5, 80.0625, 55.0, 69.0, 105.0, 36.0625, 16.5, 39.0625, 67.25, 44.40625, 109.125, 130.875, 35.5, 63.0625, 29.828125, 6.70703125, 79.6875, 83.25, 74.625, 94.125, 121.75, 119.5, 98.8125, 97.3125, 70.1875, 37.34375, 78.5625, 89.3125, 101.8125, 131.0, 86.625, 118.4375, 100.375, 36.6875, 103.625, 108.3125, 70.375, 60.15625, 28.4375, 70.5625, 28.28125, 59.125, 85.9375, 79.375, 67.875, 108.3125, 140.125, 83.4375, 92.625, 45.59375, 113.1875, 114.1875, 107.1875, 62.28125, 77.875, 42.71875, 74.4375, 101.125, 86.0625, 103.9375, 76.3125, 90.0, 52.40625, 72.125, 61.625, 134.0, 54.09375, 134.625, 86.9375, 61.84375, 85.8125, 51.09375, 29.53125, 66.0], [69.5625, 82.25, 90.0625, 82.375, 65.125, 85.4375, 99.0625, 121.75, 42.96875, 27.859375, 89.0625, 84.0, 57.375, 92.5, 38.09375, 112.75, 82.75, 72.9375, 60.46875, 170.375, 163.75, 178.875, 73.25, 171.25, 63.96875, 45.65625, 60.15625, 0.0, 30.234375, 23.265625, 85.1875, 106.625, 94.125, 107.375, 69.3125, 119.875, 150.625, 50.59375, 117.4375, 122.0625, 112.625, 75.125, 89.375, 73.5625, 43.0, 99.3125, 27.890625, 174.875, 131.375, 46.65625, 104.0625, 124.625, 59.65625, 46.53125, 86.0625, 67.25, 102.9375, 123.125, 97.3125, 88.0625, 43.0, 30.359375, 59.25, 126.5625, 57.96875, 118.875, 85.0, 152.0, 93.4375, 47.40625, 90.375, 24.1875, 57.0, 111.375, 67.9375, 145.75, 92.0, 136.75, 76.375, 44.6875, 88.75, 82.25, 135.375, 130.0, 114.1875, 64.125, 72.9375, 69.6875, 55.875, 42.8125, 80.4375, 64.75, 61.09375, 104.25, 35.90625, 57.0, 105.75, 109.5625, 110.5, 166.0, 122.0, 90.8125, 44.78125, 127.5625, 141.125, 71.1875, 97.5, 102.0625, 135.5, 109.0625, 117.375, 103.4375, 98.0, 47.8125, 165.625, 112.0625, 40.0, 38.90625, 88.5625, 45.125, 124.875], [94.3125, 67.75, 109.25, 82.75, 52.40625, 81.375, 129.125, 135.875, 42.1875, 51.46875, 117.8125, 114.1875, 84.3125, 112.3125, 63.8125, 132.25, 93.5, 102.5625, 89.25, 193.375, 182.375, 208.875, 103.4375, 192.625, 41.0625, 65.1875, 89.3125, 30.234375, 0.0, 27.296875, 106.625, 135.75, 124.0625, 91.4375, 90.25, 122.375, 159.5, 69.4375, 142.125, 148.375, 126.4375, 91.8125, 95.4375, 84.5625, 44.9375, 94.875, 24.078125, 204.875, 155.0, 60.15625, 132.75, 135.25, 89.125, 76.5625, 116.1875, 91.3125, 132.875, 131.125, 81.8125, 113.875, 65.375, 59.9375, 89.0, 156.375, 73.6875, 148.5, 86.3125, 165.625, 83.25, 25.171875, 91.9375, 40.15625, 78.125, 128.625, 83.5, 165.75, 73.25, 166.875, 57.3125, 17.46875, 119.0, 76.875, 148.5, 158.125, 139.375, 88.125, 82.75, 99.8125, 68.0, 51.0, 88.0, 88.25, 40.125, 86.5, 24.765625, 47.71875, 134.75, 110.375, 111.0625, 195.875, 150.125, 115.8125, 73.125, 152.125, 159.625, 72.25, 98.3125, 117.3125, 156.375, 135.625, 147.125, 124.6875, 80.75, 73.5625, 179.0, 126.0625, 62.65625, 45.03125, 109.5625, 69.375, 152.375], [92.0, 93.1875, 82.0, 101.25, 76.875, 102.4375, 109.9375, 144.75, 60.03125, 51.09375, 95.6875, 96.625, 60.8125, 115.6875, 40.375, 135.875, 105.0, 82.6875, 68.0, 192.75, 187.0, 194.25, 85.9375, 194.125, 68.25, 68.875, 79.25, 23.265625, 27.296875, 0.0, 79.6875, 124.75, 104.9375, 117.625, 92.5, 140.0, 172.875, 73.8125, 139.5, 143.125, 135.625, 64.5, 110.4375, 95.75, 61.28125, 116.3125, 6.70703125, 190.0, 153.75, 69.0, 110.375, 147.125, 69.125, 63.78125, 98.375, 65.5, 119.375, 145.0, 107.8125, 109.75, 39.65625, 50.0, 76.9375, 136.25, 46.375, 127.8125, 104.3125, 175.0, 107.25, 52.0, 109.875, 14.2109375, 80.25, 134.625, 56.21875, 168.875, 100.0, 147.625, 84.0, 44.71875, 102.6875, 98.5, 158.375, 149.625, 136.0, 86.8125, 94.875, 82.375, 78.125, 24.515625, 101.8125, 62.25, 67.0, 113.125, 46.84375, 70.5, 124.3125, 129.0, 129.75, 181.5, 141.5, 90.1875, 51.875, 149.625, 164.375, 90.125, 116.75, 125.1875, 158.5, 130.125, 126.8125, 126.5, 107.25, 49.53125, 188.625, 135.125, 37.1875, 18.96875, 111.6875, 68.0, 145.125], [113.1875, 167.375, 10.296875, 162.375, 150.375, 168.0, 69.375, 180.125, 127.0625, 97.0625, 46.5625, 68.5, 35.78125, 143.375, 48.09375, 160.25, 152.5, 53.0, 44.8125, 197.5, 206.5, 155.125, 64.1875, 204.25, 146.75, 112.25, 86.375, 85.1875, 106.625, 79.6875, 0.0, 110.125, 66.4375, 192.625, 123.9375, 195.5, 215.625, 116.375, 146.125, 142.0, 172.875, 21.953125, 163.875, 144.5, 126.1875, 181.5, 84.6875, 150.125, 161.875, 121.0625, 54.0, 189.25, 50.4375, 74.3125, 68.4375, 20.25, 97.9375, 191.625, 182.5, 120.3125, 42.28125, 79.375, 79.8125, 84.125, 35.8125, 75.0, 164.125, 208.125, 178.0, 130.0, 168.875, 66.5, 115.9375, 164.75, 29.0625, 186.625, 176.75, 97.125, 161.0, 124.0625, 76.9375, 165.5, 194.25, 136.875, 141.25, 112.5, 145.5, 63.125, 129.25, 60.21875, 154.375, 21.375, 144.75, 189.25, 120.8125, 142.125, 111.625, 187.5, 188.5, 144.625, 130.25, 20.09375, 48.71875, 155.125, 187.0, 151.75, 176.125, 161.25, 174.625, 131.0, 76.0, 147.875, 183.125, 39.625, 221.0, 172.0, 45.28125, 65.875, 137.25, 102.3125, 137.25], [51.84375, 156.25, 120.4375, 125.9375, 143.0, 137.25, 46.21875, 99.0, 118.25, 86.375, 66.0625, 41.6875, 83.0, 66.9375, 93.1875, 72.0625, 98.8125, 57.78125, 70.625, 88.5, 104.6875, 75.4375, 47.4375, 97.0625, 156.75, 81.5625, 46.5, 106.625, 135.75, 124.75, 110.125, 0.0, 46.65625, 177.125, 66.3125, 138.625, 136.125, 80.625, 43.65625, 34.40625, 96.5, 122.75, 114.0625, 96.875, 114.5, 145.625, 131.25, 72.25, 57.3125, 94.125, 68.4375, 114.375, 65.75, 61.0, 41.875, 95.625, 13.6015625, 122.3125, 168.75, 36.78125, 101.6875, 76.25, 47.84375, 59.21875, 119.625, 59.8125, 124.6875, 118.4375, 155.0, 143.875, 126.1875, 114.4375, 71.4375, 82.0625, 123.0625, 85.9375, 171.125, 59.0, 160.25, 146.25, 33.28125, 138.625, 110.3125, 27.203125, 38.90625, 58.0625, 100.1875, 49.71875, 94.9375, 128.0, 107.4375, 97.75, 152.0, 178.5, 128.25, 134.0, 3.0, 137.75, 138.75, 62.46875, 20.125, 94.375, 80.375, 49.75, 90.4375, 120.625, 131.5, 87.5, 74.4375, 27.890625, 56.65625, 61.0625, 172.75, 90.25, 128.875, 95.5, 101.375, 129.0, 61.6875, 71.0, 27.203125], [73.0, 164.125, 76.5625, 143.375, 148.25, 152.75, 5.0, 135.875, 121.8125, 85.5625, 20.125, 12.3671875, 48.28125, 99.4375, 65.8125, 111.0, 122.4375, 22.359375, 37.6875, 135.125, 150.0, 93.0625, 21.640625, 143.625, 155.25, 90.75, 49.25, 94.125, 124.0625, 104.9375, 66.4375, 46.65625, 0.0, 188.0, 88.0625, 166.125, 173.5, 92.4375, 88.1875, 80.8125, 131.0, 82.625, 137.0, 117.25, 119.0, 164.0, 111.625, 88.3125, 103.0, 103.4375, 22.84375, 149.0, 35.84375, 51.625, 10.1953125, 56.03125, 33.3125, 154.75, 178.5, 69.625, 71.1875, 68.0, 44.28125, 32.65625, 84.375, 25.9375, 143.375, 159.5, 168.125, 139.75, 146.5, 91.6875, 86.5, 118.875, 85.0, 130.75, 177.375, 42.8125, 163.625, 138.625, 15.8125, 152.375, 148.75, 71.875, 83.1875, 76.25, 119.6875, 25.0, 108.25, 99.625, 128.375, 59.0, 151.375, 187.375, 125.4375, 138.75, 48.84375, 162.0, 163.0, 81.3125, 66.0625, 48.75, 53.25, 95.625, 133.75, 135.0, 153.0, 120.1875, 118.875, 72.125, 23.859375, 98.6875, 181.125, 58.8125, 171.125, 130.0, 72.125, 102.5, 93.1875, 78.125, 73.6875], [125.25, 25.171875, 197.125, 53.59375, 42.28125, 41.40625, 192.375, 116.6875, 67.4375, 103.125, 189.75, 175.75, 163.0, 119.8125, 145.125, 131.75, 83.8125, 171.125, 162.75, 193.875, 167.5, 251.25, 166.625, 186.625, 52.1875, 98.125, 140.125, 107.375, 91.4375, 117.625, 192.625, 177.125, 188.0, 0.0, 111.1875, 72.1875, 117.0, 97.625, 159.0, 171.0, 109.375, 181.0, 71.1875, 82.125, 69.5625, 39.84375, 115.4375, 248.625, 164.5, 85.0625, 204.0, 104.8125, 160.0, 136.875, 178.0, 174.375, 181.125, 94.5625, 10.046875, 142.25, 150.375, 122.0625, 144.0, 219.625, 163.125, 213.875, 56.3125, 136.75, 22.796875, 66.3125, 57.71875, 128.0, 106.0, 121.625, 173.125, 158.75, 19.71875, 226.625, 34.46875, 75.6875, 176.75, 38.90625, 122.25, 188.875, 159.125, 119.1875, 78.5625, 163.625, 82.4375, 142.0, 73.625, 172.0, 51.65625, 8.0625, 72.0, 51.0, 174.75, 60.8125, 60.65625, 238.625, 182.375, 197.125, 149.25, 165.875, 148.375, 56.625, 56.65625, 108.3125, 155.125, 162.0, 211.625, 132.625, 11.1796875, 154.625, 146.625, 109.75, 147.375, 136.25, 122.0, 110.5625, 180.5], [15.5234375, 91.6875, 132.75, 59.6875, 80.25, 71.0, 91.375, 56.84375, 58.8125, 41.4375, 98.0, 76.0, 88.1875, 23.265625, 82.8125, 43.46875, 34.53125, 79.625, 80.25, 103.0625, 94.5625, 140.125, 70.4375, 102.5625, 98.0625, 25.078125, 40.59375, 69.3125, 90.25, 92.5, 123.9375, 66.3125, 88.0625, 111.1875, 0.0, 78.0, 91.6875, 21.03125, 53.84375, 63.0625, 49.09375, 125.25, 49.46875, 30.875, 54.71875, 79.625, 97.0625, 137.5, 65.1875, 33.25, 109.125, 65.3125, 75.0, 49.65625, 78.0, 103.9375, 72.0625, 68.6875, 103.25, 31.140625, 92.625, 48.84375, 47.0625, 115.75, 113.125, 112.125, 58.59375, 86.25, 88.875, 88.8125, 60.53125, 89.1875, 12.3671875, 43.40625, 121.0625, 76.5625, 106.8125, 120.1875, 97.75, 94.5, 73.5625, 72.5, 71.0625, 78.625, 52.1875, 12.1640625, 34.0, 68.875, 30.53125, 107.9375, 41.78125, 103.75, 93.0625, 113.125, 73.8125, 72.0, 63.8125, 74.3125, 75.3125, 127.5, 71.6875, 117.625, 76.25, 63.15625, 72.0, 54.5625, 66.4375, 37.4375, 66.5, 52.15625, 109.3125, 34.53125, 107.5625, 87.1875, 99.75, 48.25, 90.5, 105.6875, 19.421875, 25.234375, 70.75], [93.1875, 71.8125, 203.0, 39.625, 76.5625, 43.84375, 169.25, 51.0, 80.75, 99.1875, 175.375, 154.0, 160.375, 71.8125, 149.125, 74.0625, 44.1875, 156.625, 154.75, 128.5, 98.0, 205.0, 148.125, 119.1875, 100.1875, 83.25, 118.125, 119.875, 122.375, 140.0, 195.5, 138.625, 166.125, 72.1875, 78.0, 0.0, 45.09375, 79.3125, 106.6875, 120.4375, 47.0, 191.75, 31.625, 51.1875, 78.875, 34.71875, 141.375, 203.5, 106.6875, 75.25, 187.0, 35.5, 150.125, 123.8125, 156.0, 175.25, 147.25, 24.1875, 71.1875, 102.125, 157.75, 116.0625, 124.25, 192.875, 176.25, 189.875, 36.0625, 65.25, 54.75, 104.0625, 30.40625, 144.0, 81.625, 62.4375, 185.625, 93.0, 82.875, 196.125, 86.625, 114.375, 151.375, 49.1875, 52.3125, 140.875, 108.6875, 90.0, 50.0, 146.25, 66.5, 162.5, 41.125, 174.25, 96.1875, 79.0, 97.625, 76.625, 135.75, 13.0, 12.6484375, 193.625, 136.5, 192.625, 146.875, 110.4375, 81.8125, 50.25, 24.203125, 52.3125, 92.625, 115.5625, 187.0, 80.5, 77.1875, 156.25, 74.5625, 47.8125, 155.0, 158.125, 76.9375, 93.9375, 132.0], [103.625, 116.3125, 224.375, 79.875, 118.9375, 87.0625, 175.5, 37.65625, 117.375, 125.5, 186.875, 162.5, 179.875, 74.3125, 173.125, 64.0625, 67.875, 169.625, 171.75, 97.625, 62.21875, 190.5, 159.375, 85.625, 143.0, 107.3125, 130.875, 150.625, 159.5, 172.875, 215.625, 136.125, 173.5, 117.0, 91.6875, 45.09375, 0.0, 102.4375, 95.4375, 108.875, 43.09375, 216.0, 64.125, 77.125, 114.5625, 79.625, 175.375, 190.125, 88.75, 103.9375, 196.0, 26.625, 166.375, 141.375, 164.25, 195.625, 147.625, 28.296875, 116.25, 103.9375, 182.625, 138.75, 137.625, 194.875, 202.625, 193.875, 75.75, 26.90625, 99.75, 144.5, 70.5625, 174.0, 100.375, 54.75, 211.25, 65.3125, 127.875, 195.125, 130.75, 154.25, 157.75, 92.4375, 26.078125, 129.5, 99.1875, 103.3125, 78.0, 158.5, 94.8125, 193.125, 71.625, 195.375, 138.625, 124.0, 135.5, 117.25, 133.125, 57.5625, 57.4375, 181.0, 127.5625, 208.75, 167.75, 94.9375, 54.625, 88.5625, 66.5, 54.625, 70.5, 109.0, 190.75, 75.5625, 122.25, 178.375, 31.390625, 44.0, 180.25, 189.5, 80.625, 114.5625, 121.0625], [29.6875, 75.8125, 124.25, 51.0, 62.46875, 60.40625, 96.4375, 71.375, 38.90625, 23.4375, 98.25, 80.0625, 81.0625, 42.96875, 71.1875, 63.0625, 36.25, 79.1875, 75.6875, 124.0625, 113.8125, 155.875, 72.1875, 123.1875, 78.3125, 5.0, 43.3125, 50.59375, 69.4375, 73.8125, 116.375, 80.625, 92.4375, 97.625, 21.03125, 79.3125, 102.4375, 0.0, 74.5, 82.875, 62.46875, 114.25, 47.84375, 28.15625, 34.875, 71.5625, 77.875, 152.875, 86.1875, 13.6015625, 111.1875, 75.9375, 71.25, 45.03125, 82.25, 96.125, 83.625, 76.3125, 88.8125, 49.1875, 80.4375, 37.15625, 48.28125, 122.9375, 100.1875, 117.9375, 51.34375, 101.625, 76.5, 68.125, 55.03125, 72.5, 9.8515625, 60.84375, 109.0, 96.5625, 90.5, 129.25, 79.8125, 73.5625, 79.875, 60.40625, 85.25, 96.75, 72.5625, 23.015625, 29.421875, 69.75, 15.8125, 91.5625, 38.46875, 95.25, 73.375, 98.4375, 52.9375, 53.59375, 78.5625, 72.3125, 73.3125, 143.0, 89.375, 113.4375, 67.6875, 84.0, 91.0625, 42.71875, 62.0, 51.625, 87.0, 71.1875, 115.4375, 55.21875, 92.4375, 77.5, 115.1875, 61.84375, 77.9375, 88.625, 40.125, 15.0, 89.4375], [48.0, 142.5, 156.25, 105.4375, 132.875, 117.625, 88.6875, 60.15625, 112.625, 91.0, 106.0625, 80.25, 114.0, 39.21875, 117.8125, 33.25, 75.3125, 93.375, 102.4375, 54.09375, 61.84375, 98.375, 82.0625, 58.53125, 151.75, 77.9375, 64.5, 117.4375, 142.125, 139.5, 146.125, 43.65625, 88.1875, 159.0, 53.84375, 106.6875, 95.4375, 74.5, 0.0, 13.9296875, 60.40625, 154.75, 89.125, 77.375, 108.5, 122.375, 145.0, 9