{"name": "LZB_n120_7", "n": 120, "m": 15, "times": [[0.0, 60.59375, 33.0, 58.8125, 40.0, 93.125, 90.6875, 91.25, 46.28125, 91.4375, 84.375, 80.4375, 89.375, 132.375, 83.0, 69.25, 63.5625, 42.09375, 90.5, 11.0, 81.8125, 89.0625, 65.375, 35.75, 94.3125, 27.171875, 59.21875, 133.0, 18.03125, 92.0625, 92.875, 58.71875, 84.0625, 62.96875, 62.28125, 101.9375, 52.9375, 41.1875, 92.625, 102.0625, 11.703125, 62.78125, 96.125, 99.9375, 74.3125, 101.375, 91.375, 35.34375, 115.4375, 63.5, 15.03125, 63.5625, 115.6875, 81.0, 76.4375, 66.375, 123.75, 106.1875, 121.5, 104.875, 33.25, 96.1875, 105.6875, 86.8125, 99.625, 66.125, 71.1875, 69.125, 108.0625, 82.6875, 88.5, 104.375, 69.8125, 103.25, 40.03125, 79.1875, 29.15625, 62.3125, 119.625, 36.25, 73.6875, 32.25, 37.53125, 65.1875, 86.1875, 106.1875, 123.0625, 45.5, 98.8125, 81.3125, 24.515625, 73.0625, 38.0, 24.046875, 93.75, 78.125, 100.8125, 31.765625, 38.625, 61.71875, 95.0, 70.0, 89.6875, 95.0625, 72.6875, 46.40625, 104.8125, 89.875, 47.53125, 91.5625, 56.625, 29.15625, 55.15625, 71.375, 77.1875, 76.6875, 78.5625, 59.6875, 85.875, 82.625, 121.6875], [60.59375, 0.0, 30.671875, 35.5, 73.0625, 61.5625, 79.3125, 30.890625, 43.9375, 38.46875, 23.859375, 123.25, 28.84375, 192.75, 67.1875, 114.0, 26.921875, 40.4375, 149.375, 52.3125, 121.0625, 140.875, 95.375, 92.3125, 144.875, 46.09375, 105.1875, 153.625, 42.625, 66.6875, 145.5, 10.0, 142.5, 94.1875, 107.5625, 93.5, 47.15625, 68.0, 150.125, 99.5625, 49.59375, 81.8125, 73.25, 131.75, 116.1875, 118.6875, 122.3125, 43.96875, 174.75, 47.71875, 70.0625, 122.5625, 60.71875, 99.3125, 89.375, 24.40625, 184.0, 112.375, 122.9375, 50.4375, 87.1875, 40.53125, 51.0, 136.875, 46.1875, 44.78125, 120.4375, 122.625, 52.15625, 120.0625, 31.015625, 52.46875, 72.1875, 162.25, 46.875, 44.5625, 33.40625, 58.0625, 59.03125, 96.8125, 52.34375, 56.65625, 73.5625, 124.4375, 49.03125, 47.875, 145.125, 104.6875, 159.375, 44.59375, 80.8125, 76.5, 65.0625, 84.5, 144.875, 49.21875, 72.125, 63.625, 98.25, 122.3125, 59.8125, 92.0, 139.125, 139.5, 91.9375, 14.2109375, 160.625, 31.78125, 60.65625, 130.75, 96.125, 35.125, 111.8125, 109.0, 16.640625, 137.25, 78.375, 89.625, 68.625, 102.0625, 126.8125], [33.0, 30.671875, 0.0, 29.015625, 59.21875, 80.625, 69.75, 61.3125, 23.59375, 67.125, 54.125, 94.0, 59.03125, 164.75, 59.46875, 96.875, 44.9375, 37.8125, 119.0625, 28.15625, 107.0, 110.4375, 85.0, 68.0, 114.5625, 16.0, 87.125, 131.75, 17.46875, 82.875, 124.3125, 26.40625, 117.0625, 66.9375, 89.9375, 102.5625, 49.59375, 40.03125, 119.5, 105.875, 24.359375, 57.71875, 88.5, 121.9375, 87.0625, 115.875, 96.1875, 35.78125, 148.375, 37.65625, 45.6875, 92.4375, 82.6875, 76.6875, 87.25, 33.53125, 156.375, 114.9375, 128.25, 71.875, 64.25, 63.25, 80.625, 117.1875, 75.25, 56.3125, 90.125, 100.6875, 82.1875, 107.0, 55.875, 81.0625, 74.0625, 136.25, 41.1875, 63.90625, 17.890625, 61.71875, 88.5, 68.625, 46.875, 43.9375, 44.0, 94.3125, 70.1875, 73.5625, 122.5625, 78.5, 130.5, 65.125, 56.375, 58.71875, 36.6875, 56.84375, 124.625, 49.0, 90.3125, 34.0, 68.625, 94.0625, 80.625, 67.5625, 119.8125, 123.0625, 68.5, 18.03125, 137.25, 57.3125, 36.34375, 117.0, 81.0, 4.47265625, 87.6875, 80.625, 47.0, 108.875, 62.625, 78.9375, 80.625, 97.4375, 130.375], [58.8125, 35.5, 29.015625, 0.0, 88.1875, 96.6875, 44.6875, 57.125, 16.40625, 72.4375, 50.34375, 96.8125, 54.09375, 185.875, 33.0, 125.5625, 60.8125, 63.6875, 134.875, 56.4375, 136.0, 118.9375, 113.875, 94.5625, 121.875, 32.65625, 115.75, 118.875, 46.09375, 101.125, 151.625, 25.546875, 141.75, 65.3125, 118.625, 125.4375, 74.25, 42.9375, 133.25, 130.125, 52.46875, 50.03125, 107.5, 150.875, 89.875, 143.625, 91.0, 63.3125, 171.875, 12.203125, 73.0, 109.625, 61.84375, 65.75, 114.5, 16.03125, 178.25, 140.875, 153.125, 51.625, 91.6875, 45.625, 83.1875, 145.125, 79.375, 76.8125, 97.9375, 127.875, 83.375, 136.0, 42.1875, 86.0, 99.75, 160.25, 68.3125, 79.5, 45.90625, 86.375, 78.125, 91.4375, 18.78125, 72.6875, 51.3125, 111.75, 84.375, 57.78125, 110.875, 103.375, 150.375, 79.8125, 83.25, 41.4375, 41.34375, 80.9375, 152.375, 20.0, 107.1875, 43.28125, 88.4375, 115.9375, 95.1875, 60.0, 147.875, 151.75, 59.125, 33.84375, 163.375, 44.15625, 31.625, 146.0, 110.0, 31.140625, 113.875, 81.25, 45.125, 130.25, 42.9375, 107.8125, 101.5625, 125.4375, 156.125], [40.0, 73.0625, 59.21875, 88.1875, 0.0, 74.125, 126.9375, 98.25, 80.25, 88.375, 93.0625, 116.3125, 97.625, 134.125, 117.6875, 41.15625, 59.65625, 34.125, 109.0, 34.53125, 48.5, 118.625, 26.25, 35.0625, 124.625, 62.625, 33.0, 172.625, 42.96875, 69.375, 74.625, 76.6875, 79.25, 102.5625, 35.0, 68.4375, 35.59375, 81.0, 114.4375, 66.125, 38.28125, 102.625, 71.0, 62.8125, 110.9375, 61.40625, 130.25, 29.15625, 111.8125, 96.3125, 28.59375, 84.6875, 133.75, 121.0, 37.75, 89.5625, 124.3125, 67.4375, 83.1875, 123.375, 28.015625, 113.5, 101.9375, 64.875, 95.5, 50.46875, 104.1875, 53.90625, 105.375, 48.09375, 104.0625, 98.0625, 37.0625, 98.8125, 27.453125, 66.3125, 43.09375, 37.0, 127.0, 52.78125, 105.9375, 16.5, 77.4375, 85.5, 72.6875, 120.5625, 162.625, 49.375, 107.1875, 69.0625, 30.078125, 111.5, 77.6875, 43.65625, 73.25, 108.1875, 78.3125, 71.5625, 62.65625, 71.4375, 77.875, 110.0, 66.875, 66.4375, 112.625, 61.40625, 91.9375, 104.75, 85.9375, 58.40625, 23.09375, 57.71875, 48.84375, 109.5, 86.75, 84.75, 116.625, 20.25, 59.84375, 42.625, 82.625], [93.125, 61.5625, 80.625, 96.6875, 74.125, 0.0, 140.875, 59.78125, 101.6875, 36.6875, 60.40625, 171.375, 61.6875, 208.125, 128.75, 108.0, 36.34375, 51.03125, 179.875, 82.125, 106.75, 182.25, 80.125, 107.9375, 187.5, 95.5, 103.25, 212.0, 79.4375, 9.21875, 143.75, 71.5, 153.0, 147.0, 104.0, 41.0625, 41.3125, 120.1875, 183.75, 50.5, 82.5, 138.25, 15.03125, 106.75, 164.75, 82.4375, 176.5, 58.0, 185.125, 108.875, 92.5625, 153.875, 103.5625, 157.0, 59.8125, 85.5625, 198.25, 67.4375, 72.0, 96.8125, 100.9375, 87.875, 42.4375, 132.625, 38.0, 27.015625, 164.0, 126.25, 46.53125, 103.9375, 78.75, 35.6875, 43.1875, 172.25, 54.15625, 17.203125, 67.9375, 37.15625, 79.0, 122.3125, 113.875, 65.9375, 122.5, 155.0, 13.0390625, 86.8125, 203.0, 122.5, 180.875, 16.96875, 99.8125, 136.5, 116.6875, 110.625, 141.0, 110.375, 10.6328125, 112.9375, 129.375, 144.25, 5.38671875, 148.125, 133.625, 127.25, 148.875, 65.0, 162.75, 77.875, 116.75, 114.0, 90.4375, 83.5625, 122.9375, 159.625, 59.6875, 158.25, 139.0, 77.1875, 19.71875, 73.25, 78.125], [90.6875, 79.3125, 69.75, 44.6875, 126.9375, 140.875, 0.0, 94.0, 46.8125, 113.5625, 88.5625, 88.4375, 90.875, 199.5, 12.203125, 159.875, 105.375, 107.0625, 141.875, 92.625, 172.25, 116.125, 153.125, 124.0, 116.6875, 64.5625, 149.875, 84.0625, 84.125, 145.625, 180.375, 69.375, 164.5, 58.59375, 153.0, 170.0, 118.1875, 54.75, 137.0, 174.5, 88.75, 41.6875, 152.125, 189.375, 82.75, 185.5, 71.1875, 105.5625, 190.625, 33.0, 105.6875, 121.3125, 77.1875, 43.28125, 157.0, 55.8125, 193.5, 184.5, 197.25, 71.125, 123.1875, 71.375, 122.125, 176.0, 119.5, 121.5, 97.0, 157.125, 121.3125, 173.0, 74.0, 126.1875, 143.375, 180.75, 110.9375, 123.8125, 87.6875, 130.375, 106.1875, 114.25, 27.015625, 112.9375, 63.5625, 123.5625, 128.375, 82.75, 78.1875, 128.75, 163.25, 123.9375, 114.1875, 22.359375, 56.3125, 107.1875, 182.125, 32.1875, 151.375, 62.125, 106.9375, 134.875, 139.0, 46.0, 179.0, 185.5, 42.4375, 78.4375, 188.625, 75.875, 44.0, 182.125, 146.75, 70.0, 141.375, 72.875, 85.25, 147.0, 16.640625, 147.125, 146.25, 167.0, 199.875], [91.25, 30.890625, 61.3125, 57.125, 98.25, 59.78125, 94.0, 0.0, 70.25, 23.703125, 7.28125, 151.75, 3.162109375, 223.0, 82.0625, 139.25, 40.15625, 64.125, 180.25, 82.4375, 144.125, 170.875, 117.1875, 121.625, 174.625, 76.1875, 131.25, 174.875, 73.25, 67.9375, 172.5, 36.125, 171.875, 121.3125, 133.25, 99.3125, 66.125, 96.3125, 180.875, 107.5625, 80.0, 107.0, 74.4375, 151.625, 144.625, 133.75, 148.0, 69.625, 204.375, 67.875, 99.8125, 153.5, 43.9375, 122.8125, 105.75, 41.3125, 214.125, 123.0625, 130.375, 37.15625, 116.0625, 28.84375, 28.296875, 163.125, 26.875, 56.71875, 150.125, 150.375, 27.3125, 142.625, 21.265625, 33.3125, 87.125, 191.625, 70.8125, 47.15625, 63.125, 73.75, 29.0625, 127.4375, 68.3125, 82.6875, 102.8125, 155.25, 47.3125, 27.296875, 167.25, 134.5, 190.125, 45.40625, 110.375, 97.6875, 93.75, 115.0, 171.375, 61.84375, 69.625, 93.125, 129.125, 152.75, 55.71875, 117.0625, 165.125, 163.625, 116.25, 44.9375, 188.625, 19.796875, 87.1875, 153.375, 120.8125, 65.8125, 140.75, 136.875, 14.3203125, 167.75, 98.0, 112.0, 74.4375, 119.4375, 135.75], [46.28125, 43.9375, 23.59375, 16.40625, 80.25, 101.6875, 46.8125, 70.25, 0.0, 82.375, 63.125, 81.8125, 67.375, 170.0, 37.46875, 115.0, 65.375, 61.40625, 118.4375, 46.375, 126.5625, 102.9375, 106.5, 81.5625, 106.0625, 19.109375, 105.0, 110.5, 37.375, 104.875, 138.875, 35.125, 127.25, 51.09375, 108.0, 125.9375, 73.125, 26.921875, 116.8125, 129.5, 42.4375, 37.84375, 110.8125, 143.0, 74.75, 138.75, 78.5, 59.15625, 156.625, 17.265625, 61.125, 93.375, 78.25, 55.71875, 110.5, 31.015625, 162.5, 138.5, 151.875, 68.0, 79.5, 61.78125, 94.4375, 133.125, 89.9375, 78.875, 81.9375, 115.125, 95.125, 127.0, 57.59375, 96.3125, 97.625, 145.375, 64.6875, 84.625, 41.34375, 85.25, 93.3125, 76.5, 27.453125, 66.125, 35.0, 95.5, 90.3125, 73.8125, 101.75, 89.1875, 134.375, 85.4375, 70.6875, 35.375, 25.0625, 66.75, 139.875, 32.6875, 111.8125, 26.90625, 72.6875, 100.5, 101.0625, 48.0625, 136.0, 141.0, 48.09375, 36.71875, 149.625, 59.46875, 17.0, 136.5, 100.6875, 23.265625, 100.4375, 66.625, 57.0, 114.5625, 39.0625, 100.4375, 103.5, 120.125, 154.0], [91.4375, 38.46875, 67.125, 72.4375, 88.375, 36.6875, 113.5625, 23.703125, 82.375, 0.0, 26.171875, 161.0, 26.078125, 219.375, 101.375, 128.0, 29.40625, 55.59375, 181.875, 81.125, 130.75, 177.125, 103.25, 116.75, 181.5, 83.125, 121.0625, 191.375, 74.0625, 45.28125, 162.875, 47.53125, 166.0, 132.5, 122.6875, 77.1875, 53.25, 106.125, 183.75, 86.0, 79.6875, 120.25, 51.625, 135.375, 154.0, 114.75, 160.75, 62.4375, 198.875, 84.3125, 96.625, 155.0, 67.0625, 137.5, 88.25, 58.125, 210.0, 102.25, 108.3125, 60.84375, 110.4375, 52.46875, 14.3203125, 152.625, 8.25, 40.3125, 157.0, 142.125, 17.203125, 128.625, 44.21875, 14.0390625, 69.625, 185.875, 61.71875, 26.921875, 62.3125, 57.71875, 43.75, 126.125, 86.8125, 74.625, 111.0625, 156.625, 25.0, 50.28125, 183.125, 130.75, 188.375, 24.515625, 106.3125, 113.875, 103.0625, 113.625, 161.125, 81.5625, 46.1875, 101.0625, 130.0, 150.75, 32.28125, 130.375, 154.25, 150.875, 130.25, 49.09375, 180.375, 43.0, 99.125, 139.25, 109.5, 71.25, 134.75, 147.125, 28.296875, 165.625, 115.1875, 98.75, 53.09375, 102.1875, 114.0625], [84.375, 23.859375, 54.125, 50.34375, 93.0625, 60.40625, 88.5625, 7.28125, 63.125, 26.171875, 0.0, 144.5, 5.0, 216.375, 76.5, 134.125, 36.5, 59.03125, 173.125, 75.8125, 139.625, 163.625, 112.875, 115.3125, 167.375, 68.9375, 125.875, 168.625, 66.375, 68.0, 167.0, 28.859375, 165.5, 114.1875, 128.0, 98.6875, 62.09375, 89.125, 173.625, 106.5625, 73.25, 100.0625, 74.6875, 148.0, 137.5, 131.125, 141.125, 64.125, 198.0, 61.40625, 93.375, 146.375, 45.03125, 116.125, 102.6875, 34.71875, 207.5, 121.5, 129.625, 36.875, 109.875, 27.515625, 33.625, 157.75, 31.0625, 54.03125, 142.875, 144.625, 33.25, 138.25, 18.359375, 37.75, 84.3125, 185.25, 65.75, 46.3125, 56.59375, 70.5625, 35.375, 120.625, 62.40625, 77.1875, 95.5625, 148.25, 47.53125, 29.15625, 160.875, 128.0, 183.25, 44.9375, 103.9375, 91.25, 86.5, 108.25, 166.0, 56.34375, 70.6875, 85.875, 122.125, 146.0, 56.8125, 110.1875, 159.875, 158.875, 109.4375, 38.0, 182.75, 17.46875, 80.125, 149.0, 115.8125, 58.59375, 134.625, 129.625, 7.2109375, 161.0, 91.75, 107.5625, 73.5625, 116.25, 134.625], [80.4375, 123.25, 94.0, 96.8125, 116.3125, 171.375, 88.4375, 151.75, 81.8125, 161.0, 144.5, 0.0, 149.0, 121.0, 91.625, 127.125, 137.875, 121.3125, 60.8125, 90.75, 142.625, 28.65625, 137.25, 89.8125, 28.3125, 78.0, 118.9375, 67.0625, 92.0, 171.5, 129.875, 115.875, 104.375, 32.1875, 121.8125, 182.125, 132.875, 55.4375, 53.15625, 181.625, 89.5625, 49.75, 176.0, 164.375, 7.0703125, 174.875, 26.078125, 115.125, 120.0625, 89.6875, 87.8125, 52.1875, 155.625, 46.40625, 154.0, 112.5625, 117.625, 183.625, 199.5, 146.5, 94.25, 142.0, 174.125, 131.125, 169.0, 144.75, 16.765625, 112.1875, 175.375, 145.25, 139.0, 175.0, 149.875, 114.0, 120.1875, 155.875, 103.5625, 142.625, 174.875, 70.0625, 95.6875, 112.375, 50.0, 53.84375, 162.625, 154.375, 57.71875, 83.625, 87.125, 157.5, 87.8125, 67.8125, 58.21875, 74.0, 133.75, 104.1875, 180.0, 60.0, 58.0625, 74.4375, 172.5, 42.625, 134.25, 146.5, 46.0, 112.0, 129.25, 141.0, 65.25, 150.375, 123.9375, 90.0625, 96.5, 16.125, 138.0, 79.625, 72.375, 132.75, 166.0, 157.25, 198.625], [89.375, 28.84375, 59.03125, 54.09375, 97.625, 61.6875, 90.875, 3.162109375, 67.375, 26.078125, 5.0, 149.0, 0.0, 221.375, 78.9375, 138.75, 40.25, 63.53125, 178.0, 80.8125, 143.875, 168.25, 117.0625, 120.25, 172.0, 73.75, 130.5, 171.75, 71.375, 69.625, 171.625, 33.53125, 170.5, 118.4375, 132.625, 100.8125, 66.125, 93.5625, 178.5, 108.875, 78.25, 104.0, 76.25, 151.875, 141.875, 134.5, 145.0, 68.8125, 203.0, 64.75, 98.3125, 151.375, 42.4375, 119.6875, 106.1875, 38.21875, 212.5, 124.1875, 131.875, 35.125, 114.75, 26.421875, 31.390625, 162.375, 29.734375, 57.3125, 147.5, 149.375, 30.46875, 142.5, 18.390625, 36.25, 87.6875, 190.25, 70.25, 48.5, 61.5625, 74.125, 30.40625, 125.625, 65.125, 81.8125, 100.1875, 153.125, 49.03125, 26.015625, 164.125, 133.0, 188.25, 46.875, 108.875, 94.5625, 91.0, 113.25, 170.625, 58.6875, 71.6875, 90.5, 127.125, 151.0, 57.78125, 114.0625, 164.5, 163.25, 113.1875, 43.0, 187.625, 17.03125, 84.3125, 153.25, 120.3125, 63.5, 139.5, 134.0, 12.203125, 166.0, 94.8125, 111.8125, 75.8125, 119.875, 137.0], [132.375, 192.75, 164.75, 185.875, 134.125, 208.125, 199.5, 223.0, 170.0, 219.375, 216.375, 121.0, 221.375, 0.0, 197.875, 105.125, 190.0, 164.0, 60.21875, 140.625, 114.4375, 94.3125, 133.125, 102.625, 98.0625, 153.875, 106.625, 183.0, 150.125, 202.75, 74.0, 191.0, 55.375, 142.5, 106.75, 193.125, 169.125, 147.625, 68.375, 186.375, 143.125, 158.0, 203.375, 131.0, 123.4375, 158.25, 147.0, 157.0, 26.015625, 185.625, 123.375, 78.3125, 246.625, 163.875, 157.625, 196.875, 10.1953125, 177.0, 191.5, 235.875, 109.0625, 227.75, 233.5, 85.125, 227.125, 184.25, 106.5, 83.25, 236.625, 118.4375, 220.625, 230.625, 167.625, 37.46875, 158.25, 200.0, 159.875, 171.0, 251.75, 96.1875, 195.0, 145.25, 138.25, 76.0625, 206.625, 238.25, 175.125, 88.8125, 36.25, 202.75, 113.25, 177.125, 147.625, 108.3125, 79.0, 202.0, 211.5, 143.75, 97.4375, 70.6875, 212.0, 156.0, 86.0, 100.125, 160.125, 178.5, 55.3125, 222.0, 160.375, 114.0, 119.5625, 160.5, 85.4375, 132.0, 209.25, 55.90625, 183.0, 133.75, 192.375, 150.125, 186.125], [83.0, 67.1875, 59.46875, 33.0, 117.6875, 128.75, 12.203125, 82.0625, 37.46875, 101.375, 76.5, 91.625, 78.9375, 197.875, 0.0, 152.125, 93.4375, 96.125, 141.625, 83.875, 164.0, 118.25, 143.875, 117.4375, 119.5, 56.15625, 142.125, 94.5, 74.75, 133.75, 174.375, 57.28125, 160.125, 60.21875, 145.125, 158.5, 107.0625, 50.6875, 137.625, 163.125, 79.875, 42.4375, 140.125, 180.375, 85.4375, 175.375, 77.25, 95.0625, 187.5, 21.9375, 98.0, 119.5625, 68.0625, 49.03125, 146.5, 43.59375, 191.375, 173.5, 186.125, 61.0625, 116.0625, 60.40625, 110.0625, 169.375, 107.375, 109.8125, 98.3125, 150.875, 109.375, 164.5, 62.375, 114.0625, 132.375, 177.125, 100.3125, 111.75, 77.25, 119.1875, 95.4375, 109.375, 14.8671875, 103.1875, 60.0, 121.8125, 116.1875, 72.125, 88.0, 123.375, 161.625, 111.8125, 107.0625, 23.859375, 51.53125, 101.25, 175.875, 20.25, 139.375, 56.75, 103.125, 131.375, 126.875, 49.09375, 172.25, 178.0, 46.15625, 66.875, 183.625, 64.3125, 38.59375, 173.875, 138.125, 60.15625, 135.5, 75.625, 73.0625, 144.125, 20.25, 137.75, 134.5, 156.875, 188.875], [69.25, 114.0, 96.875, 125.5625, 41.15625, 108.0, 159.875, 139.25, 115.0, 128.0, 134.125, 127.125, 138.75, 105.125, 152.125, 0.0, 100.125, 75.1875, 98.625, 69.1875, 15.5546875, 119.8125, 28.640625, 38.90625, 126.1875, 96.0625, 10.046875, 190.875, 79.5, 101.25, 35.8125, 117.0625, 51.03125, 123.5, 7.0, 88.0625, 74.8125, 108.1875, 106.875, 81.1875, 73.1875, 128.75, 100.75, 37.53125, 123.625, 56.28125, 147.0, 70.25, 80.0625, 132.0, 54.21875, 81.625, 174.625, 145.0, 52.8125, 129.125, 94.9375, 73.0, 88.375, 164.125, 37.375, 154.375, 141.0, 24.765625, 134.75, 88.4375, 111.8125, 23.09375, 144.75, 18.59375, 145.0, 136.5, 65.1875, 67.6875, 68.5, 103.9375, 82.6875, 72.1875, 167.875, 57.1875, 142.0, 57.375, 101.8125, 81.25, 109.6875, 161.625, 181.0, 43.84375, 86.6875, 106.75, 46.3125, 141.625, 105.5625, 56.875, 33.25, 145.5, 109.4375, 99.25, 69.1875, 60.40625, 112.625, 133.875, 26.25, 26.171875, 137.25, 101.8125, 55.0625, 145.75, 116.375, 23.703125, 18.59375, 94.4375, 32.4375, 125.375, 127.9375, 68.0, 147.375, 30.8125, 90.1875, 45.1875, 84.1875], [63.5625, 26.921875, 44.9375, 60.8125, 59.65625, 36.34375, 105.375, 40.15625, 65.375, 29.40625, 36.5, 137.875, 40.25, 190.0, 93.4375, 100.125, 0.0, 26.25, 153.75, 52.875, 104.1875, 151.375, 77.0625, 87.375, 156.125, 60.40625, 92.625, 175.75, 47.15625, 40.3125, 134.375, 36.40625, 136.625, 111.8125, 94.375, 66.625, 26.0, 84.875, 156.25, 73.0625, 51.96875, 102.1875, 46.6875, 111.5625, 131.0, 95.0, 141.125, 33.0, 169.5, 72.9375, 67.5625, 126.9375, 81.125, 120.75, 66.25, 51.3125, 180.625, 86.6875, 96.4375, 72.0, 81.0, 62.0625, 43.5625, 124.375, 37.21875, 18.4375, 132.0, 113.125, 46.625, 102.5625, 52.09375, 41.21875, 48.0, 156.5, 32.53125, 19.234375, 35.125, 34.125, 68.0, 97.3125, 78.625, 45.34375, 88.125, 128.5, 25.296875, 65.625, 166.875, 101.375, 159.25, 20.25, 77.0, 100.125, 81.5, 84.875, 132.75, 76.0, 46.625, 78.25, 101.9375, 121.625, 35.84375, 112.1875, 126.25, 123.9375, 112.8125, 28.65625, 151.375, 52.0, 80.625, 113.3125, 81.5625, 48.28125, 105.4375, 125.125, 32.0, 136.375, 102.8125, 72.0, 41.6875, 79.75, 100.6875], [42.09375, 40.4375, 37.8125, 63.6875, 34.125, 51.03125, 107.0625, 64.125, 61.40625, 55.59375, 59.03125, 121.3125, 63.53125, 164.0, 96.125, 75.1875, 26.25, 0.0, 130.0, 31.140625, 80.9375, 131.125, 54.90625, 61.40625, 136.5, 49.21875, 67.125, 167.25, 29.96875, 50.21875, 108.625, 46.03125, 110.4375, 99.3125, 69.125, 65.1875, 12.203125, 73.25, 133.375, 68.125, 31.78125, 93.4375, 54.71875, 91.375, 114.8125, 80.25, 128.75, 7.28125, 143.25, 74.25, 42.71875, 103.5625, 100.875, 112.625, 50.96875, 60.53125, 154.5, 77.4375, 90.4375, 90.8125, 54.90625, 80.8125, 69.625, 99.0, 63.25, 24.015625, 113.125, 87.0625, 72.8125, 79.8125, 71.0625, 66.75, 36.34375, 130.25, 6.70703125, 37.84375, 20.515625, 24.046875, 92.9375, 72.8125, 82.4375, 19.109375, 73.8125, 104.9375, 44.90625, 87.0, 157.875, 75.5625, 133.875, 40.25, 51.46875, 96.4375, 69.625, 60.625, 107.3125, 82.5625, 58.84375, 64.875, 78.75, 96.375, 53.09375, 102.625, 101.0, 99.9375, 104.1875, 31.40625, 125.3125, 71.5625, 72.9375, 90.5, 56.8125, 38.90625, 79.1875, 110.5, 52.9375, 111.0, 100.4375, 49.25, 45.1875, 62.65625, 92.8125], [90.5, 149.375, 119.0625, 134.875, 109.0, 179.875, 141.875, 180.25, 118.4375, 181.875, 173.125, 60.8125, 178.0, 60.21875, 141.625, 98.625, 153.75, 130.0, 0.0, 100.875, 113.1875, 35.21875, 119.875, 74.0625, 40.03125, 105.375, 94.25, 124.375, 108.0625, 176.875, 85.5625, 145.25, 56.5625, 83.625, 96.125, 176.625, 138.625, 93.375, 10.296875, 172.625, 102.1875, 100.1875, 179.375, 134.625, 63.3125, 154.375, 86.8125, 122.8125, 61.625, 132.25, 87.5, 26.921875, 196.625, 104.1875, 142.5, 148.0, 57.03125, 168.75, 184.875, 186.375, 81.0, 179.375, 196.125, 91.375, 190.125, 153.375, 46.5, 76.9375, 198.5, 116.75, 173.625, 194.75, 146.0, 58.59375, 125.9375, 167.875, 119.625, 144.375, 207.5, 57.5625, 140.875, 114.0, 84.125, 25.296875, 175.0, 190.875, 116.0625, 60.40625, 27.453125, 170.25, 80.3125, 119.5625, 94.0625, 69.4375, 90.625, 148.5, 185.875, 91.5625, 51.875, 39.0625, 182.625, 97.0625, 94.0, 108.8125, 101.0625, 135.5, 77.9375, 175.25, 106.125, 117.8125, 104.5625, 114.625, 67.0625, 72.125, 166.0, 31.625, 125.1875, 117.6875, 168.25, 140.125, 181.625], [11.0, 52.3125, 28.15625, 56.4375, 34.53125, 82.125, 92.625, 82.4375, 46.375, 81.125, 75.8125, 90.75, 80.8125, 140.625, 83.875, 69.1875, 52.875, 31.140625, 100.875, 0.0, 80.25, 100.0625, 60.75, 40.5, 105.3125, 28.15625, 59.3125, 141.0, 10.7734375, 81.1875, 96.1875, 51.875, 90.4375, 71.375, 62.1875, 92.3125, 42.1875, 47.5, 103.375, 93.0, 4.0, 69.0, 85.375, 96.75, 84.5, 95.1875, 100.375, 24.515625, 122.5, 63.0625, 18.03125, 74.0625, 109.75, 87.875, 68.75, 61.46875, 131.75, 98.3125, 113.1875, 99.0, 36.25, 89.875, 95.4375, 89.0, 89.3125, 55.15625, 82.0625, 72.625, 98.0, 80.625, 81.625, 93.9375, 60.46875, 110.0, 29.40625, 68.1875, 19.421875, 52.0, 111.1875, 45.28125, 73.0, 23.34375, 45.59375, 75.5625, 75.25, 99.1875, 131.25, 52.34375, 107.9375, 70.375, 28.84375, 76.9375, 44.03125, 32.75, 96.4375, 76.3125, 89.9375, 38.21875, 49.03125, 70.4375, 84.0, 77.125, 91.6875, 95.3125, 79.375, 38.21875, 109.6875, 82.8125, 51.4375, 90.1875, 54.34375, 25.3125, 60.21875, 80.9375, 68.6875, 85.4375, 82.0625, 54.78125, 75.3125, 76.3125, 113.875], [81.8125, 121.0625, 107.0, 136.0, 48.5, 106.75, 172.25, 144.125, 126.5625, 130.75, 139.625, 142.625, 143.875, 114.4375, 164.0, 15.5546875, 104.1875, 80.9375, 113.1875, 80.25, 0.0, 135.25, 27.453125, 53.84375, 141.625, 107.9375, 24.1875, 206.125, 90.0, 99.1875, 41.21875, 125.125, 62.65625, 138.25, 21.09375, 81.4375, 78.25, 121.75, 121.6875, 73.375, 84.1875, 142.625, 97.625, 22.015625, 139.0, 44.0, 162.25, 77.125, 88.6875, 143.25, 66.9375, 97.0, 181.75, 159.375, 48.0, 138.0, 104.3125, 62.65625, 77.0625, 171.5, 51.46875, 161.5, 142.875, 29.609375, 136.75, 90.4375, 127.375, 36.40625, 146.75, 4.0, 151.875, 137.75, 63.65625, 77.125, 74.3125, 105.1875, 91.5625, 73.25, 172.125, 72.625, 153.125, 64.9375, 115.875, 96.625, 110.25, 167.875, 196.125, 59.40625, 99.4375, 108.0, 60.15625, 154.75, 118.9375, 71.5625, 37.0, 156.0, 106.6875, 112.625, 84.625, 75.5, 111.75, 148.25, 29.40625, 20.515625, 151.5, 109.8125, 61.125, 152.5, 129.25, 10.0, 26.0, 105.0, 47.8125, 140.625, 133.75, 82.0625, 160.375, 32.1875, 87.875, 37.15625, 72.0625], [89.0625, 140.875, 110.4375, 118.9375, 118.625, 182.25, 116.125, 170.875, 102.9375, 177.125, 163.625, 28.65625, 168.25, 94.3125, 118.25, 119.8125, 151.375, 131.125, 35.21875, 100.0625, 135.25, 0.0, 135.5, 86.75, 6.40234375, 94.8125, 113.1875, 89.1875, 104.1875, 180.875, 114.875, 134.75, 86.9375, 58.0625, 115.6875, 186.875, 141.75, 76.0625, 26.015625, 184.625, 100.0, 75.8125, 184.625, 157.25, 33.40625, 172.375, 53.4375, 124.3125, 96.6875, 113.5625, 92.0, 38.28125, 179.75, 74.875, 155.5, 133.875, 92.0, 184.0, 200.125, 170.125, 92.6875, 164.625, 190.875, 118.4375, 185.25, 155.25, 21.03125, 101.125, 192.625, 138.375, 160.5, 190.75, 154.75, 92.625, 128.625, 168.0, 116.1875, 149.875, 195.875, 66.6875, 120.6875, 118.6875, 68.375, 38.90625, 175.0, 176.75, 81.0, 76.5625, 62.65625, 170.0, 88.5625, 94.75, 78.0, 75.0, 119.375, 129.0, 189.75, 77.8125, 55.96875, 60.8125, 184.0, 70.0625, 121.375, 135.125, 73.75, 128.25, 110.5, 162.25, 87.6875, 141.625, 120.8125, 106.125, 87.4375, 43.28125, 156.75, 60.90625, 99.75, 132.0, 174.0, 156.125, 198.125], [65.375, 95.375, 85.0, 113.875, 26.25, 80.125, 153.125, 117.1875, 106.5, 103.25, 112.875, 137.25, 117.0625, 133.125, 143.875, 28.640625, 77.0625, 54.90625, 119.875, 60.75, 27.453125, 135.5, 0.0, 48.75, 141.75, 88.875, 27.078125, 196.5, 69.125, 73.0, 64.125, 100.3125, 78.25, 126.8125, 26.46875, 60.03125, 51.09375, 106.5625, 126.9375, 54.03125, 64.5, 128.125, 72.1875, 37.0625, 132.5, 37.65625, 153.5, 52.09375, 108.4375, 122.375, 52.1875, 98.8125, 155.75, 146.125, 24.515625, 114.0, 123.0, 49.03125, 65.125, 145.75, 43.28125, 135.75, 115.4375, 52.6875, 109.3125, 62.96875, 123.6875, 50.0, 119.25, 25.5, 125.9375, 110.4375, 37.0, 95.875, 48.5, 77.8125, 68.1875, 45.8125, 144.875, 68.9375, 131.875, 41.1875, 102.3125, 99.0, 83.0, 141.5, 186.5, 60.09375, 112.0, 80.625, 49.59375, 137.625, 103.375, 63.25, 61.03125, 133.75, 81.0, 97.125, 80.4375, 80.8125, 84.9375, 135.125, 53.59375, 47.8125, 137.875, 85.125, 83.625, 126.375, 112.0, 36.25, 15.296875, 83.75, 53.34375, 132.25, 107.25, 91.375, 142.75, 6.08203125, 61.84375, 20.609375, 62.65625], [35.75, 92.3125, 68.0, 94.5625, 35.0625, 107.9375, 124.0, 121.625, 81.5625, 116.75, 115.3125, 89.8125, 120.25, 102.625, 117.4375, 38.90625, 87.375, 61.40625, 74.0625, 40.5, 53.84375, 86.75, 48.75, 0.0, 93.0, 62.59375, 29.6875, 152.25, 51.09375, 103.9375, 57.28125, 92.375, 50.25, 84.5625, 32.75, 102.6875, 67.4375, 70.5625, 79.875, 99.25, 43.90625, 90.5, 105.9375, 75.0, 85.6875, 86.0, 108.4375, 54.375, 82.75, 98.8125, 22.46875, 50.6875, 150.25, 106.3125, 69.375, 101.5, 93.25, 97.3125, 113.4375, 139.375, 7.0703125, 130.375, 130.875, 52.0, 124.5625, 82.625, 75.4375, 33.53125, 134.0, 56.03125, 122.0625, 128.125, 72.0, 70.0, 55.90625, 98.0625, 58.90625, 71.375, 150.625, 20.25, 109.0625, 42.96875, 63.5625, 51.1875, 104.9375, 139.625, 142.25, 14.5625, 73.0625, 100.75, 11.6640625, 104.5, 68.25, 18.03125, 58.40625, 113.75, 113.0, 62.125, 32.0, 36.5, 111.3125, 95.1875, 55.0, 62.59375, 98.6875, 78.4375, 69.3125, 123.25, 80.0, 62.625, 34.40625, 64.5, 19.71875, 86.8125, 108.3125, 50.28125, 110.375, 45.3125, 94.75, 69.3125, 111.375], [94.3125, 144.875, 114.5625, 121.875, 124.625, 187.5, 116.6875, 174.625, 106.0625, 181.5, 167.375, 28.3125, 172.0, 98.0625, 119.5, 126.1875, 156.125, 136.5, 40.03125, 105.3125, 141.625, 6.40234375, 141.75, 93.0, 0.0, 98.8125, 119.5625, 85.0, 109.0, 186.25, 121.0, 138.5, 92.9375, 59.40625, 122.0625, 192.75, 147.125, 79.125, 30.265625, 190.75, 105.0625, 77.1875, 190.125, 163.625, 34.0625, 178.75, 51.46875, 129.625, 101.625, 115.875, 97.75, 44.6875, 182.125, 74.625, 161.5, 137.0, 96.25, 190.125, 206.375, 172.625, 98.875, 167.375, 195.125, 124.75, 189.625, 160.5, 24.515625, 107.5, 196.75, 144.75, 163.625, 195.25, 160.625, 98.0625, 134.125, 173.0, 121.0625, 155.5, 199.25, 72.9375, 122.625, 124.3125, 71.8125, 45.28125, 180.0, 179.625, 77.1875, 82.9375, 67.4375, 175.0, 94.5625, 95.75, 81.25, 80.9375, 125.625, 131.0, 195.125, 81.5, 62.03125, 67.1875, 189.125, 70.75, 127.6875, 141.5, 74.25, 132.5, 116.25, 165.5, 90.375, 148.125, 127.125, 110.3125, 93.875, 43.9375, 160.5, 66.875, 100.5, 138.25, 179.5, 162.375, 204.375], [27.171875, 46.09375, 16.0, 32.65625, 62.625, 95.5, 64.5625, 76.1875, 19.109375, 83.125, 68.9375, 78.0, 73.75, 153.875, 56.15625, 96.0625, 60.40625, 49.21875, 105.375, 28.15625, 107.9375, 94.8125, 88.875, 62.59375, 98.8125, 0.0, 86.0, 118.125, 20.8125, 97.0625, 119.875, 40.3125, 109.125, 51.53125, 89.0625, 114.3125, 61.40625, 24.703125, 105.125, 116.6875, 24.359375, 44.21875, 102.4375, 124.9375, 71.0625, 122.5625, 81.0, 45.25, 139.25, 36.34375, 42.0625, 79.1875, 92.6875, 63.40625, 95.125, 43.125, 146.0, 124.0, 138.25, 82.0625, 60.40625, 74.4375, 96.5, 114.0, 91.1875, 70.1875, 74.3125, 96.125, 98.0, 108.5, 68.25, 97.0625, 84.1875, 127.625, 50.90625, 79.125, 28.84375, 73.125, 102.4375, 58.84375, 46.53125, 49.75, 28.015625, 81.1875, 85.625, 85.625, 108.75, 70.75, 118.8125, 80.5, 51.625, 49.25, 21.1875, 48.34375, 120.8125, 51.25, 104.9375, 18.03125, 56.59375, 83.625, 95.875, 53.53125, 116.8125, 122.0, 55.0, 34.0, 131.0, 69.875, 24.203125, 117.8125, 82.1875, 12.1640625, 81.625, 64.75, 61.96875, 98.0625, 54.125, 82.875, 93.8125, 103.75, 139.625], [59.21875, 105.1875, 87.125, 115.75, 33.0, 103.25, 149.875, 131.25, 105.0, 121.0625, 125.875, 118.9375, 130.5, 106.625, 142.125, 10.046875, 92.625, 67.125, 94.25, 59.3125, 24.1875, 113.1875, 27.078125, 29.6875, 119.5625, 86.0, 0.0, 182.0, 69.75, 97.0625, 41.78125, 107.8125, 51.40625, 114.0625, 3.162109375, 87.0, 67.875, 98.25, 101.9375, 81.125, 63.28125, 118.875, 97.1875, 45.46875, 115.125, 60.15625, 138.125, 61.78125, 82.4375, 122.0625, 44.1875, 75.3125, 165.625, 135.375, 51.46875, 119.5625, 96.4375, 74.9375, 90.8125, 155.125, 27.515625, 145.375, 134.375, 31.90625, 128.0, 82.125, 103.9375, 23.40625, 137.875, 26.40625, 136.125, 130.125, 61.3125, 69.625, 60.46875, 97.8125, 73.375, 66.625, 160.0, 48.84375, 132.125, 48.75, 92.0, 75.1875, 103.875, 153.0, 172.0, 36.625, 85.0, 100.6875, 36.40625, 131.625, 95.5625, 47.40625, 40.21875, 135.625, 105.5625, 89.25, 60.875, 55.375, 107.625, 124.25, 34.0, 36.0625, 127.5625, 92.6875, 59.8125, 137.0, 106.375, 33.25, 13.0, 84.5625, 27.203125, 116.5, 119.5, 64.75, 137.25, 27.203125, 86.3125, 46.375, 87.375], [133.0, 153.625, 131.75, 118.875, 172.625, 212.0, 84.0625, 174.875, 110.5, 191.375, 168.625, 67.0625, 171.75, 183.0, 94.5, 190.875, 175.75, 167.25, 124.375, 141.0, 206.125, 89.1875, 196.5, 152.25, 85.0, 118.125, 182.0, 0.0, 137.75, 214.625, 196.625, 144.0, 171.5, 70.0, 185.0, 232.25, 179.5, 94.1875, 115.125, 233.75, 138.375, 74.125, 220.25, 227.125, 68.5625, 233.75, 43.90625, 162.75, 185.5, 107.25, 144.5, 119.25, 161.0, 55.0625, 209.375, 133.875, 181.125, 239.125, 254.25, 155.125, 155.375, 154.875, 201.875, 197.25, 198.25, 188.0, 83.8125, 178.0, 201.875, 208.25, 156.375, 204.875, 201.125, 180.375, 168.375, 195.0, 147.0, 191.0, 190.0, 134.0, 106.875, 164.375, 95.5, 120.875, 200.875, 166.625, 10.0, 148.5, 151.75, 195.875, 147.625, 77.5, 97.8125, 134.875, 200.375, 114.25, 222.0, 103.0625, 122.1875, 141.375, 211.5, 64.625, 200.5, 212.0, 63.28125, 147.125, 196.25, 158.375, 95.375, 214.5, 184.75, 129.375, 161.875, 65.5, 163.875, 146.5, 76.875, 191.375, 211.875, 215.125, 254.625], [18.03125, 42.625, 17.46875, 46.09375, 42.96875, 79.4375, 84.125, 73.25, 37.375, 74.0625, 66.375, 92.0, 71.375, 150.125, 74.75, 79.5, 47.15625, 29.96875, 108.0625, 10.7734375, 90.0, 104.1875, 69.125, 51.09375, 109.0, 20.8125, 69.75, 137.75, 0.0, 79.6875, 107.0, 41.40625, 100.8125, 69.375, 72.5625, 94.375, 42.0625, 43.59375, 109.75, 96.25, 7.2109375, 64.375, 84.5, 105.75, 85.375, 101.9375, 98.8125, 25.0, 132.625, 53.46875, 28.65625, 81.125, 99.125, 83.5625, 74.3125, 50.6875, 141.5, 103.25, 117.5, 88.3125, 47.0, 79.3125, 88.25, 99.75, 82.25, 52.875, 85.0625, 83.375, 90.5, 90.1875, 71.1875, 87.3125, 63.65625, 120.25, 30.609375, 64.1875, 12.0390625, 53.25, 101.6875, 54.21875, 63.1875, 29.0625, 43.875, 82.875, 71.125, 88.875, 128.25, 62.46875, 116.8125, 66.0625, 39.4375, 70.0, 40.0, 41.875, 107.1875, 66.0625, 88.0625, 35.0, 56.375, 79.625, 80.625, 73.25, 102.375, 105.6875, 75.0625, 28.421875, 120.375, 72.5, 45.0, 100.0, 64.0, 15.0, 70.8125, 80.625, 59.1875, 94.625, 74.6875, 63.0625, 75.125, 83.1875, 118.875], [92.0625, 66.6875, 82.875, 101.125, 69.375, 9.21875, 145.625, 67.9375, 104.875, 45.28125, 68.0, 171.5, 69.625, 202.75, 133.75, 101.25, 40.3125, 50.21875, 176.875, 81.1875, 99.1875, 180.875, 73.0, 103.9375, 186.25, 97.0625, 97.0625, 214.625, 79.6875, 0.0, 137.0, 76.5, 147.5, 148.375, 97.625, 32.0, 39.21875, 121.75, 181.125, 41.3125, 82.0, 140.5, 6.70703125, 98.25, 165.0, 73.4375, 177.875, 56.71875, 179.375, 113.1875, 90.0, 151.125, 111.8125, 159.5, 51.65625, 91.0625, 192.75, 58.25, 63.0625, 104.6875, 96.875, 95.5, 51.625, 125.6875, 47.09375, 26.921875, 163.25, 120.3125, 55.71875, 96.1875, 86.1875, 44.90625, 36.0625, 166.375, 52.25, 22.46875, 68.6875, 32.5625, 88.0625, 119.3125, 118.875, 63.03125, 123.375, 152.25, 20.609375, 95.125, 205.375, 118.4375, 176.625, 23.265625, 96.5, 140.0, 118.1875, 108.0625, 134.0, 115.875, 9.0546875, 114.0, 127.0, 140.375, 14.5625, 150.25, 126.625, 119.625, 151.375, 68.4375, 156.25, 85.4375, 119.1875, 106.0625, 84.125, 85.4375, 117.9375, 160.375, 66.625, 154.0, 142.875, 70.5, 11.3125, 64.8125, 69.0], [92.875, 145.5, 124.3125, 151.625, 74.625, 143.75, 180.375, 172.5, 138.875, 162.875, 167.0, 129.875, 171.625, 74.0, 174.375, 35.8125, 134.375, 108.625, 85.5625, 96.1875, 41.21875, 114.875, 64.125, 57.28125, 121.0, 119.875, 41.78125, 196.625, 107.0, 137.0, 0.0, 147.125, 29.0625, 135.0, 40.3125, 122.1875, 109.6875, 126.0625, 95.4375, 114.5, 99.9375, 144.25, 136.375, 57.125, 128.125, 84.5, 153.375, 102.875, 48.0, 156.125, 78.75, 78.3125, 205.25, 157.875, 87.6875, 157.625, 64.0, 103.75, 117.75, 194.625, 60.09375, 185.125, 176.125, 11.703125, 169.75, 123.75, 113.1875, 23.765625, 179.75, 45.125, 176.25, 171.875, 100.9375, 37.46875, 102.0, 139.375, 112.6875, 107.8125, 201.5, 67.1875, 166.25, 89.875, 118.0, 77.0, 145.25, 193.375, 187.0, 52.03125, 65.375, 142.25, 68.4375, 160.0, 124.125, 73.25, 5.38671875, 171.0, 145.125, 118.25, 77.125, 55.46875, 148.375, 147.25, 12.0390625, 26.46875, 151.125, 132.375, 19.921875, 177.125, 136.5, 40.0, 53.8125, 121.125, 39.0625, 132.625, 160.375, 54.5625, 166.0, 66.625, 125.9375, 78.125, 112.1875], [58.71875, 10.0, 26.40625, 25.546875, 76.6875, 71.5, 69.375, 36.125, 35.125, 47.53125, 28.859375, 115.875, 33.53125, 191.0, 57.28125, 117.0625, 36.40625, 46.03125, 145.25, 51.875, 125.125, 134.75, 100.3125, 92.375, 138.5, 40.3125, 107.8125, 144.0, 41.40625, 76.5, 147.125, 0.0, 142.25, 86.0, 110.375, 102.5625, 54.34375, 60.40625, 145.375, 108.25, 48.59375, 72.8125, 83.0, 137.125, 108.75, 125.75, 113.625, 48.25, 174.0, 37.75, 69.875, 118.75, 58.125, 90.0, 96.3125, 15.234375, 182.5, 120.5, 131.625, 47.4375, 87.8125, 38.09375, 59.3125, 139.125, 54.90625, 53.71875, 114.0, 123.875, 60.03125, 124.4375, 29.828125, 61.40625, 79.8125, 161.625, 52.0, 54.4375, 34.53125, 65.8125, 62.25, 94.75, 42.4375, 60.21875, 66.6875, 120.625, 59.03125, 47.5, 135.625, 103.875, 156.875, 54.5625, 80.6875, 66.6875, 57.71875, 82.75, 146.875, 39.65625, 82.0625, 57.0, 95.0, 120.25, 69.8125, 83.0, 141.5, 142.875, 82.75, 15.296875, 161.375, 31.140625, 52.09375, 135.0, 99.6875, 30.8125, 112.0625, 101.1875, 22.203125, 135.125, 68.5, 94.4375, 77.9375, 108.5625, 135.25], [84.0625, 142.5, 117.0625, 141.75, 79.25, 153.0, 164.5, 171.875, 127.25, 166.0, 165.5, 104.375, 170.5, 55.375, 160.125, 51.03125, 136.625, 110.4375, 56.5625, 90.4375, 62.65625, 86.9375, 78.25, 50.25, 92.9375, 109.125, 51.40625, 171.5, 100.8125, 147.5, 29.0625, 142.25, 0.0, 114.0, 51.78125, 138.25, 114.5625, 109.875, 66.5, 132.0, 93.625, 125.6875, 148.0, 82.25, 103.5625, 106.5, 129.125, 103.6875, 32.8125, 144.125, 72.5, 52.1875, 199.75, 137.0, 102.75, 150.375, 45.3125, 124.0, 139.125, 188.875, 55.90625, 180.125, 180.0, 36.25, 173.625, 129.625, 87.625, 28.28125, 183.25, 66.625, 172.0, 176.75, 112.25, 19.84375, 104.375, 145.375, 109.125, 115.8125, 200.875, 50.90625, 154.125, 91.375, 101.0, 50.59375, 152.0, 189.625, 162.125, 38.59375, 37.34375, 148.25, 61.71875, 143.0, 108.6875, 60.8125, 34.21875, 159.875, 156.125, 103.4375, 57.71875, 31.0625, 157.0, 127.0625, 38.46875, 53.65625, 131.0, 128.5, 25.171875, 173.25, 121.5625, 64.875, 64.3125, 113.1875, 31.234375, 109.1875, 158.5, 26.078125, 149.125, 78.5625, 137.0, 96.1875, 134.5], [62.96875, 94.1875, 66.9375, 65.3125, 102.5625, 147.0, 58.59375, 121.3125, 51.09375, 132.5, 114.1875, 32.1875, 118.4375, 142.5, 60.21875, 123.5, 111.8125, 99.3125, 83.625, 71.375, 138.25, 58.0625, 126.8125, 84.5625, 59.40625, 51.53125, 114.0625, 70.0, 69.375, 148.375, 135.0, 86.0, 114.0, 0.0, 117.1875, 163.375, 111.4375, 26.921875, 78.5, 164.375, 69.0625, 17.796875, 153.5, 158.625, 25.546875, 163.75, 29.546875, 94.125, 136.25, 57.59375, 74.625, 65.5, 123.5, 23.015625, 139.375, 81.1875, 137.25, 169.125, 184.375, 114.375, 86.8125, 110.0625, 145.125, 133.375, 140.375, 121.4375, 38.40625, 113.75, 146.0, 140.125, 107.5, 146.625, 131.875, 127.75, 99.625, 130.625, 79.6875, 122.4375, 143.375, 68.4375, 63.53125, 94.625, 25.8125, 67.6875, 137.125, 122.4375, 60.09375, 83.6875, 106.5625, 132.0, 78.5625, 36.78125, 30.359375, 66.625, 137.875, 72.0, 156.375, 34.4375, 57.875, 83.0, 147.375, 13.6015625, 136.5, 146.5, 17.71875, 84.375, 139.0, 109.4375, 34.125, 147.125, 115.6875, 63.59375, 97.25, 16.15625, 108.0625, 92.9375, 42.0, 121.5, 144.5, 145.125, 184.625], [62.28125, 107.5625, 89.9375, 118.625, 35.0, 104.0, 153.0, 133.25, 108.0, 122.6875, 128.0, 121.8125, 132.625, 106.75, 145.125, 7.0, 94.375, 69.125, 96.125, 62.1875, 21.09375, 115.6875, 26.46875, 32.75, 122.0625, 89.0625, 3.162109375, 185.0, 72.5625, 97.625, 40.3125, 110.375, 51.78125, 117.1875, 0.0, 86.5, 69.4375, 101.375, 104.0, 80.3125, 66.1875, 122.0625, 97.5, 42.53125, 118.0625, 58.1875, 141.125, 63.9375, 82.25, 125.0, 47.25, 77.6875, 168.125, 138.5, 51.0, 122.25, 96.5625, 73.5625, 89.25, 157.5, 30.671875, 147.875, 135.875, 30.0, 129.5, 83.4375, 106.75, 23.53125, 139.5, 23.4375, 138.5, 131.5, 61.71875, 69.5625, 62.4375, 99.0625, 75.9375, 67.625, 162.0, 51.75, 135.0, 51.0, 95.1875, 77.5, 105.0, 155.25, 175.0, 39.21875, 86.0625, 101.9375, 39.5625, 134.75, 98.6875, 50.53125, 38.40625, 138.5, 106.0, 92.4375, 63.78125, 57.375, 108.4375, 127.375, 31.90625, 33.125, 130.75, 95.1875, 58.8125, 139.375, 109.5, 30.078125, 13.6015625, 87.4375, 29.15625, 119.5625, 121.625, 66.3125, 140.375, 27.3125, 86.75, 45.09375, 85.625], [101.9375, 93.5, 102.5625, 125.4375, 68.4375, 41.0625, 170.0, 99.3125, 125.9375, 77.1875, 98.6875, 182.125, 100.8125, 193.125, 158.5, 88.0625, 66.625, 65.1875, 176.625, 92.3125, 81.4375, 186.875, 60.03125, 102.6875, 192.75, 114.3125, 87.0, 232.25, 94.375, 32.0, 122.1875, 102.5625, 138.25, 163.375, 86.5, 0.0, 53.0625, 138.0, 182.625, 10.296875, 94.3125, 158.5, 26.171875, 74.5, 176.25, 46.09375, 192.625, 69.375, 168.125, 137.0, 95.1875, 153.0, 143.25, 177.75, 35.5, 117.75, 182.875, 27.734375, 31.140625, 135.625, 95.875, 126.125, 83.375, 110.5, 79.0625, 48.875, 171.5, 110.0, 87.4375, 77.8125, 116.5, 76.5, 32.3125, 155.75, 63.8125, 52.40625, 85.6875, 41.21875, 120.0625, 121.1875, 144.0, 69.75, 137.625, 153.75, 52.25, 126.5625, 222.625, 116.25, 171.375, 53.9375, 98.5, 161.25, 134.375, 111.8125, 118.3125, 142.125, 34.21875, 129.25, 131.0, 138.125, 46.1875, 167.625, 110.6875, 100.75, 169.25, 91.625, 142.125, 115.9375, 138.125, 86.0625, 74.4375, 104.0, 112.125, 173.125, 96.4375, 150.0, 165.0, 60.21875, 25.296875, 44.28125, 37.0625], [52.9375, 47.15625, 49.59375, 74.25, 35.59375, 41.3125, 118.1875, 66.125, 73.125, 53.25, 62.09375, 132.875, 66.125, 169.125, 107.0625, 74.8125, 26.0, 12.203125, 138.625, 42.1875, 78.25, 141.75, 51.09375, 67.4375, 147.125, 61.40625, 67.875, 179.5, 42.0625, 39.21875, 109.6875, 54.34375, 114.5625, 111.4375, 69.4375, 53.0625, 0.0, 85.4375, 142.5, 56.40625, 43.3125, 105.625, 43.1875, 85.9375, 126.5, 71.5625, 140.875, 17.71875, 147.25, 85.25, 51.25, 112.5625, 105.9375, 124.8125, 42.1875, 69.375, 159.375, 66.6875, 79.0625, 96.3125, 60.53125, 86.3125, 66.4375, 99.375, 60.09375, 15.234375, 124.125, 89.5, 70.0625, 76.5625, 76.3125, 62.46875, 25.625, 134.25, 13.0390625, 30.890625, 32.65625, 12.203125, 93.9375, 81.0625, 93.0, 24.734375, 85.875, 113.75, 37.5625, 91.0, 170.0, 81.9375, 140.5, 33.625, 58.6875, 108.3125, 81.8125, 69.375, 107.8125, 92.5, 48.09375, 77.0, 88.0625, 103.4375, 44.15625, 114.875, 101.0625, 98.125, 116.375, 40.84375, 127.375, 76.5, 85.0625, 87.3125, 56.21875, 50.9375, 83.75, 122.375, 56.875, 117.625, 112.1875, 46.0625, 33.25, 55.0, 81.8125], [41.1875, 68.0, 40.03125, 42.9375, 81.0, 120.1875, 54.75, 96.3125, 26.921875, 106.125, 89.125, 55.4375, 93.5625, 147.625, 50.6875, 108.1875, 84.875, 73.25, 93.375, 47.5, 121.75, 76.0625, 106.5625, 70.5625, 79.125, 24.703125, 98.25, 94.1875, 43.59375, 121.75, 126.0625, 60.40625, 109.875, 26.921875, 101.375, 138.0, 85.4375, 0.0, 90.9375, 139.75, 44.5625, 21.640625, 127.0, 140.75, 48.375, 142.25, 56.3125, 68.625, 136.875, 38.90625, 55.15625, 69.625, 104.3125, 40.375, 116.25, 57.9375, 141.0, 145.75, 160.5, 94.3125, 70.8125, 88.5625, 119.0, 122.25, 114.0625, 94.875, 55.03125, 103.0625, 120.125, 123.0625, 84.5, 120.125, 107.0625, 126.5, 74.1875, 103.75, 53.25, 96.8125, 120.1875, 59.53125, 47.625, 70.75, 9.4375, 71.875, 110.1875, 100.625, 84.625, 74.1875, 111.5, 105.0625, 61.84375, 34.0, 3.60546875, 53.09375, 128.0, 55.1875, 129.625, 9.4375, 52.5, 80.625, 120.5, 29.734375, 125.3125, 133.0, 31.890625, 57.5625, 133.875, 86.375, 12.8046875, 131.375, 97.3125, 36.6875, 87.0, 41.0, 82.625, 93.5, 40.0, 100.875, 118.1875, 123.4375, 161.375], [92.625, 150.125, 119.5, 133.25, 114.4375, 183.75, 137.0, 180.875, 116.8125, 183.75, 173.625, 53.15625, 178.5, 68.375, 137.625, 106.875, 156.25, 133.375, 10.296875, 103.375, 121.6875, 26.015625, 126.9375, 79.875, 30.265625, 105.125, 101.9375, 115.125, 109.75, 181.125, 95.4375, 145.375, 66.5, 78.5, 104.0