{"name": "LZB_n120_5", "n": 120, "m": 15, "times": [[0.0, 111.0625, 65.125, 30.078125, 54.5625, 47.84375, 29.15625, 81.5625, 27.796875, 47.84375, 60.8125, 115.0, 93.5, 95.4375, 73.25, 71.5625, 44.09375, 82.1875, 69.125, 82.25, 86.4375, 105.125, 123.0, 109.5625, 52.1875, 28.453125, 109.0625, 50.25, 97.9375, 65.1875, 52.34375, 56.3125, 109.6875, 25.8125, 94.0625, 94.875, 50.59375, 51.1875, 79.125, 61.46875, 71.125, 94.0, 90.9375, 86.375, 66.0, 47.0, 60.03125, 32.0, 95.125, 102.125, 83.5, 119.125, 98.25, 61.84375, 68.75, 89.5625, 15.6171875, 83.0, 98.6875, 74.8125, 101.25, 128.875, 71.5625, 57.71875, 52.15625, 101.5625, 89.5625, 83.1875, 115.125, 35.5, 79.6875, 94.125, 77.25, 71.4375, 78.75, 77.8125, 96.6875, 71.1875, 54.375, 43.59375, 96.4375, 108.4375, 39.6875, 28.15625, 68.0, 72.625, 29.203125, 58.46875, 86.0, 76.8125, 32.1875, 78.3125, 32.4375, 116.6875, 132.25, 102.1875, 88.3125, 79.3125, 100.5625, 97.125, 38.59375, 97.0, 70.5, 31.0625, 113.1875, 100.5625, 58.0, 69.0, 105.875, 88.1875, 84.75, 50.125, 80.125, 16.125, 95.4375, 78.625, 93.8125, 100.1875, 57.59375, 68.8125, 52.09375], [111.0625, 0.0, 92.4375, 123.25, 58.90625, 155.0, 129.125, 30.609375, 84.3125, 87.6875, 124.625, 226.0, 203.625, 203.75, 183.25, 72.0, 83.875, 154.25, 67.4375, 185.375, 144.0, 210.5, 162.75, 22.828125, 78.125, 123.6875, 150.625, 66.3125, 124.125, 77.1875, 59.0625, 81.125, 122.3125, 112.75, 155.0, 175.375, 128.875, 158.625, 97.875, 151.125, 83.0, 43.0, 175.375, 156.875, 57.78125, 145.625, 64.375, 115.4375, 194.125, 191.125, 187.0, 9.484375, 54.625, 172.0, 141.0, 200.375, 95.4375, 75.125, 62.25, 171.125, 124.0, 19.703125, 68.0, 148.25, 157.0, 135.625, 33.375, 49.25, 176.0, 137.25, 93.625, 204.5, 73.3125, 78.625, 121.0, 174.0, 207.75, 122.1875, 128.75, 108.3125, 204.125, 29.96875, 124.625, 88.5, 132.625, 59.03125, 114.625, 63.53125, 75.6875, 186.75, 79.9375, 103.25, 113.0625, 26.078125, 163.125, 183.25, 84.0, 168.25, 187.125, 172.375, 130.375, 187.375, 150.75, 93.125, 15.8125, 120.0625, 138.5, 171.375, 23.859375, 44.71875, 94.1875, 158.375, 191.125, 96.25, 200.0, 189.625, 163.625, 192.875, 140.125, 136.5, 147.25], [65.125, 92.4375, 0.0, 51.625, 45.875, 109.5625, 59.6875, 65.25, 61.5625, 18.59375, 119.875, 159.375, 146.875, 128.875, 114.1875, 101.5625, 24.765625, 145.375, 25.0, 105.375, 146.25, 130.625, 180.0, 77.8125, 87.4375, 53.46875, 61.96875, 72.5625, 39.8125, 15.296875, 60.9375, 15.234375, 47.375, 87.25, 155.375, 159.75, 44.09375, 112.375, 14.421875, 126.5, 107.9375, 103.25, 85.4375, 149.5, 36.0625, 68.5625, 31.140625, 42.28125, 109.8125, 167.125, 145.375, 101.9375, 113.75, 104.8125, 131.25, 140.0, 58.3125, 113.1875, 118.375, 139.5, 41.875, 112.0, 98.8125, 64.625, 115.125, 154.875, 59.46875, 97.0, 177.375, 100.4375, 14.5625, 135.25, 107.3125, 15.0, 132.25, 142.375, 143.0, 127.0, 42.0, 27.65625, 154.25, 72.6875, 102.875, 41.0625, 41.34375, 93.4375, 90.8125, 33.375, 115.875, 117.0625, 47.375, 15.8125, 92.8125, 111.5625, 80.25, 167.125, 25.5, 80.6875, 165.75, 80.5, 53.75, 98.875, 61.71875, 78.75, 103.25, 148.0, 121.625, 132.25, 102.125, 98.8125, 19.640625, 89.3125, 127.125, 63.8125, 120.125, 127.875, 157.125, 105.0, 54.03125, 45.5, 67.125], [30.078125, 123.25, 51.625, 0.0, 64.375, 61.03125, 8.0625, 92.625, 50.34375, 40.71875, 90.1875, 109.1875, 95.1875, 81.6875, 63.9375, 98.0625, 41.40625, 108.875, 66.25, 62.1875, 115.1875, 87.3125, 152.25, 116.1875, 79.0, 2.236328125, 81.5625, 72.5625, 75.0, 58.6875, 69.4375, 50.09375, 88.625, 55.46875, 122.0, 118.4375, 21.265625, 63.3125, 63.0, 85.0, 99.25, 115.4375, 62.03125, 113.125, 68.875, 22.46875, 61.84375, 9.484375, 72.0, 122.125, 95.875, 132.25, 121.8125, 53.84375, 96.4375, 88.5, 38.0, 110.0, 123.5, 93.5, 78.75, 142.375, 97.3125, 29.0625, 67.4375, 131.5, 95.5625, 105.5, 142.125, 57.1875, 65.125, 85.5, 104.0625, 63.25, 108.75, 96.25, 92.125, 101.0625, 25.453125, 24.078125, 103.0, 113.25, 67.8125, 35.34375, 39.625, 96.5, 58.65625, 61.625, 113.0, 67.125, 45.6875, 60.21875, 62.1875, 134.125, 105.25, 125.125, 77.125, 51.15625, 121.6875, 67.1875, 9.0, 69.875, 40.53125, 59.6875, 128.75, 130.625, 84.875, 84.125, 123.4375, 109.75, 70.0625, 38.46875, 75.875, 42.09375, 76.8125, 76.375, 120.25, 74.0, 27.515625, 39.6875, 25.296875], [54.5625, 58.90625, 45.875, 64.375, 0.0, 101.5, 70.1875, 28.3125, 32.0625, 33.0625, 88.625, 168.5, 148.0, 145.0, 124.875, 57.1875, 27.453125, 117.6875, 28.28125, 126.625, 113.625, 151.625, 143.25, 55.0, 46.625, 64.8125, 107.6875, 29.828125, 85.25, 33.125, 16.28125, 30.8125, 90.1875, 64.0625, 124.0, 136.0, 72.125, 105.0, 57.6875, 106.0, 65.0625, 58.0625, 119.5625, 121.25, 17.0, 86.8125, 16.40625, 56.9375, 135.875, 148.0, 136.0, 67.8125, 68.0625, 113.6875, 103.1875, 143.875, 39.5625, 68.25, 72.5625, 123.6875, 86.8125, 78.0, 54.09375, 90.3125, 104.8125, 116.5, 35.125, 51.1875, 146.5, 85.9375, 55.0625, 146.375, 62.6875, 38.84375, 95.375, 126.6875, 150.375, 92.1875, 72.8125, 51.9375, 150.625, 54.09375, 79.0, 29.703125, 79.5, 47.84375, 67.0, 13.6015625, 70.8125, 128.375, 22.359375, 61.09375, 67.0625, 71.1875, 125.9375, 143.875, 54.4375, 111.25, 145.125, 118.875, 71.875, 130.5, 94.9375, 47.53125, 64.875, 106.875, 96.5, 120.8125, 60.71875, 53.34375, 58.53125, 99.75, 133.75, 42.1875, 141.25, 132.625, 128.75, 135.625, 83.1875, 82.875, 88.8125], [47.84375, 155.0, 109.5625, 61.03125, 101.5, 0.0, 53.84375, 127.0625, 71.125, 94.0, 59.03125, 76.875, 49.53125, 71.1875, 48.0, 100.4375, 91.1875, 61.03125, 116.75, 72.125, 74.6875, 86.0, 111.0625, 156.125, 83.4375, 58.8125, 140.0, 89.625, 136.0, 112.0625, 96.1875, 103.0625, 149.625, 43.875, 76.9375, 62.625, 80.0625, 3.60546875, 122.5, 33.53125, 94.875, 130.125, 100.8125, 64.875, 113.75, 59.65625, 107.875, 68.875, 88.25, 62.125, 36.0, 162.25, 130.625, 39.8125, 54.21875, 48.8125, 61.96875, 109.0, 128.625, 33.59375, 139.75, 171.375, 102.1875, 73.75, 7.0703125, 99.0, 136.625, 118.8125, 92.125, 19.203125, 123.9375, 62.375, 104.625, 118.0, 81.0625, 36.0625, 59.0625, 72.0, 84.5, 83.75, 49.25, 155.625, 38.90625, 75.9375, 98.4375, 106.75, 43.1875, 106.3125, 111.5, 51.0, 79.375, 120.4375, 46.21875, 156.25, 163.75, 67.875, 134.125, 88.4375, 62.625, 112.625, 64.375, 99.75, 90.125, 63.25, 154.625, 106.375, 43.0, 23.09375, 145.875, 124.5, 129.0, 41.875, 45.21875, 59.625, 79.625, 41.21875, 70.25, 99.8125, 80.6875, 97.25, 65.9375], [29.15625, 129.125, 59.6875, 8.0625, 70.1875, 53.84375, 0.0, 98.5, 52.875, 48.34375, 87.1875, 101.5, 87.125, 75.0, 56.4375, 99.75, 48.5625, 104.125, 73.8125, 56.9375, 111.5, 81.625, 148.875, 122.9375, 80.375, 6.32421875, 87.1875, 75.5625, 82.25, 66.5, 73.8125, 57.78125, 96.0625, 53.15625, 117.8125, 112.625, 26.625, 55.96875, 71.0, 79.375, 100.0, 119.0625, 61.8125, 108.375, 75.8125, 18.4375, 68.8125, 17.46875, 68.0, 115.4375, 88.3125, 137.875, 124.75, 46.09375, 92.1875, 80.5, 40.03125, 111.4375, 125.9375, 86.75, 86.0, 148.0, 99.3125, 28.640625, 60.40625, 129.125, 102.3125, 108.8125, 137.375, 51.65625, 73.1875, 78.0625, 105.5625, 71.1875, 106.625, 89.4375, 84.3125, 98.625, 31.0625, 32.125, 95.0, 120.1875, 64.125, 40.59375, 45.21875, 99.1875, 56.09375, 68.4375, 114.4375, 59.6875, 50.25, 68.125, 59.8125, 138.875, 111.0, 119.0625, 85.1875, 50.15625, 115.25, 68.6875, 11.3125, 68.0625, 42.5, 60.0, 134.0, 129.25, 80.4375, 76.875, 128.125, 113.3125, 78.125, 30.890625, 68.0, 43.28125, 71.25, 68.4375, 115.3125, 71.5625, 30.234375, 44.6875, 23.0], [81.5625, 30.609375, 65.25, 92.625, 28.3125, 127.0625, 98.5, 0.0, 55.9375, 57.9375, 104.0625, 196.25, 174.75, 173.25, 153.0, 58.59375, 53.65625, 134.0, 41.0, 154.75, 126.5625, 179.875, 151.0, 30.265625, 57.3125, 93.0625, 126.125, 42.0625, 100.8125, 50.09375, 31.328125, 52.40625, 101.9375, 86.375, 137.5, 154.125, 98.8125, 130.625, 73.25, 126.9375, 69.0625, 43.03125, 145.75, 137.125, 29.28125, 115.0, 35.15625, 84.875, 163.625, 168.25, 160.375, 39.65625, 55.46875, 141.75, 120.0, 171.125, 66.0625, 66.3125, 62.0, 146.0, 101.4375, 49.9375, 54.5625, 117.8125, 129.625, 123.5, 16.640625, 41.71875, 159.5, 110.125, 69.4375, 174.375, 62.25, 53.09375, 105.25, 148.875, 178.0, 104.375, 99.0, 78.3125, 176.25, 32.125, 99.8125, 58.0, 103.875, 45.65625, 88.75, 33.84375, 68.0, 156.5, 49.8125, 78.0625, 87.875, 46.28125, 141.25, 162.125, 62.9375, 138.25, 164.625, 143.625, 99.875, 157.5, 121.0625, 67.4375, 38.3125, 110.5, 115.5, 144.875, 37.0, 40.59375, 71.1875, 128.0, 161.375, 67.5625, 169.5, 160.125, 144.375, 162.75, 110.0, 107.5625, 116.75], [27.796875, 84.3125, 61.5625, 50.34375, 32.0625, 71.125, 52.875, 55.9375, 0.0, 43.125, 59.46875, 142.25, 119.25, 123.125, 101.0625, 48.03125, 36.78125, 87.25, 55.03125, 108.875, 85.5625, 132.375, 118.4375, 85.375, 29.609375, 49.65625, 117.25, 22.84375, 100.125, 55.0625, 25.234375, 48.0, 108.9375, 32.0, 95.25, 104.5625, 66.5, 74.6875, 75.8125, 74.0, 50.6875, 66.625, 112.0625, 91.0625, 47.375, 71.3125, 43.40625, 47.09375, 120.8125, 116.0625, 104.6875, 92.0, 71.8125, 89.625, 72.75, 116.1875, 13.0, 60.125, 73.1875, 91.6875, 102.75, 101.5625, 47.03125, 79.375, 73.75, 93.375, 66.5, 56.09375, 117.625, 54.40625, 74.8125, 121.8125, 54.09375, 61.78125, 70.75, 94.625, 123.9375, 65.625, 69.0625, 51.25, 120.3125, 85.375, 47.15625, 21.953125, 80.375, 46.3125, 35.0, 41.0, 63.125, 104.625, 14.421875, 77.0625, 35.34375, 88.875, 138.625, 112.4375, 79.1875, 101.5, 113.3125, 115.5, 59.3125, 120.1875, 89.125, 17.5, 85.5625, 87.6875, 65.125, 89.3125, 78.125, 60.84375, 79.375, 77.6875, 107.5, 12.0390625, 122.5625, 105.625, 98.6875, 124.125, 76.0625, 82.4375, 75.3125], [47.84375, 87.6875, 18.59375, 40.71875, 33.0625, 94.0, 48.34375, 57.9375, 43.125, 0.0, 101.25, 149.875, 134.375, 121.8125, 104.6875, 85.25, 6.70703125, 127.0, 25.546875, 100.4375, 127.625, 125.9375, 161.5, 77.25, 70.0, 42.0625, 76.5625, 56.09375, 57.1875, 18.4375, 45.90625, 9.484375, 65.875, 68.875, 136.75, 141.75, 41.34375, 97.0, 33.0, 108.8125, 90.8125, 91.0, 87.875, 131.0, 30.234375, 61.21875, 23.328125, 31.390625, 107.4375, 149.875, 130.0, 97.0625, 100.5, 94.4375, 112.75, 128.375, 39.8125, 97.125, 104.375, 122.625, 59.65625, 107.3125, 82.875, 61.21875, 99.125, 136.5, 57.0, 83.5, 158.75, 83.375, 32.65625, 126.1875, 91.1875, 24.015625, 113.875, 125.625, 132.625, 108.4375, 41.15625, 20.8125, 140.375, 73.5625, 84.5625, 22.46875, 46.53125, 78.3125, 72.4375, 24.171875, 99.9375, 107.8125, 29.203125, 33.9375, 74.3125, 103.3125, 96.625, 149.25, 40.4375, 80.625, 148.25, 86.125, 45.59375, 99.75, 63.15625, 60.21875, 96.125, 130.25, 103.375, 116.1875, 93.1875, 86.0625, 37.5625, 79.1875, 116.25, 45.28125, 115.3125, 116.375, 138.625, 105.3125, 52.46875, 50.0, 61.53125], [60.8125, 124.625, 119.875, 90.1875, 88.625, 59.03125, 87.1875, 104.0625, 59.46875, 101.25, 0.0, 133.5, 103.3125, 130.0, 106.5, 55.15625, 95.4375, 30.0, 114.25, 127.375, 26.40625, 144.25, 62.1875, 134.0, 47.03125, 88.3125, 169.625, 62.28125, 156.5, 114.5, 75.125, 107.1875, 166.875, 35.0, 35.78125, 50.8125, 111.25, 61.625, 134.25, 33.40625, 45.65625, 88.375, 147.375, 33.125, 105.3125, 102.1875, 102.3125, 92.8125, 142.875, 67.4375, 74.625, 129.25, 84.25, 97.0625, 16.5, 105.5, 61.84375, 59.0625, 79.875, 53.75, 159.5, 136.375, 58.53125, 115.1875, 55.375, 42.4375, 118.6875, 78.125, 58.1875, 43.0, 133.75, 121.25, 56.8125, 121.25, 22.09375, 55.90625, 116.6875, 13.0390625, 115.125, 103.25, 96.0, 136.125, 23.765625, 78.8125, 128.75, 66.5, 31.625, 99.75, 60.8125, 109.6875, 73.8125, 134.75, 28.421875, 116.8125, 192.625, 58.6875, 138.625, 135.0, 62.9375, 155.75, 98.0, 150.375, 129.75, 42.0625, 118.6875, 47.375, 18.59375, 60.75, 108.1875, 83.8125, 138.5, 93.75, 104.0625, 56.21875, 137.0, 99.75, 40.4375, 152.0, 117.25, 129.5, 108.25], [115.0, 226.0, 159.375, 109.1875, 168.5, 76.875, 101.5, 196.25, 142.25, 149.875, 133.5, 0.0, 31.40625, 36.5, 45.3125, 177.0, 149.875, 124.9375, 175.25, 62.125, 142.375, 47.84375, 173.625, 223.0, 159.5, 107.8125, 161.125, 163.375, 170.125, 167.875, 167.25, 159.25, 185.25, 119.8125, 140.375, 114.0, 116.9375, 73.5625, 168.375, 101.8125, 171.75, 205.625, 102.25, 127.4375, 176.625, 91.0625, 169.75, 118.625, 70.625, 99.625, 65.1875, 234.125, 207.0, 55.46875, 124.3125, 28.171875, 130.625, 185.875, 205.25, 86.125, 174.0, 243.75, 178.625, 98.5, 78.6875, 169.0, 202.5, 194.375, 147.0, 95.9375, 171.5, 24.515625, 181.375, 172.125, 154.75, 85.6875, 18.390625, 146.0, 120.3125, 132.0, 45.1875, 220.875, 115.625, 139.25, 129.375, 182.625, 119.625, 169.125, 188.375, 42.375, 146.375, 164.25, 122.875, 230.5, 182.125, 114.1875, 184.625, 95.125, 104.3125, 117.5625, 105.6875, 90.9375, 110.25, 138.25, 227.75, 179.625, 115.5, 74.4375, 219.875, 199.875, 176.0, 70.6875, 34.84375, 130.25, 52.875, 36.78125, 129.5, 86.0, 109.8125, 126.0, 93.625], [93.5, 203.625, 146.875, 95.1875, 148.0, 49.53125, 87.125, 174.75, 119.25, 134.375, 103.3125, 31.40625, 0.0, 48.28125, 39.5625, 149.625, 133.125, 93.5625, 159.125, 66.875, 111.0625, 64.375, 142.375, 203.0, 132.875, 93.375, 160.5, 138.875, 164.5, 152.75, 144.5, 143.875, 179.25, 93.375, 109.0625, 83.0625, 108.0, 45.96875, 157.75, 70.9375, 143.375, 179.625, 106.875, 96.0, 158.375, 82.125, 151.875, 104.5625, 80.4375, 69.875, 34.0, 211.125, 179.875, 44.28125, 93.3125, 10.0, 108.8125, 157.625, 177.625, 54.75, 168.375, 220.375, 151.5, 93.0625, 49.8125, 137.75, 182.875, 168.375, 116.125, 68.5625, 160.125, 32.1875, 153.5, 157.875, 124.0625, 54.34375, 19.703125, 115.4375, 112.0625, 119.1875, 16.640625, 201.75, 87.0, 120.125, 123.5625, 156.25, 92.625, 150.75, 160.0, 38.90625, 125.6875, 154.375, 95.5, 205.625, 183.25, 83.75, 172.25, 96.9375, 74.125, 121.75, 94.1875, 99.0, 107.6875, 112.6875, 203.875, 148.75, 85.0, 43.3125, 195.25, 174.0, 165.0, 59.0, 23.765625, 107.375, 64.375, 20.390625, 98.25, 95.8125, 103.5625, 120.9375, 86.5], [95.4375, 203.75, 128.875, 81.6875, 145.0, 71.1875, 75.0, 173.25, 123.125, 121.8125, 130.0, 36.5, 48.28125, 0.0, 23.765625, 164.25, 123.0625, 129.75, 147.25, 26.078125, 145.125, 16.546875, 180.25, 197.875, 145.375, 80.8125, 125.0, 145.625, 135.375, 139.0, 146.875, 130.875, 150.5, 107.5625, 145.875, 124.75, 85.0, 69.0, 136.25, 103.125, 161.0, 189.375, 65.75, 133.125, 150.625, 60.75, 143.5, 90.625, 34.53125, 115.0625, 77.5, 212.375, 192.75, 34.53125, 125.0, 38.59375, 110.4375, 174.5, 192.375, 93.625, 139.25, 222.5, 165.0, 65.1875, 76.0, 170.125, 177.25, 178.375, 157.375, 87.6875, 139.75, 16.28125, 169.375, 142.5, 152.125, 94.375, 29.828125, 143.0, 87.875, 102.375, 64.8125, 194.875, 108.25, 115.25, 95.3125, 167.375, 108.4375, 143.25, 177.375, 20.390625, 124.0625, 131.625, 112.25, 211.875, 145.625, 127.125, 153.5, 59.0, 118.5, 81.0625, 76.25, 54.71875, 75.125, 123.4375, 207.75, 177.375, 114.125, 79.8125, 201.0, 183.5, 143.875, 45.59375, 29.40625, 111.5, 17.0, 34.78125, 137.125, 50.15625, 76.5625, 91.6875, 61.71875], [73.25, 183.25, 114.1875, 63.9375, 124.875, 48.0, 56.4375, 153.0, 101.0625, 104.6875, 106.5, 45.3125, 39.5625, 23.765625, 0.0, 140.875, 104.9375, 107.875, 130.125, 29.0, 122.5, 38.0, 158.375, 178.75, 122.125, 62.65625, 121.375, 123.25, 127.0, 122.5625, 125.3125, 114.0625, 142.0, 83.9375, 123.9375, 104.9375, 72.1875, 46.1875, 123.4375, 80.75, 137.375, 166.75, 67.625, 111.375, 132.0, 46.09375, 125.125, 73.375, 44.40625, 97.625, 60.59375, 191.625, 169.625, 11.3984375, 102.1875, 30.078125, 88.625, 151.0, 169.0, 73.5625, 131.0, 201.5, 141.75, 55.0, 53.34375, 147.0, 158.25, 155.625, 136.875, 63.9375, 126.375, 21.640625, 145.875, 126.875, 128.5, 74.75, 29.28125, 119.5, 75.8125, 86.75, 53.84375, 176.375, 84.5, 95.25, 86.0, 144.375, 84.75, 124.5625, 153.75, 3.60546875, 103.25, 119.4375, 88.5625, 189.875, 143.875, 108.25, 139.5, 57.375, 100.375, 82.3125, 60.40625, 60.96875, 68.75, 100.25, 186.25, 153.875, 91.0, 59.625, 179.125, 160.875, 131.0, 25.546875, 15.8125, 89.1875, 32.28125, 19.71875, 115.9375, 58.71875, 66.0625, 83.0, 49.25], [71.5625, 72.0, 101.5625, 98.0625, 57.1875, 100.4375, 99.75, 58.59375, 48.03125, 85.25, 55.15625, 177.0, 149.625, 164.25, 140.875, 0.0, 78.5625, 83.6875, 85.25, 153.625, 72.1875, 175.625, 92.625, 85.625, 19.421875, 97.1875, 161.75, 29.15625, 141.375, 90.125, 41.0625, 86.375, 147.25, 57.46875, 83.125, 105.375, 114.4375, 103.875, 114.375, 86.0, 11.046875, 33.25, 160.0, 85.9375, 72.9375, 118.0625, 73.625, 95.125, 166.75, 122.5625, 125.875, 75.4375, 30.40625, 129.75, 71.5, 149.25, 60.0625, 12.1640625, 28.296875, 106.75, 143.25, 81.8125, 4.125, 127.125, 99.8125, 65.125, 75.125, 23.34375, 104.0625, 81.1875, 112.0625, 159.875, 6.08203125, 96.0, 49.0, 109.3125, 158.875, 50.625, 116.8125, 98.0625, 145.75, 89.5, 62.9375, 68.25, 127.5, 13.34375, 57.4375, 70.8125, 15.1328125, 144.5, 57.71875, 117.25, 54.21875, 61.6875, 181.625, 113.0625, 111.375, 149.25, 118.0, 163.5, 107.0625, 167.625, 137.125, 41.125, 64.125, 51.96875, 71.6875, 110.625, 53.375, 28.859375, 115.6875, 120.5, 143.75, 56.4375, 166.375, 140.625, 92.25, 171.25, 124.125, 129.875, 122.5625], [44.09375, 83.875, 24.765625, 41.40625, 27.453125, 91.1875, 48.5625, 53.65625, 36.78125, 6.70703125, 95.4375, 149.875, 133.125, 123.0625, 104.9375, 78.5625, 0.0, 121.6875, 25.96875, 102.5625, 121.75, 128.0, 155.25, 74.9375, 63.28125, 42.4375, 83.1875, 49.40625, 63.8125, 21.09375, 39.46875, 12.3671875, 72.125, 63.6875, 131.0, 136.875, 45.1875, 94.3125, 39.0625, 104.3125, 84.125, 85.0, 92.375, 125.6875, 27.59375, 62.9375, 20.515625, 32.5625, 110.4375, 145.75, 127.125, 93.125, 94.25, 94.4375, 107.3125, 127.5625, 34.53125, 90.5, 98.0, 118.8125, 66.25, 103.4375, 76.1875, 64.375, 96.0, 130.125, 54.4375, 77.25, 153.125, 79.5, 38.28125, 126.5625, 84.5, 27.453125, 107.5, 121.8125, 132.375, 102.3125, 45.53125, 24.703125, 138.5, 71.8125, 79.5, 17.09375, 52.15625, 71.8125, 67.25, 20.609375, 93.3125, 108.25, 22.671875, 40.375, 68.875, 98.375, 103.375, 144.5, 44.65625, 84.5, 143.875, 91.4375, 47.375, 103.8125, 67.6875, 54.03125, 91.5625, 123.625, 98.25, 113.0, 88.0625, 80.0, 43.03125, 79.375, 115.875, 39.8125, 117.4375, 115.6875, 133.25, 109.125, 56.375, 55.4375, 63.875], [82.1875, 154.25, 145.375, 108.875, 117.6875, 61.03125, 104.125, 134.0, 87.25, 127.0, 30.0, 124.9375, 93.5625, 129.75, 107.875, 83.6875, 121.6875, 0.0, 142.25, 133.125, 18.359375, 145.5, 50.5, 164.0, 77.0, 106.75, 190.375, 92.1875, 180.125, 141.75, 104.8125, 133.875, 191.375, 58.1875, 16.125, 21.9375, 130.125, 62.09375, 159.75, 27.515625, 73.375, 116.75, 159.875, 4.2421875, 134.125, 115.9375, 130.625, 113.4375, 149.25, 40.8125, 60.4375, 158.625, 111.25, 100.6875, 14.5625, 98.4375, 87.1875, 85.625, 106.0, 38.84375, 183.375, 165.375, 87.3125, 129.875, 54.8125, 45.1875, 148.625, 106.9375, 33.25, 53.0, 159.625, 118.0, 84.4375, 148.375, 38.84375, 39.5625, 110.375, 33.625, 134.375, 125.8125, 82.25, 166.125, 42.71875, 104.625, 148.5, 95.6875, 54.59375, 128.125, 86.8125, 110.5, 101.25, 159.625, 52.8125, 145.25, 213.875, 29.40625, 165.875, 147.375, 35.5, 170.25, 115.4375, 160.25, 145.625, 70.3125, 147.75, 59.1875, 24.203125, 51.09375, 137.0, 112.5625, 164.625, 102.0625, 101.125, 81.875, 140.0, 96.0625, 11.6640625, 160.625, 134.125, 148.5, 122.3125], [69.125, 67.4375, 25.0, 66.25, 28.28125, 116.75, 73.8125, 41.0, 55.03125, 25.546875, 114.25, 175.25, 159.125, 147.25, 130.125, 85.25, 25.96875, 142.25, 0.0, 125.5, 140.0, 151.0, 170.875, 53.53125, 74.625, 67.5625, 85.125, 58.0625, 60.21875, 9.8515625, 44.5625, 16.40625, 63.0625, 85.6875, 150.0, 159.125, 65.125, 119.9375, 32.375, 127.4375, 93.375, 81.3125, 109.4375, 146.125, 13.0, 86.625, 12.203125, 56.9375, 131.625, 169.25, 152.5, 76.9375, 92.6875, 119.875, 127.75, 153.5, 57.3125, 96.0, 98.0625, 143.125, 61.125, 87.0, 82.0, 85.5625, 121.25, 144.375, 34.53125, 76.5625, 172.375, 104.0, 28.859375, 151.75, 90.625, 12.1640625, 122.875, 146.125, 158.0, 119.0625, 64.0, 45.34375, 164.375, 49.03125, 101.4375, 41.0, 65.75, 75.1875, 89.0625, 15.0, 98.5, 133.375, 41.21875, 37.0625, 90.0, 87.0625, 100.875, 166.875, 26.171875, 103.625, 167.0, 105.3125, 71.0, 122.3125, 85.125, 72.25, 78.5, 135.125, 119.8125, 138.125, 78.0, 77.5, 31.390625, 104.6875, 141.5, 61.8125, 140.375, 141.5, 153.75, 128.25, 75.9375, 69.75, 86.5625], [82.25, 185.375, 105.375, 62.1875, 126.625, 72.125, 56.9375, 154.75, 108.875, 100.4375, 127.375, 62.125, 66.875, 26.078125, 29.0, 153.625, 102.5625, 133.125, 125.5, 0.0, 146.375, 25.5, 183.125, 177.5, 134.25, 61.84375, 99.0625, 131.75, 109.4375, 116.6875, 130.75, 109.125, 124.5625, 99.625, 149.0, 132.375, 61.28125, 71.1875, 111.8125, 105.625, 152.0, 175.5, 40.8125, 136.875, 130.125, 39.8125, 123.0625, 70.1875, 16.15625, 126.25, 89.5, 194.375, 180.375, 32.6875, 125.6875, 56.9375, 95.875, 164.625, 180.875, 101.125, 113.375, 204.625, 153.75, 40.8125, 78.4375, 169.25, 157.0, 164.875, 163.625, 84.5, 115.4375, 39.0625, 159.125, 119.625, 149.25, 102.5625, 51.875, 140.25, 63.625, 80.125, 82.1875, 174.0, 104.0625, 97.375, 69.875, 154.75, 101.3125, 123.1875, 167.625, 28.421875, 107.1875, 106.9375, 105.3125, 195.875, 120.0625, 136.25, 129.375, 33.0, 128.75, 56.03125, 55.21875, 32.1875, 49.25, 112.5625, 190.875, 174.0, 113.9375, 87.3125, 185.125, 169.625, 119.4375, 34.0625, 43.59375, 98.0625, 14.8671875, 48.28125, 142.125, 29.734375, 51.875, 66.125, 38.9375], [86.4375, 144.0, 146.25, 115.1875, 113.625, 74.6875, 111.5, 126.5625, 85.5625, 127.625, 26.40625, 142.375, 111.0625, 145.125, 122.5, 72.1875, 121.75, 18.359375, 140.0, 146.375, 0.0, 160.5, 37.5625, 155.875, 69.4375, 113.25, 195.5, 85.875, 182.875, 140.625, 99.3125, 133.5, 193.25, 60.8125, 11.0, 38.28125, 136.375, 76.3125, 160.625, 42.0, 61.28125, 104.375, 170.125, 17.6875, 130.5, 125.25, 127.9375, 118.4375, 162.25, 58.0, 78.4375, 147.625, 97.5, 114.4375, 20.609375, 115.4375, 88.25, 72.0625, 91.6875, 56.625, 185.875, 153.625, 76.125, 138.75, 69.1875, 26.921875, 142.0, 95.4375, 33.0, 62.96875, 160.0, 134.125, 71.875, 147.375, 23.765625, 57.59375, 127.25, 22.203125, 140.375, 129.375, 100.3125, 158.625, 47.4375, 105.1875, 154.25, 85.0, 57.3125, 125.3125, 72.8125, 125.3125, 100.0, 161.25, 54.4375, 132.625, 218.625, 44.65625, 164.75, 157.625, 52.40625, 179.375, 122.5625, 171.75, 153.875, 68.125, 136.125, 41.125, 32.5625, 68.0625, 125.1875, 100.6875, 164.75, 113.875, 117.0625, 82.625, 154.25, 112.1875, 21.46875, 172.75, 141.75, 154.75, 131.5], [105.125, 210.5, 130.625, 87.3125, 151.625, 86.0, 81.625, 179.875, 132.375, 125.9375, 144.25, 47.84375, 64.375, 16.546875, 38.0, 175.625, 128.0, 145.5, 151.0, 25.5, 160.5, 0.0, 196.0, 203.0, 156.375, 86.8125, 118.8125, 155.25, 132.25, 142.125, 155.125, 134.625, 147.125, 119.8125, 161.625, 141.125, 86.625, 84.125, 136.625, 118.625, 173.125, 199.0, 58.21875, 149.0, 155.625, 65.125, 148.5, 95.5, 25.078125, 131.625, 94.0, 219.5, 203.25, 47.375, 140.125, 54.90625, 119.5, 186.25, 203.375, 109.875, 136.0, 229.625, 176.0, 66.0, 91.25, 185.0, 182.5, 188.25, 173.625, 101.5, 140.25, 32.1875, 180.875, 145.0, 166.375, 110.75, 45.34375, 157.375, 88.75, 105.625, 81.0, 199.5, 121.9375, 122.1875, 93.9375, 177.75, 121.0625, 148.5, 189.125, 35.125, 131.75, 131.5, 124.9375, 220.25, 138.0, 143.625, 154.375, 54.40625, 135.0, 73.0, 80.625, 45.03125, 72.625, 134.5, 215.5, 191.625, 129.0, 96.0625, 209.5, 193.25, 144.125, 55.15625, 45.875, 121.1875, 10.6328125, 51.25, 153.125, 39.3125, 76.875, 89.9375, 64.4375], [123.0, 162.75, 180.0, 152.25, 143.25, 111.0625, 148.875, 151.0, 118.4375, 161.5, 62.1875, 173.625, 142.375, 180.25, 158.375, 92.625, 155.25, 50.5, 170.875, 183.125, 37.5625, 196.0, 0.0, 178.125, 96.75, 150.375, 231.75, 113.75, 217.75, 172.75, 127.625, 166.375, 227.25, 97.1875, 34.375, 60.40625, 173.375, 112.375, 194.25, 77.6875, 81.9375, 120.1875, 207.625, 47.15625, 160.125, 162.75, 158.625, 155.0, 199.125, 78.4375, 108.4375, 164.375, 110.3125, 150.875, 57.9375, 148.0, 123.0625, 87.6875, 103.125, 88.0, 220.625, 168.375, 96.75, 176.25, 105.125, 27.515625, 167.375, 113.75, 30.53125, 100.4375, 193.25, 168.25, 90.0, 179.375, 48.0, 88.0625, 160.0, 53.03125, 177.25, 165.25, 129.375, 182.125, 84.75, 139.375, 191.0, 105.9375, 93.8125, 155.875, 87.125, 161.0, 132.75, 195.375, 90.625, 146.25, 254.625, 62.625, 196.5, 195.125, 72.75, 217.0, 159.875, 209.125, 191.25, 101.25, 152.0, 43.09375, 70.0, 101.0625, 141.0, 118.0625, 197.75, 151.125, 151.5, 117.4375, 190.375, 146.375, 44.09375, 210.0, 179.0, 191.75, 169.0], [109.5625, 22.828125, 77.8125, 116.1875, 55.0, 156.125, 122.9375, 30.265625, 85.375, 77.25, 134.0, 223.0, 203.0, 197.875, 178.75, 85.625, 74.9375, 164.0, 53.53125, 177.5, 155.875, 203.0, 178.125, 0.0, 87.0, 117.0625, 132.375, 72.25, 105.375, 63.28125, 61.40625, 69.1875, 102.0, 116.4375, 166.75, 184.25, 118.25, 159.75, 80.625, 157.125, 96.5625, 61.59375, 162.875, 167.0, 47.375, 137.875, 54.4375, 107.5, 184.625, 198.5, 190.125, 30.078125, 74.0625, 167.875, 150.0, 198.875, 94.4375, 91.1875, 81.5625, 176.125, 104.8125, 38.125, 81.5, 138.375, 159.125, 150.625, 20.609375, 65.0, 188.5, 139.75, 76.25, 200.375, 88.25, 63.0625, 133.875, 179.125, 205.0, 133.625, 117.4375, 97.9375, 205.375, 7.28125, 130.0, 83.75, 119.0625, 72.25, 118.875, 54.5625, 92.3125, 182.25, 77.375, 86.3125, 118.0625, 48.875, 143.125, 192.25, 64.9375, 157.0, 194.875, 158.375, 122.3125, 175.875, 138.625, 97.6875, 38.59375, 136.375, 145.75, 174.625, 45.28125, 61.71875, 75.9375, 153.375, 188.375, 96.5625, 192.375, 187.5, 174.125, 181.75, 129.25, 123.1875, 138.625], [52.1875, 78.125, 87.4375, 79.0, 46.625, 83.4375, 80.375, 57.3125, 29.609375, 70.0, 47.03125, 159.5, 132.875, 145.375, 122.125, 19.421875, 63.28125, 77.0, 74.625, 134.25, 69.4375, 156.375, 96.75, 87.0, 0.0, 78.0, 145.875, 17.0, 127.0, 77.8125, 30.890625, 72.625, 134.375, 39.6875, 80.25, 97.625, 96.0, 87.0, 101.0625, 73.5625, 21.1875, 46.75, 141.0, 80.0, 63.5, 98.75, 62.46875, 76.5, 147.25, 113.0, 111.5, 83.5, 47.71875, 110.9375, 63.28125, 131.875, 41.0, 31.0625, 47.0, 93.9375, 129.25, 91.375, 19.703125, 108.0, 83.625, 69.875, 72.5625, 35.46875, 102.375, 64.375, 99.25, 141.5, 25.171875, 84.125, 49.25, 96.6875, 141.25, 47.3125, 98.625, 80.625, 130.375, 89.4375, 48.03125, 50.90625, 109.875, 23.34375, 40.3125, 59.65625, 34.0625, 125.6875, 41.15625, 103.25, 37.65625, 73.8125, 166.625, 105.5625, 100.6875, 130.0, 109.0625, 145.0, 88.0, 148.375, 118.5, 21.9375, 73.8125, 60.875, 60.4375, 95.9375, 64.0, 41.21875, 103.3125, 101.25, 125.6875, 37.125, 147.0, 122.8125, 87.0625, 152.0, 105.375, 112.0625, 103.3125], [28.453125, 123.6875, 53.46875, 2.236328125, 64.8125, 58.8125, 6.32421875, 93.0625, 49.65625, 42.0625, 88.3125, 107.8125, 93.375, 80.8125, 62.65625, 97.1875, 42.4375, 106.75, 67.5625, 61.84375, 113.25, 86.8125, 150.375, 117.0625, 78.0, 0.0, 83.75, 72.0625, 77.25, 60.15625, 69.375, 51.46875, 90.8125, 53.65625, 120.0, 116.25, 23.34375, 61.125, 65.0, 82.8125, 98.125, 115.125, 63.125, 111.0, 69.8125, 22.359375, 62.8125, 11.1796875, 72.0625, 119.875, 93.75, 132.625, 121.25, 52.40625, 94.375, 86.8125, 37.125, 109.0625, 122.8125, 91.3125, 81.0, 142.75, 96.5, 30.0, 65.1875, 129.75, 96.4375, 105.0625, 140.0, 55.0, 67.0625, 84.25, 103.125, 64.875, 107.0, 94.0, 90.625, 99.3125, 27.59375, 26.015625, 101.0, 114.1875, 65.8125, 35.5, 41.78125, 95.875, 56.8125, 62.46875, 112.0625, 65.875, 45.625, 62.28125, 60.375, 134.25, 107.4375, 122.875, 78.9375, 52.03125, 119.5, 68.6875, 10.1953125, 70.5625, 42.0625, 58.40625, 129.0, 129.0, 82.8125, 81.9375, 123.5, 109.4375, 72.0, 37.125, 74.3125, 41.0, 76.375, 74.75, 118.125, 74.5, 29.15625, 41.78125, 25.703125], [109.0625, 150.625, 61.96875, 81.5625, 107.6875, 140.0, 87.1875, 126.125, 117.25, 76.5625, 169.625, 161.125, 160.5, 125.0, 121.375, 161.75, 83.1875, 190.375, 85.125, 99.0625, 195.5, 118.8125, 231.75, 132.375, 145.875, 83.75, 0.0, 132.625, 27.203125, 76.4375, 122.125, 76.875, 36.25, 134.75, 203.0, 199.75, 60.59375, 141.5, 53.0, 166.5, 166.875, 165.25, 60.65625, 194.5, 97.4375, 81.4375, 93.0625, 77.125, 93.75, 202.0, 171.875, 159.875, 175.75, 116.75, 177.5, 151.375, 109.5625, 173.75, 180.25, 173.375, 28.640625, 169.375, 159.375, 68.375, 146.875, 208.875, 117.375, 158.875, 223.5, 138.625, 57.09375, 137.5, 167.75, 73.0, 185.875, 176.0, 149.375, 179.25, 56.21875, 66.875, 173.0, 125.9375, 148.5, 95.3125, 42.0, 154.75, 138.25, 95.375, 176.5, 122.8125, 104.6875, 48.03125, 141.25, 172.0, 23.859375, 206.25, 67.4375, 66.0, 202.25, 46.5625, 76.0, 74.75, 52.875, 132.625, 163.125, 204.75, 166.25, 162.5, 163.125, 160.875, 56.5625, 103.8125, 137.125, 115.125, 110.25, 140.125, 201.75, 81.25, 59.46875, 42.71875, 75.75], [50.25, 66.3125, 72.5625, 72.5625, 29.828125, 89.625, 75.5625, 42.0625, 22.84375, 56.09375, 62.28125, 163.375, 138.875, 145.625, 123.25, 29.15625, 49.40625, 92.1875, 58.0625, 131.75, 85.875, 155.25, 113.75, 72.25, 17.0, 72.0625, 132.625, 0.0, 112.375, 61.84375, 13.890625, 57.46875, 118.8125, 46.53125, 96.5625, 112.0625, 87.0, 93.25, 85.6875, 85.375, 35.59375, 43.84375, 133.625, 95.4375, 46.625, 93.9375, 45.96875, 68.25, 143.625, 126.3125, 120.75, 72.9375, 49.25, 111.8125, 78.0, 136.625, 35.84375, 41.125, 51.15625, 105.0, 114.375, 81.8125, 26.921875, 101.4375, 91.0625, 86.8125, 56.4375, 33.25, 118.875, 71.375, 83.625, 143.625, 35.125, 68.0, 66.1875, 107.875, 145.0, 63.875, 89.0625, 69.5625, 138.25, 74.0, 58.53125, 40.0625, 99.0, 24.078125, 48.34375, 43.125, 43.96875, 126.8125, 29.15625, 88.3125, 46.8125, 67.1875, 152.5, 120.0625, 84.1875, 123.5, 122.6875, 136.0, 81.375, 142.375, 110.0625, 26.828125, 65.0, 77.125, 73.5625, 105.125, 56.59375, 38.0, 87.4375, 100.375, 128.875, 34.125, 145.375, 126.5625, 102.6875, 146.5, 97.1875, 101.625, 97.75], [97.9375, 124.125, 39.8125, 75.0, 85.25, 136.0, 82.25, 100.8125, 100.125, 57.1875, 156.5, 170.125, 164.5, 135.375, 127.0, 141.375, 63.8125, 180.125, 60.21875, 109.4375, 182.875, 132.25, 217.75, 105.375, 127.0, 77.25, 27.203125, 112.375, 0.0, 52.5, 100.625, 55.0, 15.1328125, 122.4375, 191.375, 192.125, 57.0625, 138.25, 27.890625, 158.5, 147.625, 141.375, 76.5, 184.25, 73.0, 82.375, 69.5625, 68.0, 107.9375, 197.0, 170.375, 133.25, 152.5, 120.1875, 166.375, 156.125, 94.8125, 153.0, 157.5, 168.5, 4.0, 142.75, 138.625, 72.0, 142.5, 193.375, 91.0, 136.0, 212.75, 131.0, 31.40625, 145.625, 147.125, 48.0625, 170.625, 171.25, 156.125, 164.75, 52.78125, 54.375, 175.0, 98.8125, 137.375, 78.5625, 41.0, 133.0, 126.0625, 72.125, 155.625, 129.125, 86.375, 24.171875, 128.5, 146.25, 40.8125, 199.125, 40.4375, 77.8125, 196.375, 65.1875, 72.25, 91.25, 60.21875, 116.75, 137.0, 187.375, 155.875, 159.125, 137.75, 137.375, 30.0, 105.5625, 142.0, 100.4375, 122.5, 144.25, 191.75, 97.9375, 61.0, 44.09375, 78.0625], [65.1875, 77.1875, 15.296875, 58.6875, 33.125, 112.0625, 66.5, 50.09375, 55.0625, 18.4375, 114.5, 167.875, 152.75, 139.0, 122.5625, 90.125, 21.09375, 141.75, 9.8515625, 116.6875, 140.625, 142.125, 172.75, 63.28125, 77.8125, 60.15625, 76.4375, 61.84375, 52.5, 0.0, 49.09375, 9.0546875, 57.125, 84.125, 150.25, 157.625, 55.875, 115.1875, 24.703125, 125.1875, 97.4375, 89.0625, 99.625, 145.625, 21.03125, 78.25, 17.09375, 49.25, 122.375, 166.75, 148.0, 86.6875, 100.0, 112.5625, 127.25, 146.75, 55.09375, 101.375, 105.0, 139.875, 53.84375, 96.75, 87.125, 76.4375, 117.0, 146.875, 44.375, 83.5, 172.625, 100.625, 21.953125, 144.0, 95.6875, 6.70703125, 124.8125, 142.875, 150.75, 120.375, 54.5625, 36.625, 158.875, 58.59375, 99.9375, 37.84375, 55.90625, 80.9375, 87.625, 19.703125, 103.9375, 125.6875, 40.71875, 28.640625, 88.9375, 96.3125, 93.3125, 165.25, 24.171875, 94.0, 164.75, 95.4375, 62.78125, 112.625, 75.4375, 72.5625, 87.9375, 138.625, 118.625, 134.0, 87.0, 84.875, 25.609375, 97.1875, 134.5, 60.09375, 131.5, 134.75, 153.25, 118.625, 66.5, 59.9375, 77.8125], [52.34375, 59.0625, 60.9375, 69.4375, 16.28125, 96.1875, 73.8125, 31.328125, 25.234375, 45.90625, 75.125, 167.25, 144.5, 146.875, 125.3125, 41.0625, 39.46875, 104.8125, 44.5625, 130.75, 99.3125, 155.125, 127.625, 61.40625, 30.890625, 69.375, 122.125, 13.890625, 100.625, 49.09375, 0.0, 45.6875, 106.25, 55.09375, 109.875, 124.0625, 81.0625, 99.75, 73.4375, 95.875, 48.78125, 46.6875, 128.5, 108.1875, 32.8125, 91.6875, 32.65625, 63.59375, 141.5, 137.5, 129.125, 66.8125, 55.0, 113.9375, 90.4375, 141.375, 36.78125, 52.34375, 58.5625, 114.75, 102.4375, 76.5, 38.09375, 97.4375, 98.5, 100.6875, 44.0, 38.0, 132.25, 78.9375, 71.0, 146.375, 46.65625, 55.0, 80.0625, 117.6875, 148.875, 77.5, 82.5, 62.0625, 145.375, 62.28125, 68.75, 34.46875, 91.0, 32.5625, 57.5, 29.828125, 55.0, 128.875, 23.765625, 76.5, 56.71875, 65.1875, 141.125, 132.0, 70.75, 119.125, 134.125, 129.375, 77.8125, 138.375, 104.25, 36.34375, 60.96875, 90.6875, 85.0, 113.5625, 54.375, 41.3125, 74.625, 101.1875, 132.5, 37.1875, 144.875, 130.75, 115.5625, 143.0, 91.8125, 94.0, 94.6875], [56.3125, 81.125, 15.234375, 50.09375, 30.8125, 103.0625, 57.78125, 52.40625, 48.0, 9.484375, 107.1875, 159.25, 143.875, 130.875, 114.0625, 86.375, 12.3671875, 133.875, 16.40625, 109.125, 133.5, 134.625, 166.375, 69.1875, 72.625, 51.46875, 76.875, 57.46875, 55.0, 9.0546875, 45.6875, 0.0, 61.71875, 75.9375, 142.875, 149.25, 49.03125, 106.125, 28.421875, 116.6875, 92.9375, 88.5625, 94.375, 137.75, 23.40625, 70.1875, 17.265625, 40.71875, 115.5, 158.125, 139.0, 90.625, 98.8125, 103.875, 119.4375, 137.875, 46.8125, 97.9375, 103.3125, 131.125, 56.9375, 100.875, 83.625, 69.375, 108.0, 140.75, 49.40625, 82.0, 165.125, 91.8125, 26.90625, 135.5, 92.125, 15.1328125, 118.4375, 134.125, 142.125, 113.625, 48.25, 29.0, 149.75, 65.125, 91.75, 29.40625, 51.53125, 78.1875, 79.5, 19.03125, 100.625, 117.1875, 33.59375, 30.890625, 81.0, 98.5, 95.4375, 156.875, 32.28125, 87.9375, 156.25, 91.375, 54.65625, 106.875, 69.8125, 65.4375, 90.6875, 133.375, 110.5, 125.0625, 88.6875, 84.0, 31.40625, 88.5625, 125.6875, 52.0, 124.0, 125.875, 145.375, 112.625, 60.0, 55.375, 70.1875], [109.6875, 122.3125, 47.375, 88.625, 90.1875, 149.625, 96.0625, 101.9375, 108.9375, 65.875, 166.875, 185.25, 179.25, 150.5, 142.0, 147.25, 72.125, 191.375, 63.0625, 124.5625, 193.25, 147.125, 227.25, 102.0, 134.375, 90.8125, 36.25, 118.8125, 15.1328125, 57.125, 106.25, 61.71875, 0.0, 133.375, 202.0, 204.375, 71.5625, 151.875, 33.3125, 170.875, 154.375, 144.0, 90.875, 195.625, 76.0625, 97.1875, 73.9375, 81.0, 122.6875, 210.0, 184.375, 131.125, 155.625, 135.125, 177.5, 171.0, 105.0, 158.5, 161.125, 181.625, 11.1796875, 140.0, 144.25, 87.0625, 155.875, 202.25, 90.125, 139.625, 223.875, 143.625, 35.21875, 160.75, 152.875, 51.46875, 179.625, 184.5, 171.125, 174.375, 67.375, 66.6875, 189.5, 95.0625, 148.75, 88.0625, 56.03125, 137.875, 137.0, 76.6875, 161.0, 144.125, 94.75, 32.0, 139.25, 145.875, 41.125, 211.5, 39.0625, 92.75, 209.125, 78.875, 86.5, 105.625, 75.3125, 126.0625, 136.25, 195.125, 167.375, 172.75, 138.125, 140.375, 31.765625, 120.3125, 157.0, 110.625, 137.5, 159.125, 203.125, 112.3125, 76.0, 59.21875, 93.0], [25.8125, 112.75, 87.25, 55.46875, 64.0625, 43.875, 53.15625, 86.375, 32.0, 68.875, 35.0, 119.8125, 93.375, 107.5625, 83.9375, 57.46875, 63.6875, 58.1875, 85.6875, 99.625, 60.8125, 119.8125, 97.1875, 116.4375, 39.6875, 53.65625, 134.75, 46.53125, 122.4375, 84.125, 55.09375, 75.9375, 133.375, 0.0, 68.875, 73.5, 76.3125, 47.4375, 101.625, 42.0625, 53.5, 86.25, 114.5, 62.25, 79.1875, 69.4375, 74.6875, 57.8125, 114.125, 84.125, 74.3125, 119.5, 87.1875, 73.0625, 44.09375, 92.1875, 29.15625, 67.125, 85.75, 59.84375, 125.625, 128.25, 58.8125, 81.625, 44.65625, 76.0625, 98.125, 74.9375, 90.4375, 25.0, 101.5, 102.5, 62.1875, 90.75, 53.5, 62.8125, 101.625, 45.625, 80.125, 68.625, 91.8125, 116.875, 15.8125, 46.625, 93.8125, 62.96875, 3.60546875, 72.4375, 69.875, 87.4375, 44.5625, 101.5625, 6.70703125, 112.4375, 157.75, 81.25, 108.1875, 102.375, 81.5, 121.8125, 63.5625, 118.9375, 95.4375, 19.71875, 111.25, 76.5, 34.53125, 58.6875, 102.1875, 80.625, 106.4375, 65.625, 86.3125, 24.046875, 111.1875, 83.25, 69.8125, 121.3125, 82.75, 94.5625, 75.1875], [94.0625, 155.0, 155.375, 122.0, 124.0, 76.9375, 117.8125, 137.5, 95.25, 136.75, 35.78125, 140.375, 109.0625, 145.875, 123.9375, 83.125, 131.0, 16.125, 150.0, 149.0, 11.0, 161.625, 34.375, 166.75, 80.25, 120.0, 203.0, 96.5625, 191.375, 150.25, 109.875, 142.875, 202.0, 68.875, 0.0, 30.8125, 143.25, 78.125, 169.75, 43.40625, 72.25, 115.25, 174.875, 13.0390625, 140.75, 130.5, 138.0, 125.875, 165.125, 50.59375, 75.5, 158.5, 108.1875, 116.6875, 25.609375, 114.1875, 97.0625, 82.75, 102.1875, 54.34375, 194.5, 164.5, 87.0625, 144.25, 70.8125, 32.65625, 152.75, 106.375, 22.46875, 67.625, 169.25, 134.0, 82.75, 157.0, 34.53125, 54.75, 126.1875, 33.125, 147.375, 137.5, 97.0, 169.625, 54.4375, 114.25, 161.5, 96.0, 65.3125, 135.375, 83.4375, 126.5625, 109.5625, 170.125, 62.8125, 143.375, 226.25, 36.0625, 174.375, 162.375, 44.8125, 184.875, 129.0, 175.75, 159.75, 77.8125, 147.0, 49.03125, 37.4375, 67.0, 136.125, 111.625, 174.125, 117.5625, 117.1875, 91.5, 156.125, 112.125, 12.8046875, 176.25, 148.0, 161.75, 136.875], [94.875, 175.375, 159.75, 118.4375, 136.0, 62.625, 112.625, 154.125, 104.5625, 141.75, 50.8125, 114.0, 83.0625, 124.75, 104.9375, 105.375, 136.875, 21.9375, 159.125, 132.375, 38.28125, 141.125, 60.40625, 184.25, 97.625, 116.25, 199.75, 112.0625, 192.125, 157.625, 124.0625, 149.25, 204.375, 73.5, 30.8125, 0.0, 139.25, 62.4375, 173.875, 33.625, 95.1875, 138.5, 163.375, 20.8125, 151.875, 121.625, 147.875, 124.3125, 148.5, 19.84375, 49.09375, 180.0, 133.125, 99.75, 34.375, 89.6875, 102.5, 107.5625, 127.9375, 31.390625, 195.625, 187.0, 108.9375, 135.75, 55.59375, 63.40625, 168.0, 128.625, 33.125, 61.28125, 174.125, 111.1875, 106.3125, 164.125, 60.53125, 30.359375, 101.625, 55.53125, 143.625, 137.875, 69.25, 186.0, 57.71875, 119.875, 157.75, 117.125, 70.0625, 145.5, 108.75, 107.0, 117.875, 173.125, 69.25, 167.0, 223.625, 8.0, 181.5, 151.0, 14.140625, 175.125, 123.875, 161.75, 152.0, 88.4375, 169.25, 79.1875, 39.46875, 45.3125, 158.625, 134.25, 179.25, 104.375, 95.3125, 97.5, 137.0, 90.0, 18.03125, 161.25, 141.625, 157.25, 128.0], [50.59375, 128.875, 44.09375, 21.265625, 72.125, 80.0625, 26.625, 98.8125, 66.5, 41.34375, 111.25, 116.9375, 108.0, 85.0, 72.1875, 114.4375, 45.1875, 130.125, 65.125, 61.28125, 136.375, 86.625, 173.375, 118.25, 96.0, 23.34375, 60.59375, 87.0, 57.0625, 55.875, 81.0625, 49.03125, 71.5625, 76.3125, 143.25, 139.25, 0.0, 81.9375, 51.53125, 105.875, 116.875, 127.75, 47.53125, 134.375, 71.5625, 26.171875, 64.6875, 19.640625, 66.5, 141.875, 113.5, 138.25, 135.5, 64.125, 117.6875, 100.125, 55.53125, 126.5625, 138.125, 113.25, 61.0, 148.5, 113.1875, 20.609375, 86.75, 152.125, 98.25, 118.6875, 163.375, 78.125, 54.78125, 92.4375, 120.5, 58.40625, 129.25, 115.875, 101.4375, 121.8125, 4.47265625, 20.59375, 117.9375, 114.125, 89.0, 47.09375, 18.59375, 111.0625, 79.625, 65.375, 129.5, 74.75, 58.125, 47.3125, 83.0, 143.25, 84.375, 145.625, 68.4375, 39.34375, 141.875, 49.09375, 15.65625, 58.59375, 23.1875, 78.4375, 136.75, 150.375, 106.125, 102.9375, 132.875, 122.3125, 59.125, 49.0, 86.375, 60.4375, 76.0, 88.0625, 141.375, 64.0, 11.1796875, 18.4375, 23.40625], [51.1875, 158.625, 112.375, 63.3125, 105.0, 3.60546875, 55.96875, 130.625, 74.6875, 97.0, 61.625, 73.5625, 45.96875, 69.0, 46.1875, 103.875, 94.3125, 62.09375, 119.9375, 71.1875, 76.3125, 84.125, 112.375, 159.75, 87.0, 61.125, 141.5, 93.25, 138.25, 115.1875, 99.75, 106.125, 151.875, 47.4375, 78.125, 62.4375, 81.9375, 0.0, 125.1875, 34.71875, 98.1875, 133.625, 101.0625, 65.8125, 117.125, 60.8125, 111.1875, 71.375, 87.3125, 60.8125, 33.0625, 165.875, 134.125, 38.59375, 56.03125, 45.5, 65.4375, 112.3125, 132.0, 32.5625, 142.0, 175.0, 105.625, 74.8125, 7.28125, 101.0625, 140.125, 122.375, 92.625, 22.671875, 126.6875, 59.65625, 108.0, 121.0625, 83.5625, 34.84375, 55.90625, 74.5, 86.375, 86.3125, 45.6875, 159.125, 42.0625, 79.25, 100.1875, 110.3125, 46.6875, 109.6875, 114.8125, 49.03125, 82.875, 123.0, 49.6875, 159.75, 165.375, 67.375, 137.0, 88.75, 61.625, 113.1875, 66.3125, 99.5, 91.1875, 66.8125, 158.25, 108.875, 45.09375, 21.03125, 149.5, 128.0, 131.75, 42.0, 42.4375, 63.15625, 78.0625, 38.28125, 70.9375, 99.3125, 82.125, 98.875, 67.0], [79.125, 97.875, 14.421875, 63.0, 57.6875, 122.5, 71.0, 73.25, 75.8125, 33.0, 134.25, 168.375, 157.75, 136.25, 123.4375, 114.375, 39.0625, 159.75, 32.375, 111.8125, 160.625, 136.625, 194.25, 80.625, 101.0625, 65.0, 53.0, 85.6875, 27.890625, 24.703125, 73.4375, 28.421875, 33.3125, 101.625, 169.75, 173.875, 51.53125, 125.1875, 0.0