{"name": "LZB_n120_8", "n": 120, "m": 15, "times": [[0.0, 97.9375, 92.875, 81.75, 82.75, 117.4375, 34.71875, 68.9375, 79.375, 105.3125, 92.1875, 33.9375, 85.25, 65.75, 52.03125, 20.125, 63.0, 39.84375, 75.9375, 47.8125, 118.0625, 51.65625, 124.75, 51.4375, 51.21875, 45.96875, 71.375, 60.21875, 95.0, 92.0625, 70.625, 104.8125, 83.5, 85.125, 69.125, 92.125, 86.0, 97.0, 82.875, 106.4375, 66.0, 55.0, 73.0, 102.75, 101.6875, 134.375, 35.5, 104.0, 81.9375, 60.75, 100.4375, 42.1875, 97.0, 41.4375, 52.25, 60.8125, 73.0, 110.1875, 20.515625, 79.375, 82.8125, 95.5, 104.9375, 62.1875, 81.6875, 101.5625, 63.53125, 33.09375, 61.59375, 86.3125, 83.75, 125.625, 88.5625, 58.71875, 20.390625, 35.15625, 95.75, 38.09375, 53.5, 76.0, 26.46875, 96.0625, 82.0, 117.3125, 82.0, 100.9375, 97.75, 60.75, 85.8125, 102.75, 98.3125, 88.0625, 96.4375, 109.1875, 38.90625, 74.5, 71.3125, 50.8125, 51.40625, 17.09375, 59.1875, 134.5, 31.625, 63.125, 81.25, 73.25, 69.0625, 99.625, 71.5625, 85.375, 62.1875, 63.78125, 121.625, 95.8125, 89.5625, 78.5, 32.0, 65.1875, 65.8125, 56.59375, 82.3125], [97.9375, 0.0, 10.046875, 147.125, 83.0, 36.0625, 80.75, 153.625, 72.0, 152.75, 172.25, 113.0, 183.0, 79.5625, 146.75, 114.8125, 138.625, 111.875, 172.75, 51.53125, 213.375, 147.5, 176.0, 134.75, 90.1875, 142.25, 144.0, 94.8125, 119.625, 101.5625, 93.3125, 202.625, 136.125, 102.375, 106.3125, 134.25, 179.25, 79.8125, 87.3125, 193.875, 141.125, 120.0, 46.1875, 193.125, 199.625, 142.125, 133.375, 43.5625, 116.75, 138.5, 180.125, 65.625, 104.5, 129.75, 53.15625, 142.0, 147.75, 207.5, 93.0625, 44.28125, 21.59375, 124.8125, 55.8125, 83.75, 179.375, 182.25, 143.75, 125.8125, 139.5, 30.0625, 124.1875, 126.3125, 165.0, 130.125, 114.5625, 78.75, 57.5625, 125.625, 139.5, 49.78125, 72.9375, 98.25, 165.125, 136.625, 93.625, 126.1875, 142.5, 146.0, 179.0, 8.0625, 30.671875, 68.0, 152.625, 158.625, 99.3125, 170.875, 107.6875, 148.375, 75.1875, 81.0, 156.375, 185.375, 129.25, 94.4375, 149.75, 25.703125, 126.5625, 183.625, 56.3125, 65.125, 137.25, 42.4375, 131.0, 192.375, 171.625, 47.4375, 114.75, 125.25, 61.84375, 126.0625, 38.46875], [92.875, 10.046875, 0.0, 138.125, 73.0, 46.0, 79.0, 151.5, 61.96875, 143.0, 163.875, 110.5625, 178.125, 81.6875, 142.875, 108.8125, 130.375, 103.9375, 166.75, 48.375, 206.75, 141.375, 178.0, 132.5, 81.25, 136.25, 143.25, 85.5, 109.6875, 105.6875, 83.5625, 197.625, 137.25, 92.4375, 107.875, 136.375, 175.875, 85.5625, 77.25, 186.0, 140.0, 119.3125, 36.40625, 185.625, 194.125, 132.125, 127.9375, 51.90625, 119.0625, 137.0, 179.0, 64.0, 94.4375, 126.75, 45.34375, 140.125, 139.375, 201.5, 86.25, 48.59375, 25.0, 127.9375, 63.625, 85.375, 174.5, 181.0, 142.125, 119.25, 138.0, 20.03125, 126.1875, 116.4375, 164.125, 129.125, 110.4375, 77.0, 47.84375, 122.625, 137.0, 53.53125, 67.0625, 103.0, 157.0, 126.5625, 97.125, 129.75, 144.5, 143.625, 172.0, 18.109375, 21.953125, 58.0, 153.75, 160.625, 98.0, 166.625, 109.4375, 142.625, 75.5, 75.75, 151.875, 187.625, 124.4375, 85.0, 140.875, 24.328125, 126.9375, 175.5, 46.5, 55.09375, 136.0, 33.96875, 121.0, 188.125, 170.0, 51.625, 112.0, 125.3125, 64.0625, 125.125, 43.28125], [81.75, 147.125, 138.125, 0.0, 76.875, 178.125, 115.0625, 128.75, 84.375, 30.8125, 32.28125, 110.6875, 102.5, 146.0, 101.0625, 66.125, 21.09375, 43.0, 76.0625, 113.25, 94.0625, 62.96875, 198.125, 118.625, 56.9375, 64.4375, 141.375, 53.25, 51.78125, 173.625, 58.90625, 113.875, 160.875, 59.9375, 150.625, 171.375, 125.125, 175.5, 72.9375, 58.9375, 135.625, 132.5, 102.8125, 64.375, 103.4375, 83.5625, 74.3125, 171.375, 163.0, 129.75, 158.0, 117.5, 69.5625, 107.375, 95.25, 126.9375, 15.265625, 101.25, 67.125, 149.375, 142.125, 176.625, 176.375, 143.125, 100.875, 157.875, 129.625, 56.8125, 130.25, 121.1875, 164.0, 85.0, 151.875, 132.5, 90.5, 115.0, 108.6875, 106.4375, 117.125, 148.125, 87.3125, 177.125, 33.0625, 63.78125, 163.25, 182.25, 175.875, 122.5625, 63.15625, 154.5, 129.625, 94.0, 170.875, 184.75, 120.25, 106.8125, 152.75, 72.8125, 131.0, 87.125, 94.0625, 207.25, 82.0, 54.5, 5.0, 130.375, 146.75, 45.875, 93.75, 94.375, 132.875, 104.8125, 75.1875, 119.0625, 146.875, 149.625, 107.25, 142.625, 141.875, 131.875, 150.0], [82.75, 83.0, 73.0, 76.875, 0.0, 118.5, 97.625, 151.375, 11.046875, 72.6875, 107.9375, 115.4375, 153.125, 120.4375, 130.75, 85.125, 78.4375, 62.0, 132.5, 75.1875, 163.875, 109.0, 203.75, 134.125, 34.375, 106.0625, 153.5, 29.15625, 37.0, 150.25, 18.96875, 170.125, 160.875, 20.125, 138.25, 166.125, 163.75, 140.25, 4.47265625, 133.75, 148.375, 134.25, 38.0, 136.875, 162.625, 62.9375, 105.5625, 119.4375, 151.75, 143.25, 183.125, 89.625, 22.203125, 124.0, 47.40625, 143.5, 84.125, 165.375, 63.3125, 104.5625, 87.375, 164.25, 128.625, 120.6875, 150.125, 184.125, 146.25, 88.25, 144.125, 53.15625, 156.375, 49.1875, 171.25, 140.125, 102.5625, 96.25, 32.65625, 120.75, 136.0, 106.25, 63.78125, 150.75, 104.8125, 54.0, 139.625, 168.375, 173.25, 143.25, 129.0, 91.0625, 57.78125, 17.796875, 175.75, 187.0, 113.4375, 148.625, 140.375, 115.1875, 106.8125, 72.1875, 132.625, 213.75, 107.4375, 26.3125, 81.0, 76.9375, 147.0, 121.25, 28.15625, 19.234375, 144.375, 48.28125, 50.4375, 167.625, 172.0, 106.3125, 114.25, 143.625, 107.8125, 137.25, 102.1875], [117.4375, 36.0625, 46.0, 178.125, 118.5, 0.0, 91.0625, 160.875, 107.4375, 186.5, 200.625, 123.0, 199.125, 76.6875, 160.125, 136.5, 167.25, 139.625, 193.25, 70.0625, 235.5, 169.0, 167.5, 143.25, 121.625, 163.375, 147.0, 127.4375, 154.75, 88.6875, 127.375, 218.875, 132.5, 137.5, 102.9375, 127.0, 190.125, 62.375, 122.6875, 220.25, 145.5, 123.6875, 80.875, 218.125, 217.625, 178.125, 152.375, 21.03125, 110.0625, 144.25, 183.125, 77.4375, 140.25, 141.0, 82.875, 148.75, 176.875, 227.125, 118.0, 41.625, 36.34375, 114.4375, 32.28125, 82.25, 195.5, 185.5, 150.0, 148.75, 145.125, 66.0, 118.0625, 162.375, 167.625, 134.375, 130.25, 89.375, 93.5625, 137.0, 148.5, 47.15625, 96.1875, 83.375, 192.5, 172.375, 84.0, 114.125, 135.0, 154.125, 202.5, 28.15625, 66.125, 104.0, 148.25, 151.125, 106.5, 184.875, 103.6875, 167.875, 79.3125, 101.9375, 172.0, 176.0, 146.625, 127.5, 180.25, 47.875, 126.3125, 211.125, 91.0625, 101.0, 142.0, 74.3125, 167.0, 206.125, 176.25, 44.0, 125.8125, 126.125, 61.6875, 130.25, 36.71875], [34.71875, 80.75, 79.0, 115.0625, 97.625, 91.0625, 0.0, 72.8125, 90.6875, 136.125, 126.875, 32.5625, 108.4375, 31.140625, 69.125, 54.40625, 97.25, 72.1875, 105.4375, 31.40625, 148.375, 83.375, 107.3125, 54.125, 73.8125, 77.5, 64.625, 83.1875, 119.4375, 58.84375, 91.25, 128.0, 64.375, 106.25, 40.8125, 68.5625, 99.75, 62.375, 99.25, 140.375, 61.125, 41.21875, 73.8125, 136.0, 127.5, 156.75, 64.625, 74.5, 54.40625, 58.0, 100.0625, 15.1328125, 116.375, 50.15625, 53.53125, 61.28125, 107.375, 137.875, 48.65625, 50.0, 61.125, 67.4375, 73.125, 28.078125, 104.8125, 102.0, 63.125, 67.375, 59.0, 80.25, 58.71875, 145.375, 85.375, 50.34375, 40.375, 2.0, 99.3125, 46.09375, 58.9375, 45.34375, 34.65625, 62.125, 116.6875, 141.875, 48.375, 72.0625, 75.8125, 65.3125, 118.1875, 83.1875, 91.8125, 96.625, 80.125, 90.1875, 19.234375, 93.8125, 43.0, 80.0, 16.765625, 29.40625, 81.1875, 117.3125, 57.5, 85.5, 115.0, 55.21875, 51.4375, 134.125, 77.125, 93.25, 57.09375, 60.9375, 143.625, 115.125, 91.0625, 48.28125, 34.9375, 48.84375, 32.8125, 46.53125, 54.375], [68.9375, 153.625, 151.5, 128.75, 151.375, 160.875, 72.8125, 0.0, 148.375, 158.375, 121.625, 41.0, 56.75, 85.9375, 28.171875, 69.375, 107.8125, 98.25, 72.3125, 103.1875, 108.5, 68.0, 73.0, 19.0, 118.5625, 65.0, 21.546875, 126.75, 158.625, 92.75, 137.875, 72.0, 49.40625, 151.625, 65.125, 63.3125, 32.65625, 113.875, 151.25, 120.5, 18.59375, 38.28125, 139.75, 111.625, 77.5, 198.375, 54.65625, 141.875, 68.0, 17.203125, 31.765625, 87.9375, 164.0, 27.515625, 118.375, 12.0859375, 114.8125, 91.1875, 88.125, 119.25, 133.75, 76.9375, 136.625, 80.125, 54.125, 32.6875, 11.3984375, 73.5625, 16.40625, 150.25, 62.78125, 191.625, 23.015625, 27.796875, 48.84375, 74.8125, 163.75, 31.046875, 15.5234375, 113.625, 92.75, 99.75, 110.6875, 179.75, 88.5, 82.75, 62.8125, 8.25, 93.0625, 155.875, 162.125, 156.875, 50.03125, 64.0, 54.8125, 38.84375, 65.75, 58.1875, 81.625, 82.75, 39.8125, 80.9375, 48.09375, 129.875, 125.9375, 128.0, 42.8125, 121.3125, 139.75, 154.125, 20.515625, 128.625, 186.25, 53.84375, 20.609375, 116.8125, 40.125, 40.375, 99.1875, 31.625, 124.625], [79.375, 72.0, 61.96875, 84.375, 11.046875, 107.4375, 90.6875, 148.375, 0.0, 82.75, 114.5625, 110.9375, 154.125, 111.8125, 129.25, 84.375, 83.625, 64.125, 135.0, 66.3125, 168.25, 110.625, 197.625, 130.5, 35.5, 107.25, 149.0, 33.09375, 47.8125, 141.5, 25.5, 171.75, 154.625, 30.671875, 130.875, 159.25, 162.75, 130.375, 15.296875, 139.75, 144.0, 128.75, 27.078125, 142.25, 164.875, 73.25, 105.25, 108.5625, 144.25, 139.125, 179.75, 81.5625, 33.0625, 120.8125, 38.59375, 139.875, 90.1875, 168.625, 61.1875, 94.25, 76.5, 156.5, 117.875, 112.4375, 151.0, 181.0, 142.5, 89.0625, 140.0, 42.1875, 149.25, 58.875, 167.375, 135.25, 99.625, 89.1875, 24.40625, 117.375, 132.875, 96.1875, 57.96875, 141.625, 110.5625, 65.0, 130.875, 160.375, 166.5, 140.125, 133.125, 80.0625, 47.40625, 10.4375, 169.875, 180.75, 107.4375, 148.375, 133.0, 116.0625, 98.6875, 67.125, 132.375, 207.625, 106.1875, 30.890625, 88.25, 66.3125, 141.0, 127.625, 17.46875, 10.0, 140.0, 37.9375, 61.0, 168.0, 168.875, 96.125, 110.0625, 137.875, 98.5, 132.25, 91.6875], [105.3125, 152.75, 143.0, 30.8125, 72.6875, 186.5, 136.125, 158.375, 82.75, 0.0, 56.71875, 136.875, 133.125, 166.0, 131.0, 92.6875, 50.90625, 65.5625, 106.5, 128.0, 119.9375, 93.625, 226.25, 147.0, 67.125, 94.75, 169.75, 59.6875, 37.46875, 195.0, 59.46875, 143.75, 187.375, 52.6875, 174.25, 197.125, 155.875, 193.375, 68.25, 82.0625, 163.875, 158.75, 106.625, 89.6875, 133.0, 57.03125, 103.6875, 183.125, 187.25, 158.125, 188.125, 135.75, 57.28125, 135.625, 105.25, 155.625, 46.03125, 129.5, 87.5625, 163.375, 152.0, 200.75, 189.875, 164.0, 131.5, 188.125, 158.5, 85.1875, 158.625, 124.0625, 189.0, 62.65625, 181.375, 159.875, 117.25, 135.75, 105.125, 134.25, 146.0, 163.125, 104.5, 197.75, 61.34375, 38.84375, 184.375, 206.125, 202.25, 151.875, 92.0, 160.625, 130.125, 90.4375, 198.5, 212.125, 144.25, 137.625, 176.5, 103.375, 150.875, 106.875, 124.625, 235.5, 110.8125, 59.21875, 35.0, 140.375, 173.125, 69.1875, 96.5625, 91.9375, 160.875, 112.3125, 51.65625, 149.75, 176.875, 164.25, 133.75, 169.0, 159.25, 158.875, 162.875], [92.1875, 172.25, 163.875, 32.28125, 107.9375, 200.625, 126.875, 121.625, 114.5625, 56.71875, 0.0, 114.0625, 82.75, 157.875, 93.625, 72.8125, 33.59375, 61.0625, 55.90625, 132.375, 63.28125, 54.125, 194.125, 115.9375, 83.4375, 58.25, 138.0, 82.0, 83.9375, 182.75, 89.375, 89.875, 161.25, 91.9375, 157.0, 173.375, 110.0, 189.25, 104.25, 26.6875, 132.5, 134.625, 130.125, 33.0625, 78.375, 113.1875, 71.6875, 191.375, 168.125, 126.875, 147.375, 132.875, 101.8125, 105.75, 119.1875, 122.8125, 24.765625, 73.375, 83.6875, 168.0, 164.25, 181.25, 194.625, 154.0, 82.0625, 146.625, 125.3125, 60.3125, 127.125, 148.5, 167.5, 116.375, 144.125, 132.0, 94.0, 127.375, 139.0, 106.0625, 113.0625, 165.625, 105.5625, 187.375, 11.1796875, 94.0, 173.25, 187.125, 176.625, 117.0, 37.4375, 179.25, 157.875, 124.5625, 168.625, 182.875, 127.25, 91.8125, 159.0, 63.5625, 143.625, 102.5, 82.75, 202.5, 80.625, 83.8125, 27.515625, 152.875, 148.25, 13.6015625, 121.8125, 124.5625, 130.5, 130.0, 106.0625, 99.0625, 136.875, 167.75, 110.125, 144.125, 157.25, 132.375, 169.5], [33.9375, 113.0, 110.5625, 110.6875, 115.4375, 123.0, 32.5625, 41.0, 110.9375, 136.875, 114.0625, 0.0, 78.5, 53.25, 38.21875, 44.59375, 90.25, 71.6875, 80.5, 62.1875, 123.0625, 62.96875, 90.9375, 22.015625, 85.0625, 57.5625, 38.09375, 94.125, 128.875, 71.1875, 104.375, 97.6875, 50.53125, 119.0, 43.5625, 60.71875, 67.25, 84.875, 115.9375, 122.0, 33.09375, 21.9375, 99.6875, 115.6875, 98.625, 168.375, 43.40625, 105.375, 54.0, 28.453125, 70.375, 47.53125, 130.75, 18.03125, 78.3125, 30.265625, 99.4375, 110.1875, 54.4375, 81.5, 93.6875, 67.1875, 102.1875, 47.8125, 74.9375, 72.0, 32.5625, 54.90625, 29.40625, 109.375, 53.75, 159.5, 56.90625, 24.84375, 20.390625, 34.46875, 124.3125, 14.2109375, 26.46875, 76.3125, 53.5, 76.875, 103.0, 151.125, 63.15625, 73.125, 65.375, 33.125, 96.8125, 115.6875, 121.25, 118.6875, 62.625, 75.6875, 17.6875, 62.625, 45.40625, 56.625, 44.40625, 43.875, 51.84375, 100.6875, 34.53125, 97.0, 109.1875, 87.3125, 36.25, 118.3125, 100.5625, 115.6875, 29.0625, 88.125, 155.625, 83.5, 60.40625, 79.375, 4.125, 32.1875, 62.4375, 22.671875, 86.3125], [85.25, 183.0, 178.125, 102.5, 153.125, 199.125, 108.4375, 56.75, 154.125, 133.125, 82.75, 78.5, 0.0, 131.625, 40.375, 71.375, 84.875, 91.1875, 27.015625, 132.0, 52.15625, 44.40625, 126.0625, 64.125, 119.0, 47.0, 78.1875, 124.25, 146.625, 145.375, 135.5, 19.71875, 105.9375, 145.875, 116.8125, 119.875, 30.8125, 162.75, 151.25, 72.0, 74.3125, 88.8125, 155.5, 61.75, 21.03125, 183.875, 50.6875, 182.875, 122.5625, 70.75, 71.375, 121.75, 158.375, 60.96875, 136.125, 65.0, 87.25, 34.46875, 95.6875, 158.375, 166.625, 132.75, 180.5, 126.0625, 3.60546875, 69.875, 66.125, 65.0, 70.375, 170.625, 118.3125, 181.75, 74.0, 80.5, 69.125, 110.0, 175.125, 64.375, 58.65625, 153.625, 111.3125, 152.0, 73.875, 164.0, 139.25, 138.75, 119.5625, 57.375, 46.40625, 187.375, 182.375, 164.25, 106.1875, 119.6875, 96.1875, 18.03125, 118.0, 38.0625, 122.5, 102.3125, 27.203125, 132.5, 53.71875, 127.3125, 98.125, 157.875, 97.5625, 77.1875, 151.75, 162.5, 74.875, 148.125, 173.625, 16.640625, 63.1875, 156.625, 74.9375, 94.375, 140.375, 83.25, 162.625], [65.75, 79.5625, 81.6875, 146.0, 120.4375, 76.6875, 31.140625, 85.9375, 111.8125, 166.0, 157.875, 53.25, 131.625, 0.0, 91.3125, 85.125, 128.375, 103.0, 132.75, 45.59375, 175.625, 112.375, 96.4375, 70.0, 101.5625, 106.625, 70.5, 110.6875, 146.5, 29.96875, 117.375, 150.625, 57.125, 132.0, 27.078125, 54.71875, 117.0625, 32.1875, 122.8125, 170.5, 69.4375, 47.84375, 89.8125, 165.5, 151.875, 182.0, 93.0625, 56.625, 37.34375, 68.875, 106.5, 31.390625, 141.0, 70.75, 73.25, 73.9375, 138.5, 163.375, 79.1875, 37.0, 57.96875, 46.875, 50.59375, 5.83203125, 128.125, 108.9375, 74.6875, 98.0, 69.75, 90.125, 44.65625, 169.5, 90.9375, 58.59375, 68.0, 31.015625, 114.6875, 67.25, 75.625, 31.015625, 62.09375, 31.78125, 147.5, 168.625, 19.234375, 49.6875, 62.9375, 80.125, 147.25, 78.9375, 99.875, 115.625, 73.4375, 79.125, 35.59375, 115.25, 28.28125, 107.8125, 15.1328125, 59.3125, 105.125, 105.9375, 85.0, 112.625, 146.0, 58.125, 49.65625, 164.75, 95.875, 112.0625, 66.1875, 76.375, 169.0, 135.5, 99.9375, 34.0, 57.0, 49.46875, 17.71875, 54.5625, 43.03125], [52.03125, 146.75, 142.875, 101.0625, 130.75, 160.125, 69.125, 28.171875, 129.25, 131.0, 93.625, 38.21875, 40.375, 91.3125, 0.0, 45.875, 80.125, 73.4375, 47.375, 95.1875, 87.6875, 39.8125, 100.5625, 25.703125, 96.75, 36.90625, 45.28125, 104.1875, 133.75, 106.0, 115.5, 59.46875, 71.1875, 128.5, 77.375, 84.5625, 34.0, 122.4375, 130.0, 94.1875, 40.0625, 49.78125, 125.0625, 86.0, 60.8125, 173.375, 27.796875, 143.25, 84.4375, 35.0, 57.28125, 83.1875, 141.0, 20.609375, 104.25, 30.0625, 86.8125, 73.0625, 68.0625, 119.0, 129.0, 95.8125, 140.375, 85.6875, 36.875, 57.375, 32.25, 47.1875, 35.0, 138.0, 81.25, 167.75, 51.09375, 42.96875, 32.5625, 70.8125, 147.375, 24.046875, 21.09375, 114.0625, 78.3125, 112.375, 82.625, 154.25, 99.3125, 101.875, 86.0, 23.53125, 67.0, 150.375, 150.125, 138.625, 75.8125, 90.125, 55.875, 24.703125, 78.75, 30.078125, 82.4375, 68.5, 14.8671875, 108.875, 23.40625, 107.3125, 98.0, 121.125, 60.40625, 93.9375, 123.1875, 136.25, 39.0625, 115.625, 161.5, 46.0625, 45.96875, 117.0625, 34.84375, 56.75, 100.4375, 44.9375, 123.5], [20.125, 114.8125, 108.8125, 66.125, 85.125, 136.5, 54.40625, 69.375, 84.375, 92.6875, 72.8125, 44.59375, 71.375, 85.125, 45.875, 0.0, 45.90625, 29.0, 57.96875, 66.4375, 99.1875, 32.8125, 133.75, 55.21875, 50.96875, 27.453125, 77.625, 58.3125, 89.1875, 110.1875, 69.625, 90.25, 94.9375, 82.75, 85.375, 105.3125, 78.625, 116.75, 84.1875, 86.3125, 71.8125, 66.5, 84.1875, 82.6875, 85.625, 129.0, 21.03125, 123.8125, 97.3125, 66.0625, 100.9375, 62.25, 95.25, 43.875, 65.1875, 64.375, 55.4375, 92.8125, 24.328125, 99.3125, 101.25, 110.8125, 125.0625, 81.1875, 68.0625, 101.5625, 67.1875, 13.0, 66.6875, 99.625, 98.0, 122.4375, 91.4375, 67.25, 24.59375, 55.03125, 104.1875, 42.0, 55.21875, 96.0625, 41.875, 114.625, 62.375, 110.5625, 100.5, 116.5625, 109.9375, 61.84375, 66.0625, 120.1875, 111.3125, 94.125, 105.8125, 119.5, 55.09375, 64.0625, 87.4375, 34.1875, 71.1875, 34.65625, 48.03125, 143.125, 22.46875, 61.46875, 64.75, 91.0625, 80.75, 79.6875, 80.5, 92.0, 68.625, 77.25, 116.8125, 84.125, 89.5625, 98.5, 41.21875, 76.6875, 85.9375, 66.1875, 102.0], [63.0, 138.625, 130.375, 21.09375, 78.4375, 167.25, 97.25, 107.8125, 83.625, 50.90625, 33.59375, 90.25, 84.875, 128.375, 80.125, 45.90625, 0.0, 27.734375, 59.65625, 99.5625, 85.625, 43.0, 177.125, 97.5, 50.59375, 43.875, 120.375, 50.53125, 62.65625, 155.0, 59.46875, 98.25, 140.125, 65.5, 131.125, 151.0, 105.4375, 158.875, 75.3125, 56.625, 114.5, 112.0, 97.0625, 58.59375, 88.8125, 99.0, 53.25, 158.5, 143.25, 108.6875, 137.25, 101.4375, 77.125, 86.3125, 85.625, 105.8125, 10.1953125, 89.0, 51.25, 135.375, 130.875, 156.75, 162.25, 125.125, 82.875, 137.25, 108.5625, 35.84375, 109.1875, 115.375, 143.875, 97.6875, 130.75, 111.625, 69.9375, 97.4375, 107.8125, 85.5, 96.0625, 133.5, 72.8125, 159.0, 27.203125, 79.125, 145.0, 162.375, 155.25, 101.5, 51.34375, 145.625, 125.125, 93.9375, 149.875, 163.875, 100.6875, 87.375, 133.25, 52.625, 113.625, 70.8125, 73.875, 186.25, 60.90625, 52.8125, 18.96875, 119.375, 126.1875, 45.28125, 89.1875, 93.5, 111.8125, 96.4375, 89.0, 101.25, 126.0625, 135.375, 86.6875, 122.0625, 125.9375, 111.0625, 136.75], [39.84375, 111.875, 103.9375, 43.0, 62.0, 139.625, 72.1875, 98.25, 64.125, 65.5625, 61.0625, 71.6875, 91.1875, 103.0, 73.4375, 29.0, 27.734375, 0.0, 70.875, 71.875, 105.5625, 47.0, 162.0, 84.1875, 28.640625, 44.28125, 106.375, 33.0625, 60.46875, 130.875, 44.28125, 108.0625, 122.1875, 55.65625, 108.9375, 131.625, 104.375, 132.5, 60.0625, 82.0, 100.6875, 93.5625, 72.375, 82.0, 100.8125, 100.1875, 46.09375, 130.75, 121.75, 94.9375, 129.625, 74.6875, 68.3125, 72.8125, 58.71875, 93.3125, 37.6875, 104.5625, 24.1875, 107.8125, 103.25, 135.375, 134.75, 100.25, 88.375, 130.125, 96.1875, 27.203125, 95.5625, 90.1875, 123.5, 94.375, 120.4375, 95.4375, 52.8125, 72.0625, 87.0, 70.8125, 84.25, 106.0625, 45.21875, 134.25, 53.25, 81.5625, 120.5, 140.75, 136.875, 90.8125, 70.1875, 118.5625, 100.6875, 74.5, 134.0, 147.375, 78.75, 88.0625, 111.125, 53.59375, 88.0, 44.1875, 72.4375, 171.625, 50.46875, 36.125, 43.40625, 91.8125, 107.8125, 71.8125, 65.75, 73.25, 97.3125, 70.0625, 88.1875, 106.0625, 118.25, 107.875, 68.8125, 103.8125, 99.125, 94.0625, 109.0], [75.9375, 172.75, 166.75, 76.0625, 132.5, 193.25, 105.4375, 72.3125, 135.0, 106.5, 55.90625, 80.5, 27.015625, 132.75, 47.375, 57.96875, 59.65625, 70.875, 0.0, 123.6875, 43.0, 25.5, 145.0, 73.0, 99.4375, 30.53125, 92.0, 103.375, 122.1875, 151.375, 114.1875, 38.625, 118.5, 123.125, 123.0625, 132.0, 54.71875, 164.875, 130.25, 48.5, 87.0625, 96.3125, 140.25, 39.3125, 30.0625, 158.5, 41.03125, 179.0, 131.25, 82.3125, 93.75, 116.75, 135.375, 65.8125, 122.5625, 77.125, 60.9375, 34.875, 80.9375, 154.25, 158.625, 143.0, 178.5, 127.625, 26.171875, 92.6875, 79.0, 47.9375, 82.25, 156.625, 128.5, 157.25, 93.1875, 90.25, 65.1875, 106.6875, 157.375, 68.0, 68.5, 150.25, 99.875, 157.25, 46.875, 138.5, 143.625, 149.0, 133.25, 70.0, 21.1875, 178.125, 168.125, 145.375, 122.125, 136.25, 97.5, 37.15625, 124.625, 25.5, 121.25, 92.1875, 33.0, 152.375, 48.0, 106.3125, 71.5625, 148.75, 107.6875, 51.46875, 135.0, 144.0, 86.375, 134.625, 148.625, 43.59375, 84.125, 153.0, 76.5, 103.9375, 138.25, 92.0, 157.625], [47.8125, 51.53125, 48.375, 113.25, 75.1875, 70.0625, 31.40625, 103.1875, 66.3125, 128.0, 132.375, 62.1875, 132.0, 45.59375, 95.1875, 66.4375, 99.5625, 71.875, 123.6875, 0.0, 165.5, 99.0625, 136.5, 84.1875, 61.03125, 93.5, 96.0, 69.375, 103.8125, 75.1875, 74.1875, 151.625, 93.9375, 88.25, 66.875, 95.9375, 127.8125, 66.5, 77.8125, 150.625, 92.4375, 72.5625, 44.8125, 148.25, 149.25, 137.5, 83.25, 59.03125, 79.8125, 89.0625, 131.25, 17.46875, 96.25, 78.4375, 27.78125, 92.0, 109.5625, 158.0, 48.75, 36.125, 35.0, 91.3125, 63.0625, 46.65625, 128.375, 133.125, 94.0, 78.625, 90.0625, 49.03125, 85.6875, 124.375, 116.75, 81.75, 63.15625, 29.421875, 70.1875, 74.3125, 88.5625, 35.125, 26.828125, 75.5625, 123.5625, 125.3125, 64.625, 94.75, 103.75, 95.3125, 132.375, 55.46875, 60.40625, 70.0625, 110.1875, 119.0625, 50.625, 119.375, 68.8125, 98.625, 33.40625, 31.828125, 105.125, 146.375, 78.375, 70.6875, 114.5625, 26.0, 81.9375, 142.0, 50.34375, 66.5, 88.375, 31.40625, 124.625, 141.0, 122.0, 36.5, 63.625, 79.6875, 32.90625, 77.9375, 37.15625], [118.0625, 213.375, 206.75, 94.0625, 163.875, 235.5, 148.375, 108.5, 168.25, 119.9375, 63.28125, 123.0625, 52.15625, 175.625, 87.6875, 99.1875, 85.625, 105.5625, 43.0, 165.5, 0.0, 66.5, 178.0, 113.1875, 133.5, 72.125, 129.625, 135.375, 145.5, 193.375, 144.875, 43.96875, 157.125, 150.875, 164.75, 171.0, 82.0625, 207.625, 160.875, 38.90625, 125.375, 137.375, 177.625, 30.265625, 33.375, 176.5, 83.875, 221.75, 172.125, 121.3125, 122.4375, 159.5, 162.0, 107.4375, 161.75, 115.6875, 81.75, 19.921875, 120.4375, 197.0, 200.375, 183.125, 221.5, 170.5, 54.4375, 120.625, 117.125, 87.625, 121.0625, 195.0, 168.625, 179.0, 126.125, 130.25, 108.25, 149.625, 192.0, 110.0, 108.1875, 193.125, 140.75, 199.5, 61.21875, 157.125, 186.0, 189.125, 171.25, 108.1875, 35.34375, 219.125, 205.875, 178.75, 158.25, 171.875, 140.25, 69.75, 166.25, 68.4375, 164.25, 133.75, 72.8125, 184.125, 91.0, 137.875, 89.0625, 190.125, 147.75, 51.0, 171.25, 177.875, 125.4375, 173.625, 169.0, 61.8125, 115.0, 195.75, 119.0625, 144.25, 181.25, 132.5, 200.25], [51.65625, 147.5, 141.375, 62.96875, 109.0, 169.0, 83.375, 68.0, 110.625, 93.625, 54.125, 62.96875, 44.40625, 112.375, 39.8125, 32.8125, 43.0, 47.0, 25.5, 99.0625, 66.5, 0.0, 140.125, 61.96875, 75.25, 5.83203125, 83.9375, 80.0, 102.8125, 133.875, 91.125, 61.125, 107.6875, 101.4375, 106.5625, 120.1875, 62.4375, 144.625, 107.0625, 59.03125, 78.3125, 82.0, 114.8125, 53.15625, 54.5625, 141.0, 19.640625, 155.625, 116.4375, 72.75, 95.625, 93.4375, 113.9375, 52.15625, 97.0625, 68.6875, 48.09375, 60.375, 55.46875, 130.875, 134.0, 129.125, 155.875, 107.6875, 41.78125, 95.25, 71.1875, 22.46875, 73.0, 131.125, 115.0, 137.875, 90.8125, 78.4375, 44.59375, 84.375, 132.625, 53.0, 58.9375, 127.1875, 74.625, 139.25, 43.0, 121.1875, 125.3125, 135.125, 122.9375, 62.96875, 34.875, 153.0, 142.625, 120.9375, 114.5, 128.75, 78.4375, 44.40625, 108.3125, 10.0, 99.75, 67.375, 31.109375, 148.5, 28.4375, 83.0625, 59.40625, 123.875, 95.0625, 56.03125, 109.875, 119.375, 76.5, 109.125, 130.125, 59.90625, 84.625, 129.75, 58.84375, 91.0625, 115.9375, 79.125, 134.0], [124.75, 176.0, 178.0, 198.125, 203.75, 167.5, 107.3125, 73.0, 197.625, 226.25, 194.125, 90.9375, 126.0625, 96.4375, 100.5625, 133.75, 177.125, 162.0, 145.0, 136.5, 178.0, 140.125, 0.0, 79.625, 175.375, 136.5, 56.8125, 184.625, 219.75, 79.0, 194.5, 136.75, 43.0, 209.25, 70.375, 41.75, 96.0625, 106.0, 204.75, 193.375, 62.625, 70.0, 180.75, 184.25, 145.125, 259.0, 124.375, 146.5, 59.1875, 68.4375, 57.0625, 119.0625, 220.625, 90.8125, 160.875, 71.6875, 185.125, 159.125, 145.125, 132.5, 154.375, 53.09375, 136.0, 92.6875, 124.125, 59.4375, 69.0625, 141.375, 68.0, 184.75, 51.875, 249.625, 52.15625, 66.625, 109.3125, 109.0, 206.375, 91.9375, 81.5625, 126.625, 140.0, 85.0, 183.125, 242.0, 83.875, 54.09375, 33.53125, 77.1875, 165.875, 174.875, 195.25, 203.875, 28.3125, 17.46875, 90.25, 109.375, 68.6875, 130.625, 103.8125, 131.75, 112.8125, 10.0, 116.25, 187.375, 195.875, 154.125, 56.71875, 194.25, 184.5, 200.5, 65.375, 167.625, 246.25, 117.5, 63.03125, 129.25, 93.4375, 60.15625, 114.1875, 68.25, 138.5], [51.4375, 134.75, 132.5, 118.625, 134.125, 143.25, 54.125, 19.0, 130.5, 147.0, 115.9375, 22.015625, 64.125, 70.0, 25.703125, 55.21875, 97.5, 84.1875, 73.0, 84.1875, 113.1875, 61.96875, 79.625, 0.0, 102.0625, 57.71875, 22.828125, 110.6875, 143.875, 81.3125, 121.5, 82.0, 46.0, 135.625, 52.6875, 59.125, 47.15625, 99.6875, 134.25, 119.0, 17.0, 24.703125, 121.0, 111.25, 85.0625, 183.625, 44.9375, 124.8125, 58.875, 11.1796875, 49.34375, 69.25, 147.875, 11.3984375, 99.625, 9.4375, 105.625, 97.9375, 71.375, 101.625, 115.1875, 70.0625, 120.375, 64.1875, 60.90625, 50.6875, 12.203125, 61.90625, 11.6640625, 131.25, 55.53125, 176.0, 37.21875, 17.265625, 32.1875, 56.09375, 145.25, 13.6015625, 5.65625, 96.1875, 74.1875, 87.9375, 104.8125, 165.5, 75.4375, 76.1875, 61.125, 11.1796875, 92.125, 137.375, 143.125, 138.875, 52.8125, 67.0625, 36.78125, 46.625, 53.84375, 53.25, 63.96875, 64.3125, 40.53125, 88.6875, 36.6875, 113.75, 116.25, 109.1875, 34.71875, 117.75, 121.3125, 136.0, 14.5625, 109.75, 171.125, 65.75, 38.84375, 99.3125, 21.21875, 31.046875, 81.8125, 19.3125, 106.75], [51.21875, 90.1875, 81.25, 56.9375, 34.375, 121.625, 73.8125, 118.5625, 35.5, 67.125, 83.4375, 85.0625, 119.0, 101.5625, 96.75, 50.96875, 50.59375, 28.640625, 99.4375, 61.03125, 133.5, 75.25, 175.375, 102.0625, 0.0, 72.0, 122.625, 9.4375, 45.65625, 131.25, 19.421875, 136.375, 133.25, 33.96875, 114.25, 140.375, 129.5, 127.0, 33.25, 107.1875, 117.1875, 105.375, 46.65625, 108.5625, 129.375, 83.875, 71.1875, 116.5, 127.75, 111.8125, 150.25, 70.3125, 45.8125, 91.4375, 38.90625, 111.5, 58.6875, 133.125, 30.8125, 96.25, 86.0, 141.0, 122.8125, 100.3125, 116.0, 151.125, 114.25, 54.03125, 112.625, 65.0625, 131.125, 74.4375, 139.25, 109.875, 70.0, 72.9375, 58.53125, 88.5, 103.4375, 96.0, 39.5625, 133.25, 77.8125, 68.125, 120.5, 145.875, 146.875, 110.5625, 98.25, 97.625, 74.5, 45.90625, 147.125, 159.375, 86.375, 114.25, 116.5, 81.0, 86.625, 44.9375, 98.3125, 185.25, 73.375, 12.0390625, 59.625, 74.3125, 119.0, 95.75, 38.59375, 44.65625, 113.4375, 47.875, 70.9375, 133.25, 139.125, 97.0625, 83.25, 115.375, 92.9375, 107.5625, 95.875], [45.96875, 142.25, 136.25, 64.4375, 106.0625, 163.375, 77.5, 65.0, 107.25, 94.75, 58.25, 57.5625, 47.0, 106.625, 36.90625, 27.453125, 43.875, 44.28125, 30.53125, 93.5, 72.125, 5.83203125, 136.5, 57.71875, 72.0, 0.0, 80.0, 77.3125, 101.75, 128.375, 88.5625, 64.625, 103.125, 99.4375, 101.125, 115.4375, 62.25, 138.75, 104.3125, 64.5625, 74.3125, 77.0, 110.375, 58.875, 58.8125, 140.375, 14.140625, 149.75, 111.25, 68.6875, 93.625, 87.625, 112.0625, 47.53125, 92.1875, 64.875, 50.0, 65.375, 50.6875, 125.125, 128.375, 124.0625, 150.125, 101.9375, 44.09375, 93.4375, 67.4375, 18.25, 68.9375, 126.4375, 110.0, 136.75, 88.0, 73.8125, 38.90625, 78.5625, 128.75, 48.09375, 55.03125, 121.375, 69.3125, 133.625, 47.0625, 120.8125, 119.625, 130.0, 118.375, 59.5, 40.71875, 147.625, 138.0, 117.4375, 110.4375, 124.75, 72.8125, 44.78125, 102.9375, 9.484375, 93.9375, 61.84375, 30.234375, 145.125, 23.09375, 80.375, 61.21875, 118.375, 90.25, 61.0, 105.75, 115.75, 72.25, 104.25, 129.375, 61.8125, 82.4375, 124.0, 53.46875, 86.1875, 110.125, 74.3125, 128.25], [71.375, 144.0, 143.25, 141.375, 153.5, 147.0, 64.625, 21.546875, 149.0, 169.75, 138.0, 38.09375, 78.1875, 70.5, 45.28125, 77.625, 120.375, 106.375, 92.0, 96.0, 129.625, 83.9375, 56.8125, 22.828125, 122.625, 80.0, 0.0, 131.5, 165.5, 72.9375, 142.0, 93.5, 27.859375, 156.5, 46.65625, 41.78125, 53.53125, 95.6875, 154.0, 139.375, 5.83203125, 24.015625, 136.625, 131.0, 99.0, 205.125, 67.625, 127.125, 47.4375, 11.6640625, 36.34375, 79.3125, 168.375, 34.125, 115.4375, 15.296875, 128.375, 112.625, 91.8125, 106.125, 123.1875, 55.5625, 120.5625, 64.875, 75.4375, 38.625, 13.0390625, 84.75, 11.1796875, 144.75, 41.625, 197.0, 21.03125, 14.3203125, 53.75, 66.625, 161.625, 35.59375, 25.0, 100.25, 91.3125, 80.0625, 126.9375, 187.375, 69.875, 61.28125, 41.59375, 22.0, 112.1875, 145.375, 156.375, 156.625, 30.59375, 44.90625, 45.40625, 60.15625, 46.875, 74.75, 69.375, 81.8125, 59.0, 65.875, 59.46875, 134.5, 139.125, 119.0625, 22.796875, 139.125, 138.125, 153.5, 9.21875, 124.4375, 192.625, 75.1875, 29.546875, 103.375, 39.40625, 21.46875, 85.6875, 18.109375, 111.8125], [60.21875, 94.8125, 85.5, 53.25, 29.15625, 127.4375, 83.1875, 126.75, 33.09375, 59.6875, 82.0, 94.125, 124.25, 110.6875, 104.1875, 58.3125, 50.53125, 33.0625, 103.375, 69.375, 135.375, 80.0, 184.625, 110.6875, 9.4375, 77.3125, 131.5, 0.0, 36.25, 140.5, 11.3984375, 141.0, 142.625, 25.0, 123.6875, 149.875, 136.375, 135.625, 27.015625, 106.875, 126.0625, 114.625, 49.65625, 109.125, 133.5, 74.5, 77.875, 123.5, 137.25, 120.625, 158.5, 79.375, 37.21875, 99.875, 45.53125, 120.125, 57.4375, 136.25, 39.6875, 104.0, 92.4375, 150.5, 130.25, 109.5625, 121.4375, 159.25, 122.875, 59.84375, 121.375, 68.0, 140.625, 65.4375, 147.875, 118.9375, 78.5, 82.3125, 57.3125, 97.0625, 111.8125, 104.0625, 48.84375, 142.375, 77.5, 58.65625, 129.75, 155.25, 156.25, 118.875, 100.3125, 102.4375, 76.4375, 43.46875, 156.25, 168.625, 95.8125, 120.625, 125.875, 86.5625, 95.875, 54.375, 104.8125, 194.5, 80.75, 3.162109375, 56.59375, 80.8125, 128.375, 94.875, 40.46875, 42.9375, 122.3125, 53.15625, 61.625, 139.0, 147.25, 105.0, 92.1875, 124.625, 101.625, 116.6875, 103.3125], [95.0, 119.625, 109.6875, 51.78125, 37.0, 154.75, 119.4375, 158.625, 47.8125, 37.46875, 83.9375, 128.875, 146.625, 146.5, 133.75, 89.1875, 62.65625, 60.46875, 122.1875, 103.8125, 145.5, 102.8125, 219.75, 143.875, 45.65625, 101.75, 165.5, 36.25, 0.0, 176.375, 29.609375, 160.875, 178.25, 17.265625, 159.875, 185.875, 163.75, 170.25, 32.5625, 110.625, 159.875, 149.875, 73.8125, 116.125, 151.5, 39.8125, 106.1875, 154.0, 173.375, 154.25, 190.125, 115.1875, 19.84375, 132.625, 77.625, 153.125, 64.0, 151.125, 74.625, 136.875, 122.0625, 186.625, 162.25, 145.625, 144.25, 190.5, 156.0, 86.8125, 155.0, 90.0, 176.75, 35.15625, 180.5, 153.5, 111.8125, 118.5, 68.5, 130.25, 144.25, 137.625, 85.0, 178.0, 84.3125, 22.46875, 165.625, 191.5, 192.0, 151.0, 113.0625, 127.6875, 94.6875, 54.125, 191.5, 204.125, 131.75, 146.5, 162.125, 111.25, 131.875, 90.5625, 131.5, 229.5, 110.9375, 34.0, 56.71875, 111.0, 163.875, 97.5, 63.625, 56.09375, 156.25, 82.0, 27.78125, 162.5, 178.625, 138.125, 126.625, 160.125, 136.5, 151.5, 135.25], [92.0625, 101.5625, 105.6875, 173.625, 150.25, 88.6875, 58.84375, 92.75, 141.5, 195.0, 182.75, 71.1875, 145.375, 29.96875, 106.0, 110.1875, 155.0, 130.875, 151.375, 75.1875, 193.375, 133.875, 79.0, 81.3125, 131.25, 128.375, 72.9375, 140.5, 176.375, 0.0, 147.375, 163.125, 49.65625, 162.0, 28.65625, 40.25, 125.375, 27.078125, 152.75, 192.875, 74.25, 56.59375, 118.5625, 186.875, 166.375, 212.0, 114.25, 67.75, 26.078125, 76.0625, 104.9375, 61.3125, 170.875, 85.9375, 102.9375, 81.8125, 165.0, 179.0, 107.5, 57.3125, 80.75, 26.015625, 57.03125, 31.046875, 142.125, 107.6875, 81.5625, 122.5, 76.6875, 116.9375, 33.53125, 199.375, 90.125, 65.625, 89.625, 59.21875, 142.875, 83.375, 86.8125, 52.15625, 91.6875, 7.2109375, 172.0, 198.5, 10.7734375, 25.5, 47.6875, 89.1875, 168.0, 99.0, 125.625, 144.75, 62.9375, 63.1875, 55.71875, 127.875, 27.453125, 127.75, 44.59375, 88.0625, 120.75, 87.375, 105.5, 142.5, 173.25, 83.875, 50.21875, 188.375, 125.1875, 141.25, 72.375, 105.25, 199.0, 146.0, 101.375, 54.21875, 75.3125, 52.40625, 43.875, 62.4375, 63.0625], [70.625, 93.3125, 83.5625, 58.90625, 18.96875, 127.375, 91.25, 137.875, 25.5, 59.46875, 89.375, 104.375, 135.5, 117.375, 115.5, 69.625, 59.46875, 44.28125, 114.1875, 74.1875, 144.875, 91.125, 194.5, 121.5, 19.421875, 88.5625, 142.0, 11.3984375, 29.609375, 147.375, 0.0, 152.0, 152.125, 15.0, 132.0, 158.875, 147.75, 140.75, 16.125, 114.9375, 136.625, 124.4375, 47.15625, 117.9375, 144.25, 65.4375, 89.3125, 125.25, 145.625, 131.25, 169.625, 86.0, 26.40625, 110.8125, 48.15625, 130.875, 65.3125, 146.625, 50.21875, 107.375, 93.5625, 158.625, 133.0, 116.75, 132.625, 170.375, 133.75, 71.1875, 132.0, 64.875, 149.375, 55.1875, 158.625, 129.25, 89.375, 90.1875, 49.8125, 107.9375, 122.8125, 108.0625, 56.59375, 148.75, 85.9375, 51.25, 136.625, 163.25, 165.375, 129.875, 110.125, 101.1875, 71.875, 35.21875, 166.125, 178.25, 105.0, 132.0, 134.25, 97.875, 102.875, 63.25, 116.1875, 204.375, 92.125, 8.25, 62.8125, 82.25, 137.875, 102.5625, 37.15625, 35.46875, 132.75, 53.46875, 52.4375, 150.375, 158.375, 108.6875, 102.625, 134.375, 107.0, 126.8125, 106.0625], [104.8125, 202.625, 197.625, 113.875, 170.125, 218.875, 128.0, 72.0, 171.75, 143.75, 89.875, 97.6875, 19.71875, 150.625, 59.46875, 90.25, 98.25, 108.0625, 38.625, 151.625, 43.96875, 61.125, 136.75, 82.0, 136.375, 64.625, 93.5, 141.0, 160.875, 163.125, 152.0, 0.0, 121.3125, 161.5, 134.625, 135.25, 41.21875, 181.375, 168.0, 73.5625, 90.375, 106.625, 174.375, 62.96875, 12.0390625, 196.875, 69.875, 202.375, 139.375, 87.4375, 80.0625, 141.5, 173.875, 79.875, 155.25, 81.625, 99.0, 24.046875, 114.5, 178.0, 186.25, 148.875, 199.75, 145.0, 23.328125, 78.0, 82.375, 82.875, 86.9375, 189.75, 134.625, 195.875, 85.9375, 97.625, 88.8125, 129.625, 193.375, 83.5, 76.375, 173.25, 130.75, 169.875, 82.75, 176.875, 157.375, 154.75, 134.125, 74.125, 52.46875, 207.125, 201.5, 182.0, 119.625, 132.5, 115.3125, 35.46875, 135.625, 56.28125, 141.875, 121.875, 46.875, 142.125, 73.375, 144.0, 109.1875, 177.5, 114.25, 81.6875, 170.25, 180.375, 91.4375, 167.25, 187.25, 19.234375, 74.0, 176.25, 94.25, 111.3125, 159.75, 100.6875, 182.25], [83.5, 136.125, 137.25, 160.875, 160.875, 132.5, 64.375, 49.40625, 154.625, 187.375, 161.25, 50.53125, 105.9375, 57.125, 71.1875, 94.9375, 140.125, 122.1875, 118.5, 93.9375, 157.125, 107.6875, 43.0, 46.0, 133.25, 103.125, 27.859375, 142.625, 178.25, 49.65625, 152.125, 121.3125, 0.0, 167.125, 30.0625, 13.9296875, 81.0, 75.25, 162.0, 165.0, 31.78125, 28.65625, 137.875, 157.125, 126.8125, 217.125, 89.625, 111.75, 23.765625, 36.21875, 55.46875, 76.5, 178.25, 55.59375, 117.875, 41.59375, 149.0, 140.375, 103.625, 94.125, 114.5625, 28.421875, 103.1875, 52.46875, 103.1875, 58.25, 40.03125, 104.375, 36.34375, 142.625, 16.125, 207.25, 41.125, 29.28125, 70.375, 66.0625, 163.5, 55.3125, 50.09375, 88.125, 97.0625, 56.8125, 150.125, 200.625, 49.71875, 33.84375, 15.296875, 49.03125, 138.0, 136.0, 153.5, 160.875, 16.5, 26.171875, 47.4375, 87.9375, 29.0, 99.1875, 61.96875, 89.125, 85.5625, 53.0, 80.8125, 145.375, 159.125, 113.0625, 14.421875, 163.625, 141.5, 157.5, 32.125, 124.8125, 204.25, 102.875, 53.03125, 91.0625, 53.71875, 18.359375, 74.5625, 29.125, 100.1875], [85.125, 102.375, 92.4375, 59.9375, 20.125, 137.5, 106.25, 151.625, 30.671875, 52.6875, 91.9375, 119.0, 145.875, 132.0, 128.5, 82.75, 65.5, 55.65625, 123.125, 88.25, 150.875, 101.4375, 209.25, 135.625, 33.96875, 99.4375, 156.5, 25.0, 17.265625, 162.0, 15.0, 161.5, 167.125, 0.0, 147.0, 173.875, 160.0, 154.5, 15.65625, 118.3125, 151.0, 139.25, 56.5625, 122.5, 153.0, 50.46875, 101.5625, 137.0, 160.625, 145.625, 183.375, 100.625, 12.6484375, 124.8125, 61.40625, 145.125, 69.375, 154.375, 64.6875, 120.375, 105.0, 173.625, 145.375, 131.5, 143.25, 184.125, 147.875, 82.875, 146.375, 72.8125, 164.375, 40.46875, 172.75, 143.875, 103.5, 105.125, 52.4375, 122.0625, 136.75, 121.375, 71.5625, 163.25, 90.25, 37.09375, 151.25, 178.25, 180.375, 143.75, 116.8125, 110.4375, 77.875, 37.75, 181.0, 193.25, 120.0, 143.625, 149.25, 108.9375, 117.625, 78.25, 128.125, 219.25, 105.125, 22.015625, 64.5, 94.0625, 152.875, 105.5, 46.375, 39.34375, 147.25, 65.0, 37.4375, 161.25, 172.0, 121.8125, 117.125, 149.25, 121.125, 141.5, 118.625], [69.125, 106.3125, 107.875, 150.625, 138.25, 102.9375, 40.8125, 65.125, 130.875, 174.25, 157.0, 43.5625, 116.8125, 27.078125, 77.375, 85.375, 131.125, 108.9375, 123.0625, 66.875, 164.75, 106.5625, 70.375, 52.6875, 114.25, 101.125, 46.65625, 123.6875, 159.875, 28.65625, 132.0, 134.625, 30.0625, 147.0, 0.0, 29.15625, 97.5625, 49.09375, 140.0, 165.5, 47.0, 28.015625, 111.625, 159.125, 137.75, 197.5, 87.0, 82.375, 13.6015625, 48.09375, 81.375, 49.8125, 157.25, 57.375, 92.75, 53.75, 140.75, 150.375, 87.0625, 64.0625, 84.75, 26.828125, 74.625, 22.5625, 113.5625, 83.9375, 53.75, 97.0625, 48.78125, 114.5, 18.875, 186.25, 65.9375, 37.46875, 63.0625, 42.0, 137.0, 55.03125, 58.25, 58.0625, 75.4375, 35.21875, 146.125, 182.375, 23.4375, 31.953125, 37.125, 60.96875, 140.125, 105.9375, 124.875, 136.0, 46.375, 52.9375, 30.40625, 99.3125, 2.236328125, 99.9375, 33.625, 69.375, 92.125, 80.125, 78.0625, 126.0625, 149.75, 83.8125, 24.171875, 161.75, 116.25, 132.5, 44.59375, 98.25, 184.5, 117.8125, 76.0625, 61.03125, 47.6875, 25.234375, 44.5625, 34.0625, 70.125], [92.125, 134.25, 136.375, 171.375, 166.125, 127.0, 68.5625, 63.3125, 159.25, 197.125, 173.375, 60.71875, 119.875, 54.71875, 84.5625, 105.3125, 151.0, 131.625, 132.0, 95.9375, 171.0, 120.1875, 41.75, 59.125, 140.375, 115.4375, 41.78125, 149.875, 185.875, 40.25, 158.875, 135.25, 13.9296875, 173.875, 29.15625, 0.0, 94.8125, 67.0625, 167.75, 178.0, 45.59375, 39.0625, 140.625, 170.375, 140.75, 224.25, 101.6875, 106.0, 17.46875, 49.8125, 67.375, 78.8125, 184.5, 68.0625, 121.5, 55.3125, 160.125, 154.375, 111.625, 90.8125, 112.625, 15.8125, 96.3125, 51.09375, 117.0625, 70.1875, 53.84375, 115.4375, 50.0, 143.625, 10.296875, 213.625, 53.8125, 42.0, 81.0625, 70.0625, 166.125, 67.375, 63.5, 84.9375, 102.75, 47.125, 162.25, 208.25, 43.0, 20.515625, 8.25, 62.8125, 151.25, 133.25, 153.875, 164.75, 22.84375, 24.515625, 54.09375, 101.8125, 27.296875, 112.0, 62.78125, 95.625, 99.125, 51.25, 92.75, 152.375, 169.875, 112.5625, 25.171875, 176.25, 145.125, 161.375, 45.71875, 127.3125, 211.25, 116.75, 66.0625, 87.6875, 64.3125, 29.28125, 72.4375, 41.125, 96.875], [86.0, 179.25, 175.875, 125.125, 163.75, 190.125, 99.75, 32.65625, 162.75, 155.875, 110.0, 67.25, 30.8125, 117.0625, 34.0, 78.625, 105.4375, 104.375, 54.71875, 127.8125, 82.0625, 62.4375, 96.0625, 47.15625, 129.5, 62.25, 53.53125, 136.375, 163.75, 125.375, 147.75, 41.21875, 81.0, 160.0, 97.5625, 94.8125, 0.0, 146.0, 162.75, 102.1875, 51.21875, 70.1875, 159.0, 92.125, 49.03125, 202.625, 58.53125, 171.875, 100.625, 49.5, 40.59375, 114.5, 172.625, 49.65625, 138.125, 43.875, 110.0, 63.0625, 101.6875, 148.5, 160.625, 109.0625, 167.5, 111.25, 29.734375, 39.0625, 43.875, 77.25, 48.78125, 171.875, 95.125, 198.375, 44.71875, 60.09375, 66.25, 101.5625, 181.25, 53.75, 41.6875, 143.125, 112.1875, 132.375, 100.125, 183.125, 120.9375, 114.75, 93.25, 37.0, 75.5625, 182.5, 183.875, 172.25, 78.4375, 91.25, 83.625, 18.390625, 98.3125, 53.0, 110.9375, 102.3125, 32.1875, 102.0625, 56.5625, 139.5, 121.25, 153.625, 75.4375, 106.1875, 157.125, 170.0, 53.0625, 149.5, 191.375, 22.140625, 33.0625, 146.25, 64.875, 73.0, 128.875, 63.6875, 153.5], [97.0, 79.8125, 85.5625, 175.5, 140.25, 62.375, 62.375, 113.875, 130.375, 193.375, 189.25, 84.875, 162.75, 32.1875, 122.4375, 116.75, 158.875, 132.5, 164.875, 66.5, 207.625, 144.625, 106.0, 99.6875, 127.0, 138.75, 95.6875, 135.625, 170.25, 27.078125, 140.75, 181.375, 75.25, 154.5, 49.09375, 67.0625, 146.0, 0.0, 143.25, 202.5, 96.0, 75.8125, 105.125, 197.625, 183.25, 203.125, 125.25, 41.75, 51.53125, 96.6875, 129.75, 58.03125, 161.875, 101.8125, 93.3125, 102.1875, 169.0, 195.125, 108.375, 37.8125, 60.8125, 53.09375, 30.265625, 37.21875, 159.25, 132.375, 102.4375, 129.75, 97.4375, 99.8125, 59.46875, 189.25, 114.5, 86.0625, 100.1875, 61.84375, 127.5625, 98.625, 105.375, 34.46875, 89.0, 21.09375, 179.0, 191.625, 25.9375, 52.09375, 74.6875, 109.0625, 179.375, 76.0, 106.8125, 132.0, 89.5, 90.25, 67.4375, 145.875, 48.875, 140.0, 45.59375, 88.375, 136.625, 114.1875, 117.1875, 137.125, 175.875, 66.875, 73.0625, 196.5, 113.1875, 128.375, 93.4375, 92.625, 190.375, 165.5, 125.0625, 35.21875, 88.75, 74.3125, 34.125, 82.3125, 42.4375], [82.875, 87.3125, 77.25, 72.9375, 4.47265625, 122.6875, 99.25, 151.25, 15.296875, 68.25, 104.25, 115.9375, 151.25, 122.8125, 130.0, 84.1875, 75.3125, 60.0625, 130.25, 77.8125, 160.875, 107.0625, 204.75, 134.25, 33.25, 104.3125, 154.0, 27.015625, 32.5625, 152.75, 16.125, 168.0, 162.0, 15.65625, 140.0, 167.75, 162.75, 143.25, 0.0, 130.25, 148.75, 135.125, 42.0, 133.5, 160.25, 59.8125, 104.375, 123