{"name": "LZB_n120_9", "n": 120, "m": 15, "times": [[0.0, 133.25, 98.3125, 67.625, 91.0, 75.625, 79.75, 127.6875, 42.375, 41.96875, 99.25, 99.375, 49.25, 95.5, 100.6875, 103.25, 71.375, 134.5, 81.25, 121.6875, 86.9375, 59.1875, 82.75, 93.625, 104.125, 106.25, 98.4375, 80.0, 59.1875, 25.5, 73.0, 72.25, 79.3125, 124.375, 84.875, 61.0625, 70.25, 65.875, 52.03125, 48.90625, 42.4375, 49.5, 42.96875, 97.75, 131.5, 74.6875, 114.0, 38.625, 60.09375, 36.5, 81.5, 97.5, 37.4375, 101.0, 128.0, 62.65625, 83.0, 99.25, 90.25, 110.9375, 93.0, 71.375, 137.125, 95.875, 73.5, 86.3125, 61.03125, 76.625, 80.9375, 55.21875, 77.5, 61.0, 81.125, 82.1875, 51.875, 96.875, 87.625, 85.5625, 18.25, 59.8125, 75.625, 63.28125, 77.8125, 86.375, 79.0, 87.0625, 79.375, 90.25, 89.8125, 105.125, 88.5625, 41.21875, 66.0625, 58.1875, 102.75, 52.8125, 103.0625, 22.828125, 42.71875, 50.90625, 80.9375, 82.5, 91.9375, 105.3125, 106.625, 105.6875, 34.9375, 49.40625, 121.25, 93.3125, 68.375, 94.25, 85.1875, 92.625, 71.375, 102.6875, 107.5625, 71.5, 69.4375, 88.5, 102.875], [133.25, 0.0, 222.75, 161.5, 177.5, 206.75, 131.75, 185.75, 123.6875, 102.4375, 176.5, 232.5, 127.5, 213.5, 208.375, 62.5, 203.625, 191.375, 66.125, 171.375, 66.5, 149.375, 135.625, 190.75, 169.25, 181.875, 79.0, 102.3125, 191.625, 122.4375, 194.5, 183.875, 55.59375, 174.375, 166.375, 194.25, 194.25, 199.0, 104.375, 135.5, 100.625, 176.75, 155.625, 118.1875, 10.0, 204.75, 20.59375, 156.625, 123.0, 158.75, 170.0, 211.875, 96.1875, 47.03125, 13.0, 175.5, 215.375, 79.5, 103.5625, 242.125, 115.5, 184.25, 197.25, 61.53125, 167.75, 55.53125, 80.75, 209.625, 52.34375, 187.375, 64.5, 106.75, 199.125, 141.125, 130.125, 69.1875, 128.125, 48.25, 145.375, 73.5625, 207.875, 97.25, 207.125, 179.25, 194.125, 48.0, 211.5, 85.0, 156.5, 28.3125, 197.625, 97.75, 185.25, 189.0, 235.5, 161.0, 171.625, 154.875, 160.125, 123.625, 210.0, 54.375, 205.25, 235.5, 194.875, 236.0, 165.5, 182.5, 189.375, 184.375, 108.875, 38.9375, 210.375, 42.4375, 79.875, 229.75, 59.03125, 150.25, 187.0, 79.0, 234.5], [98.3125, 222.75, 0.0, 136.875, 72.75, 31.765625, 167.75, 197.375, 100.125, 120.375, 83.9375, 52.40625, 98.25, 117.5, 39.0, 175.375, 67.8125, 115.1875, 179.0, 197.75, 162.375, 136.625, 110.125, 145.625, 98.0625, 171.375, 196.625, 135.0, 68.4375, 100.75, 28.296875, 43.40625, 173.75, 118.25, 154.75, 55.03125, 28.796875, 55.5625, 120.125, 135.0, 122.125, 48.84375, 67.25, 190.5, 218.625, 79.625, 205.875, 106.3125, 106.8125, 64.875, 147.625, 26.0, 133.25, 181.375, 214.75, 115.5625, 37.46875, 163.375, 186.0, 34.0625, 186.375, 117.625, 113.0, 193.875, 67.4375, 182.875, 158.875, 45.46875, 172.875, 71.1875, 159.375, 157.125, 26.40625, 166.25, 140.625, 195.125, 120.6875, 174.875, 81.25, 153.5, 67.375, 129.75, 83.0, 146.25, 116.5, 181.125, 69.3125, 153.5, 167.0, 196.375, 129.0, 125.25, 106.5, 77.375, 67.5625, 118.9375, 174.125, 86.0625, 62.625, 102.4375, 21.9375, 177.75, 29.609375, 86.9375, 161.375, 26.0, 84.5, 58.46875, 186.5, 66.25, 123.125, 185.25, 13.15625, 186.25, 169.625, 98.0, 180.375, 149.625, 36.875, 156.0, 32.5625], [67.625, 161.5, 136.875, 0.0, 154.875, 105.75, 40.71875, 62.8125, 109.5625, 102.8125, 164.5, 109.125, 116.75, 56.09375, 154.5, 155.125, 76.0, 200.875, 95.6875, 60.9375, 139.0, 12.3671875, 150.25, 30.265625, 170.75, 39.0625, 94.0625, 143.375, 70.0625, 92.1875, 120.8125, 128.625, 108.1875, 191.625, 18.59375, 82.4375, 115.8125, 83.375, 115.25, 27.296875, 102.375, 97.125, 105.4375, 66.625, 164.0, 68.375, 141.0, 33.40625, 127.125, 94.8125, 13.890625, 147.125, 80.0, 146.375, 161.625, 24.1875, 105.25, 156.5, 71.1875, 132.25, 64.5, 28.640625, 203.125, 104.3125, 137.25, 106.0, 81.9375, 96.0, 114.75, 66.5, 126.125, 55.0625, 130.75, 34.46875, 31.625, 99.625, 154.5, 123.0, 80.25, 97.0, 79.0, 124.9375, 67.875, 20.09375, 37.75, 114.8125, 80.125, 149.125, 30.40625, 134.875, 37.0, 98.5, 36.6875, 61.53125, 102.5625, 18.359375, 38.28125, 58.78125, 102.5625, 118.125, 115.125, 107.9375, 143.375, 91.75, 40.03125, 131.125, 54.21875, 78.9375, 54.5, 155.625, 133.125, 126.8125, 125.375, 120.0, 81.8125, 80.5, 158.25, 16.15625, 122.0625, 145.5, 124.5], [91.0, 177.5, 72.75, 154.875, 0.0, 84.125, 170.625, 217.125, 61.40625, 83.875, 12.0390625, 117.0, 54.59375, 161.25, 38.40625, 120.0, 114.3125, 49.03125, 153.375, 212.25, 111.3125, 148.625, 44.78125, 175.375, 25.5, 193.875, 177.5, 76.875, 107.0, 74.4375, 54.0, 35.21875, 140.25, 47.0, 173.25, 95.875, 59.125, 100.1875, 76.0, 139.75, 85.8125, 65.0, 49.5, 186.5, 171.0, 125.25, 164.875, 121.8125, 55.15625, 60.4375, 168.5, 48.75, 109.75, 131.25, 166.875, 141.875, 96.0625, 104.6875, 176.625, 106.0, 181.625, 148.125, 49.65625, 168.0, 17.6875, 152.875, 136.25, 98.75, 136.0, 106.625, 113.875, 148.5, 48.5, 173.25, 142.875, 172.375, 54.90625, 134.25, 75.0625, 122.0625, 116.4375, 80.625, 129.375, 171.125, 151.875, 146.0, 120.0625, 96.0, 180.125, 155.625, 164.125, 91.25, 138.625, 113.75, 130.125, 137.5, 192.375, 96.4375, 52.625, 57.21875, 78.0625, 145.375, 43.46875, 145.5, 190.375, 97.75, 104.0625, 88.75, 209.375, 7.80859375, 68.6875, 145.25, 67.75, 150.0, 149.25, 152.125, 124.8125, 161.625, 45.28125, 100.5625, 102.4375], [75.625, 206.75, 31.765625, 105.75, 84.125, 0.0, 138.25, 165.75, 89.8125, 106.125, 96.1875, 33.71875, 90.4375, 87.0625, 61.28125, 166.125, 36.78125, 131.875, 156.75, 166.375, 151.375, 106.1875, 111.3125, 113.875, 109.0, 139.625, 171.75, 129.625, 36.6875, 85.0625, 30.265625, 49.0, 154.375, 131.125, 123.3125, 23.40625, 25.015625, 23.859375, 109.25, 106.0, 107.625, 31.234375, 57.46875, 162.0, 203.875, 48.78125, 188.375, 76.3125, 101.1875, 49.59375, 116.125, 49.65625, 112.6875, 169.0, 200.0, 83.9375, 12.1640625, 156.5, 158.75, 35.5, 158.0, 85.875, 131.0, 171.125, 72.4375, 162.0, 136.5, 15.65625, 155.125, 39.5625, 145.875, 130.5, 37.9375, 136.25, 112.0, 171.5, 121.125, 158.5, 61.28125, 134.5, 37.0, 120.25, 52.40625, 114.5625, 84.875, 162.125, 39.65625, 146.5, 136.0, 179.125, 97.4375, 109.5, 74.6875, 45.625, 46.0, 88.0625, 142.625, 59.03125, 51.3125, 94.5625, 10.0, 157.875, 49.1875, 62.09375, 129.625, 30.078125, 55.0, 29.0625, 154.75, 79.75, 116.8125, 168.125, 22.671875, 167.625, 146.125, 70.6875, 171.0, 119.0625, 39.0, 147.625, 27.796875], [79.75, 131.75, 167.75, 40.71875, 170.625, 138.25, 0.0, 58.6875, 115.25, 100.8125, 178.25, 147.0, 123.0625, 96.25, 178.5, 139.5, 113.3125, 212.0, 66.5, 47.4375, 125.0, 33.71875, 155.0, 63.25, 181.625, 50.21875, 56.9375, 139.375, 105.25, 98.5, 147.25, 150.625, 84.0625, 200.125, 36.625, 116.0, 143.125, 118.0625, 113.8125, 33.0, 99.625, 122.5, 122.5625, 26.0, 136.0, 107.1875, 112.0, 62.03125, 131.0, 114.625, 42.4375, 173.375, 71.875, 127.0, 134.375, 63.90625, 140.0, 145.125, 32.0, 168.25, 23.859375, 69.3125, 215.25, 70.8125, 153.125, 77.5, 60.03125, 131.125, 92.25, 101.125, 111.125, 30.359375, 156.625, 9.484375, 28.234375, 64.5, 156.625, 101.375, 97.0625, 80.0625, 116.75, 120.75, 107.25, 51.75, 78.375, 89.0625, 118.4375, 139.875, 24.734375, 107.6875, 76.0625, 94.3125, 76.5625, 97.625, 141.875, 52.9375, 40.1875, 82.4375, 121.6875, 123.0625, 146.75, 82.0, 168.5, 132.25, 63.96875, 166.0, 83.375, 109.5625, 59.0, 173.0, 132.0, 102.0, 155.25, 93.25, 54.0, 121.1875, 141.625, 24.703125, 146.125, 134.875, 160.25], [127.6875, 185.75, 197.375, 62.8125, 217.125, 165.75, 58.6875, 0.0, 167.875, 156.625, 226.25, 162.375, 175.375, 93.0, 217.125, 198.125, 132.25, 262.0, 123.125, 15.234375, 183.625, 68.625, 208.625, 54.59375, 231.75, 26.25, 107.0625, 196.375, 129.125, 150.375, 183.125, 191.375, 142.0, 251.875, 44.21875, 142.375, 178.0, 142.25, 169.625, 79.625, 155.625, 159.75, 167.625, 67.75, 191.25, 122.0, 167.125, 96.1875, 184.75, 157.375, 50.25, 209.375, 129.0, 185.5, 190.125, 81.875, 163.25, 203.625, 82.25, 188.0, 70.25, 80.3125, 264.75, 124.3125, 199.5, 134.125, 118.6875, 154.0, 150.5, 126.1875, 169.75, 89.0, 193.125, 50.90625, 78.875, 116.625, 211.5, 159.625, 142.125, 138.75, 134.25, 177.625, 120.0625, 51.25, 83.9375, 146.375, 134.125, 198.0, 38.59375, 164.0, 73.5625, 150.75, 91.4375, 120.125, 152.375, 81.0, 24.765625, 121.5, 165.125, 176.125, 175.5, 139.5, 205.875, 136.125, 41.0, 188.25, 116.75, 140.5, 13.15625, 218.125, 188.0, 159.5, 186.5, 150.125, 111.75, 122.0, 200.25, 56.21875, 184.75, 193.25, 180.75], [42.375, 123.6875, 100.125, 109.5625, 61.40625, 89.8125, 115.25, 167.875, 0.0, 23.015625, 65.9375, 121.0625, 7.80859375, 135.0, 85.6875, 76.4375, 101.25, 97.0, 92.0625, 160.375, 62.46875, 100.375, 40.8125, 136.0, 66.875, 147.75, 116.1875, 41.75, 89.75, 17.5, 71.875, 60.15625, 80.125, 84.875, 126.25, 85.625, 72.5, 91.0, 20.0, 88.25, 25.015625, 58.59375, 33.3125, 127.875, 118.9375, 108.0625, 108.25, 80.75, 17.71875, 40.5, 123.4375, 88.25, 48.84375, 81.25, 114.9375, 104.5625, 100.6875, 66.875, 116.75, 123.8125, 122.875, 113.0, 100.6875, 106.8125, 47.0, 92.0625, 75.0, 97.625, 76.9375, 86.875, 59.46875, 89.875, 75.5625, 119.6875, 89.5, 111.0, 45.21875, 76.9375, 37.21875, 61.0625, 105.0, 30.484375, 111.8125, 128.75, 119.9375, 86.5, 109.125, 56.9375, 129.375, 98.75, 130.25, 30.0625, 106.5625, 92.0625, 128.875, 95.1875, 143.625, 60.0625, 38.90625, 8.546875, 90.5, 85.0, 81.625, 136.625, 148.875, 116.6875, 72.0, 73.75, 162.375, 66.5, 28.859375, 87.8125, 88.4375, 90.9375, 87.9375, 137.25, 81.375, 111.75, 63.625, 57.8125, 116.9375], [41.96875, 102.4375, 120.375, 102.8125, 83.875, 106.125, 100.8125, 156.625, 23.015625, 0.0, 87.375, 135.125, 29.28125, 137.375, 108.5, 62.1875, 110.9375, 115.625, 69.625, 147.625, 46.3125, 92.0625, 55.59375, 131.5, 86.3125, 138.875, 94.5625, 40.53125, 98.8125, 21.265625, 92.125, 82.25, 57.09375, 101.8125, 117.625, 97.625, 91.9375, 102.875, 13.0390625, 78.1875, 2.0, 75.3125, 53.21875, 110.0, 98.5, 115.6875, 86.0625, 79.0, 32.25, 57.0, 116.1875, 110.4375, 29.734375, 62.9375, 94.5625, 103.0, 116.0, 57.28125, 97.625, 141.25, 105.0, 112.0, 119.875, 84.1875, 70.0, 69.125, 53.71875, 111.5, 54.125, 95.25, 39.6875, 72.8125, 96.9375, 106.5625, 77.8125, 88.75, 55.96875, 54.78125, 46.625, 38.21875, 115.0, 22.203125, 119.0625, 122.8125, 120.25, 63.5, 119.0, 48.375, 118.0625, 76.5625, 129.0, 7.6171875, 107.6875, 99.1875, 140.875, 91.375, 133.375, 64.1875, 57.8125, 26.921875, 108.4375, 62.0, 103.875, 145.875, 142.875, 134.625, 76.5625, 85.4375, 152.75, 89.25, 31.390625, 65.4375, 108.0625, 68.0625, 66.6875, 144.25, 66.75, 101.75, 84.6875, 46.5625, 133.875], [99.25, 176.5, 83.9375, 164.5, 12.0390625, 96.1875, 178.25, 226.25, 65.9375, 87.375, 0.0, 129.0, 58.53125, 172.75, 47.875, 117.1875, 126.125, 37.5625, 156.875, 220.875, 110.0, 157.625, 41.21875, 185.875, 14.3203125, 203.5, 181.875, 74.5, 118.625, 80.625, 66.0, 47.25, 142.5, 35.0, 182.625, 107.6875, 71.1875, 112.0625, 78.0625, 148.125, 89.3125, 76.5625, 59.1875, 193.0, 169.5, 137.0, 165.125, 131.625, 56.5625, 70.75, 178.125, 59.25, 114.75, 129.75, 165.375, 152.25, 108.0625, 101.1875, 182.5, 117.5, 188.0, 158.75, 38.84375, 171.25, 27.78125, 155.5, 140.75, 110.75, 137.625, 118.125, 114.0, 154.875, 60.3125, 181.375, 150.875, 176.125, 50.34375, 135.0, 84.25, 125.1875, 128.375, 81.0, 141.125, 181.25, 162.875, 147.875, 132.0, 93.125, 188.875, 156.0, 175.0, 94.9375, 149.5, 125.1875, 142.125, 147.25, 201.5, 106.375, 62.96875, 60.4375, 90.0, 147.75, 54.40625, 157.5, 200.625, 109.25, 114.5625, 100.3125, 218.875, 17.71875, 68.0625, 146.0, 79.5, 151.5, 153.75, 164.0, 121.8125, 170.5, 57.3125, 98.25, 114.125], [99.375, 232.5, 52.40625, 109.125, 117.0, 33.71875, 147.0, 162.375, 121.0625, 135.125, 129.0, 0.0, 122.5625, 72.9375, 89.75, 196.5, 33.71875, 163.75, 177.5, 166.125, 181.25, 113.3125, 144.875, 107.9375, 142.125, 136.25, 188.75, 161.875, 43.46875, 113.875, 63.0625, 82.25, 178.375, 164.0, 124.125, 38.28125, 58.3125, 33.59375, 139.75, 117.4375, 136.375, 63.0625, 89.9375, 172.375, 230.625, 41.0625, 213.375, 87.0, 133.75, 80.625, 116.1875, 76.9375, 136.625, 197.875, 227.0, 85.0, 21.59375, 188.0, 172.125, 26.921875, 169.125, 83.3125, 162.375, 191.125, 106.0625, 184.125, 157.625, 23.59375, 180.25, 47.9375, 174.375, 146.0, 69.1875, 142.75, 124.0625, 190.125, 154.625, 184.75, 88.625, 159.125, 30.265625, 151.125, 42.4375, 112.0, 78.4375, 186.25, 29.0, 178.0, 139.0, 204.5, 89.3125, 137.375, 73.0, 49.71875, 15.265625, 94.0625, 141.875, 78.5, 83.6875, 126.5625, 39.0, 181.25, 78.4375, 35.46875, 122.8125, 30.40625, 69.75, 50.21875, 150.125, 112.0625, 149.0, 193.625, 50.625, 191.875, 165.5, 48.28125, 201.25, 124.5, 72.3125, 178.625, 21.9375], [49.25, 127.5, 98.25, 116.75, 54.59375, 90.4375, 123.0625, 175.375, 7.80859375, 29.28125, 58.53125, 122.5625, 0.0, 140.375, 81.0625, 77.25, 104.5625, 89.1875, 98.8125, 168.125, 64.375, 107.6875, 33.53125, 142.625, 59.0625, 155.0, 123.375, 39.34375, 93.375, 25.0, 70.1875, 56.8125, 86.0, 77.0625, 133.625, 88.25, 71.4375, 93.625, 23.09375, 95.8125, 31.25, 59.53125, 33.0, 135.625, 122.25, 112.0, 112.8125, 87.25, 12.0390625, 42.15625, 130.625, 84.5625, 56.375, 83.75, 118.1875, 110.875, 101.6875, 66.25, 124.4375, 123.5625, 130.625, 119.125, 92.9375, 113.4375, 41.1875, 98.3125, 82.25, 99.3125, 82.3125, 90.8125, 62.96875, 97.625, 72.9375, 127.375, 97.1875, 117.875, 38.84375, 81.5625, 42.0625, 67.5, 108.1875, 31.625, 115.875, 135.625, 125.75, 92.0625, 112.3125, 56.21875, 137.0, 103.375, 136.375, 36.6875, 112.3125, 96.3125, 131.125, 101.9375, 151.125, 65.625, 39.125, 4.2421875, 90.25, 91.0625, 77.875, 140.0, 155.875, 116.1875, 77.25, 76.625, 169.75, 60.0625, 26.421875, 92.5625, 87.0625, 96.3125, 95.1875, 141.25, 82.25, 119.25, 61.40625, 57.96875, 117.0], [95.5, 213.5, 117.5, 56.09375, 161.25, 87.0625, 96.25, 93.0, 135.0, 137.375, 172.75, 72.9375, 140.375, 0.0, 147.25, 197.0, 50.34375, 210.25, 149.0, 99.75, 180.5, 66.5, 171.875, 39.46875, 182.75, 68.25, 149.875, 175.125, 54.59375, 120.125, 113.1875, 127.9375, 158.375, 205.25, 63.15625, 67.125, 107.3125, 64.1875, 147.5, 78.625, 137.625, 96.25, 116.6875, 121.8125, 214.75, 38.28125, 193.0, 59.46875, 152.25, 104.3125, 55.46875, 136.375, 123.0625, 191.625, 212.0, 38.09375, 80.125, 194.5, 127.3125, 99.75, 120.125, 29.40625, 210.75, 159.0, 145.25, 158.625, 132.75, 72.125, 163.625, 54.625, 169.25, 109.3125, 122.625, 88.8125, 84.625, 155.0, 178.875, 171.0, 98.3125, 143.75, 50.21875, 158.75, 34.65625, 47.75, 19.421875, 165.75, 48.28125, 185.75, 79.3125, 185.75, 21.1875, 135.5, 29.828125, 47.53125, 60.71875, 52.46875, 76.5, 75.0, 111.375, 143.125, 96.875, 159.125, 135.0, 43.1875, 52.09375, 101.875, 63.125, 72.5, 80.125, 159.25, 163.0, 176.625, 109.6875, 171.125, 135.25, 29.0, 200.875, 71.625, 118.6875, 183.625, 93.625], [100.6875, 208.375, 39.0, 154.5, 38.40625, 61.28125, 178.5, 217.125, 85.6875, 108.5, 47.875, 89.75, 81.0625, 147.25, 0.0, 154.375, 97.0625, 76.3125, 175.0, 215.0, 143.75, 151.125, 81.6875, 169.375, 62.1875, 192.0, 196.5, 111.625, 93.5, 93.0, 34.65625, 28.4375, 165.375, 80.625, 173.125, 80.25, 40.3125, 83.0, 104.125, 145.75, 110.5, 57.46875, 59.21875, 198.25, 202.875, 109.0625, 193.75, 121.4375, 86.0, 64.3125, 167.0, 13.0390625, 129.0, 163.625, 198.75, 136.625, 71.3125, 140.125, 190.875, 73.0, 193.625, 140.875, 74.0, 190.0, 41.15625, 176.5, 156.0, 76.9375, 162.625, 94.75, 143.875, 161.625, 24.765625, 179.125, 150.25, 193.0, 92.1875, 162.5, 82.4375, 145.625, 97.9375, 111.4375, 112.875, 167.625, 142.125, 172.0, 100.875, 130.875, 183.0, 184.375, 154.875, 115.0, 130.125, 101.875, 104.375, 136.25, 192.875, 97.0625, 58.0625, 84.75, 52.40625, 170.125, 12.203125, 122.5625, 185.0, 65.0, 100.375, 77.875, 207.625, 30.8125, 101.5, 173.5, 39.5625, 176.625, 168.25, 131.875, 159.25, 164.625, 32.65625, 134.625, 71.375], [103.25, 62.5, 175.375, 155.125, 120.0, 166.125, 139.5, 198.125, 76.4375, 62.1875, 117.1875, 196.5, 77.25, 197.0, 154.375, 0.0, 173.125, 129.0, 80.125, 186.125, 16.5, 143.0, 75.9375, 185.25, 108.5, 186.125, 105.6875, 43.09375, 161.0, 83.0, 147.375, 133.25, 59.0625, 112.0625, 166.25, 159.5, 148.5, 164.875, 56.84375, 128.0, 61.28125, 134.875, 109.625, 137.5, 54.03125, 177.75, 58.125, 137.5, 69.0625, 116.5, 167.0, 160.125, 75.3125, 18.03125, 50.09375, 160.625, 176.625, 17.03125, 122.125, 200.25, 133.125, 169.875, 135.0, 87.625, 113.25, 71.25, 79.5625, 172.875, 50.125, 157.375, 29.015625, 109.25, 149.75, 147.625, 125.125, 95.8125, 67.25, 41.34375, 108.5625, 59.6875, 177.125, 45.96875, 181.0, 175.0, 178.875, 58.0, 181.125, 24.046875, 162.0, 51.875, 186.125, 62.03125, 167.125, 161.125, 202.875, 147.5, 178.0, 125.9375, 115.3125, 73.0, 166.875, 63.28125, 153.375, 208.0, 194.0, 193.0, 138.125, 147.375, 197.625, 127.375, 53.0, 47.375, 164.25, 57.375, 88.0, 205.875, 5.0, 149.375, 138.5, 19.71875, 193.375], [71.375, 203.625, 67.8125, 76.0, 114.3125, 36.78125, 113.3125, 132.25, 101.25, 110.9375, 126.125, 33.71875, 104.5625, 50.34375, 97.0625, 173.125, 0.0, 163.25, 145.875, 134.5, 157.125, 79.625, 132.25, 78.8125, 137.5, 105.9375, 155.625, 143.0, 12.203125, 90.375, 63.53125, 79.6875, 148.625, 160.0, 91.9375, 18.4375, 57.71875, 14.3203125, 117.9375, 83.8125, 111.875, 50.34375, 75.125, 138.625, 202.5, 12.0390625, 183.875, 53.5, 116.5, 63.375, 84.1875, 86.0625, 107.5, 172.25, 199.125, 52.25, 31.3125, 166.75, 138.5, 56.4375, 135.375, 51.9375, 163.25, 159.0, 99.625, 153.25, 126.375, 22.46875, 151.375, 16.28125, 148.625, 112.8125, 72.6875, 109.3125, 90.4375, 157.5, 140.75, 156.625, 65.0, 130.125, 4.2421875, 129.625, 15.8125, 81.0625, 49.1875, 156.375, 8.0625, 157.125, 106.25, 175.375, 61.40625, 111.8125, 41.0, 16.15625, 32.0, 60.40625, 110.4375, 48.90625, 69.0, 108.1875, 46.6875, 151.0, 84.875, 35.4375, 94.375, 56.03125, 38.28125, 28.15625, 120.5625, 111.3125, 130.125, 164.75, 59.40625, 162.0, 133.5, 38.21875, 177.625, 91.0625, 70.0, 156.625, 48.84375], [134.5, 191.375, 115.1875, 200.875, 49.03125, 131.875, 212.0, 262.0, 97.0, 115.625, 37.5625, 163.75, 89.1875, 210.25, 76.3125, 129.0, 163.25, 0.0, 183.125, 256.0, 126.4375, 193.5, 60.9375, 223.0, 30.40625, 239.875, 209.375, 91.0, 156.0, 113.4375, 101.625, 83.6875, 166.375, 17.03125, 218.875, 144.875, 107.0625, 149.0, 104.1875, 183.125, 117.3125, 114.0, 96.25, 224.75, 183.125, 174.25, 183.25, 168.5, 83.375, 108.0625, 214.625, 89.1875, 144.75, 144.625, 179.125, 189.5, 143.375, 112.0, 213.125, 149.25, 219.75, 196.25, 6.32421875, 196.625, 65.3125, 180.0, 169.125, 146.875, 160.0, 155.625, 133.875, 186.875, 94.5, 215.75, 185.25, 202.5, 65.0, 155.75, 120.625, 151.25, 165.25, 103.4375, 178.375, 218.125, 200.375, 170.5, 168.875, 106.5, 224.25, 175.0, 212.5, 123.1875, 187.0, 162.75, 177.5, 184.0, 237.5, 143.375, 100.375, 89.875, 124.8125, 171.75, 86.0, 193.75, 237.75, 141.125, 152.0, 137.75, 255.25, 52.1875, 89.5625, 166.125, 113.1875, 173.25, 182.0, 200.875, 133.0, 206.0, 93.625, 112.75, 147.0], [81.25, 66.125, 179.0, 95.6875, 153.375, 156.75, 66.5, 123.125, 92.0625, 69.625, 156.875, 177.5, 98.8125, 149.0, 175.0, 80.125, 145.875, 183.125, 0.0, 109.6875, 69.0, 83.75, 122.25, 124.625, 155.0, 116.5625, 27.015625, 95.6875, 134.5, 82.0, 152.375, 147.25, 21.09375, 168.125, 100.3125, 140.0, 150.5, 144.125, 79.375, 70.4375, 67.6875, 130.25, 116.25, 58.25, 69.625, 145.0, 45.875, 94.875, 100.875, 114.75, 103.8125, 174.75, 46.28125, 64.625, 67.875, 111.1875, 163.25, 90.4375, 42.71875, 191.75, 54.34375, 119.625, 187.875, 15.03125, 138.875, 11.046875, 20.25, 156.125, 30.015625, 130.125, 55.90625, 40.71875, 159.375, 75.8125, 64.6875, 19.3125, 119.5, 38.90625, 97.75, 31.953125, 150.125, 80.0625, 146.75, 113.0625, 129.625, 23.53125, 153.25, 88.375, 91.0625, 41.1875, 132.25, 62.15625, 121.9375, 130.25, 177.875, 96.8125, 106.6875, 99.3125, 118.8125, 96.5625, 162.25, 17.09375, 168.5, 174.875, 128.875, 186.875, 107.9375, 129.25, 125.1875, 158.5, 93.9375, 36.5, 165.875, 27.015625, 13.890625, 167.625, 80.9375, 84.125, 147.125, 82.0625, 183.625], [121.6875, 171.375, 197.75, 60.9375, 212.25, 166.375, 47.4375, 15.234375, 160.375, 147.625, 220.875, 166.125, 168.125, 99.75, 215.0, 186.125, 134.5, 256.0, 109.6875, 0.0, 172.0, 64.0625, 200.875, 60.3125, 225.625, 31.578125, 92.4375, 186.625, 130.125, 143.125, 181.625, 188.375, 129.125, 245.125, 43.0, 143.0, 176.625, 143.375, 160.625, 72.8125, 146.5, 157.5, 163.0, 53.15625, 177.0, 125.1875, 153.0, 93.5625, 176.875, 153.5, 50.4375, 208.0, 119.0625, 172.75, 176.0, 82.6875, 164.875, 192.375, 68.0, 190.875, 56.0, 82.875, 258.75, 110.0625, 194.625, 120.5, 106.625, 155.75, 137.625, 126.8125, 158.125, 77.625, 191.375, 41.0625, 70.9375, 102.1875, 203.125, 146.875, 137.25, 127.125, 137.0, 168.0, 123.6875, 54.15625, 88.0625, 133.125, 137.375, 187.25, 32.1875, 150.25, 79.1875, 141.375, 93.5625, 121.3125, 157.125, 79.1875, 24.1875, 118.1875, 161.0, 168.5, 175.875, 126.3125, 204.0, 142.25, 49.34375, 190.5, 114.9375, 139.875, 24.84375, 213.875, 178.875, 146.125, 186.25, 136.625, 98.8125, 128.5, 188.0, 50.8125, 182.375, 182.125, 183.375], [86.9375, 66.5, 162.375, 139.0, 111.3125, 151.375, 125.0, 183.625, 62.46875, 46.3125, 110.0, 181.25, 64.375, 180.5, 143.75, 16.5, 157.125, 126.4375, 69.0, 172.0, 0.0, 127.0, 69.1875, 169.125, 103.0, 170.75, 95.5625, 36.0, 145.0, 67.4375, 134.25, 121.0625, 48.15625, 109.8125, 150.625, 144.0, 135.0, 149.25, 42.53125, 112.0625, 45.28125, 120.25, 95.75, 124.8125, 59.65625, 161.5, 56.875, 121.0625, 57.78125, 101.875, 151.125, 148.5, 59.0625, 19.921875, 55.53125, 144.125, 161.75, 21.40625, 109.75, 186.0, 120.3125, 153.375, 132.125, 78.5625, 102.6875, 61.53125, 65.5625, 157.625, 39.59375, 141.375, 13.9296875, 94.625, 137.25, 132.875, 109.375, 86.25, 62.0625, 32.1875, 92.9375, 44.9375, 161.25, 32.75, 164.75, 159.0, 162.375, 49.03125, 165.25, 21.03125, 146.875, 48.75, 169.75, 45.6875, 150.625, 144.875, 187.25, 131.125, 163.0, 109.6875, 101.25, 60.21875, 152.75, 53.03125, 141.875, 191.875, 178.125, 179.0, 121.875, 131.75, 182.625, 118.375, 42.71875, 41.15625, 150.875, 49.9375, 75.1875, 189.625, 20.609375, 133.75, 125.6875, 14.3203125, 178.875], [59.1875, 149.375, 136.625, 12.3671875, 148.625, 106.1875, 33.71875, 68.625, 100.375, 92.0625, 157.625, 113.3125, 107.6875, 66.5, 151.125, 143.0, 79.625, 193.5, 83.75, 64.0625, 127.0, 0.0, 141.125, 42.59375, 163.25, 47.40625, 83.5625, 132.625, 72.0, 82.875, 118.3125, 124.3125, 95.8125, 183.625, 25.9375, 83.375, 113.625, 85.0625, 104.6875, 15.03125, 91.5, 93.9375, 99.25, 59.46875, 151.75, 73.5, 128.875, 30.359375, 117.625, 89.375, 24.328125, 144.75, 68.1875, 134.125, 149.375, 30.890625, 107.0625, 144.75, 61.90625, 135.0, 56.65625, 37.65625, 196.0, 92.8125, 131.0, 93.9375, 69.5625, 98.0, 102.375, 68.0, 114.0625, 43.28125, 128.0, 30.0625, 19.3125, 88.5, 144.875, 110.625, 73.5625, 84.6875, 83.0, 114.0, 73.6875, 32.0, 47.4375, 102.5, 84.75, 137.625, 31.90625, 122.5625, 48.5625, 87.3125, 43.375, 64.125, 108.25, 19.234375, 43.9375, 54.21875, 97.0, 108.8125, 115.125, 95.625, 140.5, 99.3125, 51.34375, 133.125, 52.1875, 78.125, 62.125, 149.875, 122.75, 114.5, 124.4375, 107.6875, 69.8125, 89.0625, 146.125, 13.4140625, 118.5625, 133.875, 127.0], [82.75, 135.625, 110.125, 150.25, 44.78125, 111.3125, 155.0, 208.625, 40.8125, 55.59375, 41.21875, 144.875, 33.53125, 171.875, 81.6875, 75.9375, 132.25, 60.9375, 122.25, 200.875, 69.1875, 141.125, 0.0, 176.0, 34.125, 188.5, 148.5, 33.375, 122.0, 58.3125, 85.0, 66.875, 105.625, 46.3125, 167.125, 114.625, 88.25, 119.8125, 43.5625, 129.0, 57.1875, 83.1875, 57.125, 165.5, 128.375, 141.0, 125.125, 120.5625, 24.078125, 69.0, 164.125, 89.8125, 85.25, 88.6875, 124.3125, 143.875, 123.375, 60.15625, 153.25, 140.375, 160.5, 151.875, 65.8125, 135.75, 42.8125, 119.1875, 108.5625, 123.0, 99.6875, 120.0625, 74.4375, 128.125, 83.75, 159.875, 130.0, 141.5, 10.6328125, 96.0, 74.0, 90.375, 135.5, 42.71875, 145.0, 169.125, 158.125, 110.125, 139.5, 51.9375, 170.125, 116.25, 169.125, 63.0, 144.625, 126.1875, 155.5, 135.375, 184.5, 98.0, 63.28125, 32.4375, 108.4375, 111.0, 83.5625, 167.0, 189.375, 132.375, 109.0625, 104.125, 203.25, 52.46875, 28.859375, 106.8125, 101.625, 113.1875, 121.4375, 170.0, 80.625, 152.5, 75.125, 57.0625, 135.125], [93.625, 190.75, 145.625, 30.265625, 175.375, 113.875, 63.25, 54.59375, 136.0, 131.5, 185.875, 107.9375, 142.625, 39.46875, 169.375, 185.25, 78.8125, 223.0, 124.625, 60.3125, 169.125, 42.59375, 176.0, 0.0, 193.625, 29.0, 119.875, 171.875, 77.375, 118.9375, 134.75, 145.75, 138.0, 215.25, 26.875, 91.0, 129.25, 90.0625, 143.5, 57.5625, 131.25, 113.1875, 126.75, 87.0625, 193.5, 68.0, 170.25, 55.53125, 153.75, 115.125, 21.09375, 160.25, 110.0, 176.625, 191.375, 33.59375, 110.0625, 186.125, 95.25, 133.75, 86.25, 28.421875, 224.625, 132.0, 158.125, 135.25, 111.8125, 101.0625, 144.75, 75.1875, 156.375, 83.9375, 144.75, 54.5, 61.625, 126.5625, 181.25, 153.125, 103.3125, 127.25, 80.4375, 153.75, 65.8125, 11.6640625, 29.734375, 144.5, 80.0, 178.5, 42.1875, 164.5, 19.03125, 127.6875, 39.40625, 68.5, 97.75, 40.8125, 37.09375, 79.75, 122.875, 144.5, 123.8125, 137.625, 157.5, 82.0, 15.8125, 134.5, 71.375, 91.4375, 42.1875, 175.125, 161.125, 156.75, 135.625, 149.625, 110.875, 68.25, 188.5, 40.71875, 137.875, 175.125, 126.8125], [104.125, 169.25, 98.0625, 170.75, 25.5, 109.0, 181.625, 231.75, 66.875, 86.3125, 14.3203125, 142.125, 59.0625, 182.75, 62.1875, 108.5, 137.5, 30.40625, 155.0, 225.625, 103.0, 163.25, 34.125, 193.625, 0.0, 209.75, 180.75, 67.0, 129.25, 83.125, 79.125, 60.0, 139.25, 22.5625, 188.625, 119.0625, 84.0, 123.625, 75.625, 152.75, 88.125, 87.3125, 67.0625, 194.75, 161.75, 148.0, 159.25, 138.625, 54.21875, 79.1875, 184.625, 73.5625, 115.125, 122.25, 157.75, 160.25, 121.0, 92.0, 183.375, 131.5, 189.75, 167.25, 33.84375, 168.875, 37.84375, 152.625, 140.0, 123.1875, 133.5, 128.5, 108.5625, 156.75, 74.0, 185.375, 154.875, 174.25, 41.3125, 130.125, 90.6875, 123.0625, 139.875, 76.5, 152.125, 188.375, 171.875, 144.0, 143.75, 84.6875, 193.875, 150.375, 183.875, 93.9375, 158.375, 135.375, 155.0, 154.25, 207.125, 113.875, 71.6875, 60.03125, 103.3125, 144.5, 68.625, 169.75, 208.125, 123.25, 123.0, 110.875, 225.0, 31.953125, 62.8125, 140.875, 93.1875, 147.125, 153.0, 175.625, 113.0, 175.625, 70.0, 90.375, 127.875], [106.25, 181.875, 171.375, 39.0625, 193.875, 139.625, 50.21875, 26.25, 147.75, 138.875, 203.5, 136.25, 155.0, 68.25, 192.0, 186.125, 105.9375, 239.875, 116.5625, 31.578125, 170.75, 47.40625, 188.5, 29.0, 209.75, 0.0, 105.875, 179.375, 102.9375, 130.25, 157.875, 166.875, 133.25, 230.5, 21.46875, 116.3125, 152.5, 116.0625, 151.75, 60.75, 138.25, 134.75, 144.375, 68.625, 186.125, 95.8125, 162.25, 72.125, 165.0, 133.625, 25.453125, 183.875, 113.25, 175.125, 184.5, 55.9375, 137.0, 189.625, 80.25, 161.75, 69.3125, 54.09375, 242.125, 120.875, 176.25, 127.5625, 108.0, 127.8125, 141.0, 100.1875, 157.125, 78.0, 167.75, 40.78125, 61.84375, 114.1875, 192.25, 150.0, 119.3125, 126.5, 107.9375, 160.625, 93.9375, 25.078125, 57.875, 138.75, 107.9375, 183.125, 25.5, 157.625, 48.0, 133.75, 65.1875, 94.0, 126.5625, 56.59375, 11.3984375, 97.5625, 141.375, 156.125, 149.375, 131.625, 180.625, 111.0, 18.359375, 162.0, 91.8125, 114.9375, 15.6171875, 194.5, 169.875, 151.5, 160.625, 143.125, 103.6875, 97.1875, 188.625, 37.375, 159.75, 178.875, 154.5], [98.4375, 79.0, 196.625, 94.0625, 177.5, 171.75, 56.9375, 107.0625, 116.1875, 94.5625, 181.875, 188.75, 123.375, 149.875, 196.5, 105.6875, 155.625, 209.375, 27.015625, 92.4375, 95.5625, 83.5625, 148.5, 119.875, 180.75, 105.875, 0.0, 122.625, 145.25, 104.25, 171.25, 168.25, 47.4375, 194.625, 93.5, 152.75, 168.625, 156.25, 105.1875, 73.5, 92.6875, 147.875, 137.25, 39.3125, 85.1875, 152.75, 61.53125, 102.4375, 126.4375, 134.0, 98.8125, 195.0, 68.0625, 89.1875, 84.5625, 113.875, 176.875, 116.9375, 25.625, 205.625, 37.09375, 121.1875, 213.875, 18.96875, 162.25, 34.40625, 41.21875, 168.875, 56.09375, 140.75, 82.75, 42.9375, 179.0, 66.25, 66.875, 10.4375, 146.125, 64.375, 116.125, 58.1875, 159.625, 106.6875, 153.875, 108.25, 131.0, 47.71875, 162.375, 115.25, 80.9375, 60.4375, 131.0, 87.0, 125.8125, 139.5, 187.0, 100.1875, 94.9375, 112.8125, 139.0, 121.4375, 178.25, 42.625, 189.0, 181.125, 120.75, 201.5, 119.25, 143.125, 111.5625, 182.25, 120.4375, 59.46875, 183.5, 49.1875, 28.4375, 172.0, 106.0, 79.625, 167.0, 108.875, 197.375], [80.0, 102.3125, 135.0, 143.375, 76.875, 129.625, 139.375, 196.375, 41.75, 40.53125, 74.5, 161.875, 39.34375, 175.125, 111.625, 43.09375, 143.0, 91.0, 95.6875, 186.625, 36.0, 132.625, 33.375, 171.875, 67.0, 179.375, 122.625, 0.0, 131.5, 55.09375, 107.6875, 92.0, 76.9375, 74.75, 158.125, 127.25, 109.625, 132.625, 28.28125, 118.625, 41.125, 98.875, 72.1875, 145.375, 95.0625, 149.625, 92.5625, 118.3125, 28.59375, 81.4375, 156.75, 118.0, 67.625, 55.3125, 90.9375, 142.375, 141.0, 28.59375, 131.5, 162.25, 140.5, 151.25, 96.5, 107.9375, 70.75, 90.8125, 85.5625, 138.625, 69.875, 128.5, 43.0, 110.125, 108.9375, 145.875, 117.9375, 114.5625, 26.171875, 64.875, 78.625, 65.1875, 146.75, 18.78125, 153.375, 163.25, 159.0, 80.25, 150.875, 19.234375, 158.0, 84.0, 168.375, 45.6875, 146.0, 133.5, 170.25, 131.375, 173.5, 100.375, 78.375, 35.34375, 129.0, 82.3125, 111.375, 178.5, 183.375, 154.625, 112.625, 115.4375, 193.0, 84.3125, 13.0, 75.1875, 124.75, 82.5625, 97.6875, 178.875, 47.9375, 142.125, 98.375, 23.765625, 155.875], [59.1875, 191.625, 68.4375, 70.0625, 107.0, 36.6875, 105.25, 129.125, 89.75, 98.8125, 118.625, 43.46875, 93.375, 54.59375, 93.5, 161.0, 12.203125, 156.0, 134.5, 130.125, 145.0, 72.0, 122.0, 77.375, 129.25, 102.9375, 145.25, 131.5, 0.0, 78.375, 59.03125, 73.375, 136.75, 151.875, 87.0625, 13.6015625, 53.25, 13.34375, 106.0625, 74.5, 99.75, 42.0625, 65.0625, 130.125, 190.375, 19.03125, 172.0, 43.9375, 105.375, 53.0, 79.6875, 83.5, 95.4375, 160.0, 187.0, 47.4375, 35.21875, 154.875, 129.0, 63.0625, 126.5625, 49.25, 156.375, 147.875, 91.5, 141.625, 114.875, 26.078125, 139.25, 4.47265625, 136.5, 102.5, 68.75, 102.0, 81.0, 146.625, 130.25, 144.5, 53.15625, 118.0625, 16.40625, 117.75, 23.09375, 77.875, 48.90625, 144.5, 20.25, 145.25, 100.4375, 163.375, 61.625, 99.625, 38.09375, 8.9453125, 43.875, 53.09375, 106.25, 36.78125, 59.21875, 96.875, 46.53125, 139.125, 81.375, 47.15625, 93.1875, 61.21875, 26.625, 18.4375, 118.0625, 104.6875, 118.625, 152.75, 58.25, 150.125, 122.3125, 48.09375, 165.5, 84.1875, 64.125, 144.75, 55.0], [25.5, 122.4375, 100.75, 92.1875, 74.4375, 85.0625, 98.5, 150.375, 17.5, 21.265625, 80.625, 113.875, 25.0, 120.125, 93.0, 83.0, 90.375, 113.4375, 82.0, 143.125, 67.4375, 82.875, 58.3125, 118.9375, 83.125, 130.25, 104.25, 55.09375, 78.375, 0.0, 72.8125, 65.375, 73.5, 101.9375, 108.8125, 76.5625, 72.0, 81.8125, 27.890625, 70.8125, 22.625, 54.40625, 34.71875, 112.375, 119.0625, 95.8125, 105.125, 64.125, 34.9375, 36.34375, 106.0, 93.1875, 36.21875, 84.1875, 115.1875, 88.125, 94.75, 76.5625, 102.1875, 120.25, 107.4375, 96.75, 116.8125, 97.0, 58.25, 83.875, 63.28125, 90.25, 72.25, 75.0, 60.8125, 74.3125, 78.5625, 102.5625, 72.25, 100.1875, 62.40625, 74.3125, 25.546875, 53.375, 94.375, 39.5625, 99.3125, 111.4375, 104.1875, 80.625, 98.4375, 67.0625, 112.0, 95.6875, 114.0, 24.703125, 91.0, 79.375, 119.875, 78.1875, 126.1875, 45.40625, 38.28125, 25.9375, 87.6875, 77.875, 86.8125, 125.5625, 131.625, 113.8125, 57.71875, 64.375, 144.875, 78.4375, 43.03125, 84.5, 88.125, 85.6875, 75.8125, 124.75, 87.6875, 94.3125, 66.25, 66.3125, 112.8125], [73.0, 194.5, 28.296875, 120.8125, 54.0, 30.265625, 147.25, 183.125, 71.875, 92.125, 66.0, 63.0625, 70.1875, 113.1875, 34.65625, 147.375, 63.53125, 101.625, 152.375, 181.625, 134.25, 118.3125, 85.0, 134.75, 79.125, 157.875, 171.25, 107.6875, 59.03125, 72.8125, 0.0, 19.234375, 146.125, 101.0, 139.25, 46.03125, 5.83203125, 49.25, 91.8125, 114.3125, 93.9375, 24.734375, 38.9375, 168.5, 190.375, 75.3125, 177.75, 88.125, 79.25, 37.65625, 132.875, 26.40625, 106.3125, 153.125, 186.375, 102.1875, 42.0625, 135.75, 162.625, 55.46875, 164.125, 106.3125, 100.875, 167.375, 43.6875, 155.75, 132.5, 45.34375, 145.0, 60.15625, 131.0, 133.375, 10.0, 147.0, 119.3125, 169.125, 95.3125, 146.75, 55.15625, 125.875, 64.875, 101.6875, 79.25, 133.25, 107.5, 153.375, 68.125, 125.875, 149.875, 168.375, 120.25, 97.1875, 95.5, 67.25, 76.1875, 102.5, 159.0, 64.875, 34.53125, 74.4375, 24.328125, 150.25, 22.796875, 92.1875, 150.5, 47.5, 66.625, 43.28125, 173.375, 49.5, 95.5, 157.125, 17.03125, 158.5, 143.75, 99.9375, 152.375, 131.75, 9.8515625, 128.125, 50.34375], [72.25, 183.875, 43.40625, 128.625, 35.21875, 49.0, 150.625, 191.375, 60.15625, 82.25, 47.25, 82.25, 56.8125, 127.9375, 28.4375, 133.25, 79.6875, 83.6875, 147.25, 188.375, 121.0625, 124.3125, 66.875, 145.75, 60.0, 166.875, 168.25, 92.0, 73.375, 65.375, 19.234375, 0.0, 138.5, 82.125, 147.25, 61.46875, 24.0, 65.4375, 79.625, 118.125, 84.1875, 32.65625, 31.0, 169.875, 179.0, 91.0, 168.25, 95.1875, 64.1875, 36.0625, 141.5, 28.15625, 101.0625, 140.5, 174.875, 112.4375, 61.0, 120.5, 162.375, 73.9375, 165.25, 117.6875, 83.5, 162.25, 24.703125, 149.25, 128.0, 63.5, 136.25, 73.5625, 119.5, 133.25, 17.03125, 151.625, 122.375, 165.0, 77.375, 136.875, 54.125, 118.5625, 81.625, 88.3125, 95.0625, 143.0, 120.1875, 145.375, 85.1875, 110.75, 156.25, 158.75, 132.75, 88.3125, 107.4375, 80.75, 95.0, 110.4375, 166.875, 70.1875, 29.609375, 60.90625, 43.5625, 143.0, 21.59375, 110.3125, 161.25, 65.8125, 75.0625, 55.75, 182.5, 31.625, 80.4375, 147.75, 34.9375, 150.125, 140.0, 117.1875, 138.25, 137.75, 10.046875, 113.625, 69.25], [79.3125, 55.59375, 173.75, 108.1875, 140.25, 154.375, 84.0625, 142.0, 80.125, 57.09375, 142.5, 178.375, 86.0, 158.375, 165.375, 59.0625, 148.625, 166.375, 21.09375, 129.125, 48.15625, 95.8125, 105.625, 138.0, 139.25, 133.25, 47.4375, 76.9375, 136.75, 73.5, 146.125, 138.5, 0.0, 150.75, 115.4375, 140.25, 144.875, 144.75, 64.5, 81.375, 55.09375, 125.8125, 108.1875, 78.75, 56.34375, 149.375, 35.375, 101.0, 86.0, 108.875, 117.875, 166.5, 41.875, 43.96875, 53.71875, 120.375, 162.25, 69.5, 63.3125, 189.875, 74.625, 129.25, 171.375, 31.0625, 127.0625, 13.890625, 26.25, 155.875, 8.9453125, 132.375, 35.46875, 55.3125, 152.125, 93.0, 76.5625, 38.28125, 101.75, 18.03125, 93.5, 20.25, 152.875, 62.9375, 151.625, 126.875, 139.125, 7.80859375, 156.25, 68.0, 108.0625, 27.453125, 143.375, 50.34375, 129.875, 133.625, 180.5, 106.0, 124.0, 100.125, 111.6875, 83.125, 158.75, 5.38671875, 160.0, 180.0, 144.0, 184.25, 110.375, 128.75, 143.0, 146.0, 76.875, 18.6875, 160.875, 13.453125, 30.265625, 174.25, 60.0, 98.625, 139.75, 61.5625, 182.0], [124.375, 174.375, 118.25, 191.625, 47.0, 131.125, 200.125, 251.875, 84.875, 101.8125, 35.0, 164.0, 77.0625, 205.25, 80.625, 112.0625, 160.0, 17.03125, 168.125, 245.125, 109.8125, 183.625, 46.3125, 215.25, 22.5625, 230.5, 194.625, 74.75, 151.875, 101.9375, 101.0, 82.125, 150.75, 0.0, 209.25, 141.625, 106.0625, 146.125, 89.875, 172.5, 103.5, 109.875, 89.1875, 211.625, 166.125, 170.5, 166.75, 160.0, 69.8125, 101.375, 205.5, 92.875, 131.375, 127.75, 162.125, 182.0, 143.0, 95.0625, 199.5, 152.125, 206.625, 189.25, 23.1875, 181.375, 60.40625, 164.5, 154.875, 145.5, 144.25, 151.0, 117.75, 174.0, 95.25, 204.5, 174.125, 187.375, 49.03125, 139.5, 112.0, 136.375, 162.375, 88.125, 174.625, 209.625, 194.125, 154.625, 166.25, 89.6875, 213.75, 158.5, 205.875, 109.3125, 180.5, 157.875, 177.125, 175.5, 227.375, 135.5, 94.0, 77.125, 125.0625, 156.125, 88.625, 192.125, 229.5, 143.875, 145.0, 133.375, 245.625, 52.34375, 74.25, 149.875, 114.4375, 157.25, 167.75, 198.125, 116.0, 195.625, 92.125, 96.0, 149.0], [84.875, 166.375, 154.75, 18.59375, 173.25, 123.3125, 36.625, 44.21875, 126.25, 117.625, 182.625, 124.125, 133.625, 63.15625, 173.125, 166.25, 91.9375, 218.875, 100.3125, 43.0, 150.625, 25.9375, 167.125, 26.875, 188.625, 21.46875, 93.5, 158.125, 87.0625, 108.8125, 139.25, 147.25, 115.4375, 209.25, 0.0, 99.9375, 134.25, 100.4375, 130.375, 39.5625, 117.0, 115.6875, 123.75, 60.21875, 169.75, 83.125, 146.125, 52.0, 143.625, 113.25, 8.0625, 165.625, 92.5625, 156.125, 167.875, 39.8125, 122.0, 169.125, 68.625, 148.375, 59.40625, 41.0, 221.125, 106.5, 155.625, 111.125, 89.5625, 112.8125, 122.8125, 83.8125, 137.25, 60.21875, 149.25, 27.65625, 41.3125, 100.625, 170.875, 131.5, 98.4375, 107.0, 94.5, 139.5, 82.0, 15.8125, 47.84375, 121.375, 95.1875, 162.375, 16.15625, 140.875, 42.0625, 112.625, 51.15625, 78.3125, 116.1875, 36.90625, 19.71875, 77.3125, 121.0, 134.75, 132.875, 114.3125, 161.875, 103.1875, 28.640625, 147.625, 72.6875, 97.0625, 36.40625, 174.125, 148.5, 134.0, 143.375, 126.125, 86.8125, 90.5, 169.125, 17.0, 140.625, 158.375, 140.75], [61.0625, 194.25, 55.03125, 82.4375, 95.875, 23.40625, 116.0, 142.375, 85.625, 97.625, 107.6875, 38.28125, 88.25, 67.125, 80.25, 159.5, 18.4375, 144.875, 140.0, 143.0, 144.0, 83.375, 114.625, 91.0, 119.0625, 116.3125, 152.75, 127.25, 13.6015625, 76.5625, 46.03125, 61.46875, 140.25, 141.625, 99.9375, 0.0, 40.21875, 5.38671875, 103.375, 84.3125, 98.8125, 32.0625, 57.5625, 140.25, 192.375, 29.546875, 175.125, 54.0, 100.0, 46.3125, 92.6875, 70.0, 98.4375, 160.125, 188.75, 60.53125, 24.328125, 152.0, 138.125, 53.15625, 136.5, 62.78125, 144.875, 153.875, 81.1875, 146.25, 119.9375, 16.15625, 142.0, 16.15625, 136.5, 110.625, 55.59375, 113.4375, 90.5625, 153.375, 123.5, 146.5, 51.03125, 120.875, 21.03125, 114.9375, 33.625, 91.25, 62.46875, 148.0, 25.0, 142.25, 112.8125, 166.25, 75.1875, 99.5, 51.625, 22.46875, 43.40625, 64.9375, 119.25, 40.71875, 51.34375, 92.0, 33.09375, 143.125, 68.125, 52.34375, 106.75, 50.09375, 33.71875, 12.203125, 131.5, 93.0625, 114.25, 155.375, 44.65625, 153.625, 128.5, 56.5625, 164.25, 96.0, 51.90625, 142.25, 44.90625], [70.25, 194.25, 28.796875, 115.8125, 59.125, 25.015625, 143.125, 178.0, 72.5, 91.9375, 71.1875, 58.3125, 71.4375, 107.3125, 40.3125, 148.5, 57.71875, 107.0625, 150.5, 176.625, 135.0, 113.625, 88.25, 129.25, 84.0, 152.5, 168.625, 109.625, 53.25, 72.0, 5.83203125, 24.0, 144.875, 106.0625, 134.25, 40.21875, 0.0, 43.40625, 92.4375, 110.125, 93.625, 21.03125, 39.21875, 164.75, 190.375, 69.4375, 177.125, 83.375, 81.0625, 36.0625, 127.75, 31.390625, 104.5625, 153.625, 186.5, 96.8125, 37.0, 137.5, 159.25, 52.6875, 160.375, 100.75, 106.5, 165.375, 47.84375, 154.125, 130.375, 39.8125, 144.125, 54.4375, 131.125, 130.125, 15.5546875, 142.625, 115.3125, 166.875, 98.4375, 146.25, 52.78125, 124.625, 59.09375, 102.625, 73.4375, 127.875, 101.8125, 152.25, 62.40625, 127.5, 145.125, 167.75, 114.5625, 96.625, 89.9375, 61.5625, 71.0, 97.5, 154.0, 60.625, 34.125, 75.6875, 20.25, 149.0, 28.3125, 86.6875, 145.0, 45.0, 61.75, 37.8125, 168.125, 54.90625, 97.1875, 156.5, 16.125, 157.5, 141.375, 94.25, 153.5, 127.0, 14.0390625, 129.375, 46.96875], [65.875, 199.0, 55.5625, 83.375, 100.1875, 23.859375, 118.0625, 142.25, 91.0, 102.875, 112.0625, 33.59375, 93.625, 64.1875, 83.0, 164.875, 14.3203125, 149.0, 144.125, 143.375, 149.25, 85.0625, 119.8125, 90.0625, 123.625, 116.0625, 156.25, 132.625, 13.34375, 81.8125, 49.25, 65.4375, 144.75, 146.125, 100.4375, 5.38671875, 43.40625, 0.0, 108.6875, 86.8125, 104.0625, 37.0, 62.8125, 142.75, 197.25, 26.078125, 179.75, 56.3125, 105.375, 51.65625, 93.0, 72.25, 103.0625, 165.25, 193.75, 60.71875, 22.015625, 157.375, 141.0, 50.34375, 139.0, 62.15625, 149.0, 157.875, 85.8125, 150.625, 124.1875, 13.0390625, 146.75, 17.03125, 141.625, 113.875, 58.53125, 115.125, 93.1875, 157.125, 128.75, 151.375, 56.3125, 125.625, 16.28125, 120.3125, 30.015625, 91.0, 61.03125, 152.625, 20.09375, 147.625, 113.75, 171.0, 73.625, 104.625, 51.0, 22.140625, 38.09375, 66.25, 119.5625, 44.9375, 56.5625, 97.4375, 33.84375, 147.625, 70.8125, 47.15625, 105.8125, 48.03125, 37.0, 17.5, 131.125, 97.0625, 119.625, 160.125, 46.09375, 158.25, 132.375, 51.96875, 169.5, 97.4375, 55.71875, 147.625, 42.1875], [52.03125, 104.375, 120.125, 115.25, 76.0, 109.25, 113.8125, 169.625, 20.0, 13.0390625, 78.0625, 139.75, 23.09375, 147.5, 104.125, 56.84375, 117.9375, 104.1875, 79.375, 160.625, 42.53125, 104.6875, 43.5625, 143.5, 75.625, 151.75, 105.1875, 28.28125, 106.0625, 27.890625, 91.8125, 79.625, 64.5, 89.875, 130.375, 103.375, 92.4375, 108.6875, 0.0, 91.0, 14.2109375, 78.0, 53.25, 122.5, 99.3125, 123.6875, 89.8125, 90.125, 21.59375, 59.65625, 128.75, 107.5625, 42.4375, 61.28125, 95.25, 114.1875, 119.8125, 48.84375, 109.8125, 143.5, 117.5, 123.125, 108.75, 93.4375, 63.9375, 77.4375, 65.0, 116.1875, 60.0, 102.8125, 39.9375, 85.625, 95.375, 119.5625, 90.8125, 98.6875, 43.125, 58.6875, 52.9375, 47.4375, 121.875