{"name": "LZB_n120_6", "n": 120, "m": 15, "times": [[0.0, 97.5, 72.0, 103.5625, 43.09375, 48.40625, 57.125, 39.96875, 89.25, 123.75, 103.5625, 76.1875, 107.3125, 79.125, 89.1875, 70.1875, 74.4375, 100.6875, 75.1875, 97.0, 119.0, 80.9375, 82.4375, 119.0, 102.4375, 61.21875, 94.4375, 81.375, 3.162109375, 85.0, 133.75, 55.90625, 104.3125, 93.0, 95.625, 81.0625, 126.375, 29.6875, 68.8125, 102.0625, 24.078125, 58.0625, 59.40625, 84.3125, 38.28125, 102.3125, 83.0, 64.125, 97.5, 18.59375, 17.796875, 86.375, 94.4375, 49.15625, 89.875, 79.1875, 34.4375, 16.125, 93.4375, 37.15625, 53.46875, 27.015625, 110.4375, 67.625, 82.375, 92.0625, 44.28125, 104.9375, 34.71875, 32.0, 86.375, 24.359375, 37.65625, 90.5625, 126.0, 101.625, 61.03125, 59.625, 111.0, 78.5625, 120.6875, 66.9375, 71.0, 67.1875, 91.25, 95.875, 75.1875, 75.375, 97.6875, 121.625, 86.5, 104.8125, 32.0, 78.875, 67.125, 15.0, 114.375, 39.59375, 74.0625, 96.1875, 41.6875, 103.3125, 79.25, 36.78125, 64.625, 66.625, 60.40625, 36.0625, 71.0, 22.359375, 82.0625, 109.8125, 107.6875, 96.1875, 105.125, 86.125, 25.0, 50.59375, 65.75, 92.875, 108.4375], [97.5, 0.0, 132.375, 188.5, 56.0, 69.25, 154.375, 76.875, 183.0, 106.5, 10.7734375, 173.375, 71.6875, 21.40625, 186.25, 114.0625, 61.0625, 166.625, 144.5, 85.4375, 113.375, 106.75, 52.9375, 119.8125, 159.75, 41.34375, 152.75, 177.125, 99.0625, 180.25, 219.875, 46.6875, 86.625, 60.40625, 129.5, 145.875, 216.5, 71.0, 154.375, 166.0, 117.3125, 82.75, 81.375, 174.625, 125.25, 187.5, 138.625, 116.0, 187.875, 90.8125, 86.625, 173.625, 152.75, 113.25, 40.5, 109.0625, 111.875, 98.0, 93.5, 69.75, 150.875, 124.0625, 75.375, 88.4375, 55.15625, 40.3125, 95.8125, 177.5, 114.9375, 127.3125, 179.125, 73.5625, 73.0, 107.375, 68.0625, 45.21875, 49.40625, 139.125, 204.625, 169.125, 184.25, 117.6875, 30.8125, 157.125, 104.6875, 124.1875, 87.6875, 86.1875, 152.625, 105.6875, 111.0625, 191.25, 123.375, 165.625, 151.75, 112.3125, 196.875, 68.875, 25.3125, 193.375, 60.125, 121.25, 131.625, 80.75, 161.25, 152.5, 126.8125, 98.25, 138.625, 100.125, 146.625, 193.375, 56.03125, 58.1875, 128.75, 183.375, 75.875, 86.4375, 79.8125, 63.5, 176.125], [72.0, 132.375, 0.0, 152.25, 97.5, 114.5625, 87.4375, 108.4375, 125.25, 89.625, 142.125, 99.8125, 170.125, 111.0625, 94.4375, 142.0, 137.75, 164.5, 140.5, 74.3125, 78.1875, 39.0, 87.6875, 73.1875, 169.5, 91.9375, 23.09375, 79.625, 69.0, 79.6875, 93.4375, 110.0625, 171.375, 90.125, 34.40625, 13.6015625, 95.4375, 92.0625, 41.21875, 166.625, 55.78125, 50.21875, 51.875, 128.75, 100.6875, 63.375, 11.1796875, 16.640625, 139.125, 58.46875, 63.0625, 135.125, 23.09375, 23.765625, 144.625, 35.0, 103.8125, 88.0, 163.0, 67.4375, 82.625, 77.1875, 173.75, 47.9375, 85.875, 146.5, 38.28125, 45.5, 38.3125, 85.125, 125.625, 83.8125, 104.3125, 48.375, 183.5, 156.5, 118.9375, 27.015625, 92.9375, 59.125, 183.625, 138.25, 101.8125, 51.0, 162.5, 39.34375, 53.15625, 145.125, 166.0, 87.5, 158.375, 68.25, 50.34375, 130.0, 38.46875, 73.1875, 68.9375, 104.375, 118.25, 114.875, 100.4375, 51.46875, 10.6328125, 55.21875, 75.3125, 41.15625, 129.125, 40.5, 10.1953125, 94.0, 14.2109375, 66.6875, 165.375, 156.5, 47.71875, 94.6875, 70.0, 45.96875, 55.46875, 155.375, 170.5], [103.5625, 188.5, 152.25, 0.0, 134.25, 119.9375, 65.375, 111.625, 33.0625, 225.375, 190.75, 59.4375, 159.875, 175.0, 80.125, 85.6875, 138.0, 43.875, 49.03125, 199.625, 218.75, 177.5, 185.625, 217.125, 58.78125, 160.875, 167.375, 90.4375, 104.3125, 94.0625, 150.0, 141.75, 145.125, 196.5, 185.125, 153.125, 134.25, 119.875, 119.5, 47.375, 101.8125, 160.0, 161.625, 23.703125, 66.1875, 134.125, 162.5, 153.75, 18.109375, 120.9375, 121.25, 17.6875, 167.375, 138.0, 163.0, 174.625, 77.1875, 94.5625, 127.625, 140.5, 70.0, 80.9375, 160.625, 168.5, 185.625, 165.0, 142.5, 157.75, 119.5625, 73.4375, 29.609375, 120.6875, 115.5, 188.125, 184.75, 171.125, 140.125, 126.5625, 112.125, 110.4375, 50.15625, 79.0625, 168.875, 109.375, 114.8125, 188.0, 176.5, 118.25, 63.0, 223.125, 103.4375, 132.375, 104.125, 24.703125, 120.75, 91.0, 146.5, 119.625, 163.125, 59.40625, 129.0, 198.125, 162.625, 139.75, 82.25, 118.125, 64.0, 133.25, 145.125, 90.5, 154.0, 141.75, 171.0, 157.75, 197.25, 76.25, 127.9375, 151.875, 168.25, 151.0, 40.21875], [43.09375, 56.0, 97.5, 134.25, 0.0, 24.171875, 99.0625, 26.171875, 127.0625, 114.625, 61.0, 117.875, 72.625, 40.8125, 132.25, 70.3125, 41.0, 117.875, 93.625, 87.0625, 114.8125, 88.0625, 60.0, 117.875, 114.0, 29.703125, 120.4375, 124.375, 45.1875, 127.9375, 173.75, 13.453125, 75.8125, 72.1875, 108.875, 109.6875, 167.875, 15.0, 107.625, 118.0, 65.5, 59.0, 59.0, 119.0625, 69.5625, 141.625, 106.75, 83.8125, 132.375, 42.4375, 37.46875, 118.6875, 120.4375, 74.3125, 48.78125, 88.25, 57.0, 42.0, 71.25, 31.578125, 95.8125, 68.6875, 76.3125, 69.0, 61.03125, 50.90625, 59.8125, 138.5, 68.625, 71.4375, 123.25, 18.78125, 20.609375, 94.1875, 87.0, 60.8125, 21.46875, 94.9375, 153.5, 119.875, 137.0, 71.4375, 35.34375, 108.0, 75.6875, 106.25, 73.5625, 55.3125, 107.5, 112.9375, 76.5625, 144.75, 72.6875, 110.625, 105.4375, 57.28125, 152.75, 16.96875, 31.40625, 137.75, 6.40234375, 109.125, 100.875, 43.0, 107.6875, 105.5625, 75.8125, 57.3125, 100.5, 44.40625, 110.5625, 148.5, 68.625, 59.0625, 114.0, 129.0, 28.015625, 56.71875, 62.40625, 57.9375, 127.0], [48.40625, 69.25, 114.5625, 119.9375, 24.171875, 0.0, 96.625, 9.8515625, 118.375, 138.75, 70.875, 114.375, 58.90625, 59.625, 132.125, 47.4375, 26.171875, 97.9375, 75.25, 111.25, 138.875, 110.25, 83.75, 141.625, 92.4375, 53.0, 137.625, 126.8125, 51.40625, 130.75, 182.0, 23.859375, 57.0, 95.9375, 130.0, 125.5625, 174.0, 22.5625, 117.1875, 97.625, 72.5, 81.5, 81.75, 108.1875, 60.40625, 150.75, 124.6875, 102.5625, 121.0625, 56.3125, 51.53125, 106.0625, 137.625, 90.8125, 45.875, 110.0625, 45.53125, 38.84375, 49.15625, 53.15625, 94.4375, 67.9375, 62.0, 91.8125, 84.875, 48.09375, 78.75, 152.125, 80.9375, 68.0, 113.875, 30.8125, 10.8203125, 117.125, 78.625, 56.46875, 20.21875, 107.0625, 157.375, 126.5625, 116.3125, 49.65625, 56.59375, 115.4375, 51.96875, 128.0, 96.875, 32.0625, 85.625, 137.125, 52.40625, 153.125, 80.4375, 98.0, 115.4375, 58.90625, 162.75, 10.1953125, 44.375, 133.5, 18.03125, 131.875, 119.4375, 63.0625, 109.3125, 115.0, 57.5625, 74.1875, 115.875, 37.5625, 126.5, 158.25, 60.75, 48.40625, 136.25, 128.375, 45.40625, 78.0, 85.6875, 44.5625, 107.3125], [57.125, 154.375, 87.4375, 65.375, 99.0625, 96.625, 0.0, 86.75, 38.40625, 166.375, 160.0, 19.03125, 152.25, 136.25, 36.25, 90.4375, 121.8125, 87.0, 68.875, 142.75, 158.125, 116.0, 135.875, 155.375, 96.75, 118.0, 102.0, 35.78125, 56.0, 40.25, 99.375, 110.875, 143.875, 145.125, 120.9375, 87.8125, 86.75, 84.375, 54.71875, 90.0, 43.3125, 103.625, 105.5, 41.6875, 40.3125, 75.4375, 97.4375, 90.8125, 51.75, 68.875, 71.375, 48.84375, 102.0, 75.8125, 142.125, 112.8125, 54.65625, 58.53125, 128.75, 91.6875, 5.0, 30.40625, 154.625, 110.4375, 135.375, 144.25, 84.125, 94.5625, 58.3125, 28.640625, 38.21875, 80.875, 87.4375, 126.8125, 174.375, 153.0, 113.875, 61.28125, 66.3125, 49.0, 103.6875, 83.75, 128.0, 45.125, 120.75, 124.5, 118.5, 112.6875, 95.875, 164.125, 111.625, 75.125, 42.53125, 45.34375, 55.71875, 42.1875, 88.6875, 90.8125, 130.375, 39.0625, 96.3125, 135.375, 97.9375, 86.5625, 20.21875, 53.15625, 67.125, 75.25, 79.875, 59.03125, 88.6875, 83.625, 157.125, 144.25, 133.625, 32.1875, 81.0625, 95.0625, 112.1875, 139.25, 90.4375], [39.96875, 76.875, 108.4375, 111.625, 26.171875, 9.8515625, 86.75, 0.0, 108.875, 139.125, 79.3125, 104.5625, 67.875, 65.3125, 122.3125, 44.40625, 35.59375, 92.125, 68.4375, 111.375, 138.125, 107.1875, 85.9375, 140.375, 87.875, 55.875, 131.5, 117.1875, 43.03125, 121.1875, 173.0, 30.359375, 64.4375, 98.0625, 126.125, 118.9375, 164.75, 18.4375, 108.75, 92.0625, 63.8125, 79.0625, 79.5625, 99.0, 50.8125, 142.0, 118.875, 97.4375, 112.0, 50.0, 45.53125, 97.25, 131.5, 84.75, 55.65625, 106.6875, 36.125, 29.203125, 54.5625, 50.6875, 84.625, 58.25, 70.8125, 89.5, 86.8125, 57.875, 74.0, 144.5, 73.5625, 58.125, 104.5, 26.078125, 5.83203125, 114.75, 88.25, 66.3125, 29.015625, 99.3125, 147.875, 117.5, 111.0, 45.25, 61.03125, 106.5, 55.0, 124.5625, 95.1875, 36.6875, 81.375, 137.25, 53.375, 144.25, 71.875, 89.1875, 107.0625, 49.53125, 154.25, 9.21875, 51.65625, 123.625, 19.84375, 129.25, 114.0, 59.3125, 99.625, 106.5, 50.5625, 68.5625, 109.125, 27.734375, 119.9375, 149.625, 70.5, 58.0, 133.125, 118.625, 41.125, 74.6875, 84.125, 53.8125, 101.375], [89.25, 183.0, 125.25, 33.0625, 127.0625, 118.375, 38.40625, 108.875, 0.0, 204.5, 187.125, 27.3125, 167.375, 166.75, 47.03125, 96.0625, 140.625, 69.75, 62.96875, 180.25, 196.5, 154.375, 171.125, 193.875, 83.375, 150.125, 138.125, 57.71875, 89.0, 61.1875, 117.125, 137.125, 155.25, 181.0, 159.125, 124.375, 101.5, 112.0625, 89.375, 73.375, 80.5, 140.875, 142.625, 15.0, 58.21875, 101.4375, 134.875, 129.25, 15.5234375, 104.0625, 105.625, 23.703125, 138.125, 114.1875, 164.0, 151.25, 72.8125, 85.125, 138.25, 125.9375, 43.40625, 62.9375, 168.875, 148.25, 170.75, 166.125, 121.8125, 126.0625, 96.5, 57.28125, 5.65625, 110.625, 111.375, 165.25, 191.375, 173.625, 137.875, 98.625, 79.3125, 78.5625, 81.0, 88.8125, 159.375, 78.875, 127.3125, 162.75, 156.25, 125.375, 85.4375, 202.25, 116.5, 99.4375, 80.6875, 27.59375, 91.0, 74.75, 113.625, 115.25, 158.0, 27.515625, 123.0, 173.75, 135.875, 122.5625, 51.625, 88.1875, 71.1875, 112.75, 117.125, 83.0, 125.1875, 108.875, 175.625, 162.25, 171.875, 43.1875, 114.25, 132.375, 149.375, 156.25, 69.25], [123.75, 106.5, 89.625, 225.375, 114.625, 138.75, 166.375, 139.125, 204.5, 0.0, 116.8125, 182.5, 173.0, 93.25, 181.875, 183.25, 149.625, 223.625, 198.125, 27.78125, 13.9296875, 51.875, 57.875, 22.359375, 223.375, 87.625, 95.125, 167.625, 122.3125, 168.25, 178.125, 119.5625, 183.375, 47.09375, 60.0625, 99.4375, 183.125, 121.4375, 130.25, 224.75, 124.25, 65.75, 64.375, 203.75, 161.875, 151.375, 86.1875, 78.4375, 216.125, 105.375, 106.125, 207.75, 95.125, 91.25, 140.5, 55.65625, 156.875, 137.0, 183.5, 90.4375, 161.375, 144.5, 176.875, 56.84375, 56.09375, 141.375, 83.0, 126.25, 108.0625, 152.0, 203.25, 115.6875, 133.25, 41.5, 174.125, 149.0, 129.125, 114.1875, 182.5, 148.375, 243.625, 182.875, 89.25, 139.125, 189.875, 53.0, 48.90625, 169.25, 217.75, 2.236328125, 191.25, 156.375, 123.8125, 200.875, 127.375, 134.625, 154.0, 130.625, 111.0, 200.0, 120.8125, 41.1875, 80.625, 87.0625, 159.875, 129.75, 181.875, 92.1875, 99.8125, 142.875, 99.3125, 153.0, 160.125, 158.0, 48.84375, 181.375, 102.8125, 73.6875, 58.0625, 161.0, 231.75], [103.5625, 10.7734375, 142.125, 190.75, 61.0, 70.875, 160.0, 79.3125, 187.125, 116.8125, 0.0, 178.875, 64.5, 31.140625, 192.75, 113.4375, 58.65625, 166.75, 145.5, 96.1875, 124.0, 117.375, 63.6875, 130.5, 158.875, 50.4375, 162.875, 184.125, 105.375, 187.375, 228.5, 50.03125, 80.625, 71.0625, 140.125, 155.625, 224.625, 75.8125, 162.75, 165.875, 124.4375, 92.875, 91.5625, 178.125, 129.0, 196.125, 148.625, 125.875, 191.125, 98.4375, 94.0, 176.5, 162.875, 122.4375, 35.375, 119.5625, 115.0625, 102.5625, 89.1875, 78.25, 156.75, 129.625, 68.0, 98.8125, 65.9375, 34.65625, 105.125, 187.0, 123.1875, 132.375, 183.0, 79.3125, 76.0, 118.0625, 58.40625, 37.59375, 50.625, 147.875, 212.25, 177.125, 183.75, 117.625, 40.3125, 165.0, 101.1875, 134.875, 98.25, 83.875, 151.75, 116.125, 108.4375, 199.75, 130.75, 168.5, 160.125, 118.125, 205.875, 72.0, 29.609375, 198.75, 64.25, 132.0, 141.625, 89.625, 167.875, 160.875, 128.125, 107.0625, 148.125, 104.125, 156.25, 202.25, 47.9375, 52.0, 139.5, 189.75, 83.25, 96.1875, 90.1875, 58.0625, 176.125], [76.1875, 173.375, 99.8125, 59.4375, 117.875, 114.375, 19.03125, 104.5625, 27.3125, 182.5, 178.875, 0.0, 168.75, 155.25, 23.765625, 103.25, 139.125, 90.0, 76.5, 159.75, 173.5, 131.375, 154.375, 170.25, 101.8125, 137.0, 111.375, 31.140625, 75.0, 35.0, 93.375, 129.5, 159.25, 163.25, 134.125, 97.9375, 78.875, 103.1875, 62.4375, 93.375, 61.40625, 121.125, 123.0, 37.0625, 55.75, 74.8125, 108.875, 105.375, 42.71875, 87.5625, 90.1875, 46.0, 111.375, 91.3125, 160.125, 127.9375, 70.8125, 76.9375, 143.375, 110.4375, 23.09375, 49.375, 170.875, 127.375, 153.75, 162.375, 101.25, 98.8125, 74.875, 46.84375, 29.828125, 99.875, 105.625, 142.125, 191.5, 170.875, 132.25, 72.875, 56.90625, 51.25, 104.25, 96.25, 147.0, 51.875, 134.375, 138.25, 135.375, 128.25, 102.3125, 180.25, 124.5, 73.25, 59.46875, 45.71875, 64.1875, 61.21875, 87.375, 109.125, 149.25, 20.03125, 115.0, 149.625, 110.4375, 104.9375, 24.84375, 61.40625, 78.75, 92.625, 91.25, 76.875, 98.6875, 82.5, 174.375, 161.5, 147.125, 19.3125, 100.0, 112.5625, 129.625, 156.125, 91.5625], [107.3125, 71.6875, 170.125, 159.875, 72.625, 58.90625, 152.25, 67.875, 167.375, 173.0, 64.5, 168.75, 0.0, 79.75, 188.5, 74.125, 33.0, 125.0, 110.8125, 148.0, 177.125, 158.125, 115.25, 182.0, 113.375, 88.25, 193.0, 184.5, 110.25, 188.625, 240.875, 60.71875, 18.78125, 125.875, 180.0, 182.0, 232.625, 79.625, 176.0, 123.0625, 131.375, 129.25, 128.875, 154.625, 113.0, 209.625, 179.375, 156.375, 166.125, 113.375, 108.4375, 150.0, 193.0, 146.75, 32.5625, 158.875, 97.9375, 96.875, 34.25, 103.75, 150.75, 125.5, 4.0, 138.5, 117.1875, 32.0, 132.375, 209.875, 139.0, 124.1875, 162.125, 87.4375, 69.6875, 162.5, 25.078125, 26.921875, 51.25, 165.25, 215.375, 185.375, 137.875, 80.8125, 84.0625, 174.375, 48.375, 176.5, 141.25, 42.0625, 106.25, 171.75, 59.0625, 212.0, 139.375, 142.625, 174.25, 117.375, 221.625, 68.0, 62.0625, 186.625, 69.75, 177.5, 173.5, 115.5, 166.875, 173.875, 97.125, 129.75, 172.625, 94.375, 182.875, 217.125, 17.6875, 15.0, 183.5, 184.5, 100.1875, 128.5, 130.75, 14.765625, 134.0], [79.125, 21.40625, 111.0625, 175.0, 40.8125, 59.625, 136.25, 65.3125, 166.75, 93.25, 31.140625, 155.25, 79.75, 0.0, 166.875, 106.8125, 60.03125, 157.25, 133.75, 69.375, 98.1875, 86.8125, 36.125, 103.8125, 152.0, 20.125, 131.75, 157.125, 80.3125, 160.125, 198.625, 35.8125, 91.375, 46.1875, 109.6875, 124.5625, 195.5, 55.3125, 133.25, 157.125, 97.5, 61.71875, 60.4375, 159.5, 110.0, 166.25, 117.5, 94.75, 172.75, 70.625, 66.6875, 159.375, 131.75, 91.8125, 47.25, 88.8125, 97.8125, 81.875, 94.4375, 48.84375, 132.5, 106.0625, 83.75, 67.9375, 38.21875, 48.09375, 74.375, 156.125, 94.0, 110.0625, 163.25, 56.15625, 60.40625, 88.375, 82.1875, 56.09375, 42.4375, 117.8125, 184.125, 148.375, 175.875, 109.3125, 9.4375, 136.25, 103.5, 104.625, 68.0, 83.4375, 145.25, 92.125, 107.8125, 170.125, 103.1875, 151.375, 130.625, 94.0625, 175.625, 56.375, 18.78125, 175.25, 46.25, 102.8125, 110.5625, 59.53125, 141.75, 131.5, 115.8125, 77.0, 117.3125, 84.9375, 125.25, 172.0, 67.0, 64.9375, 109.9375, 164.25, 56.09375, 65.125, 59.375, 68.4375, 166.625], [89.1875, 186.25, 94.4375, 80.125, 132.25, 132.125, 36.25, 122.3125, 47.03125, 181.875, 192.75, 23.765625, 188.5, 166.875, 0.0, 125.75, 157.625, 113.5, 100.1875, 161.5, 171.625, 130.0, 161.125, 167.25, 125.5625, 147.625, 101.3125, 15.0, 87.375, 16.40625, 70.375, 144.625, 180.0, 168.625, 128.625, 89.375, 55.3125, 118.125, 53.53125, 116.9375, 69.5625, 125.0, 127.0, 59.40625, 76.4375, 55.71875, 101.8125, 103.4375, 62.28125, 96.75, 100.3125, 68.5625, 101.3125, 91.6875, 177.125, 126.3125, 90.9375, 93.5, 164.75, 119.625, 37.75, 64.375, 190.75, 129.625, 160.125, 179.375, 104.8125, 83.1875, 78.3125, 64.375, 51.03125, 113.5, 122.5625, 140.625, 210.25, 188.25, 148.5, 68.0, 33.25, 37.46875, 127.0, 118.875, 158.125, 43.40625, 156.5, 133.75, 137.375, 148.875, 126.0625, 179.625, 147.0, 53.15625, 65.0, 69.125, 56.09375, 75.0, 67.1875, 125.6875, 163.25, 23.703125, 130.125, 145.75, 104.8125, 112.0, 25.171875, 53.34375, 101.625, 97.25, 84.75, 94.6875, 90.0, 62.65625, 192.75, 180.125, 142.0, 4.47265625, 110.8125, 116.75, 133.375, 175.25, 114.5625], [70.1875, 114.0625, 142.0, 85.6875, 70.3125, 47.4375, 90.4375, 44.40625, 96.0625, 183.25, 113.4375, 103.25, 74.125, 106.8125, 125.75, 0.0, 55.78125, 53.59375, 36.6875, 155.375, 181.625, 148.125, 130.25, 183.25, 45.65625, 99.875, 164.0, 125.9375, 73.125, 130.375, 188.25, 71.0625, 59.8125, 142.375, 165.0, 150.25, 176.875, 61.78125, 130.75, 52.5, 88.6875, 121.25, 122.0, 82.3125, 51.0, 160.625, 153.125, 134.125, 92.875, 86.5, 83.1875, 76.6875, 164.0, 119.3125, 81.25, 147.0, 40.25, 54.09375, 42.53125, 93.5, 90.75, 72.4375, 74.9375, 131.625, 131.25, 83.0, 112.5625, 170.625, 104.0, 67.25, 90.5625, 68.0, 50.21875, 156.5, 99.125, 87.5625, 65.1875, 126.3125, 156.75, 133.875, 70.25, 7.2109375, 104.0, 125.25, 31.40625, 164.5, 138.0, 33.0, 38.59375, 181.375, 21.265625, 161.625, 96.1875, 69.75, 130.0, 70.6875, 173.875, 53.40625, 90.4375, 118.5625, 63.875, 170.5, 149.375, 100.25, 108.9375, 128.625, 25.0, 105.375, 140.125, 48.0, 151.25, 168.75, 86.0, 73.0, 173.375, 121.375, 82.25, 115.75, 127.125, 66.0, 63.0625], [74.4375, 61.0625, 137.75, 138.0, 41.0, 26.171875, 121.8125, 35.59375, 140.625, 149.625, 58.65625, 139.125, 33.0, 60.03125, 157.625, 55.78125, 0.0, 109.375, 90.25, 123.1875, 151.875, 128.5, 92.0625, 155.875, 100.6875, 62.15625, 160.875, 152.75, 77.3125, 156.875, 208.0, 31.015625, 35.0625, 103.75, 149.75, 149.5, 200.25, 46.65625, 143.0, 108.25, 98.5, 99.5, 99.3125, 129.25, 83.9375, 176.75, 147.375, 124.625, 141.625, 80.5, 75.5625, 125.875, 160.875, 114.25, 25.5, 129.0, 68.6875, 64.8125, 34.4375, 72.5625, 119.875, 93.8125, 36.34375, 109.25, 93.6875, 27.296875, 100.5625, 177.0, 106.0, 93.3125, 135.875, 54.59375, 36.78125, 134.0, 52.6875, 33.25, 21.03125, 132.25, 183.5, 152.75, 125.5625, 60.8125, 61.09375, 141.5, 43.9375, 146.875, 113.0, 25.234375, 93.4375, 148.25, 50.0, 179.25, 106.375, 118.0625, 141.25, 85.0625, 188.625, 35.0, 41.34375, 157.75, 37.34375, 149.0, 141.625, 83.9375, 135.25, 140.875, 74.0, 97.3125, 140.0, 62.96875, 150.375, 184.125, 35.34375, 22.46875, 154.375, 153.875, 67.75, 97.6875, 102.0, 18.4375, 118.875], [100.6875, 166.625, 164.5, 43.875, 117.875, 97.9375, 87.0, 92.125, 69.75, 223.625, 166.75, 90.0, 125.0, 157.25, 113.5, 53.59375, 109.375, 0.0, 25.609375, 196.375, 219.625, 181.25, 175.875, 219.625, 15.0, 147.25, 183.375, 120.0625, 102.625, 124.3125, 183.375, 121.6875, 108.3125, 187.625, 193.625, 168.875, 168.75, 105.875, 140.0, 3.60546875, 109.0, 158.375, 159.625, 55.15625, 64.375, 162.25, 175.5, 161.5, 58.8125, 119.25, 117.8125, 46.09375, 183.375, 145.375, 134.875, 179.25, 66.8125, 86.6875, 91.0625, 133.75, 90.0625, 87.3125, 125.0625, 168.25, 176.375, 136.625, 144.625, 180.75, 127.25, 79.375, 64.5, 109.6875, 97.375, 191.125, 150.0, 140.875, 117.25, 142.125, 146.75, 136.0, 20.0, 49.03125, 153.125, 131.375, 77.25, 195.0, 175.625, 86.0, 20.25, 221.625, 66.0625, 161.5, 114.1875, 44.375, 140.375, 93.0, 175.375, 101.25, 142.25, 97.1875, 111.75, 203.375, 173.875, 136.875, 107.0625, 138.125, 42.53125, 135.875, 159.5, 80.8125, 169.75, 170.25, 138.5, 125.875, 204.375, 109.125, 121.0625, 151.25, 165.75, 118.6875, 9.484375], [75.1875, 144.5, 140.5, 49.03125, 93.625, 75.25, 68.875, 68.4375, 62.96875, 198.125, 145.5, 76.5, 110.8125, 133.75, 100.1875, 36.6875, 90.25, 25.609375, 0.0, 170.75, 194.0, 155.875, 150.75, 194.125, 29.28125, 122.5625, 160.25, 104.0625, 77.1875, 108.4375, 167.875, 98.625, 96.1875, 162.5, 168.875, 145.75, 154.5, 81.0, 119.0, 26.921875, 84.75, 132.75, 134.0, 48.28125, 39.84375, 144.0, 151.625, 136.75, 57.3125, 93.75, 92.1875, 41.34375, 160.25, 120.6875, 115.625, 154.0, 41.21875, 61.0625, 78.75, 108.1875, 71.0, 63.5625, 111.625, 142.625, 151.25, 117.5, 119.1875, 160.0, 102.8125, 55.90625, 57.3125, 84.375, 73.375, 165.625, 135.75, 123.0625, 95.1875, 119.375, 133.0, 117.25, 45.59375, 30.15625, 129.0, 111.1875, 66.3125, 170.0, 150.0, 69.375, 27.171875, 196.0, 55.03125, 144.0, 90.5, 35.46875, 119.0625, 68.125, 157.375, 77.375, 119.625, 88.25, 87.6875, 178.125, 149.625, 111.1875, 89.0625, 117.0, 17.890625, 110.5625, 136.125, 55.21875, 146.75, 152.25, 122.25, 109.125, 179.375, 95.6875, 95.5, 125.6875, 140.125, 102.25, 33.96875], [97.0, 85.4375, 74.3125, 199.625, 87.0625, 111.25, 142.75, 111.375, 180.25, 27.78125, 96.1875, 159.75, 148.0, 69.375, 161.5, 155.375, 123.1875, 196.375, 170.75, 0.0, 29.015625, 35.6875, 33.25, 34.53125, 195.75, 61.0, 86.0625, 147.875, 95.75, 149.125, 167.125, 92.625, 157.375, 25.5, 53.34375, 86.3125, 169.75, 93.625, 112.375, 197.25, 99.75, 39.65625, 38.0, 178.625, 135.25, 137.75, 74.1875, 60.03125, 191.25, 78.875, 79.25, 182.0, 86.0625, 69.875, 116.0, 39.625, 129.5, 109.6875, 156.625, 62.8125, 137.75, 119.0, 152.0, 32.3125, 31.140625, 117.0625, 58.59375, 116.5, 84.875, 126.25, 178.75, 87.9375, 105.5625, 29.0625, 151.5, 125.375, 102.375, 95.5, 166.125, 130.5, 216.25, 155.125, 64.0, 120.1875, 162.5, 46.3125, 24.359375, 142.0, 190.125, 25.9375, 163.625, 142.625, 100.3125, 175.0, 109.375, 108.625, 142.625, 102.875, 86.0, 178.0, 93.25, 38.90625, 67.4375, 60.21875, 138.25, 111.5625, 154.25, 67.5625, 84.125, 115.5, 86.5, 140.75, 136.25, 133.0, 47.375, 160.625, 75.3125, 48.03125, 31.40625, 135.5, 204.5], [119.0, 113.375, 78.1875, 218.75, 114.8125, 138.875, 158.125, 138.125, 196.5, 13.9296875, 124.0, 173.5, 177.125, 98.1875, 171.625, 181.625, 151.875, 219.625, 194.0, 29.015625, 0.0, 42.1875, 62.0625, 8.6015625, 220.25, 89.8125, 82.0, 157.125, 117.3125, 157.5, 165.0, 121.1875, 186.25, 52.9375, 47.03125, 87.125, 170.5, 120.0, 119.1875, 220.875, 117.0625, 61.28125, 60.21875, 196.625, 156.75, 138.875, 73.8125, 68.4375, 208.625, 100.4375, 101.8125, 201.0, 82.0, 82.375, 145.0, 45.65625, 152.875, 133.125, 185.125, 88.125, 153.125, 137.875, 181.125, 51.40625, 60.03125, 146.0, 76.375, 113.0625, 100.0, 145.625, 195.625, 113.625, 132.375, 31.390625, 180.125, 154.25, 131.0, 103.625, 170.625, 137.25, 239.625, 180.75, 93.0, 128.5, 190.5, 40.1875, 44.09375, 170.0, 214.875, 12.53125, 191.0, 143.875, 115.8125, 194.5, 116.375, 128.75, 141.0, 130.0, 115.0, 190.5, 120.8125, 28.015625, 68.6875, 82.9375, 150.25, 118.9375, 178.375, 85.5625, 88.3125, 139.25, 87.0, 140.125, 165.25, 162.125, 35.21875, 171.375, 99.875, 68.4375, 54.59375, 164.5, 227.375], [80.9375, 106.75, 39.0, 177.5, 88.0625, 110.25, 116.0, 107.1875, 154.375, 51.875, 117.375, 131.375, 158.125, 86.8125, 130.0, 148.125, 128.5, 181.25, 155.875, 35.6875, 42.1875, 0.0, 55.875, 39.625, 183.375, 71.1875, 51.0, 115.75, 78.75, 116.5, 131.375, 97.875, 163.625, 54.90625, 22.828125, 50.625, 134.25, 88.8125, 78.625, 182.875, 75.6875, 29.0625, 29.28125, 155.0, 117.3125, 102.25, 38.59375, 26.578125, 166.875, 62.65625, 65.1875, 159.75, 51.0, 40.21875, 128.5, 4.0, 115.375, 96.25, 159.0, 57.09375, 111.0, 97.0625, 162.0, 19.640625, 53.75, 130.0, 36.71875, 80.9375, 58.125, 105.0, 153.625, 81.1875, 101.8125, 10.8203125, 166.75, 139.5, 107.8125, 62.375, 131.625, 96.875, 201.25, 146.125, 78.75, 87.375, 161.875, 18.4375, 19.203125, 142.25, 178.5, 49.65625, 160.5, 107.1875, 73.875, 153.5, 75.6875, 88.8125, 106.875, 100.375, 99.0, 148.5, 93.0, 22.46875, 31.78125, 48.0625, 108.25, 78.125, 141.375, 45.5, 49.03125, 102.5625, 50.8125, 105.0625, 149.625, 143.375, 26.015625, 129.625, 66.3125, 32.5625, 27.859375, 144.0, 188.625], [82.4375, 52.9375, 87.6875, 185.625, 60.0, 83.75, 135.875, 85.9375, 171.125, 57.875, 63.6875, 154.375, 115.25, 36.125, 161.125, 130.25, 92.0625, 175.875, 150.75, 33.25, 62.0625, 55.875, 0.0, 67.75, 173.25, 30.890625, 105.1875, 149.0, 82.25, 151.25, 180.125, 62.65625, 125.5, 12.203125, 78.125, 101.125, 179.75, 70.0625, 118.4375, 176.25, 93.0625, 38.59375, 36.6875, 166.75, 119.5, 148.625, 91.5, 71.125, 180.0, 67.1875, 65.4375, 168.625, 105.1875, 74.0, 83.0, 58.71875, 110.6875, 91.5625, 126.1875, 45.3125, 131.375, 108.1875, 119.25, 39.96875, 2.236328125, 84.0, 57.5625, 133.0, 83.0, 114.25, 168.625, 66.375, 80.125, 54.90625, 118.25, 92.1875, 71.875, 101.625, 172.125, 135.625, 195.375, 131.0, 31.40625, 124.0625, 133.375, 72.1875, 36.78125, 112.75, 167.0, 56.5625, 135.75, 153.125, 96.25, 161.0, 115.5, 96.4375, 156.0, 76.8125, 53.25, 174.0, 66.375, 68.4375, 84.3125, 49.5, 136.25, 117.0625, 133.25, 64.0, 95.875, 96.5, 101.625, 153.25, 103.125, 100.3125, 76.1875, 159.25, 57.6875, 45.71875, 32.1875, 103.125, 184.625], [119.0, 119.8125, 73.1875, 217.125, 117.875, 141.625, 155.375, 140.375, 193.875, 22.359375, 130.5, 170.25, 182.0, 103.8125, 167.25, 183.25, 155.875, 219.625, 194.125, 34.53125, 8.6015625, 39.625, 67.75, 0.0, 220.875, 94.125, 75.1875, 152.625, 117.0625, 152.875, 158.0, 125.0, 190.625, 59.46875, 40.59375, 81.25, 164.0, 122.0625, 114.375, 221.0, 115.25, 62.15625, 61.3125, 194.625, 156.25, 132.5, 67.9375, 64.875, 206.375, 100.375, 102.1875, 199.375, 75.1875, 79.625, 150.25, 42.625, 153.125, 133.625, 188.75, 89.875, 150.375, 136.5, 186.0, 51.875, 65.625, 151.375, 75.4375, 106.0, 97.75, 144.375, 193.25, 115.3125, 134.75, 29.0, 186.0, 159.75, 135.0, 99.3125, 164.875, 132.25, 239.625, 182.125, 98.125, 124.0, 193.5, 34.21875, 45.3125, 173.25, 215.75, 21.09375, 193.625, 137.625, 113.4375, 193.125, 111.625, 127.9375, 134.125, 132.625, 120.125, 186.75, 123.6875, 21.84375, 63.25, 83.625, 146.625, 114.25, 178.875, 84.5, 83.1875, 139.75, 81.0, 133.5, 170.625, 167.0, 28.015625, 167.25, 101.125, 68.625, 56.3125, 169.125, 227.25], [102.4375, 159.75, 169.5, 58.78125, 114.0, 92.4375, 96.75, 87.875, 83.375, 223.375, 158.875, 101.8125, 113.375, 152.0, 125.5625, 45.65625, 100.6875, 15.0, 29.28125, 195.75, 220.25, 183.375, 173.25, 220.875, 0.0, 143.625, 189.5, 131.0, 104.6875, 135.375, 194.75, 116.25, 96.0, 185.25, 197.25, 175.0, 180.625, 103.3125, 148.125, 11.6640625, 113.75, 159.0, 160.125, 68.5, 68.875, 172.125, 180.75, 165.125, 73.25, 120.75, 118.6875, 59.6875, 189.5, 149.25, 125.875, 181.625, 68.0, 87.3125, 79.1875, 133.0, 99.3125, 92.75, 113.125, 169.125, 174.0, 127.4375, 146.75, 189.125, 131.625, 85.1875, 77.875, 108.0625, 93.4375, 192.875, 138.125, 131.0, 110.8125, 148.625, 158.75, 145.625, 25.0, 42.8125, 148.625, 140.0, 65.0625, 198.0, 176.125, 76.25, 7.28125, 221.5, 54.34375, 171.875, 119.625, 56.875, 148.25, 96.75, 185.375, 97.0625, 136.0, 110.5, 107.6875, 205.75, 178.5, 137.375, 116.9375, 146.125, 42.0625, 138.25, 165.375, 81.125, 175.875, 180.375, 127.75, 115.5, 207.375, 121.125, 120.6875, 152.375, 165.875, 108.25, 21.84375], [61.21875, 41.34375, 91.9375, 160.875, 29.703125, 53.0, 118.0, 55.875, 150.125, 87.625, 50.4375, 137.0, 88.25, 20.125, 147.625, 99.875, 62.15625, 147.25, 122.5625, 61.0, 89.8125, 71.1875, 30.890625, 94.125, 143.625, 0.0, 113.25, 137.5, 62.03125, 140.375, 178.5, 31.953125, 96.5, 43.03125, 93.75, 105.375, 175.375, 41.6875, 113.125, 147.375, 78.0625, 43.90625, 42.9375, 143.875, 94.875, 146.125, 99.0, 75.9375, 157.125, 51.0, 47.375, 144.5, 113.25, 72.0, 57.5, 72.625, 84.125, 66.4375, 95.875, 28.796875, 114.0, 88.1875, 92.25, 51.625, 32.1875, 58.9375, 54.65625, 136.625, 73.9375, 92.9375, 146.875, 40.15625, 50.25, 74.5, 95.5, 68.3125, 41.5, 97.75, 164.125, 128.375, 166.5, 101.125, 10.7734375, 116.25, 102.5625, 89.5, 53.375, 81.9375, 137.25, 86.125, 104.8125, 150.0, 83.4375, 136.625, 110.5, 76.1875, 155.625, 46.65625, 27.859375, 157.0, 36.0625, 89.4375, 92.1875, 39.4375, 122.5, 111.375, 104.875, 56.9375, 97.75, 70.375, 106.0625, 152.0, 78.5625, 73.3125, 95.8125, 145.125, 37.0625, 46.09375, 43.3125, 75.0, 156.25], [94.4375, 152.75, 23.09375, 167.375, 120.4375, 137.625, 102.0, 131.5, 138.125, 95.125, 162.875, 111.375, 193.0, 131.75, 101.3125, 164.0, 160.875, 183.375, 160.25, 86.0625, 82.0, 51.0, 105.1875, 75.1875, 189.5, 113.25, 0.0, 86.375, 91.375, 85.25, 83.0625, 132.875, 194.5, 105.6875, 35.0625, 14.5625, 88.9375, 115.125, 49.03125, 185.75, 76.3125, 70.0625, 71.4375, 143.625, 120.6875, 57.96875, 14.2109375, 37.4375, 152.875, 81.5, 86.125, 150.75, 0.0, 46.84375, 167.125, 47.40625, 125.125, 110.25, 186.0, 89.9375, 97.5, 96.6875, 196.75, 65.4375, 103.25, 169.0, 60.8125, 31.140625, 60.03125, 104.375, 139.25, 106.875, 127.375, 57.28125, 206.0, 178.875, 141.875, 41.4375, 91.9375, 63.875, 202.125, 160.0, 122.6875, 59.65625, 185.25, 42.1875, 68.8125, 168.125, 186.25, 93.1875, 180.875, 63.0625, 69.875, 146.375, 47.1875, 94.1875, 59.03125, 127.5, 140.125, 123.75, 123.5, 54.0, 21.21875, 77.8125, 86.625, 50.0, 149.875, 63.5625, 24.1875, 116.125, 13.6015625, 58.40625, 188.0, 179.375, 47.15625, 102.5625, 93.0625, 67.1875, 73.75, 178.375, 188.75], [81.375, 177.125, 79.625, 90.4375, 124.375, 126.8125, 35.78125, 117.1875, 57.71875, 167.625, 184.125, 31.140625, 184.5, 157.125, 15.0, 125.9375, 152.75, 120.0625, 104.0625, 147.875, 157.125, 115.75, 149.0, 152.625, 131.0, 137.5, 86.375, 0.0, 79.1875, 4.47265625, 63.875, 137.25, 177.5, 156.125, 113.75, 74.375, 51.0, 110.9375, 38.59375, 123.3125, 59.78125, 112.1875, 114.1875, 68.1875, 75.1875, 43.75, 86.8125, 89.1875, 73.25, 86.5625, 90.5, 77.0625, 86.375, 78.0625, 170.875, 111.9375, 88.625, 88.0, 163.0, 109.0625, 35.21875, 59.03125, 187.125, 116.25, 148.0, 173.0, 92.0625, 69.375, 66.0, 60.8125, 60.8125, 105.625, 116.75, 126.1875, 205.375, 182.375, 142.0, 53.5, 31.140625, 22.671875, 135.0, 119.375, 148.25, 28.640625, 155.75, 118.9375, 123.8125, 146.375, 130.75, 165.375, 147.0, 42.09375, 54.125, 76.1875, 41.1875, 68.25, 56.21875, 119.5625, 154.875, 37.8125, 123.0, 131.0, 89.9375, 100.625, 17.6875, 38.46875, 102.875, 85.0, 69.8125, 90.125, 75.0, 51.34375, 187.5, 175.25, 127.125, 16.40625, 101.25, 104.0625, 120.4375, 170.875, 122.1875], [3.162109375, 99.0625, 69.0, 104.3125, 45.1875, 51.40625, 56.0, 43.03125, 89.0, 122.3125, 105.375, 75.0, 110.25, 80.3125, 87.375, 73.125, 77.3125, 102.625, 77.1875, 95.75, 117.3125, 78.75, 82.25, 117.0625, 104.6875, 62.03125, 91.375, 79.1875, 0.0, 82.75, 130.875, 58.1875, 107.4375, 92.625, 93.0, 77.9375, 123.6875, 32.1875, 65.8125, 104.125, 21.21875, 56.5625, 58.0, 84.5625, 39.59375, 99.375, 80.0, 61.40625, 97.6875, 16.96875, 17.0, 86.9375, 91.375, 46.28125, 92.4375, 76.9375, 36.78125, 19.03125, 96.5625, 37.0, 52.15625, 26.3125, 113.4375, 65.9375, 82.0625, 94.625, 42.0625, 101.75, 31.578125, 31.953125, 86.3125, 26.40625, 40.59375, 88.5, 128.75, 104.1875, 63.59375, 56.46875, 108.5625, 75.8125, 122.5625, 69.75, 72.0, 64.375, 94.375, 93.4375, 73.5625, 78.5625, 100.0625, 120.1875, 89.5625, 101.9375, 29.0625, 79.625, 64.0625, 14.3203125, 111.375, 42.4375, 75.875, 95.0625, 44.09375, 101.0625, 76.3125, 35.59375, 62.625, 63.59375, 62.78125, 33.625, 67.875, 25.171875, 78.9375, 106.8125, 110.4375, 99.0, 102.6875, 84.375, 25.3125, 48.90625, 64.4375, 95.75, 110.1875], [85.0, 180.25, 79.6875, 94.0625, 127.9375, 130.75, 40.25, 121.1875, 61.1875, 168.25, 187.375, 35.0, 188.625, 160.125, 16.40625, 130.375, 156.875, 124.3125, 108.4375, 149.125, 157.5, 116.5, 151.25, 152.875, 135.375, 140.375, 85.25, 4.47265625, 82.75, 0.0, 59.46875, 140.875, 181.75, 158.0, 113.625, 73.8125, 46.53125, 114.625, 38.46875, 127.5625, 62.96875, 114.0625, 116.0625, 72.0625, 79.625, 40.25, 86.4375, 90.0, 76.6875, 89.5625, 93.625, 81.0, 85.25, 79.5, 174.625, 112.625, 92.9375, 92.0, 167.375, 111.8125, 39.65625, 63.125, 191.25, 117.75, 150.125, 176.875, 94.0, 66.875, 68.25, 65.125, 64.5, 109.125, 120.6875, 126.8125, 209.375, 186.125, 145.75, 54.125, 26.875, 21.40625, 139.125, 123.8125, 151.125, 29.125, 160.25, 119.0, 125.1875, 150.75, 135.125, 166.125, 151.375, 38.3125, 57.0, 80.3125, 41.21875, 72.125, 52.46875, 123.4375, 158.25, 39.96875, 126.6875, 131.125, 89.875, 103.125, 21.9375, 38.625, 107.375, 87.1875, 69.75, 94.25, 74.3125, 47.6875, 191.5, 179.25, 127.0, 18.78125, 104.375, 106.0, 122.125, 174.875, 126.3125], [133.75, 219.875, 93.4375, 150.0, 173.75, 182.0, 99.375, 173.0, 117.125, 178.125, 228.5, 93.375, 240.875, 198.625, 70.375, 188.25, 208.0, 183.375, 167.875, 167.125, 165.0, 131.375, 180.125, 158.0, 194.75, 178.5, 83.0625, 63.875, 130.875, 59.46875, 0.0, 187.25, 236.25, 183.5, 118.125, 80.8125, 16.765625, 162.625, 66.25, 186.75, 109.625, 141.75, 143.5, 129.75, 137.25, 32.4375, 93.0625, 109.4375, 132.0, 131.625, 136.5, 138.875, 83.0625, 107.3125, 222.375, 127.5, 149.375, 144.5, 223.0, 150.375, 98.0625, 117.625, 243.875, 141.0, 178.5, 224.5, 124.75, 52.0, 105.8125, 121.4375, 121.3125, 155.75, 171.25, 139.25, 259.5, 234.375, 193.875, 80.75, 38.0625, 55.59375, 197.375, 182.0, 189.125, 66.5, 217.125, 125.1875, 146.625, 205.625, 194.625, 176.25, 209.0, 29.0625, 101.8125, 139.125, 68.625, 123.875, 24.515625, 173.25, 201.25, 91.0625, 174.125, 137.0, 99.625, 139.125, 79.6875, 68.25, 166.125, 121.5625, 84.4375, 148.0, 80.625, 26.921875, 241.125, 229.875, 130.0, 74.5625, 146.875, 135.625, 148.0, 226.5, 184.875], [55.90625, 46.6875, 110.0625, 141.75, 13.453125, 23.859375, 110.875, 30.359375, 137.125, 119.5625, 50.03125, 129.5, 60.71875, 35.8125, 144.625, 71.0625, 31.015625, 121.6875, 98.625, 92.625, 121.1875, 97.875, 62.65625, 125.0, 116.25, 31.953125, 132.875, 137.25, 58.1875, 140.875, 187.25, 0.0, 66.0, 74.6875, 119.4375, 122.4375, 181.25, 26.578125, 121.0625, 121.4375, 78.75, 68.875, 68.5625, 128.25, 79.0, 155.0, 119.0, 95.875, 141.375, 55.875, 50.90625, 127.0, 132.875, 87.125, 35.375, 98.5, 65.25, 52.78125, 64.0, 43.09375, 107.875, 80.625, 64.5625, 78.4375, 64.0625, 37.46875, 72.0, 151.625, 82.0625, 82.75, 133.0, 31.90625, 26.3125, 103.0625, 73.8125, 47.4375, 10.0, 108.3125, 166.75, 133.25, 140.125, 73.5, 33.40625, 121.375, 70.6875, 116.25, 82.0, 50.09375, 109.375, 118.0, 73.5, 158.125, 86.0, 118.9375, 118.875, 69.625, 166.125, 22.203125, 21.375, 149.25, 14.5625, 118.125, 112.9375, 55.03125, 120.4375, 119.0, 80.75, 70.1875, 113.4375, 54.09375, 123.3125, 162.0, 55.46875, 46.625, 123.5625, 141.375, 41.21875, 67.75, 71.0625, 46.3125, 131.0], [104.3125, 86.625, 171.375, 145.125, 75.8125, 57.0, 143.875, 64.4375, 155.25, 183.375, 80.625, 159.25, 18.78125, 91.375, 180.0, 59.8125, 35.0625, 108.3125, 96.1875, 157.375, 186.25, 163.625, 125.5, 190.625, 96.0, 96.5, 194.5, 177.5, 107.4375, 181.75, 236.25, 66.0, 0.0, 136.75, 184.75, 182.625, 226.875, 79.375, 172.875, 106.125, 127.9375, 134.5, 134.375, 141.875, 103.6875, 205.75, 181.375, 158.875, 152.625, 113.3125, 108.5, 136.5, 194.5, 147.625, 46.15625, 164.0, 89.1875, 91.8125, 17.46875, 107.375, 142.875, 119.125, 17.46875, 144.25, 127.3125, 46.3125, 134.875, 208.875, 137.75, 116.6875, 149.875, 87.625, 67.625, 169.125, 42.4375, 43.84375, 56.0, 163.625, 208.625, 180.625, 120.25, 66.875, 94.125, 170.125, 31.0625, 181.875, 148.0, 31.140625, 89.0, 182.0, 42.28125, 207.875, 136.0, 129.5, 171.375, 112.4375, 218.25, 67.0625, 72.8125, 176.125, 71.5625, 184.125, 175.875, 118.4375, 159.875, 170.625, 84.125, 131.0, 172.875, 88.25, 183.5, 213.5, 36.0625, 28.59375, 189.5, 175.875, 101.625, 132.5, 137.0, 23.265625, 117.125], [93.0, 60.40625, 90.125, 196.5, 72.1875, 95.9375, 145.125, 98.0625, 181.0, 47.09375, 71.0625, 163.25, 125.875, 46.1875, 168.625, 142.375, 103.75, 187.625, 162.5, 25.5, 52.9375, 54.90625, 12.203125, 59.46875, 185.25, 43.03125, 105.6875, 156.125, 92.625, 158.0, 183.5, 74.6875, 136.75, 0.0, 75.8125, 103.25, 184.125, 82.0, 123.8125, 188.25, 101.875, 44.0, 42.0, 177.25, 130.5, 152.5, 92.5625, 74.0625, 190.25, 76.875, 75.625, 179.375, 105.6875, 79.3125, 93.4375, 58.3125, 122.1875, 102.875, 138.0, 55.9375, 140.375, 118.125, 129.875, 42.4375, 11.3125, 94.25, 64.0, 134.75, 90.375, 124.5, 178.625, 78.125, 92.3125, 51.625, 127.375, 102.0, 83.75, 106.8125, 177.875, 141.375, 207.375, 143.125, 42.71875, 130.125, 145.375, 69.3125, 37.15625, 124.75, 179.125, 46.0, 147.875, 157.125, 104.375, 171.875, 120.8125, 106.625, 159.125, 89.0, 64.125, 182.625, 78.625, 63.59375, 85.4375, 58.53125, 144.125, 122.5625, 145.125, 71.4375, 99.0625, 108.0, 103.625, 156.625, 113.0, 111.0, 71.8125, 167.125, 68.625, 52.03125, 36.21875, 114.125, 196.375], [95.625, 129.5, 34.40625, 185.125, 108.875, 130.0, 120.9375, 126.125, 159.125, 60.0625, 140.125, 134.125, 180.0, 109.6875, 128.625, 165.0, 149.75, 193.625, 168.875, 53.34375, 47.03125, 22.828125, 78.125, 40.59375, 197.25, 93.75, 35.0625, 113.75, 93.0, 113.625, 118.125, 119.4375, 184.75, 75.8125, 0.0, 40.8125, 123.5, 108.0, 75.1875, 195.625, 85.0625, 50.6875, 51.25, 161.875, 129.25, 91.9375, 27.515625, 32.1875, 172.625, 78.4375, 81.875, 167.625, 35.0625, 48.3125, 150.875, 21.1875, 129.625, 111.5625, 179.125, 77.4375, 116.0625, 107.0625, 183.875, 42.15625, 75.9375, 152.375, 52.46875, 66.1875, 66.75, 115.125, 159.125, 100.0625, 121.0, 24.40625, 189.25, 162.0, 129.25, 61.40625, 124.4375, 92.625, 213.375, 162.25, 101.5, 85.25, 181.125, 7.28125, 41.875, 162.0, 192.875, 58.125, 178.75, 97.0, 81.25, 162.0, 72.5625, 100.75, 94.0, 120.0, 121.625, 149.25, 113.4375, 19.03125, 23.859375, 67.0, 109.625, 75.3125, 155.625, 59.65625, 43.90625, 117.875, 40.53125, 93.125, 172.0, 165.375, 13.4140625, 129.0, 85.0, 52.25, 50.5625, 165.75, 200.375], [81.0625, 145.875, 13.6015625, 153.125, 109.6875, 125.5625, 87.8125, 118.9375, 124.375, 99.4375, 155.625, 97.9375, 182.0, 124.5625, 89.375, 150.25, 149.5, 168.875, 145.75, 86.3125, 87.125, 50.625, 101.125, 81.25, 175.0, 105.375, 14.5625, 74.375, 77.9375, 73.8125, 80.8125, 122.4375, 182.625, 103.25, 40.8125, 0.0, 84.0, 103.25, 36.125, 171.25, 62.0625, 63.8125, 65.4375, 129.5, 106.1875, 52.0, 13.34375, 30.234375, 139.0, 69.3125, 74.125, 136.375, 14.5625, 35.34375, 157.25, 46.6875, 111.0, 96.625, 173.5, 80.1875, 83.25, 82.1875, 185.625, 61.28125, 99.3125, 159.25, 51.21875, 31.90625, 46.375, 89.8125, 125.375, 95.0625, 115.125, 59.03125, 196.125, 169.25, 131.125, 26.921875, 83.6875, 52.46875, 187.5, 146.0, 115.3125, 46.6875, 172.25, 47.0625, 66.125, 155.5, 171.875, 97.3125, 167.5, 57.03125, 55.4375, 132.0, 33.9375, 80.0, 56.28125, 115.5, 131.375, 111.1875, 112.25, 59.4375, 19.03125, 68.0, 73.125, 36.78125, 135.5, 52.34375, 10.046875, 102.375, 1.0, 54.4375, 177.875, 168.75, 54.09375, 90.25, 81.8125, 59.46875, 68.9375, 167.25, 174.25], [126.375, 216.5, 95.4375, 134.25, 167.875, 174.0, 86.75, 164.75, 101.5, 183.125, 224.625, 78.875, 232.625, 195.5, 55.3125, 176.875, 200.25, 168.75, 154.5, 169.75, 170.5, 134.25, 179.75, 164.0, 180.625, 175.375, 88.9375, 51.0, 123.6875, 46.53125, 16.765625, 181.25, 226.875, 184.125, 123.5, 84.0, 0.0, 155.875, 62.25, 172.25, 102.625, 141.25, 143.125, 114.5625, 125.9375, 32.0625, 97.0, 110.5, 116.125, 126.5625, 131.25, 123.8125, 88.9375, 105.9375, 216.0, 130.25, 138.75, 135.75, 213.0, 146.625, 86.0625, 107.8125, 235.5, 141.75, 178.25, 218.25, 123.0625, 59.1875, 101.5625, 110.8125, 105.9375, 149.375, 163.5, 143.0, 252.25, 227.875, 187.25, 78.4375, 22.203125, 48.0, 182.125, 170.25, 186.125, 59.90625, 206.375, 130.25, 148.0, 196.0, 180.875, 181.125, 197.75, 27.171875, 95.1875, 124.4375, 65.0, 115.25, 31.015625, 165.875, 196.5, 75.0, 167.625, 142.5, 103.0, 136.0, 67.9375, 63.96875, 153.875, 118.6875, 85.6875, 138.75, 84.0, 30.59375, 234.125, 222.375, 136.125, 59.65625, 141.875, 134.375, 148.25, 218.5, 169.875], [29.6875, 71.0, 92.0625, 119.875, 15.0, 22.5625, 84.375, 18.4375, 112.0625, 121.4375, 75.8125, 103.1875, 79.625, 55.3125, 118.125, 61.78125, 46.65625, 105.875, 81.0, 93.625, 120.0, 88.8125, 70.0625, 122.0625, 103.3125, 41.6875, 115.125, 110.9375, 32.1875, 114.625, 162.625, 26.578125, 79.375, 82.0, 108.0, 103.25, 155.875, 0.0, 97.0, 106.3125, 53.25, 60.625, 61.125, 104.25, 54.75, 130.875, 102.125, 80.0625, 117.5625, 34.0, 29.15625, 104.0625, 115.125, 68.3125, 60.21875, 88.375, 42.71875, 27.0, 71.5625, 32.28125, 81.3125, 54.125, 83.0, 71.0625, 70.6875, 62.4375, 56.3125, 130.375, 59.375, 56.5625, 108.3125, 8.25, 13.0390625, 96.3125, 96.875, 72.0, 31.40625, 85.6875, 140.625, 107.9375, 125.375, 61.625, 49.03125, 96.3125, 73.1875, 106.3125, 76.875, 54.09375, 97.1875, 119.5625, 71.8125, 133.625, 60.875, 96.0625, 95.0, 43.09375, 142.5, 12.3671875, 46.28125, 123.0, 12.0859375, 110.8125, 96.875, 41.0625, 93.9375, 94.875, 63.40625, 51.65625, 93.625, 29.609375, 104.1875, 138.125, 78.5, 67.5, 114.75, 114.8125, 23.015625, 56.3125, 65.8125, 64.875, 114.8125], [68.8125, 154.375, 41.21875, 119.5, 107.625, 117.1875, 54.71875, 108.75, 89.375, 130.25, 162.75, 62.4375, 176.0, 133.25, 53.53125, 130.75, 143.0, 140.0, 119.0, 112.375, 119.1875, 78.625, 118.4375, 114.375, 148.125, 113.125, 49.03125, 38.59375, 65.8125, 38.46875, 66.25, 121.0625, 172.875, 123.8125, 75.1875, 36.125, 62.25, 97.0, 0.0, 142.75, 44.9375, 80.0625, 82.0625, 95.875, 81.75, 33.96875, 48.25, 52.46875, 104.3125, 65.4375, 70.3125, 103.4375, 49.03125, 44.5625, 156.375, 74.75, 90.5, 81.4375, 161.0, 84.625, 50.6875, 58.46875, 179.25, 82.0625, 1