{"name": "LZB_n120_4", "n": 120, "m": 15, "times": [[0.0, 101.0, 63.0625, 104.0, 86.375, 100.0, 107.1875, 85.375, 59.0, 114.625, 101.1875, 106.3125, 100.625, 99.875, 19.109375, 79.1875, 37.0, 90.375, 67.1875, 41.59375, 20.0, 72.3125, 79.625, 26.421875, 89.1875, 65.5, 25.015625, 41.0625, 110.4375, 71.375, 67.375, 91.75, 32.3125, 52.875, 91.5625, 131.25, 34.9375, 102.0, 67.0625, 60.9375, 71.125, 77.5, 111.0, 65.75, 75.75, 95.4375, 99.25, 92.0625, 62.25, 108.9375, 14.421875, 120.3125, 49.09375, 3.60546875, 85.625, 25.015625, 41.125, 55.0, 85.9375, 55.8125, 99.3125, 9.0546875, 77.8125, 68.625, 35.375, 61.71875, 59.40625, 69.375, 49.71875, 74.125, 58.40625, 135.875, 58.6875, 117.0, 101.5625, 102.4375, 37.375, 92.3125, 52.1875, 42.59375, 46.40625, 57.96875, 70.75, 101.5, 106.4375, 5.38671875, 43.03125, 57.1875, 82.5, 114.375, 59.9375, 60.15625, 114.1875, 18.96875, 57.5625, 39.21875, 105.4375, 71.1875, 38.0, 90.0, 27.65625, 50.4375, 111.0, 128.125, 39.8125, 64.0, 107.8125, 31.140625, 66.75, 67.5625, 71.1875, 33.84375, 58.0, 36.0, 103.1875, 78.0, 98.875, 75.0625, 118.9375, 107.4375, 66.9375], [101.0, 0.0, 122.625, 129.375, 134.25, 88.375, 205.5, 135.75, 95.5625, 173.25, 113.75, 148.75, 187.5, 177.125, 119.0, 152.125, 95.0, 45.1875, 98.5, 132.25, 118.5, 168.75, 180.375, 127.25, 139.125, 80.5, 77.8125, 140.5, 31.78125, 138.625, 138.75, 192.625, 133.375, 153.75, 164.875, 199.875, 108.125, 7.28125, 56.4375, 40.15625, 160.75, 165.125, 163.25, 112.3125, 102.4375, 195.0, 176.625, 184.625, 120.6875, 177.125, 113.1875, 217.75, 53.9375, 97.5, 37.4375, 124.3125, 89.8125, 131.5, 33.28125, 127.25, 5.0, 103.75, 177.625, 48.75, 91.375, 160.625, 137.0, 168.875, 81.75, 125.1875, 154.25, 232.75, 156.75, 190.125, 191.125, 186.125, 104.0, 178.25, 125.125, 143.0, 66.0, 143.25, 30.359375, 82.0625, 207.25, 95.625, 121.9375, 48.09375, 157.375, 60.84375, 67.9375, 41.6875, 125.625, 103.75, 153.75, 70.25, 102.5625, 72.0625, 64.75, 188.25, 100.5, 98.0625, 159.75, 49.0, 140.75, 162.0, 121.375, 115.875, 125.8125, 115.6875, 131.375, 75.5625, 136.0, 94.0, 89.8125, 48.3125, 5.65625, 173.375, 43.40625, 188.625, 60.40625], [63.0625, 122.625, 0.0, 166.75, 149.25, 156.25, 137.5, 148.25, 28.078125, 55.0, 162.375, 169.125, 148.875, 55.0, 71.1875, 30.0625, 32.8125, 133.875, 128.75, 39.28125, 74.5, 67.25, 104.25, 70.125, 151.875, 123.1875, 76.4375, 60.625, 114.5, 132.5, 18.03125, 103.0, 69.0625, 74.9375, 149.0, 78.1875, 28.171875, 119.6875, 115.8125, 89.3125, 121.0625, 51.09375, 48.90625, 13.890625, 137.25, 123.0625, 154.125, 135.375, 2.0, 55.03125, 71.5625, 151.25, 74.3125, 62.65625, 90.0, 56.03125, 102.0625, 115.1875, 93.0, 13.4140625, 123.5625, 71.6875, 84.375, 74.3125, 96.8125, 99.0625, 22.625, 76.5625, 41.0, 12.0, 103.375, 166.375, 99.125, 67.4375, 75.0, 66.125, 27.015625, 142.25, 15.5234375, 65.75, 58.53125, 113.625, 96.4375, 156.0, 125.125, 63.625, 104.125, 76.5625, 140.125, 101.25, 55.15625, 94.375, 175.875, 81.9375, 57.46875, 57.25, 164.25, 125.9375, 67.75, 123.0625, 36.625, 112.6875, 48.25, 125.375, 74.5625, 67.125, 169.5, 34.53125, 129.5, 130.625, 9.4375, 54.375, 22.671875, 34.21875, 70.0, 78.0, 118.0625, 110.875, 117.25, 67.1875, 117.4375], [104.0, 129.375, 166.75, 0.0, 27.65625, 46.21875, 140.125, 30.59375, 156.375, 218.375, 17.6875, 24.703125, 100.0625, 200.125, 102.5625, 182.125, 136.875, 85.625, 39.5625, 141.625, 99.0, 159.625, 136.125, 109.0, 30.0625, 53.0, 93.625, 129.75, 157.875, 52.5, 171.0, 157.25, 114.875, 130.375, 67.125, 232.875, 138.625, 135.625, 75.5625, 111.0, 90.9375, 174.125, 215.0, 167.25, 31.578125, 138.75, 78.625, 109.5625, 165.75, 211.5, 99.25, 146.125, 115.125, 104.125, 145.125, 120.3125, 65.375, 65.375, 142.25, 159.75, 124.625, 96.0, 154.0, 137.375, 70.1875, 114.125, 162.375, 149.25, 142.0, 177.125, 101.625, 156.125, 109.1875, 217.875, 193.375, 199.0, 140.125, 93.0, 156.125, 127.3125, 127.375, 78.375, 115.25, 54.03125, 156.875, 103.0625, 70.4375, 121.5, 66.1875, 179.375, 143.0, 103.0, 17.0, 85.8125, 148.375, 122.5, 34.0625, 58.5625, 112.0625, 128.125, 130.25, 54.125, 214.875, 177.125, 116.375, 149.625, 13.9296875, 134.875, 44.40625, 37.46875, 175.125, 121.125, 161.0, 135.625, 188.125, 146.125, 132.125, 118.875, 169.875, 205.25, 71.4375], [86.375, 134.25, 149.25, 27.65625, 0.0, 63.53125, 112.625, 3.0, 143.0, 198.625, 39.625, 19.921875, 73.6875, 177.75, 81.0, 161.5, 122.0, 94.5, 35.78125, 120.375, 77.375, 134.75, 108.875, 86.1875, 5.0, 53.71875, 82.125, 106.1875, 159.5, 25.078125, 151.375, 130.25, 91.4375, 105.125, 41.21875, 210.875, 121.25, 139.5, 77.8125, 108.1875, 63.3125, 150.875, 196.375, 151.875, 32.65625, 111.0625, 53.4375, 82.125, 148.5, 190.25, 78.75, 119.0, 108.5625, 87.25, 142.875, 98.75, 54.0, 39.6875, 140.625, 140.875, 129.875, 77.625, 127.875, 132.125, 57.125, 87.25, 142.125, 123.625, 130.125, 160.5, 74.6875, 129.5, 82.375, 195.5, 168.625, 175.375, 123.625, 66.125, 137.25, 103.25, 118.0, 51.46875, 114.5, 70.8125, 129.25, 86.6875, 47.1875, 116.125, 39.0, 177.125, 134.0, 100.9375, 44.40625, 67.4375, 124.4375, 112.1875, 55.375, 62.6875, 103.0, 100.4375, 113.8125, 42.0625, 196.875, 179.25, 91.9375, 124.75, 40.0, 115.8125, 20.25, 21.03125, 157.125, 109.5625, 140.75, 120.8125, 180.0, 141.625, 136.0, 91.4375, 171.125, 181.875, 73.8125], [100.0, 88.375, 156.25, 46.21875, 63.53125, 0.0, 169.0, 66.1875, 139.0, 211.0, 28.59375, 70.0, 135.0, 199.75, 107.0, 178.0, 123.75, 43.1875, 40.0625, 141.5, 104.0625, 168.25, 156.5, 115.4375, 68.125, 34.46875, 80.125, 136.125, 119.0, 81.5, 165.25, 175.75, 122.375, 141.875, 104.0, 230.375, 130.0, 95.1875, 43.84375, 80.75, 117.75, 177.125, 205.0, 153.0, 35.34375, 164.0, 116.5, 140.25, 154.875, 207.625, 101.75, 177.5, 90.0625, 98.5, 111.375, 122.5625, 60.0, 86.0625, 107.875, 152.875, 83.375, 94.8125, 167.875, 108.25, 65.8125, 133.5, 158.5, 161.125, 123.0, 164.875, 122.125, 189.75, 128.375, 216.625, 200.125, 202.25, 129.5, 126.625, 149.5, 135.375, 105.375, 101.125, 81.75, 7.80859375, 181.0, 96.8125, 84.375, 93.9375, 99.9375, 144.125, 119.0625, 72.625, 37.9375, 86.5625, 154.75, 102.8125, 14.3203125, 30.40625, 91.375, 154.25, 120.625, 55.3125, 203.75, 137.25, 126.625, 158.75, 34.875, 130.125, 68.25, 55.71875, 165.5, 103.5625, 157.0, 122.3125, 160.5, 115.4375, 92.0625, 142.0, 131.0, 207.375, 40.8125], [107.1875, 205.5, 137.5, 140.125, 112.625, 169.0, 0.0, 109.6875, 152.5, 159.375, 151.125, 122.0, 44.78125, 126.0, 88.0625, 126.5, 133.375, 182.5, 129.5, 98.8125, 87.8125, 76.625, 33.25, 81.375, 110.1875, 142.375, 127.875, 78.5625, 217.5, 89.0, 125.875, 43.40625, 77.125, 63.125, 75.3125, 155.0, 121.75, 207.5, 158.625, 166.375, 51.25, 100.625, 164.625, 148.875, 133.625, 14.5625, 67.125, 30.8125, 138.25, 144.0, 93.4375, 13.890625, 156.0, 110.75, 192.75, 90.25, 120.5625, 83.1875, 193.125, 124.0625, 202.875, 102.4375, 58.21875, 175.5, 117.0, 45.46875, 116.6875, 63.34375, 150.75, 148.5, 51.4375, 29.40625, 48.8125, 140.375, 100.125, 114.4375, 127.3125, 48.71875, 122.125, 73.8125, 152.75, 68.25, 176.125, 174.625, 24.703125, 112.3125, 87.9375, 164.25, 74.125, 220.0, 164.25, 163.75, 157.0, 101.6875, 80.9375, 145.75, 165.0, 152.375, 145.125, 17.203125, 122.4375, 117.875, 168.375, 235.25, 69.4375, 72.25, 152.5, 110.375, 101.125, 113.375, 139.125, 140.0, 116.125, 133.25, 201.375, 184.625, 204.125, 32.1875, 226.0, 121.5625, 156.25], [85.375, 135.75, 148.25, 30.59375, 3.0, 66.1875, 109.6875, 0.0, 142.375, 197.125, 42.59375, 21.03125, 70.6875, 175.875, 79.375, 159.875, 121.25, 96.4375, 37.21875, 118.75, 75.8125, 132.5, 106.125, 84.375, 4.0, 55.21875, 82.0, 104.25, 160.625, 22.359375, 149.875, 127.5, 89.5, 102.8125, 38.3125, 209.0, 120.1875, 140.875, 79.25, 108.9375, 60.4375, 148.875, 195.0, 151.0, 34.65625, 108.1875, 50.59375, 79.1875, 147.5, 188.625, 77.375, 116.0, 108.875, 86.375, 143.625, 97.125, 54.15625, 37.46875, 141.5, 139.5, 131.375, 76.5625, 125.375, 132.5, 57.0, 84.625, 140.625, 121.1875, 129.75, 159.375, 72.0625, 126.5625, 79.75, 193.625, 166.375, 173.25, 122.6875, 63.125, 136.0, 101.1875, 118.0, 48.875, 115.4375, 73.4375, 126.375, 85.875, 45.5, 116.5625, 36.0, 177.75, 134.0, 101.8125, 47.375, 66.4375, 122.375, 112.0625, 58.25, 64.375, 103.0625, 97.5, 112.9375, 42.28125, 195.625, 180.375, 89.8125, 122.5, 43.0, 114.5625, 18.78125, 21.375, 155.875, 109.3125, 139.25, 120.0625, 180.0, 142.0, 137.25, 88.625, 172.125, 179.75, 75.3125], [59.0, 95.5625, 28.078125, 156.375, 143.0, 139.0, 152.5, 142.375, 0.0, 78.375, 149.375, 162.75, 156.375, 83.0, 73.5625, 58.125, 22.09375, 111.375, 117.0, 55.1875, 76.125, 89.625, 120.1875, 75.875, 146.375, 108.0625, 62.78125, 74.0625, 86.5, 130.125, 45.71875, 123.0625, 77.5, 89.625, 150.375, 104.3125, 30.890625, 92.25, 96.25, 65.1875, 127.125, 77.25, 69.4375, 16.765625, 125.375, 138.75, 157.5, 145.0, 26.078125, 81.5625, 71.5625, 166.375, 51.21875, 57.03125, 62.0, 63.5625, 91.0625, 114.0, 65.125, 36.78125, 96.8125, 68.0, 104.8125, 46.875, 86.6875, 110.0, 47.53125, 96.1875, 16.28125, 29.734375, 111.3125, 182.0, 108.875, 94.75, 102.1875, 94.0625, 25.5, 148.625, 36.25, 78.75, 34.84375, 116.125, 71.125, 137.5, 143.75, 57.125, 102.0, 51.46875, 141.375, 74.6875, 27.65625, 71.375, 163.25, 77.1875, 77.25, 36.25, 148.625, 108.8125, 47.625, 136.75, 32.75, 102.8125, 66.875, 97.8125, 84.5, 87.125, 157.0, 42.1875, 124.3125, 122.75, 36.125, 35.84375, 47.0, 23.015625, 48.8125, 50.0, 90.8125, 123.0, 89.5, 95.25, 98.625], [114.625, 173.25, 55.0, 218.375, 198.625, 211.0, 159.375, 197.125, 78.375, 0.0, 215.625, 218.0, 183.125, 34.78125, 117.75, 37.6875, 87.8125, 188.5, 181.625, 78.75, 121.3125, 83.0, 128.0, 113.625, 200.625, 177.5, 130.875, 96.75, 159.5, 178.875, 47.4375, 117.25, 109.9375, 105.875, 191.0, 29.421875, 81.3125, 169.375, 170.75, 143.125, 159.125, 59.0, 12.6484375, 61.75, 190.25, 145.125, 193.625, 167.125, 56.625, 17.0, 119.875, 172.0, 128.5, 115.0, 137.75, 100.1875, 155.25, 161.5, 141.375, 58.90625, 174.875, 122.4375, 101.1875, 124.625, 149.625, 132.25, 56.4375, 97.0, 93.9375, 48.75, 140.375, 185.125, 134.125, 29.0625, 65.375, 49.65625, 81.4375, 178.5, 62.46875, 101.25, 112.3125, 156.375, 149.5, 210.875, 140.125, 116.25, 151.75, 129.75, 182.875, 139.0, 105.6875, 148.75, 228.75, 132.625, 83.1875, 111.8125, 218.5, 180.75, 122.5625, 149.0, 90.5, 165.125, 18.390625, 166.0, 112.5625, 89.25, 222.375, 83.625, 178.375, 181.375, 45.59375, 109.3125, 57.8125, 89.1875, 100.375, 125.875, 168.25, 140.75, 159.375, 44.40625, 172.375], [101.1875, 113.75, 162.375, 17.6875, 39.625, 28.59375, 151.125, 42.59375, 149.375, 215.625, 0.0, 42.0, 113.3125, 199.875, 103.0, 180.375, 131.25, 69.25, 33.96875, 141.0, 99.625, 162.625, 143.625, 110.375, 43.40625, 42.0625, 86.9375, 131.5, 143.125, 62.0625, 168.5, 164.125, 116.8125, 134.125, 80.8125, 232.0, 134.625, 120.25, 62.0625, 98.875, 100.5, 175.0, 211.25, 161.5, 25.453125, 148.25, 92.875, 121.0, 161.25, 210.0, 98.875, 158.125, 104.8125, 100.6875, 132.125, 120.25, 60.4375, 71.5625, 129.0, 156.75, 108.9375, 94.0625, 159.0, 125.9375, 65.9375, 120.875, 160.5, 153.375, 134.25, 172.25, 108.6875, 169.125, 115.8125, 217.375, 195.875, 200.25, 135.375, 105.5625, 153.125, 129.625, 118.3125, 85.9375, 102.0625, 36.40625, 166.0, 99.375, 73.8125, 110.4375, 78.4375, 166.0, 133.5, 90.6875, 13.9296875, 84.3125, 150.375, 114.25, 16.640625, 45.1875, 103.25, 137.875, 125.8125, 50.9375, 210.625, 162.125, 119.5, 152.75, 8.0625, 132.375, 51.0, 40.5, 171.25, 113.625, 159.125, 129.875, 177.625, 134.25, 116.875, 127.3125, 155.125, 206.0, 58.125], [106.3125, 148.75, 169.125, 24.703125, 19.921875, 70.0, 122.0, 21.03125, 162.75, 218.0, 42.0, 0.0, 79.5, 196.375, 100.375, 180.75, 141.875, 106.6875, 51.96875, 139.625, 96.75, 152.0, 122.8125, 105.125, 17.5, 68.9375, 101.625, 124.625, 175.625, 41.0, 170.875, 144.375, 110.0, 122.3125, 46.875, 229.625, 141.125, 154.5, 93.0, 125.625, 76.0625, 169.125, 216.0, 171.75, 46.5, 122.5625, 57.09375, 91.1875, 168.375, 209.375, 98.375, 126.4375, 127.125, 107.1875, 160.25, 118.0, 73.1875, 57.625, 157.875, 160.625, 144.125, 97.5, 143.875, 150.375, 76.625, 102.4375, 161.625, 140.25, 149.75, 180.375, 90.0, 135.125, 97.8125, 214.25, 186.0, 193.375, 143.625, 73.5625, 157.0, 121.375, 137.25, 67.375, 131.25, 77.8125, 141.0, 106.625, 66.375, 134.375, 48.46875, 194.625, 153.25, 118.0625, 40.15625, 87.3125, 142.5, 131.5, 58.59375, 76.6875, 122.125, 111.8125, 133.75, 61.125, 216.625, 195.125, 109.875, 142.125, 38.46875, 135.625, 39.8125, 40.3125, 176.875, 129.125, 160.25, 140.625, 199.125, 159.75, 151.0, 104.6875, 187.375, 200.0, 88.875], [100.625, 187.5, 148.875, 100.0625, 73.6875, 135.0, 44.78125, 70.6875, 156.375, 183.125, 113.3125, 79.5, 0.0, 153.0, 83.1875, 146.625, 134.75, 156.75, 98.4375, 110.1875, 81.125, 102.1875, 59.46875, 80.5, 70.25, 114.25, 114.375, 89.0, 205.375, 53.84375, 142.0, 79.0625, 80.0625, 77.4375, 33.0, 185.0, 126.375, 190.875, 134.625, 151.75, 29.546875, 125.1875, 185.75, 157.5, 100.3125, 50.21875, 22.796875, 17.5, 149.125, 169.875, 86.375, 47.0625, 144.875, 103.75, 182.875, 93.75, 97.8125, 56.09375, 182.25, 136.375, 184.125, 93.0625, 86.9375, 167.25, 96.1875, 51.15625, 132.0, 87.9375, 149.875, 160.75, 45.53125, 56.03125, 50.0, 169.5, 132.5, 144.5, 131.25, 9.21875, 133.5, 84.0, 146.375, 44.8125, 160.75, 141.625, 67.5, 104.6875, 65.8125, 153.5, 35.15625, 214.0, 160.5, 147.125, 117.0625, 87.9375, 100.0, 139.125, 128.625, 124.5, 135.125, 40.59375, 123.6875, 91.25, 188.375, 224.5, 74.3125, 94.375, 113.375, 116.125, 67.625, 80.25, 153.25, 134.125, 131.0, 134.125, 203.125, 177.0, 187.375, 43.0, 215.375, 151.875, 131.5], [99.875, 177.125, 55.0, 200.125, 177.75, 199.75, 126.0, 175.875, 83.0, 34.78125, 199.875, 196.375, 153.0, 0.0, 97.5625, 25.078125, 83.4375, 183.875, 166.25, 58.90625, 101.125, 51.0, 95.75, 91.5625, 179.0, 165.25, 120.75, 71.875, 169.375, 155.875, 38.46875, 83.1875, 86.375, 77.5, 164.625, 33.28125, 72.4375, 174.5, 163.25, 141.875, 131.25, 28.234375, 43.5625, 67.375, 174.5, 112.0625, 165.625, 136.375, 57.0, 18.25, 101.1875, 138.125, 126.625, 101.25, 145.0, 79.875, 140.75, 138.75, 148.0, 50.4375, 177.75, 106.0625, 68.1875, 129.25, 135.0, 103.125, 42.15625, 65.3125, 95.4375, 56.28125, 112.8125, 151.0, 105.875, 17.796875, 30.890625, 15.6171875, 75.0, 149.25, 53.15625, 75.5, 111.8125, 131.375, 149.875, 200.875, 105.8125, 102.9375, 130.625, 130.0, 157.0, 154.0, 110.0625, 145.875, 212.25, 115.625, 55.0, 109.125, 205.25, 170.25, 118.3125, 116.8125, 81.6875, 149.0, 48.8125, 179.375, 87.125, 58.8125, 206.0, 69.8125, 157.625, 162.625, 47.25, 105.0625, 43.46875, 84.625, 118.6875, 133.0, 172.75, 110.125, 171.5, 13.0, 164.125], [19.109375, 119.0, 71.1875, 102.5625, 81.0, 107.0, 88.0625, 79.375, 73.5625, 117.75, 103.0, 100.375, 83.1875, 97.5625, 0.0, 80.4375, 51.65625, 104.125, 70.0, 39.40625, 3.60546875, 61.34375, 61.3125, 9.0, 82.875, 73.0625, 41.4375, 29.15625, 129.5, 61.6875, 70.6875, 75.125, 16.03125, 37.0, 78.125, 130.375, 45.0, 120.375, 80.0, 79.1875, 53.75, 72.0, 116.0625, 77.0, 77.9375, 76.5625, 84.3125, 73.5625, 70.875, 109.375, 6.08203125, 101.25, 68.0, 22.671875, 104.75, 17.796875, 47.125, 44.28125, 105.0, 61.03125, 117.0, 15.5234375, 63.03125, 87.6875, 41.5, 42.625, 61.28125, 55.3125, 66.6875, 83.0, 39.65625, 116.75, 39.59375, 115.3125, 93.5, 97.1875, 49.15625, 75.3125, 57.5625, 28.640625, 65.3125, 43.0, 89.0, 109.75, 88.25, 24.203125, 34.0, 76.1875, 69.1875, 133.25, 78.25, 77.625, 115.0, 20.609375, 47.84375, 58.125, 110.0625, 80.625, 57.0, 70.9375, 40.78125, 52.84375, 117.0625, 147.25, 22.359375, 51.9375, 108.6875, 36.6875, 60.75, 65.0625, 77.875, 52.625, 59.9375, 50.96875, 120.0, 97.0, 117.1875, 55.96875, 138.0, 103.0625, 79.0625], [79.1875, 152.125, 30.0625, 182.125, 161.5, 178.0, 126.5, 159.875, 58.125, 37.6875, 180.375, 180.75, 146.625, 25.078125, 80.4375, 0.0, 58.8125, 159.875, 146.375, 41.1875, 84.0625, 50.28125, 93.875, 76.0, 163.25, 143.875, 98.1875, 59.1875, 144.625, 141.375, 13.6015625, 86.75, 72.25, 69.25, 153.375, 52.4375, 48.75, 149.375, 140.125, 117.1875, 121.8125, 27.78125, 39.0625, 42.96875, 154.875, 112.0, 156.25, 131.125, 32.0625, 29.734375, 83.0, 139.75, 101.9375, 80.0625, 120.0625, 62.78125, 120.3125, 123.875, 123.0, 26.0, 152.75, 86.375, 68.9375, 104.125, 114.5625, 95.5, 19.796875, 63.15625, 70.375, 33.09375, 103.1875, 153.875, 97.1875, 39.40625, 47.15625, 36.40625, 50.6875, 141.625, 29.0625, 63.78125, 86.875, 118.6875, 124.9375, 178.625, 109.8125, 81.5625, 114.375, 105.125, 145.125, 130.375, 85.0, 121.4375, 193.25, 96.4375, 47.0, 84.5, 184.375, 148.125, 94.0, 114.5, 58.1875, 129.5, 42.09375, 155.125, 75.0, 54.4375, 186.75, 48.15625, 141.25, 144.75, 23.09375, 80.625, 21.21875, 60.09375, 96.625, 108.0625, 147.625, 105.0, 147.125, 37.125, 141.125], [37.0, 95.0, 32.8125, 136.875, 122.0, 123.75, 133.375, 121.25, 22.09375, 87.8125, 131.25, 141.875, 134.75, 83.4375, 51.65625, 58.8125, 0.0, 101.5, 98.0, 40.25, 54.125, 77.0625, 101.9375, 54.625, 125.1875, 91.0625, 44.40625, 55.875, 93.3125, 108.3125, 45.21875, 107.4375, 56.9375, 71.4375, 128.375, 110.0, 13.9296875, 93.25, 83.0, 58.46875, 105.375, 70.25, 81.3125, 30.40625, 106.5625, 120.0, 135.5, 124.0, 31.234375, 86.75, 49.5, 147.25, 43.1875, 35.21875, 67.375, 43.28125, 71.5625, 92.0, 69.375, 33.0, 95.125, 46.03125, 89.875, 49.71875, 66.6875, 89.6875, 42.1875, 81.0, 17.796875, 41.21875, 90.0625, 162.75, 88.125, 98.0625, 96.25, 91.375, 9.0546875, 126.9375, 30.40625, 60.15625, 29.0, 94.0625, 66.625, 123.25, 126.75, 35.5, 80.0625, 47.09375, 119.25, 88.25, 33.125, 62.625, 144.875, 55.4375, 63.0625, 25.703125, 132.125, 93.3125, 35.34375, 117.0625, 11.1796875, 82.875, 80.0625, 107.8125, 64.375, 72.5625, 138.625, 24.40625, 102.9375, 102.125, 42.1875, 21.9375, 41.125, 1.4140625, 68.875, 56.46875, 91.0625, 102.9375, 98.8125, 94.1875, 84.625], [90.375, 45.1875, 133.875, 85.625, 94.5, 43.1875, 182.5, 96.4375, 111.375, 188.5, 69.25, 106.6875, 156.75, 183.875, 104.125, 159.875, 101.5, 0.0, 60.15625, 129.875, 102.3125, 162.75, 162.75, 113.125, 99.5, 42.8125, 65.625, 131.125, 76.0625, 104.1875, 146.375, 178.875, 120.0625, 141.125, 130.0, 211.5, 111.4375, 52.03125, 24.328125, 46.6875, 133.375, 165.625, 180.625, 127.3125, 61.84375, 174.5, 142.25, 157.5, 132.125, 188.25, 98.0625, 193.375, 60.21875, 87.5625, 71.3125, 115.375, 61.96875, 101.5625, 67.4375, 133.875, 40.1875, 89.0, 167.0, 72.1875, 66.0, 140.75, 141.75, 159.0, 95.1875, 140.125, 131.625, 207.25, 136.0, 199.375, 190.875, 189.5, 109.25, 147.625, 130.875, 132.0, 76.625, 115.4375, 43.84375, 37.0, 189.25, 85.5625, 94.6875, 60.8125, 123.625, 102.375, 87.0, 40.0, 80.625, 84.5625, 147.875, 76.6875, 57.4375, 32.65625, 66.1875, 166.0, 102.1875, 65.75, 178.25, 94.125, 126.3125, 154.25, 76.625, 115.25, 90.4375, 78.625, 143.25, 79.625, 140.5, 100.1875, 123.1875, 77.5, 49.0, 151.875, 88.0, 193.5, 26.25], [67.1875, 98.5, 128.75, 39.5625, 35.78125, 40.0625, 129.5, 37.21875, 117.0, 181.625, 33.96875, 51.96875, 98.4375, 166.25, 70.0, 146.375, 98.0, 60.15625, 0.0, 107.3125, 66.75, 130.625, 116.5, 77.8125, 40.71875, 18.03125, 54.21875, 98.875, 124.0, 44.78125, 134.5, 136.0, 84.5, 103.125, 70.0, 198.125, 100.8125, 103.75, 42.0625, 73.6875, 78.4375, 141.75, 177.375, 128.375, 8.6015625, 124.125, 82.4375, 101.625, 127.5625, 176.125, 65.4375, 138.75, 76.1875, 66.6875, 108.3125, 86.8125, 26.625, 46.375, 105.875, 122.8125, 94.125, 60.21875, 128.75, 99.0, 32.0, 93.4375, 126.5625, 122.4375, 102.4375, 138.75, 82.0625, 151.5, 88.375, 183.625, 163.375, 167.0, 101.8125, 89.5625, 119.1875, 97.5, 87.875, 61.40625, 79.3125, 45.1875, 141.0, 65.4375, 44.40625, 83.0, 64.125, 142.75, 103.5625, 66.125, 47.1875, 50.59375, 117.75, 83.0, 40.3125, 27.59375, 72.5625, 114.4375, 92.0625, 17.203125, 177.0, 143.625, 88.0, 120.8125, 40.8125, 98.375, 30.890625, 18.59375, 137.375, 81.625, 125.1875, 96.625, 149.0, 108.125, 100.1875, 102.0, 135.625, 172.625, 38.09375], [41.59375, 132.25, 39.28125, 141.625, 120.375, 141.5, 98.8125, 118.75, 55.1875, 78.75, 141.0, 139.625, 110.1875, 58.90625, 39.40625, 41.1875, 40.25, 129.875, 107.3125, 0.0, 43.0, 37.0, 65.875, 34.9375, 122.125, 107.0625, 64.5625, 21.375, 133.375, 100.1875, 32.75, 68.0, 31.78125, 35.84375, 113.25, 91.25, 26.421875, 131.375, 107.5625, 93.125, 83.1875, 36.0625, 78.1875, 50.09375, 115.625, 84.625, 117.125, 96.1875, 39.84375, 70.0, 42.4375, 112.6875, 78.4375, 43.46875, 107.3125, 21.640625, 82.125, 82.75, 109.125, 26.3125, 131.625, 47.1875, 50.0, 89.5625, 76.25, 59.84375, 22.796875, 41.21875, 57.8125, 51.0, 65.0, 128.0, 60.21875, 76.4375, 61.0, 60.84375, 31.90625, 104.0, 23.765625, 26.46875, 67.4375, 78.1875, 102.375, 143.125, 88.625, 45.3125, 73.25, 84.375, 104.8125, 127.875, 73.375, 95.0625, 153.5, 56.71875, 22.828125, 62.15625, 146.5, 112.75, 68.0625, 83.9375, 32.0, 90.125, 79.8125, 148.0, 36.0, 32.4375, 147.125, 16.5, 100.125, 104.25, 43.03125, 56.71875, 21.59375, 40.71875, 103.6875, 96.6875, 128.875, 71.5625, 139.125, 65.875, 107.8125], [20.0, 118.5, 74.5, 99.0, 77.375, 104.0625, 87.8125, 75.8125, 76.125, 121.3125, 99.625, 96.75, 81.125, 101.125, 3.60546875, 84.0625, 54.125, 102.3125, 66.75, 43.0, 0.0, 64.25, 62.03125, 11.3984375, 79.25, 70.3125, 40.71875, 32.1875, 129.875, 58.1875, 74.25, 76.625, 18.4375, 39.0625, 75.0, 134.0, 48.03125, 120.0625, 78.125, 78.875, 51.625, 75.4375, 119.625, 80.0625, 74.625, 76.6875, 81.5, 72.125, 74.125, 113.0, 5.65625, 100.75, 68.25, 23.4375, 105.375, 21.40625, 44.375, 40.8125, 105.5, 64.5, 116.375, 14.765625, 65.1875, 88.5, 38.84375, 42.4375, 64.875, 57.71875, 68.6875, 86.3125, 38.40625, 116.1875, 39.0625, 118.875, 96.625, 100.625, 52.03125, 73.0625, 61.03125, 31.328125, 66.375, 40.125, 88.6875, 107.0, 88.9375, 24.765625, 30.40625, 76.5625, 66.0625, 134.375, 79.75, 76.9375, 111.5, 18.109375, 51.0, 59.1875, 106.875, 78.0625, 57.375, 70.625, 43.40625, 49.65625, 120.5625, 147.875, 24.015625, 54.71875, 105.25, 40.03125, 57.125, 61.53125, 81.3125, 53.8125, 63.53125, 53.375, 122.0625, 97.9375, 116.875, 55.59375, 138.625, 106.5, 77.0], [72.3125, 168.75, 67.25, 159.625, 134.75, 168.25, 76.625, 132.5, 89.625, 83.0, 162.625, 152.0, 102.1875, 51.0, 61.34375, 50.28125, 77.0625, 162.75, 130.625, 37.0, 64.25, 0.0, 45.03125, 52.9375, 135.125, 134.375, 97.1875, 32.28125, 170.25, 111.0, 52.15625, 36.6875, 46.09375, 29.703125, 115.9375, 82.875, 63.15625, 168.125, 139.25, 129.125, 82.0, 24.015625, 87.9375, 80.625, 138.25, 62.28125, 115.8125, 85.375, 68.625, 68.375, 66.75, 89.625, 114.75, 75.1875, 144.25, 47.375, 108.4375, 95.0, 146.125, 54.4375, 167.875, 74.75, 18.6875, 126.5, 102.8125, 53.25, 44.6875, 14.3203125, 94.375, 76.625, 64.0625, 103.5625, 56.59375, 67.375, 33.96875, 42.9375, 68.4375, 98.8125, 53.90625, 33.09375, 104.375, 84.9375, 138.625, 171.125, 59.625, 77.1875, 89.3125, 121.0625, 109.0625, 163.75, 110.0625, 130.25, 173.625, 81.9375, 15.03125, 98.9375, 170.875, 141.625, 104.0625, 66.125, 68.9375, 113.75, 91.8125, 184.75, 43.28125, 10.0, 167.625, 53.4375, 115.4375, 122.875, 66.3125, 93.375, 44.59375, 77.625, 136.625, 133.5, 165.5, 59.1875, 175.875, 50.09375, 138.875], [79.625, 180.375, 104.25, 136.125, 108.875, 156.5, 33.25, 106.125, 120.1875, 128.0, 143.625, 122.8125, 59.46875, 95.75, 61.3125, 93.875, 101.9375, 162.75, 116.5, 65.875, 62.03125, 45.03125, 0.0, 53.25, 107.8125, 126.0625, 102.6875, 46.21875, 189.375, 83.75, 92.75, 21.640625, 47.71875, 30.609375, 80.0625, 126.625, 89.625, 181.625, 138.5, 140.375, 46.875, 69.0, 132.5, 115.875, 122.3125, 18.78125, 76.6875, 42.0625, 105.125, 113.375, 67.25, 47.0, 128.625, 83.25, 164.0, 59.5625, 101.625, 72.0625, 164.75, 90.875, 178.375, 76.6875, 27.890625, 146.375, 97.0, 23.09375, 83.5, 31.015625, 119.5, 115.3125, 34.9375, 62.1875, 28.15625, 111.375, 73.1875, 85.875, 95.25, 58.0, 89.0, 41.78125, 123.375, 57.875, 150.25, 161.125, 26.921875, 85.0, 72.1875, 136.5, 75.1875, 189.625, 133.75, 138.875, 152.125, 78.5625, 47.8125, 116.625, 155.375, 135.25, 117.5, 21.09375, 91.25, 102.0, 136.0, 206.375, 39.96875, 39.46875, 146.75, 78.25, 92.75, 103.375, 105.9375, 110.8125, 82.875, 101.875, 169.0, 155.125, 178.5, 18.4375, 197.25, 93.125, 136.75], [26.421875, 127.25, 70.125, 109.0, 86.1875, 115.4375, 81.375, 84.375, 75.875, 113.625, 110.375, 105.125, 80.5, 91.5625, 9.0, 76.0, 54.625, 113.125, 77.8125, 34.9375, 11.3984375, 52.9375, 53.25, 0.0, 87.6875, 81.75, 50.0, 21.09375, 136.625, 65.3125, 67.375, 66.3125, 7.0703125, 28.015625, 79.0625, 124.625, 45.90625, 128.375, 89.0, 87.25, 51.625, 65.125, 112.875, 77.4375, 85.5625, 69.1875, 84.0, 69.375, 70.0, 104.3125, 15.03125, 94.75, 75.5, 30.015625, 111.5, 14.140625, 55.78125, 47.875, 112.0, 58.84375, 125.375, 24.328125, 54.03125, 94.1875, 50.21875, 36.125, 57.59375, 46.375, 70.8125, 82.125, 35.46875, 110.375, 33.84375, 109.3125, 85.5625, 90.125, 50.6875, 73.1875, 55.59375, 19.921875, 71.4375, 43.75, 97.0625, 118.375, 80.0625, 31.765625, 39.0625, 83.5, 70.375, 139.0, 83.4375, 86.0625, 122.0, 29.421875, 39.96875, 64.375, 118.0625, 89.4375, 64.375, 64.375, 43.46875, 60.84375, 114.3125, 154.0, 13.6015625, 43.3125, 115.8125, 36.0625, 66.0625, 71.5625, 75.9375, 58.6875, 56.3125, 54.125, 123.5, 103.25, 125.25, 49.59375, 144.75, 96.25, 88.0625], [89.1875, 139.125, 151.875, 30.0625, 5.0, 68.125, 110.1875, 4.0, 146.375, 200.625, 43.40625, 17.5, 70.25, 179.0, 82.875, 163.25, 125.1875, 99.5, 40.71875, 122.125, 79.25, 135.125, 107.8125, 87.6875, 0.0, 58.65625, 86.0, 107.3125, 164.375, 24.40625, 153.375, 129.25, 92.625, 105.5, 37.46875, 212.25, 124.0, 144.5, 82.75, 112.8125, 61.6875, 151.875, 198.625, 154.75, 37.65625, 109.1875, 49.46875, 79.5, 151.25, 191.875, 80.9375, 116.0625, 112.875, 90.25, 147.5, 100.5, 58.125, 40.375, 145.375, 143.125, 134.875, 80.3125, 127.625, 136.5, 61.0, 86.625, 144.125, 123.6875, 133.75, 163.25, 74.125, 126.25, 81.8125, 196.875, 169.125, 176.25, 126.5, 63.0, 139.625, 104.125, 122.0, 51.03125, 119.1875, 75.5, 127.5, 89.75, 48.875, 120.5, 36.125, 181.625, 138.0, 105.625, 47.03125, 70.1875, 125.3125, 116.0625, 59.46875, 67.6875, 107.0625, 98.5, 116.75, 46.28125, 199.25, 184.0, 92.6875, 125.1875, 43.09375, 118.1875, 22.46875, 25.3125, 159.5, 113.3125, 142.75, 124.0, 184.0, 146.0, 140.875, 90.0625, 175.875, 182.75, 78.75], [65.5, 80.5, 123.1875, 53.0, 53.71875, 34.46875, 142.375, 55.21875, 108.0625, 177.5, 42.0625, 68.9375, 114.25, 165.25, 73.0625, 143.875, 91.0625, 42.8125, 18.03125, 107.0625, 70.3125, 134.375, 126.0625, 81.75, 58.65625, 0.0, 46.75, 102.125, 106.625, 61.40625, 131.25, 144.25, 88.75, 108.875, 87.1875, 196.25, 96.1875, 85.9375, 24.171875, 58.0, 92.0, 142.625, 172.125, 121.0, 22.5625, 135.625, 99.5, 115.875, 121.8125, 173.5, 67.6875, 152.375, 62.8125, 64.0625, 92.25, 88.25, 25.96875, 59.8125, 89.5625, 119.0, 76.1875, 60.40625, 135.0, 84.5, 31.625, 103.1875, 124.1875, 127.875, 92.5625, 132.25, 92.75, 165.875, 98.25, 182.25, 165.875, 167.75, 96.1875, 105.1875, 115.5, 101.625, 76.3125, 74.3125, 62.65625, 36.6875, 151.625, 62.4375, 54.75, 68.75, 80.8125, 126.5625, 91.375, 50.03125, 55.96875, 52.5, 120.5625, 72.4375, 41.125, 10.296875, 61.3125, 126.5, 87.0, 24.515625, 171.0, 126.1875, 93.5625, 125.0, 50.0, 95.8125, 47.625, 36.0625, 132.25, 72.1875, 122.8125, 89.625, 135.75, 93.125, 82.375, 113.125, 118.375, 172.875, 20.125], [25.015625, 77.8125, 76.4375, 93.625, 82.125, 80.125, 127.875, 82.0, 62.78125, 130.875, 86.9375, 101.625, 114.375, 120.75, 41.4375, 98.1875, 44.40625, 65.625, 54.21875, 64.5625, 40.71875, 97.1875, 102.6875, 50.0, 86.0, 46.75, 0.0, 66.0625, 91.3125, 74.1875, 85.1875, 116.1875, 56.5, 77.4375, 98.4375, 150.625, 49.8125, 79.625, 43.0, 38.59375, 85.8125, 100.5625, 125.3125, 74.625, 62.65625, 117.25, 108.25, 108.875, 75.0625, 127.625, 35.46875, 140.375, 30.53125, 22.015625, 68.5, 50.0, 28.640625, 61.3125, 67.8125, 72.8125, 75.625, 26.0, 102.6875, 53.71875, 25.015625, 82.875, 78.875, 94.3125, 48.5, 85.625, 77.0, 155.625, 79.0625, 137.25, 125.375, 125.0, 49.5, 105.4375, 69.375, 67.5, 36.125, 69.625, 48.25, 80.4375, 129.625, 20.03125, 49.65625, 39.125, 89.6875, 100.625, 52.09375, 36.25, 100.75, 26.875, 82.3125, 30.015625, 87.875, 50.0, 21.84375, 110.6875, 40.46875, 40.59375, 124.3125, 110.125, 63.59375, 89.0, 94.4375, 51.0, 65.25, 61.28125, 85.5625, 27.65625, 77.5, 43.0, 98.0625, 63.5625, 76.3125, 95.6875, 101.0625, 129.5, 43.46875], [41.0625, 140.5, 60.625, 129.75, 106.1875, 136.125, 78.5625, 104.25, 74.0625, 96.75, 131.5, 124.625, 89.0, 71.875, 29.15625, 59.1875, 55.875, 131.125, 98.875, 21.375, 32.1875, 32.28125, 46.21875, 21.09375, 107.3125, 102.125, 66.0625, 0.0, 145.875, 84.0625, 53.09375, 52.78125, 14.8671875, 15.6171875, 94.25, 105.125, 43.40625, 140.75, 107.4375, 100.4375, 62.8125, 44.59375, 97.6875, 70.9375, 106.6875, 64.625, 97.0625, 74.8125, 61.125, 85.875, 34.46875, 92.4375, 87.0, 44.1875, 120.0625, 16.28125, 76.1875, 67.0, 121.25, 47.6875, 139.25, 42.59375, 37.09375, 102.1875, 70.5, 38.46875, 43.03125, 28.4375, 73.5625, 72.375, 44.28125, 107.9375, 39.0, 89.625, 64.5, 69.375, 49.03125, 83.125, 45.125, 5.09765625, 79.25, 59.9375, 110.1875, 138.875, 70.9375, 46.1875, 59.40625, 94.125, 86.1875, 143.875, 88.25, 100.625, 143.0, 49.65625, 18.875, 72.875, 139.125, 109.375, 75.875, 63.0625, 45.46875, 81.8125, 99.875, 162.0, 15.8125, 23.1875, 136.875, 32.0, 86.25, 92.4375, 64.25, 67.0625, 42.0, 55.90625, 122.875, 110.375, 137.875, 50.28125, 152.875, 75.6875, 106.9375], [110.4375, 31.78125, 114.5, 157.875, 159.5, 119.0, 217.5, 160.625, 86.5, 159.5, 143.125, 175.625, 205.375, 169.375, 129.5, 144.625, 93.3125, 76.0625, 124.0, 133.375, 129.875, 170.25, 189.375, 136.625, 164.375, 106.625, 91.3125, 145.875, 0.0, 160.375, 132.125, 198.625, 141.75, 160.5, 186.25, 187.75, 107.25, 24.515625, 82.6875, 53.8125, 177.0, 162.25, 148.25, 102.0625, 129.125, 205.75, 197.25, 200.125, 112.5625, 166.125, 124.1875, 230.625, 61.625, 106.8125, 26.0, 130.5, 110.25, 150.625, 24.703125, 122.1875, 36.6875, 115.4375, 182.0, 43.875, 110.375, 172.125, 132.75, 173.125, 76.625, 114.0, 167.75, 246.0, 168.875, 180.0, 187.875, 180.5, 102.125, 196.25, 120.8125, 149.25, 66.625, 160.5, 45.65625, 113.0625, 215.875, 105.25, 139.75, 53.25, 178.125, 30.609375, 60.875, 59.53125, 155.5, 118.125, 156.0, 73.0625, 133.0, 99.4375, 72.5, 200.375, 101.625, 120.3125, 144.0, 19.703125, 149.5, 165.25, 151.0, 117.0, 148.5, 139.75, 122.125, 78.875, 132.0, 92.6875, 65.75, 37.09375, 27.171875, 185.375, 12.0390625, 181.75, 86.8125], [71.375, 138.625, 132.5, 52.5, 25.078125, 81.5, 89.0, 22.359375, 130.125, 178.875, 62.0625, 41.0, 53.84375, 155.875, 61.6875, 141.375, 108.3125, 104.1875, 44.78125, 100.1875, 58.1875, 111.0, 83.75, 65.3125, 24.40625, 61.40625, 74.1875, 84.0625, 160.375, 0.0, 132.25, 105.125, 69.625, 81.3125, 26.25, 189.125, 105.125, 143.0, 83.4375, 106.875, 38.625, 128.375, 177.75, 136.75, 46.5, 86.5, 38.21875, 59.21875, 132.0, 169.5, 60.875, 96.5, 103.75, 73.125, 140.625, 78.8125, 50.125, 17.46875, 139.125, 122.6875, 134.875, 62.28125, 103.25, 127.4375, 50.6875, 62.25, 122.625, 99.375, 119.125, 144.125, 49.75, 108.25, 57.46875, 173.625, 145.0, 152.5, 108.3125, 45.21875, 119.1875, 80.625, 110.0, 26.625, 114.75, 87.9375, 104.5625, 73.0, 28.4375, 112.0, 19.421875, 174.0, 125.75, 100.875, 68.875, 53.0, 101.6875, 103.4375, 76.25, 71.625, 96.0625, 75.9375, 98.875, 40.59375, 178.75, 180.0, 69.0, 101.125, 63.9375, 98.0625, 13.890625, 26.40625, 139.5, 99.75, 121.3125, 107.25, 171.375, 137.25, 139.375, 66.4375, 171.375, 159.125, 79.9375], [67.375, 138.75, 18.03125, 171.0, 151.375, 165.25, 125.875, 149.875, 45.71875, 47.4375, 168.5, 170.875, 142.0, 38.46875, 70.6875, 13.6015625, 45.21875, 146.375, 134.5, 32.75, 74.25, 52.15625, 92.75, 67.375, 153.375, 131.25, 85.1875, 53.09375, 132.125, 132.25, 0.0, 88.6875, 64.5625, 65.375, 146.0, 65.5, 35.5, 136.125, 126.75, 103.5625, 115.75, 33.59375, 45.53125, 31.78125, 143.125, 111.3125, 149.75, 127.25, 19.921875, 42.4375, 72.5625, 139.5, 88.3125, 67.875, 107.25, 53.5, 108.1875, 114.75, 110.0625, 12.53125, 139.25, 75.0, 70.25, 91.0, 102.5625, 91.0625, 10.046875, 63.15625, 57.09375, 24.765625, 97.3125, 154.125, 92.0, 52.9375, 57.0, 48.375, 37.15625, 136.25, 15.8125, 58.03125, 73.375, 110.875, 111.375, 165.625, 111.375, 69.3125, 104.625, 91.5625, 137.5, 119.25, 72.0, 107.8125, 181.625, 85.1875, 44.9375, 70.875, 172.0, 135.25, 80.4375, 112.5625, 44.9375, 117.8125, 47.0625, 143.375, 68.5, 53.84375, 175.125, 36.25, 131.125, 134.0, 14.2109375, 67.0625, 11.1796875, 46.5, 87.375, 95.3125, 134.375, 101.6875, 135.125, 50.0, 127.9375], [91.75, 192.625, 103.0, 157.25, 130.25, 175.75, 43.40625, 127.5, 123.0625, 117.25, 164.125, 144.375, 79.0625, 83.1875, 75.125, 86.75, 107.4375, 178.875, 136.0, 68.0, 76.625, 36.6875, 21.640625, 66.3125, 129.25, 144.25, 116.1875, 52.78125, 198.625, 105.125, 88.6875, 0.0, 59.65625, 38.90625, 101.5625, 111.625, 94.0, 193.125, 154.625, 152.375, 68.5, 59.46875, 123.4375, 115.875, 142.25, 30.671875, 97.625, 61.625, 104.1875, 101.375, 81.1875, 55.0, 139.5, 95.1875, 172.75, 68.5625, 119.0, 92.625, 174.0, 89.8125, 191.0, 90.625, 18.59375, 154.875, 114.0, 43.3125, 80.6875, 26.875, 125.1875, 112.875, 55.71875, 67.875, 48.375, 97.125, 56.71875, 71.125, 99.625, 78.625, 88.75, 49.78125, 132.0, 78.9375, 162.25, 180.0, 23.09375, 97.125, 91.5625, 146.875, 96.8125, 195.625, 140.375, 151.875, 173.125, 94.3125, 46.0, 125.6875, 175.375, 153.0, 128.375, 38.59375, 97.625, 120.6875, 127.625, 214.5, 52.78125, 36.125, 167.625, 83.0, 113.5625, 123.75, 102.75, 119.875, 80.4375, 107.625, 171.25, 162.875, 190.25, 40.0, 205.5, 78.25, 153.375], [32.3125, 133.375, 69.0625, 114.875, 91.4375, 122.375, 77.125, 89.5, 77.5, 109.9375, 116.8125, 110.0, 80.0625, 86.375, 16.03125, 72.25, 56.9375, 120.0625, 84.5, 31.78125, 18.4375, 46.09375, 47.71875, 7.0703125, 92.625, 88.75, 56.5, 14.8671875, 141.75, 69.625, 64.5625, 59.65625, 0.0, 21.09375, 81.5, 119.625, 46.8125, 134.25, 96.0, 93.25, 52.0, 59.40625, 109.875, 77.4375, 92.1875, 64.4375, 85.5, 67.6875, 69.1875, 99.875, 22.0, 90.8125, 81.0, 35.84375, 116.375, 13.9296875, 62.8125, 52.4375, 117.0625, 57.09375, 131.625, 31.140625, 47.0, 98.875, 57.28125, 32.75, 54.5625, 39.3125, 73.8125, 81.0625, 34.53125, 106.375, 31.390625, 104.1875, 79.0625, 84.25, 52.0, 73.25, 54.0, 13.0, 75.9375, 46.5, 103.0625, 125.4375, 74.3125, 37.6875, 44.5625, 88.8125, 73.0625, 142.875, 87.125, 92.375, 128.25, 36.5, 33.59375, 69.0, 124.8125, 96.5, 69.8125, 60.4375, 45.78125, 67.625, 111.625, 158.875, 7.80859375, 36.40625, 122.0625, 36.125, 71.4375, 77.625, 74.1875, 63.25, 53.375, 56.59375, 125.6875, 107.6875, 131.125, 46.03125, 149.625, 90.5, 95.0625], [52.875, 153.75, 74.9375, 130.375, 105.125, 141.875, 63.125, 102.8125, 89.625, 105.875, 134.125, 122.3125, 77.4375, 77.5, 37.0, 69.25, 71.4375, 141.125, 103.125, 35.84375, 39.0625, 29.703125, 30.609375, 28.015625, 105.5, 108.875, 77.4375, 15.6171875, 160.5, 81.3125, 65.375, 38.90625, 21.09375, 0.0, 87.25, 110.4375, 59.03125, 154.375, 117.0, 113.5625, 53.84375, 49.25, 108.3125, 85.9375, 110.3125, 49.09375, 88.25, 62.0, 75.625, 93.3125, 43.03125, 77.0, 100.75, 56.3125, 134.875, 30.015625, 83.0, 65.4375, 135.875, 61.6875, 152.125, 52.25, 26.171875, 117.0625, 77.625, 26.3125, 55.59375, 19.3125, 89.125, 86.375, 35.34375, 92.4375, 28.453125, 94.8125, 63.65625, 71.875, 64.6875, 72.5625, 59.46875, 11.3984375, 94.0625, 55.3125, 123.375, 145.375, 55.59375, 58.25, 60.40625, 108.25, 79.9375, 159.375, 103.5625, 113.0625, 144.75, 57.125, 22.796875, 87.4375, 143.375, 116.9375, 89.5625, 48.09375, 60.875, 86.6875, 111.0625, 177.0, 15.296875, 19.84375, 138.75, 47.625, 86.0, 94.0, 77.6875, 81.625, 54.75, 71.4375, 138.5, 125.4375, 151.375, 36.34375, 167.75, 78.75, 116.0], [91.5625, 164.875, 149.0, 67.125, 41.21875, 104.0, 75.3125, 38.3125, 150.375, 191.0, 80.8125, 46.875, 33.0, 164.625, 78.125, 153.375, 128.375, 130.0, 70.0, 113.25, 75.0, 115.9375, 80.0625, 79.0625, 37.46875, 87.1875, 98.4375, 94.25, 186.25, 26.25, 146.0, 101.5625, 81.5, 87.25, 0.0, 197.625, 123.0625, 169.25, 109.625, 132.625, 34.21875, 136.375, 191.375, 155.125, 70.3125, 76.9375, 12.53125, 44.59375, 148.75, 179.75, 79.0, 79.625, 128.5, 93.875, 165.875, 93.1875, 76.0, 37.375, 164.625, 137.875, 161.125, 82.75, 104.375, 152.125, 76.0625, 63.0, 136.0, 102.625, 140.875, 160.875, 51.96875, 89.0, 59.375, 182.0, 149.0, 158.75, 127.0, 26.6875, 134.625, 89.875, 133.5, 35.34375, 140.625, 111.0, 95.25, 94.1875, 49.46875, 137.0, 9.0546875, 198.875, 148.875, 126.75, 84.125, 74.75, 109.5625, 126.625, 96.5625, 97.3125, 120.1875, 66.25, 118.0625, 66.8125, 193.125, 205.75, 78.4375, 106.6875, 80.5, 114.5, 39.625, 51.40625, 155.0, 122.5, 134.875, 127.375, 194.0, 161.875, 165.625, 61.625, 197.125, 165.875, 106.0625], [131.25, 199.875, 78.1875, 232.875, 210.875, 230.375, 155.0, 209.0, 104.3125, 29.421875, 232.0, 229.625, 185.0, 33.28125, 130.375, 52.4375, 110.0, 211.5, 198.125, 91.25, 134.0, 82.875, 126.625, 124.625, 212.25, 196.25, 150.625, 105.125, 187.75, 189.125, 65.5, 111.625, 119.625, 110.4375, 197.625, 0.0, 101.0, 196.375, 192.25, 167.5, 164.25, 61.28125, 41.96875, 87.5625, 206.625, 141.75, 198.375, 168.0, 80.0625, 23.265625, 133.75, 166.375, 152.5, 132.25, 165.25, 112.625, 172.375, 172.0, 168.75, 78.0625, 201.125, 138.0, 98.6875, 151.125, 166.625, 135.75, 72.0, 97.0625, 118.875, 74.75, 145.75, 178.0, 138.75, 15.65625, 55.09375, 40.78125, 102.5, 181.625, 81.3125, 108.75, 136.75, 164.625, 174.625, 231.0, 133.125, 133.875, 163.625, 154.625, 190.125, 168.125, 132.0, 172.375, 244.625, 147.75, 88.1875, 135.25, 236.625, 200.5, 145.375, 147.5, 110.4375, 181.125, 47.53125, 195.0, 120.4375, 91.375, 238.25, 100.4375, 190.75, 195.375, 68.9375, 132.0, 73.4375, 111.375, 129.75, 153.25, 195.0, 142.0, 188.125, 33.53125, 193.5], [34.9375, 108.125, 28.171875, 138.625, 121.25, 130.0, 121.75, 120.1875, 30.890625, 81.3125, 134.625, 141.125, 126.375, 72.4375, 45.0, 48.75, 13.9296875, 111.4375, 100.8125, 26.421875, 48.03125, 63.15625, 89.625, 45.90625, 124.0, 96.1875, 49.8125, 43.40625, 107.25, 105.125, 35.5, 94.0, 46.8125, 59.03125, 123.0625, 101.0, 0.0, 106.6875, 91.3125, 70.4375, 97.5, 57.0, 76.625, 32.0, 109.375, 108.0, 129.25, 114.5, 27.3125, 77.9375, 44.40625, 135.625, 55.21875, 34.46875, 81.25, 32.90625, 74.1875, 88.125, 83.25, 23.015625, 108.0, 43.65625, 76.25, 63.59375, 68.8125, 79.1875, 30.359375, 67.4375, 31.390625, 39.21875, 81.0625, 151.125, 78.1875, 88.125, 83.0, 79.0625, 5.65625, 119.0625, 19.71875, 48.0, 42.28125, 88.0, 79.125, 130.25, 113.875, 35.5, 76.6875, 60.03125, 114.125, 101.625, 46.96875, 73.75, 148.0, 53.84375, 49.25, 38.0, 137.125, 99.8125, 46.09375, 105.8125, 9.4375, 84.625, 76.3125, 121.625, 53.71875, 58.84375, 141.625, 11.3984375, 101.5, 102.4375, 36.625, 33.25, 29.125, 14.5625, 79.625, 70.375, 104.375, 92.125, 112.75, 82.4375, 92.4375], [102.0, 7.28125, 119.6875, 135.625, 139.5, 95.1875, 207.5, 140.875, 92.25, 169.375, 120.25, 154.5, 190.875, 174.5, 120.375, 149.375, 93.25, 52.03125, 103.75, 131.375, 120.0625, 168.125, 181.625, 128.375, 144.5, 85.9375, 79.625, 140.75, 24.515625, 143.0, 136.125, 193.125, 134.25, 154.375, 169.25, 196.375, 106.6875, 0.0, 61.75, 41.1875, 163.625, 163.5, 159.125, 108.875, 108.0625, 196.75, 180.75, 187.5, 117.75, 173.75, 114.625, 220.0, 53.75, 98.4375, 32.1875, 124.625, 93.625, 135.125, 28.234375, 125.0, 12.1640625, 105.3125, 177.75, 45.40625, 94.75, 162.375, 135.0, 168.875, 79.125, 121.625, 156.5, 235.0, 158.625, 187.0, 189.5, 184.0, 102.3125, 181.75, 123.0, 143.375, 64.375, 146.5, 31.390625, 89.0, 208.375, 96.625, 125.1875, 47.0625, 161.5, 53.65625, 64.625, 44.03125, 132.25, 106.0, 153.25, 69.25, 109.375, 77.8125, 64.875, 190.25, 99.4375, 102.4375, 155.375, 42.09375, 141.75, 161.875, 127.875, 114.9375, 130.375, 120.5625, 128.25, 74.75, 134.0, 92.375, 83.625, 43.65625, 3.60546875, 175.375, 36.21875, 186.125, 65.8125], [67.0625, 56.4375, 115.8125, 75.5625, 77.8125, 43.84375, 158.625, 79.25, 96.25, 170.75, 62.0625, 93.0, 134.625, 163.25, 80.0, 140.125, 83.0, 24.328125, 42.0625, 107.5625, 78.125, 139.25, 138.5, 89.0, 82.75, 24.171875, 43.0, 107.4375, 82.6875, 83.4375, 126.75, 154.625, 96.0, 117.0, 109.625, 192.25, 91.3125, 61.75, 0.0, 37.375, 110.0625, 143.625, 163.875, 111.0625, 46.5, 150.25, 121.625, 134.25, 114.1875, 169.125, 74.0, 169.625, 46.3125, 64.5625, 70.0625, 91.9375, 38.09375, 78.75, 67.0, 114.25, 52.15625, 65.0625, 143.0, 64.875, 41.75, 116.4375, 121.1875, 135.125, 80.0625, 123.3125, 10