{"name": "LZB_n120_10", "n": 120, "m": 15, "times": [[0.0, 99.625, 86.3125, 62.0, 89.375, 96.875, 61.0625, 68.8125, 86.0625, 104.6875, 105.6875, 100.5, 140.0, 75.25, 99.875, 84.1875, 48.5625, 33.84375, 46.625, 76.9375, 69.3125, 127.6875, 73.3125, 100.4375, 63.5, 104.75, 45.5, 81.5625, 88.0625, 79.625, 77.0, 84.0625, 93.4375, 92.0625, 28.84375, 80.75, 94.5, 48.15625, 41.625, 47.9375, 56.625, 43.0, 86.8125, 107.8125, 77.125, 43.0, 105.125, 91.1875, 77.375, 51.46875, 117.0625, 120.9375, 114.75, 107.4375, 28.015625, 115.25, 85.8125, 73.75, 9.0546875, 98.0625, 101.5625, 99.375, 53.21875, 72.6875, 89.1875, 101.9375, 70.1875, 88.0625, 111.75, 107.0625, 51.34375, 105.1875, 82.75, 24.703125, 71.375, 30.265625, 62.0, 91.6875, 72.25, 111.5, 112.6875, 46.09375, 34.21875, 66.25, 80.75, 75.125, 103.75, 30.015625, 49.40625, 57.28125, 106.75, 96.25, 72.25, 81.0, 100.0, 75.6875, 73.0, 116.0, 70.4375, 12.0390625, 67.9375, 33.96875, 87.0, 120.9375, 118.875, 95.5, 52.09375, 66.125, 80.0625, 35.15625, 73.5625, 53.8125, 73.0625, 100.0, 27.203125, 11.703125, 88.3125, 115.125, 129.375, 30.46875, 77.875], [99.625, 0.0, 185.25, 144.75, 10.296875, 17.03125, 49.375, 30.8125, 40.3125, 134.25, 149.0, 40.3125, 238.875, 76.875, 194.75, 170.0, 93.0625, 106.0, 109.8125, 103.25, 130.25, 39.0625, 89.25, 35.78125, 46.28125, 124.625, 143.0, 158.125, 165.5, 167.0, 85.125, 131.25, 174.125, 177.5, 70.8125, 142.5, 167.75, 63.28125, 61.84375, 63.5625, 124.625, 56.625, 132.625, 17.5, 62.125, 82.375, 133.0, 166.75, 64.3125, 130.25, 40.5, 220.125, 144.875, 22.015625, 118.8125, 162.875, 172.25, 84.875, 93.8125, 71.875, 112.125, 125.4375, 120.8125, 158.625, 13.6015625, 131.25, 130.875, 62.40625, 19.0, 174.125, 141.875, 202.25, 100.6875, 96.5625, 45.34375, 122.375, 61.96875, 44.40625, 142.625, 141.5, 27.890625, 106.0625, 114.1875, 103.1875, 37.125, 165.125, 113.1875, 78.0, 108.1875, 137.25, 162.25, 151.875, 171.625, 164.875, 30.40625, 148.5, 42.1875, 175.25, 159.125, 110.125, 139.625, 111.625, 119.375, 143.125, 145.0, 151.125, 62.1875, 42.0625, 118.6875, 67.875, 109.4375, 102.5625, 36.0625, 118.0, 126.8125, 106.6875, 127.25, 170.625, 34.78125, 110.25, 90.5625], [86.3125, 185.25, 0.0, 81.9375, 174.875, 180.375, 141.5, 154.5, 165.0, 155.0, 144.625, 179.0, 65.4375, 140.0, 57.8125, 78.8125, 119.5, 97.4375, 90.6875, 124.75, 90.75, 209.5, 130.875, 186.0, 144.5, 141.125, 53.0, 69.0625, 95.6875, 74.3125, 137.0, 130.0, 63.15625, 52.625, 114.9375, 114.5, 104.875, 132.5, 124.25, 126.375, 83.1875, 128.875, 132.5, 194.125, 158.5, 111.75, 134.625, 99.875, 148.125, 70.25, 196.75, 47.0625, 137.5, 193.75, 77.5, 120.0, 49.5, 147.375, 91.4375, 165.25, 164.875, 133.5, 101.625, 76.5, 175.375, 132.0, 112.0625, 169.25, 195.625, 91.25, 50.78125, 50.59375, 132.875, 91.4375, 156.5, 74.3125, 144.5, 169.0, 101.5, 136.0, 194.875, 108.0, 77.25, 130.0, 166.375, 41.125, 167.0, 113.8125, 94.5625, 66.3125, 133.25, 127.625, 26.40625, 55.0, 180.875, 74.9375, 158.5, 106.1875, 45.71875, 75.1875, 76.9375, 80.0625, 142.875, 170.875, 166.625, 102.3125, 136.0, 152.125, 115.5, 121.0625, 116.3125, 118.0, 159.125, 159.625, 59.8125, 78.5625, 117.75, 110.5625, 212.75, 90.4375, 149.125], [62.0, 144.75, 81.9375, 0.0, 135.625, 147.625, 118.375, 116.375, 143.0, 73.375, 63.0625, 156.875, 105.6875, 137.125, 55.0, 25.234375, 54.5625, 38.9375, 103.5625, 137.625, 121.3125, 179.375, 135.125, 131.0, 120.1875, 164.25, 34.65625, 120.25, 26.171875, 22.625, 139.0, 48.5, 125.1875, 118.5625, 81.625, 32.6875, 33.53125, 81.625, 98.9375, 107.6875, 108.4375, 93.75, 50.8125, 146.75, 96.375, 105.0, 162.875, 29.609375, 138.25, 97.9375, 171.625, 90.5, 171.125, 144.375, 34.0, 165.625, 112.6875, 77.8125, 71.0, 159.25, 86.375, 158.125, 26.921875, 14.140625, 131.875, 159.75, 31.015625, 105.375, 160.875, 147.875, 85.0, 66.125, 144.0, 85.5, 103.3125, 32.25, 87.0, 149.375, 19.703125, 168.25, 164.625, 40.375, 87.25, 56.09375, 113.875, 99.875, 88.25, 68.0, 107.1875, 100.5, 54.5, 46.875, 55.78125, 112.4375, 154.125, 119.0, 106.1875, 160.375, 99.0, 62.15625, 114.25, 88.625, 63.03125, 89.0, 84.75, 145.0, 83.25, 103.4375, 138.0, 78.75, 133.0, 47.71875, 110.25, 80.0, 51.0, 66.9375, 145.125, 161.75, 178.5, 36.0625, 77.0625], [89.375, 10.296875, 174.875, 135.625, 0.0, 16.5, 40.0, 20.609375, 35.0, 129.0, 142.75, 38.59375, 228.75, 69.5625, 185.0, 160.875, 84.875, 96.8125, 100.125, 95.3125, 121.0625, 45.34375, 81.5, 36.78125, 37.0, 117.9375, 133.0, 148.5, 157.0, 157.875, 77.8125, 124.3125, 164.375, 167.625, 60.59375, 134.75, 159.5, 54.5625, 51.625, 53.75, 115.0, 46.40625, 125.9375, 24.328125, 57.21875, 72.6875, 125.875, 158.375, 57.375, 120.3125, 43.28125, 210.0, 137.875, 27.515625, 109.0625, 154.875, 162.25, 79.0625, 83.5, 67.5, 107.9375, 118.25, 112.25, 149.5, 9.4375, 123.9375, 123.0625, 59.1875, 25.625, 165.0, 131.625, 192.375, 93.3125, 86.375, 39.0625, 112.5625, 54.90625, 40.3125, 134.375, 134.375, 32.0625, 97.5, 104.0625, 96.125, 32.5625, 155.0, 109.1875, 68.4375, 98.625, 127.375, 155.375, 144.75, 161.5, 155.0, 29.546875, 138.875, 36.0, 166.625, 149.0, 99.875, 130.0, 101.5625, 113.375, 138.75, 140.25, 142.5, 53.84375, 34.21875, 110.5, 58.125, 101.125, 94.5625, 29.15625, 113.3125, 116.625, 96.375, 119.25, 162.25, 42.9375, 100.8125, 85.0], [96.875, 17.03125, 180.375, 147.625, 16.5, 0.0, 39.8125, 31.390625, 24.515625, 145.0, 158.375, 23.34375, 236.875, 62.28125, 195.0, 172.75, 98.75, 108.6875, 99.9375, 89.125, 118.6875, 31.765625, 75.125, 51.875, 36.6875, 108.9375, 141.75, 147.75, 169.875, 169.25, 70.4375, 139.5, 164.0, 168.25, 68.875, 148.875, 173.0, 68.0, 56.21875, 55.0, 114.3125, 55.0, 141.125, 34.40625, 73.5625, 72.8125, 117.6875, 171.625, 49.375, 121.25, 27.015625, 217.75, 129.5, 39.0625, 119.0625, 148.625, 163.25, 95.0, 89.9375, 55.0625, 124.3125, 110.1875, 125.375, 161.125, 25.625, 116.125, 137.125, 75.6875, 15.265625, 161.75, 134.625, 201.5, 85.8125, 89.6875, 55.03125, 122.4375, 70.25, 27.734375, 147.75, 126.125, 17.09375, 110.75, 106.4375, 111.1875, 49.03125, 157.125, 125.625, 79.625, 97.8125, 128.125, 170.375, 159.625, 169.0, 155.625, 13.6015625, 137.75, 52.09375, 162.0, 150.875, 106.3125, 129.0, 103.75, 129.125, 155.0, 156.5, 138.0, 67.9375, 49.25, 105.0, 68.9375, 96.0, 108.6875, 45.0, 129.5, 123.8125, 102.3125, 113.1875, 157.0, 32.5625, 112.0, 101.0625], [61.0625, 49.375, 141.5, 118.375, 40.0, 39.8125, 0.0, 26.828125, 25.0625, 134.125, 143.25, 39.4375, 199.875, 34.71875, 160.875, 142.625, 78.5, 81.0625, 60.625, 57.375, 81.0625, 68.0, 44.28125, 70.0, 3.162109375, 82.9375, 106.5625, 108.875, 143.0, 138.625, 42.1875, 122.0625, 124.9375, 128.75, 36.875, 127.0, 147.625, 50.59375, 19.703125, 15.265625, 75.3125, 27.171875, 124.3125, 64.0625, 71.8125, 33.25, 89.5, 145.375, 26.421875, 81.625, 56.21875, 180.625, 101.5625, 66.5, 86.5625, 116.1875, 123.625, 86.3125, 53.0, 45.59375, 118.9375, 81.875, 100.375, 130.875, 45.53125, 87.1875, 115.0, 79.1875, 55.0, 125.0, 94.875, 166.125, 56.9375, 50.21875, 53.75, 89.5625, 60.90625, 31.015625, 122.8125, 97.9375, 53.40625, 87.0, 66.625, 95.125, 55.46875, 117.25, 120.75, 53.03125, 58.84375, 88.5625, 151.25, 140.125, 131.875, 116.0625, 39.59375, 99.125, 52.40625, 127.0, 111.0625, 68.875, 90.25, 63.9375, 116.1875, 147.25, 147.375, 102.8125, 52.9375, 44.5625, 71.5625, 43.03125, 62.09375, 88.375, 46.40625, 121.875, 86.8125, 64.4375, 80.625, 122.8125, 71.5625, 82.4375, 92.625], [68.8125, 30.8125, 154.5, 116.375, 20.609375, 31.390625, 26.828125, 0.0, 36.0625, 117.125, 129.0, 46.1875, 208.25, 61.03125, 164.75, 141.5, 67.6875, 77.4375, 83.0, 84.1875, 105.375, 63.0625, 71.125, 43.3125, 24.703125, 109.625, 112.4375, 131.25, 138.5, 138.25, 68.8125, 109.3125, 146.75, 149.25, 40.0, 117.875, 141.625, 36.875, 32.5625, 37.21875, 98.0, 25.8125, 111.1875, 41.0, 48.75, 56.09375, 116.3125, 140.25, 50.9375, 102.125, 57.0625, 189.375, 128.375, 42.1875, 88.75, 142.625, 143.75, 67.25, 63.125, 66.5625, 98.6875, 108.6875, 94.0, 130.0, 21.59375, 114.0625, 106.0, 54.40625, 44.65625, 149.625, 112.25, 171.875, 83.75, 67.1875, 29.53125, 92.1875, 41.4375, 43.0, 116.375, 124.75, 48.46875, 79.375, 85.125, 81.125, 29.0625, 135.875, 100.25, 48.5625, 82.0, 109.1875, 139.875, 129.125, 140.875, 136.75, 40.1875, 122.0625, 27.453125, 152.625, 130.0, 79.375, 113.0625, 82.75, 100.25, 128.5, 129.375, 128.5, 37.21875, 21.1875, 98.0, 38.0, 88.5625, 77.6875, 20.609375, 102.8125, 96.0, 76.0625, 107.25, 148.75, 62.4375, 81.0, 73.5625], [86.0625, 40.3125, 165.0, 143.0, 35.0, 24.515625, 25.0625, 36.0625, 0.0, 152.625, 163.5, 14.421875, 224.5, 38.0, 185.875, 167.375, 100.0625, 105.0, 79.625, 65.0, 96.3125, 45.28125, 51.0, 71.5, 22.84375, 84.5, 131.5, 126.1875, 167.125, 163.375, 46.09375, 143.0, 142.625, 147.75, 61.34375, 149.625, 171.375, 70.125, 44.71875, 39.0625, 93.25, 49.8125, 145.125, 57.6875, 84.6875, 53.8125, 93.1875, 169.375, 25.015625, 101.625, 31.828125, 205.125, 105.0, 61.78125, 111.5, 124.3125, 143.125, 103.0625, 77.9375, 32.5625, 134.75, 85.6875, 123.8125, 155.625, 43.9375, 91.5625, 137.625, 89.5625, 37.125, 138.625, 116.8125, 191.125, 61.40625, 73.5625, 65.375, 114.5625, 77.125, 7.0703125, 146.375, 101.625, 31.953125, 109.875, 88.625, 115.25, 62.96875, 138.0, 136.25, 76.3125, 76.9375, 108.25, 173.0, 162.125, 156.5, 135.125, 17.09375, 116.0625, 63.0625, 138.125, 131.75, 93.625, 107.5625, 85.8125, 135.375, 164.5, 165.25, 114.375, 71.4375, 57.25, 81.0625, 65.75, 72.25, 110.0625, 55.90625, 138.75, 111.625, 89.0, 89.0, 133.0, 50.90625, 106.875, 109.375], [104.6875, 134.25, 155.0, 73.375, 129.0, 145.0, 134.125, 117.125, 152.625, 0.0, 19.84375, 163.25, 172.5, 164.75, 121.5, 86.3125, 58.84375, 71.5, 151.0, 176.5, 174.0, 173.375, 168.625, 105.0, 134.25, 205.375, 104.1875, 182.375, 70.0625, 88.0, 170.0, 25.0, 190.875, 186.25, 103.75, 42.0, 64.5625, 83.5, 120.0, 131.125, 161.25, 107.5625, 22.5625, 127.3125, 72.1875, 139.125, 207.5, 67.6875, 160.0, 154.625, 172.125, 160.125, 218.0, 122.8125, 87.375, 220.0, 180.0, 50.09375, 110.75, 179.75, 26.078125, 201.125, 56.4375, 82.125, 121.125, 204.5, 43.0, 73.75, 153.25, 209.5, 147.875, 134.25, 180.5, 127.9375, 90.0, 88.8125, 75.6875, 159.625, 54.34375, 214.625, 161.0, 58.6875, 138.625, 40.3125, 97.1875, 167.375, 26.40625, 85.9375, 153.375, 159.25, 39.40625, 35.125, 129.125, 177.875, 156.5, 178.375, 93.0, 219.75, 165.0, 112.625, 171.5, 138.625, 18.359375, 16.640625, 14.2109375, 200.125, 81.5, 96.4375, 183.0, 93.125, 175.375, 51.21875, 100.0625, 17.890625, 111.5, 115.25, 191.875, 219.375, 168.25, 76.8125, 44.0], [105.6875, 149.0, 144.625, 63.0625, 142.75, 158.375, 143.25, 129.0, 163.5, 19.84375, 0.0, 175.125, 156.375, 171.75, 106.0, 71.25, 65.0, 71.875, 152.25, 180.75, 174.0, 187.75, 174.125, 121.75, 143.75, 209.25, 96.5625, 179.125, 54.0, 73.8125, 176.125, 21.9375, 186.0, 180.375, 110.0625, 30.40625, 47.25, 93.4375, 127.375, 138.375, 161.0, 116.125, 19.3125, 143.375, 87.3125, 143.75, 210.5, 51.03125, 168.375, 153.0, 185.25, 145.125, 220.375, 139.125, 84.1875, 219.875, 174.25, 64.125, 112.875, 188.625, 45.46875, 204.5, 53.25, 69.125, 135.5, 207.375, 36.78125, 90.5, 167.75, 206.5, 143.875, 119.0625, 185.375, 130.0, 103.8125, 84.875, 88.125, 170.625, 43.375, 217.125, 174.875, 60.375, 138.375, 48.25, 112.0, 161.5, 46.0, 92.0625, 155.125, 157.0, 19.71875, 18.03125, 118.3125, 173.0, 169.0, 176.125, 106.9375, 217.875, 159.75, 111.8125, 169.875, 138.75, 29.609375, 29.28125, 24.078125, 199.625, 92.125, 109.1875, 185.625, 100.6875, 178.5, 55.65625, 113.625, 37.0, 107.5625, 115.1875, 194.0, 218.125, 183.375, 75.8125, 58.6875], [100.5, 40.3125, 179.0, 156.875, 38.59375, 23.34375, 39.4375, 46.1875, 14.421875, 163.25, 175.125, 0.0, 238.75, 47.3125, 200.375, 181.375, 112.5625, 118.6875, 92.4375, 74.0, 107.5625, 32.90625, 60.40625, 75.0, 37.125, 89.8125, 146.0, 138.0, 180.75, 177.5, 54.75, 155.0, 154.5, 160.125, 75.375, 162.5, 184.875, 82.125, 59.0625, 53.40625, 105.5625, 63.3125, 157.0, 57.5, 93.4375, 67.5, 99.3125, 182.875, 34.78125, 114.5625, 18.03125, 219.5, 110.75, 62.28125, 125.6875, 132.0, 155.75, 113.3125, 92.375, 33.53125, 144.125, 92.125, 137.125, 169.75, 48.03125, 98.125, 150.5, 96.9375, 30.359375, 148.75, 130.375, 205.5, 69.1875, 87.6875, 74.1875, 128.75, 87.5625, 10.296875, 159.625, 107.5625, 22.015625, 123.0, 102.3125, 127.0, 70.0, 151.125, 145.5, 89.75, 89.5625, 121.0625, 185.375, 174.5, 170.875, 147.625, 10.0, 127.75, 71.5625, 147.125, 144.75, 108.0, 119.5, 99.5, 146.375, 174.375, 175.375, 123.8125, 83.0, 66.9375, 90.25, 79.0625, 82.0, 122.5625, 64.3125, 148.625, 126.0, 103.4375, 97.5, 141.625, 40.3125, 120.8125, 119.5], [140.0, 238.875, 65.4375, 105.6875, 228.75, 236.875, 199.875, 208.25, 224.5, 172.5, 156.375, 238.75, 0.0, 203.25, 51.40625, 86.5, 157.875, 137.75, 154.75, 189.75, 156.25, 267.5, 195.0, 232.5, 202.625, 206.5, 95.875, 133.125, 102.5625, 85.625, 201.0, 150.0, 124.3125, 113.3125, 168.375, 131.25, 109.125, 179.5, 181.125, 185.375, 148.375, 182.625, 151.625, 244.75, 200.0, 173.125, 199.875, 105.3125, 210.25, 135.25, 256.0, 19.421875, 202.25, 243.375, 121.0, 183.0, 111.875, 183.125, 147.125, 228.5, 190.375, 199.0, 132.25, 93.0, 227.375, 197.25, 134.875, 209.75, 251.75, 152.125, 115.4375, 39.5625, 197.75, 151.625, 203.25, 117.4375, 188.5, 229.25, 120.5625, 200.875, 252.5, 144.0, 140.0, 161.75, 213.875, 105.75, 192.125, 162.0, 158.75, 131.625, 139.0, 138.5, 68.0, 118.6875, 239.375, 140.0, 205.75, 167.125, 110.875, 131.0, 142.375, 142.75, 166.625, 185.5, 180.375, 166.5, 182.25, 201.0, 181.0, 171.375, 181.5, 152.625, 208.25, 183.25, 113.1875, 135.5, 183.125, 172.25, 269.5, 131.75, 182.75], [75.25, 76.875, 140.0, 137.125, 69.5625, 62.28125, 34.71875, 61.03125, 38.0, 164.75, 171.75, 47.3125, 203.25, 0.0, 171.125, 159.25, 106.875, 103.8125, 49.59375, 27.015625, 60.84375, 80.0625, 13.15625, 103.375, 36.40625, 48.75, 117.1875, 91.6875, 163.0, 154.625, 8.25, 150.0, 108.25, 114.5625, 61.6875, 151.875, 169.0, 82.5, 44.78125, 33.625, 60.59375, 57.8125, 152.5, 93.6875, 106.1875, 32.5625, 56.3125, 166.0, 13.0, 71.4375, 64.5, 183.875, 68.375, 97.0625, 103.25, 86.375, 110.6875, 119.0625, 66.1875, 25.234375, 151.75, 48.71875, 124.1875, 147.875, 77.0625, 54.40625, 140.25, 113.875, 75.0, 101.4375, 89.5, 173.875, 23.765625, 54.125, 88.4375, 105.5, 94.375, 37.46875, 145.5, 64.875, 68.75, 112.5625, 63.28125, 124.8125, 90.0, 107.6875, 153.75, 79.6875, 45.96875, 77.25, 177.25, 166.25, 136.875, 102.3125, 54.21875, 81.4375, 87.125, 100.25, 101.3125, 78.125, 73.5625, 60.53125, 146.5, 178.875, 178.5, 76.625, 85.4375, 79.1875, 43.1875, 71.6875, 34.71875, 116.0625, 81.0625, 154.0, 95.1875, 73.0, 51.0, 95.0, 87.5, 103.1875, 125.1875], [99.875, 194.75, 57.8125, 55.0, 185.0, 195.0, 160.875, 164.75, 185.875, 121.5, 106.0, 200.375, 51.40625, 171.125, 0.0, 35.21875, 108.75, 90.0, 126.9375, 163.375, 136.0, 226.5, 165.375, 184.625, 163.25, 185.375, 54.5625, 121.8125, 52.0, 34.21875, 170.625, 98.625, 119.25, 109.375, 126.25, 79.875, 59.40625, 133.0, 141.375, 147.625, 125.1875, 140.0, 100.3125, 198.75, 150.875, 138.875, 181.0, 55.15625, 175.75, 112.0625, 216.625, 39.21875, 186.25, 196.875, 76.0625, 172.75, 105.3125, 132.875, 108.25, 195.625, 139.0, 178.25, 81.875, 41.78125, 182.5, 178.0, 83.5, 160.125, 209.25, 146.75, 93.0, 13.15625, 171.0, 117.0625, 156.125, 72.625, 140.375, 191.5, 69.125, 184.125, 211.5, 94.5625, 110.1875, 111.0, 166.75, 94.625, 140.75, 116.75, 131.0, 111.0625, 89.8125, 88.0, 39.3125, 109.1875, 199.375, 125.1875, 158.75, 161.375, 97.3125, 93.625, 124.25, 112.5625, 115.1875, 135.0, 130.0, 153.5, 135.25, 154.875, 158.5, 126.875, 156.375, 102.5625, 162.0, 131.75, 75.9375, 98.625, 163.0, 164.875, 227.125, 84.875, 132.0], [84.1875, 170.0, 78.8125, 25.234375, 160.875, 172.75, 142.625, 141.5, 167.375, 86.3125, 71.25, 181.375, 86.5, 159.25, 35.21875, 0.0, 79.1875, 64.125, 121.6875, 157.125, 136.5, 204.5, 156.125, 155.625, 144.5, 182.5, 46.3125, 130.125, 17.71875, 5.38671875, 160.5, 63.5625, 132.0, 123.875, 106.0625, 44.71875, 26.40625, 106.8125, 123.0, 131.25, 124.1875, 118.625, 65.125, 171.875, 120.5, 126.75, 180.0, 21.546875, 161.375, 112.375, 196.5, 74.0, 187.25, 169.375, 56.5, 178.625, 118.625, 100.6875, 93.1875, 182.25, 104.125, 175.875, 50.9375, 11.703125, 157.0, 176.875, 49.25, 129.0, 186.125, 157.25, 96.375, 48.03125, 164.0, 106.125, 128.375, 53.9375, 111.8125, 173.625, 34.53125, 184.625, 189.625, 65.125, 104.8125, 78.25, 138.875, 106.25, 105.75, 93.0625, 125.5625, 113.5625, 56.3125, 53.25, 53.15625, 120.125, 179.0, 130.75, 131.25, 170.875, 106.875, 82.0, 127.5, 106.5625, 80.375, 100.0, 95.0625, 158.25, 108.4375, 128.625, 155.75, 103.75, 151.625, 71.5625, 135.375, 96.75, 67.5, 87.0625, 162.0, 173.125, 203.75, 60.84375, 99.125], [48.5625, 93.0625, 119.5, 54.5625, 84.875, 98.75, 78.5, 67.6875, 100.0625, 58.84375, 65.0, 112.5625, 157.875, 106.875, 108.75, 79.1875, 0.0, 22.09375, 93.375, 117.6875, 117.125, 130.0, 110.0, 76.4375, 79.25, 146.5, 67.0625, 129.75, 72.6875, 77.125, 111.625, 43.5625, 140.625, 137.875, 45.3125, 50.21875, 74.75, 30.8125, 62.375, 73.375, 104.8125, 51.34375, 45.90625, 93.0, 42.1875, 80.25, 148.75, 73.8125, 103.375, 100.0, 124.75, 141.0, 159.5, 90.25, 42.0625, 162.875, 131.625, 28.0, 53.15625, 123.8125, 53.0, 142.25, 28.421875, 68.6875, 79.625, 145.75, 38.3125, 51.90625, 110.5, 155.5, 97.4375, 118.6875, 121.6875, 70.0, 49.40625, 45.1875, 32.65625, 107.0, 49.65625, 156.0, 115.8125, 14.2109375, 82.6875, 18.59375, 59.8125, 119.8125, 55.21875, 27.3125, 95.4375, 105.5625, 73.0, 62.03125, 97.5, 127.8125, 107.6875, 124.1875, 52.4375, 164.5, 116.0625, 58.59375, 116.5, 82.1875, 40.5, 74.1875, 72.9375, 143.5, 31.015625, 51.0, 124.5, 35.6875, 116.625, 10.046875, 57.3125, 51.75, 63.78125, 60.03125, 133.375, 163.375, 127.625, 29.0625, 30.59375], [33.84375, 106.0, 97.4375, 38.9375, 96.8125, 108.6875, 81.0625, 77.4375, 105.0, 71.5, 71.875, 118.6875, 137.75, 103.8125, 90.0, 64.125, 22.09375, 0.0, 80.4375, 109.5625, 102.75, 140.375, 104.3125, 94.875, 82.5625, 137.875, 45.125, 111.5, 62.09375, 61.03125, 107.0625, 50.21875, 121.1875, 117.75, 44.28125, 48.28125, 66.625, 43.1875, 62.1875, 72.0, 89.875, 55.375, 53.0, 108.875, 62.78125, 73.5, 138.75, 64.3125, 103.0, 83.125, 133.0, 120.3125, 148.5, 106.875, 20.0, 148.75, 111.4375, 50.03125, 41.15625, 124.0, 71.875, 132.875, 20.390625, 52.6875, 93.25, 135.625, 37.0, 73.0625, 121.9375, 138.25, 77.8125, 99.0625, 114.8125, 58.1875, 66.0625, 23.09375, 50.78125, 111.625, 42.0, 145.25, 125.6875, 13.0390625, 67.1875, 35.46875, 76.6875, 99.3125, 74.125, 29.15625, 83.1875, 88.0, 74.0625, 63.25, 75.6875, 108.25, 115.5, 107.0, 68.75, 148.25, 96.0, 41.125, 100.0, 67.375, 54.40625, 87.9375, 85.5625, 128.75, 45.28125, 65.125, 113.75, 39.9375, 106.875, 22.46875, 72.125, 68.875, 42.71875, 43.875, 122.125, 147.875, 139.625, 7.0, 52.15625], [46.625, 109.8125, 90.6875, 103.5625, 100.125, 99.9375, 60.625, 83.0, 79.625, 151.0, 152.25, 92.4375, 154.75, 49.59375, 126.9375, 121.6875, 93.375, 80.4375, 0.0, 36.5, 24.59375, 124.8125, 40.3125, 124.5625, 63.78125, 60.8125, 76.0, 48.375, 129.5, 116.5, 46.3125, 130.625, 64.3125, 68.375, 55.53125, 126.5625, 137.125, 82.375, 51.15625, 46.375, 15.0, 63.34375, 133.5, 123.5, 112.1875, 27.453125, 59.46875, 133.125, 59.03125, 22.203125, 110.4375, 135.5, 68.4375, 125.125, 70.9375, 69.5, 63.5625, 115.375, 40.3125, 74.625, 145.75, 54.5625, 99.5, 111.3125, 104.25, 56.3125, 116.5, 122.4375, 114.8125, 67.6875, 40.0, 127.875, 44.15625, 23.4375, 99.9375, 71.8125, 97.1875, 82.125, 117.0, 65.3125, 111.375, 92.625, 17.0, 111.75, 106.375, 58.8125, 147.875, 69.0625, 4.125, 28.65625, 152.5, 142.25, 90.125, 55.71875, 96.625, 39.0, 100.25, 73.4375, 52.4375, 41.78125, 30.015625, 15.1328125, 133.0, 167.0, 165.25, 50.78125, 86.375, 91.8125, 34.46875, 67.5625, 30.015625, 99.8125, 97.0, 145.125, 54.21875, 37.5625, 42.0625, 71.1875, 130.25, 76.6875, 120.4375], [76.9375, 103.25, 124.75, 137.625, 95.3125, 89.125, 57.375, 84.1875, 65.0, 176.5, 180.75, 74.0, 189.75, 27.015625, 163.375, 157.125, 117.6875, 109.5625, 36.5, 0.0, 37.53125, 106.5, 14.0390625, 127.375, 59.8125, 28.84375, 112.0625, 68.4375, 163.75, 152.125, 19.234375, 158.75, 84.625, 92.1875, 73.4375, 157.5, 170.875, 98.3125, 60.21875, 50.0, 41.6875, 74.4375, 161.5, 119.625, 125.25, 37.4375, 32.8125, 167.25, 40.0, 54.5625, 90.6875, 170.75, 44.65625, 122.75, 103.9375, 59.6875, 89.125, 134.5, 68.625, 46.53125, 166.875, 25.5, 129.75, 146.375, 102.1875, 30.234375, 146.5, 134.0, 102.0625, 75.0, 74.3125, 164.25, 8.0625, 52.40625, 109.0, 105.375, 111.875, 64.375, 149.25, 41.0625, 95.625, 120.3125, 53.34375, 136.25, 112.3125, 88.4375, 168.875, 90.6875, 32.375, 58.84375, 183.5, 172.75, 126.375, 80.625, 81.25, 58.25, 108.25, 73.25, 82.1875, 75.5625, 51.625, 51.15625, 158.125, 191.625, 190.625, 49.8125, 101.8125, 99.875, 16.28125, 85.125, 9.21875, 125.8125, 102.9375, 167.75, 90.0, 70.6875, 24.078125, 68.0, 114.25, 107.1875, 140.375], [69.3125, 130.25, 90.75, 121.3125, 121.0625, 118.6875, 81.0625, 105.375, 96.3125, 174.0, 174.0, 107.5625, 156.25, 60.84375, 136.0, 136.5, 117.125, 102.75, 24.59375, 37.53125, 0.0, 140.5, 48.375, 147.75, 84.125, 50.4375, 90.25, 31.0625, 146.5, 131.25, 54.71875, 152.75, 47.5, 54.65625, 80.125, 147.0, 154.75, 106.9375, 74.5, 68.1875, 13.0390625, 87.375, 155.625, 145.0, 136.75, 49.375, 45.03125, 150.375, 72.8125, 24.328125, 125.1875, 137.625, 50.8125, 147.125, 90.75, 46.0, 51.625, 139.875, 64.0, 83.5, 169.75, 42.96875, 120.8125, 127.125, 126.0625, 42.09375, 137.625, 146.875, 133.0, 44.1875, 43.03125, 134.625, 45.25, 47.71875, 124.0625, 90.9375, 121.75, 97.4375, 136.625, 48.375, 128.125, 115.3125, 35.59375, 135.25, 130.0, 51.96875, 172.0, 93.5, 24.046875, 25.171875, 172.75, 162.875, 97.125, 43.125, 113.3125, 20.8125, 124.1875, 48.84375, 46.0625, 62.1875, 14.421875, 35.375, 156.25, 190.25, 188.125, 26.40625, 111.0, 115.6875, 25.0625, 92.125, 28.3125, 123.0625, 120.625, 168.875, 70.375, 58.90625, 27.296875, 46.65625, 147.125, 98.25, 144.75], [127.6875, 39.0625, 209.5, 179.375, 45.34375, 31.765625, 68.0, 63.0625, 45.28125, 173.375, 187.75, 32.90625, 267.5, 80.0625, 226.5, 204.5, 130.0, 140.375, 124.8125, 106.5, 140.5, 0.0, 93.125, 72.375, 65.125, 120.0, 172.875, 170.875, 201.5, 201.0, 87.3125, 169.625, 187.375, 192.75, 100.1875, 180.0, 204.5, 99.375, 86.3125, 83.125, 138.25, 86.5625, 171.25, 49.71875, 101.1875, 99.0, 130.0, 203.125, 67.6875, 146.875, 16.03125, 248.25, 141.0, 55.09375, 150.625, 163.625, 188.25, 123.8125, 120.3125, 63.0, 151.0, 123.125, 156.875, 192.875, 52.34375, 129.125, 168.25, 101.125, 20.09375, 181.375, 162.0, 232.75, 101.25, 118.0625, 84.0, 154.0, 100.25, 43.09375, 179.25, 138.0, 15.0, 142.25, 133.75, 141.5, 76.1875, 183.375, 152.125, 111.4375, 122.0625, 153.5, 200.625, 190.125, 199.5, 180.25, 28.59375, 160.625, 80.875, 179.375, 177.0, 136.5, 152.375, 130.875, 158.25, 182.0, 184.0, 156.25, 99.0, 79.5625, 122.8125, 100.75, 114.75, 139.75, 74.3125, 157.0, 154.25, 132.25, 129.75, 173.625, 10.8203125, 143.75, 129.5], [73.3125, 89.25, 130.875, 135.125, 81.5, 75.125, 44.28125, 71.125, 51.0, 168.625, 174.125, 60.40625, 195.0, 13.15625, 165.375, 156.125, 110.0, 104.3125, 40.3125, 14.0390625, 48.375, 93.125, 0.0, 114.125, 46.53125, 39.0625, 112.4375, 79.375, 161.25, 151.25, 6.40234375, 152.25, 95.875, 102.625, 64.875, 152.5, 167.875, 88.25, 49.8125, 38.9375, 49.5, 63.78125, 154.875, 105.75, 113.9375, 30.8125, 45.1875, 164.5, 26.078125, 61.21875, 77.5, 175.75, 57.25, 108.9375, 101.1875, 73.6875, 99.0, 124.8125, 64.5, 35.46875, 157.375, 37.59375, 124.6875, 145.0, 88.5625, 42.96875, 141.25, 122.3125, 88.0625, 88.3125, 80.125, 167.25, 12.8046875, 50.03125, 97.0, 103.0625, 101.1875, 50.625, 145.125, 53.65625, 81.875, 114.1875, 55.71875, 128.375, 99.625, 96.875, 159.375, 82.75, 36.34375, 66.5, 178.25, 167.5, 129.75, 90.625, 67.375, 69.125, 96.0, 87.125, 90.5, 74.1875, 61.625, 53.15625, 150.25, 183.375, 182.625, 63.5, 91.5625, 87.8125, 30.0625, 76.0, 21.59375, 118.6875, 90.4375, 158.875, 90.25, 69.125, 38.125, 82.0, 100.625, 102.75, 130.75], [100.4375, 35.78125, 186.0, 131.0, 36.78125, 51.875, 70.0, 43.3125, 71.5, 105.0, 121.75, 75.0, 232.5, 103.375, 184.625, 155.625, 76.4375, 94.875, 124.5625, 127.375, 147.75, 72.375, 114.125, 0.0, 67.625, 152.125, 137.75, 172.125, 147.75, 153.625, 111.375, 106.875, 187.0, 188.375, 73.6875, 121.1875, 148.25, 53.71875, 73.4375, 80.0625, 139.5, 62.0, 107.8125, 23.015625, 36.0625, 98.5, 159.25, 148.25, 92.125, 142.0, 76.1875, 214.75, 171.375, 18.03125, 111.875, 186.0, 182.5, 59.0625, 97.5, 104.0625, 80.75, 151.625, 104.625, 145.125, 27.59375, 157.125, 110.8125, 31.328125, 53.4375, 191.875, 149.375, 193.875, 126.5625, 106.0625, 29.546875, 115.5, 44.21875, 77.0625, 124.3125, 167.75, 63.3125, 90.625, 124.125, 80.6875, 19.640625, 173.375, 81.5, 72.25, 124.0625, 149.0, 137.375, 127.875, 168.125, 176.125, 65.4375, 163.375, 27.515625, 195.625, 168.0, 112.3125, 154.375, 122.0625, 92.5, 111.5625, 114.125, 171.5, 50.53125, 34.53125, 141.375, 65.25, 131.875, 84.25, 28.078125, 87.6875, 126.1875, 110.1875, 150.5, 191.875, 65.1875, 100.6875, 63.5625], [63.5, 46.28125, 144.5, 120.1875, 37.0, 36.6875, 3.162109375, 24.703125, 22.84375, 134.25, 143.75, 37.125, 202.625, 36.40625, 163.25, 144.5, 79.25, 82.5625, 63.78125, 59.8125, 84.125, 65.125, 46.53125, 67.625, 0.0, 84.875, 109.0, 112.0, 144.625, 140.625, 44.09375, 122.6875, 128.125, 131.875, 38.59375, 128.125, 149.125, 50.6875, 21.953125, 18.359375, 78.4375, 28.0, 124.875, 61.125, 70.8125, 36.40625, 91.6875, 146.875, 27.203125, 84.75, 53.59375, 183.375, 103.75, 63.625, 88.625, 118.875, 126.8125, 86.0, 55.59375, 45.53125, 118.5625, 84.0625, 101.6875, 132.875, 42.75, 89.5, 116.0625, 77.8125, 51.875, 128.0, 98.0, 168.625, 59.0625, 53.25, 52.40625, 91.6875, 60.375, 29.125, 124.1875, 100.1875, 50.4375, 88.125, 69.75, 95.5, 53.59375, 120.4375, 120.3125, 54.21875, 61.96875, 91.6875, 152.125, 141.0, 134.625, 119.25, 36.78125, 102.25, 50.90625, 129.875, 114.25, 71.5625, 93.375, 67.0625, 116.4375, 147.125, 147.375, 105.6875, 52.8125, 43.28125, 74.1875, 44.0, 64.75, 89.125, 44.6875, 121.625, 89.5, 67.1875, 83.25, 125.625, 68.5, 84.1875, 92.3125], [104.75, 124.625, 141.125, 164.25, 117.9375, 108.9375, 82.9375, 109.625, 84.5, 205.375, 209.25, 89.8125, 206.5, 48.75, 185.375, 182.5, 146.5, 137.875, 60.8125, 28.84375, 50.4375, 120.0, 39.0625, 152.125, 84.875, 0.0, 136.5, 76.1875, 190.25, 177.25, 40.8125, 187.375, 90.1875, 99.875, 102.1875, 185.5, 197.625, 126.75, 88.4375, 77.8125, 60.21875, 102.5625, 190.125, 141.75, 153.0, 66.3125, 10.7734375, 193.875, 60.53125, 73.4375, 104.0, 188.0, 21.03125, 145.375, 131.0, 45.53125, 98.5, 163.125, 96.75, 57.03125, 195.5, 7.6171875, 157.875, 172.125, 125.6875, 11.3984375, 174.75, 161.375, 119.875, 71.8125, 93.0625, 184.75, 26.25, 80.0625, 136.0, 132.125, 140.0, 81.8125, 176.75, 18.03125, 111.75, 148.875, 77.625, 165.0, 138.375, 101.375, 197.625, 119.5625, 57.0625, 75.5, 211.5, 200.875, 147.0, 90.375, 98.625, 67.5625, 135.0, 64.4375, 95.875, 102.125, 64.1875, 75.9375, 187.0, 220.5, 219.375, 46.65625, 130.125, 126.8125, 27.0, 113.875, 31.328125, 154.5, 129.25, 196.625, 115.0, 97.5, 23.40625, 57.6875, 129.25, 135.25, 169.0], [45.5, 143.0, 53.0, 34.65625, 133.0, 141.75, 106.5625, 112.4375, 131.5, 104.1875, 96.5625, 146.0, 95.875, 117.1875, 54.5625, 46.3125, 67.0625, 45.125, 76.0, 112.0625, 90.25, 172.875, 112.4375, 137.75, 109.0, 136.5, 0.0, 86.0, 57.3125, 41.0, 117.25, 79.3125, 90.5, 84.0, 72.9375, 66.3125, 66.0625, 84.25, 87.0625, 93.0625, 77.875, 87.0, 81.9375, 149.0, 107.5, 84.75, 133.875, 61.40625, 121.25, 66.125, 162.5, 77.4375, 140.875, 147.875, 26.0, 132.875, 78.125, 94.75, 53.71875, 141.375, 112.125, 129.875, 49.03125, 37.15625, 131.5, 130.75, 61.3125, 118.0, 156.375, 113.625, 51.09375, 59.8125, 119.25, 63.0625, 108.3125, 22.46875, 94.5625, 137.0, 53.59375, 138.25, 157.875, 55.09375, 59.03125, 77.0625, 118.6875, 65.3125, 114.25, 66.3125, 80.0, 67.625, 89.125, 81.1875, 30.671875, 77.8125, 145.375, 85.5, 110.625, 126.5, 64.375, 39.21875, 81.5625, 61.0, 90.6875, 120.5625, 116.75, 112.375, 87.25, 105.375, 109.6875, 75.4375, 106.0625, 65.0, 112.625, 107.25, 22.203125, 44.28125, 115.75, 128.125, 174.125, 38.3125, 96.1875], [81.5625, 158.125, 69.0625, 120.25, 148.5, 147.75, 108.875, 131.25, 126.1875, 182.375, 179.125, 138.0, 133.125, 91.6875, 121.8125, 130.125, 129.75, 111.5, 48.375, 68.4375, 31.0625, 170.875, 79.375, 172.125, 112.0, 76.1875, 86.0, 0.0, 143.125, 124.8125, 85.75, 159.125, 16.546875, 24.078125, 100.3125, 149.875, 152.0, 126.125, 99.0, 94.75, 33.53125, 110.25, 162.0, 171.875, 156.25, 75.8125, 68.0, 147.25, 103.375, 30.8125, 155.75, 115.75, 69.125, 173.375, 95.25, 51.25, 22.359375, 155.25, 79.375, 114.5625, 182.5, 68.625, 126.5, 122.625, 152.5, 65.75, 142.375, 166.875, 162.375, 27.65625, 35.375, 117.75, 75.9375, 66.625, 146.125, 94.25, 140.875, 127.75, 138.0, 68.0, 158.125, 124.5625, 49.25, 146.5, 153.375, 28.0, 184.75, 110.0625, 50.0, 24.359375, 174.375, 165.5, 82.6875, 14.5625, 143.25, 10.296875, 146.75, 40.71875, 24.515625, 71.125, 18.6875, 50.8125, 165.875, 199.0, 196.25, 33.375, 130.25, 138.5, 54.4375, 111.375, 59.1875, 133.625, 144.25, 180.25, 71.5, 69.875, 53.25, 43.3125, 177.125, 105.6875, 159.375], [88.0625, 165.5, 95.6875, 26.171875, 157.0, 169.875, 143.0, 138.5, 167.125, 70.0625, 54.0, 180.75, 102.5625, 163.0, 52.0, 17.71875, 72.6875, 62.09375, 129.5, 163.75, 146.5, 201.5, 161.25, 147.75, 144.625, 190.25, 57.3125, 143.125, 0.0, 21.46875, 165.125, 48.84375, 146.375, 138.75, 106.125, 29.96875, 9.21875, 102.4375, 123.8125, 133.0, 133.75, 117.4375, 49.96875, 165.625, 111.9375, 131.0, 188.75, 4.2421875, 163.75, 122.75, 194.875, 91.125, 196.75, 162.625, 60.125, 190.125, 133.25, 90.5625, 97.0, 184.75, 89.6875, 184.125, 44.71875, 20.609375, 152.25, 185.625, 37.53125, 119.5, 182.5, 170.625, 108.4375, 65.0625, 170.125, 111.625, 122.0625, 58.40625, 105.125, 173.625, 23.4375, 193.875, 187.0, 59.46875, 113.0625, 67.875, 132.25, 120.625, 91.1875, 91.0625, 133.25, 124.75, 38.59375, 36.0, 69.625, 134.0, 177.375, 142.75, 125.125, 183.75, 120.625, 88.3125, 138.625, 114.5, 66.1875, 83.0625, 78.0, 169.5, 103.375, 123.5625, 164.0, 101.8125, 159.0, 63.8125, 130.0, 81.9375, 76.1875, 93.0625, 170.875, 185.375, 199.875, 60.65625, 88.0625], [79.625, 167.0, 74.3125, 22.625, 157.875, 169.25, 138.625, 138.25, 163.375, 88.0, 73.8125, 177.5, 85.625, 154.625, 34.21875, 5.38671875, 77.125, 61.03125, 116.5, 152.125, 131.25, 201.0, 151.25, 153.625, 140.625, 177.25, 41.0, 124.8125, 21.46875, 0.0, 155.625, 64.625, 126.8125, 118.6875, 102.1875, 46.09375, 30.53125, 104.0, 118.9375, 126.9375, 118.875, 114.9375, 66.375, 169.375, 118.875, 122.0625, 174.75, 25.546875, 157.0, 107.0, 192.75, 72.1875, 181.875, 167.0, 52.1875, 173.25, 113.4375, 99.625, 88.625, 177.625, 104.8125, 170.75, 49.21875, 8.484375, 154.25, 171.625, 49.34375, 127.625, 182.875, 152.0, 91.0, 46.53125, 159.0, 101.25, 125.9375, 49.46875, 109.625, 169.625, 34.9375, 179.25, 186.25, 62.96875, 99.625, 77.4375, 136.5, 101.0, 106.5, 89.6875, 120.4375, 108.1875, 59.8125, 55.90625, 48.40625, 114.8125, 175.375, 125.375, 128.875, 165.5, 101.5625, 77.125, 122.0625, 101.375, 81.0, 102.25, 97.4375, 152.875, 105.75, 125.875, 150.5, 100.375, 146.5, 70.0, 132.75, 97.6875, 62.28125, 82.125, 156.75, 167.75, 200.5, 57.3125, 98.4375], [77.0, 85.125, 137.0, 139.0, 77.8125, 70.4375, 42.1875, 68.8125, 46.09375, 170.0, 176.125, 54.75, 201.0, 8.25, 170.625, 160.5, 111.625, 107.0625, 46.3125, 19.234375, 54.71875, 87.3125, 6.40234375, 111.375, 44.09375, 40.8125, 117.25, 85.75, 165.125, 155.625, 0.0, 154.375, 102.1875, 109.0625, 66.3125, 155.375, 171.375, 88.5, 50.25, 39.125, 55.875, 63.8125, 156.875, 101.9375, 113.125, 34.0625, 48.09375, 168.25, 21.09375, 67.5, 71.5625, 181.625, 60.15625, 105.3125, 105.0, 78.25, 105.4375, 125.125, 68.0625, 29.0625, 157.875, 40.5, 127.5, 149.25, 85.25, 46.1875, 143.875, 121.0625, 83.0, 94.125, 86.25, 172.75, 15.5234375, 54.4375, 95.6875, 107.0, 100.875, 45.1875, 148.375, 56.65625, 76.4375, 116.5, 61.3125, 129.75, 97.625, 103.25, 159.75, 84.3125, 42.4375, 72.875, 181.0, 170.0, 135.375, 97.0, 62.0625, 75.5, 94.5, 92.4375, 96.875, 78.625, 68.0, 58.6875, 151.625, 184.375, 183.75, 69.0625, 91.625, 86.4375, 35.5, 76.9375, 27.515625, 120.5625, 88.625, 159.625, 95.125, 73.5625, 43.0, 87.0625, 95.0625, 105.9375, 131.125], [84.0625, 131.25, 130.0, 48.5, 124.3125, 139.5, 122.0625, 109.3125, 143.0, 25.0, 21.9375, 155.0, 150.0, 150.0, 98.625, 63.5625, 43.5625, 50.21875, 130.625, 158.75, 152.75, 169.625, 152.25, 106.875, 122.6875, 187.375, 79.3125, 159.125, 48.84375, 64.625, 154.375, 0.0, 167.0, 161.875, 88.3125, 18.96875, 45.5, 73.0, 105.75, 116.6875, 139.875, 94.875, 2.828125, 127.375, 71.1875, 121.875, 188.625, 47.40625, 146.875, 132.25, 166.125, 136.75, 198.625, 123.5625, 63.875, 198.75, 155.75, 47.84375, 91.0625, 167.375, 40.84375, 182.625, 32.65625, 58.0625, 117.625, 185.625, 18.03125, 76.3125, 149.625, 186.5, 124.1875, 111.1875, 163.5, 108.25, 85.875, 65.0, 69.4375, 150.125, 30.015625, 195.375, 156.125, 38.46875, 117.125, 28.28125, 94.875, 143.0, 42.375, 70.3125, 133.375, 136.5, 31.046875, 21.03125, 104.125, 154.0, 149.5, 155.625, 89.0, 197.375, 140.875, 90.6875, 149.25, 117.4375, 17.5, 41.21875, 37.59375, 178.5, 72.125, 90.25, 163.75, 79.25, 156.625, 33.96875, 95.3125, 33.25, 87.8125, 93.875, 172.25, 197.375, 166.0, 54.5625, 43.5625], [93.4375, 174.125, 63.15625, 125.1875, 164.375, 164.0, 124.9375, 146.75, 142.625, 190.875, 186.0, 154.5, 124.3125, 108.25, 119.25, 132.0, 140.625, 121.1875, 64.3125, 84.625, 47.5, 187.375, 95.875, 187.0, 128.125, 90.1875, 90.5, 16.546875, 146.375, 126.8125, 102.1875, 167.0, 0.0, 11.046875, 114.375, 156.25, 155.5, 139.625, 114.375, 110.625, 49.71875, 125.0, 169.75, 187.5, 169.5, 91.8125, 81.3125, 150.625, 119.9375, 45.0, 172.25, 108.0, 80.625, 189.0, 103.5625, 58.84375, 13.9296875, 167.0, 92.375, 130.875, 192.875, 82.8125, 134.5, 125.75, 168.25, 79.3125, 149.625, 180.375, 178.75, 28.15625, 43.375, 113.5, 92.0, 81.0, 160.375, 102.0625, 154.25, 144.25, 143.875, 80.0625, 174.625, 134.125, 63.125, 156.625, 168.0, 25.8125, 195.125, 122.8125, 66.25, 38.0, 179.625, 171.5, 81.375, 13.0390625, 159.75, 26.828125, 161.25, 43.1875, 26.25, 82.25, 35.125, 65.0, 175.0, 207.5, 204.375, 44.71875, 143.75, 153.125, 70.1875, 125.0, 75.4375, 143.625, 159.0, 190.125, 79.375, 81.75, 68.0, 48.0, 193.625, 114.9375, 170.75], [92.0625, 177.5, 52.625, 118.5625, 167.625, 168.25, 128.75, 149.25, 147.75, 186.25, 180.375, 160.125, 113.3125, 114.5625, 109.375, 123.875, 137.875, 117.75, 68.375, 92.1875, 54.65625, 192.75, 102.625, 188.375, 131.875, 99.875, 84.0, 24.078125, 138.75, 118.6875, 109.0625, 161.875, 11.046875, 0.0, 115.0, 150.25, 147.875, 139.375, 116.75, 114.0, 54.5625, 126.5, 164.625, 190.25, 169.0, 95.5, 91.3125, 143.0, 125.8125, 47.3125, 178.0, 97.0625, 91.1875, 191.375, 99.3125, 69.875, 6.32421875, 164.875, 92.125, 138.0, 189.625, 92.375, 129.75, 118.125, 170.875, 89.1875, 144.25, 179.875, 183.125, 39.0625, 40.78125, 103.1875, 99.8125, 82.5, 161.0, 97.5, 153.75, 149.875, 137.625, 90.5, 179.625, 130.5, 64.375, 153.25, 169.125, 18.875, 191.875, 121.9375, 70.75, 40.25, 173.0, 165.25, 72.1875, 12.6484375, 164.75, 33.96875, 162.0, 54.09375, 21.84375, 80.4375, 41.0625, 66.625, 170.875, 202.75, 199.5, 55.15625, 143.375, 154.125, 78.5, 125.125, 83.0, 140.25, 160.25, 186.375, 75.25, 80.625, 77.1875, 59.03125, 198.5, 111.25, 168.375], [28.84375, 70.8125, 114.9375, 81.625, 60.59375, 68.875, 36.875, 40.0, 61.34375, 103.75, 110.0625, 75.375, 168.375, 61.6875, 126.25, 106.0625, 45.3125, 44.28125, 55.53125, 73.4375, 80.125, 100.1875, 64.875, 73.6875, 38.59375, 102.1875, 72.9375, 100.3125, 106.125, 102.1875, 66.3125, 88.3125, 114.375, 115.0, 0.0, 91.1875, 110.875, 26.828125, 18.0, 28.4375, 69.5625, 14.2109375, 90.8125, 79.1875, 56.65625, 36.125, 105.5, 108.5, 59.21875, 69.5625, 90.8125, 149.5, 116.6875, 79.125, 50.59375, 123.6875, 109.0625, 61.5625, 24.046875, 80.125, 93.5, 98.625, 64.0, 94.3125, 60.40625, 102.5625, 79.3125, 67.0625, 83.5, 122.6875, 75.6875, 132.625, 76.875, 33.71875, 46.03125, 53.84375, 41.625, 67.75, 86.1875, 113.125, 85.1875, 51.34375, 51.25, 63.5, 54.21875, 99.75, 95.5625, 18.03125, 56.34375, 76.4375, 116.125, 105.0625, 100.875, 103.0, 73.4375, 92.4375, 47.0, 129.0, 94.3125, 39.8125, 83.6875, 49.5, 85.4375, 118.5, 117.75, 106.0, 30.875, 39.21875, 82.125, 12.203125, 73.5625, 54.40625, 45.71875, 94.375, 56.03125, 37.0, 91.4375, 126.5625, 101.25, 45.59375, 67.1875], [80.75, 142.5, 114.5, 32.6875, 134.75, 148.875, 127.0, 117.875, 149.625, 42.0, 30.40625, 162.5, 131.25, 151.875, 79.875, 44.71875, 50.21875, 48.28125, 126.5625, 157.5, 147.0, 180.0, 152.5, 121.1875, 128.125, 185.5, 66.3125, 149.875, 29.96875, 46.09375, 155.375, 18.96875, 156.25, 150.25, 91.1875, 0.0, 27.59375, 81.0, 109.1875, 119.5, 134.0, 100.125, 20.390625, 140.5, 85.125, 121.75, 185.75, 28.84375, 150.375, 125.0, 175.0, 118.25, 195.0, 137.0, 56.3125, 192.5, 144.25, 62.625, 88.875, 171.25, 59.8125, 180.125, 27.890625, 40.125, 128.875, 182.625, 12.0390625, 91.6875, 160.375, 177.5, 114.5625, 92.5625, 162.875, 105.5, 97.5625, 56.40625, 80.625, 156.5, 13.0, 191.875, 166.0, 40.0, 111.625, 40.5, 107.3125, 131.375, 61.34375, 74.0, 129.75, 128.5, 26.0, 15.8125, 88.25, 143.25, 157.875, 147.5, 100.75, 189.25, 130.0, 85.0625, 141.875, 112.375, 36.25, 56.875, 52.40625, 172.0, 81.0625, 100.5625, 160.625, 84.125, 154.375, 40.25, 106.375, 52.1875, 78.625, 89.0, 168.625, 189.875, 177.25, 50.34375, 59.40625], [94.5, 167.75, 104.875, 33.53125, 159.5, 173.0, 147.625, 141.625, 171.375, 64.5625, 47.25, 184.875, 109.125, 169.0, 59.40625, 26.40625, 74.75, 66.625, 137.125, 170.875, 154.75, 204.5, 167.875, 148.25, 149.125, 197.625, 66.0625, 152.0, 9.21875, 30.53125, 171.375, 45.5, 155.5, 147.875, 110.875, 27.59375, 0.0, 105.125, 128.75, 138.25, 141.875, 121.625, 46.15625, 166.875, 112.1875, 137.375, 196.5, 5.0, 169.25, 131.125, 198.375, 98.625, 204.625, 163.625, 66.9375, 198.625, 142.375, 90.0, 103.375, 190.25, 85.875, 191.625, 47.8125, 29.734375, 154.25, 193.25, 37.4375, 119.125, 185.125, 179.5, 117.125, 72.5625, 177.125, 118.5625, 123.5625, 65.5, 106.5625, 178.125, 25.296875, 201.75, 190.125, 62.3125, 120.8125, 67.625, 133.625, 129.75, 87.1875, 95.125, 140.625, 133.25, 30.40625, 29.609375, 78.8125, 143.0, 181.0, 151.5, 126.6875, 192.5, 129.625, 95.5625, 147.125, 122.125, 62.96875, 76.5, 71.375, 178.0, 105.6875, 125.6875, 171.625, 105.75, 166.375, 65.3125, 131.875, 77.8125, 84.3125, 100.25, 178.625, 194.125, 202.375, 66.0, 87.0], [48.15625, 63.28125, 132.5, 81.625, 54.5625, 68.0, 50.59375, 36.875, 70.125, 83.5, 93.4375, 82.125, 179.5, 82.5, 133.0, 106.8125, 30.8125, 43.1875, 82.375, 98.3125, 106.9375, 99.375, 88.25, 53.71875, 50.6875, 126.75, 84.25, 126.125, 102.4375, 104.0, 88.5, 73.0, 139.625, 139.375, 26.828125, 81.0, 105.125, 0.0, 38.40625, 49.40625, 96.1875, 24.703125, 75.0, 65.8125, 30.078125, 61.84375, 130.875, 103.875, 76.6875, 95.3125, 93.9375, 161.5, 142.375, 64.0, 58.53125, 150.375, 133.25, 36.625, 47.25, 96.1875, 69.3125, 123.75, 57.6875, 95.625, 50.21875, 128.125, 69.125, 40.78125, 80.125, 149.25, 99.0, 141.5, 100.75, 60.09375, 24.171875, 62.125, 14.8671875, 77.1875, 79.875, 138.75, 85.0625, 42.96875, 76.875, 45.1875, 34.46875, 123.0, 71.25, 18.6875, 83.1875, 102.0, 103.3125, 92.4375, 114.5, 127.75, 76.9375, 118.6875, 26.421875, 155.75, 118.0625, 60.21875, 110.0625, 75.4375, 65.75, 96.75, 96.8125, 132.875, 4.125, 21.9375, 108.25, 14.8671875, 99.375, 40.78125, 29.0, 71.5625, 72.8125, 59.0, 117.625, 153.375, 97.5, 48.15625, 42.71875], [41.625, 61.84375, 124.25, 98.9375, 51.625, 56.21875, 19.703125, 32.5625, 44.71875, 120.0, 127.375, 59.0625, 181.125, 44.78125, 141.375, 123.0, 62.375, 62.1875, 51.15625, 60.21875, 74.5, 86.3125, 49.8125, 73.4375, 21.953125, 88.4375, 87.0625, 99.0, 123.8125, 118.9375, 50.25, 105.75, 114.375, 116.75, 18.0, 109.1875, 128.75, 38.40625, 0.0, 11.1796875, 66.125, 14.2109375, 108.1875, 73.5625, 65.1875, 25.625, 92.9375, 126.3125, 41.3125, 69.5625, 75.4375, 162.0, 104.625, 74.6875, 66.875, 114.9375, 111.1875, 75.0, 33.96875, 62.125, 107.625, 85.6875, 82.0, 111.3125, 54.125, 90.25, 97.25, 74.4375, 71.375, 118.5625, 80.0625, 146.875, 62.375, 34.78125, 50.15625, 69.875, 51.65625, 50.6875, 104.1875, 101.0625, 71.4375, 6