{"name": "LZB_n40_16", "n": 40, "m": 5, "times": [[0.0, 74.3125, 67.0625, 82.125, 53.375, 48.40625, 79.0625, 60.53125, 44.15625, 133.75, 95.875, 116.8125, 79.875, 75.875, 87.8125, 37.6875, 110.8125, 104.875, 19.3125, 42.1875, 30.015625, 54.21875, 21.0, 92.25, 86.5625, 86.125, 99.25, 73.0, 58.3125, 52.1875, 80.75, 106.6875, 100.0, 99.0, 76.875, 30.15625, 74.25, 28.421875, 83.6875, 69.5625, 52.78125], [74.3125, 0.0, 100.0, 152.875, 111.1875, 117.5, 50.25, 91.5625, 118.375, 120.8125, 170.0, 170.5, 80.4375, 143.0, 22.5625, 111.9375, 173.375, 172.625, 87.6875, 87.6875, 103.8125, 30.078125, 71.0, 94.875, 78.1875, 132.0, 172.5, 147.0, 131.75, 38.59375, 95.5, 177.875, 106.8125, 28.15625, 46.03125, 102.75, 59.5625, 53.0, 157.625, 13.15625, 109.0], [67.0625, 100.0, 0.0, 81.5, 34.1875, 56.34375, 131.375, 8.546875, 83.0, 79.1875, 122.5625, 176.125, 36.6875, 127.3125, 121.625, 74.3125, 83.0, 90.25, 53.34375, 25.078125, 67.1875, 99.6875, 87.3125, 156.5, 46.6875, 33.3125, 132.0, 105.6875, 77.8125, 61.40625, 22.5625, 103.0625, 165.5, 110.3125, 66.375, 83.625, 131.5, 86.0, 100.3125, 87.9375, 31.390625], [82.125, 152.875, 81.5, 0.0, 49.09375, 35.34375, 160.125, 84.0, 48.46875, 158.625, 48.84375, 130.75, 117.0, 79.75, 169.0, 48.5625, 40.1875, 25.296875, 65.4375, 72.375, 53.15625, 136.25, 97.4375, 162.0, 127.0, 64.0, 61.21875, 44.375, 27.3125, 120.3125, 103.9375, 25.0625, 165.875, 173.375, 137.5, 65.75, 153.375, 110.3125, 25.0, 144.875, 52.09375], [53.375, 111.1875, 34.1875, 49.09375, 0.0, 22.796875, 130.125, 35.21875, 52.1875, 113.3125, 88.375, 147.625, 68.1875, 96.8125, 130.25, 44.40625, 62.25, 63.0625, 34.375, 24.59375, 39.5625, 101.25, 74.0, 145.25, 78.125, 34.71875, 97.9375, 72.125, 43.90625, 75.1875, 56.625, 72.5625, 152.375, 128.25, 89.5, 57.875, 126.875, 79.875, 66.25, 101.375, 3.0], [48.40625, 117.5, 56.34375, 35.34375, 22.796875, 0.0, 127.4375, 55.96875, 30.875, 135.5, 66.75, 126.25, 88.0625, 74.875, 134.0, 24.515625, 63.0625, 56.59375, 30.484375, 40.125, 23.34375, 101.8125, 66.1875, 135.125, 97.6875, 54.125, 75.625, 49.40625, 21.546875, 85.375, 78.375, 60.40625, 140.75, 138.125, 103.9375, 41.0, 121.9375, 76.8125, 46.09375, 109.5625, 25.234375], [79.0625, 50.25, 131.375, 160.125, 130.125, 127.4375, 0.0, 123.0, 115.625, 168.625, 162.375, 137.125, 122.5, 124.0, 37.4375, 112.4375, 189.75, 183.625, 97.9375, 111.625, 106.9375, 32.0625, 62.9375, 46.625, 122.8125, 159.125, 161.0, 140.125, 134.375, 76.25, 134.0, 183.875, 58.59375, 73.5625, 93.3125, 97.3125, 13.15625, 50.78125, 157.0, 60.9375, 128.875], [60.53125, 91.5625, 8.546875, 84.0, 35.21875, 55.96875, 123.0, 0.0, 80.4375, 80.25, 122.6875, 172.125, 33.0, 124.1875, 113.1875, 71.625, 89.0, 94.8125, 48.40625, 19.84375, 63.875, 91.25, 80.375, 148.875, 43.0, 41.03125, 131.5, 104.6875, 77.5, 53.0, 23.015625, 106.5625, 158.0, 102.5625, 59.375, 79.3125, 123.3125, 78.1875, 101.1875, 79.625, 32.25], [44.15625, 118.375, 83.0, 48.46875, 52.1875, 30.875, 115.625, 80.4375, 0.0, 160.625, 51.78125, 95.5, 109.5625, 44.6875, 130.625, 8.9453125, 86.125, 73.75, 36.875, 61.40625, 17.71875, 96.125, 53.0, 113.625, 118.3125, 85.0, 56.09375, 29.0625, 21.1875, 94.0, 103.5, 69.625, 117.375, 143.0, 116.8125, 18.390625, 107.5, 68.875, 41.40625, 113.625, 54.03125], [133.75, 120.8125, 79.1875, 158.625, 113.3125, 135.5, 168.625, 80.25, 160.625, 0.0, 201.75, 249.875, 53.8125, 203.75, 141.875, 151.75, 149.0, 162.0, 126.6875, 99.3125, 143.75, 138.875, 149.625, 207.25, 48.5625, 97.625, 211.125, 184.75, 157.0, 95.25, 57.3125, 177.5, 218.25, 111.1875, 75.4375, 157.75, 174.625, 140.125, 179.125, 108.4375, 110.5625], [95.875, 170.0, 122.5625, 48.84375, 88.375, 66.75, 162.375, 122.6875, 51.78125, 201.75, 0.0, 91.0, 154.75, 48.3125, 181.25, 59.21875, 84.5, 65.0, 87.0, 106.3125, 68.125, 146.5, 102.1875, 150.125, 164.25, 111.375, 13.0, 23.09375, 45.34375, 145.25, 144.875, 49.25, 150.375, 194.875, 167.125, 67.6875, 152.5, 119.25, 24.078125, 165.375, 91.1875], [116.8125, 170.5, 176.125, 130.75, 147.625, 126.25, 137.125, 172.125, 95.5, 249.875, 91.0, 0.0, 196.375, 52.0, 170.375, 103.1875, 170.625, 152.75, 123.8125, 152.25, 109.1875, 140.5, 105.1875, 101.0, 203.375, 180.375, 79.3125, 86.375, 110.3125, 165.375, 194.5, 139.25, 94.25, 198.625, 190.875, 92.75, 124.125, 120.8125, 108.1875, 172.875, 149.25], [79.875, 80.4375, 36.6875, 117.0, 68.1875, 88.0625, 122.5, 33.0, 109.5625, 53.8125, 154.75, 196.375, 0.0, 151.5, 102.9375, 100.625, 119.1875, 126.9375, 74.125, 48.71875, 92.125, 90.9375, 96.0, 156.875, 10.046875, 67.5625, 162.875, 135.625, 109.375, 46.28125, 18.4375, 139.375, 167.375, 82.5, 37.125, 104.875, 126.3125, 87.6875, 133.875, 67.25, 65.1875], [75.875, 143.0, 127.3125, 79.75, 96.8125, 74.875, 124.0, 124.1875, 44.6875, 203.75, 48.3125, 52.0, 151.5, 0.0, 149.375, 53.03125, 119.9375, 103.0625, 77.375, 104.625, 60.3125, 115.375, 72.0625, 104.25, 159.5, 128.75, 41.125, 36.0, 58.3125, 127.875, 147.125, 91.6875, 103.3125, 170.25, 152.75, 46.96875, 112.5625, 90.0, 59.125, 141.75, 98.6875], [87.8125, 22.5625, 121.625, 169.0, 130.25, 134.0, 37.4375, 113.1875, 130.625, 141.875, 181.25, 170.375, 102.9375, 149.375, 0.0, 125.25, 192.375, 190.125, 103.625, 107.625, 117.8125, 34.78125, 79.375, 84.0625, 100.5, 153.125, 182.25, 158.25, 146.125, 60.40625, 118.0, 193.875, 96.0, 37.1875, 68.0625, 113.625, 49.65625, 62.03125, 171.25, 35.6875, 128.25], [37.6875, 111.9375, 74.3125, 48.5625, 44.40625, 24.515625, 112.4375, 71.625, 8.9453125, 151.75, 59.21875, 103.1875, 100.625, 53.03125, 125.25, 0.0, 83.9375, 73.375, 28.28125, 52.46875, 9.0546875, 91.0625, 49.5, 114.0, 109.375, 78.0, 64.375, 37.0625, 21.9375, 86.0625, 94.625, 71.5, 118.6875, 135.875, 108.4375, 17.71875, 105.125, 64.0625, 46.0625, 106.5, 46.03125], [110.8125, 173.375, 83.0, 40.1875, 62.25, 63.0625, 189.75, 89.0, 86.125, 149.0, 84.5, 170.625, 119.1875, 119.9375, 192.375, 83.9375, 0.0, 20.0, 91.8125, 86.0625, 85.8125, 162.375, 129.25, 197.625, 129.0, 52.78125, 97.5, 84.375, 65.375, 136.875, 102.375, 38.21875, 202.625, 189.5, 148.125, 101.625, 184.875, 139.0, 62.9375, 163.375, 64.4375], [104.875, 172.625, 90.25, 25.296875, 63.0625, 56.59375, 183.625, 94.8125, 73.75, 162.0, 65.0, 152.75, 126.9375, 103.0625, 190.125, 73.375, 20.0, 0.0, 87.0, 87.6875, 77.125, 158.375, 121.5, 187.125, 137.0, 64.375, 78.0, 67.0625, 52.5625, 137.875, 111.4375, 18.4375, 191.125, 191.125, 152.25, 90.8125, 177.5, 133.25, 44.5625, 163.625, 65.8125], [19.3125, 87.6875, 53.34375, 65.4375, 34.375, 30.484375, 97.9375, 48.40625, 36.875, 126.6875, 87.0, 123.8125, 74.125, 77.375, 103.625, 28.28125, 91.8125, 87.0, 0.0, 28.59375, 19.234375, 71.4375, 39.625, 110.875, 82.3125, 68.0, 92.625, 65.25, 44.65625, 58.40625, 70.75, 90.4375, 118.125, 109.75, 80.25, 31.140625, 93.5, 47.15625, 71.0625, 80.625, 34.0625], [42.1875, 87.6875, 25.078125, 72.375, 24.59375, 40.125, 111.625, 19.84375, 61.40625, 99.3125, 106.3125, 152.25, 48.71875, 104.625, 107.625, 52.46875, 86.0625, 87.6875, 28.59375, 0.0, 44.40625, 81.0, 62.8125, 133.0, 57.96875, 47.4375, 114.1875, 87.0, 61.0, 50.8125, 42.53125, 96.5625, 141.5, 103.75, 65.25, 59.46875, 110.1875, 63.5, 86.1875, 77.3125, 21.953125], [30.015625, 103.8125, 67.1875, 53.15625, 39.5625, 23.34375, 106.9375, 63.875, 17.71875, 143.75, 68.125, 109.1875, 92.125, 60.3125, 117.8125, 9.0546875, 85.8125, 77.125, 19.234375, 44.40625, 0.0, 84.0625, 44.40625, 112.0, 100.75, 74.0625, 73.4375, 46.09375, 28.296875, 77.125, 86.8125, 77.125, 117.5, 127.375, 99.4375, 18.4375, 100.4375, 57.5, 53.84375, 98.0, 40.71875], [54.21875, 30.078125, 99.6875, 136.25, 101.25, 101.8125, 32.0625, 91.25, 96.125, 138.875, 146.5, 140.5, 90.9375, 115.375, 34.78125, 91.0625, 162.375, 158.375, 71.4375, 81.0, 84.0625, 0.0, 44.65625, 69.125, 91.9375, 128.375, 147.5, 123.5, 112.3125, 44.71875, 102.0, 160.875, 80.6875, 58.1875, 64.4375, 78.9375, 35.75, 27.3125, 137.0, 35.375, 99.625], [21.0, 71.0, 87.3125, 97.4375, 74.0, 66.1875, 62.9375, 80.375, 53.0, 149.625, 102.1875, 105.1875, 96.0, 72.0625, 79.375, 49.5, 129.25, 121.5, 39.625, 62.8125, 44.40625, 44.65625, 0.0, 71.375, 101.4375, 107.125, 102.875, 79.1875, 71.4375, 60.21875, 99.3125, 120.9375, 79.0, 98.25, 85.75, 35.0, 56.03125, 18.03125, 94.375, 70.0625, 73.5625], [92.25, 94.875, 156.5, 162.0, 145.25, 135.125, 46.625, 148.875, 113.625, 207.25, 150.125, 101.0, 156.875, 104.25, 84.0625, 114.0, 197.625, 187.125, 110.875, 133.0, 112.0, 69.125, 71.375, 0.0, 159.375, 178.375, 145.0, 130.625, 134.625, 112.0, 164.75, 182.75, 12.0390625, 119.875, 133.5, 96.375, 35.34375, 70.875, 151.75, 103.625, 144.875], [86.5625, 78.1875, 46.6875, 127.0, 78.125, 97.6875, 122.8125, 43.0, 118.3125, 48.5625, 164.25, 203.375, 10.046875, 159.5, 100.5, 109.375, 129.0, 137.0, 82.3125, 57.96875, 100.75, 91.9375, 101.4375, 159.375, 0.0, 77.0625, 172.125, 144.875, 118.875, 47.4375, 27.296875, 149.375, 170.125, 76.9375, 32.75, 112.6875, 127.625, 91.5625, 143.5, 65.0625, 75.125], [86.125, 132.0, 33.3125, 64.0, 34.71875, 54.125, 159.125, 41.03125, 85.0, 97.625, 111.375, 180.375, 67.5625, 128.75, 153.125, 78.0, 52.78125, 64.375, 68.0, 47.4375, 74.0625, 128.375, 107.125, 178.375, 77.0625, 0.0, 122.8125, 99.8125, 71.8125, 93.625, 49.96875, 80.25, 186.0, 143.5, 99.625, 92.4375, 157.375, 110.4375, 87.4375, 120.4375, 34.25], [99.25, 172.5, 132.0, 61.21875, 97.9375, 75.625, 161.0, 131.5, 56.09375, 211.125, 13.0, 79.3125, 162.875, 41.125, 182.25, 64.375, 97.5, 78.0, 92.625, 114.1875, 73.4375, 147.5, 102.875, 145.0, 172.125, 122.8125, 0.0, 27.453125, 54.125, 150.0, 154.0, 62.09375, 144.375, 198.125, 172.875, 69.75, 150.5, 120.5625, 36.25, 168.75, 100.625], [73.0, 147.0, 105.6875, 44.375, 72.125, 49.40625, 140.125, 104.6875, 29.0625, 184.75, 23.09375, 86.375, 135.625, 36.0, 158.25, 37.0625, 84.375, 67.0625, 65.25, 87.0, 46.09375, 123.5, 79.1875, 130.625, 144.875, 99.8125, 27.453125, 0.0, 28.421875, 123.0, 127.4375, 56.09375, 132.125, 172.0, 145.5, 44.59375, 130.625, 96.1875, 23.34375, 142.5, 74.625], [58.3125, 131.75, 77.8125, 27.3125, 43.90625, 21.546875, 134.375, 77.5, 21.1875, 157.0, 45.34375, 110.3125, 109.375, 58.3125, 146.125, 21.9375, 65.375, 52.5625, 44.65625, 61.0, 28.296875, 112.3125, 71.4375, 134.625, 118.875, 71.8125, 54.125, 28.421875, 0.0, 102.75, 99.9375, 49.59375, 138.625, 154.375, 123.125, 38.59375, 127.0, 85.625, 26.46875, 125.25, 46.53125], [52.1875, 38.59375, 61.40625, 120.3125, 75.1875, 85.375, 76.25, 53.0, 94.0, 95.25, 145.25, 165.375, 46.28125, 127.875, 60.40625, 86.0625, 136.875, 137.875, 58.40625, 50.8125, 77.125, 44.71875, 60.21875, 112.0, 47.4375, 93.625, 150.0, 123.0, 102.75, 0.0, 58.6875, 145.25, 123.0, 53.25, 25.546875, 82.1875, 80.25, 46.65625, 129.25, 26.90625, 72.6875], [80.75, 95.5, 22.5625, 103.9375, 56.625, 78.375, 134.0, 23.015625, 103.5, 57.3125, 144.875, 194.5, 18.4375, 147.125, 118.0, 94.625, 102.375, 111.4375, 70.75, 42.53125, 86.8125, 102.0, 99.3125, 164.75, 27.296875, 49.96875, 154.0, 127.4375, 99.9375, 58.6875, 0.0, 125.0, 174.625, 100.125, 54.65625, 101.8125, 136.375, 94.125, 122.8125, 82.5625, 53.75], [106.6875, 177.875, 103.0625, 25.0625, 72.5625, 60.40625, 183.875, 106.5625, 69.625, 177.5, 49.25, 139.25, 139.375, 91.6875, 193.875, 71.5, 38.21875, 18.4375, 90.4375, 96.5625, 77.125, 160.875, 120.9375, 182.75, 149.375, 80.25, 62.09375, 56.09375, 49.59375, 145.25, 125.0, 0.0, 185.625, 198.25, 161.875, 87.8125, 176.625, 134.625, 32.75, 170.0, 75.5], [100.0, 106.8125, 165.5, 165.875, 152.375, 140.75, 58.59375, 158.0, 117.375, 218.25, 150.375, 94.25, 167.375, 103.3125, 96.0, 118.6875, 202.625, 191.125, 118.125, 141.5, 117.5, 80.6875, 79.0, 12.0390625, 170.125, 186.0, 144.375, 132.125, 138.625, 123.0, 174.625, 185.625, 0.0, 131.875, 144.875, 100.9375, 47.375, 80.5, 154.0, 115.4375, 152.125], [99.0, 28.15625, 110.3125, 173.375, 128.25, 138.125, 73.5625, 102.5625, 143.0, 111.1875, 194.875, 198.625, 82.5, 170.25, 37.1875, 135.875, 189.5, 191.125, 109.75, 103.75, 127.375, 58.1875, 98.25, 119.875, 76.9375, 143.5, 198.125, 172.0, 154.375, 53.25, 100.125, 198.25, 131.875, 0.0, 45.5, 128.5, 84.625, 80.375, 180.75, 29.421875, 125.6875], [76.875, 46.03125, 66.375, 137.5, 89.5, 103.9375, 93.3125, 59.375, 116.8125, 75.4375, 167.125, 190.875, 37.125, 152.75, 68.0625, 108.4375, 148.125, 152.25, 80.25, 65.25, 99.4375, 64.4375, 85.75, 133.5, 32.75, 99.625, 172.875, 145.5, 123.125, 25.546875, 54.65625, 161.875, 144.875, 45.5, 0.0, 106.5, 99.8125, 71.6875, 149.375, 33.25, 86.625], [30.15625, 102.75, 83.625, 65.75, 57.875, 41.0, 97.3125, 79.3125, 18.390625, 157.75, 67.6875, 92.75, 104.875, 46.96875, 113.625, 17.71875, 101.625, 90.8125, 31.140625, 59.46875, 18.4375, 78.9375, 35.0, 96.375, 112.6875, 92.4375, 69.75, 44.59375, 38.59375, 82.1875, 101.8125, 87.8125, 100.9375, 128.5, 106.5, 0.0, 89.125, 51.625, 59.65625, 99.1875, 58.875], [74.25, 59.5625, 131.5, 153.375, 126.875, 121.9375, 13.15625, 123.3125, 107.5, 174.625, 152.5, 124.125, 126.3125, 112.5625, 49.65625, 105.125, 184.875, 177.5, 93.5, 110.1875, 100.4375, 35.75, 56.03125, 35.34375, 127.625, 157.375, 150.5, 130.625, 127.0, 80.25, 136.375, 176.625, 47.375, 84.625, 99.8125, 89.125, 0.0, 47.125, 148.5, 68.8125, 125.875], [28.421875, 53.0, 86.0, 110.3125, 79.875, 76.8125, 50.78125, 78.1875, 68.875, 140.125, 119.25, 120.8125, 87.6875, 90.0, 62.03125, 64.0625, 139.0, 133.25, 47.15625, 63.5, 57.5, 27.3125, 18.03125, 70.875, 91.5625, 110.4375, 120.5625, 96.1875, 85.625, 46.65625, 94.125, 134.625, 80.5, 80.375, 71.6875, 51.625, 47.125, 0.0, 109.9375, 52.625, 78.75], [83.6875, 157.625, 100.3125, 25.0, 66.25, 46.09375, 157.0, 101.1875, 41.40625, 179.125, 24.078125, 108.1875, 133.875, 59.125, 171.25, 46.0625, 62.9375, 44.5625, 71.0625, 86.1875, 53.84375, 137.0, 94.375, 151.75, 143.5, 87.4375, 36.25, 23.34375, 26.46875, 129.25, 122.8125, 32.75, 154.0, 180.75, 149.375, 59.65625, 148.5, 109.9375, 0.0, 151.5, 69.125], [69.5625, 13.15625, 87.9375, 144.875, 101.375, 109.5625, 60.9375, 79.625, 113.625, 108.4375, 165.375, 172.875, 67.25, 141.75, 35.6875, 106.5, 163.375, 163.625, 80.625, 77.3125, 98.0, 35.375, 70.0625, 103.625, 65.0625, 120.4375, 168.75, 142.5, 125.25, 26.90625, 82.5625, 170.0, 115.4375, 29.421875, 33.25, 99.1875, 68.8125, 52.625, 151.5, 0.0, 99.0], [52.78125, 109.0, 31.390625, 52.09375, 3.0, 25.234375, 128.875, 32.25, 54.03125, 110.5625, 91.1875, 149.25, 65.1875, 98.6875, 128.25, 46.03125, 64.4375, 65.8125, 34.0625, 21.953125, 40.71875, 99.625, 73.5625, 144.875, 75.125, 34.25, 100.625, 74.625, 46.53125, 72.6875, 53.75, 75.5, 152.125, 125.6875, 86.625, 58.875, 125.875, 78.75, 69.125, 99.0, 0.0]], "angleGap": [[0.0, 1.568359375, 2.70703125, 2.095703125, 2.5390625, 0.666015625, 1.478515625, 3.0703125, 1.111328125, 3.041015625, 2.177734375, 1.095703125, 2.51953125, 0.224609375, 3.060546875, 2.412109375, 2.587890625, 2.240234375, 1.630859375, 2.91796875, 0.35546875, 1.271484375, 1.1953125, 1.001953125, 1.927734375, 2.912109375, 3.0078125, 2.900390625, 0.509765625, 1.322265625, 2.76171875, 1.291015625, 0.158203125, 0.619140625, 2.7421875, 0.826171875, 0.5859375, 3.009765625, 0.169921875, 2.041015625], [1.568359375, 0.0, 1.140625, 0.5302734375, 0.9716796875, 2.232421875, 0.0869140625, 1.6455078125, 0.4560546875, 1.6748046875, 2.5390625, 0.4736328125, 2.1953125, 1.791015625, 1.4931640625, 0.84375, 1.021484375, 0.673828125, 0.064453125, 1.3505859375, 1.923828125, 2.837890625, 2.763671875, 0.5634765625, 0.361328125, 1.8037109375, 1.708984375, 1.333984375, 1.0556640625, 0.2431640625, 1.1953125, 2.857421875, 1.408203125, 0.9501953125, 1.9736328125, 2.392578125, 2.154296875, 1.4423828125, 1.396484375, 0.474609375], [2.70703125, 1.140625, 0.0, 0.60986328125, 0.16845703125, 2.91015625, 1.2265625, 0.50537109375, 1.595703125, 0.5341796875, 1.3984375, 1.61328125, 1.0556640625, 2.931640625, 0.353271484375, 0.29638671875, 0.119140625, 0.46630859375, 1.076171875, 0.21044921875, 3.0625, 2.3046875, 2.380859375, 1.703125, 0.77880859375, 0.6630859375, 0.56884765625, 0.193359375, 2.1953125, 1.3828125, 0.0546875, 2.28515625, 2.548828125, 2.08984375, 0.83349609375, 2.75, 2.990234375, 0.30224609375, 2.537109375, 0.66552734375], [2.095703125, 0.5302734375, 0.60986328125, 0.0, 0.44140625, 2.763671875, 0.6171875, 1.115234375, 0.986328125, 1.14453125, 2.0078125, 1.00390625, 1.666015625, 2.322265625, 0.962890625, 0.3134765625, 0.49072265625, 0.1435546875, 0.4658203125, 0.8203125, 2.453125, 2.9140625, 2.990234375, 1.09375, 0.1689453125, 1.2734375, 1.1787109375, 0.80322265625, 1.5859375, 0.7734375, 0.66455078125, 2.89453125, 1.939453125, 1.48046875, 1.443359375, 2.923828125, 2.68359375, 0.912109375, 1.927734375, 0.0556640625], [2.5390625, 0.9716796875, 0.16845703125, 0.44140625, 0.0, 3.078125, 1.05859375, 0.673828125, 1.427734375, 0.703125, 1.56640625, 1.4453125, 1.224609375, 2.763671875, 0.521484375, 0.1279296875, 0.04931640625, 0.2978515625, 0.9072265625, 0.37890625, 2.89453125, 2.47265625, 2.548828125, 1.53515625, 0.6103515625, 0.83154296875, 0.7373046875, 0.36181640625, 2.02734375, 1.21484375, 0.22314453125, 2.453125, 2.380859375, 1.921875, 1.001953125, 2.91796875, 3.125, 0.470703125, 2.369140625, 0.4970703125], [0.666015625, 2.232421875, 2.91015625, 2.763671875, 3.078125, 0.0, 2.146484375, 2.404296875, 1.775390625, 2.375, 1.51171875, 1.759765625, 1.853515625, 0.44140625, 2.556640625, 3.076171875, 3.029296875, 2.908203125, 2.298828125, 2.69921875, 0.310546875, 0.60546875, 0.529296875, 1.669921875, 2.595703125, 2.24609375, 2.341796875, 2.716796875, 1.177734375, 1.990234375, 2.85546875, 0.625, 0.82421875, 1.283203125, 2.076171875, 0.16015625, 0.080078125, 2.607421875, 0.8359375, 2.708984375], [1.478515625, 0.0869140625, 1.2265625, 0.6171875, 1.05859375, 2.146484375, 0.0, 1.732421875, 0.369140625, 1.76171875, 2.625, 0.38671875, 2.283203125, 1.705078125, 1.580078125, 0.9306640625, 1.107421875, 0.7607421875, 0.1513671875, 1.4375, 1.837890625, 2.751953125, 2.67578125, 0.4765625, 0.4482421875, 1.890625, 1.7958984375, 1.419921875, 0.96875, 0.15625, 1.28125, 2.771484375, 1.322265625, 0.86328125, 2.060546875, 2.306640625, 2.064453125, 1.529296875, 1.310546875, 0.5615234375], [3.0703125, 1.6455078125, 0.50537109375, 1.115234375, 0.673828125, 2.404296875, 1.732421875, 0.0, 2.1015625, 0.029052734375, 0.892578125, 2.119140625, 0.55029296875, 2.845703125, 0.152099609375, 0.8017578125, 0.62451171875, 0.9716796875, 1.5810546875, 0.294921875, 2.71484375, 1.798828125, 1.875, 2.208984375, 1.2841796875, 0.157958984375, 0.0633544921875, 0.31201171875, 2.701171875, 1.888671875, 0.45068359375, 1.779296875, 3.0546875, 2.595703125, 0.328125, 2.244140625, 2.484375, 0.203125, 3.04296875, 1.1708984375], [1.111328125, 0.4560546875, 1.595703125, 0.986328125, 1.427734375, 1.775390625, 0.369140625, 2.1015625, 0.0, 2.130859375, 2.994140625, 0.017578125, 2.65234375, 1.337890625, 1.94921875, 1.2998046875, 1.4765625, 1.1298828125, 0.5205078125, 1.806640625, 1.466796875, 2.3828125, 2.306640625, 0.107421875, 0.8173828125, 2.259765625, 2.1640625, 1.7890625, 0.599609375, 0.212890625, 1.650390625, 2.40234375, 0.955078125, 0.494140625, 2.4296875, 1.939453125, 1.697265625, 1.8984375, 0.939453125, 0.9306640625], [3.041015625, 1.6748046875, 0.5341796875, 1.14453125, 0.703125, 2.375, 1.76171875, 0.029052734375, 2.130859375, 0.0, 0.86328125, 2.1484375, 0.521484375, 2.81640625, 0.18115234375, 0.8310546875, 0.6533203125, 1.0009765625, 1.6103515625, 0.323974609375, 2.685546875, 1.76953125, 1.845703125, 2.23828125, 1.3134765625, 0.12890625, 0.0343017578125, 0.341064453125, 2.73046875, 1.91796875, 0.479736328125, 1.75, 3.083984375, 2.625, 0.299072265625, 2.21484375, 2.455078125, 0.232177734375, 3.072265625, 1.2001953125], [2.177734375, 2.5390625, 1.3984375, 2.0078125, 1.56640625, 1.51171875, 2.625, 0.892578125, 2.994140625, 0.86328125, 0.0, 3.01171875, 0.34228515625, 1.953125, 1.044921875, 1.6943359375, 1.517578125, 1.8642578125, 2.47265625, 1.1875, 1.822265625, 0.90625, 0.982421875, 3.1015625, 2.17578125, 0.73486328125, 0.8291015625, 1.205078125, 2.689453125, 2.78125, 1.34375, 0.88671875, 2.3359375, 2.794921875, 0.564453125, 1.3515625, 1.591796875, 1.095703125, 2.34765625, 2.0625], [1.095703125, 0.4736328125, 1.61328125, 1.00390625, 1.4453125, 1.759765625, 0.38671875, 2.119140625, 0.017578125, 2.1484375, 3.01171875, 0.0, 2.669921875, 1.318359375, 1.966796875, 1.3173828125, 1.494140625, 1.1474609375, 0.5380859375, 1.82421875, 1.447265625, 2.365234375, 2.2890625, 0.08984375, 0.8349609375, 2.27734375, 2.181640625, 1.806640625, 0.58203125, 0.23046875, 1.66796875, 2.384765625, 0.935546875, 0.4765625, 2.447265625, 1.919921875, 1.681640625, 1.916015625, 0.923828125, 0.9482421875], [2.51953125, 2.1953125, 1.0556640625, 1.666015625, 1.224609375, 1.853515625, 2.283203125, 0.55029296875, 2.65234375, 0.521484375, 0.34228515625, 2.669921875, 0.0, 2.294921875, 0.7021484375, 1.3515625, 1.1748046875, 1.521484375, 2.130859375, 0.84521484375, 2.1640625, 1.248046875, 1.32421875, 2.759765625, 1.833984375, 0.392333984375, 0.48681640625, 0.8623046875, 3.03125, 2.439453125, 1.0009765625, 1.228515625, 2.677734375, 3.13671875, 0.22216796875, 1.693359375, 1.93359375, 0.75341796875, 2.689453125, 1.720703125], [0.224609375, 1.791015625, 2.931640625, 2.322265625, 2.763671875, 0.44140625, 1.705078125, 2.845703125, 1.337890625, 2.81640625, 1.953125, 1.318359375, 2.294921875, 0.0, 2.998046875, 2.634765625, 2.8125, 2.466796875, 1.857421875, 3.140625, 0.130859375, 1.046875, 0.970703125, 1.228515625, 2.154296875, 2.6875, 2.783203125, 3.125, 0.736328125, 1.548828125, 2.986328125, 1.06640625, 0.3828125, 0.841796875, 2.517578125, 0.6015625, 0.361328125, 3.048828125, 0.39453125, 2.267578125], [3.060546875, 1.4931640625, 0.353271484375, 0.962890625, 0.521484375, 2.556640625, 1.580078125, 0.152099609375, 1.94921875, 0.18115234375, 1.044921875, 1.966796875, 0.7021484375, 2.998046875, 0.0, 0.6494140625, 0.472412109375, 0.8193359375, 1.4287109375, 0.142822265625, 2.8671875, 1.951171875, 2.02734375, 2.056640625, 1.1318359375, 0.31005859375, 0.2154541015625, 0.159912109375, 2.548828125, 1.736328125, 0.298583984375, 1.931640625, 2.90234375, 2.443359375, 0.480224609375, 2.396484375, 2.63671875, 0.051025390625, 2.890625, 1.0185546875], [2.412109375, 0.84375, 0.29638671875, 0.3134765625, 0.1279296875, 3.076171875, 0.9306640625, 0.8017578125, 1.2998046875, 0.8310546875, 1.6943359375, 1.3173828125, 1.3515625, 2.634765625, 0.6494140625, 0.0, 0.17724609375, 0.169921875, 0.779296875, 0.5068359375, 2.767578125, 2.6015625, 2.67578125, 1.4072265625, 0.482421875, 0.95947265625, 0.865234375, 0.48974609375, 1.8994140625, 1.0869140625, 0.35107421875, 2.58203125, 2.251953125, 1.7939453125, 1.1298828125, 3.046875, 2.998046875, 0.5986328125, 2.240234375, 0.369140625], [2.587890625, 1.021484375, 0.119140625, 0.49072265625, 0.04931640625, 3.029296875, 1.107421875, 0.62451171875, 1.4765625, 0.6533203125, 1.517578125, 1.494140625, 1.1748046875, 2.8125, 0.472412109375, 0.17724609375, 0.0, 0.34716796875, 0.95654296875, 0.32958984375, 2.943359375, 2.423828125, 2.5, 1.583984375, 0.65966796875, 0.7822265625, 0.68798828125, 0.3125, 2.076171875, 1.263671875, 0.173828125, 2.404296875, 2.4296875, 1.970703125, 0.95263671875, 2.869140625, 3.109375, 0.42138671875, 2.41796875, 0.54638671875], [2.240234375, 0.673828125, 0.46630859375, 0.1435546875, 0.2978515625, 2.908203125, 0.7607421875, 0.9716796875, 1.1298828125, 1.0009765625, 1.8642578125, 1.1474609375, 1.521484375, 2.466796875, 0.8193359375, 0.169921875, 0.34716796875, 0.0, 0.609375, 0.6767578125, 2.595703125, 2.76953125, 2.84765625, 1.2373046875, 0.3125, 1.1298828125, 1.03515625, 0.65966796875, 1.7294921875, 0.9169921875, 0.52099609375, 2.75, 2.083984375, 1.6240234375, 1.2998046875, 3.068359375, 2.826171875, 0.7685546875, 2.072265625, 0.19921875], [1.630859375, 0.064453125, 1.076171875, 0.4658203125, 0.9072265625, 2.298828125, 0.1513671875, 1.5810546875, 0.5205078125, 1.6103515625, 2.47265625, 0.5380859375, 2.130859375, 1.857421875, 1.4287109375, 0.779296875, 0.95654296875, 0.609375, 0.0, 1.2861328125, 1.986328125, 2.904296875, 2.826171875, 0.6279296875, 0.296875, 1.7392578125, 1.64453125, 1.26953125, 1.1201171875, 0.3076171875, 1.130859375, 2.923828125, 1.474609375, 1.0146484375, 1.9091796875, 2.458984375, 2.216796875, 1.3779296875, 1.462890625, 0.41015625], [2.91796875, 1.3505859375, 0.21044921875, 0.8203125, 0.37890625, 2.69921875, 1.4375, 0.294921875, 1.806640625, 0.323974609375, 1.1875, 1.82421875, 0.84521484375, 3.140625, 0.142822265625, 0.5068359375, 0.32958984375, 0.6767578125, 1.2861328125, 0.0, 3.009765625, 2.09375, 2.169921875, 1.9140625, 0.9892578125, 0.452880859375, 0.3583984375, 0.01708984375, 2.40625, 1.59375, 0.15576171875, 2.07421875, 2.759765625, 2.30078125, 0.623046875, 2.5390625, 2.779296875, 0.091796875, 2.748046875, 0.8759765625], [0.35546875, 1.923828125, 3.0625, 2.453125, 2.89453125, 0.310546875, 1.837890625, 2.71484375, 1.466796875, 2.685546875, 1.822265625, 1.447265625, 2.1640625, 0.130859375, 2.8671875, 2.767578125, 2.943359375, 2.595703125, 1.986328125, 3.009765625, 0.0, 0.916015625, 0.83984375, 1.361328125, 2.283203125, 2.556640625, 2.65234375, 3.02734375, 0.869140625, 1.681640625, 3.1171875, 0.935546875, 0.513671875, 0.970703125, 2.38671875, 0.470703125, 0.23046875, 2.91796875, 0.525390625, 2.396484375], [1.271484375, 2.837890625, 2.3046875, 2.9140625, 2.47265625, 0.60546875, 2.751953125, 1.798828125, 2.3828125, 1.76953125, 0.90625, 2.365234375, 1.248046875, 1.046875, 1.951171875, 2.6015625, 2.423828125, 2.76953125, 2.904296875, 2.09375, 0.916015625, 0.0, 0.076171875, 2.275390625, 3.08203125, 1.640625, 1.7353515625, 2.111328125, 1.783203125, 2.595703125, 2.25, 0.01953125, 1.4296875, 1.888671875, 1.470703125, 0.4453125, 0.685546875, 2.001953125, 1.44140625, 2.96875], [1.1953125, 2.763671875, 2.380859375, 2.990234375, 2.548828125, 0.529296875, 2.67578125, 1.875, 2.306640625, 1.845703125, 0.982421875, 2.2890625, 1.32421875, 0.970703125, 2.02734375, 2.67578125, 2.5, 2.84765625, 2.826171875, 2.169921875, 0.83984375, 0.076171875, 0.0, 2.197265625, 3.123046875, 1.716796875, 1.8115234375, 2.1875, 1.705078125, 2.51953125, 2.326171875, 0.095703125, 1.353515625, 1.814453125, 1.546875, 0.369140625, 0.609375, 2.078125, 1.365234375, 3.046875], [1.001953125, 0.5634765625, 1.703125, 1.09375, 1.53515625, 1.669921875, 0.4765625, 2.208984375, 0.107421875, 2.23828125, 3.1015625, 0.08984375, 2.759765625, 1.228515625, 2.056640625, 1.4072265625, 1.583984375, 1.2373046875, 0.6279296875, 1.9140625, 1.361328125, 2.275390625, 2.197265625, 0.0, 0.9248046875, 2.3671875, 2.271484375, 1.896484375, 0.4921875, 0.3203125, 1.7578125, 2.294921875, 0.845703125, 0.38671875, 2.537109375, 1.830078125, 1.587890625, 2.005859375, 0.833984375, 1.0380859375], [1.927734375, 0.361328125, 0.77880859375, 0.1689453125, 0.6103515625, 2.595703125, 0.4482421875, 1.2841796875, 0.8173828125, 1.3134765625, 2.17578125, 0.8349609375, 1.833984375, 2.154296875, 1.1318359375, 0.482421875, 0.65966796875, 0.3125, 0.296875, 0.9892578125, 2.283203125, 3.08203125, 3.123046875, 0.9248046875, 0.0, 1.4423828125, 1.34765625, 0.97216796875, 1.4169921875, 0.6044921875, 0.83349609375, 3.0625, 1.771484375, 1.3115234375, 1.6123046875, 2.755859375, 2.513671875, 1.0810546875, 1.759765625, 0.11328125], [2.912109375, 1.8037109375, 0.6630859375, 1.2734375, 0.83154296875, 2.24609375, 1.890625, 0.157958984375, 2.259765625, 0.12890625, 0.73486328125, 2.27734375, 0.392333984375, 2.6875, 0.31005859375, 0.95947265625, 0.7822265625, 1.1298828125, 1.7392578125, 0.452880859375, 2.556640625, 1.640625, 1.716796875, 2.3671875, 1.4423828125, 0.0, 0.09454345703125, 0.469970703125, 2.859375, 2.046875, 0.6083984375, 1.62109375, 3.0703125, 2.75390625, 0.1702880859375, 2.0859375, 2.326171875, 0.361083984375, 3.08203125, 1.3291015625], [3.0078125, 1.708984375, 0.56884765625, 1.1787109375, 0.7373046875, 2.341796875, 1.7958984375, 0.0633544921875, 2.1640625, 0.0343017578125, 0.8291015625, 2.181640625, 0.48681640625, 2.783203125, 0.2154541015625, 0.865234375, 0.68798828125, 1.03515625, 1.64453125, 0.3583984375, 2.65234375, 1.7353515625, 1.8115234375, 2.271484375, 1.34765625, 0.09454345703125, 0.0, 0.37548828125, 2.763671875, 1.9521484375, 0.51416015625, 1.7158203125, 3.1171875, 2.658203125, 0.264892578125, 2.181640625, 2.421875, 0.2666015625, 3.10546875, 1.234375], [2.900390625, 1.333984375, 0.193359375, 0.80322265625, 0.36181640625, 2.716796875, 1.419921875, 0.31201171875, 1.7890625, 0.341064453125, 1.205078125, 1.806640625, 0.8623046875, 3.125, 0.159912109375, 0.48974609375, 0.3125, 0.65966796875, 1.26953125, 0.01708984375, 3.02734375, 2.111328125, 2.1875, 1.896484375, 0.97216796875, 0.469970703125, 0.37548828125, 0.0, 2.388671875, 1.576171875, 0.138671875, 2.091796875, 2.7421875, 2.283203125, 0.64013671875, 2.556640625, 2.796875, 0.10888671875, 2.73046875, 0.85888671875], [0.509765625, 1.0556640625, 2.1953125, 1.5859375, 2.02734375, 1.177734375, 0.96875, 2.701171875, 0.599609375, 2.73046875, 2.689453125, 0.58203125, 3.03125, 0.736328125, 2.548828125, 1.8994140625, 2.076171875, 1.7294921875, 1.1201171875, 2.40625, 0.869140625, 1.783203125, 1.705078125, 0.4921875, 1.4169921875, 2.859375, 2.763671875, 2.388671875, 0.0, 0.8125, 2.25, 1.802734375, 0.353515625, 0.10546875, 3.029296875, 1.337890625, 1.095703125, 2.498046875, 0.341796875, 1.5302734375], [1.322265625, 0.2431640625, 1.3828125, 0.7734375, 1.21484375, 1.990234375, 0.15625, 1.888671875, 0.212890625, 1.91796875, 2.78125, 0.23046875, 2.439453125, 1.548828125, 1.736328125, 1.0869140625, 1.263671875, 0.9169921875, 0.3076171875, 1.59375, 1.681640625, 2.595703125, 2.51953125, 0.3203125, 0.6044921875, 2.046875, 1.9521484375, 1.576171875, 0.8125, 0.0, 1.4375, 2.615234375, 1.166015625, 0.70703125, 2.216796875, 2.150390625, 1.908203125, 1.685546875, 1.154296875, 0.7177734375], [2.76171875, 1.1953125, 0.0546875, 0.66455078125, 0.22314453125, 2.85546875, 1.28125, 0.45068359375, 1.650390625, 0.479736328125, 1.34375, 1.66796875, 1.0009765625, 2.986328125, 0.298583984375, 0.35107421875, 0.173828125, 0.52099609375, 1.130859375, 0.15576171875, 3.1171875, 2.25, 2.326171875, 1.7578125, 0.83349609375, 0.6083984375, 0.51416015625, 0.138671875, 2.25, 1.4375, 0.0, 2.23046875, 2.603515625, 2.14453125, 0.77880859375, 2.6953125, 2.935546875, 0.24755859375, 2.591796875, 0.72021484375], [1.291015625, 2.857421875, 2.28515625, 2.89453125, 2.453125, 0.625, 2.771484375, 1.779296875, 2.40234375, 1.75, 0.88671875, 2.384765625, 1.228515625, 1.06640625, 1.931640625, 2.58203125, 2.404296875, 2.75, 2.923828125, 2.07421875, 0.935546875, 0.01953125, 0.095703125, 2.294921875, 3.0625, 1.62109375, 1.7158203125, 2.091796875, 1.802734375, 2.615234375, 2.23046875, 0.0, 1.44921875, 1.908203125, 1.451171875, 0.46484375, 0.705078125, 1.982421875, 1.4609375, 2.94921875], [0.158203125, 1.408203125, 2.548828125, 1.939453125, 2.380859375, 0.82421875, 1.322265625, 3.0546875, 0.955078125, 3.083984375, 2.3359375, 0.935546875, 2.677734375, 0.3828125, 2.90234375, 2.251953125, 2.4296875, 2.083984375, 1.474609375, 2.759765625, 0.513671875, 1.4296875, 1.353515625, 0.845703125, 1.771484375, 3.0703125, 3.1171875, 2.7421875, 0.353515625, 1.166015625, 2.603515625, 1.44921875, 0.0, 0.458984375, 2.900390625, 0.984375, 0.744140625, 2.8515625, 0.01171875, 1.884765625], [0.619140625, 0.9501953125, 2.08984375, 1.48046875, 1.921875, 1.283203125, 0.86328125, 2.595703125, 0.494140625, 2.625, 2.794921875, 0.4765625, 3.13671875, 0.841796875, 2.443359375, 1.7939453125, 1.970703125, 1.6240234375, 1.0146484375, 2.30078125, 0.970703125, 1.888671875, 1.814453125, 0.38671875, 1.3115234375, 2.75390625, 2.658203125, 2.283203125, 0.10546875, 0.70703125, 2.14453125, 1.908203125, 0.458984375, 0.0, 2.923828125, 1.443359375, 1.205078125, 2.392578125, 0.447265625, 1.4248046875], [2.7421875, 1.9736328125, 0.83349609375, 1.443359375, 1.001953125, 2.076171875, 2.060546875, 0.328125, 2.4296875, 0.299072265625, 0.564453125, 2.447265625, 0.22216796875, 2.517578125, 0.480224609375, 1.1298828125, 0.95263671875, 1.2998046875, 1.9091796875, 0.623046875, 2.38671875, 1.470703125, 1.546875, 2.537109375, 1.6123046875, 0.1702880859375, 0.264892578125, 0.64013671875, 3.029296875, 2.216796875, 0.77880859375, 1.451171875, 2.900390625, 2.923828125, 0.0, 1.916015625, 2.15625, 0.53125, 2.912109375, 1.4990234375], [0.826171875, 2.392578125, 2.75, 2.923828125, 2.91796875, 0.16015625, 2.306640625, 2.244140625, 1.939453125, 2.21484375, 1.3515625, 1.919921875, 1.693359375, 0.6015625, 2.396484375, 3.046875, 2.869140625, 3.068359375, 2.458984375, 2.5390625, 0.470703125, 0.4453125, 0.369140625, 1.830078125, 2.755859375, 2.0859375, 2.181640625, 2.556640625, 1.337890625, 2.150390625, 2.6953125, 0.46484375, 0.984375, 1.443359375, 1.916015625, 0.0, 0.240234375, 2.447265625, 0.99609375, 2.869140625], [0.5859375, 2.154296875, 2.990234375, 2.68359375, 3.125, 0.080078125, 2.064453125, 2.484375, 1.697265625, 2.455078125, 1.591796875, 1.681640625, 1.93359375, 0.361328125, 2.63671875, 2.998046875, 3.109375, 2.826171875, 2.216796875, 2.779296875, 0.23046875, 0.685546875, 0.609375, 1.587890625, 2.513671875, 2.326171875, 2.421875, 2.796875, 1.095703125, 1.908203125, 2.935546875, 0.705078125, 0.744140625, 1.205078125, 2.15625, 0.240234375, 0.0, 2.6875, 0.755859375, 2.626953125], [3.009765625, 1.4423828125, 0.30224609375, 0.912109375, 0.470703125, 2.607421875, 1.529296875, 0.203125, 1.8984375, 0.232177734375, 1.095703125, 1.916015625, 0.75341796875, 3.048828125, 0.051025390625, 0.5986328125, 0.42138671875, 0.7685546875, 1.3779296875, 0.091796875, 2.91796875, 2.001953125, 2.078125, 2.005859375, 1.0810546875, 0.361083984375, 0.2666015625, 0.10888671875, 2.498046875, 1.685546875, 0.24755859375, 1.982421875, 2.8515625, 2.392578125, 0.53125, 2.447265625, 2.6875, 0.0, 2.83984375, 0.9677734375], [0.169921875, 1.396484375, 2.537109375, 1.927734375, 2.369140625, 0.8359375, 1.310546875, 3.04296875, 0.939453125, 3.072265625, 2.34765625, 0.923828125, 2.689453125, 0.39453125, 2.890625, 2.240234375, 2.41796875, 2.072265625, 1.462890625, 2.748046875, 0.525390625, 1.44140625, 1.365234375, 0.833984375, 1.759765625, 3.08203125, 3.10546875, 2.73046875, 0.341796875, 1.154296875, 2.591796875, 1.4609375, 0.01171875, 0.447265625, 2.912109375, 0.99609375, 0.755859375, 2.83984375, 0.0, 1.873046875], [2.041015625, 0.474609375, 0.66552734375, 0.0556640625, 0.4970703125, 2.708984375, 0.5615234375, 1.1708984375, 0.9306640625, 1.2001953125, 2.0625, 0.9482421875, 1.720703125, 2.267578125, 1.0185546875, 0.369140625, 0.54638671875, 0.19921875, 0.41015625, 0.8759765625, 2.396484375, 2.96875, 3.046875, 1.0380859375, 0.11328125, 1.3291015625, 1.234375, 0.85888671875, 1.5302734375, 0.7177734375, 0.72021484375, 2.94921875, 1.884765625, 1.4248046875, 1.4990234375, 2.869140625, 2.626953125, 0.9677734375, 1.873046875, 0.0]], "coordinates": [[0, 0], [-71, -22], [-20, 64], [61, 55], [12, 52], [30, 38], [-45, -65], [-23, 56], [43, 10], [-92, 97], [94, 19], [92, -72], [-56, 57], [72, -24], [-76, -44], [35, 14], [57, 95], [69, 79], [7, 18], [-10, 41], [26, 15], [-43, -33], [0, -21], [-7, -92], [-66, 56], [5, 86], [99, 7], [72, 12], [50, 30], [-51, 11], [-42, 69], [83, 67], [2, -100], [-98, -14], [-73, 24], [30, -3], [-32, -67], [-18, -22], [76, 35], [-69, -9], [9, 52]], "angles": [-2.841796875, 1.8740234375, 0.73388671875, 1.34375, 0.90234375, -2.17578125, 1.9609375, 0.228515625, 2.330078125, 0.199462890625, -0.6640625, 2.34765625, -0.32177734375, -2.6171875, 0.380615234375, 1.0302734375, 0.85302734375, 1.2001953125, 1.8095703125, 0.5234375, -2.486328125, -1.5703125, -1.646484375, 2.4375, 1.5126953125, 0.07061767578125, 0.1651611328125, 0.54052734375, 2.9296875, 2.1171875, 0.67919921875, -1.55078125, -3.0, 2.82421875, -0.09967041015625, -2.015625, -2.255859375, 0.431640625, -3.01171875, 1.3994140625], "demands": [5, 7, 3, 3, 8, 10, 12, 3, 10, 9, 1, 7, 4, 7, 7, 1, 6, 7, 4, 2, 9, 8, 5, 9, 1, 5, 10, 1, 5, 1, 5, 7, 5, 1, 2, 5, 4, 9, 8, 9], "capacity": 50, "Vmax": 17}