{"name": "LZB_n40_18", "n": 40, "m": 5, "times": [[0.0, 77.4375, 50.4375, 87.0, 111.625, 93.3125, 90.6875, 84.25, 111.8125, 103.25, 21.0, 68.625, 39.6875, 92.1875, 73.125, 137.875, 62.375, 68.4375, 106.5625, 110.9375, 104.1875, 46.0, 66.625, 50.5, 101.3125, 100.0, 95.4375, 83.125, 85.4375, 82.75, 94.625, 122.5625, 129.875, 117.5625, 98.875, 75.0, 117.375, 40.03125, 89.6875, 62.25, 85.1875], [77.4375, 0.0, 100.4375, 118.1875, 34.46875, 157.5, 27.515625, 111.0625, 122.625, 123.5625, 62.625, 110.0, 117.125, 168.25, 14.765625, 163.125, 117.1875, 91.8125, 120.3125, 38.125, 143.625, 112.875, 20.0, 117.75, 178.75, 31.0, 172.875, 50.53125, 116.1875, 125.125, 57.375, 142.5, 138.625, 194.5, 126.0, 45.28125, 194.625, 106.75, 42.8125, 35.90625, 136.125], [50.4375, 100.4375, 0.0, 136.625, 133.375, 128.75, 99.75, 134.375, 68.25, 153.5, 68.0, 18.59375, 58.6875, 83.1875, 89.3125, 88.0625, 107.6875, 30.078125, 62.375, 138.5, 53.8125, 86.75, 99.0625, 27.3125, 105.6875, 110.0, 97.875, 125.1875, 135.125, 130.375, 85.5625, 172.5, 180.25, 126.1875, 148.625, 72.125, 122.5625, 23.0, 89.0625, 68.6875, 129.75], [87.0, 118.1875, 136.625, 0.0, 140.0, 65.5625, 144.0, 8.0625, 198.125, 19.640625, 76.0625, 155.125, 93.5, 140.5, 125.125, 224.625, 37.09375, 154.75, 193.0, 129.125, 189.5, 58.6875, 98.25, 128.0, 129.0, 149.125, 128.375, 78.9375, 2.0, 16.765625, 164.0, 36.25, 48.375, 132.375, 12.0390625, 144.625, 137.625, 120.625, 153.125, 129.125, 32.6875], [111.625, 34.46875, 133.375, 140.0, 0.0, 186.75, 40.03125, 132.125, 145.75, 141.125, 95.5, 141.25, 151.25, 202.75, 44.15625, 188.125, 145.625, 121.125, 144.5, 16.125, 173.0, 144.25, 47.625, 151.875, 212.75, 33.09375, 207.0, 62.40625, 138.0, 149.75, 72.8125, 158.25, 150.25, 227.875, 145.75, 69.25, 228.375, 141.0, 58.53125, 65.625, 162.5], [93.3125, 157.5, 128.75, 65.5625, 186.75, 0.0, 178.0, 72.0, 197.0, 82.25, 97.4375, 146.125, 70.5, 93.8125, 158.875, 211.75, 41.40625, 155.75, 191.125, 179.625, 173.125, 47.53125, 139.625, 108.4375, 72.8125, 185.875, 75.125, 133.0, 66.3125, 48.84375, 187.375, 89.0, 107.375, 70.1875, 71.8125, 167.5, 76.8125, 106.625, 181.0, 153.625, 32.90625], [90.6875, 27.515625, 99.75, 144.0, 40.03125, 178.0, 0.0, 137.125, 105.75, 150.5, 80.75, 104.8125, 129.5, 176.0, 19.421875, 148.125, 139.25, 83.1875, 104.5625, 52.3125, 134.5, 131.75, 46.875, 121.75, 190.5, 10.296875, 183.875, 77.875, 142.0, 149.625, 33.625, 169.625, 166.125, 207.875, 152.375, 30.15625, 207.0, 111.625, 18.78125, 31.625, 159.5], [84.25, 111.0625, 134.375, 8.0625, 132.125, 72.0, 137.125, 0.0, 194.375, 19.203125, 71.6875, 152.75, 94.125, 143.0, 118.4375, 222.125, 40.0625, 151.25, 189.5, 121.125, 187.625, 60.15625, 91.0625, 127.3125, 133.125, 142.0, 132.0, 70.9375, 6.40234375, 23.328125, 157.875, 38.40625, 47.40625, 137.5, 15.8125, 138.75, 142.375, 119.375, 146.875, 123.25, 39.4375], [111.8125, 122.625, 68.25, 198.125, 145.75, 197.0, 105.75, 194.375, 0.0, 212.875, 123.0, 52.03125, 126.9375, 140.75, 107.9375, 43.0, 173.375, 43.40625, 6.0, 157.25, 47.5, 153.75, 132.125, 92.0, 167.75, 113.625, 159.625, 165.125, 196.375, 194.5, 74.3125, 232.75, 237.25, 188.75, 209.75, 77.8125, 183.75, 90.9375, 87.5, 87.6875, 195.875], [103.25, 123.5625, 153.5, 19.640625, 141.125, 82.25, 150.5, 19.203125, 212.875, 0.0, 89.875, 171.875, 112.75, 160.125, 132.375, 241.125, 56.75, 169.75, 208.0, 128.625, 206.875, 78.1875, 103.6875, 146.5, 148.125, 154.5, 147.75, 78.75, 20.25, 35.0, 173.375, 20.125, 28.796875, 150.625, 10.4375, 154.625, 156.25, 138.625, 161.5, 139.125, 49.65625], [21.0, 62.625, 68.0, 76.0625, 95.5, 97.4375, 80.75, 71.6875, 123.0, 89.875, 0.0, 85.125, 57.25, 111.6875, 61.75, 153.125, 60.125, 80.125, 118.25, 92.9375, 121.5625, 51.0, 48.59375, 71.375, 117.875, 89.0, 112.6875, 62.125, 74.25, 75.6875, 92.0, 109.8125, 114.625, 132.5, 87.25, 72.0, 133.25, 60.65625, 84.0, 57.125, 82.0], [68.625, 110.0, 18.59375, 155.125, 141.25, 146.125, 104.8125, 152.75, 52.03125, 171.875, 85.125, 0.0, 75.6875, 91.5625, 97.4375, 69.5, 126.25, 23.59375, 46.03125, 148.125, 36.6875, 105.125, 111.4375, 40.0, 116.9375, 114.8125, 108.9375, 139.75, 153.625, 149.0, 84.875, 191.0, 198.375, 137.875, 167.125, 75.25, 133.375, 39.5625, 91.375, 75.6875, 148.25], [39.6875, 117.125, 58.6875, 93.5, 151.25, 70.5, 129.5, 94.125, 126.9375, 112.75, 57.25, 75.6875, 0.0, 55.3125, 112.5, 141.75, 58.0, 87.0, 121.0, 149.875, 103.5625, 35.21875, 105.5, 38.59375, 61.625, 139.0, 55.8125, 116.9375, 92.5625, 82.4375, 129.0, 129.125, 141.5, 78.4375, 105.1875, 110.5, 77.8125, 36.125, 126.375, 99.5625, 77.125], [92.1875, 168.25, 83.1875, 140.5, 202.75, 93.8125, 176.0, 143.0, 140.75, 160.125, 111.6875, 91.5625, 55.3125, 0.0, 161.25, 138.5, 103.375, 112.3125, 134.875, 203.0, 101.0, 83.375, 158.875, 56.40625, 30.078125, 186.125, 22.84375, 172.25, 140.0, 126.25, 167.75, 173.625, 188.75, 50.34375, 151.125, 152.125, 44.0, 65.0625, 169.0, 144.625, 115.6875], [73.125, 14.765625, 89.3125, 125.125, 44.15625, 158.875, 19.421875, 118.4375, 107.9375, 132.375, 61.75, 97.4375, 112.5, 161.25, 0.0, 148.625, 119.8125, 78.1875, 105.6875, 51.15625, 130.25, 112.75, 29.96875, 108.6875, 174.0, 27.296875, 167.625, 63.25, 123.125, 130.375, 43.84375, 151.875, 149.375, 190.625, 133.875, 30.53125, 190.25, 98.0, 29.96875, 22.015625, 140.125], [137.875, 163.125, 88.0625, 224.625, 188.125, 211.75, 148.125, 222.125, 43.0, 241.125, 153.125, 69.5, 141.75, 138.5, 148.625, 0.0, 195.25, 74.9375, 43.5625, 198.875, 38.90625, 173.625, 170.5, 103.3125, 168.125, 156.25, 160.25, 202.25, 223.125, 218.375, 117.25, 260.5, 267.5, 188.75, 236.625, 119.3125, 182.375, 106.875, 130.125, 127.5, 216.875], [62.375, 117.1875, 107.6875, 37.09375, 145.625, 41.40625, 139.25, 40.0625, 173.375, 56.75, 60.125, 126.25, 58.0, 103.375, 119.8125, 195.25, 0.0, 130.125, 167.875, 138.25, 158.5, 22.796875, 98.8125, 94.75, 93.25, 146.5, 92.0, 91.9375, 36.6875, 24.40625, 152.125, 71.5625, 85.4375, 99.0625, 48.09375, 132.0, 103.375, 88.875, 144.0, 117.25, 22.796875], [68.4375, 91.8125, 30.078125, 154.75, 121.125, 155.75, 83.1875, 151.25, 43.40625, 169.75, 80.125, 23.59375, 87.0, 112.3125, 78.1875, 74.9375, 130.125, 0.0, 38.28125, 129.375, 52.03125, 111.125, 96.4375, 57.25, 135.625, 92.9375, 127.8125, 127.4375, 153.125, 151.125, 61.40625, 189.625, 194.75, 156.25, 166.375, 53.15625, 152.5, 52.625, 68.625, 56.15625, 152.875], [106.5625, 120.3125, 62.375, 193.0, 144.5, 191.125, 104.5625, 189.5, 6.0, 208.0, 118.25, 46.03125, 121.0, 134.875, 105.6875, 43.5625, 167.875, 38.28125, 0.0, 155.5, 43.125, 148.0, 129.0, 86.0, 161.75, 112.75, 153.75, 161.75, 191.375, 189.25, 74.0, 227.875, 232.625, 182.875, 204.625, 75.9375, 177.875, 85.0, 86.5625, 85.0, 190.375], [110.9375, 38.125, 138.5, 129.125, 16.125, 179.625, 52.3125, 121.125, 157.25, 128.625, 92.9375, 148.125, 149.875, 203.0, 51.15625, 198.875, 138.25, 129.375, 155.5, 0.0, 181.375, 139.25, 44.40625, 154.75, 210.75, 47.1875, 205.5, 50.28125, 127.25, 140.0, 85.875, 145.0, 136.0, 224.875, 133.875, 79.5625, 226.0, 143.625, 71.125, 73.1875, 153.5], [104.1875, 143.625, 53.8125, 189.5, 173.0, 173.125, 134.5, 187.625, 47.5, 206.875, 121.5625, 36.6875, 103.5625, 101.0, 130.25, 38.90625, 158.5, 52.03125, 43.125, 181.375, 0.0, 136.375, 147.0, 65.0, 130.25, 144.0, 122.25, 176.125, 188.125, 182.125, 108.9375, 225.625, 234.0, 151.125, 201.5, 104.375, 145.0, 69.6875, 118.6875, 108.1875, 179.625], [46.0, 112.875, 86.75, 58.6875, 144.25, 47.53125, 131.75, 60.15625, 153.75, 78.1875, 51.0, 105.125, 35.21875, 83.375, 112.75, 173.625, 22.796875, 111.125, 148.0, 139.25, 136.375, 0.0, 96.6875, 72.1875, 77.875, 140.0, 75.125, 97.75, 57.9375, 47.1875, 139.875, 94.0, 107.0, 87.6875, 70.1875, 120.0625, 90.5, 66.875, 133.625, 106.25, 43.28125], [66.625, 20.0, 99.0625, 98.25, 47.625, 139.625, 46.875, 91.0625, 132.125, 103.6875, 48.59375, 111.4375, 105.5, 158.875, 29.96875, 170.5, 98.8125, 96.4375, 129.0, 44.40625, 147.0, 96.6875, 0.0, 112.1875, 166.5, 51.0, 161.125, 33.96875, 96.25, 105.5625, 73.5625, 122.8125, 119.5625, 180.875, 106.0, 58.0625, 181.875, 101.0, 59.9375, 44.8125, 117.0], [50.5, 117.75, 27.3125, 128.0, 151.875, 108.4375, 121.75, 127.3125, 92.0, 146.5, 71.375, 40.0, 38.59375, 56.40625, 108.6875, 103.3125, 94.75, 57.25, 86.0, 154.75, 65.0, 72.1875, 112.1875, 0.0, 78.4375, 132.0, 70.5625, 133.0, 126.8125, 118.875, 111.375, 164.25, 174.625, 99.0625, 140.0, 96.25, 95.25, 11.1796875, 113.25, 90.125, 115.125], [101.3125, 178.75, 105.6875, 129.0, 212.75, 72.8125, 190.5, 133.125, 167.75, 148.125, 117.875, 116.9375, 61.625, 30.078125, 174.0, 168.125, 93.25, 135.625, 161.75, 210.75, 130.25, 77.875, 166.5, 78.4375, 0.0, 200.25, 8.0625, 174.125, 129.0, 113.1875, 186.75, 159.0, 175.875, 21.09375, 138.375, 169.5, 17.0, 84.5, 186.0, 159.875, 100.125], [100.0, 31.0, 110.0, 149.125, 33.09375, 185.875, 10.296875, 142.0, 113.625, 154.5, 89.0, 114.8125, 139.0, 186.125, 27.296875, 156.25, 146.5, 92.9375, 112.75, 47.1875, 144.0, 140.0, 51.0, 132.0, 200.25, 0.0, 193.75, 79.375, 147.125, 155.75, 39.84375, 173.25, 168.625, 217.375, 157.0, 39.8125, 216.75, 121.8125, 26.171875, 41.875, 166.125], [95.4375, 172.875, 97.875, 128.375, 207.0, 75.125, 183.875, 132.0, 159.625, 147.75, 112.6875, 108.9375, 55.8125, 22.84375, 167.625, 160.25, 92.0, 127.8125, 153.75, 205.5, 122.25, 75.125, 161.125, 70.5625, 8.0625, 193.75, 0.0, 170.125, 128.25, 113.0, 179.5, 159.5, 175.75, 29.15625, 138.125, 162.375, 24.703125, 76.9375, 179.0, 153.125, 100.6875], [83.125, 50.53125, 125.1875, 78.9375, 62.40625, 133.0, 77.875, 70.9375, 165.125, 78.75, 62.125, 139.75, 116.9375, 172.25, 63.25, 202.25, 91.9375, 127.4375, 161.75, 50.28125, 176.125, 97.75, 33.96875, 133.0, 174.125, 79.375, 170.125, 0.0, 77.0625, 90.5625, 107.0625, 96.0, 89.4375, 185.375, 83.6875, 92.0, 187.875, 122.125, 92.9375, 78.5625, 104.875], [85.4375, 116.1875, 135.125, 2.0, 138.0, 66.3125, 142.0, 6.40234375, 196.375, 20.25, 74.25, 153.625, 92.5625, 140.0, 123.125, 223.125, 36.6875, 153.125, 191.375, 127.25, 188.125, 57.9375, 96.25, 126.8125, 129.0, 147.125, 128.25, 77.0625, 0.0, 17.46875, 162.0, 37.53125, 49.03125, 132.625, 13.453125, 142.625, 137.875, 119.3125, 151.25, 127.125, 33.53125], [82.75, 125.125, 130.375, 16.765625, 149.75, 48.84375, 149.625, 23.328125, 194.5, 35.0, 75.6875, 149.0, 82.4375, 126.25, 130.375, 218.375, 24.40625, 151.125, 189.25, 140.0, 182.125, 47.1875, 105.5625, 118.875, 113.1875, 155.75, 113.0, 90.5625, 17.46875, 0.0, 166.625, 47.53125, 62.8125, 115.875, 25.171875, 146.875, 121.25, 112.5625, 157.0, 131.5, 16.125], [94.625, 57.375, 85.5625, 164.0, 72.8125, 187.375, 33.625, 157.875, 74.3125, 173.375, 92.0, 84.875, 129.0, 167.75, 43.84375, 117.25, 152.125, 61.40625, 74.0, 85.875, 108.9375, 139.875, 73.5625, 111.375, 186.75, 39.84375, 179.5, 107.0625, 162.0, 166.625, 0.0, 193.25, 192.125, 205.875, 173.625, 20.03125, 203.75, 103.0, 15.0, 35.125, 174.0], [122.5625, 142.5, 172.5, 36.25, 158.25, 89.0, 169.625, 38.40625, 232.75, 20.125, 109.8125, 191.0, 129.125, 173.625, 151.875, 260.5, 71.5625, 189.625, 227.875, 145.0, 225.625, 94.0, 122.8125, 164.25, 159.0, 173.25, 159.5, 96.0, 37.53125, 47.53125, 193.25, 0.0, 19.703125, 159.0, 24.203125, 174.625, 165.25, 156.875, 181.25, 159.125, 58.84375], [129.875, 138.625, 180.25, 48.375, 150.25, 107.375, 166.125, 47.40625, 237.25, 28.796875, 114.625, 198.375, 141.5, 188.75, 149.375, 267.5, 85.4375, 194.75, 232.625, 136.0, 234.0, 107.0, 119.5625, 174.625, 175.875, 168.625, 175.75, 89.4375, 49.03125, 62.8125, 192.125, 19.703125, 0.0, 177.0, 37.65625, 174.375, 183.0, 166.375, 179.25, 159.25, 76.0], [117.5625, 194.5, 126.1875, 132.375, 227.875, 70.1875, 207.875, 137.5, 188.75, 150.625, 132.5, 137.875, 78.4375, 50.34375, 190.625, 188.75, 99.0625, 156.25, 182.875, 224.875, 151.125, 87.6875, 180.875, 99.0625, 21.09375, 217.375, 29.15625, 185.375, 132.625, 115.875, 205.875, 159.0, 177.0, 0.0, 140.375, 188.125, 8.484375, 104.5625, 204.375, 177.875, 101.1875], [98.875, 126.0, 148.625, 12.0390625, 145.75, 71.8125, 152.375, 15.8125, 209.75, 10.4375, 87.25, 167.125, 105.1875, 151.125, 133.875, 236.625, 48.09375, 166.375, 204.625, 133.875, 201.5, 70.1875, 106.0, 140.0, 138.375, 157.0, 138.125, 83.6875, 13.453125, 25.171875, 173.625, 24.203125, 37.65625, 140.375, 0.0, 154.5, 146.125, 132.625, 162.375, 139.0, 39.3125], [75.0, 45.28125, 72.125, 144.625, 69.25, 167.5, 30.15625, 138.75, 77.8125, 154.625, 72.0, 75.25, 110.5, 152.125, 30.53125, 119.3125, 132.0, 53.15625, 75.9375, 79.5625, 104.375, 120.0625, 58.0625, 96.25, 169.5, 39.8125, 162.375, 92.0, 142.625, 146.875, 20.03125, 174.625, 174.375, 188.125, 154.5, 0.0, 186.375, 87.0, 17.03125, 15.5234375, 154.0], [117.375, 194.625, 122.5625, 137.625, 228.375, 76.8125, 207.0, 142.375, 183.75, 156.25, 133.25, 133.375, 77.8125, 44.0, 190.25, 182.375, 103.375, 152.5, 177.875, 226.0, 145.0, 90.5, 181.875, 95.25, 17.0, 216.75, 24.703125, 187.875, 137.875, 121.25, 203.75, 165.25, 183.0, 8.484375, 146.125, 186.375, 0.0, 101.5, 202.875, 176.625, 107.0], [40.03125, 106.75, 23.0, 120.625, 141.0, 106.625, 111.625, 119.375, 90.9375, 138.625, 60.65625, 39.5625, 36.125, 65.0625, 98.0, 106.875, 88.875, 52.625, 85.0, 143.625, 69.6875, 66.875, 101.0, 11.1796875, 84.5, 121.8125, 76.9375, 122.125, 119.3125, 112.5625, 103.0, 156.875, 166.375, 104.5625, 132.625, 87.0, 101.5, 0.0, 103.9375, 80.0, 110.125], [89.6875, 42.8125, 89.0625, 153.125, 58.53125, 181.0, 18.78125, 146.875, 87.5, 161.5, 84.0, 91.375, 126.375, 169.0, 29.96875, 130.125, 144.0, 68.625, 86.5625, 71.125, 118.6875, 133.625, 59.9375, 113.25, 186.0, 26.171875, 179.0, 92.9375, 151.25, 157.0, 15.0, 181.25, 179.25, 204.375, 162.375, 17.03125, 202.875, 103.9375, 0.0, 27.515625, 165.375], [62.25, 35.90625, 68.6875, 129.125, 65.625, 153.625, 31.625, 123.25, 87.6875, 139.125, 57.125, 75.6875, 99.5625, 144.625, 22.015625, 127.5, 117.25, 56.15625, 85.0, 73.1875, 108.1875, 106.25, 44.8125, 90.125, 159.875, 41.875, 153.125, 78.5625, 127.125, 131.5, 35.125, 159.125, 159.25, 177.875, 139.0, 15.5234375, 176.625, 80.0, 27.515625, 0.0, 139.0], [85.1875, 136.125, 129.75, 32.6875, 162.5, 32.90625, 159.5, 39.4375, 195.875, 49.65625, 82.0, 148.25, 77.125, 115.6875, 140.125, 216.875, 22.796875, 152.875, 190.375, 153.5, 179.625, 43.28125, 117.0, 115.125, 100.125, 166.125, 100.6875, 104.875, 33.53125, 16.125, 174.0, 58.84375, 76.0, 101.1875, 39.3125, 154.0, 107.0, 110.125, 165.375, 139.0, 0.0]], "angleGap": [[0.0, 1.767578125, 1.6015625, 0.052734375, 2.341796875, 0.2890625, 1.5126953125, 1.369140625, 1.484375, 0.685546875, 1.701171875, 3.11328125, 2.880859375, 0.1875, 1.646484375, 1.9794921875, 1.353515625, 1.396484375, 0.197265625, 1.806640625, 2.27734375, 0.234375, 2.318359375, 3.103515625, 0.2421875, 3.123046875, 0.63671875, 1.5859375, 1.7919921875, 0.650390625, 1.5341796875, 1.388671875, 2.98046875, 1.578125, 0.6015625, 3.052734375, 2.228515625, 0.49609375, 0.47265625, 1.982421875], [1.767578125, 0.0, 2.912109375, 1.822265625, 2.171875, 1.478515625, 3.0, 0.400390625, 3.029296875, 2.455078125, 0.068359375, 1.400390625, 1.1123046875, 1.580078125, 0.123046875, 2.533203125, 0.4140625, 0.373046875, 1.966796875, 0.037109375, 2.236328125, 2.001953125, 0.5478515625, 1.41015625, 1.525390625, 1.353515625, 2.40625, 2.927734375, 2.720703125, 1.119140625, 2.98046875, 3.125, 1.533203125, 2.935546875, 1.166015625, 1.4609375, 0.4599609375, 1.275390625, 1.298828125, 2.53125], [1.6015625, 2.912109375, 0.0, 1.548828125, 0.74072265625, 1.890625, 0.08837890625, 2.970703125, 0.11669921875, 0.91552734375, 2.98046875, 1.51171875, 1.80078125, 1.7890625, 3.03515625, 0.378662109375, 2.95703125, 2.998046875, 1.404296875, 2.875, 0.6767578125, 1.3671875, 2.365234375, 1.5029296875, 1.84375, 1.55859375, 0.96435546875, 0.0146484375, 0.191162109375, 2.251953125, 0.06689453125, 0.21240234375, 1.3798828125, 0.02294921875, 2.203125, 1.4521484375, 2.453125, 2.09765625, 2.07421875, 0.38134765625], [0.052734375, 1.822265625, 1.548828125, 0.0, 2.2890625, 0.341796875, 1.4599609375, 1.423828125, 1.431640625, 0.6328125, 1.751953125, 3.060546875, 2.935546875, 0.240234375, 1.697265625, 1.9267578125, 1.408203125, 1.447265625, 0.14453125, 1.861328125, 2.224609375, 0.181640625, 2.369140625, 3.05078125, 0.294921875, 3.107421875, 0.583984375, 1.533203125, 1.7392578125, 0.703125, 1.4814453125, 1.3359375, 2.927734375, 1.525390625, 0.654296875, 3.0, 2.283203125, 0.548828125, 0.525390625, 1.9296875], [2.341796875, 2.171875, 0.74072265625, 2.2890625, 0.0, 2.630859375, 0.8291015625, 2.572265625, 0.857421875, 1.65625, 2.240234375, 0.77099609375, 1.0595703125, 2.529296875, 2.294921875, 0.36181640625, 2.5859375, 2.544921875, 2.14453125, 2.134765625, 0.0640869140625, 2.107421875, 1.6240234375, 0.76220703125, 2.583984375, 0.818359375, 1.705078125, 0.75537109375, 0.54931640625, 2.9921875, 0.8076171875, 0.953125, 0.63916015625, 0.763671875, 2.943359375, 0.71142578125, 1.7119140625, 2.837890625, 2.814453125, 0.359375], [0.2890625, 1.478515625, 1.890625, 0.341796875, 2.630859375, 0.0, 1.8017578125, 1.080078125, 1.7734375, 0.974609375, 1.412109375, 2.880859375, 2.591796875, 0.1015625, 1.357421875, 2.26953125, 1.064453125, 1.107421875, 0.486328125, 1.517578125, 2.56640625, 0.5234375, 2.029296875, 2.890625, 0.046875, 2.833984375, 0.92578125, 1.875, 2.08203125, 0.361328125, 1.8232421875, 1.677734375, 3.013671875, 1.8671875, 0.3125, 2.94140625, 1.939453125, 0.20703125, 0.18359375, 2.271484375], [1.5126953125, 3.0, 0.08837890625, 1.4599609375, 0.8291015625, 1.8017578125, 0.0, 2.880859375, 0.0283203125, 0.8271484375, 3.0703125, 1.599609375, 1.888671875, 1.7001953125, 3.125, 0.467041015625, 2.869140625, 2.908203125, 1.3154296875, 2.96484375, 0.7646484375, 1.2783203125, 2.453125, 1.591796875, 1.7548828125, 1.6474609375, 0.8759765625, 0.07373046875, 0.279541015625, 2.1640625, 0.021484375, 0.1240234375, 1.46875, 0.0654296875, 2.11328125, 1.541015625, 2.541015625, 2.0078125, 1.9853515625, 0.4697265625], [1.369140625, 0.400390625, 2.970703125, 1.423828125, 2.572265625, 1.080078125, 2.880859375, 0.0, 2.853515625, 2.056640625, 0.33203125, 1.80078125, 1.5126953125, 1.181640625, 0.27734375, 2.93359375, 0.013671875, 0.02734375, 1.564453125, 0.4375, 2.63671875, 1.603515625, 0.9482421875, 1.810546875, 1.126953125, 1.75390625, 2.005859375, 2.955078125, 3.12109375, 0.720703125, 2.904296875, 2.7578125, 1.93359375, 2.947265625, 0.767578125, 1.861328125, 0.8603515625, 0.873046875, 0.896484375, 2.931640625], [1.484375, 3.029296875, 0.11669921875, 1.431640625, 0.857421875, 1.7734375, 0.0283203125, 2.853515625, 0.0, 0.798828125, 3.09765625, 1.62890625, 1.9169921875, 1.671875, 3.130859375, 0.495361328125, 2.83984375, 2.880859375, 1.287109375, 2.9921875, 0.79296875, 1.25, 2.48046875, 1.619140625, 1.7265625, 1.67578125, 0.84765625, 0.10205078125, 0.307861328125, 2.134765625, 0.0498046875, 0.095703125, 1.49609375, 0.09375, 2.0859375, 1.568359375, 2.5703125, 1.98046875, 1.95703125, 0.498046875], [0.685546875, 2.455078125, 0.91552734375, 0.6328125, 1.65625, 0.974609375, 0.8271484375, 2.056640625, 0.798828125, 0.0, 2.38671875, 2.427734375, 2.71484375, 0.873046875, 2.33203125, 1.2939453125, 2.041015625, 2.080078125, 0.48828125, 2.4921875, 1.591796875, 0.451171875, 3.001953125, 2.41796875, 0.927734375, 2.474609375, 0.048828125, 0.90087890625, 1.1064453125, 1.3359375, 0.8486328125, 0.703125, 2.294921875, 0.892578125, 1.287109375, 2.3671875, 2.916015625, 1.181640625, 1.158203125, 1.296875], [1.701171875, 0.068359375, 2.98046875, 1.751953125, 2.240234375, 1.412109375, 3.0703125, 0.33203125, 3.09765625, 2.38671875, 0.0, 1.46875, 1.1806640625, 1.513671875, 0.0546875, 2.6015625, 0.345703125, 0.3046875, 1.900390625, 0.10546875, 2.3046875, 1.935546875, 0.6162109375, 1.478515625, 1.458984375, 1.421875, 2.337890625, 2.99609375, 2.7890625, 1.048828125, 3.046875, 3.08984375, 1.6015625, 3.00390625, 1.099609375, 1.529296875, 0.5283203125, 1.205078125, 1.228515625, 2.599609375], [3.11328125, 1.400390625, 1.51171875, 3.060546875, 0.77099609375, 2.880859375, 1.599609375, 1.80078125, 1.62890625, 2.427734375, 1.46875, 0.0, 0.28857421875, 2.982421875, 1.5234375, 1.1328125, 1.814453125, 1.7734375, 2.916015625, 1.36328125, 0.8349609375, 2.87890625, 0.85302734375, 0.0087890625, 2.927734375, 0.04736328125, 2.4765625, 1.5263671875, 1.3203125, 2.51953125, 1.578125, 1.724609375, 0.1318359375, 1.53515625, 2.568359375, 0.0595703125, 0.94091796875, 2.673828125, 2.697265625, 1.130859375], [2.880859375, 1.1123046875, 1.80078125, 2.935546875, 1.0595703125, 2.591796875, 1.888671875, 1.5126953125, 1.9169921875, 2.71484375, 1.1806640625, 0.28857421875, 0.0, 2.693359375, 1.2353515625, 1.421875, 1.5263671875, 1.4853515625, 3.080078125, 1.0751953125, 1.1240234375, 3.115234375, 0.564453125, 0.29736328125, 2.638671875, 0.2412109375, 2.765625, 1.814453125, 1.609375, 2.232421875, 1.8671875, 2.01171875, 0.42041015625, 1.8232421875, 2.279296875, 0.34814453125, 0.65234375, 2.384765625, 2.408203125, 1.4189453125], [0.1875, 1.580078125, 1.7890625, 0.240234375, 2.529296875, 0.1015625, 1.7001953125, 1.181640625, 1.671875, 0.873046875, 1.513671875, 2.982421875, 2.693359375, 0.0, 1.458984375, 2.16796875, 1.166015625, 1.208984375, 0.384765625, 1.619140625, 2.46484375, 0.421875, 2.130859375, 2.9921875, 0.0546875, 2.935546875, 0.82421875, 1.7734375, 1.9794921875, 0.462890625, 1.7216796875, 1.576171875, 3.115234375, 1.765625, 0.4140625, 3.04296875, 2.041015625, 0.30859375, 0.28515625, 2.169921875], [1.646484375, 0.123046875, 3.03515625, 1.697265625, 2.294921875, 1.357421875, 3.125, 0.27734375, 3.130859375, 2.33203125, 0.0546875, 1.5234375, 1.2353515625, 1.458984375, 0.0, 2.65625, 0.291015625, 0.25, 1.845703125, 0.16015625, 2.359375, 1.880859375, 0.6708984375, 1.533203125, 1.404296875, 1.4765625, 2.283203125, 3.05078125, 2.84375, 0.994140625, 3.1015625, 3.03515625, 1.65625, 3.05859375, 1.044921875, 1.583984375, 0.5830078125, 1.150390625, 1.173828125, 2.654296875], [1.9794921875, 2.533203125, 0.378662109375, 1.9267578125, 0.36181640625, 2.26953125, 0.467041015625, 2.93359375, 0.495361328125, 1.2939453125, 2.6015625, 1.1328125, 1.421875, 2.16796875, 2.65625, 0.0, 2.947265625, 2.90625, 1.7822265625, 2.49609375, 0.2978515625, 1.7451171875, 1.986328125, 1.1240234375, 2.22265625, 1.1806640625, 1.3427734375, 0.393310546875, 0.1875, 2.630859375, 0.445556640625, 0.5908203125, 1.0009765625, 0.401611328125, 2.58203125, 1.0732421875, 2.07421875, 2.4765625, 2.453125, 0.002685546875], [1.353515625, 0.4140625, 2.95703125, 1.408203125, 2.5859375, 1.064453125, 2.869140625, 0.013671875, 2.83984375, 2.041015625, 0.345703125, 1.814453125, 1.5263671875, 1.166015625, 0.291015625, 2.947265625, 0.0, 0.041015625, 1.552734375, 0.451171875, 2.650390625, 1.587890625, 0.9619140625, 1.82421875, 1.111328125, 1.767578125, 1.994140625, 2.94140625, 3.134765625, 0.705078125, 2.888671875, 2.744140625, 1.947265625, 2.93359375, 0.751953125, 1.875, 0.8740234375, 0.861328125, 0.884765625, 2.9453125], [1.396484375, 0.373046875, 2.998046875, 1.447265625, 2.544921875, 1.107421875, 2.908203125, 0.02734375, 2.880859375, 2.080078125, 0.3046875, 1.7734375, 1.4853515625, 1.208984375, 0.25, 2.90625, 0.041015625, 0.0, 1.595703125, 0.41015625, 2.609375, 1.630859375, 0.9208984375, 1.783203125, 1.154296875, 1.7265625, 2.033203125, 2.982421875, 3.09375, 0.744140625, 2.931640625, 2.78515625, 1.90625, 2.974609375, 0.794921875, 1.833984375, 0.8330078125, 0.900390625, 0.923828125, 2.904296875], [0.197265625, 1.966796875, 1.404296875, 0.14453125, 2.14453125, 0.486328125, 1.3154296875, 1.564453125, 1.287109375, 0.48828125, 1.900390625, 2.916015625, 3.080078125, 0.384765625, 1.845703125, 1.7822265625, 1.552734375, 1.595703125, 0.0, 2.001953125, 2.080078125, 0.037109375, 2.513671875, 2.90625, 0.439453125, 2.962890625, 0.439453125, 1.388671875, 1.5947265625, 0.84765625, 1.3369140625, 1.19140625, 2.783203125, 1.380859375, 0.798828125, 2.85546875, 2.427734375, 0.693359375, 0.669921875, 1.78515625], [1.806640625, 0.037109375, 2.875, 1.861328125, 2.134765625, 1.517578125, 2.96484375, 0.4375, 2.9921875, 2.4921875, 0.10546875, 1.36328125, 1.0751953125, 1.619140625, 0.16015625, 2.49609375, 0.451171875, 0.41015625, 2.001953125, 0.0, 2.19921875, 2.041015625, 0.5107421875, 1.373046875, 1.564453125, 1.31640625, 2.443359375, 2.890625, 2.68359375, 1.158203125, 2.94140625, 3.087890625, 1.49609375, 2.8984375, 1.205078125, 1.423828125, 0.4228515625, 1.310546875, 1.333984375, 2.494140625], [2.27734375, 2.236328125, 0.6767578125, 2.224609375, 0.0640869140625, 2.56640625, 0.7646484375, 2.63671875, 0.79296875, 1.591796875, 2.3046875, 0.8349609375, 1.1240234375, 2.46484375, 2.359375, 0.2978515625, 2.650390625, 2.609375, 2.080078125, 2.19921875, 0.0, 2.04296875, 1.6884765625, 0.826171875, 2.51953125, 0.8828125, 1.640625, 0.69140625, 0.4853515625, 2.927734375, 0.7431640625, 0.888671875, 0.703125, 0.69921875, 2.87890625, 0.775390625, 1.7763671875, 2.7734375, 2.75, 0.295166015625], [0.234375, 2.001953125, 1.3671875, 0.181640625, 2.107421875, 0.5234375, 1.2783203125, 1.603515625, 1.25, 0.451171875, 1.935546875, 2.87890625, 3.115234375, 0.421875, 1.880859375, 1.7451171875, 1.587890625, 1.630859375, 0.037109375, 2.041015625, 2.04296875, 0.0, 2.552734375, 2.869140625, 0.4765625, 2.92578125, 0.40234375, 1.3515625, 1.5576171875, 0.884765625, 1.2998046875, 1.154296875, 2.74609375, 1.34375, 0.8359375, 2.818359375, 2.462890625, 0.73046875, 0.70703125, 1.748046875], [2.318359375, 0.5478515625, 2.365234375, 2.369140625, 1.6240234375, 2.029296875, 2.453125, 0.9482421875, 2.48046875, 3.001953125, 0.6162109375, 0.85302734375, 0.564453125, 2.130859375, 0.6708984375, 1.986328125, 0.9619140625, 0.9208984375, 2.513671875, 0.5107421875, 1.6884765625, 2.552734375, 0.0, 0.86181640625, 2.076171875, 0.8056640625, 2.955078125, 2.37890625, 2.173828125, 1.666015625, 2.431640625, 2.578125, 0.98486328125, 2.38671875, 1.716796875, 0.91259765625, 0.087890625, 1.822265625, 1.845703125, 1.9833984375], [3.103515625, 1.41015625, 1.5029296875, 3.05078125, 0.76220703125, 2.890625, 1.591796875, 1.810546875, 1.619140625, 2.41796875, 1.478515625, 0.0087890625, 0.29736328125, 2.9921875, 1.533203125, 1.1240234375, 1.82421875, 1.783203125, 2.90625, 1.373046875, 0.826171875, 2.869140625, 0.86181640625, 0.0, 2.9375, 0.05615234375, 2.466796875, 1.517578125, 1.3115234375, 2.529296875, 1.5703125, 1.71484375, 0.123046875, 1.525390625, 2.578125, 0.05078125, 0.94970703125, 2.68359375, 2.70703125, 1.12109375], [0.2421875, 1.525390625, 1.84375, 0.294921875, 2.583984375, 0.046875, 1.7548828125, 1.126953125, 1.7265625, 0.927734375, 1.458984375, 2.927734375, 2.638671875, 0.0546875, 1.404296875, 2.22265625, 1.111328125, 1.154296875, 0.439453125, 1.564453125, 2.51953125, 0.4765625, 2.076171875, 2.9375, 0.0, 2.880859375, 0.87890625, 1.828125, 2.03515625, 0.408203125, 1.7763671875, 1.630859375, 3.060546875, 1.8203125, 0.359375, 2.98828125, 1.986328125, 0.25390625, 0.23046875, 2.224609375], [3.123046875, 1.353515625, 1.55859375, 3.107421875, 0.818359375, 2.833984375, 1.6474609375, 1.75390625, 1.67578125, 2.474609375, 1.421875, 0.04736328125, 0.2412109375, 2.935546875, 1.4765625, 1.1806640625, 1.767578125, 1.7265625, 2.962890625, 1.31640625, 0.8828125, 2.92578125, 0.8056640625, 0.05615234375, 2.880859375, 0.0, 2.5234375, 1.57421875, 1.3681640625, 2.47265625, 1.6259765625, 1.771484375, 0.17919921875, 1.58203125, 2.521484375, 0.10693359375, 0.8935546875, 2.626953125, 2.650390625, 1.177734375], [0.63671875, 2.40625, 0.96435546875, 0.583984375, 1.705078125, 0.92578125, 0.8759765625, 2.005859375, 0.84765625, 0.048828125, 2.337890625, 2.4765625, 2.765625, 0.82421875, 2.283203125, 1.3427734375, 1.994140625, 2.033203125, 0.439453125, 2.443359375, 1.640625, 0.40234375, 2.955078125, 2.466796875, 0.87890625, 2.5234375, 0.0, 0.94970703125, 1.1552734375, 1.287109375, 0.8974609375, 0.751953125, 2.34375, 0.94140625, 1.23828125, 2.416015625, 2.865234375, 1.1328125, 1.109375, 1.345703125], [1.5859375, 2.927734375, 0.0146484375, 1.533203125, 0.75537109375, 1.875, 0.07373046875, 2.955078125, 0.10205078125, 0.90087890625, 2.99609375, 1.5263671875, 1.814453125, 1.7734375, 3.05078125, 0.393310546875, 2.94140625, 2.982421875, 1.388671875, 2.890625, 0.69140625, 1.3515625, 2.37890625, 1.517578125, 1.828125, 1.57421875, 0.94970703125, 0.0, 0.205810546875, 2.236328125, 0.05224609375, 0.19775390625, 1.39453125, 0.00830078125, 2.1875, 1.466796875, 2.466796875, 2.08203125, 2.05859375, 0.39599609375], [1.7919921875, 2.720703125, 0.191162109375, 1.7392578125, 0.54931640625, 2.08203125, 0.279541015625, 3.12109375, 0.307861328125, 1.1064453125, 2.7890625, 1.3203125, 1.609375, 1.9794921875, 2.84375, 0.1875, 3.134765625, 3.09375, 1.5947265625, 2.68359375, 0.4853515625, 1.5576171875, 2.173828125, 1.3115234375, 2.03515625, 1.3681640625, 1.1552734375, 0.205810546875, 0.0, 2.443359375, 0.258056640625, 0.403564453125, 1.1884765625, 0.214111328125, 2.39453125, 1.2607421875, 2.26171875, 2.2890625, 2.265625, 0.190185546875], [0.650390625, 1.119140625, 2.251953125, 0.703125, 2.9921875, 0.361328125, 2.1640625, 0.720703125, 2.134765625, 1.3359375, 1.048828125, 2.51953125, 2.232421875, 0.462890625, 0.994140625, 2.630859375, 0.705078125, 0.744140625, 0.84765625, 1.158203125, 2.927734375, 0.884765625, 1.666015625, 2.529296875, 0.408203125, 2.47265625, 1.287109375, 2.236328125, 2.443359375, 0.0, 2.18359375, 2.0390625, 2.65234375, 2.228515625, 0.048828125, 2.580078125, 1.580078125, 0.154296875, 0.177734375, 2.6328125], [1.5341796875, 2.98046875, 0.06689453125, 1.4814453125, 0.8076171875, 1.8232421875, 0.021484375, 2.904296875, 0.0498046875, 0.8486328125, 3.046875, 1.578125, 1.8671875, 1.7216796875, 3.1015625, 0.445556640625, 2.888671875, 2.931640625, 1.3369140625, 2.94140625, 0.7431640625, 1.2998046875, 2.431640625, 1.5703125, 1.7763671875, 1.6259765625, 0.8974609375, 0.05224609375, 0.258056640625, 2.18359375, 0.0, 0.1455078125, 1.447265625, 0.0439453125, 2.13671875, 1.51953125, 2.51953125, 2.03125, 2.0078125, 0.4482421875], [1.388671875, 3.125, 0.21240234375, 1.3359375, 0.953125, 1.677734375, 0.1240234375, 2.7578125, 0.095703125, 0.703125, 3.08984375, 1.724609375, 2.01171875, 1.576171875, 3.03515625, 0.5908203125, 2.744140625, 2.78515625, 1.19140625, 3.087890625, 0.888671875, 1.154296875, 2.578125, 1.71484375, 1.630859375, 1.771484375, 0.751953125, 0.19775390625, 0.403564453125, 2.0390625, 0.1455078125, 0.0, 1.591796875, 0.189453125, 1.990234375, 1.6640625, 2.6640625, 1.884765625, 1.861328125, 0.59375], [2.98046875, 1.533203125, 1.3798828125, 2.927734375, 0.63916015625, 3.013671875, 1.46875, 1.93359375, 1.49609375, 2.294921875, 1.6015625, 0.1318359375, 0.42041015625, 3.115234375, 1.65625, 1.0009765625, 1.947265625, 1.90625, 2.783203125, 1.49609375, 0.703125, 2.74609375, 0.98486328125, 0.123046875, 3.060546875, 0.17919921875, 2.34375, 1.39453125, 1.1884765625, 2.65234375, 1.447265625, 1.591796875, 0.0, 1.40234375, 2.701171875, 0.072265625, 1.072265625, 2.806640625, 2.830078125, 0.99853515625], [1.578125, 2.935546875, 0.02294921875, 1.525390625, 0.763671875, 1.8671875, 0.0654296875, 2.947265625, 0.09375, 0.892578125, 3.00390625, 1.53515625, 1.8232421875, 1.765625, 3.05859375, 0.401611328125, 2.93359375, 2.974609375, 1.380859375, 2.8984375, 0.69921875, 1.34375, 2.38671875, 1.525390625, 1.8203125, 1.58203125, 0.94140625, 0.00830078125, 0.214111328125, 2.228515625, 0.0439453125, 0.189453125, 1.40234375, 0.0, 2.1796875, 1.474609375, 2.4765625, 2.07421875, 2.05078125, 0.404296875], [0.6015625, 1.166015625, 2.203125, 0.654296875, 2.943359375, 0.3125, 2.11328125, 0.767578125, 2.0859375, 1.287109375, 1.099609375, 2.568359375, 2.279296875, 0.4140625, 1.044921875, 2.58203125, 0.751953125, 0.794921875, 0.798828125, 1.205078125, 2.87890625, 0.8359375, 1.716796875, 2.578125, 0.359375, 2.521484375, 1.23828125, 2.1875, 2.39453125, 0.048828125, 2.13671875, 1.990234375, 2.701171875, 2.1796875, 0.0, 2.62890625, 1.626953125, 0.10546875, 0.12890625, 2.583984375], [3.052734375, 1.4609375, 1.4521484375, 3.0, 0.71142578125, 2.94140625, 1.541015625, 1.861328125, 1.568359375, 2.3671875, 1.529296875, 0.0595703125, 0.34814453125, 3.04296875, 1.583984375, 1.0732421875, 1.875, 1.833984375, 2.85546875, 1.423828125, 0.775390625, 2.818359375, 0.91259765625, 0.05078125, 2.98828125, 0.10693359375, 2.416015625, 1.466796875, 1.2607421875, 2.580078125, 1.51953125, 1.6640625, 0.072265625, 1.474609375, 2.62890625, 0.0, 1.0, 2.734375, 2.7578125, 1.0703125], [2.228515625, 0.4599609375, 2.453125, 2.283203125, 1.7119140625, 1.939453125, 2.541015625, 0.8603515625, 2.5703125, 2.916015625, 0.5283203125, 0.94091796875, 0.65234375, 2.041015625, 0.5830078125, 2.07421875, 0.8740234375, 0.8330078125, 2.427734375, 0.4228515625, 1.7763671875, 2.462890625, 0.087890625, 0.94970703125, 1.986328125, 0.8935546875, 2.865234375, 2.466796875, 2.26171875, 1.580078125, 2.51953125, 2.6640625, 1.072265625, 2.4765625, 1.626953125, 1.0, 0.0, 1.732421875, 1.755859375, 2.0703125], [0.49609375, 1.275390625, 2.09765625, 0.548828125, 2.837890625, 0.20703125, 2.0078125, 0.873046875, 1.98046875, 1.181640625, 1.205078125, 2.673828125, 2.384765625, 0.30859375, 1.150390625, 2.4765625, 0.861328125, 0.900390625, 0.693359375, 1.310546875, 2.7734375, 0.73046875, 1.822265625, 2.68359375, 0.25390625, 2.626953125, 1.1328125, 2.08203125, 2.2890625, 0.154296875, 2.03125, 1.884765625, 2.806640625, 2.07421875, 0.10546875, 2.734375, 1.732421875, 0.0, 0.0234375, 2.478515625], [0.47265625, 1.298828125, 2.07421875, 0.525390625, 2.814453125, 0.18359375, 1.9853515625, 0.896484375, 1.95703125, 1.158203125, 1.228515625, 2.697265625, 2.408203125, 0.28515625, 1.173828125, 2.453125, 0.884765625, 0.923828125, 0.669921875, 1.333984375, 2.75, 0.70703125, 1.845703125, 2.70703125, 0.23046875, 2.650390625, 1.109375, 2.05859375, 2.265625, 0.177734375, 2.0078125, 1.861328125, 2.830078125, 2.05078125, 0.12890625, 2.7578125, 1.755859375, 0.0234375, 0.0, 2.455078125], [1.982421875, 2.53125, 0.38134765625, 1.9296875, 0.359375, 2.271484375, 0.4697265625, 2.931640625, 0.498046875, 1.296875, 2.599609375, 1.130859375, 1.4189453125, 2.169921875, 2.654296875, 0.002685546875, 2.9453125, 2.904296875, 1.78515625, 2.494140625, 0.295166015625, 1.748046875, 1.9833984375, 1.12109375, 2.224609375, 1.177734375, 1.345703125, 0.39599609375, 0.190185546875, 2.6328125, 0.4482421875, 0.59375, 0.99853515625, 0.404296875, 2.583984375, 1.0703125, 2.0703125, 2.478515625, 2.455078125, 0.0]], "coordinates": [[0, 0], [-49, -60], [-32, 39], [69, -53], [-66, -90], [93, 8], [-75, -51], [62, -57], [-99, 52], [74, -72], [0, -21], [-47, 50], [26, 30], [38, 84], [-56, -47], [-100, 95], [60, -17], [-61, 31], [-93, 52], [-52, -98], [-63, 83], [46, 1], [-29, -60], [-7, 50], [67, 76], [-80, -60], [59, 75], [-4, -83], [67, -53], [74, -37], [-92, -22], [92, -81], [84, -99], [88, 78], [77, -62], [-72, -21], [82, 84], [-9, 39], [-83, -34], [-57, -25], [82, -23]], "angles": [-2.255859375, 2.2578125, -0.65478515625, -2.203125, 0.0858154296875, -2.544921875, -0.7431640625, 2.658203125, -0.771484375, -1.5703125, 2.326171875, 0.85693359375, 1.1455078125, -2.443359375, 2.380859375, -0.276123046875, 2.671875, 2.630859375, -2.05859375, 2.220703125, 0.021728515625, -2.021484375, 1.7099609375, 0.84814453125, -2.498046875, 0.904296875, -1.619140625, -0.66943359375, -0.463623046875, -2.90625, -0.7216796875, -0.8671875, 0.72509765625, -0.677734375, -2.857421875, 0.79736328125, 1.7978515625, -2.751953125, -2.728515625, -0.2734375], "demands": [10, 9, 3, 7, 6, 5, 9, 7, 5, 2, 2, 7, 9, 9, 10, 3, 1, 10, 5, 2, 10, 9, 11, 7, 10, 9, 1, 1, 9, 7, 3, 5, 3, 2, 3, 1, 1, 7, 1, 4], "capacity": 50, "Vmax": 19}