{"name": "LZB_n40_20", "n": 40, "m": 5, "times": [[0.0, 118.3125, 76.0, 47.0625, 97.0625, 62.40625, 123.875, 115.25, 101.0, 48.0, 90.9375, 89.4375, 117.375, 52.9375, 100.375, 104.1875, 29.15625, 95.25, 77.9375, 53.34375, 74.3125, 36.78125, 25.171875, 56.40625, 87.8125, 94.4375, 98.5, 99.9375, 41.03125, 76.5, 124.1875, 89.1875, 30.875, 88.75, 9.8515625, 24.078125, 107.5625, 61.71875, 88.5, 124.9375, 127.0], [118.3125, 0.0, 43.40625, 104.0625, 98.1875, 176.125, 175.375, 20.8125, 78.1875, 89.0, 55.0, 187.5, 6.40234375, 144.5, 218.25, 182.25, 100.8125, 56.09375, 173.125, 120.3125, 191.625, 124.875, 139.875, 141.0, 188.0, 198.0, 50.4375, 185.125, 77.625, 43.40625, 19.234375, 72.0, 91.0, 201.875, 114.5625, 134.125, 38.09375, 111.3125, 110.3125, 243.25, 245.375], [76.0, 43.40625, 0.0, 72.0, 72.0, 132.75, 141.75, 47.0625, 73.75, 47.125, 33.40625, 152.625, 43.90625, 102.0625, 176.375, 143.0, 57.4375, 53.0, 130.875, 89.0, 150.125, 88.625, 98.875, 107.4375, 152.375, 155.25, 51.0, 154.125, 36.78125, 17.03125, 54.09375, 46.625, 51.53125, 158.375, 71.5, 90.6875, 49.65625, 72.3125, 93.0, 200.875, 202.875], [47.0625, 104.0625, 72.0, 0.0, 124.0, 104.8125, 167.375, 93.0625, 59.09375, 74.625, 100.6875, 83.5625, 100.6875, 99.625, 125.1875, 150.875, 62.625, 61.53125, 124.9375, 17.0, 98.75, 24.203125, 51.25, 37.0, 84.1875, 140.0, 66.625, 82.3125, 41.21875, 61.96875, 102.5, 106.75, 29.203125, 130.25, 53.5, 71.0, 79.375, 98.5, 41.5, 152.5, 154.75], [97.0625, 98.1875, 72.0, 124.0, 0.0, 123.9375, 79.0625, 112.375, 144.75, 50.6875, 43.5625, 186.5, 102.5625, 80.4375, 182.375, 95.8125, 68.125, 124.9375, 100.6875, 138.75, 160.75, 128.875, 121.1875, 150.0, 184.75, 127.625, 123.0, 196.125, 83.625, 88.6875, 116.0, 26.6875, 95.0, 143.125, 87.5, 93.0625, 120.1875, 40.78125, 157.125, 200.25, 201.75], [62.40625, 176.125, 132.75, 104.8125, 123.9375, 0.0, 107.3125, 175.875, 162.25, 91.0625, 137.375, 98.5, 176.25, 43.9375, 61.0625, 72.375, 75.6875, 157.625, 39.8125, 104.0625, 47.40625, 85.0, 55.03125, 94.625, 94.875, 38.625, 160.875, 119.0625, 101.6875, 136.75, 184.5, 129.0, 93.25, 26.40625, 62.78125, 42.1875, 169.5, 83.5625, 144.0, 76.25, 77.8125], [123.875, 175.375, 141.75, 167.375, 79.0625, 107.3125, 0.0, 187.125, 206.875, 100.3125, 120.5, 200.0, 179.125, 74.5, 166.375, 39.0, 105.5625, 190.875, 68.0, 176.875, 154.5, 160.5, 138.75, 179.0, 196.875, 86.0625, 190.625, 216.875, 136.125, 156.125, 192.0, 103.6875, 140.375, 112.0, 115.1875, 104.6875, 191.375, 72.4375, 207.625, 173.875, 174.625], [115.25, 20.8125, 47.0625, 93.0625, 112.375, 175.875, 187.125, 0.0, 58.84375, 94.125, 68.875, 176.25, 14.421875, 148.375, 213.0, 190.125, 102.4375, 38.0, 177.5, 108.3125, 186.125, 115.6875, 134.375, 129.75, 177.125, 201.0, 32.0, 171.75, 74.375, 39.125, 9.4375, 85.6875, 85.5625, 202.0, 113.1875, 133.75, 18.25, 119.1875, 93.0625, 239.0, 241.125], [101.0, 78.1875, 73.75, 59.09375, 144.75, 162.25, 206.875, 58.84375, 0.0, 106.5625, 106.8125, 132.125, 72.25, 149.125, 183.375, 198.5, 104.0625, 22.828125, 177.0, 67.8125, 157.25, 82.75, 110.125, 88.5, 134.0, 195.375, 27.859375, 122.3125, 71.375, 56.71875, 66.1875, 120.25, 72.0, 188.25, 104.125, 124.5625, 40.59375, 134.375, 37.6875, 211.0, 213.125], [48.0, 89.0, 47.125, 74.625, 50.6875, 91.0625, 100.3125, 94.125, 106.5625, 0.0, 46.65625, 137.0, 90.5, 55.5625, 142.625, 96.5, 19.109375, 91.0625, 84.125, 88.5, 118.3125, 78.1875, 73.0, 99.375, 135.625, 109.0625, 91.375, 145.625, 36.90625, 58.0625, 101.1875, 41.59375, 45.46875, 115.25, 39.125, 51.4375, 94.1875, 27.890625, 111.0625, 164.25, 166.125], [90.9375, 55.0, 33.40625, 100.6875, 43.5625, 137.375, 120.5, 68.875, 106.8125, 46.65625, 0.0, 176.125, 59.125, 99.0625, 188.875, 130.0, 64.5, 85.25, 125.625, 117.25, 164.0, 113.0625, 115.9375, 133.5, 175.375, 152.0, 82.4375, 180.75, 60.40625, 50.25, 72.4375, 17.03125, 75.1875, 161.0, 83.5, 98.0, 77.8125, 60.75, 125.875, 210.875, 212.75], [89.4375, 187.5, 152.625, 83.5625, 186.5, 98.5, 200.0, 176.25, 132.125, 137.0, 176.125, 0.0, 184.25, 126.0625, 71.125, 169.25, 118.5625, 142.125, 136.5, 68.0, 56.875, 63.9375, 65.8125, 46.625, 4.125, 135.375, 147.875, 23.34375, 116.8125, 144.875, 185.625, 177.25, 101.6875, 111.875, 99.0625, 98.5, 161.5, 149.625, 96.875, 96.3125, 98.4375], [117.375, 6.40234375, 43.90625, 100.6875, 102.5625, 176.25, 179.125, 14.421875, 72.25, 90.5, 59.125, 184.25, 0.0, 145.75, 216.75, 184.875, 101.25, 50.5, 174.5, 116.6875, 190.125, 122.0625, 138.25, 137.625, 184.75, 199.0, 44.71875, 181.125, 76.4375, 41.40625, 13.6015625, 76.1875, 89.1875, 202.0, 114.125, 134.0, 31.953125, 113.75, 105.0625, 242.125, 244.25], [52.9375, 144.5, 102.0625, 99.625, 80.4375, 43.9375, 74.5, 148.375, 149.125, 55.5625, 99.0625, 126.0625, 145.75, 0.0, 104.1875, 51.25, 46.875, 138.75, 29.125, 106.0, 86.0, 88.3125, 64.375, 105.4375, 123.1875, 53.53125, 140.375, 142.375, 79.375, 110.4375, 156.0, 88.25, 77.3125, 63.28125, 46.3125, 30.8125, 146.0, 40.8125, 141.125, 120.0625, 121.5625], [100.375, 218.25, 176.375, 125.1875, 182.375, 61.0625, 166.375, 213.0, 183.375, 142.625, 188.875, 71.125, 216.75, 104.1875, 0.0, 129.0, 124.375, 186.125, 98.5, 116.0, 26.875, 101.0, 78.625, 97.1875, 67.0625, 84.5625, 190.75, 94.3125, 140.625, 175.375, 222.25, 183.5, 127.6875, 56.8125, 106.0625, 91.4375, 202.375, 141.625, 154.375, 27.734375, 29.96875], [104.1875, 182.25, 143.0, 150.875, 95.8125, 72.375, 39.0, 190.125, 198.5, 96.5, 130.0, 169.25, 184.875, 51.25, 129.0, 0.0, 94.4375, 186.0, 32.8125, 157.125, 119.6875, 139.125, 113.1875, 155.125, 165.875, 47.09375, 187.0, 188.125, 127.375, 154.5, 196.5, 114.9375, 127.5, 73.5625, 97.4375, 81.375, 190.625, 71.0625, 192.25, 135.125, 135.875], [29.15625, 100.8125, 57.4375, 62.625, 68.125, 75.6875, 105.5625, 102.4375, 104.0625, 19.109375, 64.5, 118.5625, 101.25, 46.875, 124.375, 94.4375, 0.0, 92.125, 75.9375, 74.4375, 99.625, 61.78125, 54.0, 82.75, 116.9375, 98.625, 93.625, 128.125, 33.0, 63.90625, 110.5, 60.65625, 34.875, 101.0625, 20.03125, 34.21875, 99.1875, 36.0625, 102.0625, 146.875, 148.75], [95.25, 56.09375, 53.0, 61.53125, 124.9375, 157.625, 190.875, 38.0, 22.828125, 91.0625, 85.25, 142.125, 50.5, 138.75, 186.125, 186.0, 92.125, 0.0, 167.5, 74.625, 159.5, 85.5625, 109.3125, 96.25, 143.375, 188.0, 6.08203125, 135.5, 59.3125, 36.25, 46.375, 99.5625, 64.5, 184.0, 96.3125, 117.4375, 20.390625, 118.875, 55.09375, 213.25, 215.375], [77.9375, 173.125, 130.875, 124.9375, 100.6875, 39.8125, 68.0, 177.5, 177.0, 84.125, 125.625, 136.5, 174.5, 29.125, 98.5, 32.8125, 75.9375, 167.5, 0.0, 129.0, 87.25, 110.375, 82.75, 124.75, 133.125, 27.015625, 169.375, 155.75, 108.1875, 139.5, 185.0, 113.1875, 105.0, 46.28125, 73.0625, 53.9375, 175.125, 65.1875, 166.25, 108.0625, 109.125], [53.34375, 120.3125, 89.0, 17.0, 138.75, 104.0625, 176.875, 108.3125, 67.8125, 88.5, 117.25, 68.0, 116.6875, 106.0, 116.0, 157.125, 74.4375, 74.625, 129.0, 0.0, 90.375, 19.109375, 49.03125, 21.640625, 68.9375, 141.125, 80.125, 65.375, 57.28125, 78.75, 117.6875, 122.6875, 43.875, 128.25, 61.625, 75.75, 93.625, 110.4375, 40.4375, 143.625, 145.875], [74.3125, 191.625, 150.125, 98.75, 160.75, 47.40625, 154.5, 186.125, 157.25, 118.3125, 164.0, 56.875, 190.125, 86.0, 26.875, 119.6875, 99.625, 159.5, 87.25, 90.375, 0.0, 74.625, 51.84375, 72.8125, 52.8125, 80.625, 164.0, 79.6875, 114.0625, 148.625, 195.375, 159.625, 100.875, 55.46875, 80.625, 68.0625, 175.5, 120.25, 129.75, 53.8125, 56.03125], [36.78125, 124.875, 88.625, 24.203125, 128.875, 85.0, 160.5, 115.6875, 82.75, 78.1875, 113.0625, 63.9375, 122.0625, 88.3125, 101.0, 139.125, 61.78125, 85.5625, 110.375, 19.109375, 74.625, 0.0, 30.0, 21.1875, 63.78125, 122.0625, 90.5, 68.0625, 53.09375, 81.6875, 125.125, 115.9375, 38.0, 109.375, 46.0, 57.71875, 102.9375, 97.0625, 59.125, 128.375, 130.625], [25.171875, 139.875, 98.875, 51.25, 121.1875, 55.03125, 138.75, 134.375, 110.125, 73.0, 115.9375, 65.8125, 138.25, 64.375, 78.625, 113.1875, 54.0, 109.3125, 82.75, 49.03125, 51.84375, 30.0, 0.0, 42.0625, 63.78125, 92.375, 113.4375, 79.0625, 62.4375, 96.8125, 143.625, 114.375, 49.03125, 79.5, 34.0, 34.21875, 124.3125, 83.8125, 89.0625, 104.75, 106.875], [56.40625, 141.0, 107.4375, 37.0, 150.0, 94.625, 179.0, 129.75, 88.5, 99.375, 133.5, 46.625, 137.625, 105.4375, 97.1875, 155.125, 82.75, 96.25, 124.75, 21.640625, 72.8125, 21.1875, 42.0625, 0.0, 47.40625, 133.0, 101.8125, 47.25, 73.125, 98.6875, 139.125, 136.875, 58.3125, 116.5, 66.0, 74.625, 115.25, 117.6875, 57.28125, 124.875, 127.125], [87.8125, 188.0, 152.375, 84.1875, 184.75, 94.875, 196.875, 177.125, 134.0, 135.625, 175.375, 4.125, 184.75, 123.1875, 67.0625, 165.875, 116.9375, 143.375, 133.125, 68.9375, 52.8125, 63.78125, 63.78125, 47.40625, 0.0, 131.625, 149.0, 27.453125, 116.375, 145.125, 186.5, 176.125, 101.25, 107.9375, 97.3125, 96.0, 162.625, 147.5, 99.1875, 92.4375, 94.5], [94.4375, 198.0, 155.25, 140.0, 127.625, 38.625, 86.0625, 201.0, 195.375, 109.0625, 152.0, 135.375, 199.0, 53.53125, 84.5625, 47.09375, 98.625, 188.0, 27.015625, 141.125, 80.625, 122.0625, 92.375, 133.0, 131.625, 0.0, 190.375, 156.75, 129.375, 162.5, 208.875, 140.0, 123.9375, 27.734375, 91.8125, 70.875, 197.375, 91.9375, 180.375, 88.125, 88.8125], [98.5, 50.4375, 51.0, 66.625, 123.0, 160.875, 190.625, 32.0, 27.859375, 91.375, 82.4375, 147.875, 44.71875, 140.375, 190.75, 187.0, 93.625, 6.08203125, 169.375, 80.125, 164.0, 90.5, 113.4375, 101.8125, 149.0, 190.375, 0.0, 141.5, 61.1875, 34.78125, 40.3125, 97.25, 67.625, 187.25, 99.0, 120.1875, 14.3203125, 118.9375, 61.125, 217.75, 219.875], [99.9375, 185.125, 154.125, 82.3125, 196.125, 119.0625, 216.875, 171.75, 122.3125, 145.625, 180.75, 23.34375, 181.125, 142.375, 94.3125, 188.125, 128.125, 135.5, 155.75, 65.375, 79.6875, 68.0625, 79.0625, 47.25, 27.453125, 156.75, 141.5, 0.0, 120.3125, 144.125, 180.875, 184.0, 105.5625, 134.125, 109.75, 113.1875, 155.625, 161.5, 85.125, 119.0625, 121.125], [41.03125, 77.625, 36.78125, 41.21875, 83.625, 101.6875, 136.125, 74.375, 71.375, 36.90625, 60.40625, 116.8125, 76.4375, 79.375, 140.625, 127.375, 33.0, 59.3125, 108.1875, 57.28125, 114.0625, 53.09375, 62.4375, 73.125, 116.375, 129.375, 61.1875, 120.3125, 0.0, 35.46875, 83.25, 65.5625, 15.1328125, 128.0, 38.9375, 59.9375, 68.125, 63.96875, 74.4375, 165.75, 167.875], [76.5, 43.40625, 17.03125, 61.96875, 88.6875, 136.75, 156.125, 39.125, 56.71875, 58.0625, 50.25, 144.875, 41.40625, 110.4375, 175.375, 154.5, 63.90625, 36.25, 139.5, 78.75, 148.625, 81.6875, 96.8125, 98.6875, 145.125, 162.5, 34.78125, 144.125, 35.46875, 0.0, 47.8125, 63.59375, 47.8125, 162.875, 74.0625, 94.6875, 36.125, 85.125, 77.625, 201.0, 203.0], [124.1875, 19.234375, 54.09375, 102.5, 116.0, 184.5, 192.0, 9.4375, 66.1875, 101.1875, 72.4375, 185.625, 13.6015625, 156.0, 222.25, 196.5, 110.5, 46.375, 185.0, 117.6875, 195.375, 125.125, 143.625, 139.125, 186.5, 208.875, 40.3125, 180.875, 83.25, 47.8125, 0.0, 89.4375, 94.75, 210.5, 121.8125, 142.25, 26.078125, 125.5, 101.375, 248.25, 250.375], [89.1875, 72.0, 46.625, 106.75, 26.6875, 129.0, 103.6875, 85.6875, 120.25, 41.59375, 17.03125, 177.25, 76.1875, 88.25, 183.5, 114.9375, 60.65625, 99.5625, 113.1875, 122.6875, 159.625, 115.9375, 114.375, 136.875, 176.125, 140.0, 97.25, 184.0, 65.5625, 63.59375, 89.4375, 0.0, 79.125, 151.25, 80.625, 92.0, 93.75, 48.09375, 136.0, 204.0, 205.75], [30.875, 91.0, 51.53125, 29.203125, 95.0, 93.25, 140.375, 85.5625, 72.0, 45.46875, 75.1875, 101.6875, 89.1875, 77.3125, 127.6875, 127.5, 34.875, 64.5, 105.0, 43.875, 100.875, 38.0, 49.03125, 58.3125, 101.25, 123.9375, 67.625, 105.5625, 15.1328125, 47.8125, 94.75, 79.125, 0.0, 119.625, 32.25, 53.15625, 76.875, 70.0, 67.25, 153.5, 155.625], [88.75, 201.875, 158.375, 130.25, 143.125, 26.40625, 112.0, 202.0, 188.25, 115.25, 161.0, 111.875, 202.0, 63.28125, 56.8125, 73.5625, 101.0625, 184.0, 46.28125, 128.25, 55.46875, 109.375, 79.5, 116.5, 107.9375, 27.734375, 187.25, 134.125, 128.0, 162.875, 210.5, 151.25, 119.625, 0.0, 89.0625, 68.25, 195.875, 104.125, 168.5, 62.03125, 63.0], [9.8515625, 114.5625, 71.5, 53.5, 87.5, 62.78125, 115.1875, 113.1875, 104.125, 39.125, 83.5, 99.0625, 114.125, 46.3125, 106.0625, 97.4375, 20.03125, 96.3125, 73.0625, 61.625, 80.625, 46.0, 34.0, 66.0, 97.3125, 91.8125, 99.0, 109.75, 38.9375, 74.0625, 121.8125, 80.625, 32.25, 89.0625, 0.0, 21.1875, 106.9375, 51.875, 94.875, 129.625, 131.625], [24.078125, 134.125, 90.6875, 71.0, 93.0625, 42.1875, 104.6875, 133.75, 124.5625, 51.4375, 98.0, 98.5, 134.0, 30.8125, 91.4375, 81.375, 34.21875, 117.4375, 53.9375, 75.75, 68.0625, 57.71875, 34.21875, 74.625, 96.0, 70.875, 120.1875, 113.1875, 59.9375, 94.6875, 142.25, 92.0, 53.15625, 68.25, 21.1875, 0.0, 128.0, 53.15625, 112.375, 112.875, 114.75], [107.5625, 38.09375, 49.65625, 79.375, 120.1875, 169.5, 191.375, 18.25, 40.59375, 94.1875, 77.8125, 161.5, 31.953125, 146.0, 202.375, 190.625, 99.1875, 20.390625, 175.125, 93.625, 175.5, 102.9375, 124.3125, 115.25, 162.625, 197.375, 14.3203125, 155.625, 68.125, 36.125, 26.078125, 93.75, 76.875, 195.875, 106.9375, 128.0, 0.0, 121.0, 75.3125, 229.0, 231.125], [61.71875, 111.3125, 72.3125, 98.5, 40.78125, 83.5625, 72.4375, 119.1875, 134.375, 27.890625, 60.75, 149.625, 113.75, 40.8125, 141.625, 71.0625, 36.0625, 118.875, 65.1875, 110.4375, 120.25, 97.0625, 83.8125, 117.6875, 147.5, 91.9375, 118.9375, 161.5, 63.96875, 85.125, 125.5, 48.09375, 70.0, 104.125, 51.875, 53.15625, 121.0, 0.0, 137.0, 159.75, 161.25], [88.5, 110.3125, 93.0, 41.5, 157.125, 144.0, 207.625, 93.0625, 37.6875, 111.0625, 125.875, 96.875, 105.0625, 141.125, 154.375, 192.25, 102.0625, 55.09375, 166.25, 40.4375, 129.75, 59.125, 89.0625, 57.28125, 99.1875, 180.375, 61.125, 85.125, 74.4375, 77.625, 101.375, 136.0, 67.25, 168.5, 94.875, 112.375, 75.3125, 137.0, 0.0, 182.125, 184.375], [124.9375, 243.25, 200.875, 152.5, 200.25, 76.25, 173.875, 239.0, 211.0, 164.25, 210.875, 96.3125, 242.125, 120.0625, 27.734375, 135.125, 146.875, 213.25, 108.0625, 143.625, 53.8125, 128.375, 104.75, 124.875, 92.4375, 88.125, 217.75, 119.0625, 165.75, 201.0, 248.25, 204.0, 153.5, 62.03125, 129.625, 112.875, 229.0, 159.75, 182.125, 0.0, 2.236328125], [127.0, 245.375, 202.875, 154.75, 201.75, 77.8125, 174.625, 241.125, 213.125, 166.125, 212.75, 98.4375, 244.25, 121.5625, 29.96875, 135.875, 148.75, 215.375, 109.125, 145.875, 56.03125, 130.625, 106.875, 127.125, 94.5, 88.8125, 219.875, 121.125, 167.875, 203.0, 250.375, 205.75, 155.625, 63.0, 131.625, 114.75, 231.125, 161.25, 184.375, 2.236328125, 0.0]], "angleGap": [[0.0, 0.103515625, 1.064453125, 0.927734375, 2.66796875, 1.6201171875, 0.17578125, 0.7109375, 0.7412109375, 0.46484375, 2.240234375, 0.052734375, 1.9033203125, 3.001953125, 1.91796875, 0.8232421875, 0.486328125, 2.13671875, 1.380859375, 2.927734375, 1.595703125, 2.541015625, 1.775390625, 2.283203125, 2.38671875, 0.431640625, 2.021484375, 0.099609375, 0.12109375, 0.150390625, 0.6533203125, 0.416015625, 2.68359375, 1.138671875, 2.20703125, 0.32421875, 1.19140625, 1.087890625, 3.115234375, 3.123046875], [0.103515625, 0.0, 1.166015625, 0.82421875, 2.564453125, 1.5166015625, 0.279296875, 0.814453125, 0.6376953125, 0.361328125, 2.345703125, 0.15625, 1.7998046875, 3.103515625, 1.814453125, 0.7197265625, 0.58984375, 2.033203125, 1.486328125, 3.029296875, 1.701171875, 2.64453125, 1.876953125, 2.388671875, 2.283203125, 0.53515625, 2.123046875, 0.203125, 0.224609375, 0.25390625, 0.5498046875, 0.51953125, 2.580078125, 1.03515625, 2.103515625, 0.427734375, 1.087890625, 1.193359375, 3.0625, 3.056640625], [1.064453125, 1.166015625, 0.0, 1.994140625, 2.55078125, 2.685546875, 0.888671875, 0.353515625, 1.806640625, 1.529296875, 1.1767578125, 1.009765625, 2.96875, 1.9365234375, 2.982421875, 1.888671875, 0.580078125, 3.08203125, 0.31640625, 1.8623046875, 0.533203125, 1.4765625, 0.708984375, 1.2197265625, 2.83203125, 0.634765625, 0.9560546875, 0.962890625, 0.943359375, 0.916015625, 1.716796875, 0.650390625, 2.53515625, 2.205078125, 3.01171875, 0.740234375, 2.255859375, 0.025390625, 2.05078125, 2.05859375], [0.927734375, 0.82421875, 1.994140625, 0.0, 1.740234375, 0.6923828125, 1.103515625, 1.638671875, 0.1865234375, 0.462890625, 3.11328125, 0.98046875, 0.9755859375, 2.35546875, 0.990234375, 0.1044921875, 1.4140625, 1.208984375, 2.30859375, 2.4296875, 2.525390625, 2.814453125, 2.701171875, 3.0703125, 1.458984375, 1.359375, 2.947265625, 1.02734375, 1.048828125, 1.078125, 0.2744140625, 1.34375, 1.755859375, 0.2109375, 1.2802734375, 1.251953125, 0.263671875, 2.017578125, 2.23828125, 2.232421875], [2.66796875, 2.564453125, 2.55078125, 1.740234375, 0.0, 1.048828125, 2.84375, 2.904296875, 1.927734375, 2.203125, 1.373046875, 2.720703125, 0.7646484375, 0.61376953125, 0.7509765625, 1.845703125, 3.12890625, 0.5322265625, 2.234375, 0.68798828125, 2.017578125, 1.07421875, 1.841796875, 1.330078125, 0.281982421875, 3.099609375, 1.59375, 2.767578125, 2.7890625, 2.818359375, 2.015625, 3.083984375, 0.015625, 1.529296875, 0.46044921875, 2.9921875, 1.4765625, 2.525390625, 0.49853515625, 0.49169921875], [1.6201171875, 1.5166015625, 2.685546875, 0.6923828125, 1.048828125, 0.0, 1.7958984375, 2.33203125, 0.87890625, 1.1552734375, 2.421875, 1.6728515625, 0.283447265625, 1.662109375, 0.297607421875, 0.796875, 2.10546875, 0.5166015625, 3.001953125, 1.736328125, 3.06640625, 2.12109375, 2.890625, 2.37890625, 0.7666015625, 2.05078125, 2.642578125, 1.7197265625, 1.7412109375, 1.7705078125, 0.966796875, 2.03515625, 1.064453125, 0.4814453125, 0.587890625, 1.9443359375, 0.4287109375, 2.708984375, 1.546875, 1.5400390625], [0.17578125, 0.279296875, 0.888671875, 1.103515625, 2.84375, 1.7958984375, 0.0, 0.53515625, 0.9169921875, 0.640625, 2.064453125, 0.123046875, 2.080078125, 2.826171875, 2.09375, 0.9990234375, 0.310546875, 2.3125, 1.205078125, 2.751953125, 1.423828125, 2.365234375, 1.595703125, 2.107421875, 2.5625, 0.255859375, 1.845703125, 0.076171875, 0.0546875, 0.025390625, 0.8291015625, 0.240234375, 2.859375, 1.314453125, 2.3828125, 0.1484375, 1.3671875, 0.916015625, 2.939453125, 2.947265625], [0.7109375, 0.814453125, 0.353515625, 1.638671875, 2.904296875, 2.33203125, 0.53515625, 0.0, 1.4521484375, 1.17578125, 1.529296875, 0.658203125, 2.615234375, 2.291015625, 2.62890625, 1.5341796875, 0.224609375, 2.84765625, 0.669921875, 2.216796875, 0.884765625, 1.830078125, 1.064453125, 1.572265625, 3.09765625, 0.279296875, 1.310546875, 0.611328125, 0.58984375, 0.560546875, 1.3642578125, 0.294921875, 2.888671875, 1.849609375, 2.91796875, 0.38671875, 1.90234375, 0.376953125, 2.404296875, 2.412109375], [0.7412109375, 0.6376953125, 1.806640625, 0.1865234375, 1.927734375, 0.87890625, 0.9169921875, 1.4521484375, 0.0, 0.2763671875, 2.982421875, 0.7939453125, 1.162109375, 2.541015625, 1.1767578125, 0.08203125, 1.2275390625, 1.3955078125, 2.123046875, 2.615234375, 2.337890625, 3.0, 2.513671875, 3.025390625, 1.6455078125, 1.1728515625, 2.76171875, 0.8408203125, 0.8623046875, 0.8916015625, 0.087890625, 1.1572265625, 1.943359375, 0.3974609375, 1.466796875, 1.0654296875, 0.4501953125, 1.830078125, 2.42578125, 2.41796875], [0.46484375, 0.361328125, 1.529296875, 0.462890625, 2.203125, 1.1552734375, 0.640625, 1.17578125, 0.2763671875, 0.0, 2.705078125, 0.517578125, 1.4384765625, 2.81640625, 1.453125, 0.3583984375, 0.951171875, 1.671875, 1.845703125, 2.890625, 2.064453125, 3.005859375, 2.236328125, 2.748046875, 1.921875, 0.896484375, 2.486328125, 0.564453125, 0.5859375, 0.615234375, 0.1884765625, 0.880859375, 2.21875, 0.673828125, 1.7431640625, 0.7890625, 0.7265625, 1.556640625, 2.703125, 2.6953125], [2.240234375, 2.345703125, 1.1767578125, 3.11328125, 1.373046875, 2.421875, 2.064453125, 1.529296875, 2.982421875, 2.705078125, 0.0, 2.189453125, 2.138671875, 0.759765625, 2.125, 3.064453125, 1.755859375, 1.9052734375, 0.8603515625, 0.685546875, 0.6435546875, 0.2998046875, 0.4677734375, 0.04296875, 1.6552734375, 1.810546875, 0.220703125, 2.142578125, 2.119140625, 2.091796875, 2.89453125, 1.826171875, 1.357421875, 2.90234375, 1.833984375, 1.916015625, 2.8515625, 1.1513671875, 0.875, 0.8818359375], [0.052734375, 0.15625, 1.009765625, 0.98046875, 2.720703125, 1.6728515625, 0.123046875, 0.658203125, 0.7939453125, 0.517578125, 2.189453125, 0.0, 1.9560546875, 2.947265625, 1.970703125, 0.8759765625, 0.43359375, 2.189453125, 1.330078125, 2.873046875, 1.544921875, 2.48828125, 1.720703125, 2.232421875, 2.439453125, 0.37890625, 1.966796875, 0.046875, 0.068359375, 0.09765625, 0.7060546875, 0.36328125, 2.736328125, 1.19140625, 2.259765625, 0.271484375, 1.244140625, 1.037109375, 3.064453125, 3.0703125], [1.9033203125, 1.7998046875, 2.96875, 0.9755859375, 0.7646484375, 0.283447265625, 2.080078125, 2.615234375, 1.162109375, 1.4384765625, 2.138671875, 1.9560546875, 0.0, 1.37890625, 0.01416015625, 1.080078125, 2.390625, 0.23291015625, 2.998046875, 1.453125, 2.78125, 1.8388671875, 2.60546875, 2.095703125, 0.48291015625, 2.3359375, 2.359375, 2.00390625, 2.025390625, 2.0546875, 1.25, 2.3203125, 0.7802734375, 0.7646484375, 0.30419921875, 2.228515625, 0.7119140625, 2.994140625, 1.263671875, 1.2568359375], [3.001953125, 3.103515625, 1.9365234375, 2.35546875, 0.61376953125, 1.662109375, 2.826171875, 2.291015625, 2.541015625, 2.81640625, 0.759765625, 2.947265625, 1.37890625, 0.0, 1.3642578125, 2.458984375, 2.513671875, 1.1455078125, 1.6201171875, 0.07421875, 1.4033203125, 0.4599609375, 1.2275390625, 0.716796875, 0.8955078125, 2.568359375, 0.98046875, 2.900390625, 2.880859375, 2.849609375, 2.62890625, 2.583984375, 0.59814453125, 2.14453125, 1.07421875, 2.677734375, 2.08984375, 1.9111328125, 0.115234375, 0.1220703125], [1.91796875, 1.814453125, 2.982421875, 0.990234375, 0.7509765625, 0.297607421875, 2.09375, 2.62890625, 1.1767578125, 1.453125, 2.125, 1.970703125, 0.01416015625, 1.3642578125, 0.0, 1.0947265625, 2.404296875, 0.21875, 2.984375, 1.4384765625, 2.767578125, 1.82421875, 2.591796875, 2.08203125, 0.46875, 2.349609375, 2.345703125, 2.017578125, 2.0390625, 2.068359375, 1.2646484375, 2.333984375, 0.7666015625, 0.779296875, 0.2900390625, 2.2421875, 0.7265625, 3.0078125, 1.2490234375, 1.2421875], [0.8232421875, 0.7197265625, 1.888671875, 0.1044921875, 1.845703125, 0.796875, 0.9990234375, 1.5341796875, 0.08203125, 0.3583984375, 3.064453125, 0.8759765625, 1.080078125, 2.458984375, 1.0947265625, 0.0, 1.3095703125, 1.3134765625, 2.205078125, 2.533203125, 2.419921875, 2.91796875, 2.595703125, 3.107421875, 1.5634765625, 1.2548828125, 2.84375, 0.9228515625, 0.9443359375, 0.9736328125, 0.169921875, 1.2392578125, 1.861328125, 0.3154296875, 1.384765625, 1.1474609375, 0.3681640625, 1.912109375, 2.34375, 2.3359375], [0.486328125, 0.58984375, 0.580078125, 1.4140625, 3.12890625, 2.10546875, 0.310546875, 0.224609375, 1.2275390625, 0.951171875, 1.755859375, 0.43359375, 2.390625, 2.513671875, 2.404296875, 1.3095703125, 0.0, 2.623046875, 0.892578125, 2.439453125, 1.111328125, 2.056640625, 1.287109375, 1.798828125, 2.873046875, 0.0546875, 1.533203125, 0.38671875, 0.365234375, 0.3359375, 1.1396484375, 0.0703125, 3.11328125, 1.625, 2.693359375, 0.162109375, 1.677734375, 0.603515625, 2.630859375, 2.63671875], [2.13671875, 2.033203125, 3.08203125, 1.208984375, 0.5322265625, 0.5166015625, 2.3125, 2.84765625, 1.3955078125, 1.671875, 1.9052734375, 2.189453125, 0.23291015625, 1.1455078125, 0.21875, 1.3134765625, 2.623046875, 0.0, 2.765625, 1.2197265625, 2.548828125, 1.60546875, 2.373046875, 1.8623046875, 0.25, 2.568359375, 2.126953125, 2.236328125, 2.2578125, 2.287109375, 1.4833984375, 2.552734375, 0.5478515625, 0.998046875, 0.0714111328125, 2.4609375, 0.9453125, 3.056640625, 1.0302734375, 1.0234375], [1.380859375, 1.486328125, 0.31640625, 2.30859375, 2.234375, 3.001953125, 1.205078125, 0.669921875, 2.123046875, 1.845703125, 0.8603515625, 1.330078125, 2.998046875, 1.6201171875, 2.984375, 2.205078125, 0.892578125, 2.765625, 0.0, 1.5458984375, 0.216796875, 1.16015625, 0.392578125, 0.9033203125, 2.515625, 0.947265625, 0.6396484375, 1.283203125, 1.259765625, 1.228515625, 2.033203125, 0.962890625, 2.21875, 2.51953125, 2.6953125, 1.056640625, 2.572265625, 0.291015625, 1.7353515625, 1.7421875], [2.927734375, 3.029296875, 1.8623046875, 2.4296875, 0.68798828125, 1.736328125, 2.751953125, 2.216796875, 2.615234375, 2.890625, 0.685546875, 2.873046875, 1.453125, 0.07421875, 1.4384765625, 2.533203125, 2.439453125, 1.2197265625, 1.5458984375, 0.0, 1.3291015625, 0.3857421875, 1.1533203125, 0.642578125, 0.9697265625, 2.494140625, 0.90625, 2.826171875, 2.806640625, 2.775390625, 2.703125, 2.509765625, 0.67236328125, 2.21875, 1.1484375, 2.603515625, 2.1640625, 1.8369140625, 0.189453125, 0.1962890625], [1.595703125, 1.701171875, 0.533203125, 2.525390625, 2.017578125, 3.06640625, 1.423828125, 0.884765625, 2.337890625, 2.064453125, 0.6435546875, 1.544921875, 2.78125, 1.4033203125, 2.767578125, 2.419921875, 1.111328125, 2.548828125, 0.216796875, 1.3291015625, 0.0, 0.943359375, 0.17578125, 0.6865234375, 2.298828125, 1.166015625, 0.4228515625, 1.498046875, 1.478515625, 1.447265625, 2.251953125, 1.181640625, 2.001953125, 2.736328125, 2.478515625, 1.275390625, 2.7890625, 0.5078125, 1.5185546875, 1.525390625], [2.541015625, 2.64453125, 1.4765625, 2.814453125, 1.07421875, 2.12109375, 2.365234375, 1.830078125, 3.0, 3.005859375, 0.2998046875, 2.48828125, 1.8388671875, 0.4599609375, 1.82421875, 2.91796875, 2.056640625, 1.60546875, 1.16015625, 0.3857421875, 0.943359375, 0.0, 0.767578125, 0.2568359375, 1.35546875, 2.111328125, 0.5205078125, 2.44140625, 2.419921875, 2.390625, 3.08984375, 2.126953125, 1.05859375, 2.603515625, 1.5341796875, 2.216796875, 2.55078125, 1.451171875, 0.5751953125, 0.58203125], [1.775390625, 1.876953125, 0.708984375, 2.701171875, 1.841796875, 2.890625, 1.595703125, 1.064453125, 2.513671875, 2.236328125, 0.4677734375, 1.720703125, 2.60546875, 1.2275390625, 2.591796875, 2.595703125, 1.287109375, 2.373046875, 0.392578125, 1.1533203125, 0.17578125, 0.767578125, 0.0, 0.5107421875, 2.123046875, 1.341796875, 0.2470703125, 1.673828125, 1.650390625, 1.623046875, 2.427734375, 1.357421875, 1.826171875, 2.912109375, 2.302734375, 1.447265625, 2.96484375, 0.68359375, 1.3427734375, 1.349609375], [2.283203125, 2.388671875, 1.2197265625, 3.0703125, 1.330078125, 2.37890625, 2.107421875, 1.572265625, 3.025390625, 2.748046875, 0.04296875, 2.232421875, 2.095703125, 0.716796875, 2.08203125, 3.107421875, 1.798828125, 1.8623046875, 0.9033203125, 0.642578125, 0.6865234375, 0.2568359375, 0.5107421875, 0.0, 1.6123046875, 1.853515625, 0.263671875, 2.185546875, 2.162109375, 2.134765625, 2.9375, 1.869140625, 1.314453125, 2.859375, 1.791015625, 1.958984375, 2.80859375, 1.1943359375, 0.83203125, 0.8388671875], [2.38671875, 2.283203125, 2.83203125, 1.458984375, 0.281982421875, 0.7666015625, 2.5625, 3.09765625, 1.6455078125, 1.921875, 1.6552734375, 2.439453125, 0.48291015625, 0.8955078125, 0.46875, 1.5634765625, 2.873046875, 0.25, 2.515625, 0.9697265625, 2.298828125, 1.35546875, 2.123046875, 1.6123046875, 0.0, 2.818359375, 1.8759765625, 2.486328125, 2.5078125, 2.537109375, 1.7333984375, 2.802734375, 0.297607421875, 1.248046875, 0.1785888671875, 2.7109375, 1.1953125, 2.806640625, 0.7802734375, 0.7734375], [0.431640625, 0.53515625, 0.634765625, 1.359375, 3.099609375, 2.05078125, 0.255859375, 0.279296875, 1.1728515625, 0.896484375, 1.810546875, 0.37890625, 2.3359375, 2.568359375, 2.349609375, 1.2548828125, 0.0546875, 2.568359375, 0.947265625, 2.494140625, 1.166015625, 2.111328125, 1.341796875, 1.853515625, 2.818359375, 0.0, 1.587890625, 0.33203125, 0.310546875, 0.28125, 1.0849609375, 0.015625, 3.115234375, 1.5703125, 2.638671875, 0.107421875, 1.623046875, 0.658203125, 2.685546875, 2.69140625], [2.021484375, 2.123046875, 0.9560546875, 2.947265625, 1.59375, 2.642578125, 1.845703125, 1.310546875, 2.76171875, 2.486328125, 0.220703125, 1.966796875, 2.359375, 0.98046875, 2.345703125, 2.84375, 1.533203125, 2.126953125, 0.6396484375, 0.90625, 0.4228515625, 0.5205078125, 0.2470703125, 0.263671875, 1.8759765625, 1.587890625, 0.0, 1.919921875, 1.900390625, 1.869140625, 2.673828125, 1.603515625, 1.578125, 3.125, 2.0546875, 1.697265625, 3.0703125, 0.9306640625, 1.095703125, 1.1025390625], [0.099609375, 0.203125, 0.962890625, 1.02734375, 2.767578125, 1.7197265625, 0.076171875, 0.611328125, 0.8408203125, 0.564453125, 2.142578125, 0.046875, 2.00390625, 2.900390625, 2.017578125, 0.9228515625, 0.38671875, 2.236328125, 1.283203125, 2.826171875, 1.498046875, 2.44140625, 1.673828125, 2.185546875, 2.486328125, 0.33203125, 1.919921875, 0.0, 0.021484375, 0.05078125, 0.7529296875, 0.31640625, 2.783203125, 1.23828125, 2.306640625, 0.224609375, 1.291015625, 0.990234375, 3.017578125, 3.0234375], [0.12109375, 0.224609375, 0.943359375, 1.048828125, 2.7890625, 1.7412109375, 0.0546875, 0.58984375, 0.8623046875, 0.5859375, 2.119140625, 0.068359375, 2.025390625, 2.880859375, 2.0390625, 0.9443359375, 0.365234375, 2.2578125, 1.259765625, 2.806640625, 1.478515625, 2.419921875, 1.650390625, 2.162109375, 2.5078125, 0.310546875, 1.900390625, 0.021484375, 0.0, 0.029296875, 0.7744140625, 0.294921875, 2.8046875, 1.259765625, 2.328125, 0.203125, 1.3125, 0.970703125, 2.994140625, 3.001953125], [0.150390625, 0.25390625, 0.916015625, 1.078125, 2.818359375, 1.7705078125, 0.025390625, 0.560546875, 0.8916015625, 0.615234375, 2.091796875, 0.09765625, 2.0546875, 2.849609375, 2.068359375, 0.9736328125, 0.3359375, 2.287109375, 1.228515625, 2.775390625, 1.447265625, 2.390625, 1.623046875, 2.134765625, 2.537109375, 0.28125, 1.869140625, 0.05078125, 0.029296875, 0.0, 0.8037109375, 0.265625, 2.833984375, 1.2890625, 2.357421875, 0.173828125, 1.341796875, 0.939453125, 2.966796875, 2.97265625], [0.6533203125, 0.5498046875, 1.716796875, 0.2744140625, 2.015625, 0.966796875, 0.8291015625, 1.3642578125, 0.087890625, 0.1884765625, 2.89453125, 0.7060546875, 1.25, 2.62890625, 1.2646484375, 0.169921875, 1.1396484375, 1.4833984375, 2.033203125, 2.703125, 2.251953125, 3.08984375, 2.427734375, 2.9375, 1.7333984375, 1.0849609375, 2.673828125, 0.7529296875, 0.7744140625, 0.8037109375, 0.0, 1.0693359375, 2.03125, 0.4853515625, 1.5546875, 0.9775390625, 0.5380859375, 1.744140625, 2.513671875, 2.5078125], [0.416015625, 0.51953125, 0.650390625, 1.34375, 3.083984375, 2.03515625, 0.240234375, 0.294921875, 1.1572265625, 0.880859375, 1.826171875, 0.36328125, 2.3203125, 2.583984375, 2.333984375, 1.2392578125, 0.0703125, 2.552734375, 0.962890625, 2.509765625, 1.181640625, 2.126953125, 1.357421875, 1.869140625, 2.802734375, 0.015625, 1.603515625, 0.31640625, 0.294921875, 0.265625, 1.0693359375, 0.0, 3.099609375, 1.5546875, 2.623046875, 0.091796875, 1.607421875, 0.673828125, 2.701171875, 2.70703125], [2.68359375, 2.580078125, 2.53515625, 1.755859375, 0.015625, 1.064453125, 2.859375, 2.888671875, 1.943359375, 2.21875, 1.357421875, 2.736328125, 0.7802734375, 0.59814453125, 0.7666015625, 1.861328125, 3.11328125, 0.5478515625, 2.21875, 0.67236328125, 2.001953125, 1.05859375, 1.826171875, 1.314453125, 0.297607421875, 3.115234375, 1.578125, 2.783203125, 2.8046875, 2.833984375, 2.03125, 3.099609375, 0.0, 1.544921875, 0.47607421875, 3.0078125, 1.4921875, 2.509765625, 0.48291015625, 0.47607421875], [1.138671875, 1.03515625, 2.205078125, 0.2109375, 1.529296875, 0.4814453125, 1.314453125, 1.849609375, 0.3974609375, 0.673828125, 2.90234375, 1.19140625, 0.7646484375, 2.14453125, 0.779296875, 0.3154296875, 1.625, 0.998046875, 2.51953125, 2.21875, 2.736328125, 2.603515625, 2.912109375, 2.859375, 1.248046875, 1.5703125, 3.125, 1.23828125, 1.259765625, 1.2890625, 0.4853515625, 1.5546875, 1.544921875, 0.0, 1.0693359375, 1.462890625, 0.052734375, 2.228515625, 2.02734375, 2.021484375], [2.20703125, 2.103515625, 3.01171875, 1.2802734375, 0.46044921875, 0.587890625, 2.3828125, 2.91796875, 1.466796875, 1.7431640625, 1.833984375, 2.259765625, 0.30419921875, 1.07421875, 0.2900390625, 1.384765625, 2.693359375, 0.0714111328125, 2.6953125, 1.1484375, 2.478515625, 1.5341796875, 2.302734375, 1.791015625, 0.1785888671875, 2.638671875, 2.0546875, 2.306640625, 2.328125, 2.357421875, 1.5546875, 2.623046875, 0.47607421875, 1.0693359375, 0.0, 2.53125, 1.0166015625, 2.986328125, 0.958984375, 0.9521484375], [0.32421875, 0.427734375, 0.740234375, 1.251953125, 2.9921875, 1.9443359375, 0.1484375, 0.38671875, 1.0654296875, 0.7890625, 1.916015625, 0.271484375, 2.228515625, 2.677734375, 2.2421875, 1.1474609375, 0.162109375, 2.4609375, 1.056640625, 2.603515625, 1.275390625, 2.216796875, 1.447265625, 1.958984375, 2.7109375, 0.107421875, 1.697265625, 0.224609375, 0.203125, 0.173828125, 0.9775390625, 0.091796875, 3.0078125, 1.462890625, 2.53125, 0.0, 1.515625, 0.767578125, 2.791015625, 2.798828125], [1.19140625, 1.087890625, 2.255859375, 0.263671875, 1.4765625, 0.4287109375, 1.3671875, 1.90234375, 0.4501953125, 0.7265625, 2.8515625, 1.244140625, 0.7119140625, 2.08984375, 0.7265625, 0.3681640625, 1.677734375, 0.9453125, 2.572265625, 2.1640625, 2.7890625, 2.55078125, 2.96484375, 2.80859375, 1.1953125, 1.623046875, 3.0703125, 1.291015625, 1.3125, 1.341796875, 0.5380859375, 1.607421875, 1.4921875, 0.052734375, 1.0166015625, 1.515625, 0.0, 2.283203125, 1.9755859375, 1.96875], [1.087890625, 1.193359375, 0.025390625, 2.017578125, 2.525390625, 2.708984375, 0.916015625, 0.376953125, 1.830078125, 1.556640625, 1.1513671875, 1.037109375, 2.994140625, 1.9111328125, 3.0078125, 1.912109375, 0.603515625, 3.056640625, 0.291015625, 1.8369140625, 0.5078125, 1.451171875, 0.68359375, 1.1943359375, 2.806640625, 0.658203125, 0.9306640625, 0.990234375, 0.970703125, 0.939453125, 1.744140625, 0.673828125, 2.509765625, 2.228515625, 2.986328125, 0.767578125, 2.283203125, 0.0, 2.02734375, 2.033203125], [3.115234375, 3.0625, 2.05078125, 2.23828125, 0.49853515625, 1.546875, 2.939453125, 2.404296875, 2.42578125, 2.703125, 0.875, 3.064453125, 1.263671875, 0.115234375, 1.2490234375, 2.34375, 2.630859375, 1.0302734375, 1.7353515625, 0.189453125, 1.5185546875, 0.5751953125, 1.3427734375, 0.83203125, 0.7802734375, 2.685546875, 1.095703125, 3.017578125, 2.994140625, 2.966796875, 2.513671875, 2.701171875, 0.48291015625, 2.02734375, 0.958984375, 2.791015625, 1.9755859375, 2.02734375, 0.0, 0.0068359375], [3.123046875, 3.056640625, 2.05859375, 2.232421875, 0.49169921875, 1.5400390625, 2.947265625, 2.412109375, 2.41796875, 2.6953125, 0.8818359375, 3.0703125, 1.2568359375, 0.1220703125, 1.2421875, 2.3359375, 2.63671875, 1.0234375, 1.7421875, 0.1962890625, 1.525390625, 0.58203125, 1.349609375, 0.8388671875, 0.7734375, 2.69140625, 1.1025390625, 3.0234375, 3.001953125, 2.97265625, 2.5078125, 2.70703125, 0.47607421875, 2.021484375, 0.9521484375, 2.798828125, 1.96875, 2.033203125, 0.0068359375, 0.0]], "coordinates": [[0, 0], [-78, -89], [-44, -62], [-46, 10], [20, -95], [58, 23], [97, -77], [-90, -72], [-100, -14], [1, -48], [-23, -88], [-16, 88], [-82, -84], [49, -20], [55, 84], [97, -38], [3, -29], [-89, -34], [77, -12], [-46, 27], [36, 65], [-27, 25], [3, 25], [-34, 45], [-12, 87], [94, 9], [-90, -40], [-39, 92], [-30, -28], [-57, -51], [-95, -80], [-6, -89], [-28, -13], [82, 34], [4, -9], [24, -2], [-93, -54], [28, -55], [-86, 21], [80, 96], [82, 97]], "angles": [-2.291015625, -2.1875, 2.927734375, -1.36328125, 0.37744140625, -0.6708984375, -2.466796875, -3.001953125, -1.5498046875, -1.826171875, 1.7509765625, -2.34375, -0.387451171875, 0.9912109375, -0.373291015625, -1.4677734375, -2.77734375, -0.154541015625, 2.611328125, 1.0654296875, 2.39453125, 1.451171875, 2.21875, 1.7080078125, 0.095458984375, -2.72265625, 1.9716796875, -2.390625, -2.412109375, -2.44140625, -1.6376953125, -2.70703125, 0.39306640625, -1.15234375, -0.0831298828125, -2.615234375, -1.099609375, 2.90234375, 0.8759765625, 0.869140625], "demands": [1, 4, 8, 1, 11, 10, 5, 2, 10, 6, 8, 9, 7, 5, 3, 3, 2, 8, 4, 3, 12, 7, 5, 10, 1, 6, 2, 4, 9, 3, 2, 9, 7, 1, 10, 1, 3, 11, 5, 7], "capacity": 50, "Vmax": 19}