{"name": "LZB_n40_17", "n": 40, "m": 5, "times": [[0.0, 113.1875, 92.625, 101.625, 60.0, 85.25, 98.4375, 103.5, 110.4375, 97.0, 102.875, 90.25, 100.1875, 63.1875, 116.375, 103.375, 60.375, 42.0625, 95.1875, 117.6875, 91.3125, 124.0, 54.03125, 89.0, 74.125, 62.1875, 93.4375, 32.1875, 92.9375, 86.125, 14.3203125, 82.875, 121.8125, 128.875, 78.375, 62.03125, 95.25, 35.84375, 64.125, 41.0, 91.1875], [113.1875, 0.0, 205.25, 204.125, 83.9375, 149.875, 70.8125, 119.6875, 23.328125, 141.0, 213.25, 177.375, 165.5, 88.3125, 148.375, 216.375, 111.625, 105.625, 113.625, 24.078125, 202.75, 237.125, 84.75, 201.625, 172.625, 53.0, 202.75, 123.0625, 180.375, 183.125, 121.25, 167.625, 153.625, 17.71875, 48.0625, 81.5625, 125.1875, 80.625, 175.875, 90.875, 192.375], [92.625, 205.25, 0.0, 74.625, 136.125, 107.4375, 184.75, 171.375, 203.0, 131.125, 47.1875, 77.8125, 132.875, 136.0, 169.875, 25.0, 117.6875, 119.25, 149.875, 210.25, 9.8515625, 33.625, 139.625, 27.015625, 57.03125, 152.875, 21.953125, 87.6875, 102.3125, 58.84375, 88.125, 81.0, 173.375, 220.125, 170.125, 139.0, 141.875, 127.9375, 43.03125, 120.25, 49.34375], [101.625, 204.125, 74.625, 0.0, 161.0, 161.25, 159.125, 127.5, 193.625, 181.625, 31.328125, 141.875, 72.5625, 163.5, 115.0, 55.9375, 154.25, 99.3125, 190.5, 200.375, 83.5625, 77.125, 121.625, 47.625, 118.125, 159.75, 95.5, 119.25, 38.09375, 125.125, 88.5, 141.375, 116.6875, 221.5, 158.875, 163.25, 186.625, 124.875, 47.4375, 142.0, 119.0], [60.0, 83.9375, 136.125, 161.0, 0.0, 66.25, 110.5, 138.625, 94.0, 61.40625, 158.5, 94.125, 154.375, 5.83203125, 159.875, 153.375, 27.65625, 86.75, 43.125, 100.0, 131.25, 169.75, 82.25, 141.125, 92.8125, 38.3125, 128.125, 48.5625, 152.25, 102.0625, 74.0625, 84.3125, 165.625, 93.75, 77.625, 2.828125, 49.75, 56.625, 119.625, 19.03125, 112.4375], [85.25, 149.875, 107.4375, 161.25, 66.25, 0.0, 170.0, 187.0, 160.0, 24.046875, 146.125, 36.625, 183.0, 61.65625, 201.625, 131.0, 39.0, 126.5, 50.21875, 166.25, 99.0, 138.625, 132.375, 124.5, 50.625, 103.0625, 90.5, 53.15625, 168.125, 52.9375, 96.875, 28.640625, 207.125, 158.375, 139.875, 68.5, 38.59375, 106.75, 113.875, 66.3125, 65.0], [98.4375, 70.8125, 184.75, 159.125, 110.5, 170.0, 0.0, 50.09375, 49.15625, 171.125, 177.0, 185.625, 104.1875, 116.3125, 79.1875, 187.875, 132.875, 65.8125, 152.375, 53.03125, 185.75, 211.625, 45.34375, 172.25, 172.125, 73.5, 189.875, 124.375, 127.4375, 184.0, 97.75, 177.0, 84.0, 86.6875, 34.0625, 109.6875, 160.125, 65.1875, 145.75, 104.0625, 189.625], [103.5, 119.6875, 171.375, 127.5, 138.625, 187.0, 50.09375, 0.0, 99.0, 194.0, 151.5, 193.25, 60.8125, 144.25, 29.0625, 167.875, 154.625, 61.46875, 181.75, 103.125, 175.0, 192.375, 56.59375, 152.75, 174.875, 107.9375, 182.125, 135.0, 91.0, 186.75, 95.875, 186.25, 34.0, 136.25, 75.5625, 138.75, 186.875, 82.875, 128.75, 126.25, 189.25], [110.4375, 23.328125, 203.0, 193.625, 94.0, 160.0, 49.15625, 99.0, 0.0, 154.125, 205.875, 184.125, 148.75, 99.125, 128.0, 211.625, 121.0625, 94.375, 129.0, 7.2109375, 201.75, 233.625, 72.125, 196.375, 176.5, 57.5625, 203.0, 126.1875, 166.75, 187.625, 116.0625, 174.625, 133.0, 37.65625, 34.84375, 92.0625, 139.625, 75.1875, 170.0, 96.5, 195.75], [97.0, 141.0, 131.125, 181.625, 61.40625, 24.046875, 171.125, 194.0, 154.125, 0.0, 168.375, 59.9375, 197.0, 55.78125, 211.5, 154.375, 39.40625, 135.75, 30.875, 159.75, 122.8125, 162.625, 137.875, 147.0, 74.5, 99.75, 114.5, 66.75, 185.25, 76.875, 110.125, 52.5625, 217.125, 147.125, 138.875, 62.8125, 17.890625, 111.5, 134.5, 68.25, 88.9375], [102.875, 213.25, 47.1875, 31.328125, 158.5, 146.125, 177.0, 151.5, 205.875, 168.375, 0.0, 121.4375, 101.1875, 159.875, 142.5, 25.234375, 146.5, 112.8125, 181.75, 212.875, 56.875, 45.90625, 135.375, 22.140625, 98.5, 164.625, 69.0625, 112.1875, 67.0, 103.25, 92.375, 122.75, 144.875, 229.875, 171.125, 161.0, 176.125, 132.625, 39.0, 140.125, 95.25], [90.25, 177.375, 77.8125, 141.875, 94.125, 36.625, 185.625, 193.25, 184.125, 59.9375, 121.4375, 0.0, 177.375, 90.8125, 203.125, 102.5625, 67.0625, 131.875, 86.5625, 190.875, 68.375, 106.1875, 143.375, 99.3125, 23.859375, 126.6875, 58.0, 61.21875, 156.375, 19.03125, 97.6875, 9.8515625, 208.0, 187.875, 159.125, 96.75, 75.1875, 120.4375, 95.6875, 87.6875, 30.265625], [100.1875, 165.5, 132.875, 72.5625, 154.375, 183.0, 104.1875, 60.8125, 148.75, 197.0, 101.1875, 177.375, 0.0, 159.0, 42.71875, 122.25, 160.375, 68.6875, 194.125, 154.375, 139.125, 146.0, 83.0, 109.0625, 155.125, 136.0, 149.0, 130.625, 34.53125, 165.625, 86.8125, 173.0, 44.15625, 183.125, 117.5625, 155.625, 195.25, 101.0, 91.0625, 137.125, 164.25], [63.1875, 88.3125, 136.0, 163.5, 5.83203125, 61.65625, 116.3125, 144.25, 99.125, 55.78125, 159.875, 90.8125, 159.0, 0.0, 165.25, 153.875, 23.765625, 91.6875, 37.46875, 105.0, 130.625, 169.625, 87.8125, 142.125, 90.8125, 43.96875, 127.0, 48.75, 155.875, 99.625, 77.4375, 80.9375, 171.0, 97.4375, 83.375, 7.0703125, 43.90625, 62.0, 121.25, 22.359375, 110.25], [116.375, 148.375, 169.875, 115.0, 159.875, 201.625, 79.1875, 29.0625, 128.0, 211.5, 142.5, 203.125, 42.71875, 165.25, 0.0, 162.125, 172.5, 75.6875, 202.375, 132.125, 175.0, 186.375, 78.375, 148.0, 182.625, 132.375, 183.625, 148.625, 76.9375, 194.125, 106.0, 197.125, 5.83203125, 165.125, 103.1875, 160.375, 206.25, 103.25, 126.875, 145.5, 194.875], [103.375, 216.375, 25.0, 55.9375, 153.375, 131.0, 187.875, 167.875, 211.625, 154.375, 25.234375, 102.5625, 122.25, 153.875, 162.125, 0.0, 137.625, 122.1875, 171.25, 218.875, 34.78125, 24.515625, 144.0, 15.65625, 81.125, 165.375, 46.625, 105.1875, 89.125, 83.75, 95.6875, 105.375, 165.0, 232.25, 177.625, 156.125, 164.125, 136.75, 42.1875, 136.25, 74.3125], [60.375, 111.625, 117.6875, 154.25, 27.65625, 39.0, 132.875, 154.625, 121.0625, 39.40625, 146.5, 67.0625, 160.375, 23.765625, 172.5, 137.625, 0.0, 97.0, 36.21875, 127.25, 111.4375, 151.125, 98.5, 127.125, 68.625, 64.125, 106.5, 35.0, 152.125, 76.6875, 74.3125, 57.25, 178.25, 121.125, 101.625, 30.078125, 34.875, 72.125, 109.1875, 29.0625, 87.75], [42.0625, 105.625, 119.25, 99.3125, 86.75, 126.5, 65.8125, 61.46875, 94.375, 135.75, 112.8125, 131.875, 68.6875, 91.6875, 75.6875, 122.1875, 97.0, 0.0, 128.125, 101.1875, 120.8125, 145.75, 22.625, 106.5625, 114.125, 68.0, 126.0, 73.9375, 75.4375, 126.125, 35.21875, 124.8125, 81.3125, 123.1875, 59.625, 87.75, 131.0, 32.375, 80.0625, 70.75, 129.5], [95.1875, 113.625, 149.875, 190.5, 43.125, 50.21875, 152.375, 181.75, 129.0, 30.875, 181.75, 86.5625, 194.125, 37.46875, 202.375, 171.25, 36.21875, 128.125, 0.0, 134.0, 142.625, 182.875, 125.25, 161.75, 96.125, 78.875, 136.0, 71.1875, 187.75, 101.25, 109.4375, 77.8125, 208.25, 118.125, 118.6875, 43.28125, 13.0, 99.375, 145.0, 57.46875, 113.1875], [117.6875, 24.078125, 210.25, 200.375, 100.0, 166.25, 53.03125, 103.125, 7.2109375, 159.75, 212.875, 190.875, 154.375, 105.0, 132.125, 218.875, 127.25, 101.1875, 134.0, 0.0, 208.875, 240.75, 78.8125, 203.625, 183.375, 64.125, 210.25, 133.125, 173.125, 194.5, 123.25, 181.25, 137.0, 35.46875, 41.78125, 98.0, 144.875, 82.4375, 177.125, 103.1875, 202.75], [91.3125, 202.75, 9.8515625, 83.5625, 131.25, 99.0, 185.75, 175.0, 201.75, 122.8125, 56.875, 68.375, 139.125, 130.625, 175.0, 34.78125, 111.4375, 120.8125, 142.625, 208.875, 0.0, 40.15625, 140.375, 36.0625, 48.375, 150.125, 12.203125, 83.0, 109.5625, 49.375, 88.25, 72.0, 178.75, 217.25, 169.5, 134.0, 134.25, 127.0, 48.28125, 116.0625, 39.5625], [124.0, 237.125, 33.625, 77.125, 169.75, 138.625, 211.625, 192.375, 233.625, 162.625, 45.90625, 106.1875, 146.0, 169.625, 186.375, 24.515625, 151.125, 145.75, 182.875, 240.75, 40.15625, 0.0, 167.375, 39.84375, 88.0625, 185.25, 48.375, 121.1875, 112.375, 87.25, 117.625, 111.0, 189.125, 252.5, 200.0, 172.5, 174.375, 158.375, 65.8125, 153.625, 76.0], [54.03125, 84.75, 139.625, 121.625, 82.25, 132.375, 45.34375, 56.59375, 72.125, 137.875, 135.375, 143.375, 83.0, 87.8125, 78.375, 144.0, 98.5, 22.625, 125.25, 78.8125, 140.375, 167.375, 0.0, 128.5, 128.125, 54.71875, 144.625, 82.6875, 95.625, 140.125, 52.40625, 135.375, 84.25, 102.4375, 37.59375, 82.4375, 130.25, 26.40625, 101.875, 69.8125, 145.0], [89.0, 201.625, 27.015625, 47.625, 141.125, 124.5, 172.25, 152.75, 196.375, 147.0, 22.140625, 99.3125, 109.0625, 142.125, 148.0, 15.65625, 127.125, 106.5625, 161.75, 203.625, 36.0625, 39.84375, 128.5, 0.0, 76.375, 151.25, 48.15625, 93.625, 76.9375, 81.125, 80.625, 100.6875, 151.125, 217.75, 162.25, 143.75, 155.5, 121.625, 26.625, 123.4375, 73.4375], [74.125, 172.625, 57.03125, 118.125, 92.8125, 50.625, 172.125, 174.875, 176.5, 74.5, 98.5, 23.859375, 155.125, 90.8125, 182.625, 81.125, 68.625, 114.125, 96.125, 183.375, 48.375, 88.0625, 128.125, 76.375, 0.0, 120.125, 40.15625, 50.28125, 133.0, 12.0390625, 79.0625, 24.328125, 187.5, 185.0, 148.5, 95.625, 86.75, 107.4375, 71.875, 81.8125, 19.71875], [62.1875, 53.0, 152.875, 159.75, 38.3125, 103.0625, 73.5, 107.9375, 57.5625, 99.75, 164.625, 126.6875, 136.0, 43.96875, 132.375, 165.375, 64.125, 68.0, 78.875, 64.125, 150.125, 185.25, 54.71875, 151.25, 120.125, 0.0, 149.75, 70.1875, 142.125, 131.0, 72.5, 117.0625, 138.25, 67.25, 39.8125, 37.0, 87.3125, 36.21875, 126.1875, 39.0625, 139.75], [93.4375, 202.75, 21.953125, 95.5, 128.125, 90.5, 189.875, 182.125, 203.0, 114.5, 69.0625, 58.0, 149.0, 127.0, 183.625, 46.625, 106.5, 126.0, 136.0, 210.25, 12.203125, 48.375, 144.625, 48.15625, 40.15625, 149.75, 0.0, 80.8125, 120.375, 39.0, 92.1875, 62.65625, 187.5, 216.625, 171.75, 130.875, 126.875, 129.25, 57.9375, 114.125, 28.28125], [32.1875, 123.0625, 87.6875, 119.25, 48.5625, 53.15625, 124.375, 135.0, 126.1875, 66.75, 112.1875, 61.21875, 130.625, 48.75, 148.625, 105.1875, 35.0, 73.9375, 71.1875, 133.125, 83.0, 121.1875, 82.6875, 93.625, 50.28125, 70.1875, 80.8125, 0.0, 118.875, 61.625, 43.9375, 52.78125, 154.0, 136.125, 98.75, 51.3125, 68.125, 59.21875, 74.3125, 33.3125, 69.625], [92.9375, 180.375, 102.3125, 38.09375, 152.25, 168.125, 127.4375, 91.0, 166.75, 185.25, 67.0, 156.375, 34.53125, 155.875, 76.9375, 89.125, 152.125, 75.4375, 187.75, 173.125, 109.5625, 112.375, 95.625, 76.9375, 133.0, 142.125, 120.375, 118.875, 0.0, 142.25, 78.625, 153.5, 78.625, 198.0, 133.0, 154.0, 186.625, 105.9375, 63.25, 133.5, 139.0], [86.125, 183.125, 58.84375, 125.125, 102.0625, 52.9375, 184.0, 186.75, 187.625, 76.875, 103.25, 19.03125, 165.625, 99.625, 194.125, 83.75, 76.6875, 126.125, 101.25, 194.5, 49.375, 87.25, 140.125, 81.125, 12.0390625, 131.0, 39.0, 61.625, 142.25, 0.0, 91.0, 24.359375, 198.75, 195.0, 160.125, 104.875, 90.8125, 119.3125, 80.0625, 92.3125, 12.0859375], [14.3203125, 121.25, 88.125, 88.5, 74.0625, 96.875, 97.75, 95.875, 116.0625, 110.125, 92.375, 97.6875, 86.8125, 77.4375, 106.0, 95.6875, 74.3125, 35.21875, 109.4375, 123.25, 88.25, 117.625, 52.40625, 80.625, 79.0625, 72.5, 92.1875, 43.9375, 78.625, 91.0, 0.0, 91.25, 111.25, 137.625, 82.375, 76.0, 109.1875, 41.03125, 54.5625, 55.15625, 94.3125], [82.875, 167.625, 81.0, 141.375, 84.3125, 28.640625, 177.0, 186.25, 174.625, 52.5625, 122.75, 9.8515625, 173.0, 80.9375, 197.125, 105.375, 57.25, 124.8125, 77.8125, 181.25, 72.0, 111.0, 135.375, 100.6875, 24.328125, 117.0625, 62.65625, 52.78125, 153.5, 24.359375, 91.25, 0.0, 202.25, 178.125, 150.0, 86.9375, 66.875, 111.875, 94.4375, 78.0625, 36.40625], [121.8125, 153.625, 173.375, 116.6875, 165.625, 207.125, 84.0, 34.0, 133.0, 217.125, 144.875, 208.0, 44.15625, 171.0, 5.83203125, 165.0, 178.25, 81.3125, 208.25, 137.0, 178.75, 189.125, 84.25, 151.125, 187.5, 138.25, 187.5, 154.0, 78.625, 198.75, 111.25, 202.25, 0.0, 170.25, 108.6875, 166.125, 212.0, 109.0625, 130.5, 151.25, 199.375], [128.875, 17.71875, 220.125, 221.5, 93.75, 158.375, 86.6875, 136.25, 37.65625, 147.125, 229.875, 187.875, 183.125, 97.4375, 165.125, 232.25, 121.125, 123.1875, 118.125, 35.46875, 217.25, 252.5, 102.4375, 217.75, 185.0, 67.25, 216.625, 136.125, 198.0, 195.0, 137.625, 178.125, 170.25, 0.0, 65.75, 91.1875, 130.375, 97.375, 192.125, 103.25, 204.625], [78.375, 48.0625, 170.125, 158.875, 77.625, 139.875, 34.0625, 75.5625, 34.84375, 138.875, 171.125, 159.125, 117.5625, 83.375, 103.1875, 177.625, 101.625, 59.625, 118.6875, 41.78125, 169.5, 200.0, 37.59375, 162.25, 148.5, 39.8125, 171.75, 98.75, 133.0, 160.125, 82.375, 150.0, 108.6875, 65.75, 0.0, 76.5625, 127.0625, 42.53125, 135.75, 73.6875, 167.125], [62.03125, 81.5625, 139.0, 163.25, 2.828125, 68.5, 109.6875, 138.75, 92.0625, 62.8125, 161.0, 96.75, 155.625, 7.0703125, 160.375, 156.125, 30.078125, 87.75, 43.28125, 98.0, 134.0, 172.5, 82.4375, 143.75, 95.625, 37.0, 130.875, 51.3125, 154.0, 104.875, 76.0, 86.9375, 166.125, 91.1875, 76.5625, 0.0, 50.53125, 57.125, 122.125, 21.21875, 115.1875], [95.25, 125.1875, 141.875, 186.625, 49.75, 38.59375, 160.125, 186.875, 139.625, 17.890625, 176.125, 75.1875, 195.25, 43.90625, 206.25, 164.125, 34.875, 131.0, 13.0, 144.875, 134.25, 174.375, 130.25, 155.5, 86.75, 87.3125, 126.875, 68.125, 186.625, 90.8125, 109.1875, 66.875, 212.0, 130.375, 127.0625, 50.53125, 0.0, 104.0, 140.375, 60.8125, 102.875], [35.84375, 80.625, 127.9375, 124.875, 56.625, 106.75, 65.1875, 82.875, 75.1875, 111.5, 132.625, 120.4375, 101.0, 62.0, 103.25, 136.75, 72.125, 32.375, 99.375, 82.4375, 127.0, 158.375, 26.40625, 121.625, 107.4375, 36.21875, 129.25, 59.21875, 105.9375, 119.3125, 41.03125, 111.875, 109.0625, 97.375, 42.53125, 57.125, 104.0, 0.0, 95.5, 43.40625, 125.625], [64.125, 175.875, 43.03125, 47.4375, 119.625, 113.875, 145.75, 128.75, 170.0, 134.5, 39.0, 95.6875, 91.0625, 121.25, 126.875, 42.1875, 109.1875, 80.0625, 145.0, 177.125, 48.28125, 65.8125, 101.875, 26.625, 71.875, 126.1875, 57.9375, 74.3125, 63.25, 80.0625, 54.5625, 94.4375, 130.5, 192.125, 135.75, 122.125, 140.375, 95.5, 0.0, 101.1875, 75.9375], [41.0, 90.875, 120.25, 142.0, 19.03125, 66.3125, 104.0625, 126.25, 96.5, 68.25, 140.125, 87.6875, 137.125, 22.359375, 145.5, 136.25, 29.0625, 70.75, 57.46875, 103.1875, 116.0625, 153.625, 69.8125, 123.4375, 81.8125, 39.0625, 114.125, 33.3125, 133.5, 92.3125, 55.15625, 78.0625, 151.25, 103.25, 73.6875, 21.21875, 60.8125, 43.40625, 101.1875, 0.0, 101.5625], [91.1875, 192.375, 49.34375, 119.0, 112.4375, 65.0, 189.625, 189.25, 195.75, 88.9375, 95.25, 30.265625, 164.25, 110.25, 194.875, 74.3125, 87.75, 129.5, 113.1875, 202.75, 39.5625, 76.0, 145.0, 73.4375, 19.71875, 139.75, 28.28125, 69.625, 139.0, 12.0859375, 94.3125, 36.40625, 199.375, 204.625, 167.125, 115.1875, 102.875, 125.625, 75.9375, 101.5625, 0.0]], "angleGap": [[0.0, 2.990234375, 2.509765625, 0.810546875, 1.6953125, 0.669921875, 1.166015625, 0.20703125, 1.4638671875, 2.818359375, 2.111328125, 1.775390625, 0.8896484375, 1.408203125, 3.0625, 1.2734375, 1.205078125, 1.1416015625, 0.205078125, 2.8828125, 3.103515625, 0.798828125, 2.998046875, 2.326171875, 0.173828125, 2.75390625, 1.75, 2.126953125, 2.322265625, 2.119140625, 2.03515625, 1.423828125, 0.068359375, 0.353515625, 0.77734375, 1.2783203125, 0.359375, 2.873046875, 0.833984375, 2.447265625], [2.990234375, 0.0, 0.78369140625, 2.1796875, 1.294921875, 2.623046875, 2.125, 3.0859375, 1.525390625, 0.47607421875, 0.8779296875, 1.51953125, 2.099609375, 1.88671875, 0.2314453125, 1.716796875, 2.08984375, 1.84765625, 3.087890625, 0.10595703125, 0.11376953125, 2.49609375, 0.2958984375, 0.6630859375, 2.81640625, 0.236328125, 1.240234375, 1.16796875, 0.6669921875, 1.173828125, 0.95361328125, 1.869140625, 2.921875, 2.939453125, 2.212890625, 1.7109375, 2.93359375, 0.42138671875, 2.15625, 0.54296875], [2.509765625, 0.78369140625, 0.0, 2.962890625, 2.078125, 1.837890625, 1.341796875, 2.302734375, 2.30859375, 0.3076171875, 1.662109375, 0.736328125, 2.8828125, 1.103515625, 0.55224609375, 2.5, 1.306640625, 2.6328125, 2.3046875, 0.8896484375, 0.669921875, 1.712890625, 0.48779296875, 1.4462890625, 2.68359375, 1.01953125, 2.0234375, 0.3837890625, 1.4501953125, 0.3896484375, 1.7373046875, 1.0859375, 2.578125, 2.158203125, 2.99609375, 2.49609375, 2.150390625, 0.3623046875, 2.939453125, 1.3271484375], [0.810546875, 2.1796875, 2.962890625, 0.0, 0.884765625, 1.48046875, 1.978515625, 1.017578125, 0.6533203125, 2.65625, 1.30078125, 2.583984375, 0.0791015625, 2.216796875, 2.41015625, 0.462890625, 2.013671875, 0.3310546875, 1.015625, 2.07421875, 2.29296875, 1.607421875, 2.474609375, 1.5166015625, 0.63671875, 1.943359375, 0.939453125, 2.935546875, 1.5126953125, 2.931640625, 1.2255859375, 2.236328125, 0.7421875, 1.1640625, 0.033203125, 0.4677734375, 1.169921875, 2.6015625, 0.0234375, 1.6357421875], [1.6953125, 1.294921875, 2.078125, 0.884765625, 0.0, 2.365234375, 2.86328125, 1.90234375, 0.2314453125, 1.7705078125, 0.416259765625, 2.814453125, 0.8056640625, 3.1015625, 1.525390625, 0.421875, 2.8984375, 0.5537109375, 1.900390625, 1.1884765625, 1.408203125, 2.4921875, 1.58984375, 0.63134765625, 1.521484375, 1.05859375, 0.0546875, 2.4609375, 0.62744140625, 2.46875, 0.3408203125, 3.119140625, 1.626953125, 2.048828125, 0.91796875, 0.4169921875, 2.0546875, 1.7158203125, 0.861328125, 0.75146484375], [0.669921875, 2.623046875, 1.837890625, 1.48046875, 2.365234375, 0.0, 0.498046875, 0.462890625, 2.1328125, 2.146484375, 2.78125, 1.103515625, 1.5595703125, 0.736328125, 2.392578125, 1.943359375, 0.533203125, 1.8115234375, 0.46484375, 2.728515625, 2.509765625, 0.126953125, 2.328125, 2.99609375, 0.84375, 2.859375, 2.419921875, 1.455078125, 2.9921875, 1.451171875, 2.70703125, 0.751953125, 0.73828125, 0.31640625, 1.447265625, 1.9482421875, 0.310546875, 2.201171875, 1.50390625, 3.1171875], [1.166015625, 2.125, 1.341796875, 1.978515625, 2.86328125, 0.498046875, 0.0, 0.962890625, 2.630859375, 1.6494140625, 3.00390625, 0.60546875, 2.056640625, 0.23828125, 1.89453125, 2.44140625, 0.03515625, 2.310546875, 0.962890625, 2.23046875, 2.01171875, 0.37109375, 1.830078125, 2.7890625, 1.341796875, 2.361328125, 2.91796875, 0.9580078125, 2.79296875, 0.9521484375, 3.078125, 0.255859375, 1.236328125, 0.814453125, 1.947265625, 2.447265625, 0.806640625, 1.7041015625, 2.001953125, 2.66796875], [0.20703125, 3.0859375, 2.302734375, 1.017578125, 1.90234375, 0.462890625, 0.962890625, 0.0, 1.6708984375, 2.611328125, 2.318359375, 1.564453125, 1.0966796875, 1.197265625, 2.85546875, 1.48046875, 0.994140625, 1.3486328125, 0.001953125, 3.08984375, 2.97265625, 0.587890625, 2.791015625, 2.533203125, 0.380859375, 2.9609375, 1.95703125, 1.919921875, 2.529296875, 1.912109375, 2.2421875, 1.216796875, 0.275390625, 0.146484375, 0.984375, 1.4853515625, 0.15234375, 2.666015625, 1.041015625, 2.654296875], [1.4638671875, 1.525390625, 2.30859375, 0.6533203125, 0.2314453125, 2.1328125, 2.630859375, 1.6708984375, 0.0, 2.001953125, 0.6474609375, 3.046875, 0.57421875, 2.869140625, 1.7578125, 0.1904296875, 2.666015625, 0.322265625, 1.6689453125, 1.419921875, 1.6396484375, 2.259765625, 1.822265625, 0.86279296875, 1.2900390625, 1.2890625, 0.2861328125, 2.693359375, 0.85888671875, 2.69921875, 0.572265625, 2.888671875, 1.3955078125, 1.8173828125, 0.6865234375, 0.185546875, 1.8232421875, 1.947265625, 0.6298828125, 0.98291015625], [2.818359375, 0.47607421875, 0.3076171875, 2.65625, 1.7705078125, 2.146484375, 1.6494140625, 2.611328125, 2.001953125, 0.0, 1.3544921875, 1.0439453125, 2.576171875, 1.4111328125, 0.24462890625, 2.19140625, 1.6142578125, 2.32421875, 2.611328125, 0.58203125, 0.3623046875, 2.01953125, 0.18017578125, 1.138671875, 2.990234375, 0.71240234375, 1.7158203125, 0.69140625, 1.142578125, 0.697265625, 1.4296875, 1.3935546875, 2.884765625, 2.462890625, 2.6875, 2.1875, 2.458984375, 0.0546875, 2.6328125, 1.01953125], [2.111328125, 0.8779296875, 1.662109375, 1.30078125, 0.416259765625, 2.78125, 3.00390625, 2.318359375, 0.6474609375, 1.3544921875, 0.0, 2.3984375, 1.2216796875, 2.765625, 1.109375, 0.837890625, 2.96875, 0.9697265625, 2.31640625, 0.7724609375, 0.9921875, 2.908203125, 1.173828125, 0.21533203125, 1.9375, 0.6416015625, 0.361572265625, 2.044921875, 0.211181640625, 2.05078125, 0.075439453125, 2.748046875, 2.04296875, 2.46484375, 1.333984375, 0.8330078125, 2.470703125, 1.2998046875, 1.27734375, 0.335205078125], [1.775390625, 1.51953125, 0.736328125, 2.583984375, 2.814453125, 1.103515625, 0.60546875, 1.564453125, 3.046875, 1.0439453125, 2.3984375, 0.0, 2.662109375, 0.3671875, 1.2890625, 3.046875, 0.5703125, 2.916015625, 1.568359375, 1.6259765625, 1.40625, 0.9765625, 1.224609375, 2.18359375, 1.947265625, 1.755859375, 2.759765625, 0.3525390625, 2.1875, 0.3466796875, 2.47265625, 0.349609375, 1.841796875, 1.419921875, 2.55078125, 3.052734375, 1.416015625, 1.0986328125, 2.607421875, 2.0625], [0.8896484375, 2.099609375, 2.8828125, 0.0791015625, 0.8056640625, 1.5595703125, 2.056640625, 1.0966796875, 0.57421875, 2.576171875, 1.2216796875, 2.662109375, 0.0, 2.294921875, 2.33203125, 0.3837890625, 2.091796875, 0.251953125, 1.0947265625, 1.994140625, 2.21484375, 1.685546875, 2.396484375, 1.4375, 0.7158203125, 1.86328125, 0.8603515625, 3.015625, 1.43359375, 3.009765625, 1.146484375, 2.314453125, 0.8212890625, 1.2431640625, 0.1123046875, 0.388671875, 1.2490234375, 2.521484375, 0.0556640625, 1.556640625], [1.408203125, 1.88671875, 1.103515625, 2.216796875, 3.1015625, 0.736328125, 0.23828125, 1.197265625, 2.869140625, 1.4111328125, 2.765625, 0.3671875, 2.294921875, 0.0, 1.65625, 2.6796875, 0.203125, 2.548828125, 1.201171875, 1.9931640625, 1.7734375, 0.609375, 1.591796875, 2.55078125, 1.580078125, 2.123046875, 3.126953125, 0.7197265625, 2.5546875, 0.7138671875, 2.83984375, 0.017578125, 1.474609375, 1.052734375, 2.181640625, 2.685546875, 1.048828125, 1.4658203125, 2.240234375, 2.4296875], [3.0625, 0.2314453125, 0.55224609375, 2.41015625, 1.525390625, 2.392578125, 1.89453125, 2.85546875, 1.7578125, 0.24462890625, 1.109375, 1.2890625, 2.33203125, 1.65625, 0.0, 1.947265625, 1.859375, 2.080078125, 2.857421875, 0.33740234375, 0.11767578125, 2.265625, 0.064453125, 0.89453125, 3.046875, 0.4677734375, 1.470703125, 0.93603515625, 0.8984375, 0.94189453125, 1.185546875, 1.638671875, 3.130859375, 2.708984375, 2.443359375, 1.943359375, 2.703125, 0.18994140625, 2.38671875, 0.7744140625], [1.2734375, 1.716796875, 2.5, 0.462890625, 0.421875, 1.943359375, 2.44140625, 1.48046875, 0.1904296875, 2.19140625, 0.837890625, 3.046875, 0.3837890625, 2.6796875, 1.947265625, 0.0, 2.4765625, 0.1318359375, 1.478515625, 1.6103515625, 1.830078125, 2.072265625, 2.01171875, 1.0537109375, 1.099609375, 1.48046875, 0.4765625, 2.8828125, 1.0498046875, 2.890625, 0.7626953125, 2.697265625, 1.205078125, 1.626953125, 0.49609375, 0.0048828125, 1.6328125, 2.13671875, 0.439453125, 1.1728515625], [1.205078125, 2.08984375, 1.306640625, 2.013671875, 2.8984375, 0.533203125, 0.03515625, 0.994140625, 2.666015625, 1.6142578125, 2.96875, 0.5703125, 2.091796875, 0.203125, 1.859375, 2.4765625, 0.0, 2.345703125, 0.998046875, 2.1953125, 1.9765625, 0.40625, 1.794921875, 2.75390625, 1.376953125, 2.326171875, 2.953125, 0.9228515625, 2.7578125, 0.9169921875, 3.04296875, 0.220703125, 1.271484375, 0.849609375, 1.978515625, 2.482421875, 0.845703125, 1.6689453125, 2.037109375, 2.6328125], [1.1416015625, 1.84765625, 2.6328125, 0.3310546875, 0.5537109375, 1.8115234375, 2.310546875, 1.3486328125, 0.322265625, 2.32421875, 0.9697265625, 2.916015625, 0.251953125, 2.548828125, 2.080078125, 0.1318359375, 2.345703125, 0.0, 1.3466796875, 1.7421875, 1.9619140625, 1.939453125, 2.14453125, 1.185546875, 0.9677734375, 1.611328125, 0.6083984375, 3.015625, 1.181640625, 3.021484375, 0.89453125, 2.564453125, 1.0732421875, 1.4951171875, 0.3642578125, 0.13671875, 1.5009765625, 2.26953125, 0.3076171875, 1.3046875], [0.205078125, 3.087890625, 2.3046875, 1.015625, 1.900390625, 0.46484375, 0.962890625, 0.001953125, 1.6689453125, 2.611328125, 2.31640625, 1.568359375, 1.0947265625, 1.201171875, 2.857421875, 1.478515625, 0.998046875, 1.3466796875, 0.0, 3.08984375, 2.974609375, 0.591796875, 2.79296875, 2.53125, 0.37890625, 2.958984375, 1.955078125, 1.919921875, 2.52734375, 1.916015625, 2.2421875, 1.220703125, 0.2734375, 0.1484375, 0.982421875, 1.4833984375, 0.154296875, 2.666015625, 1.0390625, 2.65234375], [2.8828125, 0.10595703125, 0.8896484375, 2.07421875, 1.1884765625, 2.728515625, 2.23046875, 3.08984375, 1.419921875, 0.58203125, 0.7724609375, 1.6259765625, 1.994140625, 1.9931640625, 0.33740234375, 1.6103515625, 2.1953125, 1.7421875, 3.08984375, 0.0, 0.2197265625, 2.6015625, 0.40185546875, 0.55712890625, 2.7109375, 0.13037109375, 1.1337890625, 1.2734375, 0.56103515625, 1.279296875, 0.84765625, 1.9755859375, 2.81640625, 3.044921875, 2.10546875, 1.60546875, 3.041015625, 0.52734375, 2.05078125, 0.43701171875], [3.103515625, 0.11376953125, 0.669921875, 2.29296875, 1.408203125, 2.509765625, 2.01171875, 2.97265625, 1.6396484375, 0.3623046875, 0.9921875, 1.40625, 2.21484375, 1.7734375, 0.11767578125, 1.830078125, 1.9765625, 1.9619140625, 2.974609375, 0.2197265625, 0.0, 2.3828125, 0.18212890625, 0.77685546875, 2.9296875, 0.35009765625, 1.353515625, 1.0537109375, 0.78076171875, 1.0595703125, 1.0673828125, 1.755859375, 3.03515625, 2.826171875, 2.326171875, 1.8251953125, 2.8203125, 0.3076171875, 2.26953125, 0.65673828125], [0.798828125, 2.49609375, 1.712890625, 1.607421875, 2.4921875, 0.126953125, 0.37109375, 0.587890625, 2.259765625, 2.01953125, 2.908203125, 0.9765625, 1.685546875, 0.609375, 2.265625, 2.072265625, 0.40625, 1.939453125, 0.591796875, 2.6015625, 2.3828125, 0.0, 2.201171875, 3.123046875, 0.970703125, 2.732421875, 2.546875, 1.3291015625, 3.119140625, 1.3232421875, 2.833984375, 0.626953125, 0.865234375, 0.443359375, 1.572265625, 2.076171875, 0.439453125, 2.07421875, 1.630859375, 3.0390625], [2.998046875, 0.2958984375, 0.48779296875, 2.474609375, 1.58984375, 2.328125, 1.830078125, 2.791015625, 1.822265625, 0.18017578125, 1.173828125, 1.224609375, 2.396484375, 1.591796875, 0.064453125, 2.01171875, 1.794921875, 2.14453125, 2.79296875, 0.40185546875, 0.18212890625, 2.201171875, 0.0, 0.958984375, 3.111328125, 0.5322265625, 1.53515625, 0.87158203125, 0.962890625, 0.87744140625, 1.25, 1.57421875, 3.06640625, 2.64453125, 2.5078125, 2.0078125, 2.638671875, 0.12548828125, 2.451171875, 0.8388671875], [2.326171875, 0.6630859375, 1.4462890625, 1.5166015625, 0.63134765625, 2.99609375, 2.7890625, 2.533203125, 0.86279296875, 1.138671875, 0.21533203125, 2.18359375, 1.4375, 2.55078125, 0.89453125, 1.0537109375, 2.75390625, 1.185546875, 2.53125, 0.55712890625, 0.77685546875, 3.123046875, 0.958984375, 0.0, 2.15234375, 0.426513671875, 0.57666015625, 1.830078125, 0.004058837890625, 1.8359375, 0.290771484375, 2.533203125, 2.2578125, 2.6796875, 1.5498046875, 1.048828125, 2.685546875, 1.083984375, 1.4931640625, 0.119873046875], [0.173828125, 2.81640625, 2.68359375, 0.63671875, 1.521484375, 0.84375, 1.341796875, 0.380859375, 1.2900390625, 2.990234375, 1.9375, 1.947265625, 0.7158203125, 1.580078125, 3.046875, 1.099609375, 1.376953125, 0.9677734375, 0.37890625, 2.7109375, 2.9296875, 0.970703125, 3.111328125, 2.15234375, 0.0, 2.580078125, 1.576171875, 2.298828125, 2.1484375, 2.294921875, 1.8623046875, 1.595703125, 0.10546875, 0.52734375, 0.603515625, 1.1044921875, 0.533203125, 3.044921875, 0.66015625, 2.2734375], [2.75390625, 0.236328125, 1.01953125, 1.943359375, 1.05859375, 2.859375, 2.361328125, 2.9609375, 1.2890625, 0.71240234375, 0.6416015625, 1.755859375, 1.86328125, 2.123046875, 0.4677734375, 1.48046875, 2.326171875, 1.611328125, 2.958984375, 0.13037109375, 0.35009765625, 2.732421875, 0.5322265625, 0.426513671875, 2.580078125, 0.0, 1.00390625, 1.404296875, 0.4306640625, 1.41015625, 0.71728515625, 2.10546875, 2.685546875, 3.107421875, 1.9765625, 1.474609375, 3.11328125, 0.65771484375, 1.919921875, 0.306640625], [1.75, 1.240234375, 2.0234375, 0.939453125, 0.0546875, 2.419921875, 2.91796875, 1.95703125, 0.2861328125, 1.7158203125, 0.361572265625, 2.759765625, 0.8603515625, 3.126953125, 1.470703125, 0.4765625, 2.953125, 0.6083984375, 1.955078125, 1.1337890625, 1.353515625, 2.546875, 1.53515625, 0.57666015625, 1.576171875, 1.00390625, 0.0, 2.40625, 0.57275390625, 2.4140625, 0.2861328125, 3.109375, 1.681640625, 2.103515625, 0.97265625, 0.4716796875, 2.109375, 1.6611328125, 0.916015625, 0.69677734375], [2.126953125, 1.16796875, 0.3837890625, 2.935546875, 2.4609375, 1.455078125, 0.9580078125, 1.919921875, 2.693359375, 0.69140625, 2.044921875, 0.3525390625, 3.015625, 0.7197265625, 0.93603515625, 2.8828125, 0.9228515625, 3.015625, 1.919921875, 1.2734375, 1.0537109375, 1.3291015625, 0.87158203125, 1.830078125, 2.298828125, 1.404296875, 2.40625, 0.0, 1.833984375, 0.005859375, 2.12109375, 0.7021484375, 2.193359375, 1.771484375, 2.904296875, 2.87890625, 1.767578125, 0.74609375, 2.958984375, 1.7109375], [2.322265625, 0.6669921875, 1.4501953125, 1.5126953125, 0.62744140625, 2.9921875, 2.79296875, 2.529296875, 0.85888671875, 1.142578125, 0.211181640625, 2.1875, 1.43359375, 2.5546875, 0.8984375, 1.0498046875, 2.7578125, 1.181640625, 2.52734375, 0.56103515625, 0.78076171875, 3.119140625, 0.962890625, 0.004058837890625, 2.1484375, 0.4306640625, 0.57275390625, 1.833984375, 0.0, 1.83984375, 0.28662109375, 2.537109375, 2.25390625, 2.67578125, 1.5458984375, 1.044921875, 2.681640625, 1.087890625, 1.4892578125, 0.1239013671875], [2.119140625, 1.173828125, 0.3896484375, 2.931640625, 2.46875, 1.451171875, 0.9521484375, 1.912109375, 2.69921875, 0.697265625, 2.05078125, 0.3466796875, 3.009765625, 0.7138671875, 0.94189453125, 2.890625, 0.9169921875, 3.021484375, 1.916015625, 1.279296875, 1.0595703125, 1.3232421875, 0.87744140625, 1.8359375, 2.294921875, 1.41015625, 2.4140625, 0.005859375, 1.83984375, 0.0, 2.126953125, 0.6962890625, 2.189453125, 1.767578125, 2.896484375, 2.884765625, 1.759765625, 0.751953125, 2.955078125, 1.716796875], [2.03515625, 0.95361328125, 1.7373046875, 1.2255859375, 0.3408203125, 2.70703125, 3.078125, 2.2421875, 0.572265625, 1.4296875, 0.075439453125, 2.47265625, 1.146484375, 2.83984375, 1.185546875, 0.7626953125, 3.04296875, 0.89453125, 2.2421875, 0.84765625, 1.0673828125, 2.833984375, 1.25, 0.290771484375, 1.8623046875, 0.71728515625, 0.2861328125, 2.12109375, 0.28662109375, 2.126953125, 0.0, 2.82421875, 1.9677734375, 2.390625, 1.2587890625, 0.7578125, 2.39453125, 1.375, 1.2021484375, 0.41064453125], [1.423828125, 1.869140625, 1.0859375, 2.236328125, 3.119140625, 0.751953125, 0.255859375, 1.216796875, 2.888671875, 1.3935546875, 2.748046875, 0.349609375, 2.314453125, 0.017578125, 1.638671875, 2.697265625, 0.220703125, 2.564453125, 1.220703125, 1.9755859375, 1.755859375, 0.626953125, 1.57421875, 2.533203125, 1.595703125, 2.10546875, 3.109375, 0.7021484375, 2.537109375, 0.6962890625, 2.82421875, 0.0, 1.494140625, 1.072265625, 2.201171875, 2.701171875, 1.064453125, 1.4482421875, 2.259765625, 2.412109375], [0.068359375, 2.921875, 2.578125, 0.7421875, 1.626953125, 0.73828125, 1.236328125, 0.275390625, 1.3955078125, 2.884765625, 2.04296875, 1.841796875, 0.8212890625, 1.474609375, 3.130859375, 1.205078125, 1.271484375, 1.0732421875, 0.2734375, 2.81640625, 3.03515625, 0.865234375, 3.06640625, 2.2578125, 0.10546875, 2.685546875, 1.681640625, 2.193359375, 2.25390625, 2.189453125, 1.9677734375, 1.494140625, 0.0, 0.421875, 0.708984375, 1.2099609375, 0.427734375, 2.939453125, 0.765625, 2.37890625], [0.353515625, 2.939453125, 2.158203125, 1.1640625, 2.048828125, 0.31640625, 0.814453125, 0.146484375, 1.8173828125, 2.462890625, 2.46484375, 1.419921875, 1.2431640625, 1.052734375, 2.708984375, 1.626953125, 0.849609375, 1.4951171875, 0.1484375, 3.044921875, 2.826171875, 0.443359375, 2.64453125, 2.6796875, 0.52734375, 3.107421875, 2.103515625, 1.771484375, 2.67578125, 1.767578125, 2.390625, 1.072265625, 0.421875, 0.0, 1.130859375, 1.6318359375, 0.005859375, 2.517578125, 1.1875, 2.80078125], [0.77734375, 2.212890625, 2.99609375, 0.033203125, 0.91796875, 1.447265625, 1.947265625, 0.984375, 0.6865234375, 2.6875, 1.333984375, 2.55078125, 0.1123046875, 2.181640625, 2.443359375, 0.49609375, 1.978515625, 0.3642578125, 0.982421875, 2.10546875, 2.326171875, 1.572265625, 2.5078125, 1.5498046875, 0.603515625, 1.9765625, 0.97265625, 2.904296875, 1.5458984375, 2.896484375, 1.2587890625, 2.201171875, 0.708984375, 1.130859375, 0.0, 0.5009765625, 1.13671875, 2.6328125, 0.056640625, 1.6689453125], [1.2783203125, 1.7109375, 2.49609375, 0.4677734375, 0.4169921875, 1.9482421875, 2.447265625, 1.4853515625, 0.185546875, 2.1875, 0.8330078125, 3.052734375, 0.388671875, 2.685546875, 1.943359375, 0.0048828125, 2.482421875, 0.13671875, 1.4833984375, 1.60546875, 1.8251953125, 2.076171875, 2.0078125, 1.048828125, 1.1044921875, 1.474609375, 0.4716796875, 2.87890625, 1.044921875, 2.884765625, 0.7578125, 2.701171875, 1.2099609375, 1.6318359375, 0.5009765625, 0.0, 1.6376953125, 2.1328125, 0.4443359375, 1.16796875], [0.359375, 2.93359375, 2.150390625, 1.169921875, 2.0546875, 0.310546875, 0.806640625, 0.15234375, 1.8232421875, 2.458984375, 2.470703125, 1.416015625, 1.2490234375, 1.048828125, 2.703125, 1.6328125, 0.845703125, 1.5009765625, 0.154296875, 3.041015625, 2.8203125, 0.439453125, 2.638671875, 2.685546875, 0.533203125, 3.11328125, 2.109375, 1.767578125, 2.681640625, 1.759765625, 2.39453125, 1.064453125, 0.427734375, 0.005859375, 1.13671875, 1.6376953125, 0.0, 2.513671875, 1.193359375, 2.806640625], [2.873046875, 0.42138671875, 0.3623046875, 2.6015625, 1.7158203125, 2.201171875, 1.7041015625, 2.666015625, 1.947265625, 0.0546875, 1.2998046875, 1.0986328125, 2.521484375, 1.4658203125, 0.18994140625, 2.13671875, 1.6689453125, 2.26953125, 2.666015625, 0.52734375, 0.3076171875, 2.07421875, 0.12548828125, 1.083984375, 3.044921875, 0.65771484375, 1.6611328125, 0.74609375, 1.087890625, 0.751953125, 1.375, 1.4482421875, 2.939453125, 2.517578125, 2.6328125, 2.1328125, 2.513671875, 0.0, 2.578125, 0.96435546875], [0.833984375, 2.15625, 2.939453125, 0.0234375, 0.861328125, 1.50390625, 2.001953125, 1.041015625, 0.6298828125, 2.6328125, 1.27734375, 2.607421875, 0.0556640625, 2.240234375, 2.38671875, 0.439453125, 2.037109375, 0.3076171875, 1.0390625, 2.05078125, 2.26953125, 1.630859375, 2.451171875, 1.4931640625, 0.66015625, 1.919921875, 0.916015625, 2.958984375, 1.4892578125, 2.955078125, 1.2021484375, 2.259765625, 0.765625, 1.1875, 0.056640625, 0.4443359375, 1.193359375, 2.578125, 0.0, 1.6123046875], [2.447265625, 0.54296875, 1.3271484375, 1.6357421875, 0.75146484375, 3.1171875, 2.66796875, 2.654296875, 0.98291015625, 1.01953125, 0.335205078125, 2.0625, 1.556640625, 2.4296875, 0.7744140625, 1.1728515625, 2.6328125, 1.3046875, 2.65234375, 0.43701171875, 0.65673828125, 3.0390625, 0.8388671875, 0.119873046875, 2.2734375, 0.306640625, 0.69677734375, 1.7109375, 0.1239013671875, 1.716796875, 0.41064453125, 2.412109375, 2.37890625, 2.80078125, 1.6689453125, 1.16796875, 2.806640625, 0.96435546875, 1.6123046875, 0.0]], "coordinates": [[0, 0], [-82, 78], [76, -53], [18, -100], [0, 60], [66, 54], [-98, 9], [-95, -41], [-94, 58], [59, 77], [48, -91], [87, 24], [-53, -85], [5, 63], [-93, -70], [69, -77], [27, 54], [-38, -18], [31, 90], [-100, 62], [80, -44], [93, -82], [-54, -2], [55, -70], [74, 4], [-37, 50], [87, -34], [26, 19], [-19, -91], [86, 5], [-3, -14], [78, 28], [-96, -75], [-87, 95], [-72, 31], [-2, 62], [43, 85], [-33, 14], [33, -55], [1, 41], [91, -6]], "angles": [2.380859375, -0.60888671875, -1.392578125, 1.5703125, 0.685546875, 3.05078125, -2.734375, 2.587890625, 0.9169921875, -1.0849609375, 0.269287109375, -2.12890625, 1.4912109375, -2.49609375, -0.84033203125, 1.107421875, -2.69921875, 1.2392578125, 2.5859375, -0.5029296875, -0.72265625, -3.10546875, -0.90478515625, 0.05401611328125, 2.20703125, -0.37255859375, 0.630859375, -1.7763671875, 0.058074951171875, -1.7822265625, 0.3447265625, -2.478515625, 2.3125, 2.734375, 1.603515625, 1.1025390625, 2.740234375, -1.0302734375, 1.546875, -0.06585693359375], "demands": [1, 6, 11, 9, 6, 12, 1, 11, 1, 8, 7, 4, 5, 12, 1, 2, 1, 8, 6, 10, 11, 8, 1, 3, 10, 1, 7, 1, 9, 3, 6, 3, 1, 8, 3, 3, 4, 8, 7, 6], "capacity": 50, "Vmax": 19}