{"name": "LZB_n40_15", "n": 40, "m": 5, "times": [[0.0, 56.375, 90.1875, 25.0625, 85.0, 55.875, 78.3125, 96.3125, 128.875, 27.734375, 65.125, 95.3125, 66.625, 106.0625, 104.6875, 105.1875, 47.0, 50.28125, 13.15625, 108.4375, 49.0, 62.125, 69.375, 33.71875, 86.6875, 99.625, 6.40234375, 15.234375, 79.3125, 73.875, 35.0, 100.1875, 97.75, 127.4375, 61.28125, 92.1875, 71.25, 105.375, 69.0, 98.0, 42.71875], [56.375, 0.0, 127.4375, 31.390625, 119.9375, 63.9375, 105.0, 73.75, 125.0, 44.40625, 121.25, 151.625, 32.3125, 55.90625, 75.3125, 154.5, 96.875, 39.125, 46.03125, 152.125, 24.078125, 77.875, 119.5, 81.3125, 131.25, 150.0, 58.1875, 57.875, 83.0, 33.25, 81.25, 156.5, 96.4375, 179.625, 5.83203125, 98.0625, 125.625, 135.0, 29.203125, 53.25, 67.9375], [90.1875, 127.4375, 0.0, 105.75, 8.6015625, 68.6875, 28.65625, 185.625, 92.1875, 83.9375, 89.625, 90.0625, 150.875, 183.375, 119.0, 45.03125, 48.75, 92.4375, 90.0, 162.0, 105.5, 55.1875, 39.625, 57.0, 20.25, 46.28125, 95.0, 104.0, 66.625, 156.25, 110.625, 95.75, 187.125, 73.6875, 133.25, 63.0625, 106.1875, 178.5, 117.9375, 136.875, 130.25], [25.0625, 31.390625, 105.75, 0.0, 99.25, 54.09375, 88.0625, 81.0625, 125.5625, 24.1875, 89.875, 120.375, 45.3125, 82.25, 89.6875, 127.0625, 68.625, 37.46875, 16.640625, 125.625, 29.546875, 65.125, 91.375, 53.53125, 106.0, 122.0, 26.921875, 28.078125, 77.5, 51.46875, 52.34375, 125.25, 91.5625, 150.875, 36.25, 92.125, 94.75, 114.8125, 48.28125, 77.125, 46.40625], [85.0, 119.9375, 8.6015625, 99.25, 0.0, 60.3125, 20.125, 179.625, 85.6875, 76.875, 90.5, 93.9375, 144.125, 175.75, 110.5, 52.46875, 46.53125, 84.3125, 83.875, 162.25, 97.625, 46.65625, 41.625, 52.625, 26.078125, 53.0, 90.125, 99.25, 58.125, 149.25, 107.5625, 99.8125, 182.5, 81.375, 125.6875, 55.09375, 106.875, 176.75, 109.625, 128.375, 126.0], [55.875, 63.9375, 68.6875, 54.09375, 60.3125, 0.0, 42.53125, 132.875, 73.25, 30.890625, 103.75, 124.125, 93.0, 118.625, 59.21875, 105.3125, 59.125, 25.296875, 45.8125, 161.75, 40.03125, 14.3203125, 76.25, 47.375, 78.5, 102.875, 62.21875, 70.1875, 23.859375, 96.25, 90.25, 130.125, 145.625, 133.75, 69.4375, 38.09375, 115.8125, 161.25, 49.40625, 69.3125, 96.25], [78.3125, 105.0, 28.65625, 88.0625, 20.125, 42.53125, 0.0, 169.125, 69.9375, 64.25, 98.5, 107.5625, 131.5, 160.5, 90.375, 71.8125, 50.34375, 67.5625, 74.25, 167.625, 81.6875, 28.296875, 54.125, 50.25, 44.5625, 71.5625, 84.1875, 93.4375, 38.0, 135.875, 106.0, 113.625, 175.75, 100.875, 110.6875, 36.0625, 114.0, 177.375, 91.8125, 108.9375, 120.875], [96.3125, 73.75, 185.625, 81.0625, 179.625, 132.875, 169.125, 0.0, 198.625, 105.0, 142.625, 175.875, 41.4375, 54.4375, 147.0, 200.0, 143.0, 110.4375, 95.75, 135.0, 96.0625, 145.25, 164.5, 130.0, 183.0, 194.0, 92.625, 84.875, 154.5, 42.1875, 93.0, 178.875, 37.21875, 219.25, 70.25, 169.625, 137.875, 100.625, 102.0, 119.0, 66.375], [128.875, 125.0, 92.1875, 125.5625, 85.6875, 73.25, 69.9375, 198.625, 0.0, 103.8125, 166.375, 177.5, 157.25, 170.25, 63.34375, 137.0, 117.625, 89.5, 119.0, 231.625, 102.875, 68.125, 124.0625, 112.3125, 111.75, 138.5, 135.25, 143.375, 49.59375, 157.875, 162.625, 183.5, 216.5, 165.0, 129.0, 38.0, 181.0, 234.125, 98.5, 95.75, 169.375], [27.734375, 44.40625, 83.9375, 24.1875, 76.875, 30.890625, 64.25, 105.0, 103.8125, 0.0, 87.375, 113.875, 67.4375, 100.0, 77.1875, 110.375, 53.8125, 23.1875, 15.6171875, 136.125, 26.828125, 41.0, 75.9375, 38.28125, 86.8125, 106.125, 33.625, 40.46875, 54.71875, 72.4375, 62.65625, 119.375, 115.125, 136.25, 50.21875, 68.875, 96.1875, 131.75, 45.875, 73.8125, 65.625], [65.125, 121.25, 89.625, 89.875, 90.5, 103.75, 98.5, 142.625, 166.375, 87.375, 0.0, 33.3125, 125.1875, 167.0, 161.625, 72.8125, 48.75, 110.125, 77.125, 72.6875, 112.8125, 101.1875, 50.21875, 56.5, 73.0625, 65.75, 63.15625, 65.5, 121.4375, 133.5, 49.6875, 36.875, 127.25, 81.8125, 125.9375, 128.875, 16.640625, 95.75, 132.625, 161.125, 76.1875], [95.3125, 151.625, 90.0625, 120.375, 93.9375, 124.125, 107.5625, 175.875, 177.5, 113.875, 33.3125, 0.0, 157.875, 199.375, 183.375, 57.4375, 65.0, 135.375, 106.125, 88.4375, 140.375, 118.1875, 53.4375, 77.9375, 70.1875, 51.21875, 94.3125, 97.8125, 137.75, 166.0, 83.0, 6.08203125, 159.25, 55.21875, 156.625, 142.0, 41.125, 120.4375, 159.75, 187.25, 109.5], [66.625, 32.3125, 150.875, 45.3125, 144.125, 93.0, 131.5, 41.4375, 157.25, 67.4375, 125.1875, 157.875, 0.0, 42.0625, 106.5, 171.5, 113.0, 69.5625, 61.75, 139.5, 54.90625, 106.125, 135.625, 98.4375, 151.25, 166.125, 65.1875, 60.21875, 113.875, 8.546875, 77.8125, 162.0, 66.6875, 194.0, 29.15625, 129.0, 125.3125, 114.9375, 60.90625, 80.6875, 55.78125], [106.0625, 55.90625, 183.375, 82.25, 175.75, 118.625, 160.5, 54.4375, 170.25, 100.0, 167.0, 199.375, 42.0625, 0.0, 110.4375, 209.0, 150.75, 93.3125, 98.6875, 178.875, 78.75, 132.875, 173.5, 135.375, 186.625, 204.125, 105.625, 101.625, 135.0, 33.625, 119.875, 203.625, 90.9375, 233.0, 50.09375, 149.5, 167.375, 150.0, 73.3125, 78.1875, 97.125], [104.6875, 75.3125, 119.0, 89.6875, 110.5, 59.21875, 90.375, 147.0, 63.34375, 77.1875, 161.625, 183.375, 106.5, 110.4375, 0.0, 160.875, 118.3125, 54.4375, 91.75, 213.0, 60.46875, 67.4375, 134.75, 106.0, 133.375, 159.375, 110.125, 115.4375, 52.34375, 104.8125, 139.125, 189.25, 171.75, 189.875, 77.4375, 59.46875, 172.25, 204.5, 46.09375, 33.0, 135.875], [105.1875, 154.5, 45.03125, 127.0625, 52.46875, 105.3125, 71.8125, 200.0, 137.0, 110.375, 72.8125, 57.4375, 171.5, 209.0, 160.875, 0.0, 58.53125, 125.4375, 110.4375, 142.625, 135.875, 93.9375, 35.84375, 73.625, 27.515625, 7.0703125, 107.8125, 115.1875, 109.125, 178.375, 112.0, 61.84375, 193.0, 29.125, 160.25, 107.5, 88.3125, 168.625, 151.875, 174.625, 136.875], [47.0, 96.875, 48.75, 68.625, 46.53125, 59.125, 50.34375, 143.0, 117.625, 53.8125, 48.75, 65.0, 113.0, 150.75, 118.3125, 58.53125, 0.0, 72.625, 52.0, 117.4375, 80.4375, 53.75, 22.796875, 15.6171875, 40.4375, 53.40625, 50.28125, 58.46875, 73.75, 119.8125, 61.96875, 71.0, 140.125, 82.75, 102.5625, 80.25, 63.8125, 130.25, 98.375, 124.3125, 83.125], [50.28125, 39.125, 92.4375, 37.46875, 84.3125, 25.296875, 67.5625, 110.4375, 89.5, 23.1875, 110.125, 135.375, 69.5625, 93.3125, 54.4375, 125.4375, 72.625, 0.0, 37.34375, 158.625, 15.03125, 39.5625, 93.125, 57.875, 99.75, 122.0625, 55.71875, 61.28125, 44.28125, 72.0, 84.6875, 141.0, 127.0625, 152.875, 44.40625, 59.40625, 119.3125, 151.625, 26.40625, 51.9375, 83.625], [13.15625, 46.03125, 90.0, 16.640625, 83.875, 45.8125, 74.25, 95.75, 119.0, 15.6171875, 77.125, 106.125, 61.75, 98.6875, 91.75, 110.4375, 52.0, 37.34375, 0.0, 121.25, 36.0625, 54.21875, 74.8125, 36.90625, 89.5, 105.4375, 18.390625, 24.84375, 69.625, 68.125, 47.4375, 111.25, 102.125, 134.375, 51.40625, 83.375, 84.125, 116.1875, 56.09375, 85.0, 50.46875], [108.4375, 152.125, 162.0, 125.625, 162.25, 161.75, 167.625, 135.0, 231.625, 136.125, 72.6875, 88.4375, 139.5, 178.875, 213.0, 142.625, 117.4375, 158.625, 121.25, 0.0, 154.75, 163.625, 122.875, 119.5, 145.75, 135.75, 102.875, 98.0625, 183.375, 147.75, 74.0, 86.5625, 103.75, 143.5, 154.5, 193.625, 56.09375, 42.0, 173.875, 202.625, 85.0], [49.0, 24.078125, 105.5, 29.546875, 97.625, 40.03125, 81.6875, 96.0625, 102.875, 26.828125, 112.8125, 140.375, 54.90625, 78.75, 60.46875, 135.875, 80.4375, 15.03125, 36.0625, 154.75, 0.0, 54.125, 102.1875, 65.0, 111.1875, 132.0, 53.25, 56.75, 59.125, 57.03125, 81.0, 145.75, 114.5625, 162.375, 29.421875, 74.25, 120.125, 144.0, 20.03125, 49.0, 75.5], [62.125, 77.875, 55.1875, 65.125, 46.65625, 14.3203125, 28.296875, 145.25, 68.125, 41.0, 101.1875, 118.1875, 106.125, 132.875, 67.4375, 93.9375, 53.75, 39.5625, 54.21875, 163.625, 54.125, 0.0, 67.625, 45.1875, 66.625, 92.125, 68.5, 77.1875, 20.25, 109.75, 94.875, 124.25, 156.0, 122.75, 83.4375, 30.40625, 114.625, 166.75, 63.5, 81.8125, 104.25], [69.375, 119.5, 39.625, 91.375, 41.625, 76.25, 54.125, 164.5, 124.0625, 75.9375, 50.21875, 53.4375, 135.625, 173.5, 134.75, 35.84375, 22.796875, 93.125, 74.8125, 122.875, 102.1875, 67.625, 0.0, 38.21875, 23.40625, 30.609375, 72.0625, 79.6875, 86.0, 142.5, 79.0625, 59.46875, 159.375, 60.3125, 125.1875, 88.9375, 66.875, 142.0, 119.375, 144.125, 102.5625], [33.71875, 81.3125, 57.0, 53.53125, 52.625, 47.375, 50.25, 130.0, 112.3125, 38.28125, 56.5, 77.9375, 98.4375, 135.375, 106.0, 73.625, 15.6171875, 57.875, 36.90625, 119.5, 65.0, 45.1875, 38.21875, 0.0, 53.15625, 68.75, 38.125, 47.0, 65.375, 104.9375, 55.9375, 83.75, 130.125, 98.375, 87.0, 74.3125, 69.4375, 127.125, 83.25, 109.75, 73.4375], [86.6875, 131.25, 20.25, 106.0, 26.078125, 78.5, 44.5625, 183.0, 111.75, 86.8125, 73.0625, 70.1875, 151.25, 186.625, 133.375, 27.515625, 40.4375, 99.75, 89.5, 145.75, 111.1875, 66.625, 23.40625, 53.15625, 0.0, 27.078125, 90.5, 98.8125, 81.625, 157.375, 101.125, 75.8125, 180.5, 56.625, 137.0, 80.5, 89.6875, 165.375, 126.0625, 147.875, 123.375], [99.625, 150.0, 46.28125, 122.0, 53.0, 102.875, 71.5625, 194.0, 138.5, 106.125, 65.75, 51.21875, 166.125, 204.125, 159.375, 7.0703125, 53.40625, 122.0625, 105.4375, 135.75, 132.0, 92.125, 30.609375, 68.75, 27.078125, 0.0, 102.0, 109.1875, 108.1875, 173.125, 105.3125, 55.90625, 186.375, 30.890625, 155.625, 107.5625, 81.25, 161.5, 148.5, 171.875, 130.375], [6.40234375, 58.1875, 95.0, 26.921875, 90.125, 62.21875, 84.1875, 92.625, 135.25, 33.625, 63.15625, 94.3125, 65.1875, 105.625, 110.125, 107.8125, 50.28125, 55.71875, 18.390625, 102.875, 53.25, 68.5, 72.0625, 38.125, 90.5, 102.0, 0.0, 9.21875, 85.6875, 72.8125, 29.0625, 99.0, 92.375, 129.0, 62.78125, 98.625, 67.875, 99.0, 73.125, 102.1875, 36.6875], [15.234375, 57.875, 104.0, 28.078125, 99.25, 70.1875, 93.4375, 84.875, 143.375, 40.46875, 65.5, 97.8125, 60.21875, 101.625, 115.4375, 115.1875, 58.46875, 61.28125, 24.84375, 98.0625, 56.75, 77.1875, 79.6875, 47.0, 98.8125, 109.1875, 9.21875, 0.0, 93.875, 68.25, 24.328125, 102.0625, 83.1875, 135.375, 61.84375, 107.0625, 68.0, 91.375, 76.125, 105.0625, 27.515625], [79.3125, 83.0, 66.625, 77.5, 58.125, 23.859375, 38.0, 154.5, 49.59375, 54.71875, 121.4375, 137.75, 113.875, 135.0, 52.34375, 109.125, 73.75, 44.28125, 69.625, 183.375, 59.125, 20.25, 86.0, 65.375, 81.625, 108.1875, 85.6875, 93.875, 0.0, 116.125, 113.1875, 143.75, 169.0, 138.25, 88.0, 15.1328125, 134.875, 184.625, 62.09375, 73.4375, 120.125], [73.875, 33.25, 156.25, 51.46875, 149.25, 96.25, 135.875, 42.1875, 157.875, 72.4375, 133.5, 166.0, 8.546875, 33.625, 104.8125, 178.375, 119.8125, 72.0, 68.125, 147.75, 57.03125, 109.75, 142.5, 104.9375, 157.375, 173.125, 72.8125, 68.25, 116.125, 0.0, 86.3125, 170.25, 71.25, 201.25, 28.859375, 131.25, 133.75, 122.3125, 60.15625, 77.25, 64.3125], [35.0, 81.25, 110.625, 52.34375, 107.5625, 90.25, 106.0, 93.0, 162.625, 62.65625, 49.6875, 83.0, 77.8125, 119.875, 139.125, 112.0, 61.96875, 84.6875, 47.4375, 74.0, 81.0, 94.875, 79.0625, 55.9375, 101.125, 105.3125, 29.0625, 24.328125, 113.1875, 86.3125, 0.0, 86.25, 81.0, 127.75, 84.6875, 125.25, 47.5, 72.0, 100.4375, 129.375, 26.625], [100.1875, 156.5, 95.75, 125.25, 99.8125, 130.125, 113.625, 178.875, 183.5, 119.375, 36.875, 6.08203125, 162.0, 203.625, 189.25, 61.84375, 71.0, 141.0, 111.25, 86.5625, 145.75, 124.25, 59.46875, 83.75, 75.8125, 55.90625, 99.0, 102.0625, 143.75, 170.25, 86.25, 0.0, 161.125, 57.0625, 161.5, 148.125, 42.5, 120.0625, 165.25, 192.875, 112.625], [97.75, 96.4375, 187.125, 91.5625, 182.5, 145.625, 175.75, 37.21875, 216.5, 115.125, 127.25, 159.25, 66.6875, 90.9375, 171.75, 193.0, 140.125, 127.0625, 102.125, 103.75, 114.5625, 156.0, 159.375, 130.125, 180.5, 186.375, 92.375, 83.1875, 169.0, 71.25, 81.0, 161.125, 0.0, 208.125, 94.75, 183.625, 118.6875, 65.8125, 125.625, 147.375, 57.09375], [127.4375, 179.625, 73.6875, 150.875, 81.375, 133.75, 100.875, 219.25, 165.0, 136.25, 81.8125, 55.21875, 194.0, 233.0, 189.875, 29.125, 82.75, 152.875, 134.375, 143.5, 162.375, 122.75, 60.3125, 98.375, 56.625, 30.890625, 129.0, 135.375, 138.25, 201.25, 127.75, 57.0625, 208.125, 0.0, 185.25, 136.5, 94.3125, 175.125, 179.125, 202.75, 153.875], [61.28125, 5.83203125, 133.25, 36.25, 125.6875, 69.4375, 110.6875, 70.25, 129.0, 50.21875, 125.9375, 156.625, 29.15625, 50.09375, 77.4375, 160.25, 102.5625, 44.40625, 51.40625, 154.5, 29.421875, 83.4375, 125.1875, 87.0, 137.0, 155.625, 62.78125, 61.84375, 88.0, 28.859375, 84.6875, 161.5, 94.75, 185.25, 0.0, 103.0, 129.75, 136.0, 31.765625, 53.25, 69.875], [92.1875, 98.0625, 63.0625, 92.125, 55.09375, 38.09375, 36.0625, 169.625, 38.0, 68.875, 128.875, 142.0, 129.0, 149.5, 59.46875, 107.5, 80.25, 59.40625, 83.375, 193.625, 74.25, 30.40625, 88.9375, 74.3125, 80.5, 107.5625, 98.625, 107.0625, 15.1328125, 131.25, 125.25, 148.125, 183.625, 136.5, 103.0, 0.0, 143.125, 197.125, 76.3125, 84.75, 133.75], [71.25, 125.625, 106.1875, 94.75, 106.875, 115.8125, 114.0, 137.875, 181.0, 96.1875, 16.640625, 41.125, 125.3125, 167.375, 172.25, 88.3125, 63.8125, 119.3125, 84.125, 56.09375, 120.125, 114.625, 66.875, 69.4375, 89.6875, 81.25, 67.875, 68.0, 134.875, 133.75, 47.5, 42.5, 118.6875, 94.3125, 129.75, 143.125, 0.0, 81.0625, 140.125, 169.125, 72.5], [105.375, 135.0, 178.5, 114.8125, 176.75, 161.25, 177.375, 100.625, 234.125, 131.75, 95.75, 120.4375, 114.9375, 150.0, 204.5, 168.625, 130.25, 151.625, 116.1875, 42.0, 144.0, 166.75, 142.0, 127.125, 165.375, 161.5, 99.0, 91.375, 184.625, 122.3125, 72.0, 120.0625, 65.8125, 175.125, 136.0, 197.125, 81.0625, 0.0, 161.0, 188.0, 68.625], [69.0, 29.203125, 117.9375, 48.28125, 109.625, 49.40625, 91.8125, 102.0, 98.5, 45.875, 132.625, 159.75, 60.90625, 73.3125, 46.09375, 151.875, 98.375, 26.40625, 56.09375, 173.875, 20.03125, 63.5, 119.375, 83.25, 126.0625, 148.5, 73.125, 76.125, 62.09375, 60.15625, 100.4375, 165.25, 125.625, 179.125, 31.765625, 76.3125, 140.125, 161.0, 0.0, 29.0625, 92.625], [98.0, 53.25, 136.875, 77.125, 128.375, 69.3125, 108.9375, 119.0, 95.75, 73.8125, 161.125, 187.25, 80.6875, 78.1875, 33.0, 174.625, 124.3125, 51.9375, 85.0, 202.625, 49.0, 81.8125, 144.125, 109.75, 147.875, 171.875, 102.1875, 105.0625, 73.4375, 77.25, 129.375, 192.875, 147.375, 202.75, 53.25, 84.75, 169.125, 188.0, 29.0625, 0.0, 120.1875], [42.71875, 67.9375, 130.25, 46.40625, 126.0, 96.25, 120.875, 66.375, 169.375, 65.625, 76.1875, 109.5, 55.78125, 97.125, 135.875, 136.875, 83.125, 83.625, 50.46875, 85.0, 75.5, 104.25, 102.5625, 73.4375, 123.375, 130.375, 36.6875, 27.515625, 120.125, 64.3125, 26.625, 112.625, 57.09375, 153.875, 69.875, 133.75, 72.5, 68.625, 92.625, 120.1875, 0.0]], "angleGap": [[0.0, 2.078125, 0.059326171875, 1.998046875, 1.212890625, 1.765625, 0.86865234375, 1.2802734375, 0.8876953125, 3.013671875, 3.08984375, 0.50537109375, 0.33203125, 0.7705078125, 2.515625, 2.427734375, 0.7431640625, 0.5927734375, 2.3046875, 0.43994140625, 1.431640625, 2.505859375, 2.220703125, 2.302734375, 2.55859375, 1.806640625, 1.53515625, 1.279296875, 0.44140625, 2.162109375, 3.126953125, 1.25390625, 2.6796875, 0.052978515625, 1.37109375, 2.787109375, 1.91015625, 0.425537109375, 0.4501953125, 1.490234375], [2.078125, 0.0, 2.13671875, 0.0791015625, 0.86474609375, 0.3115234375, 2.9453125, 0.79736328125, 1.1904296875, 1.1923828125, 1.0126953125, 2.58203125, 2.41015625, 1.306640625, 0.4384765625, 0.349609375, 1.3349609375, 1.4853515625, 1.900390625, 1.6376953125, 0.64599609375, 0.4287109375, 0.142578125, 0.2255859375, 0.4814453125, 2.400390625, 2.669921875, 0.798828125, 2.51953125, 2.044921875, 1.0498046875, 2.951171875, 0.6025390625, 2.130859375, 0.7060546875, 1.4189453125, 2.294921875, 1.65234375, 1.6279296875, 2.716796875], [0.059326171875, 2.13671875, 0.0, 2.05859375, 1.2724609375, 1.8251953125, 0.8095703125, 1.33984375, 0.94677734375, 2.953125, 3.1328125, 0.446044921875, 0.272705078125, 0.830078125, 2.576171875, 2.486328125, 0.80224609375, 0.65185546875, 2.244140625, 0.499267578125, 1.4912109375, 2.56640625, 2.279296875, 2.36328125, 2.619140625, 1.7470703125, 1.4765625, 1.337890625, 0.382080078125, 2.1015625, 3.095703125, 1.1953125, 2.740234375, 0.00634765625, 1.4306640625, 2.7265625, 1.8505859375, 0.48486328125, 0.50927734375, 1.4306640625], [1.998046875, 0.0791015625, 2.05859375, 0.0, 0.78564453125, 0.232421875, 2.8671875, 0.71826171875, 1.111328125, 1.271484375, 1.091796875, 2.50390625, 2.330078125, 1.2275390625, 0.517578125, 0.4287109375, 1.255859375, 1.40625, 1.978515625, 1.55859375, 0.56689453125, 0.5078125, 0.2216796875, 0.3046875, 0.560546875, 2.478515625, 2.748046875, 0.7197265625, 2.439453125, 2.123046875, 1.12890625, 3.029296875, 0.681640625, 2.05078125, 0.626953125, 1.498046875, 2.375, 1.5732421875, 1.548828125, 2.794921875], [1.212890625, 0.86474609375, 1.2724609375, 0.78564453125, 0.0, 0.55322265625, 2.08203125, 0.0673828125, 0.325439453125, 2.056640625, 1.876953125, 1.71875, 1.544921875, 0.442138671875, 1.302734375, 1.21484375, 0.469970703125, 0.6201171875, 2.765625, 0.77294921875, 0.21875, 1.29296875, 1.0078125, 1.08984375, 1.345703125, 3.01953125, 2.748046875, 0.06591796875, 1.654296875, 2.908203125, 1.9140625, 2.466796875, 1.466796875, 1.265625, 0.15869140625, 2.283203125, 3.123046875, 0.78759765625, 0.7626953125, 2.703125], [1.765625, 0.3115234375, 1.8251953125, 0.232421875, 0.55322265625, 0.0, 2.634765625, 0.48583984375, 0.87890625, 1.50390625, 1.32421875, 2.271484375, 2.09765625, 0.9951171875, 0.75, 0.6611328125, 1.0234375, 1.173828125, 2.212890625, 1.326171875, 0.33447265625, 0.740234375, 0.4541015625, 0.537109375, 0.79296875, 2.7109375, 2.982421875, 0.4873046875, 2.20703125, 2.35546875, 1.361328125, 3.01953125, 0.9140625, 1.8193359375, 0.39453125, 1.73046875, 2.607421875, 1.3408203125, 1.31640625, 3.02734375], [0.86865234375, 2.9453125, 0.8095703125, 2.8671875, 2.08203125, 2.634765625, 0.0, 2.1484375, 1.755859375, 2.142578125, 2.32421875, 0.36328125, 0.53662109375, 1.6396484375, 2.8984375, 2.986328125, 1.611328125, 1.4609375, 1.435546875, 1.30859375, 2.30078125, 2.908203125, 3.08984375, 3.111328125, 2.85546875, 0.9375, 0.6669921875, 2.1484375, 0.42724609375, 1.29296875, 2.287109375, 0.3857421875, 2.734375, 0.8154296875, 2.240234375, 1.916015625, 1.041015625, 1.2939453125, 1.318359375, 0.62109375], [1.2802734375, 0.79736328125, 1.33984375, 0.71826171875, 0.0673828125, 0.48583984375, 2.1484375, 0.0, 0.392822265625, 1.990234375, 1.810546875, 1.78515625, 1.6123046875, 0.509765625, 1.236328125, 1.146484375, 0.537109375, 0.6875, 2.69921875, 0.84033203125, 0.1513671875, 1.2265625, 0.93994140625, 1.0234375, 1.279296875, 3.0859375, 2.81640625, 0.00146484375, 1.7216796875, 2.841796875, 1.84765625, 2.53515625, 1.400390625, 1.3330078125, 0.09130859375, 2.216796875, 3.09375, 0.85498046875, 0.830078125, 2.76953125], [0.8876953125, 1.1904296875, 0.94677734375, 1.111328125, 0.325439453125, 0.87890625, 1.755859375, 0.392822265625, 0.0, 2.3828125, 2.203125, 1.392578125, 1.2197265625, 0.11669921875, 1.62890625, 1.5400390625, 0.14453125, 0.294921875, 3.091796875, 0.447509765625, 0.5439453125, 1.619140625, 1.3330078125, 1.416015625, 1.671875, 2.693359375, 2.423828125, 0.391357421875, 1.3291015625, 3.048828125, 2.240234375, 2.142578125, 1.79296875, 0.9404296875, 0.484130859375, 2.609375, 2.796875, 0.4619140625, 0.437255859375, 2.376953125], [3.013671875, 1.1923828125, 2.953125, 1.271484375, 2.056640625, 1.50390625, 2.142578125, 1.990234375, 2.3828125, 0.0, 0.1796875, 2.5078125, 2.681640625, 2.5, 0.75390625, 0.8427734375, 2.52734375, 2.677734375, 0.708984375, 2.830078125, 1.837890625, 0.763671875, 1.0498046875, 0.966796875, 0.7109375, 1.205078125, 1.478515625, 1.9912109375, 2.572265625, 0.853515625, 0.142578125, 1.759765625, 0.58984375, 2.9609375, 1.8984375, 0.2265625, 1.103515625, 2.84375, 2.8203125, 1.525390625], [3.08984375, 1.0126953125, 3.1328125, 1.091796875, 1.876953125, 1.32421875, 2.32421875, 1.810546875, 2.203125, 0.1796875, 0.0, 2.6875, 2.861328125, 2.3203125, 0.57421875, 0.6630859375, 2.34765625, 2.498046875, 0.888671875, 2.650390625, 1.658203125, 0.583984375, 0.8701171875, 0.787109375, 0.53125, 1.384765625, 1.658203125, 1.8115234375, 2.751953125, 1.033203125, 0.037109375, 1.939453125, 0.41015625, 3.140625, 1.71875, 0.40625, 1.283203125, 2.6640625, 2.640625, 1.705078125], [0.50537109375, 2.58203125, 0.446044921875, 2.50390625, 1.71875, 2.271484375, 0.36328125, 1.78515625, 1.392578125, 2.5078125, 2.6875, 0.0, 0.17333984375, 1.2763671875, 3.021484375, 2.93359375, 1.248046875, 1.09765625, 1.798828125, 0.9453125, 1.9375, 3.01171875, 2.7265625, 2.80859375, 3.064453125, 1.30078125, 1.0302734375, 1.7841796875, 0.06396484375, 1.65625, 2.650390625, 0.7490234375, 3.09765625, 0.452392578125, 1.876953125, 2.283203125, 1.404296875, 0.9306640625, 0.95556640625, 0.984375], [0.33203125, 2.41015625, 0.272705078125, 2.330078125, 1.544921875, 2.09765625, 0.53662109375, 1.6123046875, 1.2197265625, 2.681640625, 2.861328125, 0.17333984375, 0.0, 1.1025390625, 2.84765625, 2.759765625, 1.0751953125, 0.9248046875, 1.97265625, 0.77197265625, 1.763671875, 2.837890625, 2.552734375, 2.634765625, 2.890625, 1.474609375, 1.203125, 1.611328125, 0.109375, 1.830078125, 2.82421875, 0.92236328125, 3.01171875, 0.279052734375, 1.703125, 2.455078125, 1.578125, 0.75732421875, 0.7822265625, 1.158203125], [0.7705078125, 1.306640625, 0.830078125, 1.2275390625, 0.442138671875, 0.9951171875, 1.6396484375, 0.509765625, 0.11669921875, 2.5, 2.3203125, 1.2763671875, 1.1025390625, 0.0, 1.7451171875, 1.65625, 0.02783203125, 0.1781005859375, 3.07421875, 0.330810546875, 0.6611328125, 1.7353515625, 1.44921875, 1.5322265625, 1.7880859375, 2.576171875, 2.306640625, 0.5078125, 1.2119140625, 2.931640625, 2.357421875, 2.025390625, 1.9091796875, 0.82373046875, 0.6005859375, 2.7265625, 2.6796875, 0.34521484375, 0.320556640625, 2.259765625], [2.515625, 0.4384765625, 2.576171875, 0.517578125, 1.302734375, 0.75, 2.8984375, 1.236328125, 1.62890625, 0.75390625, 0.57421875, 3.021484375, 2.84765625, 1.7451171875, 0.0, 0.0888671875, 1.7734375, 1.923828125, 1.462890625, 2.076171875, 1.083984375, 0.009765625, 0.2958984375, 0.212890625, 0.04296875, 1.962890625, 2.232421875, 1.2373046875, 2.95703125, 1.603515625, 0.611328125, 2.513671875, 0.1640625, 2.568359375, 1.14453125, 0.98046875, 1.857421875, 2.08984375, 2.06640625, 2.275390625], [2.427734375, 0.349609375, 2.486328125, 0.4287109375, 1.21484375, 0.6611328125, 2.986328125, 1.146484375, 1.5400390625, 0.8427734375, 0.6630859375, 2.93359375, 2.759765625, 1.65625, 0.0888671875, 0.0, 1.6845703125, 1.8349609375, 1.552734375, 1.9873046875, 0.99560546875, 0.0791015625, 0.20703125, 0.1240234375, 0.1318359375, 2.048828125, 2.3203125, 1.1484375, 2.869140625, 1.693359375, 0.7001953125, 2.6015625, 0.2529296875, 2.48046875, 1.0556640625, 1.0693359375, 1.947265625, 2.001953125, 1.9775390625, 2.365234375], [0.7431640625, 1.3349609375, 0.80224609375, 1.255859375, 0.469970703125, 1.0234375, 1.611328125, 0.537109375, 0.14453125, 2.52734375, 2.34765625, 1.248046875, 1.0751953125, 0.02783203125, 1.7734375, 1.6845703125, 0.0, 0.1502685546875, 3.046875, 0.302978515625, 0.6884765625, 1.763671875, 1.4775390625, 1.560546875, 1.81640625, 2.548828125, 2.279296875, 0.5361328125, 1.1845703125, 2.904296875, 2.384765625, 1.9970703125, 1.9375, 0.7958984375, 0.62890625, 2.75390625, 2.65234375, 0.3173828125, 0.292724609375, 2.232421875], [0.5927734375, 1.4853515625, 0.65185546875, 1.40625, 0.6201171875, 1.173828125, 1.4609375, 0.6875, 0.294921875, 2.677734375, 2.498046875, 1.09765625, 0.9248046875, 0.1781005859375, 1.923828125, 1.8349609375, 0.1502685546875, 0.0, 2.896484375, 0.1527099609375, 0.8388671875, 1.9140625, 1.6279296875, 1.7109375, 1.966796875, 2.3984375, 2.12890625, 0.68603515625, 1.0341796875, 2.75390625, 2.53515625, 1.8466796875, 2.087890625, 0.6455078125, 0.77880859375, 2.904296875, 2.501953125, 0.167236328125, 0.1424560546875, 2.08203125], [2.3046875, 1.900390625, 2.244140625, 1.978515625, 2.765625, 2.212890625, 1.435546875, 2.69921875, 3.091796875, 0.708984375, 0.888671875, 1.798828125, 1.97265625, 3.07421875, 1.462890625, 1.552734375, 3.046875, 2.896484375, 0.0, 2.744140625, 2.546875, 1.470703125, 1.759765625, 1.673828125, 1.419921875, 0.498046875, 0.7685546875, 2.701171875, 1.86328125, 0.142578125, 0.853515625, 1.0498046875, 1.298828125, 2.251953125, 2.607421875, 0.482421875, 0.39453125, 2.73046875, 2.75390625, 0.814453125], [0.43994140625, 1.6376953125, 0.499267578125, 1.55859375, 0.77294921875, 1.326171875, 1.30859375, 0.84033203125, 0.447509765625, 2.830078125, 2.650390625, 0.9453125, 0.77197265625, 0.330810546875, 2.076171875, 1.9873046875, 0.302978515625, 0.1527099609375, 2.744140625, 0.0, 0.99169921875, 2.06640625, 1.7802734375, 1.86328125, 2.119140625, 2.24609375, 1.9755859375, 0.8388671875, 0.88134765625, 2.6015625, 2.6875, 1.6943359375, 2.240234375, 0.492919921875, 0.931640625, 3.056640625, 2.349609375, 0.01448822021484375, 0.01020050048828125, 1.9296875], [1.431640625, 0.64599609375, 1.4912109375, 0.56689453125, 0.21875, 0.33447265625, 2.30078125, 0.1513671875, 0.5439453125, 1.837890625, 1.658203125, 1.9375, 1.763671875, 0.6611328125, 1.083984375, 0.99560546875, 0.6884765625, 0.8388671875, 2.546875, 0.99169921875, 0.0, 1.07421875, 0.78857421875, 0.87158203125, 1.126953125, 3.044921875, 2.966796875, 0.15283203125, 1.873046875, 2.689453125, 1.6953125, 2.685546875, 1.248046875, 1.484375, 0.06005859375, 2.064453125, 2.94140625, 1.005859375, 0.9814453125, 2.921875], [2.505859375, 0.4287109375, 2.56640625, 0.5078125, 1.29296875, 0.740234375, 2.908203125, 1.2265625, 1.619140625, 0.763671875, 0.583984375, 3.01171875, 2.837890625, 1.7353515625, 0.009765625, 0.0791015625, 1.763671875, 1.9140625, 1.470703125, 2.06640625, 1.07421875, 0.0, 0.2861328125, 0.203125, 0.052734375, 1.970703125, 2.240234375, 1.2275390625, 2.947265625, 1.615234375, 0.62109375, 2.521484375, 0.173828125, 2.55859375, 1.134765625, 0.990234375, 1.869140625, 2.080078125, 2.056640625, 2.287109375], [2.220703125, 0.142578125, 2.279296875, 0.2216796875, 1.0078125, 0.4541015625, 3.08984375, 0.93994140625, 1.3330078125, 1.0498046875, 0.8701171875, 2.7265625, 2.552734375, 1.44921875, 0.2958984375, 0.20703125, 1.4775390625, 1.6279296875, 1.759765625, 1.7802734375, 0.78857421875, 0.2861328125, 0.0, 0.0830078125, 0.3388671875, 2.255859375, 2.52734375, 0.94140625, 2.662109375, 1.900390625, 0.9072265625, 2.80859375, 0.4599609375, 2.2734375, 0.8486328125, 1.2763671875, 2.154296875, 1.794921875, 1.7705078125, 2.572265625], [2.302734375, 0.2255859375, 2.36328125, 0.3046875, 1.08984375, 0.537109375, 3.111328125, 1.0234375, 1.416015625, 0.966796875, 0.787109375, 2.80859375, 2.634765625, 1.5322265625, 0.212890625, 0.1240234375, 1.560546875, 1.7109375, 1.673828125, 1.86328125, 0.87158203125, 0.203125, 0.0830078125, 0.0, 0.255859375, 2.173828125, 2.443359375, 1.0244140625, 2.744140625, 1.818359375, 0.82421875, 2.724609375, 0.376953125, 2.35546875, 0.931640625, 1.193359375, 2.072265625, 1.8779296875, 1.853515625, 2.490234375], [2.55859375, 0.4814453125, 2.619140625, 0.560546875, 1.345703125, 0.79296875, 2.85546875, 1.279296875, 1.671875, 0.7109375, 0.53125, 3.064453125, 2.890625, 1.7880859375, 0.04296875, 0.1318359375, 1.81640625, 1.966796875, 1.419921875, 2.119140625, 1.126953125, 0.052734375, 0.3388671875, 0.255859375, 0.0, 1.916015625, 2.189453125, 1.2802734375, 3.0, 1.564453125, 0.568359375, 2.470703125, 0.12109375, 2.611328125, 1.1875, 0.9375, 1.814453125, 2.1328125, 2.109375, 2.236328125], [1.806640625, 2.400390625, 1.7470703125, 2.478515625, 3.01953125, 2.7109375, 0.9375, 3.0859375, 2.693359375, 1.205078125, 1.384765625, 1.30078125, 1.474609375, 2.576171875, 1.962890625, 2.048828125, 2.548828125, 2.3984375, 0.498046875, 2.24609375, 3.044921875, 1.970703125, 2.255859375, 2.173828125, 1.916015625, 0.0, 0.2705078125, 3.0859375, 1.365234375, 0.35546875, 1.349609375, 0.5517578125, 1.798828125, 1.7529296875, 3.10546875, 0.978515625, 0.103515625, 2.232421875, 2.255859375, 0.31640625], [1.53515625, 2.669921875, 1.4765625, 2.748046875, 2.748046875, 2.982421875, 0.6669921875, 2.81640625, 2.423828125, 1.478515625, 1.658203125, 1.0302734375, 1.203125, 2.306640625, 2.232421875, 2.3203125, 2.279296875, 2.12890625, 0.7685546875, 1.9755859375, 2.966796875, 2.240234375, 2.52734375, 2.443359375, 2.189453125, 0.2705078125, 0.0, 2.814453125, 1.09375, 0.6259765625, 1.619140625, 0.28125, 2.068359375, 1.482421875, 2.90625, 1.251953125, 0.3740234375, 1.9609375, 1.9853515625, 0.0458984375], [1.279296875, 0.798828125, 1.337890625, 0.7197265625, 0.06591796875, 0.4873046875, 2.1484375, 0.00146484375, 0.391357421875, 1.9912109375, 1.8115234375, 1.7841796875, 1.611328125, 0.5078125, 1.2373046875, 1.1484375, 0.5361328125, 0.68603515625, 2.701171875, 0.8388671875, 0.15283203125, 1.2275390625, 0.94140625, 1.0244140625, 1.2802734375, 3.0859375, 2.814453125, 0.0, 1.720703125, 2.841796875, 1.8486328125, 2.533203125, 1.4013671875, 1.33203125, 0.0927734375, 2.21875, 3.095703125, 0.853515625, 0.82861328125, 2.76953125], [0.44140625, 2.51953125, 0.382080078125, 2.439453125, 1.654296875, 2.20703125, 0.42724609375, 1.7216796875, 1.3291015625, 2.572265625, 2.751953125, 0.06396484375, 0.109375, 1.2119140625, 2.95703125, 2.869140625, 1.1845703125, 1.0341796875, 1.86328125, 0.88134765625, 1.873046875, 2.947265625, 2.662109375, 2.744140625, 3.0, 1.365234375, 1.09375, 1.720703125, 0.0, 1.720703125, 2.71484375, 0.81298828125, 3.12109375, 0.388427734375, 1.8125, 2.345703125, 1.46875, 0.86669921875, 0.8916015625, 1.048828125], [2.162109375, 2.044921875, 2.1015625, 2.123046875, 2.908203125, 2.35546875, 1.29296875, 2.841796875, 3.048828125, 0.853515625, 1.033203125, 1.65625, 1.830078125, 2.931640625, 1.603515625, 1.693359375, 2.904296875, 2.75390625, 0.142578125, 2.6015625, 2.689453125, 1.615234375, 1.900390625, 1.818359375, 1.564453125, 0.35546875, 0.6259765625, 2.841796875, 1.720703125, 0.0, 0.994140625, 0.9072265625, 1.439453125, 2.109375, 2.75, 0.626953125, 0.251953125, 2.587890625, 2.611328125, 0.671875], [3.126953125, 1.0498046875, 3.095703125, 1.12890625, 1.9140625, 1.361328125, 2.287109375, 1.84765625, 2.240234375, 0.142578125, 0.037109375, 2.650390625, 2.82421875, 2.357421875, 0.611328125, 0.7001953125, 2.384765625, 2.53515625, 0.853515625, 2.6875, 1.6953125, 0.62109375, 0.9072265625, 0.82421875, 0.568359375, 1.349609375, 1.619140625, 1.8486328125, 2.71484375, 0.994140625, 0.0, 1.900390625, 0.447265625, 3.103515625, 1.755859375, 0.369140625, 1.244140625, 2.701171875, 2.677734375, 1.666015625], [1.25390625, 2.951171875, 1.1953125, 3.029296875, 2.466796875, 3.01953125, 0.3857421875, 2.53515625, 2.142578125, 1.759765625, 1.939453125, 0.7490234375, 0.92236328125, 2.025390625, 2.513671875, 2.6015625, 1.9970703125, 1.8466796875, 1.0498046875, 1.6943359375, 2.685546875, 2.521484375, 2.80859375, 2.724609375, 2.470703125, 0.5517578125, 0.28125, 2.533203125, 0.81298828125, 0.9072265625, 1.900390625, 0.0, 2.349609375, 1.201171875, 2.625, 1.533203125, 0.6552734375, 1.6796875, 1.7041015625, 0.2353515625], [2.6796875, 0.6025390625, 2.740234375, 0.681640625, 1.466796875, 0.9140625, 2.734375, 1.400390625, 1.79296875, 0.58984375, 0.41015625, 3.09765625, 3.01171875, 1.9091796875, 0.1640625, 0.2529296875, 1.9375, 2.087890625, 1.298828125, 2.240234375, 1.248046875, 0.173828125, 0.4599609375, 0.376953125, 0.12109375, 1.798828125, 2.068359375, 1.4013671875, 3.12109375, 1.439453125, 0.447265625, 2.349609375, 0.0, 2.732421875, 1.30859375, 0.81640625, 1.693359375, 2.25390625, 2.23046875, 2.111328125], [0.052978515625, 2.130859375, 0.00634765625, 2.05078125, 1.265625, 1.8193359375, 0.8154296875, 1.3330078125, 0.9404296875, 2.9609375, 3.140625, 0.452392578125, 0.279052734375, 0.82373046875, 2.568359375, 2.48046875, 0.7958984375, 0.6455078125, 2.251953125, 0.492919921875, 1.484375, 2.55859375, 2.2734375, 2.35546875, 2.611328125, 1.7529296875, 1.482421875, 1.33203125, 0.388427734375, 2.109375, 3.103515625, 1.201171875, 2.732421875, 0.0, 1.4248046875, 2.734375, 1.8564453125, 0.478515625, 0.5029296875, 1.4365234375], [1.37109375, 0.7060546875, 1.4306640625, 0.626953125, 0.15869140625, 0.39453125, 2.240234375, 0.09130859375, 0.484130859375, 1.8984375, 1.71875, 1.876953125, 1.703125, 0.6005859375, 1.14453125, 1.0556640625, 0.62890625, 0.77880859375, 2.607421875, 0.931640625, 0.06005859375, 1.134765625, 0.8486328125, 0.931640625, 1.1875, 3.10546875, 2.90625, 0.0927734375, 1.8125, 2.75, 1.755859375, 2.625, 1.30859375, 1.4248046875, 0.0, 2.125, 3.001953125, 0.9462890625, 0.92138671875, 2.861328125], [2.787109375, 1.4189453125, 2.7265625, 1.498046875, 2.283203125, 1.73046875, 1.916015625, 2.216796875, 2.609375, 0.2265625, 0.40625, 2.283203125, 2.455078125, 2.7265625, 0.98046875, 1.0693359375, 2.75390625, 2.904296875, 0.482421875, 3.056640625, 2.064453125, 0.990234375, 1.2763671875, 1.193359375, 0.9375, 0.978515625, 1.251953125, 2.21875, 2.345703125, 0.626953125, 0.369140625, 1.533203125, 0.81640625, 2.734375, 2.125, 0.0, 0.876953125, 3.0703125, 3.046875, 1.298828125], [1.91015625, 2.294921875, 1.8505859375, 2.375, 3.123046875, 2.607421875, 1.041015625, 3.09375, 2.796875, 1.103515625, 1.283203125, 1.404296875, 1.578125, 2.6796875, 1.857421875, 1.947265625, 2.65234375, 2.501953125, 0.39453125, 2.349609375, 2.94140625, 1.869140625, 2.154296875, 2.072265625, 1.814453125, 0.103515625, 0.3740234375, 3.095703125, 1.46875, 0.251953125, 1.244140625, 0.6552734375, 1.693359375, 1.8564453125, 3.001953125, 0.876953125, 0.0, 2.3359375, 2.359375, 0.419921875], [0.425537109375, 1.65234375, 0.48486328125, 1.5732421875, 0.78759765625, 1.3408203125, 1.2939453125, 0.85498046875, 0.4619140625, 2.84375, 2.6640625, 0.9306640625, 0.75732421875, 0.34521484375, 2.08984375, 2.001953125, 0.3173828125, 0.167236328125, 2.73046875, 0.01448822021484375, 1.005859375, 2.080078125, 1.794921875, 1.8779296875, 2.1328125, 2.232421875, 1.9609375, 0.853515625, 0.86669921875, 2.587890625, 2.701171875, 1.6796875, 2.25390625, 0.478515625, 0.9462890625, 3.0703125, 2.3359375, 0.0, 0.024688720703125, 1.9150390625], [0.4501953125, 1.6279296875, 0.50927734375, 1.548828125, 0.7626953125, 1.31640625, 1.318359375, 0.830078125, 0.437255859375, 2.8203125, 2.640625, 0.95556640625, 0.7822265625, 0.320556640625, 2.06640625, 1.9775390625, 0.292724609375, 0.1424560546875, 2.75390625, 0.01020050048828125, 0.9814453125, 2.056640625, 1.7705078125, 1.853515625, 2.109375, 2.255859375, 1.9853515625, 0.82861328125, 0.8916015625, 2.611328125, 2.677734375, 1.7041015625, 2.23046875, 0.5029296875, 0.92138671875, 3.046875, 2.359375, 0.024688720703125, 0.0, 1.939453125], [1.490234375, 2.716796875, 1.4306640625, 2.794921875, 2.703125, 3.02734375, 0.62109375, 2.76953125, 2.376953125, 1.525390625, 1.705078125, 0.984375, 1.158203125, 2.259765625, 2.275390625, 2.365234375, 2.232421875, 2.08203125, 0.814453125, 1.9296875, 2.921875, 2.287109375, 2.572265625, 2.490234375, 2.236328125, 0.31640625, 0.0458984375, 2.76953125, 1.048828125, 0.671875, 1.666015625, 0.2353515625, 2.111328125, 1.4365234375, 2.861328125, 1.298828125, 0.419921875, 1.9150390625, 1.939453125, 0.0]], "coordinates": [[0, 0], [51, 24], [-6, -90], [22, 12], [1, -85], [40, -39], [19, -76], [25, 93], [86, -96], [25, -12], [-62, -20], [-84, -45], [39, 54], [76, 74], [99, -34], [-51, -92], [-19, -43], [48, -15], [13, -2], [-100, 42], [49, 0], [34, -52], [-33, -61], [-7, -33], [-25, -83], [-52, -85], [-4, 5], [-6, 14], [53, -59], [47, 57], [-30, 18], [-90, -44], [-12, 97], [-79, -100], [54, 29], [55, -74], [-71, -6], [-74, 75], [69, 1], [98, -1], [-15, 40]], "angles": [0.43994140625, -1.6376953125, 0.499267578125, -1.55859375, -0.77294921875, -1.326171875, 1.30859375, -0.84033203125, -0.447509765625, -2.830078125, -2.650390625, 0.9453125, 0.77197265625, -0.330810546875, -2.076171875, -1.9873046875, -0.302978515625, -0.1527099609375, 2.744140625, 0.0, -0.99169921875, -2.06640625, -1.7802734375, -1.86328125, -2.119140625, 2.24609375, 1.9755859375, -0.8388671875, 0.88134765625, 2.6015625, -2.6875, 1.6943359375, -2.240234375, 0.492919921875, -0.931640625, -3.056640625, 2.349609375, 0.01448822021484375, -0.01020050048828125, 1.9296875], "demands": [3, 8, 1, 6, 8, 10, 10, 4, 2, 1, 11, 12, 5, 8, 9, 3, 10, 11, 1, 10, 10, 8, 8, 1, 4, 7, 1, 4, 7, 6, 3, 1, 1, 1, 8, 7, 1, 6, 7, 1], "capacity": 50, "Vmax": 20}