{"name": "LZB_n40_19", "n": 40, "m": 5, "times": [[0.0, 68.375, 78.1875, 95.5, 128.75, 98.625, 73.375, 86.8125, 51.1875, 119.25, 123.75, 13.453125, 92.625, 80.125, 35.125, 90.5625, 123.8125, 57.25, 82.125, 56.375, 99.5, 61.03125, 10.1953125, 59.46875, 95.125, 85.1875, 69.0, 94.0, 92.625, 37.125, 63.875, 47.375, 19.71875, 123.625, 56.03125, 64.125, 113.875, 11.046875, 104.3125, 97.6875, 87.8125], [68.375, 0.0, 131.125, 61.75, 111.0, 105.375, 97.5, 148.375, 105.375, 55.59375, 66.875, 80.5, 160.125, 93.1875, 102.625, 126.125, 165.625, 11.1796875, 121.3125, 115.625, 158.375, 43.40625, 59.9375, 121.1875, 103.5625, 104.5625, 135.75, 160.125, 29.53125, 68.25, 58.25, 73.6875, 58.0, 170.5, 69.75, 101.375, 155.5, 64.3125, 136.0, 116.9375, 98.6875], [78.1875, 131.125, 0.0, 120.0, 122.125, 173.375, 145.0, 28.28125, 27.3125, 186.625, 195.5, 66.3125, 61.3125, 66.5, 73.1875, 35.34375, 173.875, 120.875, 27.890625, 24.078125, 30.078125, 97.625, 79.6875, 98.4375, 75.125, 157.0, 45.25, 102.5625, 160.125, 113.625, 142.0, 123.0625, 75.8125, 167.75, 133.125, 36.0625, 165.875, 89.0, 166.5, 61.84375, 162.25], [95.5, 61.75, 120.0, 0.0, 50.0, 164.625, 151.5, 145.375, 102.5625, 100.3125, 118.0, 101.4375, 169.0, 57.8125, 128.375, 98.8125, 214.625, 62.4375, 98.625, 115.5625, 150.0, 34.53125, 85.4375, 155.0, 59.8125, 160.5, 144.375, 186.375, 82.875, 115.8125, 117.0, 124.3125, 76.25, 216.75, 124.4375, 83.9375, 204.375, 98.8125, 189.0, 77.875, 156.75], [128.75, 111.0, 122.125, 50.0, 0.0, 210.625, 194.125, 150.375, 115.25, 149.0, 167.375, 130.125, 180.625, 57.71875, 155.875, 90.4375, 252.25, 110.0625, 95.0, 127.5625, 150.125, 74.875, 119.75, 185.125, 47.03125, 204.25, 158.625, 209.5, 132.875, 156.625, 163.5, 166.25, 109.25, 252.25, 168.5, 89.8125, 242.25, 135.125, 230.0, 62.65625, 201.875], [98.625, 105.375, 173.375, 164.625, 210.625, 0.0, 30.078125, 173.5, 148.0, 113.0625, 100.6875, 108.0, 162.5, 173.875, 103.8125, 189.125, 80.0625, 102.3125, 180.75, 149.625, 188.125, 135.875, 102.1875, 93.125, 188.25, 20.0, 147.375, 130.0, 101.125, 61.53125, 47.625, 51.25, 111.5625, 91.1875, 43.96875, 162.625, 72.25, 87.8125, 46.09375, 194.25, 11.046875], [73.375, 97.5, 145.0, 151.5, 194.125, 30.078125, 0.0, 143.75, 120.5, 120.0, 112.125, 81.0625, 132.375, 152.125, 74.125, 163.125, 69.625, 91.5, 154.375, 121.0, 158.5, 119.6875, 78.8125, 63.5, 166.75, 12.0390625, 117.4375, 101.8125, 102.0, 38.09375, 41.96875, 28.015625, 89.0, 77.125, 27.78125, 137.25, 59.84375, 63.3125, 38.46875, 170.875, 19.71875], [86.8125, 148.375, 28.28125, 145.375, 150.375, 173.5, 143.75, 0.0, 44.28125, 203.0, 209.75, 73.5, 35.0, 94.0625, 69.625, 62.9375, 161.0, 137.5, 56.09375, 32.8125, 15.0, 119.875, 91.4375, 88.25, 103.3125, 155.375, 28.28125, 81.8125, 176.125, 117.8125, 149.0, 125.9375, 90.625, 153.0, 137.25, 62.5, 154.125, 96.5625, 159.125, 90.0, 162.5], [51.1875, 105.375, 27.3125, 102.5625, 115.25, 148.0, 120.5, 44.28125, 0.0, 160.625, 168.75, 40.0625, 67.0, 57.5625, 52.78125, 45.1875, 156.375, 94.8125, 35.78125, 13.0390625, 53.0625, 75.625, 52.40625, 81.25, 70.25, 132.5, 43.5625, 95.875, 133.875, 87.375, 115.0, 97.125, 48.8125, 152.0, 106.8125, 26.421875, 147.625, 62.15625, 145.125, 63.25, 137.0], [119.25, 55.59375, 186.625, 100.3125, 149.0, 113.0625, 120.0, 203.0, 160.625, 0.0, 20.125, 132.375, 211.875, 145.375, 150.75, 180.875, 188.75, 65.875, 176.5, 170.375, 213.625, 95.75, 112.4375, 163.125, 153.75, 121.8125, 188.25, 204.375, 26.90625, 105.625, 79.3125, 106.125, 112.4375, 197.125, 96.75, 156.75, 179.375, 112.5, 155.25, 169.0, 111.625], [123.75, 66.875, 195.5, 118.0, 167.375, 100.6875, 112.125, 209.75, 168.75, 20.125, 0.0, 137.125, 215.375, 159.5, 152.625, 192.875, 179.0, 75.5625, 187.875, 177.625, 221.125, 109.5, 118.25, 161.5, 168.875, 112.0625, 192.625, 203.0, 37.65625, 104.25, 74.3125, 102.6875, 120.0, 188.375, 92.0, 167.75, 170.125, 115.625, 145.0, 183.25, 101.0], [13.453125, 80.5, 66.3125, 101.4375, 130.125, 108.0, 81.0625, 73.5, 40.0625, 132.375, 137.125, 0.0, 79.75, 77.8125, 26.921875, 82.25, 124.875, 69.375, 73.375, 43.65625, 86.375, 67.625, 20.609375, 55.0625, 92.75, 93.0625, 55.8125, 85.375, 105.6875, 47.375, 76.3125, 57.09375, 26.0, 123.125, 66.9375, 57.0, 115.25, 23.265625, 108.6875, 92.8125, 97.0625], [92.625, 160.125, 61.3125, 169.0, 180.625, 162.5, 132.375, 35.0, 67.0, 211.875, 215.375, 79.75, 0.0, 123.1875, 63.6875, 96.6875, 135.5, 149.0, 88.9375, 54.0, 45.59375, 139.5, 100.25, 70.1875, 134.125, 143.0, 25.0, 50.59375, 185.25, 114.875, 147.375, 120.8125, 103.0625, 125.75, 132.75, 90.9375, 130.0, 99.8125, 139.75, 122.6875, 152.125], [80.125, 93.1875, 66.5, 57.8125, 57.71875, 173.875, 152.125, 94.0625, 57.5625, 145.375, 159.5, 77.8125, 123.1875, 0.0, 101.6875, 41.0625, 202.625, 86.5625, 41.78125, 69.875, 95.875, 50.0, 73.375, 131.375, 15.0, 163.375, 100.875, 152.5, 121.8125, 114.125, 130.375, 124.5, 63.0625, 200.875, 130.0, 32.25, 193.0, 89.0625, 184.5, 23.765625, 163.875], [35.125, 102.625, 73.1875, 128.375, 155.875, 103.8125, 74.125, 69.625, 52.78125, 150.75, 152.625, 26.921875, 63.6875, 101.6875, 0.0, 97.9375, 103.75, 91.6875, 88.5625, 49.25, 84.375, 94.375, 45.0, 29.734375, 116.25, 85.8125, 44.28125, 59.0, 124.8125, 51.21875, 83.75, 57.8125, 52.46875, 100.125, 69.625, 76.1875, 94.875, 38.625, 93.375, 113.5625, 92.875], [90.5625, 126.125, 35.34375, 98.8125, 90.4375, 189.125, 163.125, 62.9375, 45.1875, 180.875, 192.875, 82.25, 96.6875, 41.0625, 97.9375, 0.0, 201.5, 117.5625, 9.4375, 51.75, 60.125, 85.6875, 88.0, 126.25, 44.375, 175.125, 79.375, 136.25, 155.625, 127.6875, 151.25, 137.875, 80.3125, 196.875, 146.25, 27.078125, 192.875, 101.375, 189.875, 28.0, 178.375], [123.8125, 165.625, 173.875, 214.625, 252.25, 80.0625, 69.625, 161.0, 156.375, 188.75, 179.0, 124.875, 135.5, 202.625, 103.75, 201.5, 0.0, 158.375, 192.125, 151.125, 175.625, 180.875, 132.5, 75.5625, 217.625, 67.0625, 133.0, 87.0625, 171.625, 99.375, 111.625, 92.1875, 143.125, 14.2109375, 96.4375, 179.75, 10.296875, 117.3125, 34.125, 216.875, 78.0], [57.25, 11.1796875, 120.875, 62.4375, 110.0625, 102.3125, 91.5, 137.5, 94.8125, 65.875, 75.5625, 69.375, 149.0, 86.5625, 91.6875, 117.5625, 158.375, 0.0, 112.25, 104.8125, 147.75, 38.21875, 48.75, 111.0, 98.0, 99.5, 124.5, 149.5, 39.21875, 59.78125, 54.65625, 66.1875, 47.0, 162.625, 63.8125, 92.125, 148.125, 53.59375, 129.875, 110.1875, 94.75], [82.125, 121.3125, 27.890625, 98.625, 95.0, 180.75, 154.375, 56.09375, 35.78125, 176.5, 187.875, 73.375, 88.9375, 41.78125, 88.5625, 9.4375, 192.125, 112.25, 0.0, 42.4375, 55.15625, 82.3125, 80.125, 116.8125, 48.09375, 166.375, 70.75, 127.3125, 150.875, 119.25, 143.625, 129.5, 73.0, 187.5, 138.0, 20.25, 183.375, 93.0625, 180.625, 33.96875, 169.875], [56.375, 115.625, 24.078125, 115.5625, 127.5625, 149.625, 121.0, 32.8125, 13.0390625, 170.375, 177.625, 43.65625, 54.0, 69.875, 49.25, 51.75, 151.125, 104.8125, 42.4375, 0.0, 43.59375, 88.0, 59.625, 75.5625, 81.9375, 133.0, 31.046875, 85.4375, 143.5, 90.5, 120.0, 99.625, 57.96875, 145.75, 110.125, 37.9375, 142.875, 66.875, 142.625, 73.25, 138.5], [99.5, 158.375, 30.078125, 150.0, 150.125, 188.125, 158.5, 15.0, 53.0625, 213.625, 221.125, 86.375, 45.59375, 95.875, 84.375, 60.125, 175.625, 147.75, 55.15625, 43.59375, 0.0, 127.125, 103.25, 103.25, 103.25, 170.125, 43.1875, 94.8125, 186.75, 131.625, 162.375, 140.125, 101.3125, 167.375, 151.25, 66.125, 168.875, 109.5625, 174.125, 88.0625, 177.125], [61.03125, 43.40625, 97.625, 34.53125, 74.875, 135.875, 119.6875, 119.875, 75.625, 95.75, 109.5, 67.625, 139.5, 50.0, 94.375, 85.6875, 180.875, 38.21875, 82.3125, 88.0, 127.125, 0.0, 50.90625, 120.5, 60.21875, 129.5, 114.5625, 153.0, 71.8125, 82.8125, 89.0, 91.9375, 41.96875, 182.5, 93.625, 63.65625, 170.625, 64.4375, 156.375, 73.75, 127.0], [10.1953125, 59.9375, 79.6875, 85.4375, 119.75, 102.1875, 78.8125, 91.4375, 52.40625, 112.4375, 118.25, 20.609375, 100.25, 73.375, 45.0, 88.0, 132.5, 48.75, 80.125, 59.625, 103.25, 50.90625, 0.0, 69.625, 88.1875, 90.25, 76.0, 104.0, 85.625, 41.125, 63.625, 51.53125, 10.6328125, 132.875, 58.5625, 61.03125, 122.5, 15.8125, 111.625, 92.375, 91.6875], [59.46875, 121.1875, 98.4375, 155.0, 185.125, 93.125, 63.5, 88.25, 81.25, 163.125, 161.5, 55.0625, 70.1875, 131.375, 29.734375, 126.25, 75.5625, 111.0, 116.8125, 75.5625, 103.25, 120.5, 69.625, 0.0, 146.0, 73.375, 60.0625, 41.59375, 139.0, 57.59375, 87.8125, 59.15625, 78.75, 70.8125, 70.75, 105.625, 67.4375, 58.3125, 71.0, 143.125, 83.1875], [95.125, 103.5625, 75.125, 59.8125, 47.03125, 188.25, 166.75, 103.3125, 70.25, 153.75, 168.875, 92.75, 134.125, 15.0, 116.25, 44.375, 217.625, 98.0, 48.09375, 81.9375, 103.25, 60.21875, 88.1875, 146.0, 0.0, 178.0, 112.875, 166.0, 131.375, 128.75, 144.125, 139.125, 77.8125, 215.625, 144.25, 44.0, 207.875, 103.9375, 199.375, 18.59375, 178.25], [85.1875, 104.5625, 157.0, 160.5, 204.25, 20.0, 12.0390625, 155.375, 132.5, 121.8125, 112.0625, 93.0625, 143.0, 163.375, 85.8125, 175.125, 67.0625, 99.5, 166.375, 133.0, 170.125, 129.5, 90.25, 73.375, 178.0, 0.0, 128.75, 110.0, 105.9375, 49.25, 46.96875, 38.90625, 100.3125, 76.4375, 36.0625, 149.125, 58.03125, 74.9375, 33.53125, 182.5, 12.0859375], [69.0, 135.75, 45.25, 144.375, 158.625, 147.375, 117.4375, 28.28125, 43.5625, 188.25, 192.625, 55.8125, 25.0, 100.875, 44.28125, 79.375, 133.0, 124.5, 70.75, 31.046875, 43.1875, 114.5625, 76.0, 60.0625, 112.875, 128.75, 0.0, 57.28125, 161.5, 94.875, 127.0625, 102.0, 78.3125, 125.375, 113.75, 68.9375, 125.9375, 77.0625, 131.0, 103.3125, 136.625], [94.0, 160.125, 102.5625, 186.375, 209.5, 130.0, 101.8125, 81.8125, 95.875, 204.375, 203.0, 85.375, 50.59375, 152.5, 59.0, 136.25, 87.0625, 149.5, 127.3125, 85.4375, 94.8125, 153.0, 104.0, 41.59375, 166.0, 110.0, 57.28125, 0.0, 179.75, 99.0, 129.375, 100.75, 111.3125, 76.1875, 112.1875, 122.3125, 83.0, 95.875, 97.6875, 158.625, 121.0], [92.625, 29.53125, 160.125, 82.875, 132.875, 101.125, 102.0, 176.125, 133.875, 26.90625, 37.65625, 105.6875, 185.25, 121.8125, 124.8125, 155.625, 171.625, 39.21875, 150.875, 143.5, 186.75, 71.8125, 85.625, 139.0, 131.375, 105.9375, 161.5, 179.75, 0.0, 82.0625, 60.03125, 84.0625, 85.5625, 178.625, 76.25, 130.875, 161.75, 86.3125, 139.25, 145.625, 97.3125], [37.125, 68.25, 113.625, 115.8125, 156.625, 61.53125, 38.09375, 117.8125, 87.375, 105.625, 104.25, 47.375, 114.875, 114.125, 51.21875, 127.6875, 99.375, 59.78125, 119.25, 90.5, 131.625, 82.8125, 41.125, 57.59375, 128.75, 49.25, 94.875, 99.0, 82.0625, 0.0, 32.5625, 10.4375, 51.09375, 102.875, 19.640625, 101.125, 89.0625, 26.3125, 73.5625, 133.5, 50.8125], [63.875, 58.25, 142.0, 117.0, 163.5, 47.625, 41.96875, 149.0, 115.0, 79.3125, 74.3125, 76.3125, 147.375, 130.375, 83.75, 151.25, 111.625, 54.65625, 143.625, 120.0, 162.375, 89.0, 63.625, 87.8125, 144.125, 46.96875, 127.0625, 129.375, 60.03125, 32.5625, 0.0, 28.65625, 71.0, 118.6875, 17.71875, 124.1875, 101.8125, 53.15625, 79.6875, 152.25, 40.46875], [47.375, 73.6875, 123.0625, 124.3125, 166.25, 51.25, 28.015625, 125.9375, 97.125, 106.125, 102.6875, 57.09375, 120.8125, 124.5, 57.8125, 137.875, 92.1875, 66.1875, 129.5, 99.625, 140.125, 91.9375, 51.53125, 59.15625, 139.125, 38.90625, 102.0, 100.75, 84.0625, 10.4375, 28.65625, 0.0, 61.46875, 96.8125, 12.0390625, 111.4375, 81.9375, 36.6875, 64.6875, 143.875, 40.4375], [19.71875, 58.0, 75.8125, 76.25, 109.25, 111.5625, 89.0, 90.625, 48.8125, 112.4375, 120.0, 26.0, 103.0625, 63.0625, 52.46875, 80.3125, 143.125, 47.0, 73.0, 57.96875, 101.3125, 41.96875, 10.6328125, 78.75, 77.8125, 100.3125, 78.3125, 111.3125, 85.5625, 51.09375, 71.0, 61.46875, 0.0, 143.25, 67.6875, 53.25, 133.0, 26.40625, 122.1875, 82.6875, 101.25], [123.625, 170.5, 167.75, 216.75, 252.25, 91.1875, 77.125, 153.0, 152.0, 197.125, 188.375, 123.125, 125.75, 200.875, 100.125, 196.875, 14.2109375, 162.625, 187.5, 145.75, 167.375, 182.5, 132.875, 70.8125, 215.625, 76.4375, 125.375, 76.1875, 178.625, 102.875, 118.6875, 96.8125, 143.25, 0.0, 102.5625, 176.375, 18.96875, 118.1875, 45.21875, 213.75, 87.9375], [56.03125, 69.75, 133.125, 124.4375, 168.5, 43.96875, 27.78125, 137.25, 106.8125, 96.75, 92.0, 66.9375, 132.75, 130.0, 69.625, 146.25, 96.4375, 63.8125, 138.0, 110.125, 151.25, 93.625, 58.5625, 70.75, 144.25, 36.0625, 113.75, 112.1875, 76.25, 19.640625, 17.71875, 12.0390625, 67.6875, 102.5625, 0.0, 119.4375, 86.375, 45.0, 66.25, 150.375, 34.0], [64.125, 101.375, 36.0625, 83.9375, 89.8125, 162.625, 137.25, 62.5, 26.421875, 156.75, 167.75, 57.0, 90.9375, 32.25, 76.1875, 27.078125, 179.75, 92.125, 20.25, 37.9375, 66.125, 63.65625, 61.03125, 105.625, 44.0, 149.125, 68.9375, 122.3125, 130.875, 101.125, 124.1875, 111.4375, 53.25, 176.375, 119.4375, 0.0, 170.625, 74.8125, 165.625, 37.46875, 151.875], [113.875, 155.5, 165.875, 204.375, 242.25, 72.25, 59.84375, 154.125, 147.625, 179.375, 170.125, 115.25, 130.0, 193.0, 94.875, 192.875, 10.296875, 148.125, 183.375, 142.875, 168.875, 170.625, 122.5, 67.4375, 207.875, 58.03125, 125.9375, 83.0, 161.75, 89.0625, 101.8125, 81.9375, 133.0, 18.96875, 86.375, 170.625, 0.0, 107.1875, 26.25, 207.5, 69.375], [11.046875, 64.3125, 89.0, 98.8125, 135.125, 87.8125, 63.3125, 96.5625, 62.15625, 112.5, 115.625, 23.265625, 99.8125, 89.0625, 38.625, 101.375, 117.3125, 53.59375, 93.0625, 66.875, 109.5625, 64.4375, 15.8125, 58.3125, 103.9375, 74.9375, 77.0625, 95.875, 86.3125, 26.3125, 53.15625, 36.6875, 26.40625, 118.1875, 45.0, 74.8125, 107.1875, 0.0, 95.8125, 107.5625, 77.125], [104.3125, 136.0, 166.5, 189.0, 230.0, 46.09375, 38.46875, 159.125, 145.125, 155.25, 145.0, 108.6875, 139.75, 184.5, 93.375, 189.875, 34.125, 129.875, 180.625, 142.625, 174.125, 156.375, 111.625, 71.0, 199.375, 33.53125, 131.0, 97.6875, 139.25, 73.5625, 79.6875, 64.6875, 122.1875, 45.21875, 66.25, 165.625, 26.25, 95.8125, 0.0, 201.25, 44.0], [97.6875, 116.9375, 61.84375, 77.875, 62.65625, 194.25, 170.875, 90.0, 63.25, 169.0, 183.25, 92.8125, 122.6875, 23.765625, 113.5625, 28.0, 216.875, 110.1875, 33.96875, 73.25, 88.0625, 73.75, 92.375, 143.125, 18.59375, 182.5, 103.3125, 158.625, 145.625, 133.5, 152.25, 143.875, 82.6875, 213.75, 150.375, 37.46875, 207.5, 107.5625, 201.25, 0.0, 183.875], [87.8125, 98.6875, 162.25, 156.75, 201.875, 11.046875, 19.71875, 162.5, 137.0, 111.625, 101.0, 97.0625, 152.125, 163.875, 92.875, 178.375, 78.0, 94.75, 169.875, 138.5, 177.125, 127.0, 91.6875, 83.1875, 178.25, 12.0859375, 136.625, 121.0, 97.3125, 50.8125, 40.46875, 40.4375, 101.25, 87.9375, 34.0, 151.875, 69.375, 77.125, 44.0, 183.875, 0.0]], "angleGap": [[0.0, 2.21484375, 0.7001953125, 1.0390625, 1.322265625, 1.517578125, 2.54296875, 2.146484375, 0.248046875, 0.41015625, 2.662109375, 2.9296875, 1.3486328125, 2.869140625, 1.8193359375, 2.025390625, 0.0205078125, 1.869140625, 2.369140625, 2.45703125, 0.67578125, 0.556640625, 2.494140625, 1.3388671875, 1.486328125, 2.828125, 2.802734375, 0.2109375, 1.291015625, 0.91015625, 1.337890625, 0.890625, 2.142578125, 1.17578125, 1.7412109375, 2.001953125, 1.12109375, 1.779296875, 1.5302734375, 1.349609375], [2.21484375, 0.0, 1.5146484375, 1.17578125, 2.744140625, 2.552734375, 0.328369140625, 0.06884765625, 2.462890625, 2.625, 0.447509765625, 0.7158203125, 0.8662109375, 1.2001953125, 0.39599609375, 2.04296875, 2.1953125, 0.34619140625, 0.154541015625, 0.241455078125, 1.5390625, 1.658203125, 1.5751953125, 0.8759765625, 2.58203125, 0.61328125, 1.2646484375, 2.42578125, 2.775390625, 3.125, 2.728515625, 1.32421875, 1.927734375, 2.892578125, 0.4736328125, 2.064453125, 2.947265625, 2.2890625, 0.6845703125, 2.71875], [0.7001953125, 1.5146484375, 0.0, 0.33935546875, 2.025390625, 2.216796875, 1.84375, 1.4462890625, 0.9482421875, 1.1103515625, 1.962890625, 2.23046875, 0.6484375, 2.71484375, 1.119140625, 2.724609375, 0.6796875, 1.1689453125, 1.669921875, 1.755859375, 0.0244140625, 0.1435546875, 3.08984375, 0.638671875, 2.185546875, 2.12890625, 2.779296875, 0.9111328125, 1.994140625, 1.6103515625, 2.041015625, 0.1904296875, 2.841796875, 1.8759765625, 1.041015625, 2.705078125, 1.8212890625, 2.478515625, 0.830078125, 2.048828125], [1.0390625, 1.17578125, 0.33935546875, 0.0, 2.36328125, 2.5546875, 1.50390625, 1.1064453125, 1.287109375, 1.44921875, 1.623046875, 1.890625, 0.30908203125, 2.375, 0.779296875, 3.064453125, 1.01953125, 0.8291015625, 1.330078125, 1.4169921875, 0.36376953125, 0.48291015625, 2.75, 0.29931640625, 2.525390625, 1.7890625, 2.439453125, 1.25, 2.33203125, 1.94921875, 2.37890625, 0.14892578125, 3.103515625, 2.21484375, 0.7021484375, 3.04296875, 2.16015625, 2.818359375, 0.49072265625, 2.388671875], [1.322265625, 2.744140625, 2.025390625, 2.36328125, 0.0, 0.19140625, 2.416015625, 2.8125, 1.076171875, 0.916015625, 2.296875, 2.02734375, 2.673828125, 1.5439453125, 3.140625, 0.701171875, 1.345703125, 3.08984375, 2.58984375, 2.501953125, 2.001953125, 1.880859375, 1.1689453125, 2.662109375, 0.162109375, 2.130859375, 1.4794921875, 1.111328125, 0.03125, 0.416015625, 0.015625, 2.212890625, 0.81640625, 0.150390625, 3.06640625, 0.6796875, 0.205078125, 0.455078125, 2.853515625, 0.025390625], [1.517578125, 2.552734375, 2.216796875, 2.5546875, 0.19140625, 0.0, 2.224609375, 2.62109375, 1.267578125, 1.103515625, 2.10546875, 1.8369140625, 2.865234375, 1.3525390625, 2.94921875, 0.509765625, 1.537109375, 2.8984375, 2.3984375, 2.310546875, 2.189453125, 2.072265625, 0.9775390625, 2.853515625, 0.029296875, 1.939453125, 1.2880859375, 1.306640625, 0.22265625, 0.603515625, 0.17578125, 2.40625, 0.625, 0.337890625, 3.025390625, 0.48828125, 0.392578125, 0.263671875, 3.044921875, 0.166015625], [2.54296875, 0.328369140625, 1.84375, 1.50390625, 2.416015625, 2.224609375, 0.0, 0.397216796875, 2.791015625, 2.953125, 0.119140625, 0.38720703125, 1.1953125, 0.87158203125, 0.724609375, 1.71484375, 2.5234375, 0.6748046875, 0.173828125, 0.0869140625, 1.8671875, 1.986328125, 1.24609375, 1.205078125, 2.25390625, 0.28466796875, 0.93603515625, 2.75390625, 2.447265625, 2.830078125, 2.400390625, 1.65234375, 1.599609375, 2.564453125, 0.8017578125, 1.736328125, 2.619140625, 1.9609375, 1.013671875, 2.390625], [2.146484375, 0.06884765625, 1.4462890625, 1.1064453125, 2.8125, 2.62109375, 0.397216796875, 0.0, 2.39453125, 2.556640625, 0.5166015625, 0.7841796875, 0.7978515625, 1.2685546875, 0.3271484375, 2.111328125, 2.125, 0.27734375, 0.223388671875, 0.310302734375, 1.470703125, 1.58984375, 1.6435546875, 0.8076171875, 2.650390625, 0.681640625, 1.3330078125, 2.357421875, 2.84375, 3.056640625, 2.796875, 1.255859375, 1.99609375, 2.9609375, 0.40478515625, 2.1328125, 3.015625, 2.357421875, 0.6162109375, 2.787109375], [0.248046875, 2.462890625, 0.9482421875, 1.287109375, 1.076171875, 1.267578125, 2.791015625, 2.39453125, 0.0, 0.162109375, 2.91015625, 3.103515625, 1.5966796875, 2.619140625, 2.06640625, 1.775390625, 0.2685546875, 2.1171875, 2.6171875, 2.705078125, 0.923828125, 0.8046875, 2.244140625, 1.5869140625, 1.236328125, 3.076171875, 2.556640625, 0.037109375, 1.044921875, 0.662109375, 1.091796875, 1.138671875, 1.892578125, 0.927734375, 1.9892578125, 1.755859375, 0.873046875, 1.533203125, 1.7783203125, 1.103515625], [0.41015625, 2.625, 1.1103515625, 1.44921875, 0.916015625, 1.103515625, 2.953125, 2.556640625, 0.162109375, 0.0, 3.072265625, 2.943359375, 1.7587890625, 2.458984375, 2.228515625, 1.615234375, 0.4306640625, 2.279296875, 2.779296875, 2.8671875, 1.0859375, 0.966796875, 2.083984375, 1.7490234375, 1.076171875, 3.044921875, 2.392578125, 0.19921875, 0.884765625, 0.5, 0.931640625, 1.30078125, 1.728515625, 0.765625, 2.15234375, 1.595703125, 0.7109375, 1.369140625, 1.9404296875, 0.939453125], [2.662109375, 0.447509765625, 1.962890625, 1.623046875, 2.296875, 2.10546875, 0.119140625, 0.5166015625, 2.91015625, 3.072265625, 0.0, 0.26806640625, 1.314453125, 0.75244140625, 0.84375, 1.595703125, 2.642578125, 0.7939453125, 0.29296875, 0.2060546875, 1.986328125, 2.10546875, 1.126953125, 1.32421875, 2.134765625, 0.16552734375, 0.81689453125, 2.873046875, 2.328125, 2.7109375, 2.28125, 1.771484375, 1.48046875, 2.4453125, 0.9208984375, 1.6171875, 2.5, 1.841796875, 1.1328125, 2.271484375], [2.9296875, 0.7158203125, 2.23046875, 1.890625, 2.02734375, 1.8369140625, 0.38720703125, 0.7841796875, 3.103515625, 2.943359375, 0.26806640625, 0.0, 1.58203125, 0.484375, 1.111328125, 1.3271484375, 2.91015625, 1.0615234375, 0.56103515625, 0.47412109375, 2.25390625, 2.375, 0.859375, 1.591796875, 1.8662109375, 0.1025390625, 0.548828125, 3.140625, 2.05859375, 2.443359375, 2.01171875, 2.0390625, 1.2119140625, 2.177734375, 1.189453125, 1.3486328125, 2.232421875, 1.5732421875, 1.400390625, 2.00390625], [1.3486328125, 0.8662109375, 0.6484375, 0.30908203125, 2.673828125, 2.865234375, 1.1953125, 0.7978515625, 1.5966796875, 1.7587890625, 1.314453125, 1.58203125, 0.0, 2.06640625, 0.470458984375, 2.91015625, 1.328125, 0.52001953125, 1.021484375, 1.107421875, 0.6728515625, 0.7919921875, 2.44140625, 0.009765625, 2.833984375, 1.4794921875, 2.130859375, 1.5595703125, 2.642578125, 2.2578125, 2.689453125, 0.4580078125, 2.79296875, 2.5234375, 0.392822265625, 2.9296875, 2.46875, 3.126953125, 0.181640625, 2.697265625], [2.869140625, 1.2001953125, 2.71484375, 2.375, 1.5439453125, 1.3525390625, 0.87158203125, 1.2685546875, 2.619140625, 2.458984375, 0.75244140625, 0.484375, 2.06640625, 0.0, 1.595703125, 0.8427734375, 2.888671875, 1.5458984375, 1.044921875, 0.95849609375, 2.73828125, 2.859375, 0.375, 2.076171875, 1.3818359375, 0.5869140625, 0.064453125, 2.658203125, 1.5751953125, 1.958984375, 1.5283203125, 2.5234375, 0.7275390625, 1.693359375, 1.673828125, 0.8642578125, 1.748046875, 1.0888671875, 1.884765625, 1.5185546875], [1.8193359375, 0.39599609375, 1.119140625, 0.779296875, 3.140625, 2.94921875, 0.724609375, 0.3271484375, 2.06640625, 2.228515625, 0.84375, 1.111328125, 0.470458984375, 1.595703125, 0.0, 2.439453125, 1.798828125, 0.04974365234375, 0.55078125, 0.6376953125, 1.1435546875, 1.2626953125, 1.970703125, 0.480224609375, 2.978515625, 1.0087890625, 1.66015625, 2.029296875, 3.111328125, 2.728515625, 3.125, 0.92822265625, 2.32421875, 2.994140625, 0.07757568359375, 2.4609375, 2.939453125, 2.685546875, 0.288818359375, 3.115234375], [2.025390625, 2.04296875, 2.724609375, 3.064453125, 0.701171875, 0.509765625, 1.71484375, 2.111328125, 1.775390625, 1.615234375, 1.595703125, 1.3271484375, 2.91015625, 0.8427734375, 2.439453125, 0.0, 2.044921875, 2.388671875, 1.888671875, 1.80078125, 2.701171875, 2.58203125, 0.4677734375, 2.91796875, 0.5390625, 1.4296875, 0.7783203125, 1.814453125, 0.732421875, 1.115234375, 0.685546875, 2.916015625, 0.115234375, 0.849609375, 2.515625, 0.021484375, 0.904296875, 0.24609375, 2.7265625, 0.67578125], [0.0205078125, 2.1953125, 0.6796875, 1.01953125, 1.345703125, 1.537109375, 2.5234375, 2.125, 0.2685546875, 0.4306640625, 2.642578125, 2.91015625, 1.328125, 2.888671875, 1.798828125, 2.044921875, 0.0, 1.8486328125, 2.349609375, 2.435546875, 0.6552734375, 0.5361328125, 2.513671875, 1.318359375, 1.505859375, 2.80859375, 2.82421875, 0.2314453125, 1.314453125, 0.9306640625, 1.361328125, 0.8701171875, 2.162109375, 1.1962890625, 1.720703125, 2.025390625, 1.1416015625, 1.798828125, 1.509765625, 1.369140625], [1.869140625, 0.34619140625, 1.1689453125, 0.8291015625, 3.08984375, 2.8984375, 0.6748046875, 0.27734375, 2.1171875, 2.279296875, 0.7939453125, 1.0615234375, 0.52001953125, 1.5458984375, 0.04974365234375, 2.388671875, 1.8486328125, 0.0, 0.5009765625, 0.587890625, 1.193359375, 1.3125, 1.9208984375, 0.52978515625, 2.927734375, 0.95947265625, 1.6103515625, 2.080078125, 3.12109375, 2.779296875, 3.07421875, 0.97802734375, 2.2734375, 3.044921875, 0.1273193359375, 2.41015625, 2.990234375, 2.634765625, 0.33837890625, 3.064453125], [2.369140625, 0.154541015625, 1.669921875, 1.330078125, 2.58984375, 2.3984375, 0.173828125, 0.223388671875, 2.6171875, 2.779296875, 0.29296875, 0.56103515625, 1.021484375, 1.044921875, 0.55078125, 1.888671875, 2.349609375, 0.5009765625, 0.0, 0.0869140625, 1.693359375, 1.8125, 1.419921875, 1.03125, 2.427734375, 0.45849609375, 1.109375, 2.580078125, 2.62109375, 3.00390625, 2.57421875, 1.478515625, 1.7734375, 2.73828125, 0.6279296875, 1.91015625, 2.79296875, 2.134765625, 0.83935546875, 2.564453125], [2.45703125, 0.241455078125, 1.755859375, 1.4169921875, 2.501953125, 2.310546875, 0.0869140625, 0.310302734375, 2.705078125, 2.8671875, 0.2060546875, 0.47412109375, 1.107421875, 0.95849609375, 0.6376953125, 1.80078125, 2.435546875, 0.587890625, 0.0869140625, 0.0, 1.78125, 1.900390625, 1.333984375, 1.1171875, 2.33984375, 0.37158203125, 1.0234375, 2.66796875, 2.533203125, 2.916015625, 2.486328125, 1.56640625, 1.685546875, 2.650390625, 0.71484375, 1.822265625, 2.705078125, 2.046875, 0.92626953125, 2.4765625], [0.67578125, 1.5390625, 0.0244140625, 0.36376953125, 2.001953125, 2.189453125, 1.8671875, 1.470703125, 0.923828125, 1.0859375, 1.986328125, 2.25390625, 0.6728515625, 2.73828125, 1.1435546875, 2.701171875, 0.6552734375, 1.193359375, 1.693359375, 1.78125, 0.0, 0.119140625, 3.11328125, 0.6630859375, 2.162109375, 2.15234375, 2.8046875, 0.88671875, 1.970703125, 1.5859375, 2.017578125, 0.21484375, 2.81640625, 1.8515625, 1.0654296875, 2.6796875, 1.796875, 2.455078125, 0.8544921875, 2.025390625], [0.556640625, 1.658203125, 0.1435546875, 0.48291015625, 1.880859375, 2.072265625, 1.986328125, 1.58984375, 0.8046875, 0.966796875, 2.10546875, 2.375, 0.7919921875, 2.859375, 1.2626953125, 2.58203125, 0.5361328125, 1.3125, 1.8125, 1.900390625, 0.119140625, 0.0, 3.048828125, 0.7822265625, 2.041015625, 2.271484375, 2.921875, 0.767578125, 1.849609375, 1.466796875, 1.896484375, 0.333984375, 2.697265625, 1.732421875, 1.1845703125, 2.560546875, 1.677734375, 2.3359375, 0.9736328125, 1.908203125], [2.494140625, 1.5751953125, 3.08984375, 2.75, 1.1689453125, 0.9775390625, 1.24609375, 1.6435546875, 2.244140625, 2.083984375, 1.126953125, 0.859375, 2.44140625, 0.375, 1.970703125, 0.4677734375, 2.513671875, 1.9208984375, 1.419921875, 1.333984375, 3.11328125, 3.048828125, 0.0, 2.451171875, 1.0068359375, 0.9619140625, 0.310546875, 2.283203125, 1.2001953125, 1.583984375, 1.1533203125, 2.8984375, 0.3525390625, 1.318359375, 2.048828125, 0.4892578125, 1.373046875, 0.7138671875, 2.259765625, 1.1435546875], [1.3388671875, 0.8759765625, 0.638671875, 0.29931640625, 2.662109375, 2.853515625, 1.205078125, 0.8076171875, 1.5869140625, 1.7490234375, 1.32421875, 1.591796875, 0.009765625, 2.076171875, 0.480224609375, 2.91796875, 1.318359375, 0.52978515625, 1.03125, 1.1171875, 0.6630859375, 0.7822265625, 2.451171875, 0.0, 2.826171875, 1.4892578125, 2.140625, 1.5498046875, 2.630859375, 2.25, 2.677734375, 0.4482421875, 2.8046875, 2.515625, 0.402587890625, 2.94140625, 2.4609375, 3.119140625, 0.19140625, 2.689453125], [1.486328125, 2.58203125, 2.185546875, 2.525390625, 0.162109375, 0.029296875, 2.25390625, 2.650390625, 1.236328125, 1.076171875, 2.134765625, 1.8662109375, 2.833984375, 1.3818359375, 2.978515625, 0.5390625, 1.505859375, 2.927734375, 2.427734375, 2.33984375, 2.162109375, 2.041015625, 1.0068359375, 2.826171875, 0.0, 1.96875, 1.3173828125, 1.275390625, 0.193359375, 0.576171875, 0.146484375, 2.376953125, 0.654296875, 0.310546875, 3.0546875, 0.517578125, 0.365234375, 0.29296875, 3.017578125, 0.13671875], [2.828125, 0.61328125, 2.12890625, 1.7890625, 2.130859375, 1.939453125, 0.28466796875, 0.681640625, 3.076171875, 3.044921875, 0.16552734375, 0.1025390625, 1.4794921875, 0.5869140625, 1.0087890625, 1.4296875, 2.80859375, 0.95947265625, 0.45849609375, 0.37158203125, 2.15234375, 2.271484375, 0.9619140625, 1.4892578125, 1.96875, 0.0, 0.6513671875, 3.0390625, 2.162109375, 2.544921875, 2.115234375, 1.9375, 1.314453125, 2.279296875, 1.0869140625, 1.451171875, 2.333984375, 1.67578125, 1.2978515625, 2.10546875], [2.802734375, 1.2646484375, 2.779296875, 2.439453125, 1.4794921875, 1.2880859375, 0.93603515625, 1.3330078125, 2.556640625, 2.392578125, 0.81689453125, 0.548828125, 2.130859375, 0.064453125, 1.66015625, 0.7783203125, 2.82421875, 1.6103515625, 1.109375, 1.0234375, 2.8046875, 2.921875, 0.310546875, 2.140625, 1.3173828125, 0.6513671875, 0.0, 2.591796875, 1.5107421875, 1.892578125, 1.4638671875, 2.58984375, 0.6630859375, 1.626953125, 1.73828125, 0.7998046875, 1.681640625, 1.0244140625, 1.94921875, 1.4541015625], [0.2109375, 2.42578125, 0.9111328125, 1.25, 1.111328125, 1.306640625, 2.75390625, 2.357421875, 0.037109375, 0.19921875, 2.873046875, 3.140625, 1.5595703125, 2.658203125, 2.029296875, 1.814453125, 0.2314453125, 2.080078125, 2.580078125, 2.66796875, 0.88671875, 0.767578125, 2.283203125, 1.5498046875, 1.275390625, 3.0390625, 2.591796875, 0.0, 1.080078125, 0.69921875, 1.126953125, 1.1015625, 1.931640625, 0.96484375, 1.9521484375, 1.791015625, 0.91015625, 1.568359375, 1.7412109375, 1.138671875], [1.291015625, 2.775390625, 1.994140625, 2.33203125, 0.03125, 0.22265625, 2.447265625, 2.84375, 1.044921875, 0.884765625, 2.328125, 2.05859375, 2.642578125, 1.5751953125, 3.111328125, 0.732421875, 1.314453125, 3.12109375, 2.62109375, 2.533203125, 1.970703125, 1.849609375, 1.2001953125, 2.630859375, 0.193359375, 2.162109375, 1.5107421875, 1.080078125, 0.0, 0.384765625, 0.046875, 2.181640625, 0.84765625, 0.119140625, 3.03515625, 0.7109375, 0.173828125, 0.486328125, 2.822265625, 0.056640625], [0.91015625, 3.125, 1.6103515625, 1.94921875, 0.416015625, 0.603515625, 2.830078125, 3.056640625, 0.662109375, 0.5, 2.7109375, 2.443359375, 2.2578125, 1.958984375, 2.728515625, 1.115234375, 0.9306640625, 2.779296875, 3.00390625, 2.916015625, 1.5859375, 1.466796875, 1.583984375, 2.25, 0.576171875, 2.544921875, 1.892578125, 0.69921875, 0.384765625, 0.0, 0.431640625, 1.80078125, 1.228515625, 0.265625, 2.65234375, 1.095703125, 0.2109375, 0.869140625, 2.44140625, 0.439453125], [1.337890625, 2.728515625, 2.041015625, 2.37890625, 0.015625, 0.17578125, 2.400390625, 2.796875, 1.091796875, 0.931640625, 2.28125, 2.01171875, 2.689453125, 1.5283203125, 3.125, 0.685546875, 1.361328125, 3.07421875, 2.57421875, 2.486328125, 2.017578125, 1.896484375, 1.1533203125, 2.677734375, 0.146484375, 2.115234375, 1.4638671875, 1.126953125, 0.046875, 0.431640625, 0.0, 2.228515625, 0.80078125, 0.166015625, 3.08203125, 0.6640625, 0.220703125, 0.439453125, 2.869140625, 0.009765625], [0.890625, 1.32421875, 0.1904296875, 0.14892578125, 2.212890625, 2.40625, 1.65234375, 1.255859375, 1.138671875, 1.30078125, 1.771484375, 2.0390625, 0.4580078125, 2.5234375, 0.92822265625, 2.916015625, 0.8701171875, 0.97802734375, 1.478515625, 1.56640625, 0.21484375, 0.333984375, 2.8984375, 0.4482421875, 2.376953125, 1.9375, 2.58984375, 1.1015625, 2.181640625, 1.80078125, 2.228515625, 0.0, 3.03125, 2.06640625, 0.8505859375, 2.89453125, 2.01171875, 2.669921875, 0.6396484375, 2.240234375], [2.142578125, 1.927734375, 2.841796875, 3.103515625, 0.81640625, 0.625, 1.599609375, 1.99609375, 1.892578125, 1.728515625, 1.48046875, 1.2119140625, 2.79296875, 0.7275390625, 2.32421875, 0.115234375, 2.162109375, 2.2734375, 1.7734375, 1.685546875, 2.81640625, 2.697265625, 0.3525390625, 2.8046875, 0.654296875, 1.314453125, 0.6630859375, 1.931640625, 0.84765625, 1.228515625, 0.80078125, 3.03125, 0.0, 0.962890625, 2.400390625, 0.13671875, 1.017578125, 0.361328125, 2.61328125, 0.791015625], [1.17578125, 2.892578125, 1.8759765625, 2.21484375, 0.150390625, 0.337890625, 2.564453125, 2.9609375, 0.927734375, 0.765625, 2.4453125, 2.177734375, 2.5234375, 1.693359375, 2.994140625, 0.849609375, 1.1962890625, 3.044921875, 2.73828125, 2.650390625, 1.8515625, 1.732421875, 1.318359375, 2.515625, 0.310546875, 2.279296875, 1.626953125, 0.96484375, 0.119140625, 0.265625, 0.166015625, 2.06640625, 0.962890625, 0.0, 2.91796875, 0.830078125, 0.0546875, 0.603515625, 2.70703125, 0.173828125], [1.7412109375, 0.4736328125, 1.041015625, 0.7021484375, 3.06640625, 3.025390625, 0.8017578125, 0.40478515625, 1.9892578125, 2.15234375, 0.9208984375, 1.189453125, 0.392822265625, 1.673828125, 0.07757568359375, 2.515625, 1.720703125, 0.1273193359375, 0.6279296875, 0.71484375, 1.0654296875, 1.1845703125, 2.048828125, 0.402587890625, 3.0546875, 1.0869140625, 1.73828125, 1.9521484375, 3.03515625, 2.65234375, 3.08203125, 0.8505859375, 2.400390625, 2.91796875, 0.0, 2.537109375, 2.86328125, 2.76171875, 0.211181640625, 3.091796875], [2.001953125, 2.064453125, 2.705078125, 3.04296875, 0.6796875, 0.48828125, 1.736328125, 2.1328125, 1.755859375, 1.595703125, 1.6171875, 1.3486328125, 2.9296875, 0.8642578125, 2.4609375, 0.021484375, 2.025390625, 2.41015625, 1.91015625, 1.822265625, 2.6796875, 2.560546875, 0.4892578125, 2.94140625, 0.517578125, 1.451171875, 0.7998046875, 1.791015625, 0.7109375, 1.095703125, 0.6640625, 2.89453125, 0.13671875, 0.830078125, 2.537109375, 0.0, 0.884765625, 0.224609375, 2.75, 0.654296875], [1.12109375, 2.947265625, 1.8212890625, 2.16015625, 0.205078125, 0.392578125, 2.619140625, 3.015625, 0.873046875, 0.7109375, 2.5, 2.232421875, 2.46875, 1.748046875, 2.939453125, 0.904296875, 1.1416015625, 2.990234375, 2.79296875, 2.705078125, 1.796875, 1.677734375, 1.373046875, 2.4609375, 0.365234375, 2.333984375, 1.681640625, 0.91015625, 0.173828125, 0.2109375, 0.220703125, 2.01171875, 1.017578125, 0.0546875, 2.86328125, 0.884765625, 0.0, 0.658203125, 2.65234375, 0.228515625], [1.779296875, 2.2890625, 2.478515625, 2.818359375, 0.455078125, 0.263671875, 1.9609375, 2.357421875, 1.533203125, 1.369140625, 1.841796875, 1.5732421875, 3.126953125, 1.0888671875, 2.685546875, 0.24609375, 1.798828125, 2.634765625, 2.134765625, 2.046875, 2.455078125, 2.3359375, 0.7138671875, 3.119140625, 0.29296875, 1.67578125, 1.0244140625, 1.568359375, 0.486328125, 0.869140625, 0.439453125, 2.669921875, 0.361328125, 0.603515625, 2.76171875, 0.224609375, 0.658203125, 0.0, 2.97265625, 0.4296875], [1.5302734375, 0.6845703125, 0.830078125, 0.49072265625, 2.853515625, 3.044921875, 1.013671875, 0.6162109375, 1.7783203125, 1.9404296875, 1.1328125, 1.400390625, 0.181640625, 1.884765625, 0.288818359375, 2.7265625, 1.509765625, 0.33837890625, 0.83935546875, 0.92626953125, 0.8544921875, 0.9736328125, 2.259765625, 0.19140625, 3.017578125, 1.2978515625, 1.94921875, 1.7412109375, 2.822265625, 2.44140625, 2.869140625, 0.6396484375, 2.61328125, 2.70703125, 0.211181640625, 2.75, 2.65234375, 2.97265625, 0.0, 2.880859375], [1.349609375, 2.71875, 2.048828125, 2.388671875, 0.025390625, 0.166015625, 2.390625, 2.787109375, 1.103515625, 0.939453125, 2.271484375, 2.00390625, 2.697265625, 1.5185546875, 3.115234375, 0.67578125, 1.369140625, 3.064453125, 2.564453125, 2.4765625, 2.025390625, 1.908203125, 1.1435546875, 2.689453125, 0.13671875, 2.10546875, 1.4541015625, 1.138671875, 0.056640625, 0.439453125, 0.009765625, 2.240234375, 0.791015625, 0.173828125, 3.091796875, 0.654296875, 0.228515625, 0.4296875, 2.880859375, 0.0]], "coordinates": [[0, 0], [-24, -64], [75, 22], [32, -90], [81, -100], [-98, 11], [-70, 22], [71, 50], [50, 11], [-68, -98], [-86, -89], [10, 9], [50, 78], [67, -44], [3, 35], [90, -10], [-85, 90], [-19, -54], [82, -5], [51, 24], [86, 50], [19, -58], [2, -10], [-17, 57], [79, -53], [-82, 23], [43, 54], [2, 94], [-50, -78], [-37, 3], [-61, -19], [-47, 6], [10, -17], [-74, 99], [-56, -2], [63, -12], [-80, 81], [-11, -1], [-88, 56], [90, -38], [-87, 12]], "angles": [-1.9296875, 0.285400390625, -1.2294921875, -0.89013671875, 3.029296875, 2.837890625, 0.61376953125, 0.216552734375, -2.177734375, -2.33984375, 0.73291015625, 1.0009765625, -0.5810546875, 1.4853515625, -0.11065673828125, 2.328125, -1.9091796875, -0.0609130859375, 0.43994140625, 0.52685546875, -1.25390625, -1.373046875, 1.8603515625, -0.5908203125, 2.8671875, 0.8984375, 1.5498046875, -2.140625, 3.060546875, -2.83984375, 3.013671875, -1.0390625, 2.212890625, -3.10546875, -0.188232421875, 2.349609375, -3.05078125, 2.57421875, -0.3994140625, 3.00390625], "demands": [3, 2, 6, 5, 2, 4, 6, 2, 1, 5, 10, 10, 2, 6, 2, 8, 2, 8, 6, 4, 9, 6, 7, 2, 10, 9, 8, 1, 12, 12, 4, 2, 5, 9, 1, 1, 9, 5, 8, 11], "capacity": 50, "Vmax": 19}