{"name": "LZB_n40_13", "n": 40, "m": 5, "times": [[0.0, 67.75, 99.8125, 63.9375, 98.0, 103.0625, 8.25, 84.1875, 70.875, 68.25, 118.5625, 34.65625, 69.75, 85.4375, 10.0, 111.5, 30.8125, 40.25, 61.71875, 28.453125, 38.46875, 86.75, 92.375, 78.125, 34.0, 117.0625, 124.5, 64.375, 86.3125, 38.40625, 88.0, 92.625, 102.4375, 73.25, 123.0625, 113.4375, 59.15625, 124.4375, 70.5625, 79.625, 46.375], [67.75, 0.0, 32.28125, 106.875, 164.125, 94.6875, 75.9375, 35.84375, 97.625, 3.0, 164.375, 92.25, 136.0, 143.625, 67.0, 173.125, 84.125, 34.40625, 36.0625, 68.8125, 33.125, 152.375, 116.0, 136.375, 79.3125, 157.875, 184.0, 104.625, 124.25, 99.375, 87.5625, 28.3125, 73.3125, 96.4375, 182.625, 60.84375, 55.21875, 100.25, 107.6875, 125.6875, 21.375], [99.8125, 32.28125, 0.0, 132.625, 196.375, 102.9375, 108.0625, 45.3125, 124.4375, 31.578125, 188.25, 122.125, 168.25, 172.125, 98.4375, 204.875, 115.875, 65.75, 55.15625, 100.1875, 65.0, 184.625, 134.875, 167.75, 110.5625, 180.25, 215.375, 133.875, 147.375, 131.5, 107.4375, 14.140625, 74.4375, 117.1875, 214.0, 46.28125, 75.125, 107.4375, 131.625, 151.125, 53.59375], [63.9375, 106.875, 132.625, 0.0, 114.9375, 73.5, 62.625, 136.0, 133.125, 105.625, 58.0, 32.375, 93.4375, 44.375, 55.21875, 140.125, 89.75, 95.4375, 77.875, 92.1875, 91.9375, 108.25, 36.40625, 118.875, 95.8125, 53.90625, 155.5, 123.0, 22.46875, 87.125, 151.875, 120.3125, 92.75, 28.015625, 154.125, 122.25, 59.3125, 186.375, 9.8515625, 18.78125, 90.6875], [98.0, 164.125, 196.375, 114.9375, 0.0, 184.25, 89.875, 171.0, 104.125, 165.125, 132.625, 92.625, 28.234375, 88.625, 102.5625, 30.15625, 82.75, 131.75, 158.25, 99.0, 131.75, 12.0390625, 150.875, 43.375, 90.25, 141.25, 45.0, 85.1875, 129.875, 65.9375, 139.25, 190.375, 193.875, 141.0, 44.0, 210.625, 150.375, 183.125, 124.6875, 114.375, 143.0], [103.0625, 94.6875, 102.9375, 73.5, 184.25, 0.0, 107.6875, 130.5, 169.25, 91.9375, 108.25, 92.0, 159.375, 116.25, 93.625, 206.125, 133.75, 108.25, 59.90625, 127.125, 104.1875, 175.875, 48.5, 178.0, 135.625, 96.0, 220.75, 166.625, 71.8125, 139.75, 173.625, 88.875, 31.765625, 45.5, 219.375, 69.375, 47.03125, 194.25, 65.375, 84.6875, 93.0625], [8.25, 75.9375, 108.0625, 62.625, 89.875, 107.6875, 0.0, 91.4375, 70.625, 76.5, 115.1875, 31.390625, 61.71875, 80.0, 14.421875, 104.125, 28.015625, 47.6875, 69.1875, 30.234375, 46.1875, 78.75, 93.3125, 71.625, 33.25, 114.625, 117.375, 62.0, 85.125, 32.25, 90.8125, 100.875, 108.875, 75.0, 116.0, 121.1875, 65.1875, 128.875, 70.0625, 77.0, 54.59375], [84.1875, 35.84375, 45.3125, 136.0, 171.0, 130.5, 91.4375, 0.0, 84.3125, 38.625, 194.0, 115.4375, 144.125, 167.875, 87.4375, 173.75, 88.25, 43.96875, 71.5625, 72.125, 46.25, 158.875, 149.625, 136.125, 80.75, 188.875, 182.25, 97.0625, 155.375, 105.25, 62.6875, 52.46875, 108.0625, 129.5, 181.0, 88.8125, 89.875, 65.375, 138.375, 154.5, 45.46875], [70.875, 97.625, 124.4375, 133.125, 104.125, 169.25, 70.625, 84.3125, 0.0, 100.125, 183.0, 101.25, 84.125, 142.625, 80.75, 97.0, 43.875, 66.1875, 115.75, 43.03125, 69.4375, 93.0, 163.25, 61.8125, 37.375, 184.0, 102.25, 18.96875, 155.625, 53.15625, 35.34375, 125.4375, 160.625, 144.0, 101.125, 158.0, 122.5, 79.0625, 140.625, 146.5, 83.6875], [68.25, 3.0, 31.578125, 105.625, 165.125, 91.9375, 76.5, 38.625, 100.125, 0.0, 162.875, 91.8125, 136.875, 142.875, 67.0625, 174.5, 85.5625, 36.25, 33.59375, 70.4375, 34.65625, 153.5, 113.875, 137.875, 81.0, 156.125, 185.625, 106.8125, 122.625, 100.625, 90.5, 26.40625, 70.375, 94.5, 184.25, 58.125, 53.03125, 103.1875, 106.1875, 124.375, 22.140625], [118.5625, 164.375, 188.25, 58.0, 132.625, 108.25, 115.1875, 194.0, 183.0, 162.875, 0.0, 84.0, 121.6875, 45.1875, 111.0625, 162.25, 139.25, 153.0, 133.125, 145.375, 149.625, 131.0, 60.0, 153.25, 146.875, 13.890625, 177.5, 169.625, 41.125, 131.75, 206.0, 175.375, 136.25, 72.25, 176.5, 171.0, 113.3125, 242.75, 56.8125, 39.6875, 148.75], [34.65625, 92.25, 122.125, 32.375, 92.625, 92.0, 31.390625, 115.4375, 101.25, 91.8125, 84.0, 0.0, 67.4375, 52.40625, 28.296875, 114.25, 57.5625, 72.0625, 72.5625, 61.59375, 69.3125, 83.875, 66.5, 88.875, 64.0625, 83.25, 129.125, 90.625, 54.5625, 55.0, 122.0625, 112.0625, 102.0625, 51.25, 127.75, 123.625, 59.9375, 159.125, 41.0, 45.65625, 72.5625], [69.75, 136.0, 168.25, 93.4375, 28.234375, 159.375, 61.71875, 144.125, 84.125, 136.875, 121.6875, 67.4375, 0.0, 76.5, 74.625, 47.0, 56.0, 103.9375, 130.375, 72.0625, 103.8125, 17.203125, 129.75, 32.6875, 64.125, 128.0, 62.15625, 65.5, 111.0625, 39.0, 117.9375, 162.125, 167.0, 117.75, 60.84375, 182.625, 123.3125, 161.75, 103.25, 96.5, 114.8125], [85.4375, 143.625, 172.125, 44.375, 88.625, 116.25, 80.0, 167.875, 142.625, 142.875, 45.1875, 52.40625, 76.5, 0.0, 80.5, 117.8125, 100.0, 124.3125, 119.125, 109.0625, 121.6875, 86.125, 71.8125, 108.25, 108.3125, 52.625, 133.25, 127.75, 47.4375, 89.875, 169.0, 160.875, 137.125, 71.3125, 132.125, 166.125, 102.125, 208.75, 51.09375, 32.1875, 124.625], [10.0, 67.0, 98.4375, 55.21875, 102.5625, 93.625, 14.421875, 87.4375, 80.75, 67.0625, 111.0625, 28.296875, 74.625, 80.5, 0.0, 118.125, 40.59375, 43.84375, 55.75, 38.09375, 41.21875, 91.8125, 82.5625, 86.0, 44.0, 108.8125, 131.625, 74.3125, 77.4375, 46.65625, 96.625, 90.0, 94.5, 63.28125, 130.125, 108.0625, 50.8125, 131.75, 61.3125, 71.6875, 46.1875], [111.5, 173.125, 204.875, 140.125, 30.15625, 206.125, 104.125, 173.75, 97.0, 174.5, 162.25, 114.25, 47.0, 117.8125, 118.125, 0.0, 89.0, 139.125, 173.25, 104.6875, 140.0, 32.28125, 176.5, 37.65625, 94.5625, 170.375, 15.5234375, 79.3125, 156.875, 74.3125, 132.0, 200.75, 212.25, 164.75, 14.3203125, 224.75, 168.375, 174.875, 150.0, 141.75, 152.875], [30.8125, 84.125, 115.875, 89.75, 82.75, 133.75, 28.015625, 88.25, 43.875, 85.5625, 139.25, 57.5625, 56.0, 100.0, 40.59375, 89.0, 0.0, 50.15625, 88.4375, 16.28125, 51.0, 70.6875, 121.3125, 52.4375, 8.9453125, 140.125, 100.125, 34.0, 112.0625, 17.0, 69.5, 111.8125, 131.375, 103.0, 98.75, 137.875, 89.0625, 111.3125, 97.6875, 102.6875, 64.0625], [40.25, 34.40625, 65.75, 95.4375, 131.75, 108.25, 47.6875, 43.96875, 66.1875, 36.25, 153.0, 72.0625, 103.9375, 124.3125, 43.84375, 139.125, 50.15625, 0.0, 50.625, 34.46875, 4.125, 119.8125, 115.0, 102.0625, 44.9375, 149.25, 149.75, 70.9375, 116.25, 66.125, 65.375, 62.625, 95.3125, 94.4375, 148.375, 92.4375, 61.65625, 92.125, 99.375, 113.375, 17.46875], [61.71875, 36.0625, 55.15625, 77.875, 158.25, 59.90625, 69.1875, 71.5625, 115.75, 33.59375, 133.125, 72.5625, 130.375, 119.125, 55.75, 173.25, 88.4375, 50.625, 0.0, 77.0, 46.875, 147.625, 81.0625, 139.375, 87.125, 125.25, 186.125, 117.1875, 92.1875, 99.6875, 115.0, 42.4375, 44.9375, 62.4375, 184.75, 52.34375, 20.25, 134.375, 76.5625, 96.3125, 34.0], [28.453125, 68.8125, 100.1875, 92.1875, 99.0, 127.125, 30.234375, 72.125, 43.03125, 70.4375, 145.375, 61.59375, 72.0625, 109.0625, 38.09375, 104.6875, 16.28125, 34.46875, 77.0, 0.0, 35.8125, 87.0, 120.625, 67.625, 10.6328125, 144.75, 115.25, 40.3125, 114.625, 33.125, 60.59375, 96.8125, 121.25, 101.125, 113.875, 124.5625, 80.75, 99.8125, 99.0, 107.1875, 49.59375], [38.46875, 33.125, 65.0, 91.9375, 131.75, 104.1875, 46.1875, 46.25, 69.4375, 34.65625, 149.625, 69.3125, 103.8125, 121.6875, 41.21875, 140.0, 51.0, 4.125, 46.875, 35.8125, 0.0, 119.9375, 111.0, 103.25, 46.40625, 145.625, 151.0, 73.4375, 112.625, 66.5, 69.4375, 61.03125, 91.6875, 90.4375, 149.625, 89.8125, 57.5625, 96.0625, 95.6875, 110.0, 14.421875], [86.75, 152.375, 184.625, 108.25, 12.0390625, 175.875, 78.75, 158.875, 93.0, 153.5, 131.0, 83.875, 17.203125, 86.125, 91.8125, 32.28125, 70.6875, 119.8125, 147.625, 87.0, 119.9375, 0.0, 144.5, 33.59375, 78.25, 138.625, 47.8125, 74.0, 124.625, 53.9375, 127.875, 178.875, 184.125, 133.5, 46.5625, 199.75, 140.5, 171.875, 118.0625, 109.5, 131.375], [92.375, 116.0, 134.875, 36.40625, 150.875, 48.5, 93.3125, 149.625, 163.25, 113.875, 60.0, 66.5, 129.75, 71.8125, 82.5625, 176.5, 121.3125, 115.0, 81.0625, 120.625, 111.0, 144.5, 0.0, 154.75, 126.125, 48.5, 191.875, 155.25, 24.703125, 121.25, 177.25, 121.0625, 76.4375, 20.59375, 190.5, 112.0625, 60.96875, 207.0, 26.578125, 39.6875, 105.1875], [78.125, 136.375, 167.75, 118.875, 43.375, 178.0, 71.625, 136.125, 61.8125, 137.875, 153.25, 88.875, 32.6875, 108.25, 86.0, 37.65625, 52.4375, 102.0625, 139.375, 67.625, 103.25, 33.59375, 154.75, 0.0, 57.25, 158.625, 47.71875, 43.1875, 138.625, 39.6875, 97.1875, 164.25, 180.375, 140.125, 46.3125, 189.875, 136.875, 140.75, 128.5, 125.0625, 116.5], [34.0, 79.3125, 110.5625, 95.8125, 90.25, 135.625, 33.25, 80.75, 37.375, 81.0, 146.875, 64.0625, 64.125, 108.3125, 44.0, 94.5625, 8.9453125, 44.9375, 87.125, 10.6328125, 46.40625, 78.25, 126.125, 57.25, 0.0, 147.125, 104.8125, 31.046875, 118.25, 25.3125, 60.875, 107.4375, 131.0, 107.25, 103.4375, 135.125, 89.8125, 102.375, 103.3125, 109.5625, 60.21875], [117.0625, 157.875, 180.25, 53.90625, 141.25, 96.0, 114.625, 188.875, 184.0, 156.125, 13.890625, 83.25, 128.0, 52.625, 108.8125, 170.375, 140.125, 149.25, 125.25, 144.75, 145.625, 138.625, 48.5, 158.625, 147.125, 0.0, 185.875, 171.75, 33.59375, 134.125, 205.0, 166.875, 124.875, 63.15625, 184.75, 160.375, 105.125, 240.25, 50.4375, 37.59375, 143.375], [124.5, 184.0, 215.375, 155.5, 45.0, 220.75, 117.375, 182.25, 102.25, 185.625, 177.5, 129.125, 62.15625, 133.25, 131.625, 15.5234375, 100.125, 149.75, 186.125, 115.25, 151.0, 47.8125, 191.875, 47.71875, 104.8125, 185.875, 0.0, 85.875, 172.375, 86.5625, 136.5, 211.875, 226.0, 179.875, 1.4140625, 237.25, 182.125, 178.0, 165.375, 157.25, 164.25], [64.375, 104.625, 133.875, 123.0, 85.1875, 166.625, 62.0, 97.0625, 18.96875, 106.8125, 169.625, 90.625, 65.5, 127.75, 74.3125, 79.3125, 34.0, 70.9375, 117.1875, 40.3125, 73.4375, 74.0, 155.25, 43.1875, 31.046875, 171.75, 85.875, 0.0, 145.125, 38.0, 54.125, 133.0, 161.5, 137.0, 84.625, 163.25, 120.8125, 98.0, 131.25, 134.75, 87.8125], [86.3125, 124.25, 147.375, 22.46875, 129.875, 71.8125, 85.125, 155.375, 155.625, 122.625, 41.125, 54.5625, 111.0625, 47.4375, 77.4375, 156.875, 112.0625, 116.25, 92.1875, 114.625, 112.625, 124.625, 24.703125, 138.625, 118.25, 33.59375, 172.375, 145.125, 0.0, 108.75, 174.125, 134.25, 97.125, 31.40625, 171.125, 130.625, 72.25, 207.75, 16.96875, 15.8125, 109.875], [38.40625, 99.375, 131.5, 87.125, 65.9375, 139.75, 32.25, 105.25, 53.15625, 100.625, 131.75, 55.0, 39.0, 89.875, 46.65625, 74.3125, 17.0, 66.125, 99.6875, 33.125, 66.5, 53.9375, 121.25, 39.6875, 25.3125, 134.125, 86.5625, 38.0, 108.75, 0.0, 83.1875, 126.5625, 140.75, 104.5625, 85.125, 150.75, 97.375, 126.125, 96.0, 97.5, 78.6875], [88.0, 87.5625, 107.4375, 151.875, 139.25, 173.625, 90.8125, 62.6875, 35.34375, 90.5, 206.0, 122.0625, 117.9375, 169.0, 96.625, 132.0, 69.5, 65.375, 115.0, 60.59375, 69.4375, 127.875, 177.25, 97.1875, 60.875, 205.0, 136.5, 54.125, 174.125, 83.1875, 0.0, 112.1875, 158.625, 156.875, 135.375, 147.625, 127.0, 43.96875, 157.875, 167.5, 81.0], [92.625, 28.3125, 14.140625, 120.3125, 190.375, 88.875, 100.875, 52.46875, 125.4375, 26.40625, 175.375, 112.0625, 162.125, 160.875, 90.0, 200.75, 111.8125, 62.625, 42.4375, 96.8125, 61.03125, 178.875, 121.0625, 164.25, 107.4375, 166.875, 211.875, 133.0, 134.25, 126.5625, 112.1875, 0.0, 60.8125, 103.8125, 210.5, 36.34375, 62.03125, 117.0, 118.875, 138.75, 47.875], [102.4375, 73.3125, 74.4375, 92.75, 193.875, 31.765625, 108.875, 108.0625, 160.625, 70.375, 136.25, 102.0625, 167.0, 137.125, 94.5, 212.25, 131.375, 95.3125, 44.9375, 121.25, 91.6875, 184.125, 76.4375, 180.375, 131.0, 124.875, 226.0, 161.5, 97.125, 140.75, 158.625, 60.8125, 0.0, 66.75, 224.5, 37.59375, 43.875, 173.25, 86.6875, 107.5, 78.25], [73.25, 96.4375, 117.1875, 28.015625, 141.0, 45.5, 75.0, 129.5, 144.0, 94.5, 72.25, 51.25, 117.75, 71.3125, 63.28125, 164.75, 103.0, 94.4375, 62.4375, 101.125, 90.4375, 133.5, 20.59375, 140.125, 107.25, 63.15625, 179.875, 137.0, 31.40625, 104.5625, 156.875, 103.8125, 66.75, 0.0, 178.5, 99.3125, 42.1875, 186.375, 20.25, 40.78125, 84.8125], [123.0625, 182.625, 214.0, 154.125, 44.0, 219.375, 116.0, 181.0, 101.125, 184.25, 176.5, 127.75, 60.84375, 132.125, 130.125, 14.3203125, 98.75, 148.375, 184.75, 113.875, 149.625, 46.5625, 190.5, 46.3125, 103.4375, 184.75, 1.4140625, 84.625, 171.125, 85.125, 135.375, 210.5, 224.5, 178.5, 0.0, 235.875, 180.75, 177.0, 164.0, 156.0, 162.75], [113.4375, 60.84375, 46.28125, 122.25, 210.625, 69.375, 121.1875, 88.8125, 158.0, 58.125, 171.0, 123.625, 182.625, 166.125, 108.0625, 224.75, 137.875, 92.4375, 52.34375, 124.5625, 89.8125, 199.75, 112.0625, 189.875, 135.125, 160.375, 237.25, 163.25, 130.625, 150.75, 147.625, 36.34375, 37.59375, 99.3125, 235.875, 0.0, 64.5625, 153.125, 118.0, 139.0, 75.4375], [59.15625, 55.21875, 75.125, 59.3125, 150.375, 47.03125, 65.1875, 89.875, 122.5, 53.03125, 113.3125, 59.9375, 123.3125, 102.125, 50.8125, 168.375, 89.0625, 61.65625, 20.25, 80.75, 57.5625, 140.5, 60.96875, 136.875, 89.8125, 105.125, 182.125, 120.8125, 72.25, 97.375, 127.0, 62.03125, 43.875, 42.1875, 180.75, 64.5625, 0.0, 150.625, 57.0, 77.25, 47.75], [124.4375, 100.25, 107.4375, 186.375, 183.125, 194.25, 128.875, 65.375, 79.0625, 103.1875, 242.75, 159.125, 161.75, 208.75, 131.75, 174.875, 111.3125, 92.125, 134.375, 99.8125, 96.0625, 171.875, 207.0, 140.75, 102.375, 240.25, 178.0, 98.0, 207.75, 126.125, 43.96875, 117.0, 173.25, 186.375, 177.0, 153.125, 150.625, 0.0, 191.0, 203.375, 102.9375], [70.5625, 107.6875, 131.625, 9.8515625, 124.6875, 65.375, 70.0625, 138.375, 140.625, 106.1875, 56.8125, 41.0, 103.25, 51.09375, 61.3125, 150.0, 97.6875, 99.375, 76.5625, 99.0, 95.6875, 118.0625, 26.578125, 128.5, 103.3125, 50.4375, 165.375, 131.25, 16.96875, 96.0, 157.875, 118.875, 86.6875, 20.25, 164.0, 118.0, 57.0, 191.0, 0.0, 21.03125, 92.9375], [79.625, 125.6875, 151.125, 18.78125, 114.375, 84.6875, 77.0, 154.5, 146.5, 124.375, 39.6875, 45.65625, 96.5, 32.1875, 71.6875, 141.75, 102.6875, 113.375, 96.3125, 107.1875, 110.0, 109.5, 39.6875, 125.0625, 109.5625, 37.59375, 157.25, 134.75, 15.8125, 97.5, 167.5, 138.75, 107.5, 40.78125, 156.0, 139.0, 77.25, 203.375, 21.03125, 0.0, 109.3125], [46.375, 21.375, 53.59375, 90.6875, 143.0, 93.0625, 54.59375, 45.46875, 83.6875, 22.140625, 148.75, 72.5625, 114.8125, 124.625, 46.1875, 152.875, 64.0625, 17.46875, 34.0, 49.59375, 14.421875, 131.375, 105.1875, 116.5, 60.21875, 143.375, 164.25, 87.8125, 109.875, 78.6875, 81.0, 47.875, 78.25, 84.8125, 162.75, 75.4375, 47.75, 102.9375, 92.9375, 109.3125, 0.0]], "angleGap": [[0.0, 0.044921875, 1.8935546875, 2.857421875, 1.107421875, 3.044921875, 0.423828125, 1.564453125, 0.044921875, 2.119140625, 2.1875, 2.845703125, 2.42578125, 1.423828125, 2.599609375, 1.947265625, 0.400390625, 0.55859375, 1.396484375, 0.306640625, 2.810546875, 1.59765625, 2.412109375, 1.689453125, 2.001953125, 2.525390625, 1.826171875, 1.8662109375, 2.392578125, 1.166015625, 0.169921875, 0.796875, 1.5048828125, 2.52734375, 0.462890625, 0.892578125, 0.931640625, 1.78515625, 2.0390625, 0.017578125], [0.044921875, 0.0, 1.8486328125, 2.90234375, 1.0625, 3.08984375, 0.470703125, 1.607421875, 0.0, 2.07421875, 2.14453125, 2.888671875, 2.380859375, 1.37890625, 2.64453125, 1.994140625, 0.443359375, 0.513671875, 1.439453125, 0.349609375, 2.85546875, 1.552734375, 2.458984375, 1.732421875, 1.95703125, 2.572265625, 1.873046875, 1.8212890625, 2.4375, 1.212890625, 0.125, 0.751953125, 1.4599609375, 2.572265625, 0.41796875, 0.84765625, 0.978515625, 1.740234375, 1.994140625, 0.0625], [1.8935546875, 1.8486328125, 0.0, 1.5322265625, 0.7861328125, 1.345703125, 2.318359375, 2.828125, 1.8486328125, 0.2255859375, 0.294921875, 1.544921875, 0.5322265625, 0.4697265625, 1.791015625, 2.44140625, 2.291015625, 1.3349609375, 2.9921875, 2.197265625, 1.580078125, 0.2958984375, 1.9765625, 2.701171875, 0.1083984375, 1.86328125, 2.5625, 0.02734375, 1.99609375, 3.060546875, 1.7236328125, 1.0966796875, 0.388671875, 1.86328125, 1.4306640625, 1.0009765625, 2.826171875, 0.1083984375, 0.1455078125, 1.9111328125], [2.857421875, 2.90234375, 1.5322265625, 0.0, 2.318359375, 0.1866455078125, 2.43359375, 1.294921875, 2.90234375, 1.306640625, 1.2373046875, 0.0126953125, 1.0, 2.001953125, 0.25830078125, 0.91015625, 2.458984375, 2.8671875, 1.4609375, 2.552734375, 0.04736328125, 1.828125, 0.4443359375, 1.1689453125, 1.423828125, 0.3310546875, 1.0302734375, 1.5595703125, 0.46435546875, 1.689453125, 3.02734375, 2.62890625, 1.9208984375, 0.33056640625, 2.962890625, 2.533203125, 1.923828125, 1.640625, 1.38671875, 2.83984375], [1.107421875, 1.0625, 0.7861328125, 2.318359375, 0.0, 2.130859375, 1.533203125, 2.669921875, 1.0625, 1.01171875, 1.0810546875, 2.33203125, 1.318359375, 0.31640625, 2.576171875, 3.0546875, 1.505859375, 0.548828125, 2.50390625, 1.412109375, 2.365234375, 0.490234375, 2.76171875, 2.794921875, 0.89453125, 2.6484375, 2.935546875, 0.7587890625, 2.783203125, 2.275390625, 0.9375, 0.310546875, 0.3974609375, 2.6484375, 0.64453125, 0.21484375, 2.041015625, 0.677734375, 0.931640625, 1.125], [3.044921875, 3.08984375, 1.345703125, 0.1866455078125, 2.130859375, 0.0, 2.62109375, 1.4814453125, 3.08984375, 1.1201171875, 1.05078125, 0.1993408203125, 0.8134765625, 1.8154296875, 0.44482421875, 1.0966796875, 2.646484375, 2.6796875, 1.6474609375, 2.740234375, 0.2340087890625, 1.6416015625, 0.630859375, 1.35546875, 1.2373046875, 0.517578125, 1.216796875, 1.373046875, 0.65087890625, 1.8759765625, 3.068359375, 2.44140625, 1.734375, 0.51708984375, 2.775390625, 2.345703125, 2.111328125, 1.4541015625, 1.2001953125, 3.02734375], [0.423828125, 0.470703125, 2.318359375, 2.43359375, 1.533203125, 2.62109375, 0.0, 1.138671875, 0.470703125, 2.54296875, 2.611328125, 2.421875, 2.849609375, 1.845703125, 2.17578125, 1.5234375, 0.025390625, 0.982421875, 0.97265625, 0.119140625, 2.38671875, 2.021484375, 1.9892578125, 1.2646484375, 2.42578125, 2.1015625, 1.4033203125, 2.291015625, 1.96875, 0.744140625, 0.595703125, 1.220703125, 1.927734375, 2.103515625, 0.884765625, 1.314453125, 0.509765625, 2.208984375, 2.462890625, 0.408203125], [1.564453125, 1.607421875, 2.828125, 1.294921875, 2.669921875, 1.4814453125, 1.138671875, 0.0, 1.607421875, 2.6015625, 2.53125, 1.2822265625, 2.294921875, 2.986328125, 1.037109375, 0.384765625, 1.1640625, 2.119140625, 0.166015625, 1.2578125, 1.248046875, 3.123046875, 0.8505859375, 0.1259765625, 2.71875, 0.9638671875, 0.2646484375, 2.85546875, 0.83056640625, 0.39453125, 1.732421875, 2.359375, 3.068359375, 0.96435546875, 2.025390625, 2.455078125, 0.62890625, 2.935546875, 2.681640625, 1.544921875], [0.044921875, 0.0, 1.8486328125, 2.90234375, 1.0625, 3.08984375, 0.470703125, 1.607421875, 0.0, 2.07421875, 2.14453125, 2.888671875, 2.380859375, 1.37890625, 2.64453125, 1.994140625, 0.443359375, 0.513671875, 1.439453125, 0.349609375, 2.85546875, 1.552734375, 2.458984375, 1.732421875, 1.95703125, 2.572265625, 1.873046875, 1.8212890625, 2.4375, 1.212890625, 0.125, 0.751953125, 1.4599609375, 2.572265625, 0.41796875, 0.84765625, 0.978515625, 1.740234375, 1.994140625, 0.0625], [2.119140625, 2.07421875, 0.2255859375, 1.306640625, 1.01171875, 1.1201171875, 2.54296875, 2.6015625, 2.07421875, 0.0, 0.0693359375, 1.3193359375, 0.306640625, 0.6953125, 1.564453125, 2.216796875, 2.517578125, 1.560546875, 2.767578125, 2.423828125, 1.353515625, 0.521484375, 1.7509765625, 2.4765625, 0.1171875, 1.6376953125, 2.3359375, 0.2529296875, 1.771484375, 2.99609375, 1.94921875, 1.322265625, 0.6142578125, 1.63671875, 1.65625, 1.2265625, 3.052734375, 0.333984375, 0.080078125, 2.13671875], [2.1875, 2.14453125, 0.294921875, 1.2373046875, 1.0810546875, 1.05078125, 2.611328125, 2.53125, 2.14453125, 0.0693359375, 0.0, 1.25, 0.2373046875, 0.7646484375, 1.49609375, 2.1484375, 2.587890625, 1.6298828125, 2.69921875, 2.494140625, 1.28515625, 0.5908203125, 1.681640625, 2.40625, 0.1865234375, 1.568359375, 2.267578125, 0.322265625, 1.701171875, 2.92578125, 2.01953125, 1.3916015625, 0.68359375, 1.568359375, 1.7255859375, 1.2958984375, 3.123046875, 0.4033203125, 0.1494140625, 2.20703125], [2.845703125, 2.888671875, 1.544921875, 0.0126953125, 2.33203125, 0.1993408203125, 2.421875, 1.2822265625, 2.888671875, 1.3193359375, 1.25, 0.0, 1.0126953125, 2.015625, 0.24560546875, 0.8974609375, 2.4453125, 2.87890625, 1.4482421875, 2.5390625, 0.03466796875, 1.8408203125, 0.431640625, 1.15625, 1.4365234375, 0.318359375, 1.017578125, 1.572265625, 0.45166015625, 1.6767578125, 3.013671875, 2.640625, 1.93359375, 0.31787109375, 2.9765625, 2.546875, 1.9111328125, 1.6533203125, 1.3994140625, 2.826171875], [2.42578125, 2.380859375, 0.5322265625, 1.0, 1.318359375, 0.8134765625, 2.849609375, 2.294921875, 2.380859375, 0.306640625, 0.2373046875, 1.0126953125, 0.0, 1.001953125, 1.2578125, 1.91015625, 2.82421875, 1.8671875, 2.4609375, 2.73046875, 1.046875, 0.828125, 1.4443359375, 2.16796875, 0.423828125, 1.3310546875, 2.03125, 0.5595703125, 1.46484375, 2.689453125, 2.255859375, 1.62890625, 0.9208984375, 1.330078125, 1.962890625, 1.533203125, 2.923828125, 0.640625, 0.38671875, 2.443359375], [1.423828125, 1.37890625, 0.4697265625, 2.001953125, 0.31640625, 1.8154296875, 1.845703125, 2.986328125, 1.37890625, 0.6953125, 0.7646484375, 2.015625, 1.001953125, 0.0, 2.259765625, 2.912109375, 1.822265625, 0.865234375, 2.8203125, 1.728515625, 2.048828125, 0.173828125, 2.4453125, 3.111328125, 0.578125, 2.33203125, 3.03125, 0.4423828125, 2.466796875, 2.591796875, 1.25390625, 0.626953125, 0.0810546875, 2.33203125, 0.9609375, 0.53125, 2.357421875, 0.361328125, 0.615234375, 1.44140625], [2.599609375, 2.64453125, 1.791015625, 0.25830078125, 2.576171875, 0.44482421875, 2.17578125, 1.037109375, 2.64453125, 1.564453125, 1.49609375, 0.24560546875, 1.2578125, 2.259765625, 0.0, 0.65185546875, 2.201171875, 3.125, 1.203125, 2.294921875, 0.2109375, 2.0859375, 0.18603515625, 0.91064453125, 1.681640625, 0.07275390625, 0.77197265625, 1.818359375, 0.2060546875, 1.431640625, 2.76953125, 2.88671875, 2.1796875, 0.072265625, 3.0625, 2.791015625, 1.666015625, 1.8984375, 1.64453125, 2.58203125], [1.947265625, 1.994140625, 2.44140625, 0.91015625, 3.0546875, 1.0966796875, 1.5234375, 0.384765625, 1.994140625, 2.216796875, 2.1484375, 0.8974609375, 1.91015625, 2.912109375, 0.65185546875, 0.0, 1.548828125, 2.505859375, 0.55078125, 1.642578125, 0.86279296875, 2.73828125, 0.4658203125, 0.2587890625, 2.333984375, 0.5791015625, 0.1201171875, 2.46875, 0.44580078125, 0.779296875, 2.119140625, 2.744140625, 2.83203125, 0.57958984375, 2.41015625, 2.83984375, 1.013671875, 2.55078125, 2.296875, 1.931640625], [0.400390625, 0.443359375, 2.291015625, 2.458984375, 1.505859375, 2.646484375, 0.025390625, 1.1640625, 0.443359375, 2.517578125, 2.587890625, 2.4453125, 2.82421875, 1.822265625, 2.201171875, 1.548828125, 0.0, 0.955078125, 0.998046875, 0.09375, 2.412109375, 1.994140625, 2.015625, 1.2900390625, 2.400390625, 2.12890625, 1.4287109375, 2.263671875, 1.994140625, 0.76953125, 0.568359375, 1.197265625, 1.904296875, 2.12890625, 0.861328125, 1.291015625, 0.53515625, 2.181640625, 2.4375, 0.380859375], [0.55859375, 0.513671875, 1.3349609375, 2.8671875, 0.548828125, 2.6796875, 0.982421875, 2.119140625, 0.513671875, 1.560546875, 1.6298828125, 2.87890625, 1.8671875, 0.865234375, 3.125, 2.505859375, 0.955078125, 0.0, 1.955078125, 0.861328125, 2.9140625, 1.0390625, 2.970703125, 2.248046875, 1.443359375, 3.083984375, 2.384765625, 1.3076171875, 2.951171875, 1.728515625, 0.388671875, 0.23828125, 0.9462890625, 3.0859375, 0.095703125, 0.333984375, 1.494140625, 1.2265625, 1.48046875, 0.576171875], [1.396484375, 1.439453125, 2.9921875, 1.4609375, 2.50390625, 1.6474609375, 0.97265625, 0.166015625, 1.439453125, 2.767578125, 2.69921875, 1.4482421875, 2.4609375, 2.8203125, 1.203125, 0.55078125, 0.998046875, 1.955078125, 0.0, 1.091796875, 1.4140625, 2.994140625, 1.0166015625, 0.2919921875, 2.884765625, 1.1298828125, 0.4306640625, 3.01953125, 0.99658203125, 0.228515625, 1.564453125, 2.193359375, 2.900390625, 1.130859375, 1.861328125, 2.2890625, 0.462890625, 3.1015625, 2.84765625, 1.376953125], [0.306640625, 0.349609375, 2.197265625, 2.552734375, 1.412109375, 2.740234375, 0.119140625, 1.2578125, 0.349609375, 2.423828125, 2.494140625, 2.5390625, 2.73046875, 1.728515625, 2.294921875, 1.642578125, 0.09375, 0.861328125, 1.091796875, 0.0, 2.505859375, 1.900390625, 2.109375, 1.3837890625, 2.306640625, 2.22265625, 1.5224609375, 2.169921875, 2.087890625, 0.86328125, 0.474609375, 1.103515625, 1.810546875, 2.22265625, 0.767578125, 1.197265625, 0.62890625, 2.087890625, 2.34375, 0.287109375], [2.810546875, 2.85546875, 1.580078125, 0.04736328125, 2.365234375, 0.2340087890625, 2.38671875, 1.248046875, 2.85546875, 1.353515625, 1.28515625, 0.03466796875, 1.046875, 2.048828125, 0.2109375, 0.86279296875, 2.412109375, 2.9140625, 1.4140625, 2.505859375, 0.0, 1.875, 0.39697265625, 1.12109375, 1.470703125, 0.28369140625, 0.98291015625, 1.607421875, 0.4169921875, 1.642578125, 2.98046875, 2.67578125, 1.96875, 0.283203125, 3.009765625, 2.580078125, 1.876953125, 1.6875, 1.43359375, 2.79296875], [1.59765625, 1.552734375, 0.2958984375, 1.828125, 0.490234375, 1.6416015625, 2.021484375, 3.123046875, 1.552734375, 0.521484375, 0.5908203125, 1.8408203125, 0.828125, 0.173828125, 2.0859375, 2.73828125, 1.994140625, 1.0390625, 2.994140625, 1.900390625, 1.875, 0.0, 2.2734375, 2.99609375, 0.404296875, 2.16015625, 2.859375, 0.2685546875, 2.29296875, 2.765625, 1.427734375, 0.80078125, 0.0927734375, 2.158203125, 1.134765625, 0.705078125, 2.53125, 0.1875, 0.44140625, 1.615234375], [2.412109375, 2.458984375, 1.9765625, 0.4443359375, 2.76171875, 0.630859375, 1.9892578125, 0.8505859375, 2.458984375, 1.7509765625, 1.681640625, 0.431640625, 1.4443359375, 2.4453125, 0.18603515625, 0.4658203125, 2.015625, 2.970703125, 1.0166015625, 2.109375, 0.39697265625, 2.2734375, 0.0, 0.724609375, 1.8681640625, 0.11328125, 0.5859375, 2.00390625, 0.02001953125, 1.2451171875, 2.583984375, 3.07421875, 2.365234375, 0.11376953125, 2.876953125, 2.9765625, 1.4794921875, 2.0859375, 1.8310546875, 2.396484375], [1.689453125, 1.732421875, 2.701171875, 1.1689453125, 2.794921875, 1.35546875, 1.2646484375, 0.1259765625, 1.732421875, 2.4765625, 2.40625, 1.15625, 2.16796875, 3.111328125, 0.91064453125, 0.2587890625, 1.2900390625, 2.248046875, 0.2919921875, 1.3837890625, 1.12109375, 2.99609375, 0.724609375, 0.0, 2.59375, 0.837890625, 0.138671875, 2.728515625, 0.70458984375, 0.5205078125, 1.857421875, 2.486328125, 3.08984375, 0.83837890625, 2.150390625, 2.580078125, 0.7548828125, 2.80859375, 2.5546875, 1.669921875], [2.001953125, 1.95703125, 0.1083984375, 1.423828125, 0.89453125, 1.2373046875, 2.42578125, 2.71875, 1.95703125, 0.1171875, 0.1865234375, 1.4365234375, 0.423828125, 0.578125, 1.681640625, 2.333984375, 2.400390625, 1.443359375, 2.884765625, 2.306640625, 1.470703125, 0.404296875, 1.8681640625, 2.59375, 0.0, 1.7548828125, 2.453125, 0.1357421875, 1.888671875, 3.11328125, 1.83203125, 1.205078125, 0.4970703125, 1.75390625, 1.5390625, 1.109375, 2.935546875, 0.216796875, 0.037109375, 2.01953125], [2.525390625, 2.572265625, 1.86328125, 0.3310546875, 2.6484375, 0.517578125, 2.1015625, 0.9638671875, 2.572265625, 1.6376953125, 1.568359375, 0.318359375, 1.3310546875, 2.33203125, 0.07275390625, 0.5791015625, 2.12890625, 3.083984375, 1.1298828125, 2.22265625, 0.28369140625, 2.16015625, 0.11328125, 0.837890625, 1.7548828125, 0.0, 0.69921875, 1.890625, 0.13330078125, 1.3583984375, 2.697265625, 2.9609375, 2.251953125, 0.00048828125, 2.990234375, 2.86328125, 1.5927734375, 1.9716796875, 1.7177734375, 2.509765625], [1.826171875, 1.873046875, 2.5625, 1.0302734375, 2.935546875, 1.216796875, 1.4033203125, 0.2646484375, 1.873046875, 2.3359375, 2.267578125, 1.017578125, 2.03125, 3.03125, 0.77197265625, 0.1201171875, 1.4287109375, 2.384765625, 0.4306640625, 1.5224609375, 0.98291015625, 2.859375, 0.5859375, 0.138671875, 2.453125, 0.69921875, 0.0, 2.58984375, 0.56591796875, 0.6591796875, 1.998046875, 2.623046875, 2.951171875, 0.69970703125, 2.291015625, 2.720703125, 0.8935546875, 2.671875, 2.41796875, 1.810546875], [1.8662109375, 1.8212890625, 0.02734375, 1.5595703125, 0.7587890625, 1.373046875, 2.291015625, 2.85546875, 1.8212890625, 0.2529296875, 0.322265625, 1.572265625, 0.5595703125, 0.4423828125, 1.818359375, 2.46875, 2.263671875, 1.3076171875, 3.01953125, 2.169921875, 1.607421875, 0.2685546875, 2.00390625, 2.728515625, 0.1357421875, 1.890625, 2.58984375, 0.0, 2.0234375, 3.033203125, 1.6962890625, 1.0693359375, 0.361328125, 1.890625, 1.4033203125, 0.9736328125, 2.798828125, 0.0810546875, 0.1728515625, 1.8837890625], [2.392578125, 2.4375, 1.99609375, 0.46435546875, 2.783203125, 0.65087890625, 1.96875, 0.83056640625, 2.4375, 1.771484375, 1.701171875, 0.45166015625, 1.46484375, 2.466796875, 0.2060546875, 0.44580078125, 1.994140625, 2.951171875, 0.99658203125, 2.087890625, 0.4169921875, 2.29296875, 0.02001953125, 0.70458984375, 1.888671875, 0.13330078125, 0.56591796875, 2.0234375, 0.0, 1.224609375, 2.5625, 3.09375, 2.384765625, 0.1337890625, 2.85546875, 2.998046875, 1.458984375, 2.10546875, 1.8515625, 2.375], [1.166015625, 1.212890625, 3.060546875, 1.689453125, 2.275390625, 1.8759765625, 0.744140625, 0.39453125, 1.212890625, 2.99609375, 2.92578125, 1.6767578125, 2.689453125, 2.591796875, 1.431640625, 0.779296875, 0.76953125, 1.728515625, 0.228515625, 0.86328125, 1.642578125, 2.765625, 1.2451171875, 0.5205078125, 3.11328125, 1.3583984375, 0.6591796875, 3.033203125, 1.224609375, 0.0, 1.337890625, 1.962890625, 2.673828125, 1.359375, 1.630859375, 2.060546875, 0.234375, 2.953125, 3.076171875, 1.150390625], [0.169921875, 0.125, 1.7236328125, 3.02734375, 0.9375, 3.068359375, 0.595703125, 1.732421875, 0.125, 1.94921875, 2.01953125, 3.013671875, 2.255859375, 1.25390625, 2.76953125, 2.119140625, 0.568359375, 0.388671875, 1.564453125, 0.474609375, 2.98046875, 1.427734375, 2.583984375, 1.857421875, 1.83203125, 2.697265625, 1.998046875, 1.6962890625, 2.5625, 1.337890625, 0.0, 0.626953125, 1.3349609375, 2.697265625, 0.29296875, 0.72265625, 1.103515625, 1.615234375, 1.869140625, 0.1875], [0.796875, 0.751953125, 1.0966796875, 2.62890625, 0.310546875, 2.44140625, 1.220703125, 2.359375, 0.751953125, 1.322265625, 1.3916015625, 2.640625, 1.62890625, 0.626953125, 2.88671875, 2.744140625, 1.197265625, 0.23828125, 2.193359375, 1.103515625, 2.67578125, 0.80078125, 3.07421875, 2.486328125, 1.205078125, 2.9609375, 2.623046875, 1.0693359375, 3.09375, 1.962890625, 0.626953125, 0.0, 0.7080078125, 2.958984375, 0.333984375, 0.095703125, 1.728515625, 0.98828125, 1.2421875, 0.814453125], [1.5048828125, 1.4599609375, 0.388671875, 1.9208984375, 0.3974609375, 1.734375, 1.927734375, 3.068359375, 1.4599609375, 0.6142578125, 0.68359375, 1.93359375, 0.9208984375, 0.0810546875, 2.1796875, 2.83203125, 1.904296875, 0.9462890625, 2.900390625, 1.810546875, 1.96875, 0.0927734375, 2.365234375, 3.08984375, 0.4970703125, 2.251953125, 2.951171875, 0.361328125, 2.384765625, 2.673828125, 1.3349609375, 0.7080078125, 0.0, 2.251953125, 1.0419921875, 0.6123046875, 2.439453125, 0.2802734375, 0.5341796875, 1.5224609375], [2.52734375, 2.572265625, 1.86328125, 0.33056640625, 2.6484375, 0.51708984375, 2.103515625, 0.96435546875, 2.572265625, 1.63671875, 1.568359375, 0.31787109375, 1.330078125, 2.33203125, 0.072265625, 0.57958984375, 2.12890625, 3.0859375, 1.130859375, 2.22265625, 0.283203125, 2.158203125, 0.11376953125, 0.83837890625, 1.75390625, 0.00048828125, 0.69970703125, 1.890625, 0.1337890625, 1.359375, 2.697265625, 2.958984375, 2.251953125, 0.0, 2.990234375, 2.86328125, 1.59375, 1.970703125, 1.716796875, 2.509765625], [0.462890625, 0.41796875, 1.4306640625, 2.962890625, 0.64453125, 2.775390625, 0.884765625, 2.025390625, 0.41796875, 1.65625, 1.7255859375, 2.9765625, 1.962890625, 0.9609375, 3.0625, 2.41015625, 0.861328125, 0.095703125, 1.861328125, 0.767578125, 3.009765625, 1.134765625, 2.876953125, 2.150390625, 1.5390625, 2.990234375, 2.291015625, 1.4033203125, 2.85546875, 1.630859375, 0.29296875, 0.333984375, 1.0419921875, 2.990234375, 0.0, 0.4296875, 1.396484375, 1.322265625, 1.576171875, 0.48046875], [0.892578125, 0.84765625, 1.0009765625, 2.533203125, 0.21484375, 2.345703125, 1.314453125, 2.455078125, 0.84765625, 1.2265625, 1.2958984375, 2.546875, 1.533203125, 0.53125, 2.791015625, 2.83984375, 1.291015625, 0.333984375, 2.2890625, 1.197265625, 2.580078125, 0.705078125, 2.9765625, 2.580078125, 1.109375, 2.86328125, 2.720703125, 0.9736328125, 2.998046875, 2.060546875, 0.72265625, 0.095703125, 0.6123046875, 2.86328125, 0.4296875, 0.0, 1.826171875, 0.892578125, 1.146484375, 0.91015625], [0.931640625, 0.978515625, 2.826171875, 1.923828125, 2.041015625, 2.111328125, 0.509765625, 0.62890625, 0.978515625, 3.052734375, 3.123046875, 1.9111328125, 2.923828125, 2.357421875, 1.666015625, 1.013671875, 0.53515625, 1.494140625, 0.462890625, 0.62890625, 1.876953125, 2.53125, 1.4794921875, 0.7548828125, 2.935546875, 1.5927734375, 0.8935546875, 2.798828125, 1.458984375, 0.234375, 1.103515625, 1.728515625, 2.439453125, 1.59375, 1.396484375, 1.826171875, 0.0, 2.71875, 2.97265625, 0.916015625], [1.78515625, 1.740234375, 0.1083984375, 1.640625, 0.677734375, 1.4541015625, 2.208984375, 2.935546875, 1.740234375, 0.333984375, 0.4033203125, 1.6533203125, 0.640625, 0.361328125, 1.8984375, 2.55078125, 2.181640625, 1.2265625, 3.1015625, 2.087890625, 1.6875, 0.1875, 2.0859375, 2.80859375, 0.216796875, 1.9716796875, 2.671875, 0.0810546875, 2.10546875, 2.953125, 1.615234375, 0.98828125, 0.2802734375, 1.970703125, 1.322265625, 0.892578125, 2.71875, 0.0, 0.25390625, 1.802734375], [2.0390625, 1.994140625, 0.1455078125, 1.38671875, 0.931640625, 1.2001953125, 2.462890625, 2.681640625, 1.994140625, 0.080078125, 0.1494140625, 1.3994140625, 0.38671875, 0.615234375, 1.64453125, 2.296875, 2.4375, 1.48046875, 2.84765625, 2.34375, 1.43359375, 0.44140625, 1.8310546875, 2.5546875, 0.037109375, 1.7177734375, 2.41796875, 0.1728515625, 1.8515625, 3.076171875, 1.869140625, 1.2421875, 0.5341796875, 1.716796875, 1.576171875, 1.146484375, 2.97265625, 0.25390625, 0.0, 2.056640625], [0.017578125, 0.0625, 1.9111328125, 2.83984375, 1.125, 3.02734375, 0.408203125, 1.544921875, 0.0625, 2.13671875, 2.20703125, 2.826171875, 2.443359375, 1.44140625, 2.58203125, 1.931640625, 0.380859375, 0.576171875, 1.376953125, 0.287109375, 2.79296875, 1.615234375, 2.396484375, 1.669921875, 2.01953125, 2.509765625, 1.810546875, 1.8837890625, 2.375, 1.150390625, 0.1875, 0.814453125, 1.5224609375, 2.509765625, 0.48046875, 0.91015625, 0.916015625, 1.802734375, 2.056640625, 0.0]], "coordinates": [[0, 0], [-67, -10], [-98, -19], [29, -57], [89, 41], [-32, -98], [8, 2], [-81, 23], [-11, 70], [-67, -13], [76, -91], [24, -25], [63, 30], [72, -46], [0, -10], [86, 71], [7, 30], [-39, 10], [-47, -40], [-9, 27], [-38, 6], [77, 40], [16, -91], [50, 60], [-1, 34], [64, -98], [90, 86], [7, 64], [37, -78], [24, 30], [-46, 75], [-88, -29], [-60, -83], [6, -73], [89, 85], [-93, -65], [-30, -51], [-88, 88], [25, -66], [46, -65], [-46, -6]], "angles": [-2.994140625, -2.94921875, -1.1005859375, 0.431640625, -1.88671875, 0.2449951171875, 2.865234375, 1.7265625, -2.94921875, -0.875, -0.8056640625, 0.4443359375, -0.568359375, -1.5703125, 0.68994140625, 1.341796875, 2.890625, -2.435546875, 1.892578125, 2.984375, 0.47900390625, -1.396484375, 0.8759765625, 1.6005859375, -0.9921875, 0.7626953125, 1.4619140625, -1.1279296875, 0.89599609375, 2.12109375, -2.82421875, -2.197265625, -1.4892578125, 0.76220703125, -2.53125, -2.1015625, 2.35546875, -1.208984375, -0.955078125, -3.01171875], "demands": [1, 10, 8, 8, 6, 4, 4, 2, 3, 9, 11, 9, 4, 6, 7, 1, 5, 4, 3, 1, 10, 1, 7, 10, 7, 7, 9, 5, 1, 7, 11, 2, 4, 6, 3, 1, 10, 7, 10, 1], "capacity": 50, "Vmax": 19}