{"name": "LZB_n40_11", "n": 40, "m": 5, "times": [[0.0, 107.8125, 55.21875, 78.0625, 96.1875, 93.0, 105.4375, 59.125, 14.0, 90.625, 101.125, 107.0, 111.5, 83.5, 90.125, 64.875, 89.5, 88.5625, 107.625, 20.25, 101.8125, 88.5, 89.125, 72.9375, 126.125, 51.875, 69.625, 42.96875, 47.5, 90.1875, 41.625, 33.96875, 42.0, 69.375, 36.40625, 98.75, 105.875, 104.375, 79.0625, 40.5, 100.5625], [107.8125, 0.0, 90.0625, 181.25, 36.0, 195.375, 207.625, 80.125, 95.6875, 29.734375, 120.4375, 139.25, 187.375, 146.75, 177.375, 44.6875, 181.5, 173.25, 183.375, 87.6875, 126.3125, 196.0, 46.375, 91.4375, 134.0, 148.0, 38.625, 118.4375, 108.0, 54.59375, 66.6875, 132.875, 95.4375, 131.75, 71.875, 203.0, 212.75, 40.3125, 172.0, 118.25, 207.5], [55.21875, 90.0625, 0.0, 101.25, 98.5, 113.375, 155.625, 89.875, 55.71875, 62.28125, 49.25, 152.375, 97.3125, 135.75, 145.25, 65.0, 93.9375, 84.0, 93.25, 45.59375, 144.0, 130.75, 97.75, 107.625, 164.75, 66.0, 56.90625, 94.875, 94.625, 47.40625, 42.4375, 88.9375, 13.9296875, 120.4375, 51.03125, 122.875, 149.875, 66.875, 85.4375, 34.21875, 132.0], [78.0625, 181.25, 101.25, 0.0, 173.875, 15.03125, 84.75, 135.0, 92.0625, 158.5, 120.75, 164.875, 67.4375, 129.625, 107.1875, 141.25, 31.78125, 45.0, 65.75, 96.0, 164.625, 47.25, 167.25, 145.5, 190.625, 35.21875, 142.75, 102.5, 113.875, 148.375, 115.1875, 76.1875, 90.0625, 122.6875, 113.125, 21.9375, 64.125, 167.125, 28.15625, 67.125, 32.4375], [96.1875, 36.0, 98.5, 173.875, 0.0, 188.75, 185.875, 51.75, 82.375, 53.84375, 139.0, 104.375, 193.0, 116.0, 150.625, 34.71875, 180.5, 175.125, 189.0, 78.125, 91.1875, 180.125, 11.6640625, 58.84375, 98.0, 144.0, 42.1875, 94.0625, 81.8125, 78.4375, 61.65625, 113.625, 98.75, 102.1875, 61.03125, 194.875, 195.125, 70.75, 170.25, 118.5625, 196.25], [93.0, 195.375, 113.375, 15.03125, 188.75, 0.0, 89.875, 150.0, 107.0, 172.0, 128.375, 178.5, 65.0, 142.625, 117.5, 155.875, 31.046875, 46.5, 64.1875, 110.75, 178.75, 52.0, 182.125, 160.375, 204.75, 47.9375, 156.875, 117.0, 128.625, 160.75, 129.625, 90.5, 102.875, 136.375, 127.875, 11.1796875, 65.9375, 179.75, 32.4375, 79.625, 28.15625], [105.4375, 207.625, 155.625, 84.75, 185.875, 89.875, 0.0, 134.875, 114.125, 194.875, 191.625, 126.0, 152.25, 88.25, 47.09375, 162.875, 116.5, 129.125, 150.5, 124.5, 132.625, 37.9375, 175.5, 135.0, 156.0, 103.6875, 171.875, 91.9375, 104.6875, 195.5, 145.375, 74.9375, 141.75, 92.875, 137.25, 82.75, 28.3125, 209.625, 111.875, 126.1875, 66.0625], [59.125, 80.125, 89.875, 135.0, 51.75, 150.0, 134.875, 0.0, 46.09375, 80.75, 138.625, 66.625, 169.25, 66.625, 99.0, 41.3125, 148.625, 147.25, 165.25, 49.21875, 56.03125, 132.625, 40.8125, 17.890625, 74.9375, 111.0, 56.09375, 42.9375, 30.234375, 96.4375, 48.3125, 65.5, 82.8125, 51.625, 38.84375, 154.125, 146.125, 99.625, 138.25, 94.3125, 152.375], [14.0, 95.6875, 55.71875, 92.0625, 82.375, 107.0, 114.125, 46.09375, 0.0, 80.8125, 104.125, 99.125, 123.3125, 80.0625, 93.3125, 51.90625, 102.875, 101.125, 119.375, 11.3984375, 92.625, 100.375, 75.1875, 61.03125, 116.0, 65.25, 58.25, 39.21875, 39.8125, 83.75, 31.234375, 39.65625, 44.28125, 64.75, 23.859375, 112.625, 117.0625, 95.9375, 92.4375, 49.53125, 114.0], [90.625, 29.734375, 62.28125, 158.5, 53.84375, 172.0, 194.875, 80.75, 80.8125, 0.0, 90.8125, 146.0, 159.0, 145.625, 170.5, 39.46875, 155.5, 146.25, 155.0, 70.6875, 134.0, 178.625, 60.15625, 96.0625, 146.75, 124.0625, 25.296875, 111.375, 103.4375, 25.609375, 49.59375, 120.25, 69.625, 129.75, 58.25, 180.375, 196.375, 19.0, 146.5, 93.0, 186.625], [101.125, 120.4375, 49.25, 120.75, 139.0, 128.375, 191.625, 138.625, 104.125, 90.8125, 0.0, 201.5, 85.4375, 183.875, 189.0, 108.875, 100.4375, 85.625, 82.3125, 94.5625, 193.25, 160.875, 140.875, 156.375, 213.5, 89.6875, 97.1875, 142.875, 143.625, 66.125, 90.4375, 133.125, 59.90625, 168.875, 99.875, 139.375, 180.0, 84.375, 96.0625, 66.375, 153.125], [107.0, 139.25, 152.375, 164.875, 104.375, 178.5, 126.0, 66.625, 99.125, 146.0, 201.5, 0.0, 215.75, 38.46875, 79.125, 107.0625, 187.75, 191.25, 212.125, 107.3125, 13.4140625, 142.375, 93.125, 50.0, 30.0625, 153.0, 122.125, 65.75, 59.625, 163.0, 113.3125, 89.625, 142.625, 42.1875, 102.8125, 178.625, 148.125, 165.0, 178.0, 147.375, 170.125], [111.5, 187.375, 97.3125, 67.4375, 193.0, 65.0, 152.25, 169.25, 123.3125, 159.0, 85.4375, 215.75, 0.0, 185.25, 170.875, 158.375, 35.6875, 25.234375, 4.125, 120.75, 212.25, 114.5625, 190.125, 184.25, 237.25, 62.96875, 153.25, 150.0, 157.875, 139.75, 131.875, 127.5625, 94.375, 174.75, 135.5, 75.25, 130.375, 159.875, 41.625, 75.75, 93.0625], [83.5, 146.75, 135.75, 129.625, 116.0, 142.625, 88.25, 66.625, 80.0625, 145.625, 183.875, 38.46875, 185.25, 0.0, 42.1875, 106.5625, 154.875, 160.25, 182.0, 90.5625, 44.40625, 104.125, 104.375, 57.5, 68.125, 122.4375, 120.3125, 41.0, 43.1875, 157.25, 103.25, 57.8125, 124.0, 16.125, 92.25, 141.875, 109.6875, 164.0, 145.625, 123.1875, 132.375], [90.125, 177.375, 145.25, 107.1875, 150.625, 117.5, 47.09375, 99.0, 93.3125, 170.5, 189.0, 79.125, 170.875, 42.1875, 0.0, 134.0, 136.875, 145.75, 168.125, 104.6875, 86.5, 70.75, 139.5, 94.875, 109.1875, 111.625, 145.625, 59.375, 69.5, 176.875, 122.75, 56.3125, 131.75, 50.25, 112.75, 113.9375, 71.5, 187.375, 129.25, 123.25, 101.0], [64.875, 44.6875, 65.0, 141.25, 34.71875, 155.875, 162.875, 41.3125, 51.90625, 39.46875, 108.875, 107.0625, 158.375, 106.5625, 134.0, 0.0, 146.125, 140.375, 154.25, 45.34375, 95.5, 152.125, 32.75, 57.09375, 110.375, 110.125, 15.1328125, 74.625, 65.3125, 56.75, 27.078125, 88.25, 64.1875, 90.8125, 28.453125, 162.625, 168.375, 58.3125, 136.0, 83.875, 165.375], [89.5, 181.5, 93.9375, 31.78125, 180.5, 31.046875, 116.5, 148.625, 102.875, 155.5, 100.4375, 187.75, 35.6875, 154.875, 136.875, 146.125, 0.0, 15.65625, 34.125, 103.4375, 185.875, 78.9375, 175.5, 161.75, 211.5, 37.65625, 144.25, 122.875, 132.5, 140.75, 119.0625, 98.25, 86.125, 145.875, 119.9375, 42.0625, 95.0625, 160.625, 10.4375, 63.28125, 59.03125], [88.5625, 173.25, 84.0, 45.0, 175.125, 46.5, 129.125, 147.25, 101.125, 146.25, 85.625, 191.25, 25.234375, 160.25, 145.75, 140.375, 15.65625, 0.0, 22.359375, 99.9375, 188.25, 92.125, 171.0, 161.5, 213.375, 38.28125, 137.125, 125.625, 134.0, 129.75, 113.4375, 102.5625, 78.0, 149.875, 115.6875, 57.59375, 109.0625, 149.875, 17.265625, 56.5625, 74.1875], [107.625, 183.375, 93.25, 65.75, 189.0, 64.1875, 150.5, 165.25, 119.375, 155.0, 82.3125, 212.125, 4.125, 182.0, 168.125, 154.25, 34.125, 22.359375, 0.0, 116.75, 208.625, 113.0, 186.0, 180.375, 233.5, 59.5625, 149.125, 146.375, 154.125, 135.875, 127.75, 124.1875, 90.25, 171.25, 131.5, 74.6875, 129.125, 156.0, 39.21875, 71.6875, 92.375], [20.25, 87.6875, 45.59375, 96.0, 78.125, 110.75, 124.5, 49.21875, 11.3984375, 70.6875, 94.5625, 107.3125, 120.75, 90.5625, 104.6875, 45.34375, 103.4375, 99.9375, 116.75, 0.0, 99.875, 108.75, 72.25, 65.75, 122.125, 66.25, 49.40625, 50.0, 49.03125, 72.5, 21.40625, 50.59375, 35.34375, 74.9375, 17.125, 117.25, 126.0625, 85.1875, 93.0625, 45.28125, 120.1875], [101.8125, 126.3125, 144.0, 164.625, 91.1875, 178.75, 132.625, 56.03125, 92.625, 134.0, 193.25, 13.4140625, 212.25, 44.40625, 86.5, 95.5, 185.875, 188.25, 208.625, 99.875, 0.0, 145.875, 80.0625, 38.625, 26.0, 150.0, 110.625, 62.96875, 54.5, 151.875, 103.8125, 88.5625, 135.125, 43.1875, 93.625, 179.625, 153.125, 153.0, 175.875, 141.75, 172.5], [88.5, 196.0, 130.75, 47.25, 180.125, 52.0, 37.9375, 132.625, 100.375, 178.625, 160.875, 142.375, 114.5625, 104.125, 70.75, 152.125, 78.9375, 92.125, 113.0, 108.75, 145.875, 0.0, 171.125, 137.875, 171.25, 71.1875, 158.125, 91.6875, 104.9375, 174.75, 130.125, 67.1875, 117.4375, 102.8125, 124.1875, 45.5, 19.234375, 191.0, 75.0, 98.25, 30.484375], [89.125, 46.375, 97.75, 167.25, 11.6640625, 182.125, 175.5, 40.8125, 75.1875, 60.15625, 140.875, 93.125, 190.125, 104.375, 139.5, 32.75, 175.5, 171.0, 186.0, 72.25, 80.0625, 171.125, 0.0, 47.15625, 88.1875, 138.5, 43.875, 83.5, 71.0, 83.375, 58.1875, 104.1875, 96.375, 90.6875, 55.59375, 187.75, 185.5, 78.1875, 165.25, 114.75, 188.25], [72.9375, 91.4375, 107.625, 145.5, 58.84375, 160.375, 135.0, 17.890625, 61.03125, 96.0625, 156.375, 50.0, 184.25, 57.5, 94.875, 57.09375, 161.75, 161.5, 180.375, 65.75, 38.625, 137.875, 47.15625, 0.0, 57.125, 124.375, 72.1875, 46.1875, 33.0, 113.3125, 66.1875, 72.0, 100.125, 44.8125, 56.59375, 163.625, 149.5, 115.0625, 151.375, 110.25, 160.125], [126.125, 134.0, 164.75, 190.625, 98.0, 204.75, 156.0, 74.9375, 116.0, 146.75, 213.5, 30.0625, 237.25, 68.125, 109.1875, 110.375, 211.5, 213.375, 233.5, 122.125, 26.0, 171.25, 88.1875, 57.125, 0.0, 175.375, 125.3125, 88.6875, 79.375, 167.0, 123.1875, 114.5, 157.0, 68.9375, 113.75, 205.625, 177.75, 165.375, 201.375, 165.5, 198.25], [51.875, 148.0, 66.0, 35.21875, 144.0, 47.9375, 103.6875, 111.0, 65.25, 124.0625, 89.6875, 153.0, 62.96875, 122.4375, 111.625, 110.125, 37.65625, 38.28125, 59.5625, 66.25, 150.0, 71.1875, 138.5, 124.375, 175.375, 0.0, 109.8125, 87.3125, 95.9375, 113.1875, 83.3125, 64.6875, 55.0, 111.75, 83.125, 56.9375, 90.25, 132.0, 27.203125, 31.90625, 66.4375], [69.625, 38.625, 56.90625, 142.75, 42.1875, 156.875, 171.875, 56.09375, 58.25, 25.296875, 97.1875, 122.125, 153.25, 120.3125, 145.625, 15.1328125, 144.25, 137.125, 149.125, 49.40625, 110.625, 158.125, 43.875, 72.1875, 125.3125, 109.8125, 0.0, 86.375, 78.1875, 41.75, 28.171875, 96.875, 59.21875, 104.375, 34.65625, 164.5, 175.25, 43.75, 134.5, 81.0625, 168.875], [42.96875, 118.4375, 94.875, 102.5, 94.0625, 117.0, 91.9375, 42.9375, 39.21875, 111.375, 142.875, 65.75, 150.0, 41.0, 59.375, 74.625, 122.875, 125.625, 146.375, 50.0, 62.96875, 91.6875, 83.5, 46.1875, 88.6875, 87.3125, 86.375, 0.0, 13.34375, 119.5625, 65.0, 26.6875, 83.0, 26.40625, 54.40625, 119.125, 103.875, 128.75, 112.875, 83.25, 114.375], [47.5, 108.0, 94.625, 113.875, 81.8125, 128.625, 104.6875, 30.234375, 39.8125, 103.4375, 143.625, 59.625, 157.875, 43.1875, 69.5, 65.3125, 132.5, 134.0, 154.125, 49.03125, 54.5, 104.9375, 71.0, 33.0, 79.375, 95.9375, 78.1875, 13.34375, 0.0, 114.125, 60.0625, 39.125, 83.9375, 27.078125, 49.09375, 131.25, 117.1875, 121.4375, 122.3125, 87.8125, 127.125], [90.1875, 54.59375, 47.40625, 148.375, 78.4375, 160.75, 195.5, 96.4375, 83.75, 25.609375, 66.125, 163.0, 139.75, 157.25, 176.875, 56.75, 140.75, 129.75, 135.875, 72.5, 151.875, 174.75, 83.375, 113.3125, 167.0, 113.1875, 41.75, 119.5625, 114.125, 0.0, 54.5625, 123.0, 58.59375, 141.125, 65.3125, 170.125, 193.375, 20.21875, 132.625, 81.3125, 178.625], [41.625, 66.6875, 42.4375, 115.1875, 61.65625, 129.625, 145.375, 48.3125, 31.234375, 49.59375, 90.4375, 113.3125, 131.875, 103.25, 122.75, 27.078125, 119.0625, 113.4375, 127.75, 21.40625, 103.8125, 130.125, 58.1875, 66.1875, 123.1875, 83.3125, 28.171875, 65.0, 60.0625, 54.5625, 0.0, 70.8125, 38.46875, 87.125, 11.0, 136.875, 147.375, 65.0, 109.0, 56.875, 140.75], [33.96875, 132.875, 88.9375, 76.1875, 113.625, 90.5, 74.9375, 65.5, 39.65625, 120.25, 133.125, 89.625, 127.5625, 57.8125, 56.3125, 88.25, 98.25, 102.5625, 124.1875, 50.59375, 88.5625, 67.1875, 104.1875, 72.0, 114.5, 64.6875, 96.875, 26.6875, 39.125, 123.0, 70.8125, 0.0, 75.4375, 47.625, 62.28125, 92.4375, 81.4375, 135.625, 88.625, 68.4375, 88.0625], [42.0, 95.4375, 13.9296875, 90.0625, 98.75, 102.875, 141.75, 82.8125, 44.28125, 69.625, 59.90625, 142.625, 94.375, 124.0, 131.75, 64.1875, 86.125, 78.0, 90.25, 35.34375, 135.125, 117.4375, 96.375, 100.125, 157.0, 55.0, 59.21875, 83.0, 83.9375, 58.59375, 38.46875, 75.4375, 0.0, 108.9375, 44.6875, 111.875, 136.375, 77.0, 76.875, 23.40625, 120.0], [69.375, 131.75, 120.4375, 122.6875, 102.1875, 136.375, 92.875, 51.625, 64.75, 129.75, 168.875, 42.1875, 174.75, 16.125, 50.25, 90.8125, 145.875, 149.875, 171.25, 74.9375, 43.1875, 102.8125, 90.6875, 44.8125, 68.9375, 111.75, 104.375, 26.40625, 27.078125, 141.125, 87.125, 47.625, 108.9375, 0.0, 76.1875, 136.875, 111.0625, 148.0, 136.25, 109.5625, 129.25], [36.40625, 71.875, 51.03125, 113.125, 61.03125, 127.875, 137.25, 38.84375, 23.859375, 58.25, 99.875, 102.8125, 135.5, 92.25, 112.75, 28.453125, 119.9375, 115.6875, 131.5, 17.125, 93.625, 124.1875, 55.59375, 56.59375, 113.75, 83.125, 34.65625, 54.40625, 49.09375, 65.3125, 11.0, 62.28125, 44.6875, 76.1875, 0.0, 134.375, 140.875, 74.6875, 109.6875, 59.8125, 136.875], [98.75, 203.0, 122.875, 21.9375, 194.875, 11.1796875, 82.75, 154.125, 112.625, 180.375, 139.375, 178.625, 75.25, 141.875, 113.9375, 162.625, 42.0625, 57.59375, 74.6875, 117.25, 179.625, 45.5, 187.75, 163.625, 205.625, 56.9375, 164.5, 119.125, 131.25, 170.125, 136.875, 92.4375, 111.875, 136.875, 134.375, 0.0, 57.28125, 188.875, 43.5625, 88.8125, 18.109375], [105.875, 212.75, 149.875, 64.125, 195.125, 65.9375, 28.3125, 146.125, 117.0625, 196.375, 180.0, 148.125, 130.375, 109.6875, 71.5, 168.375, 95.0625, 109.0625, 129.125, 126.0625, 153.125, 19.234375, 185.5, 149.5, 177.75, 90.25, 175.25, 103.875, 117.1875, 193.375, 147.375, 81.4375, 136.375, 111.0625, 140.875, 57.28125, 0.0, 209.25, 92.25, 117.5, 39.5625], [104.375, 40.3125, 66.875, 167.125, 70.75, 179.75, 209.625, 99.625, 95.9375, 19.0, 84.375, 165.0, 159.875, 164.0, 187.375, 58.3125, 160.625, 149.875, 156.0, 85.1875, 153.0, 191.0, 78.1875, 115.0625, 165.375, 132.0, 43.75, 128.75, 121.4375, 20.21875, 65.0, 135.625, 77.0, 148.0, 74.6875, 188.875, 209.25, 0.0, 152.25, 100.1875, 196.625], [79.0625, 172.0, 85.4375, 28.15625, 170.25, 32.4375, 111.875, 138.25, 92.4375, 146.5, 96.0625, 178.0, 41.625, 145.625, 129.25, 136.0, 10.4375, 17.265625, 39.21875, 93.0625, 175.875, 75.0, 165.25, 151.375, 201.375, 27.203125, 134.5, 112.875, 122.3125, 132.625, 109.0, 88.625, 76.875, 136.25, 109.6875, 43.5625, 92.25, 152.25, 0.0, 53.75, 58.875], [40.5, 118.25, 34.21875, 67.125, 118.5625, 79.625, 126.1875, 94.3125, 49.53125, 93.0, 66.375, 147.375, 75.75, 123.1875, 123.25, 83.875, 63.28125, 56.5625, 71.6875, 45.28125, 141.75, 98.25, 114.75, 110.25, 165.5, 31.90625, 81.0625, 83.25, 87.8125, 81.3125, 56.875, 68.4375, 23.40625, 109.5625, 59.8125, 88.8125, 117.5, 100.1875, 53.75, 0.0, 97.8125], [100.5625, 207.5, 132.0, 32.4375, 196.25, 28.15625, 66.0625, 152.375, 114.0, 186.625, 153.125, 170.125, 93.0625, 132.375, 101.0, 165.375, 59.03125, 74.1875, 92.375, 120.1875, 172.5, 30.484375, 188.25, 160.125, 198.25, 66.4375, 168.875, 114.375, 127.125, 178.625, 140.75, 88.0625, 120.0, 129.25, 136.875, 18.109375, 39.5625, 196.625, 58.875, 97.8125, 0.0]], "angleGap": [[0.0, 0.986328125, 2.685546875, 0.3369140625, 2.669921875, 2.681640625, 0.8203125, 0.494140625, 0.244140625, 1.228515625, 1.412109375, 2.048828125, 1.7353515625, 2.220703125, 0.1474609375, 2.330078125, 2.154296875, 2.033203125, 0.080078125, 1.29296875, 3.03515625, 0.4375, 0.994140625, 1.2119140625, 2.314453125, 0.06640625, 1.6318359375, 1.353515625, 0.529296875, 0.12109375, 2.302734375, 1.080078125, 1.6328125, 0.12890625, 2.76953125, 2.94921875, 0.380859375, 2.326171875, 1.650390625, 2.951171875], [0.986328125, 0.0, 1.701171875, 1.3232421875, 1.681640625, 2.615234375, 1.806640625, 1.48046875, 0.7421875, 0.240234375, 2.3984375, 1.060546875, 2.720703125, 3.076171875, 1.1337890625, 1.345703125, 1.166015625, 1.048828125, 0.90625, 2.279296875, 2.263671875, 1.423828125, 1.98046875, 2.19921875, 1.330078125, 0.919921875, 2.619140625, 2.33984375, 0.45703125, 0.865234375, 2.994140625, 0.091796875, 2.619140625, 1.115234375, 1.783203125, 2.345703125, 0.60546875, 1.337890625, 0.666015625, 1.962890625], [2.685546875, 1.701171875, 0.0, 3.0234375, 0.0166015625, 0.91552734375, 2.77734375, 3.1015625, 2.443359375, 1.4599609375, 2.185546875, 0.6396484375, 1.861328125, 1.3759765625, 2.833984375, 0.3564453125, 0.5322265625, 0.6513671875, 2.607421875, 2.3046875, 0.56201171875, 3.123046875, 2.6015625, 2.384765625, 0.3720703125, 2.619140625, 1.96484375, 2.2421875, 2.158203125, 2.564453125, 1.294921875, 1.6083984375, 1.9638671875, 2.814453125, 0.0830078125, 0.646484375, 2.306640625, 0.3603515625, 1.0341796875, 0.2646484375], [0.3369140625, 1.3232421875, 3.0234375, 0.0, 3.005859375, 2.34375, 0.4833984375, 0.1572265625, 0.5810546875, 1.564453125, 1.07421875, 2.384765625, 1.3984375, 1.8837890625, 0.189453125, 2.666015625, 2.490234375, 2.373046875, 0.4169921875, 0.9560546875, 2.697265625, 0.1005859375, 0.6572265625, 0.875, 2.650390625, 0.4033203125, 1.294921875, 1.0166015625, 0.8662109375, 0.4580078125, 1.96484375, 1.416015625, 1.2958984375, 0.2080078125, 3.107421875, 2.61328125, 0.7177734375, 2.662109375, 1.990234375, 2.99609375], [2.669921875, 1.681640625, 0.0166015625, 3.005859375, 0.0, 0.93212890625, 2.79296875, 3.119140625, 2.42578125, 1.443359375, 2.201171875, 0.623046875, 1.8779296875, 1.392578125, 2.818359375, 0.33984375, 0.515625, 0.634765625, 2.58984375, 2.3203125, 0.57861328125, 3.107421875, 2.619140625, 2.40234375, 0.35546875, 2.603515625, 1.9814453125, 2.259765625, 2.142578125, 2.548828125, 1.310546875, 1.591796875, 1.98046875, 2.798828125, 0.099609375, 0.6630859375, 2.2890625, 0.34375, 1.017578125, 0.28125], [2.681640625, 2.615234375, 0.91552734375, 2.34375, 0.93212890625, 0.0, 1.861328125, 2.1875, 2.92578125, 2.375, 1.26953125, 1.5546875, 0.9462890625, 0.460693359375, 2.533203125, 1.271484375, 1.447265625, 1.56640625, 2.76171875, 1.388671875, 0.353515625, 2.244140625, 1.6875, 1.46875, 1.287109375, 2.748046875, 1.048828125, 1.328125, 3.072265625, 2.802734375, 0.37890625, 2.5234375, 1.0478515625, 2.552734375, 0.83251953125, 0.26904296875, 3.0625, 1.275390625, 1.94921875, 0.65087890625], [0.8203125, 1.806640625, 2.77734375, 0.4833984375, 2.79296875, 1.861328125, 0.0, 0.326171875, 1.064453125, 2.048828125, 0.59130859375, 2.8671875, 0.9150390625, 1.400390625, 0.6728515625, 3.1328125, 2.974609375, 2.85546875, 0.900390625, 0.47265625, 2.21484375, 0.3828125, 0.173828125, 0.3916015625, 3.134765625, 0.88671875, 0.8115234375, 0.533203125, 1.349609375, 0.94140625, 1.482421875, 1.900390625, 0.8125, 0.69140625, 2.693359375, 2.12890625, 1.201171875, 3.13671875, 2.47265625, 2.51171875], [0.494140625, 1.48046875, 3.1015625, 0.1572265625, 3.119140625, 2.1875, 0.326171875, 0.0, 0.73828125, 1.720703125, 0.91748046875, 2.541015625, 1.2412109375, 1.7265625, 0.3466796875, 2.82421875, 2.6484375, 2.529296875, 0.57421875, 0.798828125, 2.541015625, 0.056640625, 0.5, 0.7177734375, 2.80859375, 0.560546875, 1.1376953125, 0.859375, 1.0234375, 0.615234375, 1.80859375, 1.572265625, 1.138671875, 0.365234375, 3.01953125, 2.45703125, 0.875, 2.8203125, 2.146484375, 2.837890625], [0.244140625, 0.7421875, 2.443359375, 0.5810546875, 2.42578125, 2.92578125, 1.064453125, 0.73828125, 0.0, 0.982421875, 1.65625, 1.802734375, 1.9794921875, 2.46484375, 0.3916015625, 2.087890625, 1.908203125, 1.791015625, 0.1640625, 1.537109375, 3.00390625, 0.681640625, 1.23828125, 1.4560546875, 2.072265625, 0.177734375, 1.8759765625, 1.59765625, 0.28515625, 0.123046875, 2.546875, 0.833984375, 1.876953125, 0.373046875, 2.525390625, 3.087890625, 0.13671875, 2.080078125, 1.408203125, 2.70703125], [1.228515625, 0.240234375, 1.4599609375, 1.564453125, 1.443359375, 2.375, 2.048828125, 1.720703125, 0.982421875, 0.0, 2.638671875, 0.8203125, 2.9609375, 2.8359375, 1.373046875, 1.103515625, 0.927734375, 0.80859375, 1.146484375, 2.51953125, 2.021484375, 1.666015625, 2.220703125, 2.439453125, 1.087890625, 1.158203125, 2.859375, 2.580078125, 0.697265625, 1.103515625, 2.75390625, 0.1484375, 2.859375, 1.353515625, 1.54296875, 2.10546875, 0.845703125, 1.099609375, 0.42578125, 1.724609375], [1.412109375, 2.3984375, 2.185546875, 1.07421875, 2.201171875, 1.26953125, 0.59130859375, 0.91748046875, 1.65625, 2.638671875, 0.0, 2.82421875, 0.323486328125, 0.80859375, 1.263671875, 2.541015625, 2.716796875, 2.8359375, 1.4921875, 0.11865234375, 1.623046875, 0.97412109375, 0.41748046875, 0.19970703125, 2.556640625, 1.478515625, 0.220458984375, 0.05810546875, 1.94140625, 1.533203125, 0.890625, 2.490234375, 0.221435546875, 1.283203125, 2.1015625, 1.5390625, 1.79296875, 2.544921875, 3.064453125, 1.919921875], [2.048828125, 1.060546875, 0.6396484375, 2.384765625, 0.623046875, 1.5546875, 2.8671875, 2.541015625, 1.802734375, 0.8203125, 2.82421875, 0.0, 2.501953125, 2.015625, 2.193359375, 0.283203125, 0.107421875, 0.01171875, 1.966796875, 2.943359375, 1.201171875, 2.484375, 3.041015625, 3.0234375, 0.267578125, 1.978515625, 2.603515625, 2.8828125, 1.517578125, 1.923828125, 1.93359375, 0.96875, 2.603515625, 2.173828125, 0.72265625, 1.2861328125, 1.666015625, 0.279296875, 0.39453125, 0.904296875], [1.7353515625, 2.720703125, 1.861328125, 1.3984375, 1.8779296875, 0.9462890625, 0.9150390625, 1.2412109375, 1.9794921875, 2.9609375, 0.323486328125, 2.501953125, 0.0, 0.4853515625, 1.587890625, 2.21875, 2.39453125, 2.513671875, 1.8154296875, 0.442138671875, 1.2998046875, 1.2978515625, 0.7412109375, 0.5234375, 2.234375, 1.8017578125, 0.10302734375, 0.381591796875, 2.263671875, 1.8564453125, 0.5673828125, 2.8125, 0.10205078125, 1.6064453125, 1.7783203125, 1.21484375, 2.115234375, 2.22265625, 2.896484375, 1.5966796875], [2.220703125, 3.076171875, 1.3759765625, 1.8837890625, 1.392578125, 0.460693359375, 1.400390625, 1.7265625, 2.46484375, 2.8359375, 0.80859375, 2.015625, 0.4853515625, 0.0, 2.072265625, 1.732421875, 1.908203125, 2.02734375, 2.30078125, 0.927734375, 0.814453125, 1.783203125, 1.2265625, 1.0087890625, 1.748046875, 2.287109375, 0.58837890625, 0.8671875, 2.75, 2.341796875, 0.081787109375, 2.984375, 0.58740234375, 2.091796875, 1.29296875, 0.7294921875, 2.6015625, 1.736328125, 2.41015625, 1.111328125], [0.1474609375, 1.1337890625, 2.833984375, 0.189453125, 2.818359375, 2.533203125, 0.6728515625, 0.3466796875, 0.3916015625, 1.373046875, 1.263671875, 2.193359375, 1.587890625, 2.072265625, 0.0, 2.478515625, 2.302734375, 2.181640625, 0.2275390625, 1.1455078125, 2.88671875, 0.2900390625, 0.8466796875, 1.064453125, 2.462890625, 0.2138671875, 1.484375, 1.2060546875, 0.6767578125, 0.2685546875, 2.154296875, 1.224609375, 1.4853515625, 0.0185546875, 2.916015625, 2.802734375, 0.5283203125, 2.474609375, 1.798828125, 3.099609375], [2.330078125, 1.345703125, 0.3564453125, 2.666015625, 0.33984375, 1.271484375, 3.1328125, 2.82421875, 2.087890625, 1.103515625, 2.541015625, 0.283203125, 2.21875, 1.732421875, 2.478515625, 0.0, 0.17578125, 0.294921875, 2.251953125, 2.66015625, 0.91845703125, 2.767578125, 2.958984375, 2.7421875, 0.015625, 2.263671875, 2.3203125, 2.599609375, 1.798828125, 2.208984375, 1.650390625, 1.251953125, 2.3203125, 2.458984375, 0.439453125, 1.0029296875, 1.947265625, 0.00390625, 0.677734375, 0.62109375], [2.154296875, 1.166015625, 0.5322265625, 2.490234375, 0.515625, 1.447265625, 2.974609375, 2.6484375, 1.908203125, 0.927734375, 2.716796875, 0.107421875, 2.39453125, 1.908203125, 2.302734375, 0.17578125, 0.0, 0.119140625, 2.072265625, 2.8359375, 1.09375, 2.591796875, 3.134765625, 2.91796875, 0.16015625, 2.087890625, 2.49609375, 2.775390625, 1.626953125, 2.033203125, 1.826171875, 1.076171875, 2.49609375, 2.283203125, 0.615234375, 1.1787109375, 1.775390625, 0.171875, 0.501953125, 0.796875], [2.033203125, 1.048828125, 0.6513671875, 2.373046875, 0.634765625, 1.56640625, 2.85546875, 2.529296875, 1.791015625, 0.80859375, 2.8359375, 0.01171875, 2.513671875, 2.02734375, 2.181640625, 0.294921875, 0.119140625, 0.0, 1.955078125, 2.955078125, 1.212890625, 2.47265625, 3.029296875, 3.03515625, 0.279296875, 1.970703125, 2.615234375, 2.89453125, 1.505859375, 1.916015625, 1.9453125, 0.95703125, 2.615234375, 2.166015625, 0.734375, 1.2978515625, 1.654296875, 0.291015625, 0.3828125, 0.916015625], [0.080078125, 0.90625, 2.607421875, 0.4169921875, 2.58984375, 2.76171875, 0.900390625, 0.57421875, 0.1640625, 1.146484375, 1.4921875, 1.966796875, 1.8154296875, 2.30078125, 0.2275390625, 2.251953125, 2.072265625, 1.955078125, 0.0, 1.373046875, 3.115234375, 0.517578125, 1.07421875, 1.2919921875, 2.236328125, 0.013671875, 1.7119140625, 1.43359375, 0.44921875, 0.041015625, 2.3828125, 0.998046875, 1.712890625, 0.208984375, 2.689453125, 3.03125, 0.30078125, 2.244140625, 1.572265625, 2.87109375], [1.29296875, 2.279296875, 2.3046875, 0.9560546875, 2.3203125, 1.388671875, 0.47265625, 0.798828125, 1.537109375, 2.51953125, 0.11865234375, 2.943359375, 0.442138671875, 0.927734375, 1.1455078125, 2.66015625, 2.8359375, 2.955078125, 1.373046875, 0.0, 1.7421875, 0.85546875, 0.298828125, 0.0810546875, 2.67578125, 1.359375, 0.339111328125, 0.060546875, 1.822265625, 1.4140625, 1.009765625, 2.37109375, 0.340087890625, 1.1640625, 2.220703125, 1.6572265625, 1.673828125, 2.6640625, 2.9453125, 2.0390625], [3.03515625, 2.263671875, 0.56201171875, 2.697265625, 0.57861328125, 0.353515625, 2.21484375, 2.541015625, 3.00390625, 2.021484375, 1.623046875, 1.201171875, 1.2998046875, 0.814453125, 2.88671875, 0.91845703125, 1.09375, 1.212890625, 3.115234375, 1.7421875, 0.0, 2.59765625, 2.041015625, 1.822265625, 0.93408203125, 3.1015625, 1.40234375, 1.681640625, 2.71875, 3.126953125, 0.732421875, 2.169921875, 1.4013671875, 2.90625, 0.47900390625, 0.08447265625, 2.8671875, 0.92236328125, 1.595703125, 0.29736328125], [0.4375, 1.423828125, 3.123046875, 0.1005859375, 3.107421875, 2.244140625, 0.3828125, 0.056640625, 0.681640625, 1.666015625, 0.97412109375, 2.484375, 1.2978515625, 1.783203125, 0.2900390625, 2.767578125, 2.591796875, 2.47265625, 0.517578125, 0.85546875, 2.59765625, 0.0, 0.556640625, 0.7744140625, 2.751953125, 0.50390625, 1.1943359375, 0.916015625, 0.966796875, 0.55859375, 1.865234375, 1.517578125, 1.1953125, 0.30859375, 3.076171875, 2.51171875, 0.818359375, 2.763671875, 2.087890625, 2.89453125], [0.994140625, 1.98046875, 2.6015625, 0.6572265625, 2.619140625, 1.6875, 0.173828125, 0.5, 1.23828125, 2.220703125, 0.41748046875, 3.041015625, 0.7412109375, 1.2265625, 0.8466796875, 2.958984375, 3.134765625, 3.029296875, 1.07421875, 0.298828125, 2.041015625, 0.556640625, 0.0, 0.2177734375, 2.974609375, 1.060546875, 0.6376953125, 0.359375, 1.5234375, 1.115234375, 1.30859375, 2.072265625, 0.638671875, 0.865234375, 2.51953125, 1.9560546875, 1.375, 2.962890625, 2.646484375, 2.337890625], [1.2119140625, 2.19921875, 2.384765625, 0.875, 2.40234375, 1.46875, 0.3916015625, 0.7177734375, 1.4560546875, 2.439453125, 0.19970703125, 3.0234375, 0.5234375, 1.0087890625, 1.064453125, 2.7421875, 2.91796875, 3.03515625, 1.2919921875, 0.0810546875, 1.822265625, 0.7744140625, 0.2177734375, 0.0, 2.7578125, 1.2783203125, 0.420166015625, 0.1416015625, 1.7412109375, 1.3330078125, 1.08984375, 2.291015625, 0.421142578125, 1.0830078125, 2.30078125, 1.73828125, 1.5927734375, 2.74609375, 2.865234375, 2.12109375], [2.314453125, 1.330078125, 0.3720703125, 2.650390625, 0.35546875, 1.287109375, 3.134765625, 2.80859375, 2.072265625, 1.087890625, 2.556640625, 0.267578125, 2.234375, 1.748046875, 2.462890625, 0.015625, 0.16015625, 0.279296875, 2.236328125, 2.67578125, 0.93408203125, 2.751953125, 2.974609375, 2.7578125, 0.0, 2.248046875, 2.3359375, 2.615234375, 1.783203125, 2.193359375, 1.666015625, 1.236328125, 2.3359375, 2.443359375, 0.455078125, 1.0185546875, 1.931640625, 0.01171875, 0.662109375, 0.63671875], [0.06640625, 0.919921875, 2.619140625, 0.4033203125, 2.603515625, 2.748046875, 0.88671875, 0.560546875, 0.177734375, 1.158203125, 1.478515625, 1.978515625, 1.8017578125, 2.287109375, 0.2138671875, 2.263671875, 2.087890625, 1.970703125, 0.013671875, 1.359375, 3.1015625, 0.50390625, 1.060546875, 1.2783203125, 2.248046875, 0.0, 1.6982421875, 1.419921875, 0.462890625, 0.0546875, 2.369140625, 1.009765625, 1.69921875, 0.1953125, 2.703125, 3.015625, 0.314453125, 2.259765625, 1.587890625, 2.884765625], [1.6318359375, 2.619140625, 1.96484375, 1.294921875, 1.9814453125, 1.048828125, 0.8115234375, 1.1376953125, 1.8759765625, 2.859375, 0.220458984375, 2.603515625, 0.10302734375, 0.58837890625, 1.484375, 2.3203125, 2.49609375, 2.615234375, 1.7119140625, 0.339111328125, 1.40234375, 1.1943359375, 0.6376953125, 0.420166015625, 2.3359375, 1.6982421875, 0.0, 0.278564453125, 2.162109375, 1.7529296875, 0.669921875, 2.7109375, 0.0009765625, 1.5029296875, 1.8818359375, 1.318359375, 2.013671875, 2.32421875, 2.998046875, 1.7001953125], [1.353515625, 2.33984375, 2.2421875, 1.0166015625, 2.259765625, 1.328125, 0.533203125, 0.859375, 1.59765625, 2.580078125, 0.05810546875, 2.8828125, 0.381591796875, 0.8671875, 1.2060546875, 2.599609375, 2.775390625, 2.89453125, 1.43359375, 0.060546875, 1.681640625, 0.916015625, 0.359375, 0.1416015625, 2.615234375, 1.419921875, 0.278564453125, 0.0, 1.8828125, 1.474609375, 0.94873046875, 2.431640625, 0.279541015625, 1.224609375, 2.16015625, 1.5966796875, 1.734375, 2.603515625, 3.005859375, 1.978515625], [0.529296875, 0.45703125, 2.158203125, 0.8662109375, 2.142578125, 3.072265625, 1.349609375, 1.0234375, 0.28515625, 0.697265625, 1.94140625, 1.517578125, 2.263671875, 2.75, 0.6767578125, 1.798828125, 1.626953125, 1.505859375, 0.44921875, 1.822265625, 2.71875, 0.966796875, 1.5234375, 1.7412109375, 1.783203125, 0.462890625, 2.162109375, 1.8828125, 0.0, 0.408203125, 2.83203125, 0.548828125, 2.162109375, 0.658203125, 2.240234375, 2.802734375, 0.1484375, 1.798828125, 1.123046875, 2.421875], [0.12109375, 0.865234375, 2.564453125, 0.4580078125, 2.548828125, 2.802734375, 0.94140625, 0.615234375, 0.123046875, 1.103515625, 1.533203125, 1.923828125, 1.8564453125, 2.341796875, 0.2685546875, 2.208984375, 2.033203125, 1.916015625, 0.041015625, 1.4140625, 3.126953125, 0.55859375, 1.115234375, 1.3330078125, 2.193359375, 0.0546875, 1.7529296875, 1.474609375, 0.408203125, 0.0, 2.423828125, 0.955078125, 1.75390625, 0.25, 2.6484375, 3.0703125, 0.259765625, 2.205078125, 1.533203125, 2.830078125], [2.302734375, 2.994140625, 1.294921875, 1.96484375, 1.310546875, 0.37890625, 1.482421875, 1.80859375, 2.546875, 2.75390625, 0.890625, 1.93359375, 0.5673828125, 0.081787109375, 2.154296875, 1.650390625, 1.826171875, 1.9453125, 2.3828125, 1.009765625, 0.732421875, 1.865234375, 1.30859375, 1.08984375, 1.666015625, 2.369140625, 0.669921875, 0.94873046875, 2.83203125, 2.423828125, 0.0, 2.90234375, 0.6689453125, 2.173828125, 1.2109375, 0.64794921875, 2.68359375, 1.654296875, 2.328125, 1.029296875], [1.080078125, 0.091796875, 1.6083984375, 1.416015625, 1.591796875, 2.5234375, 1.900390625, 1.572265625, 0.833984375, 0.1484375, 2.490234375, 0.96875, 2.8125, 2.984375, 1.224609375, 1.251953125, 1.076171875, 0.95703125, 0.998046875, 2.37109375, 2.169921875, 1.517578125, 2.072265625, 2.291015625, 1.236328125, 1.009765625, 2.7109375, 2.431640625, 0.548828125, 0.955078125, 2.90234375, 0.0, 2.7109375, 1.205078125, 1.69140625, 2.25390625, 0.697265625, 1.248046875, 0.57421875, 1.873046875], [1.6328125, 2.619140625, 1.9638671875, 1.2958984375, 1.98046875, 1.0478515625, 0.8125, 1.138671875, 1.876953125, 2.859375, 0.221435546875, 2.603515625, 0.10205078125, 0.58740234375, 1.4853515625, 2.3203125, 2.49609375, 2.615234375, 1.712890625, 0.340087890625, 1.4013671875, 1.1953125, 0.638671875, 0.421142578125, 2.3359375, 1.69921875, 0.0009765625, 0.279541015625, 2.162109375, 1.75390625, 0.6689453125, 2.7109375, 0.0, 1.50390625, 1.880859375, 1.3173828125, 2.013671875, 2.32421875, 2.998046875, 1.69921875], [0.12890625, 1.115234375, 2.814453125, 0.2080078125, 2.798828125, 2.552734375, 0.69140625, 0.365234375, 0.373046875, 1.353515625, 1.283203125, 2.173828125, 1.6064453125, 2.091796875, 0.0185546875, 2.458984375, 2.283203125, 2.166015625, 0.208984375, 1.1640625, 2.90625, 0.30859375, 0.865234375, 1.0830078125, 2.443359375, 0.1953125, 1.5029296875, 1.224609375, 0.658203125, 0.25, 2.173828125, 1.205078125, 1.50390625, 0.0, 2.8984375, 2.8203125, 0.509765625, 2.455078125, 1.783203125, 3.080078125], [2.76953125, 1.783203125, 0.0830078125, 3.107421875, 0.099609375, 0.83251953125, 2.693359375, 3.01953125, 2.525390625, 1.54296875, 2.1015625, 0.72265625, 1.7783203125, 1.29296875, 2.916015625, 0.439453125, 0.615234375, 0.734375, 2.689453125, 2.220703125, 0.47900390625, 3.076171875, 2.51953125, 2.30078125, 0.455078125, 2.703125, 1.8818359375, 2.16015625, 2.240234375, 2.6484375, 1.2109375, 1.69140625, 1.880859375, 2.8984375, 0.0, 0.5634765625, 2.388671875, 0.443359375, 1.1171875, 0.181640625], [2.94921875, 2.345703125, 0.646484375, 2.61328125, 0.6630859375, 0.26904296875, 2.12890625, 2.45703125, 3.087890625, 2.10546875, 1.5390625, 1.2861328125, 1.21484375, 0.7294921875, 2.802734375, 1.0029296875, 1.1787109375, 1.2978515625, 3.03125, 1.6572265625, 0.08447265625, 2.51171875, 1.9560546875, 1.73828125, 1.0185546875, 3.015625, 1.318359375, 1.5966796875, 2.802734375, 3.0703125, 0.64794921875, 2.25390625, 1.3173828125, 2.8203125, 0.5634765625, 0.0, 2.951171875, 1.0068359375, 1.6806640625, 0.3818359375], [0.380859375, 0.60546875, 2.306640625, 0.7177734375, 2.2890625, 3.0625, 1.201171875, 0.875, 0.13671875, 0.845703125, 1.79296875, 1.666015625, 2.115234375, 2.6015625, 0.5283203125, 1.947265625, 1.775390625, 1.654296875, 0.30078125, 1.673828125, 2.8671875, 0.818359375, 1.375, 1.5927734375, 1.931640625, 0.314453125, 2.013671875, 1.734375, 0.1484375, 0.259765625, 2.68359375, 0.697265625, 2.013671875, 0.509765625, 2.388671875, 2.951171875, 0.0, 1.947265625, 1.271484375, 2.5703125], [2.326171875, 1.337890625, 0.3603515625, 2.662109375, 0.34375, 1.275390625, 3.13671875, 2.8203125, 2.080078125, 1.099609375, 2.544921875, 0.279296875, 2.22265625, 1.736328125, 2.474609375, 0.00390625, 0.171875, 0.291015625, 2.244140625, 2.6640625, 0.92236328125, 2.763671875, 2.962890625, 2.74609375, 0.01171875, 2.259765625, 2.32421875, 2.603515625, 1.798828125, 2.205078125, 1.654296875, 1.248046875, 2.32421875, 2.455078125, 0.443359375, 1.0068359375, 1.947265625, 0.0, 0.673828125, 0.625], [1.650390625, 0.666015625, 1.0341796875, 1.990234375, 1.017578125, 1.94921875, 2.47265625, 2.146484375, 1.408203125, 0.42578125, 3.064453125, 0.39453125, 2.896484375, 2.41015625, 1.798828125, 0.677734375, 0.501953125, 0.3828125, 1.572265625, 2.9453125, 1.595703125, 2.087890625, 2.646484375, 2.865234375, 0.662109375, 1.587890625, 2.998046875, 3.005859375, 1.123046875, 1.533203125, 2.328125, 0.57421875, 2.998046875, 1.783203125, 1.1171875, 1.6806640625, 1.271484375, 0.673828125, 0.0, 1.298828125], [2.951171875, 1.962890625, 0.2646484375, 2.99609375, 0.28125, 0.65087890625, 2.51171875, 2.837890625, 2.70703125, 1.724609375, 1.919921875, 0.904296875, 1.5966796875, 1.111328125, 3.099609375, 0.62109375, 0.796875, 0.916015625, 2.87109375, 2.0390625, 0.29736328125, 2.89453125, 2.337890625, 2.12109375, 0.63671875, 2.884765625, 1.7001953125, 1.978515625, 2.421875, 2.830078125, 1.029296875, 1.873046875, 1.69921875, 3.080078125, 0.181640625, 0.3818359375, 2.5703125, 0.625, 1.298828125, 0.0]], "coordinates": [[0, 0], [-51, -95], [-55, -5], [3, 78], [-15, -95], [2, 93], [86, 61], [19, -56], [0, -14], [-61, -67], [-100, 15], [85, -65], [-63, 92], [79, -27], [89, 14], [-22, -61], [-28, 85], [-42, 78], [-62, 88], [-11, -17], [73, -71], [50, 73], [-5, -89], [35, -64], [83, -95], [-17, 49], [-37, -59], [39, -18], [36, -31], [-77, -47], [-24, -34], [33, 8], [-42, 0], [63, -29], [-13, -34], [12, 98], [67, 82], [-80, -67], [-25, 75], [-34, 22], [30, 96]], "angles": [-2.064453125, -3.05078125, 1.5322265625, -1.7275390625, 1.548828125, 0.61669921875, -1.244140625, -1.5703125, -2.30859375, 2.9921875, -0.65283203125, 2.171875, -0.329345703125, 0.156005859375, -1.9169921875, 1.888671875, 2.064453125, 2.18359375, -2.14453125, -0.771484375, 0.97021484375, -1.626953125, -1.0703125, -0.8525390625, 1.904296875, -2.130859375, -0.432373046875, -0.7109375, -2.59375, -2.185546875, 0.23779296875, 3.140625, -0.431396484375, -1.935546875, 1.44921875, 0.8857421875, -2.4453125, 1.892578125, 2.56640625, 1.267578125], "demands": [11, 8, 7, 3, 8, 12, 3, 1, 1, 2, 1, 4, 9, 1, 1, 3, 9, 7, 5, 2, 7, 10, 5, 2, 12, 9, 8, 10, 5, 11, 4, 9, 2, 4, 2, 5, 1, 12, 3, 6], "capacity": 50, "Vmax": 20}