{"name": "LZB_n40_12", "n": 40, "m": 5, "times": [[0.0, 85.4375, 65.125, 49.25, 98.4375, 90.8125, 107.0625, 35.84375, 113.0625, 107.8125, 47.4375, 84.625, 95.0625, 21.375, 96.8125, 90.4375, 92.125, 79.8125, 100.3125, 97.0625, 88.8125, 88.0625, 87.0, 49.40625, 26.828125, 98.5, 100.4375, 87.8125, 98.0625, 51.25, 48.0, 14.0, 87.25, 74.25, 52.78125, 92.125, 88.0625, 50.6875, 71.875, 79.4375, 32.0625], [85.4375, 0.0, 24.078125, 52.0, 48.5625, 25.0, 136.75, 56.03125, 162.0, 155.875, 131.875, 123.1875, 164.25, 72.4375, 182.25, 128.125, 89.6875, 162.875, 77.125, 90.6875, 160.625, 79.9375, 107.4375, 134.25, 86.8125, 183.875, 155.125, 90.0625, 143.125, 87.0625, 52.78125, 74.0, 87.125, 154.25, 74.3125, 54.78125, 85.9375, 111.8125, 149.625, 65.375, 59.46875], [65.125, 24.078125, 0.0, 28.015625, 43.03125, 42.96875, 134.375, 32.6875, 138.625, 132.625, 112.4375, 100.1875, 151.25, 49.65625, 161.375, 123.0625, 71.5, 144.375, 63.625, 73.5625, 146.625, 62.21875, 105.9375, 112.625, 63.25, 163.0, 146.375, 92.375, 136.75, 63.1875, 45.0, 55.59375, 89.8125, 137.25, 68.0, 65.875, 67.375, 99.375, 133.375, 47.375, 44.9375], [49.25, 52.0, 28.015625, 0.0, 49.40625, 69.625, 140.25, 14.140625, 111.0625, 105.0, 95.4375, 73.0625, 143.125, 28.84375, 140.75, 126.3125, 53.25, 128.125, 54.15625, 56.875, 137.375, 45.875, 114.0, 91.25, 38.28125, 142.125, 144.0, 105.125, 137.75, 35.21875, 53.84375, 45.40625, 103.1875, 123.4375, 74.125, 87.6875, 48.75, 94.25, 121.0625, 33.375, 44.65625], [98.4375, 48.5625, 43.03125, 49.40625, 0.0, 73.5, 177.375, 62.625, 135.0, 129.125, 144.75, 96.6875, 190.625, 78.25, 189.0, 166.0, 51.25, 177.5, 32.3125, 50.0, 185.375, 42.0, 148.875, 139.625, 85.625, 190.375, 188.25, 134.375, 179.375, 71.875, 88.0, 92.6875, 131.75, 172.625, 111.0, 102.875, 49.0, 140.0, 170.0, 32.28125, 86.125], [90.8125, 25.0, 42.96875, 69.625, 73.5, 0.0, 119.5625, 69.1875, 180.75, 174.625, 133.75, 142.625, 156.875, 83.125, 185.625, 113.4375, 113.25, 162.5, 101.8125, 114.625, 154.25, 103.625, 90.5, 140.125, 99.0, 187.5, 143.25, 70.875, 129.375, 104.5625, 47.4375, 77.5, 67.75, 152.0, 64.0, 31.40625, 109.3125, 105.375, 146.375, 88.8125, 60.0], [107.0625, 136.75, 134.375, 140.25, 177.375, 119.5625, 0.0, 127.4375, 217.375, 212.625, 105.5, 191.625, 72.125, 123.4375, 143.875, 17.796875, 192.625, 110.375, 193.625, 196.75, 76.0625, 186.0, 29.28125, 126.5, 133.75, 145.75, 41.96875, 49.40625, 24.078125, 157.0, 89.5625, 100.1875, 52.5625, 95.0625, 66.9375, 91.5625, 188.125, 60.875, 87.0625, 173.375, 95.625], [35.84375, 56.03125, 32.6875, 14.140625, 62.625, 69.1875, 127.4375, 0.0, 113.3125, 107.3125, 82.8125, 77.0, 129.0, 17.203125, 129.875, 113.0, 65.1875, 115.4375, 68.0, 69.25, 123.375, 58.6875, 102.0, 80.625, 30.8125, 131.375, 130.0, 94.8125, 124.0625, 37.59375, 43.875, 31.25, 93.0625, 110.0625, 62.1875, 82.3125, 60.75, 80.125, 107.4375, 47.09375, 32.1875], [113.0625, 162.0, 138.625, 111.0625, 135.0, 180.75, 217.375, 113.3125, 0.0, 6.08203125, 119.875, 39.0625, 180.875, 104.6875, 124.1875, 199.75, 85.625, 139.5, 107.6875, 88.875, 172.75, 93.5625, 199.75, 98.4375, 89.375, 124.125, 199.75, 200.25, 203.625, 76.25, 153.875, 124.25, 199.375, 147.25, 165.125, 195.375, 86.6875, 156.875, 151.25, 103.25, 138.375], [107.8125, 155.875, 132.625, 105.0, 129.125, 174.625, 212.625, 107.3125, 6.08203125, 0.0, 116.3125, 33.0, 177.5, 99.0, 123.0, 195.125, 80.0625, 137.0, 102.1875, 83.5, 169.5, 87.875, 194.625, 95.0625, 83.75, 123.0, 195.875, 194.875, 199.25, 70.1875, 148.125, 118.8125, 193.875, 144.25, 159.625, 189.5, 81.0, 152.25, 148.0, 97.3125, 132.75], [47.4375, 131.875, 112.4375, 95.4375, 144.75, 133.75, 105.5, 82.8125, 119.875, 116.3125, 0.0, 105.375, 61.6875, 66.5625, 52.1875, 87.8125, 129.875, 32.75, 142.375, 135.125, 53.84375, 128.125, 97.5, 22.015625, 62.3125, 54.09375, 80.625, 108.375, 87.1875, 85.6875, 86.9375, 57.8125, 109.1875, 31.0625, 79.75, 127.5625, 126.375, 47.125, 32.5625, 122.375, 73.9375], [84.625, 123.1875, 100.1875, 73.0625, 96.6875, 142.625, 191.625, 77.0, 39.0625, 33.0, 105.375, 0.0, 166.75, 71.5, 126.125, 174.75, 49.65625, 132.0, 71.5625, 53.84375, 159.0, 56.3125, 171.0, 87.0625, 58.25, 126.625, 180.5, 168.5, 181.125, 39.4375, 119.625, 93.4375, 167.25, 135.875, 133.625, 159.25, 49.78125, 133.25, 137.875, 64.625, 105.125], [95.0625, 164.25, 151.25, 143.125, 190.625, 156.875, 72.125, 129.0, 180.875, 177.5, 61.6875, 166.75, 0.0, 116.375, 78.5625, 59.90625, 186.25, 46.75, 195.375, 191.375, 8.0625, 182.875, 82.875, 82.4375, 118.0, 80.25, 31.40625, 102.9375, 48.03125, 143.0, 111.75, 98.0625, 105.3125, 34.40625, 92.875, 138.375, 182.375, 52.46875, 29.546875, 174.375, 106.4375], [21.375, 72.4375, 49.65625, 28.84375, 78.25, 83.125, 123.4375, 17.203125, 104.6875, 99.0, 66.5625, 71.5, 116.375, 0.0, 112.6875, 107.6875, 71.5625, 99.3125, 78.9375, 76.3125, 110.1875, 67.0, 100.4375, 63.40625, 16.28125, 114.1875, 120.6875, 97.0, 116.9375, 33.84375, 49.1875, 23.265625, 95.75, 94.9375, 62.25, 91.75, 67.375, 70.5625, 93.0, 58.0625, 33.84375], [96.8125, 182.25, 161.375, 140.75, 189.0, 185.625, 143.875, 129.875, 124.1875, 123.0, 52.1875, 126.125, 78.5625, 112.6875, 0.0, 127.6875, 163.75, 33.53125, 180.375, 169.125, 71.5625, 164.625, 143.25, 49.5, 103.375, 2.0, 108.25, 157.25, 121.4375, 121.5, 139.125, 108.8125, 158.5, 48.75, 131.25, 179.5, 161.125, 94.0625, 56.75, 162.375, 125.6875], [90.4375, 128.125, 123.0625, 126.3125, 166.0, 113.4375, 17.796875, 113.0, 199.75, 195.125, 87.8125, 174.75, 59.90625, 107.6875, 127.6875, 0.0, 177.875, 94.375, 180.25, 182.125, 62.5, 171.75, 25.453125, 108.75, 117.25, 129.625, 33.59375, 47.4375, 16.40625, 141.0, 78.125, 84.5, 50.34375, 79.0625, 55.09375, 88.1875, 173.5, 43.125, 71.0, 159.625, 81.875], [92.125, 89.6875, 71.5, 53.25, 51.25, 113.25, 192.625, 65.1875, 85.625, 80.0625, 129.875, 49.65625, 186.25, 71.5625, 163.75, 177.875, 0.0, 161.125, 22.140625, 5.38671875, 179.5, 9.8515625, 167.0, 117.375, 68.375, 164.625, 192.25, 158.25, 188.125, 44.15625, 107.0625, 93.9375, 156.25, 160.625, 127.125, 137.125, 4.47265625, 142.125, 160.375, 24.40625, 97.3125], [79.8125, 162.875, 144.375, 128.125, 177.5, 162.5, 110.375, 115.4375, 139.5, 137.0, 32.75, 132.0, 46.75, 99.3125, 33.53125, 94.375, 161.125, 0.0, 174.5, 166.5, 39.21875, 160.0, 111.0, 45.09375, 94.5625, 35.4375, 75.1875, 126.4375, 87.9375, 117.0625, 115.125, 89.125, 127.875, 15.296875, 103.625, 152.5, 157.875, 63.5625, 23.34375, 154.875, 103.875], [100.3125, 77.125, 63.625, 54.15625, 32.3125, 101.8125, 193.625, 68.0, 107.6875, 102.1875, 142.375, 71.5625, 195.375, 78.9375, 180.375, 180.25, 22.140625, 174.5, 0.0, 19.109375, 189.125, 16.28125, 166.5, 132.375, 80.0625, 181.375, 198.0, 155.125, 191.875, 58.84375, 105.0, 99.0, 152.75, 172.375, 126.875, 128.75, 21.953125, 148.0, 171.25, 21.03125, 98.3125], [97.0625, 90.6875, 73.5625, 56.875, 50.0, 114.625, 196.75, 69.25, 88.875, 83.5, 135.125, 53.84375, 191.375, 76.3125, 169.125, 182.125, 5.38671875, 166.5, 19.109375, 0.0, 184.625, 11.3984375, 170.875, 122.75, 73.5625, 170.0, 197.0, 161.625, 192.625, 49.46875, 110.5, 98.5, 159.5, 165.875, 130.875, 139.375, 9.0, 146.875, 165.625, 26.171875, 101.25], [88.8125, 160.625, 146.625, 137.375, 185.375, 154.25, 76.0625, 123.375, 172.75, 169.5, 53.84375, 159.0, 8.0625, 110.1875, 71.5625, 62.5, 179.5, 39.21875, 189.125, 184.625, 0.0, 176.375, 84.125, 74.4375, 111.1875, 73.375, 37.0, 103.375, 52.25, 136.0, 108.4375, 92.6875, 105.5625, 26.40625, 90.5, 137.25, 175.625, 49.03125, 21.546875, 168.25, 102.0625], [88.0625, 79.9375, 62.21875, 45.875, 42.0, 103.625, 186.0, 58.6875, 93.5625, 87.875, 128.125, 56.3125, 182.875, 67.0, 164.625, 171.75, 9.8515625, 160.0, 16.28125, 11.3984375, 176.375, 0.0, 159.875, 117.1875, 66.0, 165.625, 187.5, 150.375, 182.5, 43.375, 99.3125, 88.5625, 148.25, 158.625, 120.0, 128.0, 7.0, 137.25, 157.875, 14.8671875, 90.4375], [87.0, 107.4375, 105.9375, 114.0, 148.875, 90.5, 29.28125, 102.0, 199.75, 194.625, 97.5, 171.0, 82.875, 100.4375, 143.25, 25.453125, 167.0, 111.0, 166.5, 170.875, 84.125, 159.875, 0.0, 116.25, 112.6875, 145.25, 58.90625, 22.015625, 41.78125, 134.25, 61.625, 77.625, 25.0, 96.125, 39.9375, 63.53125, 162.5, 50.4375, 88.1875, 146.75, 69.75], [49.40625, 134.25, 112.625, 91.25, 139.625, 140.125, 126.5, 80.625, 98.4375, 95.0625, 22.015625, 87.0625, 82.4375, 63.40625, 49.5, 108.75, 117.375, 45.09375, 132.375, 122.75, 74.4375, 117.1875, 116.25, 0.0, 54.03125, 50.9375, 102.625, 124.75, 109.0, 73.8125, 95.5, 62.65625, 125.125, 49.46875, 93.1875, 138.625, 114.375, 66.625, 52.9375, 113.75, 80.5], [26.828125, 86.8125, 63.25, 38.28125, 85.625, 99.0, 133.75, 30.8125, 89.375, 83.75, 62.3125, 58.25, 118.0, 16.28125, 103.375, 117.25, 68.375, 94.5625, 80.0625, 73.5625, 111.1875, 66.0, 112.6875, 54.03125, 0.0, 104.75, 126.375, 111.1875, 124.8125, 25.171875, 65.0, 35.375, 110.1875, 92.625, 76.0625, 107.9375, 64.625, 77.1875, 92.0625, 60.375, 49.1875], [98.5, 183.875, 163.0, 142.125, 190.375, 187.5, 145.75, 131.375, 124.125, 123.0, 54.09375, 126.625, 80.25, 114.1875, 2.0, 129.625, 164.625, 35.4375, 181.375, 170.0, 73.375, 165.625, 145.25, 50.9375, 104.75, 0.0, 110.0625, 159.25, 123.3125, 122.5625, 141.0, 110.5625, 160.5, 50.6875, 133.25, 181.5, 162.125, 96.0625, 58.6875, 163.625, 127.5], [100.4375, 155.125, 146.375, 144.0, 188.25, 143.25, 41.96875, 130.0, 199.75, 195.875, 80.625, 180.5, 31.40625, 120.6875, 108.25, 33.59375, 192.25, 75.1875, 198.0, 197.0, 37.0, 187.5, 58.90625, 102.625, 126.375, 110.0625, 0.0, 80.6875, 18.390625, 151.375, 102.8125, 99.0625, 83.4375, 60.75, 80.75, 120.25, 188.125, 50.15625, 53.59375, 177.0, 102.125], [87.8125, 90.0625, 92.375, 105.125, 134.375, 70.875, 49.40625, 94.8125, 200.25, 194.875, 108.375, 168.5, 102.9375, 97.0, 157.25, 47.4375, 158.25, 126.4375, 155.125, 161.625, 103.375, 150.375, 22.015625, 124.75, 111.1875, 159.25, 80.6875, 0.0, 63.78125, 130.125, 51.3125, 76.0, 3.162109375, 112.1875, 35.21875, 42.15625, 153.875, 63.1875, 104.5625, 136.375, 63.65625], [98.0625, 143.125, 136.75, 137.75, 179.375, 129.375, 24.078125, 124.0625, 203.625, 199.25, 87.1875, 181.125, 48.03125, 116.9375, 121.4375, 16.40625, 188.125, 87.9375, 191.875, 192.625, 52.25, 182.5, 41.78125, 109.0, 124.8125, 123.3125, 18.390625, 63.78125, 0.0, 149.25, 92.0625, 94.125, 66.6875, 72.8125, 69.25, 104.5625, 183.75, 47.84375, 65.0, 171.0, 94.0], [51.25, 87.0625, 63.1875, 35.21875, 71.875, 104.5625, 157.0, 37.59375, 76.25, 70.1875, 85.6875, 39.4375, 143.0, 33.84375, 121.5, 141.0, 44.15625, 117.0625, 58.84375, 49.46875, 136.0, 43.375, 134.25, 73.8125, 25.171875, 122.5625, 151.375, 130.125, 149.25, 0.0, 80.4375, 56.9375, 128.75, 116.5625, 95.75, 119.875, 40.8125, 101.9375, 116.5, 41.71875, 66.4375], [48.0, 52.78125, 45.0, 53.84375, 88.0, 47.4375, 89.5625, 43.875, 153.875, 148.125, 86.9375, 119.625, 111.75, 49.1875, 139.125, 78.125, 107.0625, 115.125, 105.0, 110.5, 108.4375, 99.3125, 61.625, 95.5, 65.0, 141.0, 102.8125, 51.3125, 92.0625, 80.4375, 0.0, 34.0, 49.40625, 104.625, 23.015625, 44.1875, 102.5625, 59.40625, 99.1875, 85.625, 16.28125], [14.0, 74.0, 55.59375, 45.40625, 92.6875, 77.5, 100.1875, 31.25, 124.25, 118.8125, 57.8125, 93.4375, 98.0625, 23.265625, 108.8125, 84.5, 93.9375, 89.125, 99.0, 98.5, 92.6875, 88.5625, 77.625, 62.65625, 35.375, 110.5625, 99.0625, 76.0, 94.125, 56.9375, 34.0, 0.0, 75.1875, 81.625, 40.8125, 78.1875, 89.625, 49.0, 78.0625, 78.0, 18.109375], [87.25, 87.125, 89.8125, 103.1875, 131.75, 67.75, 52.5625, 93.0625, 199.375, 193.875, 109.1875, 167.25, 105.3125, 95.75, 158.5, 50.34375, 156.25, 127.875, 152.75, 159.5, 105.5625, 148.25, 25.0, 125.125, 110.1875, 160.5, 83.4375, 3.162109375, 66.6875, 128.75, 49.40625, 75.1875, 0.0, 113.75, 34.46875, 39.0, 151.75, 64.5, 106.25, 134.125, 62.25], [74.25, 154.25, 137.25, 123.4375, 172.625, 152.0, 95.0625, 110.0625, 147.25, 144.25, 31.0625, 135.875, 34.40625, 94.9375, 48.75, 79.0625, 160.625, 15.296875, 172.375, 165.875, 26.40625, 158.625, 96.125, 49.46875, 92.625, 50.6875, 60.75, 112.1875, 72.8125, 116.5625, 104.625, 81.625, 113.75, 0.0, 91.25, 140.0, 157.125, 49.96875, 8.0625, 152.125, 94.75], [52.78125, 74.3125, 68.0, 74.125, 111.0, 64.0, 66.9375, 62.1875, 165.125, 159.625, 79.75, 133.625, 92.875, 62.25, 131.25, 55.09375, 127.125, 103.625, 126.875, 130.875, 90.5, 120.0, 39.9375, 93.1875, 76.0625, 133.25, 80.75, 35.21875, 69.25, 95.75, 23.015625, 40.8125, 34.46875, 91.25, 0.0, 48.84375, 122.625, 42.1875, 84.75, 106.875, 30.015625], [92.125, 54.78125, 65.875, 87.6875, 102.875, 31.40625, 91.5625, 82.3125, 195.375, 189.5, 127.5625, 159.25, 138.375, 91.75, 179.5, 88.1875, 137.125, 152.5, 128.75, 139.375, 137.25, 128.0, 63.53125, 138.625, 107.9375, 181.5, 120.25, 42.15625, 104.5625, 119.875, 44.1875, 78.1875, 39.0, 140.0, 48.84375, 0.0, 133.0, 90.4375, 133.25, 113.1875, 60.40625], [88.0625, 85.9375, 67.375, 48.75, 49.0, 109.3125, 188.125, 60.75, 86.6875, 81.0, 126.375, 49.78125, 182.375, 67.375, 161.125, 173.5, 4.47265625, 157.875, 21.953125, 9.0, 175.625, 7.0, 162.5, 114.375, 64.625, 162.125, 188.125, 153.875, 183.75, 40.8125, 102.5625, 89.625, 151.75, 157.125, 122.625, 133.0, 0.0, 137.875, 156.75, 20.59375, 92.875], [50.6875, 111.8125, 99.375, 94.25, 140.0, 105.375, 60.875, 80.125, 156.875, 152.25, 47.125, 133.25, 52.46875, 70.5625, 94.0625, 43.125, 142.125, 63.5625, 148.0, 146.875, 49.03125, 137.25, 50.4375, 66.625, 77.1875, 96.0625, 50.15625, 63.1875, 47.84375, 101.9375, 59.40625, 49.0, 64.5, 49.96875, 42.1875, 90.4375, 137.875, 0.0, 42.96875, 127.0, 54.4375], [71.875, 149.625, 133.375, 121.0625, 170.0, 146.375, 87.0625, 107.4375, 151.25, 148.0, 32.5625, 137.875, 29.546875, 93.0, 56.75, 71.0, 160.375, 23.34375, 171.25, 165.625, 21.546875, 157.875, 88.1875, 52.9375, 92.0625, 58.6875, 53.59375, 104.5625, 65.0, 116.5, 99.1875, 78.0625, 106.25, 8.0625, 84.75, 133.25, 156.75, 42.96875, 0.0, 150.625, 90.125], [79.4375, 65.375, 47.375, 33.375, 32.28125, 88.8125, 173.375, 47.09375, 103.25, 97.3125, 122.375, 64.625, 174.375, 58.0625, 162.375, 159.625, 24.40625, 154.875, 21.03125, 26.171875, 168.25, 14.8671875, 146.75, 113.75, 60.375, 163.625, 177.0, 136.375, 171.0, 41.71875, 85.625, 78.0, 134.125, 152.125, 106.875, 113.1875, 20.59375, 127.0, 150.625, 0.0, 77.875], [32.0625, 59.46875, 44.9375, 44.65625, 86.125, 60.0, 95.625, 32.1875, 138.375, 132.75, 73.9375, 105.125, 106.4375, 33.84375, 125.6875, 81.875, 97.3125, 103.875, 98.3125, 101.25, 102.0625, 90.4375, 69.75, 80.5, 49.1875, 127.5, 102.125, 63.65625, 94.0, 66.4375, 16.28125, 18.109375, 62.25, 94.75, 30.015625, 60.40625, 92.875, 54.4375, 90.125, 77.875, 0.0]], "angleGap": [[0.0, 0.17333984375, 0.583984375, 0.515625, 0.2783203125, 1.56640625, 0.47607421875, 1.89453125, 1.8662109375, 2.880859375, 1.619140625, 2.287109375, 0.8134765625, 3.130859375, 1.630859375, 1.056640625, 2.80078125, 0.841796875, 1.033203125, 2.34375, 0.95654296875, 1.345703125, 2.9453125, 1.4658203125, 3.140625, 1.96875, 1.09375, 1.78515625, 1.298828125, 0.58984375, 0.568359375, 1.05859375, 2.615234375, 1.041015625, 0.623046875, 1.0361328125, 1.880859375, 2.509765625, 0.81201171875, 0.5068359375], [0.17333984375, 0.0, 0.410400390625, 0.34228515625, 0.45166015625, 1.740234375, 0.302734375, 1.720703125, 1.693359375, 3.0546875, 1.4462890625, 2.4609375, 0.640625, 2.978515625, 1.8046875, 0.8828125, 2.974609375, 0.66845703125, 0.859375, 2.517578125, 0.783203125, 1.51953125, 2.771484375, 1.2919921875, 2.966796875, 2.142578125, 1.267578125, 1.958984375, 1.1259765625, 0.76318359375, 0.74169921875, 1.232421875, 2.7890625, 1.21484375, 0.79638671875, 0.86279296875, 2.0546875, 2.68359375, 0.638671875, 0.68017578125], [0.583984375, 0.410400390625, 0.0, 0.068115234375, 0.8623046875, 2.150390625, 0.107666015625, 1.310546875, 1.2822265625, 2.818359375, 1.0361328125, 2.87109375, 0.22998046875, 2.568359375, 2.21484375, 0.472412109375, 2.8984375, 0.2578125, 0.44921875, 2.927734375, 0.372802734375, 1.9296875, 2.361328125, 0.8818359375, 2.556640625, 2.552734375, 1.677734375, 2.369140625, 0.71533203125, 1.173828125, 1.15234375, 1.642578125, 3.083984375, 1.625, 1.20703125, 0.452392578125, 2.46484375, 3.09375, 0.228271484375, 1.0908203125], [0.515625, 0.34228515625, 0.068115234375, 0.0, 0.7939453125, 2.08203125, 0.03955078125, 1.37890625, 1.3505859375, 2.88671875, 1.103515625, 2.802734375, 0.298095703125, 2.63671875, 2.146484375, 0.54052734375, 2.966796875, 0.326171875, 0.51708984375, 2.859375, 0.44091796875, 1.861328125, 2.4296875, 0.9501953125, 2.625, 2.484375, 1.609375, 2.30078125, 0.783203125, 1.10546875, 1.083984375, 1.57421875, 3.130859375, 1.556640625, 1.138671875, 0.5205078125, 2.396484375, 3.025390625, 0.29638671875, 1.0224609375], [0.2783203125, 0.45166015625, 0.8623046875, 0.7939453125, 0.0, 1.2880859375, 0.75439453125, 2.171875, 2.14453125, 2.603515625, 1.8984375, 2.009765625, 1.091796875, 2.853515625, 1.3525390625, 1.3349609375, 2.521484375, 1.1201171875, 1.3115234375, 2.064453125, 1.234375, 1.0673828125, 3.060546875, 1.744140625, 2.865234375, 1.6904296875, 0.8154296875, 1.5068359375, 1.5771484375, 0.3115234375, 0.2900390625, 0.7802734375, 2.337890625, 0.7626953125, 0.3447265625, 1.314453125, 1.6025390625, 2.232421875, 1.08984375, 0.228515625], [1.56640625, 1.740234375, 2.150390625, 2.08203125, 1.2880859375, 0.0, 2.04296875, 2.822265625, 2.849609375, 1.314453125, 3.09765625, 0.720703125, 2.380859375, 1.564453125, 0.064453125, 2.623046875, 1.236328125, 2.408203125, 2.599609375, 0.775390625, 2.5234375, 0.220703125, 1.771484375, 3.03125, 1.576171875, 0.40234375, 0.47265625, 0.21875, 2.865234375, 0.9765625, 0.998046875, 0.5078125, 1.048828125, 0.525390625, 0.943359375, 2.6015625, 0.314453125, 0.943359375, 2.37890625, 1.0595703125], [0.47607421875, 0.302734375, 0.107666015625, 0.03955078125, 0.75439453125, 2.04296875, 0.0, 1.41796875, 1.390625, 2.92578125, 1.1435546875, 2.763671875, 0.337646484375, 2.67578125, 2.107421875, 0.580078125, 3.005859375, 0.36572265625, 0.556640625, 2.8203125, 0.48046875, 1.822265625, 2.46875, 0.9892578125, 2.6640625, 2.4453125, 1.5703125, 2.26171875, 0.8232421875, 1.06640625, 1.044921875, 1.53515625, 3.091796875, 1.517578125, 1.099609375, 0.56005859375, 2.357421875, 2.986328125, 0.3359375, 0.98291015625], [1.89453125, 1.720703125, 1.310546875, 1.37890625, 2.171875, 2.822265625, 1.41796875, 0.0, 0.02783203125, 1.5078125, 0.2744140625, 2.1015625, 1.080078125, 1.2578125, 2.7578125, 0.837890625, 1.587890625, 1.052734375, 0.861328125, 2.044921875, 0.9375, 3.04296875, 1.05078125, 0.428466796875, 1.24609375, 2.419921875, 2.98828125, 2.603515625, 0.5947265625, 2.484375, 2.462890625, 2.953125, 1.7734375, 2.935546875, 2.517578125, 0.85791015625, 2.5078125, 1.87890625, 1.08203125, 2.400390625], [1.8662109375, 1.693359375, 1.2822265625, 1.3505859375, 2.14453125, 2.849609375, 1.390625, 0.02783203125, 0.0, 1.5361328125, 0.24658203125, 2.12890625, 1.052734375, 1.2861328125, 2.787109375, 0.81005859375, 1.6162109375, 1.0244140625, 0.83349609375, 2.07421875, 0.90966796875, 3.072265625, 1.0791015625, 0.400634765625, 1.2744140625, 2.447265625, 2.9609375, 2.630859375, 0.5673828125, 2.45703125, 2.43359375, 2.92578125, 1.8017578125, 2.90625, 2.48828125, 0.830078125, 2.537109375, 1.9072265625, 1.0546875, 2.373046875], [2.880859375, 3.0546875, 2.818359375, 2.88671875, 2.603515625, 1.314453125, 2.92578125, 1.5078125, 1.5361328125, 0.0, 1.783203125, 0.59375, 2.587890625, 0.25, 1.251953125, 2.345703125, 0.080078125, 2.560546875, 2.369140625, 0.537109375, 2.4453125, 1.533203125, 0.45703125, 1.9365234375, 0.26171875, 0.912109375, 1.787109375, 1.095703125, 2.103515625, 2.291015625, 2.3125, 1.822265625, 0.265625, 1.837890625, 2.259765625, 2.3671875, 1.001953125, 0.37109375, 2.58984375, 2.373046875], [1.619140625, 1.4462890625, 1.0361328125, 1.103515625, 1.8984375, 3.09765625, 1.1435546875, 0.2744140625, 0.24658203125, 1.783203125, 0.0, 2.376953125, 0.8056640625, 1.533203125, 3.033203125, 0.5634765625, 1.86328125, 0.77783203125, 0.5869140625, 2.3203125, 0.6630859375, 2.96484375, 1.326171875, 0.154052734375, 1.521484375, 2.6953125, 2.712890625, 2.87890625, 0.320556640625, 2.208984375, 2.1875, 2.677734375, 2.048828125, 2.66015625, 2.2421875, 0.58349609375, 2.783203125, 2.154296875, 0.8076171875, 2.126953125], [2.287109375, 2.4609375, 2.87109375, 2.802734375, 2.009765625, 0.720703125, 2.763671875, 2.1015625, 2.12890625, 0.59375, 2.376953125, 0.0, 3.1015625, 0.84375, 0.658203125, 2.939453125, 0.513671875, 3.12890625, 2.962890625, 0.056640625, 3.0390625, 0.939453125, 1.05078125, 2.53125, 0.85546875, 0.318359375, 1.193359375, 0.501953125, 2.697265625, 1.697265625, 1.720703125, 1.228515625, 0.328125, 1.244140625, 1.666015625, 2.9609375, 0.408203125, 0.22265625, 3.099609375, 1.779296875], [0.8134765625, 0.640625, 0.22998046875, 0.298095703125, 1.091796875, 2.380859375, 0.337646484375, 1.080078125, 1.052734375, 2.587890625, 0.8056640625, 3.1015625, 0.0, 2.337890625, 2.4453125, 0.2425537109375, 2.66796875, 0.0279541015625, 0.2191162109375, 3.125, 0.142822265625, 2.16015625, 2.130859375, 0.65185546875, 2.326171875, 2.783203125, 1.9072265625, 2.599609375, 0.4853515625, 1.4033203125, 1.3818359375, 1.8720703125, 2.853515625, 1.8544921875, 1.4365234375, 0.2222900390625, 2.6953125, 2.958984375, 0.001708984375, 1.3203125], [3.130859375, 2.978515625, 2.568359375, 2.63671875, 2.853515625, 1.564453125, 2.67578125, 1.2578125, 1.2861328125, 0.25, 1.533203125, 0.84375, 2.337890625, 0.0, 1.501953125, 2.095703125, 0.330078125, 2.310546875, 2.119140625, 0.787109375, 2.1953125, 1.783203125, 0.20703125, 1.6865234375, 0.01171875, 1.162109375, 2.037109375, 1.345703125, 1.853515625, 2.541015625, 2.5625, 2.072265625, 0.515625, 2.087890625, 2.5078125, 2.1171875, 1.251953125, 0.62109375, 2.33984375, 2.623046875], [1.630859375, 1.8046875, 2.21484375, 2.146484375, 1.3525390625, 0.064453125, 2.107421875, 2.7578125, 2.787109375, 1.251953125, 3.033203125, 0.658203125, 2.4453125, 1.501953125, 0.0, 2.6875, 1.169921875, 2.47265625, 2.6640625, 0.712890625, 2.587890625, 0.28515625, 1.705078125, 3.095703125, 1.509765625, 0.337890625, 0.537109375, 0.154296875, 2.9296875, 1.041015625, 1.0625, 0.572265625, 0.986328125, 0.58984375, 1.0078125, 2.666015625, 0.25, 0.876953125, 2.443359375, 1.1240234375], [1.056640625, 0.8828125, 0.472412109375, 0.54052734375, 1.3349609375, 2.623046875, 0.580078125, 0.837890625, 0.81005859375, 2.345703125, 0.5634765625, 2.939453125, 0.2425537109375, 2.095703125, 2.6875, 0.0, 2.42578125, 0.214599609375, 0.02337646484375, 2.8828125, 0.0997314453125, 2.40234375, 1.888671875, 0.409423828125, 2.083984375, 3.025390625, 2.150390625, 2.841796875, 0.2427978515625, 1.646484375, 1.625, 2.115234375, 2.611328125, 2.09765625, 1.6796875, 0.02020263671875, 2.9375, 2.716796875, 0.2442626953125, 1.5634765625], [2.80078125, 2.974609375, 2.8984375, 2.966796875, 2.521484375, 1.236328125, 3.005859375, 1.587890625, 1.6162109375, 0.080078125, 1.86328125, 0.513671875, 2.66796875, 0.330078125, 1.169921875, 2.42578125, 0.0, 2.640625, 2.44921875, 0.45703125, 2.525390625, 1.455078125, 0.537109375, 2.017578125, 0.341796875, 0.830078125, 1.705078125, 1.017578125, 2.18359375, 2.212890625, 2.232421875, 1.744140625, 0.185546875, 1.759765625, 2.177734375, 2.447265625, 0.919921875, 0.291015625, 2.669921875, 2.294921875], [0.841796875, 0.66845703125, 0.2578125, 0.326171875, 1.1201171875, 2.408203125, 0.36572265625, 1.052734375, 1.0244140625, 2.560546875, 0.77783203125, 3.12890625, 0.0279541015625, 2.310546875, 2.47265625, 0.214599609375, 2.640625, 0.0, 0.191162109375, 3.09765625, 0.1148681640625, 2.1875, 2.103515625, 0.6240234375, 2.298828125, 2.810546875, 1.935546875, 2.626953125, 0.45751953125, 1.431640625, 1.41015625, 1.900390625, 2.826171875, 1.8828125, 1.46484375, 0.1943359375, 2.72265625, 2.931640625, 0.0296630859375, 1.3486328125], [1.033203125, 0.859375, 0.44921875, 0.51708984375, 1.3115234375, 2.599609375, 0.556640625, 0.861328125, 0.83349609375, 2.369140625, 0.5869140625, 2.962890625, 0.2191162109375, 2.119140625, 2.6640625, 0.02337646484375, 2.44921875, 0.191162109375, 0.0, 2.90625, 0.0762939453125, 2.37890625, 1.912109375, 0.4326171875, 2.107421875, 3.001953125, 2.126953125, 2.818359375, 0.26611328125, 1.623046875, 1.6015625, 2.091796875, 2.634765625, 2.07421875, 1.65625, 0.003173828125, 2.9140625, 2.740234375, 0.2208251953125, 1.5400390625], [2.34375, 2.517578125, 2.927734375, 2.859375, 2.064453125, 0.775390625, 2.8203125, 2.044921875, 2.07421875, 0.537109375, 2.3203125, 0.056640625, 3.125, 0.787109375, 0.712890625, 2.8828125, 0.45703125, 3.09765625, 2.90625, 0.0, 2.982421875, 0.998046875, 0.994140625, 2.474609375, 0.798828125, 0.376953125, 1.251953125, 0.556640625, 2.640625, 1.751953125, 1.775390625, 1.283203125, 0.271484375, 1.302734375, 1.720703125, 2.904296875, 0.462890625, 0.166015625, 3.126953125, 1.837890625], [0.95654296875, 0.783203125, 0.372802734375, 0.44091796875, 1.234375, 2.5234375, 0.48046875, 0.9375, 0.90966796875, 2.4453125, 0.6630859375, 3.0390625, 0.142822265625, 2.1953125, 2.587890625, 0.0997314453125, 2.525390625, 0.1148681640625, 0.0762939453125, 2.982421875, 0.0, 2.302734375, 1.98828125, 0.5087890625, 2.18359375, 2.92578125, 2.05078125, 2.7421875, 0.342529296875, 1.546875, 1.525390625, 2.015625, 2.7109375, 1.998046875, 1.580078125, 0.0794677734375, 2.837890625, 2.81640625, 0.14453125, 1.462890625], [1.345703125, 1.51953125, 1.9296875, 1.861328125, 1.0673828125, 0.220703125, 1.822265625, 3.04296875, 3.072265625, 1.533203125, 2.96484375, 0.939453125, 2.16015625, 1.783203125, 0.28515625, 2.40234375, 1.455078125, 2.1875, 2.37890625, 0.998046875, 2.302734375, 0.0, 1.994140625, 2.810546875, 1.798828125, 0.623046875, 0.251953125, 0.439453125, 2.64453125, 0.755859375, 0.77734375, 0.287109375, 1.267578125, 0.3046875, 0.72265625, 2.380859375, 0.53515625, 1.166015625, 2.158203125, 0.8388671875], [2.9453125, 2.771484375, 2.361328125, 2.4296875, 3.060546875, 1.771484375, 2.46875, 1.05078125, 1.0791015625, 0.45703125, 1.326171875, 1.05078125, 2.130859375, 0.20703125, 1.705078125, 1.888671875, 0.537109375, 2.103515625, 1.912109375, 0.994140625, 1.98828125, 1.994140625, 0.0, 1.4794921875, 0.1953125, 1.369140625, 2.244140625, 1.552734375, 1.646484375, 2.748046875, 2.76953125, 2.279296875, 0.72265625, 2.296875, 2.71484375, 1.9091796875, 1.455078125, 0.828125, 2.1328125, 2.830078125], [1.4658203125, 1.2919921875, 0.8818359375, 0.9501953125, 1.744140625, 3.03125, 0.9892578125, 0.428466796875, 0.400634765625, 1.9365234375, 0.154052734375, 2.53125, 0.65185546875, 1.6865234375, 3.095703125, 0.409423828125, 2.017578125, 0.6240234375, 0.4326171875, 2.474609375, 0.5087890625, 2.810546875, 1.4794921875, 0.0, 1.6748046875, 2.849609375, 2.55859375, 3.033203125, 0.16650390625, 2.0546875, 2.033203125, 2.5234375, 2.203125, 2.505859375, 2.087890625, 0.429443359375, 2.9375, 2.30859375, 0.6533203125, 1.97265625], [3.140625, 2.966796875, 2.556640625, 2.625, 2.865234375, 1.576171875, 2.6640625, 1.24609375, 1.2744140625, 0.26171875, 1.521484375, 0.85546875, 2.326171875, 0.01171875, 1.509765625, 2.083984375, 0.341796875, 2.298828125, 2.107421875, 0.798828125, 2.18359375, 1.798828125, 0.1953125, 1.6748046875, 0.0, 1.173828125, 2.048828125, 1.357421875, 1.841796875, 2.552734375, 2.57421875, 2.083984375, 0.52734375, 2.103515625, 2.51953125, 2.10546875, 1.259765625, 0.6328125, 2.328125, 2.634765625], [1.96875, 2.142578125, 2.552734375, 2.484375, 1.6904296875, 0.40234375, 2.4453125, 2.419921875, 2.447265625, 0.912109375, 2.6953125, 0.318359375, 2.783203125, 1.162109375, 0.337890625, 3.025390625, 0.830078125, 2.810546875, 3.001953125, 0.376953125, 2.92578125, 0.623046875, 1.369140625, 2.849609375, 1.173828125, 0.0, 0.875, 0.18359375, 3.015625, 1.37890625, 1.400390625, 0.91015625, 0.646484375, 0.927734375, 1.345703125, 3.00390625, 0.087890625, 0.541015625, 2.78125, 1.4619140625], [1.09375, 1.267578125, 1.677734375, 1.609375, 0.8154296875, 0.47265625, 1.5703125, 2.98828125, 2.9609375, 1.787109375, 2.712890625, 1.193359375, 1.9072265625, 2.037109375, 0.537109375, 2.150390625, 1.705078125, 1.935546875, 2.126953125, 1.251953125, 2.05078125, 0.251953125, 2.244140625, 2.55859375, 2.048828125, 0.875, 0.0, 0.69140625, 2.392578125, 0.50390625, 0.525390625, 0.03515625, 1.521484375, 0.052734375, 0.470703125, 2.12890625, 0.787109375, 1.416015625, 1.90625, 0.5869140625], [1.78515625, 1.958984375, 2.369140625, 2.30078125, 1.5068359375, 0.21875, 2.26171875, 2.603515625, 2.630859375, 1.095703125, 2.87890625, 0.501953125, 2.599609375, 1.345703125, 0.154296875, 2.841796875, 1.017578125, 2.626953125, 2.818359375, 0.556640625, 2.7421875, 0.439453125, 1.552734375, 3.033203125, 1.357421875, 0.18359375, 0.69140625, 0.0, 3.083984375, 1.1953125, 1.216796875, 0.7265625, 0.830078125, 0.744140625, 1.162109375, 2.8203125, 0.095703125, 0.724609375, 2.59765625, 1.2783203125], [1.298828125, 1.1259765625, 0.71533203125, 0.783203125, 1.5771484375, 2.865234375, 0.8232421875, 0.5947265625, 0.5673828125, 2.103515625, 0.320556640625, 2.697265625, 0.4853515625, 1.853515625, 2.9296875, 0.2427978515625, 2.18359375, 0.45751953125, 0.26611328125, 2.640625, 0.342529296875, 2.64453125, 1.646484375, 0.16650390625, 1.841796875, 3.015625, 2.392578125, 3.083984375, 0.0, 1.888671875, 1.8671875, 2.357421875, 2.369140625, 2.33984375, 1.921875, 0.262939453125, 3.103515625, 2.474609375, 0.487060546875, 1.8056640625], [0.58984375, 0.76318359375, 1.173828125, 1.10546875, 0.3115234375, 0.9765625, 1.06640625, 2.484375, 2.45703125, 2.291015625, 2.208984375, 1.697265625, 1.4033203125, 2.541015625, 1.041015625, 1.646484375, 2.212890625, 1.431640625, 1.623046875, 1.751953125, 1.546875, 0.755859375, 2.748046875, 2.0546875, 2.552734375, 1.37890625, 0.50390625, 1.1953125, 1.888671875, 0.0, 0.021484375, 0.46875, 2.025390625, 0.451171875, 0.033203125, 1.6259765625, 1.291015625, 1.919921875, 1.40234375, 0.0830078125], [0.568359375, 0.74169921875, 1.15234375, 1.083984375, 0.2900390625, 0.998046875, 1.044921875, 2.462890625, 2.43359375, 2.3125, 2.1875, 1.720703125, 1.3818359375, 2.5625, 1.0625, 1.625, 2.232421875, 1.41015625, 1.6015625, 1.775390625, 1.525390625, 0.77734375, 2.76953125, 2.033203125, 2.57421875, 1.400390625, 0.525390625, 1.216796875, 1.8671875, 0.021484375, 0.0, 0.490234375, 2.048828125, 0.47265625, 0.0546875, 1.6044921875, 1.3125, 1.939453125, 1.380859375, 0.0615234375], [1.05859375, 1.232421875, 1.642578125, 1.57421875, 0.7802734375, 0.5078125, 1.53515625, 2.953125, 2.92578125, 1.822265625, 2.677734375, 1.228515625, 1.8720703125, 2.072265625, 0.572265625, 2.115234375, 1.744140625, 1.900390625, 2.091796875, 1.283203125, 2.015625, 0.287109375, 2.279296875, 2.5234375, 2.083984375, 0.91015625, 0.03515625, 0.7265625, 2.357421875, 0.46875, 0.490234375, 0.0, 1.556640625, 0.017578125, 0.435546875, 2.09375, 0.822265625, 1.451171875, 1.87109375, 0.5517578125], [2.615234375, 2.7890625, 3.083984375, 3.130859375, 2.337890625, 1.048828125, 3.091796875, 1.7734375, 1.8017578125, 0.265625, 2.048828125, 0.328125, 2.853515625, 0.515625, 0.986328125, 2.611328125, 0.185546875, 2.826171875, 2.634765625, 0.271484375, 2.7109375, 1.267578125, 0.72265625, 2.203125, 0.52734375, 0.646484375, 1.521484375, 0.830078125, 2.369140625, 2.025390625, 2.048828125, 1.556640625, 0.0, 1.572265625, 1.994140625, 2.6328125, 0.736328125, 0.10546875, 2.85546875, 2.107421875], [1.041015625, 1.21484375, 1.625, 1.556640625, 0.7626953125, 0.525390625, 1.517578125, 2.935546875, 2.90625, 1.837890625, 2.66015625, 1.244140625, 1.8544921875, 2.087890625, 0.58984375, 2.09765625, 1.759765625, 1.8828125, 2.07421875, 1.302734375, 1.998046875, 0.3046875, 2.296875, 2.505859375, 2.103515625, 0.927734375, 0.052734375, 0.744140625, 2.33984375, 0.451171875, 0.47265625, 0.017578125, 1.572265625, 0.0, 0.41796875, 2.076171875, 0.83984375, 1.470703125, 1.853515625, 0.5341796875], [0.623046875, 0.79638671875, 1.20703125, 1.138671875, 0.3447265625, 0.943359375, 1.099609375, 2.517578125, 2.48828125, 2.259765625, 2.2421875, 1.666015625, 1.4365234375, 2.5078125, 1.0078125, 1.6796875, 2.177734375, 1.46484375, 1.65625, 1.720703125, 1.580078125, 0.72265625, 2.71484375, 2.087890625, 2.51953125, 1.345703125, 0.470703125, 1.162109375, 1.921875, 0.033203125, 0.0546875, 0.435546875, 1.994140625, 0.41796875, 0.0, 1.6591796875, 1.2578125, 1.884765625, 1.435546875, 0.1162109375], [1.0361328125, 0.86279296875, 0.452392578125, 0.5205078125, 1.314453125, 2.6015625, 0.56005859375, 0.85791015625, 0.830078125, 2.3671875, 0.58349609375, 2.9609375, 0.2222900390625, 2.1171875, 2.666015625, 0.02020263671875, 2.447265625, 0.1943359375, 0.003173828125, 2.904296875, 0.0794677734375, 2.380859375, 1.9091796875, 0.429443359375, 2.10546875, 3.00390625, 2.12890625, 2.8203125, 0.262939453125, 1.6259765625, 1.6044921875, 2.09375, 2.6328125, 2.076171875, 1.6591796875, 0.0, 2.916015625, 2.73828125, 0.2239990234375, 1.54296875], [1.880859375, 2.0546875, 2.46484375, 2.396484375, 1.6025390625, 0.314453125, 2.357421875, 2.5078125, 2.537109375, 1.001953125, 2.783203125, 0.408203125, 2.6953125, 1.251953125, 0.25, 2.9375, 0.919921875, 2.72265625, 2.9140625, 0.462890625, 2.837890625, 0.53515625, 1.455078125, 2.9375, 1.259765625, 0.087890625, 0.787109375, 0.095703125, 3.103515625, 1.291015625, 1.3125, 0.822265625, 0.736328125, 0.83984375, 1.2578125, 2.916015625, 0.0, 0.626953125, 2.693359375, 1.3740234375], [2.509765625, 2.68359375, 3.09375, 3.025390625, 2.232421875, 0.943359375, 2.986328125, 1.87890625, 1.9072265625, 0.37109375, 2.154296875, 0.22265625, 2.958984375, 0.62109375, 0.876953125, 2.716796875, 0.291015625, 2.931640625, 2.740234375, 0.166015625, 2.81640625, 1.166015625, 0.828125, 2.30859375, 0.6328125, 0.541015625, 1.416015625, 0.724609375, 2.474609375, 1.919921875, 1.939453125, 1.451171875, 0.10546875, 1.470703125, 1.884765625, 2.73828125, 0.626953125, 0.0, 2.9609375, 2.001953125], [0.81201171875, 0.638671875, 0.228271484375, 0.29638671875, 1.08984375, 2.37890625, 0.3359375, 1.08203125, 1.0546875, 2.58984375, 0.8076171875, 3.099609375, 0.001708984375, 2.33984375, 2.443359375, 0.2442626953125, 2.669921875, 0.0296630859375, 0.2208251953125, 3.126953125, 0.14453125, 2.158203125, 2.1328125, 0.6533203125, 2.328125, 2.78125, 1.90625, 2.59765625, 0.487060546875, 1.40234375, 1.380859375, 1.87109375, 2.85546875, 1.853515625, 1.435546875, 0.2239990234375, 2.693359375, 2.9609375, 0.0, 1.318359375], [0.5068359375, 0.68017578125, 1.0908203125, 1.0224609375, 0.228515625, 1.0595703125, 0.98291015625, 2.400390625, 2.373046875, 2.373046875, 2.126953125, 1.779296875, 1.3203125, 2.623046875, 1.1240234375, 1.5634765625, 2.294921875, 1.3486328125, 1.5400390625, 1.837890625, 1.462890625, 0.8388671875, 2.830078125, 1.97265625, 2.634765625, 1.4619140625, 0.5869140625, 1.2783203125, 1.8056640625, 0.0830078125, 0.0615234375, 0.5517578125, 2.107421875, 0.5341796875, 0.1162109375, 1.54296875, 1.3740234375, 2.001953125, 1.318359375, 0.0]], "coordinates": [[0, 0], [46, -72], [44, -48], [45, -20], [87, -46], [26, -87], [-90, -58], [31, -18], [71, 88], [70, 82], [-35, 32], [69, 49], [-94, 14], [21, -4], [-53, 81], [-79, -44], [92, 5], [-63, 49], [99, -16], [97, 3], [-87, 18], [88, -4], [-61, -62], [-18, 46], [24, 12], [-53, 83], [-99, -17], [-44, -76], [-92, -34], [49, 15], [-1, -48], [0, -14], [-41, -77], [-66, 34], [-24, -47], [-5, -92], [88, 3], [-49, -13], [-67, 26], [78, -15], [2, -32]], "angles": [-1.001953125, -0.82861328125, -0.418212890625, -0.486328125, -1.2802734375, -2.568359375, -0.52587890625, 0.89208984375, 0.8642578125, 2.400390625, 0.61767578125, 2.994140625, -0.188232421875, 2.150390625, -2.6328125, 0.054290771484375, 2.48046875, -0.1602783203125, 0.030914306640625, 2.9375, -0.04541015625, -2.34765625, 1.943359375, 0.463623046875, 2.138671875, -2.970703125, -2.095703125, -2.787109375, 0.297119140625, -1.591796875, -1.5703125, -2.060546875, 2.666015625, -2.04296875, -1.625, 0.034088134765625, -2.8828125, 2.771484375, -0.18994140625, -1.5087890625], "demands": [3, 5, 8, 2, 4, 2, 12, 3, 4, 10, 6, 8, 1, 2, 5, 1, 4, 10, 6, 6, 11, 8, 1, 3, 5, 4, 5, 1, 5, 7, 10, 10, 7, 9, 2, 3, 9, 7, 11, 5], "capacity": 50, "Vmax": 18}