{"name": "LZB_n200_2", "n": 200, "m": 20, "times": [[0.0, 126.0, 69.0, 79.625, 92.125, 112.6875, 113.1875, 37.65625, 96.0, 113.4375, 106.25, 89.1875, 104.6875, 87.375, 47.9375, 80.0625, 96.9375, 83.4375, 53.84375, 91.8125, 117.3125, 29.0, 98.3125, 47.8125, 62.40625, 8.6015625, 44.65625, 86.375, 103.8125, 90.9375, 81.375, 74.25, 34.375, 101.25, 102.0, 78.125, 73.75, 84.0, 72.375, 130.5, 101.125, 72.9375, 103.3125, 84.625, 106.5, 120.0, 91.3125, 86.8125, 101.125, 103.375, 86.5625, 70.625, 107.4375, 82.0625, 64.1875, 94.0, 115.8125, 101.625, 81.25, 52.625, 101.4375, 88.6875, 52.78125, 45.3125, 120.9375, 98.5, 78.0625, 84.1875, 81.375, 104.25, 116.75, 112.0625, 81.0, 100.0, 72.0, 83.5625, 96.1875, 86.3125, 78.75, 109.4375, 66.3125, 44.28125, 122.0, 73.4375, 94.0625, 117.0625, 117.875, 104.375, 120.5, 72.0, 98.625, 13.0390625, 37.34375, 23.015625, 78.25, 28.65625, 59.8125, 81.8125, 91.9375, 99.3125, 99.4375, 65.375, 40.25, 109.3125, 124.0625, 83.4375, 60.375, 80.125, 39.5625, 50.53125, 21.59375, 65.1875, 100.4375, 69.0, 94.4375, 98.75, 64.4375, 94.8125, 106.6875, 83.4375, 76.0625, 11.703125, 110.625, 41.4375, 101.125, 79.5, 93.875, 76.9375, 50.0, 118.875, 65.625, 98.625, 21.09375, 89.375, 65.75, 84.8125, 104.6875, 90.1875, 33.53125, 90.8125, 63.875, 94.8125, 77.0, 98.875, 88.3125, 57.0, 94.625, 94.0, 96.0, 57.0, 101.9375, 28.640625, 46.6875, 83.0, 104.375, 102.625, 88.4375, 44.8125, 18.390625, 54.09375, 118.625, 100.5625, 34.40625, 61.71875, 79.6875, 25.296875, 46.96875, 85.6875, 78.75, 42.0625, 97.0, 17.6875, 95.0, 107.0625, 68.6875, 52.1875, 101.625, 84.4375, 53.0, 70.0625, 75.8125, 75.875, 59.375, 56.40625, 106.3125, 69.8125, 64.5, 15.6171875, 42.1875, 103.8125, 24.1875, 98.625, 117.9375, 93.25, 84.875, 88.4375, 91.8125, 137.875, 100.4375, 120.6875, 55.15625], [126.0, 0.0, 95.375, 167.75, 154.875, 195.75, 181.5, 159.25, 207.625, 180.25, 143.0, 215.0, 162.375, 101.0, 114.9375, 202.5, 129.125, 209.375, 80.9375, 130.625, 159.0, 148.75, 28.65625, 173.25, 163.25, 128.0, 82.0625, 212.125, 190.375, 138.125, 143.875, 198.25, 150.125, 178.0, 168.875, 68.875, 72.125, 146.25, 137.375, 256.0, 25.9375, 129.0, 162.625, 46.8125, 153.375, 8.0625, 214.5, 42.9375, 225.375, 226.125, 180.625, 133.25, 233.0, 192.625, 181.0, 126.0625, 25.296875, 199.625, 196.375, 161.0, 107.1875, 104.0625, 76.375, 169.25, 177.0, 217.125, 127.6875, 116.0625, 197.25, 186.875, 184.125, 237.625, 75.25, 197.0, 162.25, 69.875, 222.0, 139.5, 55.53125, 29.015625, 170.0, 87.4375, 11.703125, 156.25, 158.875, 161.0, 160.5, 229.875, 6.32421875, 175.75, 210.5, 138.625, 109.125, 112.625, 128.875, 120.125, 162.125, 130.5, 132.75, 31.015625, 63.125, 180.25, 161.25, 177.75, 4.125, 43.0, 123.9375, 132.875, 162.25, 118.1875, 139.25, 188.125, 170.625, 94.375, 206.0, 223.125, 142.125, 190.375, 231.375, 162.625, 167.375, 115.75, 235.25, 165.0, 224.0, 188.0, 98.0, 74.9375, 99.375, 166.125, 183.875, 150.125, 123.6875, 41.625, 104.9375, 139.5, 135.0, 168.375, 154.0, 36.90625, 185.875, 36.40625, 191.0, 81.0625, 206.375, 159.375, 67.25, 216.125, 204.0, 69.3125, 194.25, 104.0, 90.1875, 124.25, 197.125, 218.375, 38.28125, 140.125, 128.125, 171.375, 244.25, 218.875, 160.25, 124.6875, 118.6875, 138.25, 171.625, 153.25, 82.3125, 142.125, 30.53125, 127.3125, 203.125, 232.625, 186.5, 126.6875, 176.75, 182.5, 74.875, 188.875, 57.59375, 117.75, 184.75, 71.25, 166.625, 157.5, 187.0, 129.0, 137.0, 190.375, 111.8125, 30.671875, 243.875, 161.875, 205.625, 214.25, 146.375, 182.125, 196.25, 185.5, 89.5], [69.0, 95.375, 0.0, 145.25, 60.0, 100.4375, 175.125, 84.125, 118.0, 174.875, 155.625, 141.5, 162.375, 19.3125, 98.8125, 122.0, 40.8125, 140.0, 28.3125, 139.875, 170.0, 74.4375, 69.0, 110.625, 73.25, 64.25, 58.125, 138.75, 170.25, 45.125, 138.25, 120.625, 72.0, 82.75, 162.75, 26.46875, 90.1875, 51.09375, 128.75, 187.875, 71.125, 125.375, 161.5, 50.0, 160.125, 93.3125, 155.125, 77.1875, 146.375, 167.0, 86.8125, 125.6875, 157.5, 151.0, 97.1875, 37.21875, 74.0, 170.125, 109.6875, 75.0625, 135.25, 21.46875, 65.8125, 95.25, 84.9375, 131.5, 128.5, 25.0625, 111.0625, 169.75, 178.625, 170.0, 21.46875, 168.375, 137.75, 98.5, 153.5, 45.1875, 80.0625, 95.875, 134.75, 69.8125, 98.125, 61.84375, 64.0, 170.625, 71.6875, 163.0, 92.5625, 140.625, 167.25, 80.25, 32.25, 46.0, 34.0, 87.0, 73.0, 36.21875, 140.875, 84.0, 108.6875, 134.125, 108.375, 171.0, 95.75, 59.6875, 30.015625, 38.0, 106.8125, 102.875, 67.0625, 109.8125, 162.125, 1.0, 163.25, 160.375, 125.0, 162.75, 153.0, 67.4375, 73.8125, 58.21875, 156.25, 91.3125, 164.875, 98.4375, 124.75, 95.8125, 19.03125, 173.875, 100.875, 153.125, 51.96875, 80.0625, 9.8515625, 138.75, 151.0, 153.75, 102.125, 75.5, 106.5, 59.3125, 104.0, 32.1875, 155.75, 70.75, 34.84375, 134.125, 165.0, 57.1875, 169.5, 41.59375, 77.0, 31.046875, 102.4375, 170.375, 62.1875, 53.25, 57.28125, 89.375, 168.625, 167.5, 93.0, 30.40625, 125.1875, 93.4375, 98.875, 145.125, 15.0, 108.0625, 78.625, 57.0625, 164.0, 165.125, 136.75, 108.875, 81.5, 89.5, 41.21875, 105.75, 40.1875, 23.1875, 112.25, 42.4375, 165.0, 134.625, 108.1875, 60.03125, 106.25, 170.25, 76.1875, 65.25, 169.75, 153.75, 151.0, 145.875, 52.34375, 193.25, 168.625, 182.0, 85.8125], [79.625, 167.75, 145.25, 0.0, 170.0, 182.625, 36.40625, 96.25, 148.125, 37.4375, 56.75, 106.5625, 38.21875, 164.5, 53.9375, 117.5625, 176.5, 95.0625, 122.8125, 53.34375, 57.03125, 95.6875, 147.0, 71.5625, 132.25, 87.25, 97.0625, 104.9375, 25.171875, 170.375, 31.0625, 108.625, 102.75, 174.875, 29.40625, 146.25, 95.875, 162.625, 32.65625, 122.0, 149.375, 41.875, 36.21875, 141.75, 48.15625, 159.875, 78.4375, 125.25, 125.3125, 85.125, 155.0, 36.40625, 121.3125, 38.3125, 118.6875, 173.5, 168.625, 32.25, 132.625, 120.1875, 82.0, 166.25, 96.875, 93.8125, 198.0, 139.25, 45.96875, 163.25, 131.625, 24.703125, 39.8125, 107.8125, 151.875, 29.53125, 7.6171875, 100.25, 100.0, 165.625, 112.25, 141.375, 22.140625, 86.375, 159.0, 148.875, 171.5, 55.15625, 196.875, 101.3125, 161.375, 22.015625, 51.96875, 73.5, 115.75, 101.25, 157.875, 58.6875, 129.375, 161.5, 51.46875, 136.75, 113.1875, 41.59375, 55.0, 33.28125, 164.375, 134.125, 140.0, 159.625, 59.40625, 50.21875, 94.625, 106.875, 26.0, 145.0, 48.3125, 89.5625, 25.625, 22.828125, 127.25, 158.5, 147.875, 88.25, 131.125, 93.25, 83.75, 139.0, 83.4375, 93.9375, 126.625, 53.75, 117.375, 41.78125, 100.625, 126.1875, 143.875, 38.59375, 62.03125, 13.9296875, 55.875, 131.875, 108.8125, 149.0, 131.25, 171.25, 59.4375, 127.375, 163.25, 128.125, 42.4375, 107.5625, 26.6875, 103.875, 80.875, 162.5, 170.5, 63.5, 138.625, 121.5, 97.125, 111.8125, 129.0, 68.375, 80.9375, 141.375, 55.875, 54.59375, 91.5, 24.359375, 151.75, 37.6875, 137.875, 96.625, 41.875, 104.375, 49.25, 41.78125, 175.75, 151.0, 115.0625, 119.1875, 137.125, 155.25, 93.0625, 117.0, 36.875, 11.0, 107.8125, 94.0, 39.0625, 25.171875, 69.75, 150.0, 125.0625, 24.015625, 65.375, 95.3125, 170.875, 68.6875, 28.640625, 44.21875, 78.875], [92.125, 154.875, 60.0, 170.0, 0.0, 42.53125, 204.75, 79.6875, 78.25, 205.25, 196.5, 123.375, 196.75, 55.96875, 137.0, 98.0, 32.65625, 127.0, 83.1875, 181.375, 208.75, 76.0625, 129.0, 111.6875, 46.09375, 83.75, 107.4375, 121.25, 192.75, 18.875, 173.25, 101.1875, 69.4375, 24.59375, 194.0, 86.125, 143.125, 9.484375, 164.0, 169.75, 131.0, 163.625, 195.375, 110.0, 198.0, 153.25, 150.0, 135.75, 120.3125, 160.5, 40.71875, 162.0, 134.5, 161.75, 74.0625, 33.84375, 132.25, 186.5, 77.625, 56.875, 184.125, 53.5, 117.0, 88.0625, 29.203125, 97.5, 168.125, 39.84375, 79.5625, 194.25, 208.375, 154.5, 79.625, 185.625, 162.5, 152.5, 139.125, 15.5234375, 136.5, 155.5, 153.125, 116.75, 158.125, 24.1875, 4.125, 208.625, 28.640625, 149.125, 152.375, 157.875, 174.375, 96.5, 64.5, 75.625, 26.015625, 119.5, 48.25, 24.328125, 181.875, 143.625, 164.875, 144.5, 119.4375, 201.0, 155.5, 119.3125, 37.15625, 22.015625, 115.9375, 140.375, 75.5, 92.0, 192.25, 61.0, 171.125, 151.125, 156.5, 181.625, 126.875, 18.6875, 33.53125, 87.125, 128.875, 85.875, 158.5, 62.65625, 174.5, 148.375, 63.875, 210.75, 78.125, 190.25, 71.4375, 138.75, 51.15625, 176.125, 193.875, 181.625, 115.875, 134.875, 88.0, 119.125, 72.75, 79.5, 158.375, 48.65625, 89.75, 105.5, 175.625, 111.3125, 189.25, 78.5625, 123.1875, 31.046875, 49.59375, 173.25, 122.125, 48.5625, 73.75, 72.3125, 144.125, 167.875, 94.9375, 35.84375, 167.75, 115.8125, 92.0, 177.75, 72.5625, 133.375, 138.375, 74.4375, 174.625, 150.25, 143.625, 143.5, 22.84375, 46.09375, 95.625, 81.375, 100.0625, 37.125, 101.625, 98.0, 198.375, 161.0, 90.0, 76.6875, 134.125, 192.75, 111.375, 125.125, 147.125, 185.25, 151.0, 133.0, 10.0, 229.875, 186.5, 212.375, 133.0], [112.6875, 195.75, 100.4375, 182.625, 42.53125, 0.0, 218.875, 86.3125, 53.15625, 219.625, 218.625, 109.875, 214.375, 98.4375, 160.5, 83.8125, 74.4375, 117.0625, 120.0, 204.5, 228.875, 88.0, 169.125, 114.625, 51.03125, 104.1875, 139.625, 108.5, 202.375, 61.28125, 192.5, 90.25, 81.0, 18.03125, 209.625, 126.9375, 175.75, 50.0, 183.875, 151.75, 171.25, 185.375, 212.75, 150.0, 218.0, 193.625, 143.375, 173.125, 100.625, 151.875, 27.59375, 182.625, 115.75, 165.375, 67.4375, 76.0625, 173.875, 192.375, 61.03125, 62.625, 212.375, 96.0, 149.625, 90.125, 38.46875, 74.125, 190.625, 82.25, 62.9375, 205.125, 222.375, 139.625, 121.0625, 192.125, 175.625, 185.5, 126.625, 57.9375, 172.0, 194.0, 162.625, 147.0, 198.25, 42.59375, 38.46875, 228.25, 55.8125, 136.0, 192.875, 166.375, 174.375, 112.3125, 96.1875, 103.1875, 67.4375, 141.375, 53.8125, 66.4375, 204.5, 182.0, 199.25, 149.5, 128.0, 215.375, 196.125, 158.25, 73.0, 63.59375, 123.75, 163.25, 91.9375, 84.5625, 207.125, 101.4375, 172.0, 141.375, 174.5, 189.375, 106.3125, 34.0, 36.6875, 111.8125, 107.0625, 89.875, 150.25, 47.84375, 203.625, 180.5, 100.0, 229.5, 70.3125, 210.0, 95.25, 176.125, 90.9375, 196.75, 217.375, 195.625, 126.75, 173.0, 81.0, 159.625, 58.6875, 122.0, 156.625, 56.3125, 131.875, 85.8125, 178.0, 146.0, 197.25, 108.6875, 152.5, 73.375, 16.125, 170.375, 161.5, 69.3125, 95.3125, 71.6875, 123.125, 163.75, 101.8125, 72.0625, 192.375, 132.0, 93.25, 195.25, 114.0, 149.375, 177.125, 96.25, 177.25, 136.375, 146.25, 164.5, 19.703125, 32.0, 131.25, 71.125, 139.625, 78.5625, 97.75, 134.125, 215.25, 175.25, 82.75, 97.5, 151.75, 202.375, 135.625, 165.625, 127.3125, 201.5, 148.0, 122.375, 52.3125, 247.75, 193.375, 226.625, 162.25], [113.1875, 181.5, 175.125, 36.40625, 204.75, 218.875, 0.0, 132.5, 184.25, 2.236328125, 44.40625, 139.875, 20.125, 194.375, 77.375, 153.0, 209.0, 128.125, 150.25, 51.875, 34.40625, 131.5, 165.125, 107.6875, 168.375, 121.25, 121.8125, 138.5, 26.171875, 204.0, 39.125, 144.0, 138.625, 210.75, 13.0390625, 172.25, 110.375, 197.0, 47.6875, 148.125, 167.125, 54.03125, 19.3125, 163.625, 32.1875, 173.5, 107.9375, 141.375, 158.75, 112.0625, 191.25, 51.46875, 153.125, 67.0625, 155.125, 205.75, 187.125, 45.40625, 168.75, 156.375, 80.5, 196.5, 119.0625, 130.25, 233.125, 174.5, 54.15625, 195.0, 167.75, 20.03125, 3.60546875, 136.25, 178.75, 43.1875, 43.1875, 111.625, 131.25, 199.375, 128.25, 153.125, 57.8125, 110.0, 171.375, 184.25, 206.5, 31.625, 231.0, 130.75, 175.25, 55.9375, 74.125, 108.5625, 147.625, 133.375, 191.0, 88.5625, 165.5, 194.625, 49.65625, 151.25, 120.875, 75.75, 91.375, 4.125, 177.75, 154.125, 173.25, 193.125, 95.8125, 73.25, 129.875, 142.875, 13.0, 174.75, 72.0, 118.625, 50.15625, 40.0625, 160.125, 194.125, 183.875, 120.4375, 163.75, 129.625, 111.125, 175.375, 86.375, 106.8125, 157.125, 27.296875, 153.625, 32.3125, 134.25, 141.625, 175.0, 42.1875, 52.6875, 23.34375, 92.125, 148.375, 144.875, 169.125, 167.5, 198.375, 87.4375, 163.375, 188.625, 162.875, 64.0, 130.25, 35.21875, 134.625, 103.4375, 195.125, 206.875, 86.1875, 158.0, 156.5, 131.25, 148.25, 159.625, 93.0, 117.3125, 174.625, 62.8125, 89.0, 127.875, 30.59375, 179.75, 71.375, 153.625, 130.625, 64.0, 133.625, 82.5625, 66.4375, 211.5, 187.375, 140.75, 155.375, 160.75, 187.375, 128.875, 142.0, 15.65625, 43.9375, 143.875, 128.25, 71.0, 26.171875, 99.0, 169.0, 155.125, 21.59375, 95.1875, 127.5625, 205.0, 35.125, 41.1875, 7.80859375, 98.3125], [37.65625, 159.25, 84.125, 96.25, 79.6875, 86.3125, 132.5, 0.0, 59.3125, 133.375, 135.875, 58.0, 129.0, 98.375, 81.875, 43.40625, 97.0, 55.9375, 80.625, 123.0, 144.5, 10.6328125, 130.75, 32.0, 36.625, 32.3125, 80.625, 55.21875, 116.5, 86.375, 108.25, 39.0625, 12.3671875, 79.625, 123.625, 102.0, 111.375, 74.5, 100.3125, 103.75, 133.625, 103.4375, 127.3125, 114.75, 133.75, 154.0, 73.3125, 122.5625, 66.25, 84.875, 58.71875, 99.75, 75.0625, 82.375, 27.078125, 95.0625, 145.75, 108.0625, 44.0, 24.40625, 136.875, 98.5, 89.5625, 11.1796875, 105.125, 60.875, 109.125, 89.125, 44.0, 118.9375, 136.0, 85.9375, 102.0625, 107.375, 89.375, 121.1875, 69.375, 80.5, 115.5, 145.375, 76.5625, 81.75, 156.625, 56.09375, 80.0625, 143.625, 108.25, 78.9375, 154.25, 80.625, 94.625, 30.265625, 54.40625, 46.875, 77.0, 62.40625, 33.84375, 80.0, 122.6875, 134.625, 137.125, 65.3125, 41.875, 129.25, 157.875, 116.25, 61.8125, 77.0, 37.8125, 83.5625, 20.0, 28.84375, 121.0625, 84.5, 91.375, 77.125, 89.875, 104.0625, 72.375, 64.875, 52.4375, 44.78125, 76.0625, 7.28125, 82.75, 44.9375, 130.125, 114.5625, 67.9375, 144.375, 28.078125, 125.6875, 36.0625, 125.25, 76.875, 113.3125, 136.0, 109.3125, 40.46875, 125.8125, 26.828125, 125.5, 40.3125, 116.3125, 79.0625, 32.25, 116.5, 57.25, 96.0, 92.125, 111.8125, 55.4375, 84.375, 84.1875, 74.625, 94.0625, 121.0, 35.0625, 31.234375, 17.46875, 86.375, 89.25, 15.8125, 62.65625, 112.8125, 48.09375, 14.8671875, 109.9375, 97.625, 64.4375, 131.75, 32.0, 95.0625, 81.0, 63.90625, 82.5625, 80.6875, 54.8125, 84.375, 32.375, 104.6875, 80.0625, 28.171875, 88.0, 129.5, 89.1875, 27.78125, 30.234375, 67.625, 116.5, 61.125, 130.125, 86.8125, 115.6875, 72.25, 61.84375, 83.5625, 162.25, 108.4375, 140.375, 92.625], [96.0, 207.625, 118.0, 148.125, 78.25, 53.15625, 184.25, 59.3125, 0.0, 185.375, 193.625, 58.59375, 184.0, 124.4375, 141.125, 34.21875, 109.0, 67.4375, 126.6875, 181.375, 200.75, 67.0, 179.125, 76.5625, 44.9375, 89.1875, 135.5, 57.71875, 164.0, 94.875, 165.125, 42.4375, 62.28125, 60.40625, 177.125, 142.375, 168.875, 80.125, 157.875, 98.625, 181.75, 161.75, 182.125, 161.0, 190.25, 203.5, 94.5625, 175.625, 47.53125, 101.5625, 37.5625, 157.75, 62.65625, 123.3125, 32.25, 109.0625, 189.875, 151.0, 15.8125, 47.125, 196.125, 123.0625, 145.125, 56.3125, 88.8125, 21.0, 167.625, 109.8125, 16.546875, 167.75, 187.5, 87.0625, 139.25, 151.25, 142.25, 178.75, 75.25, 89.3125, 170.625, 198.375, 126.375, 138.875, 207.0, 59.65625, 75.625, 199.625, 102.1875, 84.125, 203.375, 128.75, 129.0, 89.5625, 98.625, 98.0, 93.625, 121.6875, 45.65625, 94.625, 181.0, 186.875, 194.375, 109.625, 94.0, 181.375, 207.0, 165.625, 88.25, 91.0625, 89.5625, 142.75, 75.25, 41.34375, 174.0, 118.8125, 127.375, 90.8125, 146.75, 149.75, 53.15625, 60.03125, 47.0, 100.6875, 54.0, 58.46875, 100.25, 19.71875, 189.375, 172.5, 108.6875, 199.75, 32.0, 182.25, 87.125, 178.625, 108.4375, 170.75, 194.25, 162.0, 95.5, 177.75, 39.34375, 171.75, 19.03125, 147.25, 110.625, 48.3125, 152.75, 33.0, 134.375, 145.5, 157.375, 106.0625, 142.25, 101.5625, 37.0625, 123.0, 169.875, 67.5625, 84.1875, 42.0625, 70.0, 115.6875, 70.625, 88.0625, 171.875, 106.5, 57.59375, 165.5, 133.0, 121.4375, 183.125, 85.1875, 133.625, 84.125, 104.5, 141.25, 62.59375, 32.25, 134.375, 29.15625, 150.25, 102.5625, 55.46875, 137.875, 183.875, 143.125, 40.3125, 84.6875, 125.4375, 164.0, 120.0, 177.125, 74.1875, 170.0, 101.5625, 72.0625, 87.3125, 216.5, 152.75, 191.875, 151.125], [113.4375, 180.25, 174.875, 37.4375, 205.25, 219.625, 2.236328125, 133.375, 185.375, 0.0, 42.4375, 141.5, 18.390625, 194.25, 76.9375, 154.375, 209.0, 129.75, 149.875, 50.28125, 32.1875, 132.25, 164.0, 108.9375, 169.125, 121.625, 121.25, 140.125, 28.28125, 204.125, 38.3125, 145.375, 139.25, 211.375, 12.3671875, 171.75, 109.25, 197.375, 47.0625, 150.125, 166.125, 53.15625, 17.71875, 162.75, 30.234375, 172.125, 109.75, 140.25, 160.5, 114.0, 192.125, 50.8125, 154.875, 68.875, 156.125, 205.875, 186.0, 47.53125, 170.0, 157.125, 78.75, 196.25, 118.375, 131.25, 233.625, 176.0, 53.03125, 195.0, 169.0, 22.09375, 4.0, 138.25, 178.25, 45.28125, 44.03125, 110.3125, 133.0, 199.75, 127.125, 151.75, 59.0625, 109.4375, 170.0, 184.875, 206.875, 29.40625, 231.375, 132.625, 174.0, 57.375, 76.1875, 109.125, 147.625, 133.5, 191.25, 88.5625, 166.25, 194.875, 48.09375, 150.0, 119.375, 77.25, 92.4375, 4.2421875, 176.375, 153.125, 173.375, 193.375, 96.8125, 72.8125, 130.375, 144.125, 13.0390625, 174.5, 74.0, 120.5, 50.09375, 42.0, 161.75, 194.625, 184.625, 120.5625, 165.375, 130.625, 113.0625, 176.5, 84.75, 105.5625, 157.125, 25.0625, 154.75, 30.671875, 134.5, 140.375, 174.875, 41.0625, 50.78125, 24.078125, 92.9375, 147.25, 146.125, 168.125, 168.625, 198.0, 89.375, 164.125, 188.125, 164.375, 66.0625, 129.5, 37.34375, 134.625, 102.75, 195.25, 207.875, 88.25, 157.0, 157.0, 131.625, 149.25, 161.5, 95.0625, 118.25, 174.75, 61.53125, 89.5, 129.0, 30.078125, 179.375, 71.8125, 152.5, 131.0, 66.0, 135.5, 84.125, 66.125, 212.125, 188.25, 140.125, 156.625, 160.125, 187.5, 130.125, 141.5, 13.9296875, 44.5625, 145.125, 128.625, 71.25, 28.28125, 98.875, 168.0, 157.0, 21.1875, 97.0, 129.25, 205.25, 33.25, 43.28125, 7.2109375, 97.5], [106.25, 143.0, 155.625, 56.75, 196.5, 218.625, 44.40625, 135.875, 193.625, 42.4375, 0.0, 160.0, 24.765625, 174.5, 59.5625, 166.75, 193.75, 149.0, 128.125, 15.8125, 16.125, 131.5, 130.75, 119.6875, 167.875, 114.8125, 97.9375, 158.125, 65.0, 191.625, 29.15625, 158.125, 138.25, 207.5, 35.46875, 146.75, 75.9375, 187.75, 35.75, 178.75, 132.375, 33.28125, 26.171875, 133.125, 12.203125, 135.0, 134.75, 106.1875, 178.25, 141.875, 192.0, 36.25, 176.125, 95.0625, 161.875, 190.25, 152.375, 82.5, 177.75, 157.0, 37.375, 177.0, 92.125, 137.25, 225.75, 188.5, 28.421875, 178.5, 177.25, 59.03125, 45.78125, 164.25, 154.25, 79.75, 58.40625, 74.3125, 155.5, 188.125, 93.75, 114.125, 76.3125, 86.0, 132.25, 179.5, 199.0, 18.0, 219.875, 157.5, 137.0, 78.0625, 107.6875, 106.875, 133.625, 121.0625, 178.25, 77.6875, 165.125, 181.75, 14.8671875, 114.1875, 80.375, 96.25, 100.8125, 41.875, 139.125, 122.0, 161.25, 181.0, 105.125, 56.21875, 126.75, 154.0, 39.21875, 155.125, 104.375, 146.0, 47.0625, 74.25, 181.0, 189.5, 182.125, 109.5, 185.0, 135.375, 140.5, 180.875, 45.1875, 71.1875, 140.0, 23.09375, 161.625, 15.234375, 125.625, 105.8125, 157.875, 22.796875, 8.546875, 46.09375, 98.25, 113.125, 155.0, 136.625, 175.25, 173.5, 116.1875, 162.5, 161.75, 178.75, 97.6875, 102.875, 72.9375, 119.5, 78.75, 180.625, 209.25, 119.625, 125.1875, 150.875, 124.25, 153.25, 184.5, 124.9375, 123.0, 162.625, 30.53125, 87.875, 136.125, 32.5625, 156.75, 72.125, 117.625, 123.4375, 97.3125, 160.625, 104.375, 54.21875, 207.75, 189.125, 116.5, 164.5, 132.75, 172.25, 141.375, 116.75, 29.0625, 55.09375, 154.5, 121.75, 68.375, 65.0, 85.125, 135.375, 180.75, 34.4375, 121.8125, 150.125, 194.5, 40.03125, 78.0625, 45.625, 70.6875], [89.1875, 215.0, 141.5, 106.5625, 123.375, 109.875, 139.875, 58.0, 58.59375, 141.5, 160.0, 0.0, 144.625, 154.375, 120.1875, 26.3125, 148.25, 11.703125, 138.25, 151.25, 163.25, 68.4375, 187.0, 44.9375, 78.0625, 87.0625, 133.75, 2.828125, 116.25, 135.5, 131.0, 22.359375, 69.625, 112.625, 135.75, 160.0, 159.25, 121.5, 126.1875, 47.125, 189.75, 132.75, 142.75, 171.875, 153.625, 209.125, 37.46875, 175.875, 18.96875, 43.03125, 87.4375, 127.5, 18.359375, 73.5625, 49.5, 147.0, 203.0, 100.1875, 49.03125, 69.9375, 173.0, 154.125, 141.5, 47.0, 141.625, 40.59375, 138.75, 143.25, 47.0625, 121.125, 142.625, 31.0625, 160.0, 101.0625, 102.5625, 168.25, 16.765625, 129.375, 167.0, 198.25, 84.6875, 131.875, 211.25, 99.875, 122.125, 161.5, 151.0, 26.3125, 209.625, 84.75, 74.375, 77.125, 112.4375, 104.0625, 129.125, 104.0, 76.5, 131.5, 150.125, 188.5, 184.375, 64.9375, 62.8125, 137.75, 213.25, 172.125, 116.625, 128.0, 59.46875, 120.0625, 77.3125, 32.5625, 132.0, 142.0, 73.8125, 32.25, 114.1875, 101.375, 21.0, 105.125, 90.0625, 99.25, 25.015625, 51.21875, 41.875, 63.5, 169.0, 161.125, 125.9375, 160.25, 45.40625, 146.375, 93.75, 178.375, 133.75, 138.0, 163.0, 120.25, 68.3125, 180.0, 36.40625, 182.375, 52.34375, 173.625, 56.3125, 77.125, 174.5, 27.015625, 81.625, 146.25, 108.3125, 112.5, 132.375, 137.0, 93.9375, 66.5, 177.0, 89.5625, 88.625, 53.75, 29.40625, 58.6875, 54.8125, 117.1875, 145.625, 84.5, 43.9375, 128.375, 155.375, 92.5625, 186.25, 89.25, 81.125, 27.015625, 57.5, 115.3125, 114.5, 81.5, 140.75, 42.0625, 162.0, 134.5, 30.40625, 144.25, 143.375, 105.25, 34.46875, 87.0625, 98.0625, 116.25, 107.8125, 186.75, 29.0, 130.375, 47.15625, 14.140625, 130.25, 174.375, 102.875, 147.0, 138.75], [104.6875, 162.375, 162.375, 38.21875, 196.75, 214.375, 20.125, 129.0, 184.0, 18.390625, 24.765625, 144.625, 0.0, 181.625, 63.5, 154.625, 198.0, 133.25, 136.25, 32.0, 19.109375, 126.375, 147.0, 107.9375, 163.375, 113.125, 106.875, 143.0, 40.8125, 194.25, 24.1875, 145.75, 133.375, 204.875, 11.1796875, 157.25, 92.0, 188.5, 33.625, 158.625, 149.0, 37.65625, 2.0, 146.875, 12.8046875, 154.25, 116.0625, 123.0, 163.375, 121.9375, 187.0, 36.6875, 159.5, 75.25, 153.375, 194.75, 169.0, 59.09375, 168.25, 151.875, 60.375, 183.75, 103.0625, 128.375, 225.625, 176.5, 36.34375, 183.5, 167.375, 34.65625, 22.140625, 145.25, 164.125, 56.46875, 42.4375, 92.5625, 138.125, 190.125, 110.0, 133.875, 60.03125, 94.875, 152.125, 177.625, 198.75, 17.0, 221.875, 139.0, 156.125, 60.21875, 85.875, 102.3125, 136.75, 123.0, 181.0, 77.8125, 160.625, 184.625, 29.828125, 132.375, 101.125, 79.75, 89.9375, 17.203125, 158.5, 136.75, 163.375, 183.375, 94.4375, 59.46875, 123.3125, 143.125, 15.234375, 161.875, 83.0, 127.125, 40.3125, 51.53125, 165.5, 187.5, 178.5, 110.4375, 169.25, 127.125, 120.6875, 173.25, 66.4375, 88.0625, 145.125, 15.8125, 152.5, 12.3671875, 125.375, 123.0625, 163.125, 24.515625, 32.8125, 25.015625, 89.0625, 130.0, 144.75, 151.625, 166.375, 183.75, 96.4375, 158.25, 173.25, 165.625, 75.6875, 114.25, 49.1875, 123.1875, 87.9375, 184.5, 203.625, 98.0, 140.375, 149.25, 123.0625, 145.625, 167.125, 103.9375, 114.625, 164.75, 44.0, 82.4375, 126.5625, 19.203125, 165.625, 65.0, 135.125, 122.375, 75.4375, 142.125, 87.4375, 54.09375, 205.5, 183.625, 125.875, 154.875, 144.75, 176.375, 129.75, 126.8125, 4.47265625, 40.84375, 143.875, 120.1875, 63.03125, 40.8125, 87.375, 151.25, 163.0, 14.3203125, 103.0625, 133.5, 196.0, 33.40625, 54.625, 23.1875, 81.8125], [87.375, 101.0, 19.3125, 164.5, 55.96875, 98.4375, 194.375, 98.375, 124.4375, 194.25, 174.5, 154.375, 181.625, 0.0, 118.0625, 133.125, 28.15625, 154.0, 46.40625, 158.625, 189.0, 89.5, 77.6875, 126.75, 81.1875, 82.0, 76.625, 151.75, 189.375, 37.84375, 157.5, 132.875, 86.0, 80.4375, 182.0, 35.46875, 106.9375, 48.75, 148.125, 201.25, 79.25, 144.5, 180.75, 59.78125, 179.25, 100.5, 170.875, 90.3125, 157.375, 182.625, 90.0, 144.875, 169.5, 169.125, 107.6875, 25.015625, 77.25, 188.75, 118.25, 85.5625, 152.75, 3.162109375, 83.625, 109.4375, 76.0, 140.125, 147.5, 16.15625, 119.8125, 189.0, 198.0, 183.875, 27.203125, 187.125, 156.875, 114.625, 167.375, 40.5, 95.125, 106.625, 153.5, 88.5, 105.8125, 65.3125, 60.09375, 189.625, 59.84375, 177.125, 99.3125, 159.25, 185.0, 98.0, 50.09375, 64.375, 31.90625, 106.25, 81.625, 32.1875, 159.75, 95.1875, 123.5, 152.0, 126.0, 190.375, 102.1875, 71.3125, 38.09375, 35.34375, 124.125, 122.125, 83.0, 122.125, 181.375, 19.703125, 181.0, 175.375, 144.25, 181.625, 164.125, 68.25, 78.0, 76.9375, 167.0, 105.625, 180.5, 105.5, 142.125, 112.625, 37.84375, 193.0, 111.625, 172.25, 69.0625, 93.0625, 22.09375, 158.0, 169.625, 173.0, 120.0, 87.4375, 118.5, 67.0625, 112.625, 23.703125, 172.75, 79.875, 34.25, 144.25, 183.125, 74.25, 188.5, 60.625, 95.6875, 25.078125, 103.4375, 187.625, 72.75, 64.875, 74.1875, 101.0625, 180.375, 184.375, 108.875, 37.75, 144.0, 112.125, 113.25, 164.375, 21.03125, 127.125, 89.5, 74.125, 182.125, 179.125, 154.125, 128.125, 78.75, 93.75, 58.78125, 116.3125, 51.90625, 21.9375, 126.1875, 59.40625, 184.375, 153.875, 120.3125, 77.125, 125.4375, 189.375, 95.5, 73.0, 182.0, 173.125, 167.625, 160.0, 46.5625, 212.375, 187.375, 201.25, 104.1875], [47.9375, 114.9375, 98.8125, 53.9375, 137.0, 160.5, 77.375, 81.875, 141.125, 76.9375, 59.5625, 120.1875, 63.5, 118.0625, 0.0, 119.3125, 135.25, 111.0625, 73.0625, 44.40625, 72.375, 75.4375, 93.125, 75.4375, 110.3125, 56.375, 44.5625, 117.75, 78.3125, 132.375, 39.40625, 111.75, 81.625, 148.5, 64.5625, 94.9375, 44.8125, 128.25, 30.078125, 151.75, 95.625, 27.015625, 62.65625, 88.125, 62.0, 107.3125, 107.0625, 72.0625, 136.125, 117.625, 134.5, 26.828125, 138.25, 78.625, 108.875, 131.875, 114.75, 85.0625, 125.6875, 100.25, 55.09375, 120.3125, 43.09375, 86.0, 166.25, 140.0, 31.140625, 120.375, 125.5, 76.0, 80.75, 134.375, 101.375, 82.5625, 47.8125, 51.65625, 121.25, 128.75, 59.46875, 90.125, 55.46875, 33.0625, 107.0625, 120.4375, 139.5, 72.625, 160.5, 126.6875, 108.6875, 61.0625, 96.25, 51.625, 74.4375, 61.5625, 119.0, 19.640625, 107.6875, 122.5625, 44.8125, 84.0625, 67.0, 68.6875, 57.59375, 73.25, 111.8125, 80.25, 101.8125, 121.6875, 60.71875, 4.125, 69.3125, 105.0625, 64.5625, 98.375, 91.8125, 117.375, 29.015625, 75.9375, 140.375, 130.375, 123.875, 50.0, 144.5, 83.125, 115.625, 126.125, 49.375, 44.5625, 81.8125, 75.4375, 109.4375, 54.65625, 66.3125, 73.375, 99.875, 40.21875, 57.125, 58.0625, 51.9375, 78.5625, 105.0, 95.0625, 122.1875, 121.0625, 94.75, 104.9375, 111.4375, 132.75, 89.1875, 54.0, 80.625, 60.4375, 27.078125, 121.8125, 152.25, 105.125, 84.75, 91.9375, 65.375, 99.3125, 148.375, 106.8125, 72.0, 103.25, 31.78125, 36.34375, 86.0, 46.84375, 102.4375, 30.0, 84.6875, 64.5, 88.3125, 129.75, 76.0625, 12.1640625, 148.75, 132.25, 63.34375, 113.1875, 84.125, 113.625, 94.875, 64.75, 66.3125, 43.1875, 105.0, 63.0625, 24.203125, 78.3125, 25.609375, 96.125, 146.125, 55.78125, 96.0625, 114.25, 135.125, 94.875, 82.0, 83.8125, 25.5], [80.0625, 202.5, 122.0, 117.5625, 98.0, 83.8125, 153.0, 43.40625, 34.21875, 154.375, 166.75, 26.3125, 154.625, 133.125, 119.3125, 0.0, 124.25, 33.53125, 122.9375, 155.875, 172.25, 53.84375, 173.875, 47.0625, 53.75, 75.5625, 123.9375, 24.734375, 131.5, 111.125, 137.625, 8.9453125, 52.625, 86.375, 146.875, 142.875, 153.5, 96.75, 131.375, 71.6875, 176.75, 136.5, 152.75, 157.375, 162.0, 197.25, 60.53125, 165.875, 24.40625, 68.125, 61.21875, 131.875, 37.0, 90.0, 25.5, 123.375, 188.125, 117.625, 22.796875, 47.5, 174.125, 132.5, 132.625, 34.78125, 115.375, 21.84375, 142.5, 120.75, 20.875, 135.75, 156.125, 57.03125, 141.75, 118.0, 112.25, 163.0, 42.96875, 105.0625, 158.625, 188.75, 95.4375, 124.3125, 200.0, 74.9375, 96.5, 170.875, 125.25, 52.625, 197.5, 97.0625, 94.875, 70.0625, 95.5, 89.875, 105.875, 101.0, 52.5625, 107.9375, 155.125, 178.0, 179.125, 77.4375, 65.9375, 150.375, 201.125, 159.5, 95.0, 104.375, 61.65625, 120.125, 63.28125, 14.8671875, 143.5, 122.625, 93.3125, 57.59375, 119.6875, 117.0625, 31.0625, 79.5, 64.5, 88.125, 34.21875, 38.625, 66.6875, 37.21875, 168.625, 156.25, 108.1875, 170.5, 21.46875, 154.25, 78.8125, 168.625, 113.4375, 144.0, 168.5, 131.5, 69.1875, 169.25, 16.640625, 168.25, 26.078125, 153.75, 76.5, 53.71875, 156.125, 13.9296875, 100.5, 135.5, 124.5625, 98.5, 126.25, 113.875, 68.0, 88.8125, 164.25, 68.8125, 74.3125, 32.65625, 47.4375, 81.5625, 47.6875, 95.375, 148.0, 83.125, 33.71875, 136.875, 136.5, 95.4375, 175.125, 75.1875, 99.8125, 53.25, 71.5625, 117.0625, 88.25, 55.21875, 127.5625, 17.09375, 147.125, 112.25, 25.3125, 131.125, 154.0, 113.875, 15.65625, 73.5625, 100.1875, 131.5, 102.125, 173.0, 49.65625, 140.375, 67.375, 38.625, 105.3125, 186.25, 119.625, 160.5, 133.875], [96.9375, 129.125, 40.8125, 176.5, 32.65625, 74.4375, 209.0, 97.0, 109.0, 209.0, 193.75, 148.25, 198.0, 28.15625, 135.25, 124.25, 0.0, 149.875, 68.8125, 178.0, 207.375, 90.25, 105.75, 128.25, 70.5, 89.8125, 97.75, 145.75, 200.75, 14.2109375, 173.875, 125.875, 85.0, 56.875, 197.125, 63.0625, 130.875, 28.84375, 164.5, 195.25, 107.375, 162.25, 197.0, 87.5625, 197.25, 128.625, 170.25, 117.1875, 147.875, 181.5, 72.0, 161.75, 161.25, 175.125, 99.0625, 3.60546875, 105.0625, 197.5, 106.0, 78.4375, 175.375, 25.078125, 106.0625, 107.1875, 48.09375, 127.0625, 165.875, 15.8125, 107.8125, 201.125, 212.5, 178.875, 55.09375, 196.125, 168.875, 139.25, 162.75, 19.71875, 120.75, 134.375, 162.5, 108.875, 134.0, 50.09375, 36.40625, 207.75, 31.78125, 172.75, 127.5, 168.0, 189.625, 105.0625, 61.40625, 75.5625, 20.03125, 120.5625, 71.8125, 17.03125, 178.875, 122.8125, 149.375, 157.75, 131.625, 205.0, 130.25, 98.6875, 37.09375, 20.21875, 128.875, 139.0, 86.3125, 115.75, 196.0, 41.6875, 186.0, 173.0, 159.0, 191.375, 154.5, 49.21875, 62.25, 88.5625, 156.875, 104.0625, 179.375, 91.6875, 165.125, 136.5, 53.8125, 210.625, 103.1875, 189.875, 76.1875, 120.0, 36.0625, 175.375, 189.75, 186.5, 126.625, 114.8125, 111.8125, 95.1875, 100.75, 49.65625, 175.375, 71.0625, 62.0, 133.5, 189.25, 97.9375, 198.625, 74.875, 115.9375, 13.9296875, 82.25, 190.5, 100.4375, 62.0, 80.375, 94.75, 171.5, 186.125, 110.3125, 35.90625, 163.625, 122.1875, 111.1875, 179.875, 48.5, 138.75, 117.1875, 80.625, 188.25, 174.375, 158.375, 144.0, 54.90625, 76.875, 81.8125, 107.1875, 79.0625, 21.640625, 122.8125, 83.1875, 200.375, 166.375, 113.75, 83.5, 138.25, 200.75, 110.6875, 101.125, 173.875, 188.125, 169.125, 156.0, 22.671875, 230.0, 196.75, 216.25, 125.1875], [83.4375, 209.375, 140.0, 95.0625, 127.0, 117.0625, 128.125, 55.9375, 67.4375, 129.75, 149.0, 11.703125, 133.25, 154.0, 111.0625, 33.53125, 149.875, 0.0, 134.375, 140.625, 151.875, 65.75, 181.75, 36.90625, 81.0, 82.3125, 127.6875, 10.8203125, 104.5625, 137.875, 120.0625, 26.921875, 68.125, 118.25, 124.125, 157.0, 151.375, 124.25, 115.5, 48.03125, 184.5, 122.3125, 131.25, 167.375, 142.375, 203.25, 27.203125, 169.5, 30.671875, 34.78125, 93.1875, 116.9375, 27.453125, 61.84375, 53.15625, 148.5, 198.625, 88.5625, 56.09375, 71.5625, 163.0, 154.0, 134.75, 44.78125, 147.0, 50.90625, 128.25, 143.875, 54.21875, 109.4375, 131.0, 29.96875, 157.625, 89.4375, 91.25, 160.125, 13.4140625, 131.75, 160.125, 191.625, 73.3125, 124.875, 205.125, 103.0, 126.125, 150.125, 155.125, 23.09375, 203.875, 73.1875, 63.25, 70.8125, 109.75, 100.1875, 130.375, 95.6875, 79.125, 133.0, 139.375, 182.125, 176.25, 53.46875, 53.5, 126.125, 207.5, 166.875, 116.75, 129.75, 50.5625, 110.6875, 74.125, 35.0, 120.4375, 140.5, 62.4375, 24.515625, 103.5, 89.6875, 32.25, 109.1875, 94.25, 94.125, 36.125, 48.75, 33.25, 69.625, 159.5, 153.0, 123.5625, 148.75, 49.25, 135.125, 90.4375, 171.875, 132.75, 127.125, 152.25, 108.6875, 59.5, 173.875, 39.0, 177.75, 58.53125, 172.25, 45.0, 79.3125, 172.0, 37.53125, 70.1875, 140.25, 96.6875, 108.4375, 124.875, 138.125, 101.375, 55.96875, 171.875, 89.5625, 85.125, 55.3125, 37.34375, 48.40625, 49.6875, 117.4375, 135.5, 76.0, 41.15625, 117.125, 153.375, 82.6875, 180.125, 85.6875, 69.625, 25.078125, 45.90625, 105.5, 120.0625, 87.3125, 136.0, 46.875, 157.875, 134.875, 27.859375, 139.5, 131.875, 94.0625, 37.0, 83.25, 88.3125, 104.5625, 100.375, 181.875, 35.34375, 118.9375, 35.8125, 6.08203125, 133.125, 162.75, 91.25, 135.375, 130.625], [53.84375, 80.9375, 28.3125, 122.8125, 83.1875, 120.0, 150.25, 80.625, 126.6875, 149.875, 128.125, 138.25, 136.25, 46.40625, 73.0625, 122.9375, 68.8125, 134.375, 0.0, 112.375, 142.875, 70.0, 52.40625, 100.75, 82.5625, 52.46875, 30.234375, 135.375, 148.0, 71.1875, 112.375, 119.5625, 70.3125, 103.3125, 137.625, 24.515625, 62.125, 73.75, 103.125, 182.25, 55.03125, 98.875, 135.5, 34.65625, 133.25, 76.875, 144.875, 53.09375, 146.625, 157.0, 101.4375, 99.75, 155.625, 134.0, 100.375, 65.1875, 65.1875, 150.0, 115.5, 80.0625, 106.875, 49.03125, 37.46875, 91.3125, 110.375, 136.5, 101.5625, 53.0, 116.5, 146.875, 153.75, 163.875, 29.0625, 148.0, 115.5, 70.6875, 147.625, 69.875, 53.4375, 74.25, 115.1875, 42.1875, 80.625, 78.1875, 86.875, 143.625, 98.875, 156.375, 76.6875, 121.25, 151.25, 66.6875, 28.171875, 34.21875, 58.53125, 64.1875, 81.375, 61.46875, 113.5625, 62.28125, 81.9375, 118.125, 93.9375, 146.125, 80.25, 39.28125, 47.15625, 62.3125, 93.4375, 77.1875, 60.875, 109.0625, 137.375, 27.59375, 146.875, 151.875, 100.6875, 142.0, 152.875, 86.0, 88.125, 42.15625, 156.5, 87.0625, 154.75, 107.125, 96.4375, 67.6875, 20.0, 147.125, 103.5, 126.5625, 44.5625, 56.09375, 33.53125, 112.3125, 123.25, 129.875, 87.0, 53.15625, 106.375, 45.5, 110.0625, 48.5, 142.0, 78.5625, 41.4375, 136.25, 147.5, 29.15625, 148.25, 26.078125, 49.40625, 57.71875, 118.8125, 156.0, 43.3125, 59.25, 49.59375, 91.0, 166.875, 154.375, 84.875, 48.25, 97.625, 74.9375, 94.25, 119.875, 29.40625, 87.0, 57.71875, 48.90625, 146.5, 158.875, 122.125, 83.9375, 102.5, 102.625, 13.0390625, 108.4375, 24.203125, 49.1875, 107.8125, 14.8671875, 139.25, 111.875, 107.6875, 51.21875, 84.125, 148.0, 53.15625, 50.59375, 167.125, 128.75, 138.75, 139.875, 77.1875, 166.375, 148.0, 156.875, 57.8125], [91.8125, 130.625, 139.875, 53.34375, 181.375, 204.5, 51.875, 123.0, 181.375, 50.28125, 15.8125, 151.25, 32.0, 158.625, 44.40625, 155.875, 178.0, 140.625, 112.375, 0.0, 31.015625, 117.9375, 116.625, 109.25, 153.875, 100.375, 82.125, 149.125, 67.5, 176.125, 22.359375, 147.625, 124.5, 192.875, 40.25, 131.125, 61.53125, 172.5, 25.078125, 173.625, 118.4375, 19.640625, 32.5625, 118.125, 23.09375, 122.5625, 128.875, 92.25, 169.0, 137.0, 178.0, 24.078125, 168.0, 90.875, 149.5, 174.5, 138.5, 82.875, 165.625, 143.25, 29.828125, 161.125, 76.5, 125.1875, 210.5, 177.5, 13.9296875, 162.75, 165.25, 62.1875, 54.125, 158.125, 138.625, 80.0625, 52.9375, 61.03125, 148.125, 172.625, 79.5, 101.9375, 69.9375, 70.1875, 120.1875, 164.75, 183.875, 32.28125, 204.375, 151.125, 124.5, 72.8125, 105.3125, 93.4375, 118.125, 105.75, 162.625, 63.125, 151.125, 166.125, 2.236328125, 101.0, 69.125, 89.25, 90.1875, 48.46875, 126.75, 107.25, 145.75, 165.5, 94.3125, 41.34375, 112.6875, 142.75, 43.03125, 139.25, 101.625, 140.0, 37.125, 73.875, 172.25, 174.75, 167.875, 94.375, 176.25, 123.0, 135.375, 167.875, 34.53125, 57.125, 124.1875, 36.6875, 149.375, 19.640625, 110.6875, 92.0625, 142.125, 14.765625, 13.0, 45.96875, 86.8125, 99.25, 143.375, 122.0, 162.75, 157.875, 111.4375, 148.5, 146.375, 168.375, 95.6875, 87.3125, 74.25, 103.9375, 62.96875, 165.0, 195.625, 116.75, 110.625, 136.25, 109.625, 140.375, 176.875, 121.25, 110.875, 147.125, 14.765625, 75.0, 124.3125, 29.828125, 141.0, 60.53125, 104.0625, 108.75, 95.1875, 154.25, 97.5, 40.5, 193.0, 175.5, 100.75, 152.625, 117.375, 156.5, 130.625, 101.0625, 36.40625, 48.71875, 143.0, 107.1875, 56.09375, 67.5, 70.0, 121.0625, 173.625, 35.59375, 116.0625, 142.25, 179.125, 55.03125, 78.5625, 55.09375, 55.0], [117.3125, 159.0, 170.0, 57.03125, 208.75, 228.875, 34.40625, 144.5, 200.75, 32.1875, 16.125, 163.25, 19.109375, 189.0, 72.375, 172.25, 207.375, 151.875, 142.875, 31.015625, 0.0, 141.0, 146.875, 125.3125, 177.75, 125.875, 112.75, 161.5, 58.6875, 204.75, 36.34375, 163.5, 147.875, 218.375, 29.828125, 162.0, 92.0, 200.125, 45.0, 177.75, 148.5, 45.34375, 21.09375, 149.0, 10.8203125, 151.0, 135.125, 122.3125, 181.875, 141.0, 201.75, 46.75, 178.375, 94.3125, 169.625, 204.0, 168.5, 77.5, 185.0, 166.5, 52.625, 191.375, 107.4375, 144.75, 237.75, 194.125, 41.625, 192.375, 184.25, 52.40625, 34.71875, 164.375, 169.5, 74.9375, 60.65625, 90.4375, 157.0, 201.0, 109.8125, 130.0, 78.5, 100.75, 148.125, 190.75, 211.0, 2.828125, 232.875, 158.125, 153.0, 79.0625, 104.8125, 116.5, 146.75, 133.75, 191.375, 89.1875, 175.0, 194.875, 29.546875, 130.25, 96.1875, 98.4375, 106.875, 33.125, 155.0, 138.0, 174.125, 194.0, 111.3125, 68.6875, 137.0, 160.375, 33.96875, 169.5, 102.0, 146.25, 54.59375, 70.3125, 184.125, 200.625, 192.5, 121.625, 188.0, 143.125, 139.75, 189.125, 61.03125, 87.3125, 153.75, 8.0625, 169.0, 18.875, 137.375, 121.9375, 171.875, 32.5625, 24.015625, 44.09375, 105.3125, 129.25, 161.625, 152.625, 182.75, 188.875, 115.5, 172.5, 177.375, 183.625, 94.625, 118.3125, 67.4375, 132.75, 93.5625, 194.125, 218.625, 116.9375, 141.25, 162.125, 135.625, 161.5, 186.0, 123.0, 130.625, 175.5, 45.6875, 96.875, 143.125, 35.4375, 171.75, 80.0625, 133.75, 134.875, 94.375, 161.125, 106.25, 65.1875, 218.875, 198.625, 131.5, 171.625, 148.375, 185.875, 147.125, 132.0, 21.84375, 58.46875, 161.0, 132.875, 77.1875, 58.6875, 97.625, 151.375, 182.0, 33.0, 122.125, 152.375, 207.25, 24.046875, 73.0625, 33.3125, 85.9375], [29.0, 148.75, 74.4375, 95.6875, 76.0625, 88.0, 131.5, 10.6328125, 67.0, 132.25, 131.5, 68.4375, 126.375, 89.5, 75.4375, 53.84375, 90.25, 65.75, 70.0, 117.9375, 141.0, 0.0, 120.1875, 38.0, 37.0, 22.5625, 70.5625, 65.625, 117.3125, 80.625, 104.625, 49.6875, 7.0703125, 79.25, 121.8125, 91.625, 102.25, 69.875, 96.25, 113.75, 123.0, 98.5, 124.8125, 104.125, 130.125, 143.375, 81.375, 112.3125, 76.8125, 93.1875, 60.75, 95.25, 85.625, 86.0, 35.34375, 88.0625, 135.125, 110.5, 52.34375, 25.546875, 129.875, 89.8125, 79.6875, 21.40625, 102.9375, 70.5, 104.0, 81.25, 52.625, 119.1875, 135.125, 95.6875, 91.9375, 109.5625, 88.4375, 112.125, 79.1875, 74.9375, 105.625, 135.125, 77.375, 72.375, 146.125, 53.53125, 76.9375, 140.375, 104.1875, 88.5625, 143.625, 82.0, 99.625, 24.59375, 44.09375, 36.25, 70.25, 55.78125, 34.21875, 73.4375, 117.8125, 124.3125, 127.875, 68.625, 43.375, 128.0, 147.25, 105.6875, 54.03125, 70.6875, 39.9375, 77.5, 9.4375, 39.40625, 119.5625, 74.875, 96.125, 86.0, 86.5625, 105.6875, 83.0, 63.0, 52.34375, 34.78125, 86.6875, 17.203125, 91.0, 50.8125, 122.6875, 105.6875, 57.8125, 141.5, 37.09375, 122.125, 25.453125, 115.0625, 67.75, 109.1875, 130.875, 108.1875, 40.21875, 115.4375, 37.21875, 114.875, 48.03125, 106.625, 85.125, 31.890625, 106.3125, 67.625, 100.0, 81.875, 113.375, 44.8125, 75.4375, 77.0, 77.8125, 100.1875, 110.4375, 28.640625, 20.609375, 25.171875, 96.9375, 96.0, 20.03125, 55.0, 106.875, 44.09375, 24.703125, 107.1875, 87.6875, 61.40625, 121.3125, 21.40625, 99.0625, 90.8125, 68.4375, 77.5, 80.0625, 57.71875, 73.8125, 41.75, 94.0625, 72.1875, 38.28125, 77.4375, 127.3125, 87.6875, 38.28125, 19.71875, 63.8125, 117.3125, 53.09375, 119.5, 97.3125, 113.5625, 79.0, 71.5625, 78.75, 159.75, 110.5, 139.25, 84.125], [98.3125, 28.65625, 69.0, 147.0, 129.0, 169.125, 165.125, 130.75, 179.125, 164.0, 130.75, 187.0, 147.0, 77.6875, 93.125, 173.875, 105.75, 181.75, 52.40625, 116.625, 146.875, 120.1875, 0.0, 145.875, 134.875, 99.875, 55.46875, 184.125, 170.875, 113.3125, 126.25, 169.75, 121.5, 151.5, 152.125, 43.09375, 55.15625, 120.125, 118.6875, 228.75, 2.828125, 111.25, 147.0, 19.109375, 139.75, 24.734375, 188.0, 24.515625, 197.0, 199.875, 152.75, 114.625, 204.875, 168.625, 152.375, 102.4375, 22.015625, 178.125, 167.75, 132.375, 98.0, 80.8125, 51.46875, 140.875, 152.875, 188.5, 111.0, 91.5625, 168.625, 167.875, 168.0, 210.25, 50.625, 175.625, 141.0, 56.75, 194.5, 114.0, 37.125, 30.015625, 146.75, 62.65625, 29.15625, 128.625, 133.0, 148.5, 137.5, 202.5, 24.359375, 152.625, 186.5, 111.125, 80.5, 84.0625, 103.0, 95.25, 133.75, 105.0, 118.5, 20.515625, 56.9375, 155.25, 134.875, 161.125, 27.859375, 14.8671875, 96.5, 107.0, 135.625, 96.75, 110.8125, 159.625, 153.375, 68.0, 182.125, 196.25, 121.625, 169.125, 203.0, 135.5, 139.5, 87.75, 206.875, 136.625, 197.625, 159.5, 87.625, 59.53125, 71.1875, 153.125, 155.25, 135.125, 95.125, 25.296875, 78.25, 123.0, 123.375, 149.5, 127.625, 17.71875, 157.25, 10.7734375, 162.375, 61.28125, 181.125, 130.875, 46.53125, 187.5, 180.75, 42.71875, 173.625, 75.4375, 66.75, 99.1875, 169.625, 193.75, 9.8984375, 111.625, 99.625, 142.75, 216.125, 193.625, 132.25, 97.3125, 103.125, 112.375, 143.375, 135.5, 57.4375, 118.1875, 15.0, 98.8125, 179.75, 205.25, 161.0, 105.25, 150.375, 154.375, 46.40625, 160.125, 29.609375, 92.0, 156.625, 42.8125, 151.0, 136.25, 158.5, 100.625, 113.4375, 170.875, 86.0625, 5.65625, 215.875, 144.375, 179.75, 186.75, 121.0625, 170.625, 175.125, 170.0, 68.25], [47.8125, 173.25, 110.625, 71.5625, 111.6875, 114.625, 107.6875, 32.0, 76.5625, 108.9375, 119.6875, 44.9375, 107.9375, 126.75, 75.4375, 47.0625, 128.25, 36.90625, 100.75, 109.25, 125.3125, 38.0, 145.875, 0.0, 67.5625, 48.3125, 91.25, 42.375, 88.5, 118.0625, 90.625, 38.46875, 43.28125, 110.125, 100.625, 124.3125, 114.5, 106.5, 84.5, 82.8125, 148.75, 90.0, 106.0625, 1