{"name": "LZB_n200_10", "n": 200, "m": 20, "times": [[0.0, 68.0, 104.3125, 90.5, 94.375, 82.0625, 120.4375, 78.4375, 67.9375, 71.6875, 41.875, 65.5625, 29.6875, 136.5, 83.875, 84.5625, 56.875, 122.5625, 75.9375, 91.75, 47.0, 25.9375, 22.203125, 47.125, 51.65625, 98.6875, 98.25, 40.3125, 89.5, 101.625, 106.8125, 101.5, 111.875, 90.4375, 76.0, 59.65625, 107.375, 102.1875, 53.3125, 118.125, 75.75, 55.71875, 62.375, 91.1875, 83.5, 94.3125, 55.78125, 48.09375, 90.9375, 64.75, 58.0625, 26.421875, 88.5, 72.9375, 123.8125, 55.0, 12.53125, 31.015625, 127.9375, 96.1875, 76.3125, 87.25, 81.875, 67.125, 39.4375, 61.0625, 46.03125, 90.4375, 87.125, 78.3125, 97.4375, 96.25, 117.6875, 83.5, 107.5625, 95.6875, 88.75, 60.40625, 57.4375, 81.375, 41.0625, 71.5625, 43.03125, 91.1875, 42.0625, 117.125, 77.9375, 61.90625, 95.5625, 94.3125, 46.8125, 70.1875, 70.625, 44.40625, 98.8125, 100.25, 54.65625, 59.625, 102.875, 21.546875, 73.75, 90.4375, 75.25, 32.75, 52.625, 64.0625, 81.5, 93.0, 72.1875, 53.0, 98.0625, 28.4375, 82.125, 10.296875, 76.6875, 63.6875, 79.0625, 113.5625, 66.6875, 55.90625, 86.375, 73.5625, 126.6875, 64.0, 91.375, 77.0625, 26.921875, 25.5, 79.375, 94.3125, 28.15625, 84.1875, 90.5, 101.0625, 46.3125, 17.890625, 84.375, 100.75, 46.6875, 76.5, 74.8125, 51.46875, 45.625, 83.4375, 83.3125, 102.625, 13.15625, 95.4375, 60.875, 44.5625, 80.0, 108.8125, 105.6875, 35.21875, 69.375, 40.71875, 99.5, 128.875, 76.0, 74.9375, 57.9375, 30.875, 105.125, 54.59375, 74.3125, 90.25, 88.0625, 97.4375, 56.09375, 41.3125, 51.90625, 113.0, 79.5, 140.0, 103.9375, 121.375, 128.125, 85.6875, 65.875, 43.1875, 114.25, 97.0625, 84.1875, 62.625, 78.875, 62.09375, 70.75, 96.5625, 48.15625, 47.625, 63.375, 90.1875, 67.0, 116.75, 60.375, 65.875, 40.8125, 110.4375, 103.8125, 99.3125, 105.1875], [68.0, 0.0, 103.75, 153.0, 124.5625, 149.375, 53.15625, 136.375, 77.0, 54.65625, 109.8125, 117.125, 75.8125, 141.0, 39.59375, 97.3125, 72.4375, 190.375, 131.0, 128.125, 56.4375, 82.875, 47.40625, 27.859375, 112.8125, 139.75, 117.125, 107.6875, 22.015625, 95.25, 173.25, 140.0, 136.875, 154.75, 8.0625, 54.09375, 171.0, 34.21875, 35.15625, 138.5, 18.59375, 20.21875, 46.96875, 72.0, 113.9375, 133.625, 121.625, 54.75, 147.5, 46.15625, 79.875, 94.3125, 89.25, 104.9375, 191.5, 99.25, 74.25, 95.25, 60.15625, 149.0, 135.125, 138.625, 149.25, 77.0, 35.5, 113.625, 112.4375, 67.9375, 19.921875, 62.625, 151.25, 44.71875, 184.625, 131.375, 53.0, 140.0, 98.4375, 65.0, 47.03125, 44.40625, 44.28125, 79.5, 53.09375, 126.9375, 106.8125, 53.84375, 141.875, 8.25, 93.5, 71.5625, 26.40625, 118.3125, 3.162109375, 111.0625, 129.5, 32.53125, 88.3125, 63.0, 51.46875, 87.0, 41.0, 24.328125, 130.125, 100.6875, 109.375, 4.47265625, 124.0625, 153.25, 4.2421875, 115.1875, 147.125, 90.0625, 29.40625, 64.375, 89.0625, 81.25, 139.0, 137.0, 104.8125, 123.6875, 144.875, 136.25, 59.65625, 9.0546875, 114.8125, 90.5, 42.4375, 52.1875, 134.625, 38.0625, 95.0, 81.3125, 124.4375, 39.8125, 112.25, 73.125, 33.84375, 164.875, 63.28125, 111.1875, 131.75, 76.3125, 24.40625, 26.3125, 132.0, 170.625, 79.9375, 149.375, 106.75, 112.3125, 25.0, 48.84375, 127.125, 101.9375, 103.375, 106.0625, 123.6875, 195.875, 117.0625, 14.3203125, 99.9375, 69.0625, 144.875, 81.375, 66.6875, 130.75, 138.125, 95.1875, 91.75, 95.1875, 33.71875, 131.5, 54.5625, 145.125, 145.5, 189.25, 195.875, 97.4375, 131.0, 109.125, 47.15625, 146.125, 149.125, 61.125, 61.09375, 73.75, 86.6875, 163.25, 116.0625, 80.9375, 47.6875, 48.78125, 40.8125, 132.875, 109.75, 7.2109375, 32.25, 127.6875, 42.09375, 165.5, 38.59375], [104.3125, 103.75, 0.0, 124.3125, 49.75, 142.0, 139.0, 102.5625, 36.40625, 150.625, 122.25, 168.875, 77.8125, 37.34375, 71.0625, 182.0, 47.4375, 179.375, 177.125, 60.375, 137.125, 130.125, 106.125, 83.75, 99.4375, 73.0625, 30.8125, 130.25, 117.25, 10.4375, 154.0, 205.75, 214.625, 131.5, 105.75, 53.0, 140.625, 120.0625, 126.0625, 43.84375, 89.4375, 86.0, 140.5, 35.0625, 186.625, 198.625, 147.0, 60.21875, 190.125, 141.125, 47.4375, 118.3125, 16.28125, 176.0, 178.75, 159.25, 116.75, 130.625, 140.625, 99.1875, 174.875, 189.625, 161.75, 37.1875, 114.0625, 83.0, 113.9375, 167.75, 105.6875, 41.21875, 102.3125, 148.25, 165.75, 80.625, 155.375, 199.625, 185.125, 46.0, 59.53125, 146.5, 72.625, 165.5, 132.125, 59.03125, 106.125, 149.375, 169.625, 96.8125, 186.5, 171.75, 85.9375, 174.125, 106.3125, 114.3125, 52.4375, 122.25, 56.75, 47.5, 154.75, 101.75, 141.375, 103.25, 93.375, 121.5, 154.75, 100.5625, 68.9375, 188.5, 105.75, 151.0, 200.875, 130.75, 133.125, 94.0625, 28.796875, 161.375, 176.25, 46.625, 59.03125, 128.75, 108.9375, 114.375, 145.125, 94.875, 193.125, 174.25, 92.125, 116.6875, 96.125, 140.875, 124.0, 173.625, 55.46875, 139.875, 139.5, 89.0625, 137.625, 138.125, 140.875, 53.9375, 98.125, 150.625, 90.9375, 129.75, 82.5625, 167.0, 114.25, 101.5625, 71.0, 121.25, 128.75, 148.625, 38.21875, 110.1875, 53.03125, 107.5, 201.75, 176.75, 180.375, 118.0, 65.1875, 131.75, 209.375, 154.875, 37.5625, 68.0, 87.9375, 8.546875, 58.0625, 83.0, 123.8125, 37.21875, 50.5, 41.4375, 208.125, 180.0, 183.0, 22.09375, 119.0, 137.0, 116.75, 90.375, 172.75, 46.625, 42.96875, 156.75, 168.5, 177.625, 124.9375, 60.15625, 56.875, 65.125, 62.9375, 217.125, 164.25, 109.4375, 85.125, 33.28125, 96.625, 182.0, 110.1875], [90.5, 153.0, 124.3125, 0.0, 79.0, 30.484375, 206.0, 21.84375, 103.75, 160.75, 56.15625, 109.875, 77.875, 135.5, 152.25, 160.0, 97.4375, 56.03125, 107.0, 68.0625, 134.625, 95.875, 112.25, 126.375, 40.21875, 60.40625, 97.1875, 67.0, 175.0, 129.5, 30.015625, 148.0, 170.5, 8.9453125, 160.375, 116.625, 18.4375, 186.125, 143.75, 103.125, 154.25, 135.5, 152.125, 137.375, 145.5, 142.375, 71.3125, 107.1875, 110.125, 154.625, 90.4375, 71.1875, 116.6875, 137.625, 55.0, 116.25, 92.4375, 82.125, 212.375, 32.6875, 98.5, 119.625, 61.21875, 102.875, 129.75, 44.78125, 46.09375, 178.75, 169.5, 129.0, 30.40625, 186.5, 41.4375, 45.0, 197.625, 136.125, 165.0, 107.9375, 120.125, 171.75, 111.75, 153.0, 131.625, 69.0, 48.46875, 205.5, 82.0, 145.375, 176.5, 182.375, 127.3125, 117.125, 156.0, 48.0625, 79.25, 185.25, 77.0, 109.0, 193.25, 68.9375, 164.125, 171.375, 31.046875, 66.5, 97.1875, 148.625, 56.15625, 100.6875, 157.25, 84.75, 129.75, 88.375, 171.875, 90.0625, 100.875, 142.5, 96.125, 96.0, 66.75, 45.28125, 16.03125, 17.0, 212.625, 146.5, 157.125, 154.125, 111.25, 115.5, 28.28125, 184.0, 75.5625, 167.5, 72.0, 189.875, 72.5625, 80.125, 174.375, 13.9296875, 132.0, 70.375, 26.578125, 130.875, 128.625, 172.5, 43.0, 49.25, 84.1875, 29.546875, 56.375, 52.15625, 169.25, 198.125, 96.0625, 56.3125, 72.4375, 49.96875, 162.25, 52.40625, 129.625, 162.875, 63.9375, 113.375, 148.75, 131.375, 120.8125, 60.125, 39.3125, 123.25, 73.8125, 58.6875, 142.375, 103.3125, 136.75, 136.875, 145.375, 57.21875, 59.0625, 103.3125, 26.171875, 73.25, 194.5, 42.375, 78.8125, 113.4375, 130.875, 144.375, 148.25, 72.25, 51.0, 80.4375, 124.8125, 154.25, 132.875, 182.375, 111.4375, 152.875, 121.0625, 104.0625, 179.125, 77.25, 185.25], [94.375, 124.5625, 49.75, 79.0, 0.0, 101.875, 170.625, 58.40625, 49.03125, 158.5, 94.1875, 149.875, 64.875, 56.875, 104.0, 178.875, 52.15625, 135.0, 154.625, 11.1796875, 138.25, 116.5, 106.3125, 98.0, 65.5, 23.328125, 19.3125, 105.0, 143.375, 57.8125, 109.0, 189.75, 204.5, 87.125, 129.375, 71.5625, 93.625, 150.125, 134.75, 26.921875, 116.1875, 104.375, 148.125, 75.0, 176.125, 182.75, 119.625, 70.0625, 164.625, 149.625, 45.0, 96.9375, 48.90625, 165.875, 134.0, 145.75, 104.9375, 111.1875, 174.25, 50.4375, 149.75, 167.875, 126.875, 48.75, 120.25, 46.15625, 82.9375, 177.25, 133.625, 72.875, 53.59375, 168.0, 120.125, 34.0, 177.375, 181.0, 183.0, 60.21875, 78.25, 160.625, 82.0, 165.125, 133.5, 10.046875, 76.375, 176.875, 140.0, 116.4375, 188.5, 181.375, 100.0, 156.375, 127.6875, 84.0625, 5.0, 151.125, 40.8125, 62.15625, 175.125, 81.8125, 154.0, 133.0, 49.8125, 97.625, 135.125, 120.4375, 23.53125, 159.875, 127.875, 127.5625, 179.25, 113.875, 152.0, 86.0, 38.46875, 157.875, 149.875, 20.609375, 28.015625, 95.75, 63.0, 72.75, 177.25, 115.75, 185.125, 171.375, 95.6875, 115.4375, 51.25, 162.25, 103.3125, 176.5, 7.0703125, 164.25, 114.3125, 76.5, 156.0, 92.0625, 139.625, 18.03125, 54.90625, 145.75, 104.0, 150.25, 36.0, 125.75, 99.3125, 53.15625, 37.53125, 91.8125, 148.125, 173.25, 17.265625, 83.625, 25.078125, 78.4375, 192.75, 130.5, 165.5, 138.25, 37.1875, 125.25, 192.375, 149.0, 64.875, 19.234375, 40.1875, 51.84375, 38.625, 57.375, 132.625, 25.0, 83.1875, 58.6875, 190.25, 136.125, 138.0, 34.21875, 80.625, 112.6875, 151.75, 41.125, 140.875, 65.0, 75.125, 155.625, 165.0, 141.75, 94.5625, 48.75, 79.5625, 101.5625, 88.3125, 210.75, 147.375, 128.125, 96.0625, 25.171875, 132.5, 146.5, 143.625], [82.0625, 149.375, 142.0, 30.484375, 101.875, 0.0, 202.25, 44.375, 115.3125, 146.625, 40.8125, 84.125, 80.0625, 158.625, 156.5, 138.625, 106.75, 41.6875, 79.0625, 91.75, 120.3125, 79.1875, 104.125, 125.1875, 44.15625, 86.8125, 118.25, 47.9375, 171.25, 145.375, 26.0, 120.3125, 144.25, 22.46875, 157.25, 122.9375, 35.5, 183.5, 133.5, 127.75, 154.25, 134.375, 139.25, 148.375, 121.0, 115.125, 46.03125, 111.875, 80.5, 142.0, 101.1875, 57.4375, 131.625, 114.1875, 42.4375, 93.75, 79.875, 64.0625, 209.5, 61.625, 69.9375, 91.0625, 30.8125, 114.3125, 120.875, 59.0, 37.1875, 163.5, 167.75, 138.25, 59.8125, 177.0, 35.8125, 68.9375, 188.5, 107.9375, 143.75, 116.375, 124.8125, 160.375, 113.0, 134.25, 118.1875, 92.4375, 43.90625, 199.125, 52.40625, 142.625, 156.75, 166.75, 125.625, 91.25, 152.125, 38.40625, 103.1875, 181.875, 88.3125, 117.0, 183.375, 62.46875, 152.875, 170.375, 52.1875, 51.3125, 73.1875, 145.25, 78.3125, 70.5, 153.625, 60.0625, 100.6875, 70.75, 163.625, 85.125, 115.5, 123.25, 67.0625, 120.8125, 83.0, 26.625, 43.28125, 29.125, 208.625, 144.25, 133.0, 133.5, 107.0625, 104.625, 51.625, 175.875, 59.53125, 149.0, 94.8125, 183.0, 50.21875, 77.6875, 165.625, 28.859375, 116.375, 89.4375, 47.125, 112.5625, 125.75, 165.25, 67.0625, 25.171875, 72.1875, 58.59375, 71.0, 37.65625, 161.875, 190.5, 119.125, 47.5, 89.0, 44.09375, 137.125, 46.75, 104.1875, 157.0, 77.25, 97.9375, 120.625, 112.0625, 130.75, 84.4375, 65.3125, 139.25, 85.8125, 63.875, 132.375, 126.875, 144.25, 160.5, 117.0625, 41.15625, 46.875, 120.0625, 23.1875, 51.9375, 194.25, 70.5, 48.5625, 121.4375, 139.75, 126.5, 128.125, 42.1875, 34.40625, 89.0, 130.25, 160.25, 137.25, 157.25, 87.0, 147.75, 119.1875, 126.875, 181.125, 47.1875, 185.0], [120.4375, 53.15625, 139.0, 206.0, 170.625, 202.25, 0.0, 188.875, 121.5625, 80.5, 162.25, 161.0, 128.5, 174.25, 68.375, 125.0625, 120.0, 243.0, 175.625, 175.875, 96.8125, 131.875, 98.875, 79.875, 165.875, 188.375, 159.625, 159.25, 31.140625, 129.0, 226.375, 175.5, 165.0, 207.875, 45.59375, 99.3125, 224.125, 20.609375, 75.625, 179.625, 54.78125, 71.0, 79.3125, 104.0, 148.25, 170.125, 172.0, 103.8125, 192.125, 76.875, 127.9375, 146.375, 127.875, 141.375, 244.25, 142.0, 125.1875, 145.625, 9.0546875, 200.5, 181.375, 180.875, 200.25, 121.8125, 83.75, 165.625, 165.5, 81.625, 37.5625, 100.0, 202.75, 43.1875, 237.625, 182.0, 38.28125, 178.625, 124.0, 110.6875, 93.0625, 61.125, 95.5, 109.5625, 95.4375, 174.625, 160.0, 18.03125, 190.625, 60.59375, 112.75, 83.1875, 78.8125, 160.625, 50.25, 164.0, 175.375, 20.8125, 138.25, 108.8125, 43.40625, 140.0, 64.9375, 37.65625, 182.375, 152.75, 156.125, 57.5, 173.75, 199.75, 48.90625, 163.875, 187.75, 139.875, 45.59375, 117.4375, 132.625, 115.9375, 185.75, 179.75, 154.375, 176.25, 197.5, 189.25, 6.70703125, 59.625, 145.125, 120.3125, 95.5, 101.25, 186.75, 37.0625, 146.375, 104.0625, 171.75, 27.015625, 162.75, 126.25, 46.6875, 218.0, 103.75, 159.5, 184.125, 115.8125, 77.4375, 41.4375, 182.875, 222.875, 131.625, 201.0, 158.0, 165.0, 44.9375, 27.203125, 169.625, 154.875, 152.125, 159.125, 153.0, 248.875, 156.25, 46.03125, 150.75, 115.375, 180.625, 120.3125, 106.875, 179.625, 189.25, 131.125, 141.75, 147.875, 75.5625, 172.5, 89.6875, 178.25, 182.125, 241.75, 248.5, 139.5, 184.125, 159.75, 24.703125, 196.75, 198.5, 105.625, 97.875, 107.875, 118.9375, 213.625, 168.625, 131.5, 91.0625, 74.0, 82.25, 155.875, 153.5, 54.5625, 85.0, 168.5, 43.5625, 215.375, 29.0625], [78.4375, 136.375, 102.5625, 21.84375, 58.40625, 44.375, 188.875, 0.0, 82.375, 150.125, 52.8125, 111.0, 60.53125, 115.25, 132.375, 155.25, 76.625, 77.125, 111.0, 47.84375, 124.8125, 89.375, 99.0625, 109.0, 27.078125, 42.5, 76.0, 64.875, 158.125, 107.6875, 51.46875, 150.75, 170.875, 29.0625, 143.375, 96.4375, 39.34375, 168.625, 131.0, 83.6875, 135.875, 117.875, 140.75, 115.8125, 144.25, 144.5, 74.125, 87.6875, 117.125, 143.125, 69.3125, 64.5, 94.875, 135.375, 76.3125, 113.75, 83.125, 77.6875, 194.875, 21.03125, 103.8125, 124.25, 72.4375, 81.5, 116.375, 24.078125, 40.53125, 168.75, 151.875, 107.9375, 20.875, 172.5, 63.15625, 24.734375, 183.5, 139.75, 160.125, 87.1875, 100.4375, 159.25, 93.625, 146.0, 121.1875, 48.65625, 39.125, 189.75, 89.8125, 128.5, 170.125, 172.5, 110.125, 118.1875, 139.375, 42.4375, 59.21875, 168.125, 56.03125, 88.4375, 179.375, 57.4375, 151.625, 153.25, 9.21875, 61.40625, 96.9375, 131.875, 35.0625, 109.625, 140.5, 85.875, 135.125, 83.0, 157.25, 75.875, 79.125, 136.25, 102.4375, 76.625, 44.9375, 46.875, 8.6015625, 15.8125, 195.5, 129.25, 155.25, 148.75, 95.75, 103.9375, 7.28125, 169.25, 70.0625, 160.0, 51.34375, 174.375, 72.5, 65.1875, 160.25, 35.75, 123.1875, 48.65625, 5.0, 124.125, 112.0, 157.5, 22.796875, 67.4375, 75.0, 18.96875, 35.0, 49.03125, 154.375, 182.875, 75.6875, 48.25, 50.59375, 41.1875, 161.25, 74.1875, 129.75, 147.125, 42.71875, 105.0, 152.25, 125.5, 99.625, 40.25, 21.09375, 101.375, 52.6875, 41.1875, 129.375, 83.1875, 116.0, 116.875, 149.25, 78.0, 80.5, 81.5, 26.90625, 72.25, 175.875, 27.59375, 88.625, 92.8125, 109.8125, 137.0, 142.625, 85.9375, 49.65625, 60.21875, 104.8125, 133.875, 113.1875, 181.0, 111.0625, 136.875, 104.125, 83.625, 159.75, 90.9375, 166.875], [67.9375, 77.0, 36.40625, 103.75, 49.03125, 115.3125, 121.5625, 82.375, 0.0, 117.8125, 89.5625, 132.875, 42.71875, 70.8125, 55.46875, 146.5, 11.1796875, 155.375, 141.75, 55.0, 102.0625, 93.8125, 70.4375, 52.40625, 71.1875, 68.125, 40.1875, 96.3125, 94.75, 34.1875, 131.625, 169.5, 178.375, 109.375, 81.125, 23.015625, 121.6875, 101.125, 93.25, 61.65625, 67.25, 57.21875, 107.4375, 33.625, 150.375, 162.25, 113.375, 25.5, 155.25, 108.4375, 14.140625, 83.5, 20.59375, 139.75, 155.25, 122.875, 80.4375, 95.0625, 125.25, 86.3125, 140.125, 153.875, 131.0, 1.0, 80.0625, 59.09375, 83.0, 135.75, 84.75, 26.171875, 89.1875, 121.4375, 143.75, 66.5, 130.0, 163.5, 149.75, 12.1640625, 30.0, 116.4375, 38.46875, 130.375, 97.0625, 53.65625, 75.0, 128.25, 136.25, 69.125, 152.125, 139.875, 54.5625, 137.875, 80.0, 83.0, 53.84375, 102.1875, 27.203125, 14.140625, 128.375, 67.1875, 110.4375, 83.9375, 73.5625, 87.3125, 119.0, 73.125, 55.96875, 154.5, 80.0, 116.0625, 165.0, 94.8125, 105.5625, 57.6875, 12.1640625, 125.625, 141.75, 60.03125, 38.40625, 98.0, 90.1875, 90.5, 128.125, 68.0, 157.0, 138.625, 56.875, 80.9375, 77.375, 115.0625, 88.875, 139.375, 50.5625, 116.125, 105.25, 53.3125, 109.75, 117.625, 105.4375, 40.0, 77.4375, 114.625, 59.1875, 103.1875, 67.9375, 140.375, 78.25, 87.875, 47.40625, 89.1875, 101.375, 125.1875, 50.09375, 77.4375, 33.9375, 76.0, 165.5, 155.25, 144.0, 91.125, 39.8125, 95.5, 173.125, 118.8125, 17.6875, 59.90625, 74.25, 29.53125, 30.078125, 52.15625, 91.0, 54.90625, 35.59375, 74.625, 171.875, 155.5, 159.75, 21.1875, 92.1875, 102.625, 102.9375, 80.0625, 140.125, 16.125, 28.28125, 121.375, 132.75, 147.0, 93.125, 27.0, 30.59375, 54.21875, 39.28125, 181.25, 128.125, 81.375, 52.1875, 51.1875, 84.125, 151.125, 94.6875], [71.6875, 54.65625, 150.625, 160.75, 158.5, 146.625, 80.5, 150.125, 117.8125, 0.0, 106.625, 85.125, 96.1875, 187.5, 93.875, 45.40625, 109.4375, 183.0, 99.875, 158.5, 26.40625, 67.625, 53.09375, 66.875, 123.1875, 167.5, 156.5, 98.875, 60.625, 143.625, 172.625, 95.0625, 85.8125, 159.375, 58.59375, 97.625, 176.5, 72.6875, 24.59375, 178.0, 73.25, 66.0625, 10.4375, 122.9375, 67.75, 89.8125, 106.375, 92.3125, 115.625, 9.4375, 114.8125, 90.25, 134.75, 61.40625, 185.0, 66.0, 68.3125, 82.875, 89.5625, 167.75, 107.1875, 102.875, 135.25, 117.375, 38.3125, 132.125, 114.8125, 19.03125, 68.6875, 111.625, 169.125, 39.21875, 182.125, 154.0, 49.1875, 98.75, 45.34375, 106.0, 91.0625, 19.640625, 79.3125, 29.0625, 29.125, 157.625, 112.5625, 67.75, 120.25, 58.0625, 38.84375, 23.09375, 64.6875, 83.25, 53.84375, 112.875, 163.375, 68.5, 117.875, 104.1875, 42.9375, 92.75, 16.125, 74.125, 146.875, 95.875, 84.1875, 55.4375, 150.375, 125.125, 55.5625, 94.9375, 108.5, 76.1875, 36.125, 76.0, 129.625, 36.0625, 112.0, 175.0, 133.125, 120.3125, 157.875, 144.125, 84.375, 60.96875, 65.0, 40.0, 62.8125, 46.28125, 151.125, 43.5625, 87.25, 26.828125, 156.125, 53.59375, 98.75, 87.0, 34.0, 169.625, 30.8125, 141.875, 146.5, 39.21875, 59.6875, 41.3125, 154.0, 162.0, 76.5625, 167.125, 130.125, 110.3125, 38.625, 56.625, 165.75, 104.375, 134.0, 110.875, 73.25, 192.25, 76.875, 45.3125, 125.5, 48.75, 100.125, 42.71875, 113.1875, 158.625, 159.125, 142.125, 120.5, 112.125, 26.828125, 171.75, 105.625, 191.5, 101.8125, 181.125, 188.875, 138.875, 135.0, 96.25, 90.125, 168.125, 128.75, 104.25, 110.625, 28.234375, 38.46875, 145.75, 112.8125, 109.8125, 94.3125, 103.0625, 90.25, 79.375, 77.6875, 47.4375, 65.75, 168.25, 93.4375, 146.375, 84.375], [41.875, 109.8125, 122.25, 56.15625, 94.1875, 40.8125, 162.25, 52.8125, 89.5625, 106.625, 0.0, 58.65625, 48.03125, 147.125, 121.4375, 104.0625, 79.1875, 80.75, 60.8125, 87.0625, 80.25, 40.03125, 63.625, 87.25, 29.828125, 88.25, 105.5625, 12.0859375, 131.375, 123.0, 66.375, 98.8125, 118.125, 53.375, 117.8125, 90.9375, 70.3125, 144.0, 92.625, 121.0, 116.375, 96.25, 98.8125, 120.0625, 91.5, 92.3125, 25.546875, 79.0625, 70.4375, 101.5625, 75.9375, 16.640625, 108.875, 82.75, 82.0625, 61.1875, 39.125, 26.015625, 169.75, 73.75, 55.59375, 74.25, 42.75, 88.5625, 80.125, 48.78125, 12.53125, 124.0, 128.75, 108.3125, 73.6875, 136.25, 76.625, 69.375, 147.625, 88.625, 109.0, 87.0, 91.25, 119.6875, 77.1875, 96.875, 77.8125, 87.125, 17.796875, 158.5, 47.4375, 103.5, 120.4375, 127.4375, 87.3125, 65.75, 112.4375, 10.8203125, 97.3125, 142.125, 65.5, 87.0625, 142.5, 25.0, 112.1875, 131.75, 54.59375, 10.7734375, 44.28125, 105.8125, 73.5625, 66.6875, 114.0, 34.21875, 85.5625, 32.25, 122.9375, 46.53125, 93.625, 86.375, 55.75, 114.8125, 68.125, 14.2109375, 58.25, 41.1875, 168.5, 105.375, 102.625, 98.0, 67.9375, 63.8125, 57.28125, 135.125, 19.640625, 111.4375, 88.0625, 142.375, 20.609375, 41.5, 124.8125, 63.3125, 76.875, 77.375, 51.46875, 74.8125, 86.8125, 124.625, 68.25, 60.8125, 31.40625, 71.8125, 56.875, 4.0, 121.1875, 149.75, 109.8125, 12.1640625, 73.375, 15.8125, 108.5, 87.4375, 77.0625, 116.6875, 59.46875, 58.1875, 100.6875, 75.25, 102.0, 82.0625, 70.3125, 117.5, 64.5, 39.5625, 91.625, 117.875, 112.4375, 149.875, 98.0, 79.5, 86.3125, 100.5625, 30.015625, 19.71875, 155.625, 78.6875, 50.625, 91.1875, 109.4375, 88.4375, 92.0625, 58.5625, 6.40234375, 62.8125, 97.0625, 126.375, 102.875, 128.375, 58.3125, 107.6875, 81.0, 116.625, 144.0, 62.1875, 146.5], [65.5625, 117.125, 168.875, 109.875, 149.875, 84.125, 161.0, 111.0, 132.875, 85.125, 58.65625, 0.0, 91.25, 198.75, 144.5, 59.03125, 121.625, 109.5, 14.765625, 144.0, 64.25, 39.84375, 74.25, 106.5, 88.1875, 146.5, 158.375, 46.65625, 134.125, 166.875, 108.125, 40.21875, 60.625, 104.375, 124.625, 124.9375, 119.5, 147.75, 85.75, 176.125, 131.125, 113.0625, 82.75, 156.5, 37.21875, 33.625, 38.625, 113.5625, 31.015625, 85.4375, 121.5625, 53.03125, 153.375, 32.3125, 112.0625, 19.234375, 53.15625, 39.0625, 169.875, 132.0, 22.671875, 22.203125, 60.40625, 132.0, 81.625, 106.375, 71.1875, 96.1875, 136.75, 143.625, 131.75, 123.5625, 114.125, 127.875, 134.125, 31.234375, 63.96875, 125.9375, 122.0, 103.9375, 105.25, 61.5625, 65.8125, 143.875, 75.4375, 151.125, 39.40625, 114.25, 79.25, 98.3125, 105.3125, 7.28125, 118.5625, 69.4375, 153.625, 144.375, 115.0, 125.1875, 127.9375, 68.875, 97.9375, 141.375, 113.25, 52.625, 14.8671875, 114.625, 131.0, 40.0, 120.5, 25.296875, 32.5625, 38.09375, 115.6875, 75.75, 140.5, 50.9375, 27.65625, 170.375, 122.375, 65.125, 115.5, 97.75, 166.0, 117.1875, 49.375, 56.3125, 87.125, 66.0, 115.8125, 126.125, 46.6875, 75.4375, 144.375, 135.625, 38.46875, 79.75, 115.4375, 112.625, 57.375, 132.25, 110.0, 46.15625, 102.0625, 119.625, 126.75, 89.25, 54.59375, 129.875, 112.5625, 62.1875, 116.125, 140.375, 164.25, 67.0, 126.75, 73.25, 53.03125, 121.8125, 20.03125, 116.9375, 113.1875, 48.15625, 42.53125, 42.4375, 139.875, 139.75, 129.0, 162.375, 115.25, 92.625, 86.125, 172.125, 143.875, 202.0, 40.3125, 106.875, 115.125, 149.0, 85.6875, 38.9375, 163.375, 137.375, 47.84375, 128.125, 144.0, 57.625, 52.625, 65.75, 61.3125, 109.5625, 127.8125, 152.125, 130.0, 73.125, 7.6171875, 111.8125, 100.6875, 170.125, 158.5, 65.0, 155.375], [29.6875, 75.8125, 77.8125, 77.875, 64.875, 80.0625, 128.5, 60.53125, 42.71875, 96.1875, 48.03125, 91.25, 0.0, 107.9375, 76.5625, 114.0625, 31.78125, 121.625, 99.3125, 63.0625, 74.0, 53.75, 43.09375, 48.59375, 38.28125, 71.375, 68.75, 53.75, 97.625, 76.875, 101.0, 129.375, 141.25, 80.75, 82.9375, 43.40625, 96.1875, 108.4375, 74.1875, 88.5, 76.375, 57.625, 86.0625, 72.0, 112.8125, 122.125, 70.875, 31.953125, 112.625, 88.0, 30.40625, 40.8125, 62.96875, 102.3125, 122.1875, 83.4375, 41.125, 52.78125, 134.625, 74.3125, 97.4375, 111.8125, 90.5625, 41.75, 59.125, 38.28125, 43.96875, 115.1875, 91.6875, 60.3125, 76.1875, 113.3125, 112.875, 58.40625, 123.9375, 122.3125, 118.125, 39.0, 44.78125, 101.8125, 33.96875, 100.3125, 69.4375, 62.375, 36.40625, 129.25, 93.875, 67.9375, 123.9375, 119.25, 49.65625, 96.8125, 78.875, 43.40625, 69.4375, 107.625, 25.0, 39.0625, 120.3125, 24.515625, 94.5, 93.4375, 54.625, 44.71875, 77.0, 71.375, 54.15625, 111.8125, 79.9375, 73.375, 123.0625, 53.25, 97.75, 21.1875, 49.25, 93.0625, 99.0625, 83.875, 37.65625, 58.46875, 69.125, 61.53125, 135.125, 68.8125, 121.0, 106.4375, 36.125, 51.1875, 59.09375, 109.4375, 46.25, 112.0625, 61.34375, 114.125, 62.59375, 12.0390625, 100.9375, 90.5, 74.9375, 47.15625, 55.9375, 80.9375, 51.46875, 97.5, 58.6875, 104.1875, 37.0, 74.3125, 34.0, 48.375, 94.5625, 122.75, 76.0, 36.21875, 39.8125, 36.6875, 129.0, 124.5625, 104.125, 86.8125, 29.421875, 60.40625, 132.625, 84.25, 54.0, 62.5, 64.3125, 71.875, 26.421875, 19.421875, 72.25, 83.4375, 65.0, 111.3125, 131.0, 121.1875, 126.6875, 57.6875, 58.53125, 59.90625, 116.6875, 73.0, 98.1875, 43.1875, 61.53125, 90.8125, 100.1875, 106.5, 52.46875, 18.4375, 50.34375, 80.25, 57.25, 146.5, 87.1875, 76.5, 43.5625, 80.9375, 102.0, 110.25, 107.5], [136.5, 141.0, 37.34375, 135.5, 56.875, 158.625, 174.25, 115.25, 70.8125, 187.5, 147.125, 198.75, 107.9375, 0.0, 107.1875, 217.25, 80.9375, 191.5, 205.5, 67.5, 172.875, 161.625, 141.25, 120.75, 120.3125, 76.0, 41.625, 156.75, 154.0, 46.09375, 165.25, 237.25, 248.25, 143.75, 142.875, 89.875, 149.0, 155.875, 162.875, 33.25, 126.375, 123.3125, 177.25, 70.875, 219.875, 230.125, 172.625, 95.9375, 217.125, 178.0, 78.5, 146.5, 52.78125, 209.25, 190.25, 191.25, 148.625, 159.875, 175.0, 105.0, 202.0, 218.5, 182.75, 71.375, 150.375, 101.5, 137.0, 204.875, 142.25, 78.4375, 108.0625, 185.5, 176.125, 90.6875, 192.375, 230.0, 220.625, 81.8125, 96.625, 183.875, 108.75, 201.25, 167.875, 66.625, 129.75, 185.5, 194.125, 134.125, 222.75, 208.875, 123.0, 204.625, 143.625, 137.75, 56.21875, 158.375, 83.8125, 83.5, 191.875, 130.125, 178.625, 139.5, 106.6875, 148.5, 184.25, 137.875, 80.4375, 213.75, 143.0, 178.75, 229.875, 161.0, 170.5, 126.5625, 60.21875, 196.25, 202.75, 40.125, 79.1875, 150.75, 119.4375, 129.625, 180.125, 132.25, 227.125, 209.5, 127.625, 151.625, 108.0625, 178.0, 152.5, 210.0, 63.9375, 176.75, 166.25, 119.875, 174.875, 148.125, 176.25, 70.5625, 111.8125, 185.125, 127.875, 167.0, 92.625, 182.625, 145.0, 108.0, 91.0, 145.375, 166.0, 185.375, 39.625, 135.625, 73.8125, 131.5, 235.5, 186.0, 212.0, 155.25, 87.6875, 165.625, 240.5, 189.125, 74.875, 75.3125, 96.1875, 45.875, 83.75, 107.9375, 160.625, 32.125, 87.3125, 4.125, 238.875, 192.625, 194.125, 50.9375, 137.125, 164.125, 151.0, 95.0625, 195.875, 83.25, 80.0625, 192.25, 203.5, 198.0, 148.5, 89.5, 94.125, 100.375, 100.25, 251.75, 195.125, 146.75, 121.8125, 31.78125, 131.0, 202.75, 145.125], [83.875, 39.59375, 71.0625, 152.25, 104.0, 156.5, 68.375, 132.375, 55.46875, 93.875, 121.4375, 144.5, 76.5625, 107.1875, 0.0, 134.75, 56.84375, 198.125, 157.125, 110.5, 91.0, 106.0, 70.25, 38.0625, 114.25, 123.5625, 91.6875, 123.25, 47.125, 61.28125, 177.25, 173.0, 173.25, 156.25, 38.28125, 36.0625, 170.75, 49.0, 72.1875, 111.3125, 21.40625, 32.0, 85.4375, 36.34375, 148.375, 166.125, 139.5, 45.21875, 173.0, 85.0, 64.8125, 108.9375, 59.53125, 138.5, 198.75, 128.75, 94.1875, 114.75, 70.8125, 140.0, 159.125, 166.625, 163.875, 55.9375, 66.75, 108.3125, 119.9375, 107.5, 35.15625, 31.78125, 142.625, 80.5, 189.25, 120.4375, 86.0625, 171.0, 136.375, 46.40625, 32.1875, 83.75, 44.28125, 116.875, 86.75, 109.125, 112.6875, 78.4375, 161.75, 36.0625, 132.625, 111.125, 39.21875, 147.25, 41.125, 119.125, 108.625, 51.25, 77.125, 44.8125, 86.375, 96.4375, 80.625, 32.25, 124.4375, 114.75, 134.0, 38.40625, 110.6875, 176.375, 39.8125, 136.5, 176.375, 111.25, 67.125, 75.9375, 65.5625, 116.875, 162.25, 111.625, 92.0, 133.75, 140.75, 136.875, 74.6875, 33.0, 150.875, 127.5, 58.03125, 79.0625, 128.75, 72.5, 111.8125, 120.1875, 106.0, 69.9375, 130.0, 80.0625, 71.5625, 165.625, 97.125, 95.1875, 127.375, 109.75, 42.75, 62.78125, 121.6875, 180.375, 97.0, 141.125, 98.3125, 122.75, 62.6875, 78.3125, 101.625, 110.875, 88.5, 112.75, 159.875, 200.875, 148.5, 52.1875, 90.5625, 97.3125, 177.5, 114.8125, 39.21875, 115.25, 128.0, 63.0, 80.75, 94.3125, 70.3125, 104.25, 21.375, 111.3125, 177.625, 197.625, 203.25, 71.5625, 135.0, 126.9375, 47.75, 134.625, 167.875, 40.8125, 29.609375, 110.0, 123.0, 179.25, 126.875, 72.1875, 27.59375, 9.21875, 19.421875, 170.625, 137.875, 46.6875, 44.0, 100.125, 28.65625, 182.375, 40.03125], [84.5625, 97.3125, 182.0, 160.0, 178.875, 138.625, 125.0625, 155.25, 146.5, 45.40625, 104.0625, 59.03125, 114.0625, 217.25, 134.75, 0.0, 136.375, 168.0, 71.5625, 176.25, 45.34375, 66.125, 76.0625, 101.8125, 128.875, 182.5, 181.5, 93.0, 105.875, 176.75, 164.0, 52.9375, 40.4375, 156.25, 102.4375, 130.125, 172.625, 118.0625, 62.625, 202.0, 115.4375, 104.0, 50.59375, 159.125, 27.203125, 49.25, 92.9375, 121.8125, 84.375, 51.9375, 139.75, 90.8125, 165.75, 26.921875, 170.5, 44.90625, 74.9375, 78.125, 134.0, 175.375, 81.125, 69.3125, 118.625, 145.875, 69.8125, 143.125, 115.375, 45.875, 113.3125, 146.75, 175.875, 82.3125, 171.25, 166.0, 90.4375, 59.90625, 5.09765625, 136.0, 124.5625, 64.0, 109.625, 17.890625, 50.25, 175.75, 116.25, 110.75, 98.4375, 98.8125, 20.609375, 46.25, 99.8125, 53.84375, 97.125, 113.375, 183.375, 113.875, 138.75, 134.5, 84.1875, 100.6875, 61.53125, 118.6875, 154.75, 94.25, 66.0, 97.0625, 165.375, 96.375, 99.0, 79.0625, 71.375, 72.3125, 81.5, 93.0625, 157.25, 21.09375, 86.0625, 197.75, 151.25, 115.1875, 161.75, 145.125, 128.375, 101.9375, 20.390625, 7.80859375, 89.9375, 65.625, 158.375, 88.0, 85.375, 21.84375, 175.0, 98.0, 88.5625, 102.4375, 79.1875, 165.625, 41.125, 161.0, 152.875, 33.09375, 95.0, 86.6875, 165.375, 147.375, 82.0, 174.0, 144.875, 108.0625, 84.0, 99.625, 189.5, 107.0625, 153.875, 114.125, 28.0, 179.75, 42.625, 90.0, 142.5, 53.71875, 57.9375, 30.359375, 146.375, 174.25, 169.375, 174.125, 140.375, 124.625, 64.4375, 196.5, 142.75, 221.0, 60.40625, 165.5, 173.75, 166.625, 134.0, 87.25, 135.5, 178.375, 106.875, 135.75, 146.25, 25.5, 13.890625, 124.75, 109.0, 131.25, 129.125, 143.75, 127.1875, 36.0625, 53.5, 90.25, 98.5, 193.625, 137.875, 123.9375, 129.625], [56.875, 72.4375, 47.4375, 97.4375, 52.15625, 106.75, 120.0, 76.625, 11.1796875, 109.4375, 79.1875, 121.625, 31.78125, 80.9375, 56.84375, 136.375, 0.0, 147.375, 130.5, 56.03125, 92.4375, 82.6875, 60.46875, 46.03125, 62.65625, 68.375, 47.125, 85.5, 91.6875, 45.3125, 124.375, 158.375, 167.625, 102.4375, 77.4375, 21.09375, 115.6875, 99.375, 85.0625, 68.6875, 65.1875, 52.25, 99.0, 41.78125, 139.5, 151.125, 102.5625, 18.03125, 144.25, 100.25, 8.0625, 72.5625, 31.765625, 128.875, 147.5, 111.8125, 69.3125, 83.9375, 124.375, 83.125, 129.0, 142.75, 121.0625, 10.296875, 71.3125, 52.6875, 73.25, 127.75, 82.5625, 31.78125, 85.8125, 116.0, 136.5, 63.59375, 125.1875, 152.375, 139.875, 10.6328125, 26.921875, 109.5, 30.59375, 120.625, 87.4375, 54.8125, 65.25, 125.1875, 125.625, 64.25, 142.75, 131.875, 48.09375, 126.75, 75.5625, 73.125, 57.125, 99.9375, 20.609375, 12.0390625, 123.0, 56.28125, 103.1875, 82.4375, 68.25, 76.5, 107.8125, 68.25, 54.21875, 143.625, 75.8125, 105.0, 153.875, 83.625, 100.0, 46.625, 20.8125, 115.4375, 130.75, 66.125, 35.21875, 88.1875, 84.8125, 83.1875, 126.625, 63.625, 146.375, 128.625, 47.40625, 70.8125, 72.375, 110.1875, 77.8125, 130.125, 52.1875, 112.125, 94.375, 42.15625, 104.0625, 111.125, 95.4375, 39.5625, 71.625, 104.25, 52.34375, 98.0625, 64.8125, 131.75, 67.0625, 84.3125, 41.875, 79.0, 96.0, 121.1875, 56.5, 67.0625, 32.1875, 66.125, 154.875, 148.125, 132.875, 86.125, 34.0625, 84.875, 162.0, 108.3125, 24.046875, 59.625, 71.1875, 40.71875, 24.078125, 42.96875, 82.875, 62.3125, 39.40625, 84.625, 160.75, 147.375, 151.875, 30.234375, 83.8125, 91.6875, 103.0625, 77.9375, 129.625, 16.28125, 33.53125, 111.5, 122.625, 137.0, 83.0, 17.71875, 29.6875, 57.375, 38.59375, 170.875, 117.0, 76.0, 44.71875, 58.875, 85.1875, 141.0, 94.4375], [122.5625, 190.375, 179.375, 56.03125, 135.0, 41.6875, 243.0, 77.125, 155.375, 183.0, 80.75, 109.5, 121.625, 191.5, 198.125, 168.0, 147.375, 0.0, 99.625, 124.125, 157.0, 115.8125, 144.25, 166.75, 84.875, 116.0, 153.0, 85.125, 212.0, 183.75, 26.171875, 138.25, 164.875, 48.03125, 198.375, 164.25, 44.28125, 224.625, 172.25, 158.875, 195.875, 175.875, 176.625, 188.75, 146.25, 134.75, 77.0, 153.375, 94.0, 179.375, 141.375, 96.875, 170.375, 141.625, 3.162109375, 123.6875, 118.875, 100.625, 250.5, 87.3125, 89.4375, 108.375, 49.40625, 154.375, 160.5, 97.0625, 78.75, 198.625, 209.0, 179.125, 84.5, 215.75, 17.0, 101.0, 227.125, 125.1875, 173.0, 157.25, 166.375, 198.25, 154.75, 166.875, 155.625, 125.0625, 85.5625, 239.0, 70.625, 183.875, 187.5, 201.5, 167.0, 115.6875, 193.125, 79.875, 135.25, 222.75, 128.125, 158.0, 221.75, 103.8125, 190.875, 211.875, 86.1875, 90.5, 102.5625, 186.375, 112.0, 81.0, 194.625, 89.875, 115.0, 107.1875, 203.125, 126.375, 154.375, 155.625, 85.0, 151.875, 120.6875, 66.6875, 72.0625, 65.3125, 249.25, 185.625, 158.375, 164.125, 148.25, 143.625, 84.0, 215.25, 97.75, 181.625, 128.0, 222.75, 84.3125, 119.25, 204.75, 43.5625, 152.25, 125.5625, 81.3125, 146.375, 167.0, 205.125, 99.0, 21.09375, 111.75, 84.1875, 109.25, 78.125, 201.5, 230.0, 152.125, 88.8125, 126.5625, 85.75, 160.625, 14.8671875, 128.5, 197.375, 116.1875, 134.625, 137.0, 144.875, 171.375, 116.125, 95.25, 177.5, 125.4375, 104.9375, 171.375, 159.375, 185.5, 192.75, 133.0, 3.162109375, 5.83203125, 157.875, 63.6875, 86.8125, 235.625, 97.3125, 62.8125, 162.5, 180.75, 160.125, 159.375, 46.03125, 74.4375, 129.75, 171.75, 201.75, 178.875, 180.0, 114.5, 188.375, 160.625, 160.125, 222.75, 49.03125, 226.5], [75.9375, 131.0, 177.125, 107.0, 154.625, 79.0625, 175.625, 111.0, 141.75, 99.875, 60.8125, 14.765625, 99.3125, 205.5, 157.125, 71.5625, 130.5, 99.625, 0.0, 147.75, 78.9375, 51.25, 87.0, 119.0625, 90.625, 148.875, 164.5, 49.59375, 148.5, 175.875, 101.3125, 41.21875, 66.0, 100.5625, 138.625, 135.625, 114.5625, 162.125, 100.25, 181.125, 144.5, 126.0625, 97.5, 167.125, 47.15625, 36.21875, 36.90625, 123.9375, 16.5, 100.1875, 129.75, 59.15625, 162.125, 44.65625, 102.4375, 34.0, 63.9375, 46.625, 184.5, 131.875, 10.1953125, 13.453125, 52.0, 140.75, 95.5, 109.625, 73.0, 110.5625, 150.875, 154.25, 131.25, 138.25, 106.0625, 130.0, 148.875, 29.15625, 76.3125, 135.625, 133.125, 118.6875, 116.5625, 75.6875, 80.3125, 147.875, 78.5, 165.875, 29.15625, 127.875, 92.0625, 112.5, 118.0, 17.796875, 132.625, 71.5, 157.875, 158.75, 121.9375, 135.0, 142.75, 75.6875, 112.6875, 155.375, 114.375, 57.1875, 23.34375, 128.375, 134.375, 25.5, 134.5, 27.015625, 24.765625, 47.53125, 130.375, 85.875, 148.5, 65.3125, 14.8671875, 175.125, 127.625, 64.125, 114.5, 96.625, 180.75, 130.75, 59.125, 69.6875, 99.25, 79.375, 116.5, 140.875, 53.25, 89.1875, 148.625, 150.375, 40.3125, 88.375, 130.25, 107.9375, 72.0625, 137.25, 110.6875, 60.90625, 115.0625, 134.25, 128.75, 80.3125, 63.875, 129.5, 117.0625, 63.78125, 130.75, 155.25, 169.625, 70.9375, 132.375, 76.375, 61.0, 112.75, 29.546875, 131.375, 118.625, 61.96875, 41.78125, 57.125, 150.0, 142.875, 130.25, 171.125, 121.8125, 98.0, 100.5625, 177.625, 155.25, 208.625, 38.46875, 96.875, 105.125, 156.625, 84.625, 41.875, 177.625, 138.125, 36.875, 138.375, 154.75, 72.1875, 66.5, 54.40625, 62.0, 117.1875, 139.125, 164.375, 141.875, 80.5, 22.359375, 125.9375, 113.125, 176.0, 172.125, 52.9375, 169.5], [91.75, 128.125, 60.375, 68.0625, 11.1796875, 91.75, 175.875, 47.84375, 55.0, 158.5, 87.0625, 144.0, 63.0625, 67.5, 110.5, 176.25, 56.03125, 124.125, 147.75, 0.0, 137.0, 112.375, 105.75, 100.8125, 57.625, 13.453125, 30.359375, 98.3125, 147.75, 67.9375, 98.0, 184.125, 200.0, 76.3125, 133.375, 76.5625, 82.5, 155.25, 135.5, 36.0625, 121.125, 107.875, 148.25, 83.5625, 171.875, 177.25, 112.1875, 73.375, 157.125, 150.0, 48.28125, 91.375, 58.0625, 161.75, 123.0, 141.25, 101.5625, 105.8125, 180.0, 39.28125, 142.5, 161.25, 117.625, 54.5625, 120.625, 38.28125, 75.3125, 177.5, 138.5, 80.125, 42.4375, 170.625, 109.0625, 23.1875, 180.375, 174.875, 180.5, 65.1875, 82.875, 162.0, 84.5, 163.125, 132.5, 1.4140625, 69.3125, 181.125, 131.75, 119.875, 187.0, 181.625, 102.6875, 150.75, 131.25, 76.5625, 11.3984375, 156.0, 41.0, 67.0625, 177.75, 77.1875, 155.125, 138.25, 39.5625, 91.4375, 129.25, 123.8125, 13.890625, 151.75, 131.625, 120.9375, 172.5, 109.0, 154.625, 84.1875, 45.8125, 155.5, 142.25, 29.15625, 25.5, 87.375, 52.03125, 62.65625, 182.5, 119.4375, 181.25, 168.75, 96.25, 114.25, 40.59375, 165.375, 97.8125, 175.125, 5.0, 167.875, 107.5, 74.0, 158.5, 81.0, 137.875, 17.03125, 44.65625, 143.125, 106.375, 153.125, 25.171875, 115.3125, 95.3125, 41.96875, 31.90625, 84.375, 150.875, 176.875, 28.015625, 77.125, 25.015625, 71.4375, 188.625, 119.3125, 160.375, 141.375, 33.84375, 122.5625, 186.5, 146.0, 71.875, 8.0625, 29.0625, 61.84375, 38.125, 52.46875, 133.375, 35.34375, 90.1875, 69.0625, 184.25, 125.25, 127.0, 43.1875, 71.1875, 106.0625, 157.875, 30.078125, 132.25, 70.375, 82.375, 153.75, 162.5, 132.25, 86.8125, 49.03125, 84.875, 108.75, 93.75, 207.125, 142.0, 131.125, 98.25, 36.0, 139.125, 137.125, 149.625], [47.0, 56.4375, 137.125, 134.625, 138.25, 120.3125, 96.8125, 124.8125, 102.0625, 26.40625, 80.25, 64.25, 74.0, 172.875, 91.0, 45.34375, 92.4375, 157.0, 78.9375, 137.0, 0.0, 41.34375, 32.1875, 56.625, 97.75, 145.0, 138.625, 72.5625, 70.6875, 131.625, 146.25, 83.625, 82.3125, 133.125, 63.0625, 84.875, 150.25, 84.1875, 22.09375, 159.75, 73.25, 59.46875, 19.796875, 113.875, 57.71875, 77.25, 80.8125, 77.0, 95.25, 22.625, 96.625, 63.90625, 120.875, 48.5, 158.875, 45.21875, 42.1875, 56.59375, 105.625, 143.125, 85.0, 84.375, 109.8125, 101.5, 24.703125, 108.0625, 88.625, 44.15625, 75.0, 101.4375, 144.25, 60.59375, 155.75, 130.375, 71.6875, 84.0625, 48.09375, 91.1875, 79.25, 41.71875, 64.5625, 28.421875, 5.0, 136.25, 86.6875, 87.3125, 96.1875, 56.03125, 50.5625, 47.84375, 54.65625, 64.0, 57.125, 86.6875, 143.0, 80.625, 97.4375, 89.625, 65.875, 67.375, 34.84375, 80.0625, 122.125, 69.4375, 60.46875, 55.09375, 127.75, 103.3125, 59.125, 70.0625, 91.9375, 49.9375, 51.46875, 52.9375, 113.1875, 25.9375, 89.5625, 156.0, 111.5625, 93.9375, 132.375, 118.125, 101.75, 59.1875, 59.9375, 37.65625, 45.21875, 22.796875, 126.1875, 62.25, 60.84375, 38.28125, 135.125, 71.5625, 72.8125, 63.625, 51.46875, 143.25, 7.0703125, 120.875, 121.4375, 20.0, 49.9375, 55.375, 130.25, 136.0, 50.4375, 142.25, 107.1875, 83.9375, 51.875, 76.875, 147.25, 78.3125, 113.25, 84.9375, 68.875, 166.0, 61.0625, 53.46875, 103.375, 22.46875, 88.4375, 25.015625, 101.125, 136.25, 135.0, 129.125, 99.625, 88.1875, 23.0, 153.875, 97.625, 176.75, 89.125, 155.25, 162.875, 122.625, 108.8125, 70.1875, 100.5, 144.125, 104.5, 90.6875, 100.875, 19.84375, 32.4375, 121.0, 86.375, 89.5625, 83.75, 99.8125, 82.125, 81.1875, 56.65625, 50.09375, 53.15625, 150.75, 98.5, 122.0, 93.0625], [25.9375, 82.875, 130.125, 95.875, 116.5, 79.1875, 131.875, 89.375, 93.8125, 67.625, 40.03125, 39.84375, 53.75, 161.625, 106.0, 66.125, 82.6875, 115.8125, 51.25, 112.375, 41.34375, 0.0, 36.5, 68.0, 62.8125, 117.375, 122.375, 31.3125, 102.4375, 127.5625, 105.1875, 75.8125, 88.0, 93.375, 90.8125, 85.0625, 110.375, 115.875, 57.5, 141.5, 94.5625, 75.4375, 60.8125, 116.6875, 59.625, 68.625, 40.46875, 73.75, 67.0, 63.59375, 83.4375, 25.0, 114.375, 49.40625, 117.625, 29.703125, 13.4140625, 15.265625, 140.125, 109.3125, 53.25, 61.84375, 69.375, 92.9375, 48.3125, 77.5, 50.09375, 84.3125, 102.8125, 103.75, 109.875, 100.4375, 114.5, 100.25, 111.75, 69.75, 70.875, 86.3125, 82.25, 82.4375, 65.5, 57.125, 39.8125, 112.0, 50.25, 125.25, 59.09375, 78.5625, 81.0, 87.6875, 67.125, 44.28125, 84.875, 48.09375, 120.625, 113.125, 78.5, 85.5, 106.1875, 35.34375, 75.1875, 106.875, 88.625, 29.421875, 28.015625, 79.6875, 100.625, 71.0, 86.75, 32.3125, 72.4375, 8.6015625, 88.875, 36.25, 102.1875, 47.0, 56.71875, 136.375, 88.5, 53.15625, 96.0625, 80.125, 137.625, 81.25, 68.875, 59.40625, 48.03125, 30.875, 92.25, 100.6875, 20.390625, 71.5625, 111.8125, 109.0, 31.828125, 41.78125, 89.9375, 103.3125, 37.15625, 98.5, 86.8125, 35.0625, 64.5, 91.625, 99.625, 94.8125, 17.203125, 107.9375, 80.5, 43.9375, 88.0, 115.5, 129.25, 41.125, 92.0, 48.15625, 76.3125, 124.6875, 50.4375, 85.9375, 79.3125, 18.875, 79.3125, 36.125, 100.0625, 109.5625, 103.3125, 123.3125, 79.375, 59.9375, 57.0, 136.75, 104.125, 165.0, 78.0625, 114.0, 121.625, 111.0625, 69.75, 29.0625, 130.0, 112.3125, 66.625, 88.375, 104.125, 48.5, 53.25, 81.8125, 45.875, 72.1875, 88.0625, 113.1875, 90.6875, 94.8125, 34.4375, 78.8125, 62.0, 134.5, 122.5625, 83.5, 121.4375], [22.203125, 47.40625, 106.125, 112.25, 106.3125, 104.125, 98.875, 99.0625, 70.4375, 53.09375, 63.625, 74.25, 43.09375, 141.25, 70.25, 76.0625, 60.46875, 144.25, 87.0, 105.75, 32.1875, 36.5, 0.0, 32.25, 72.8125, 114.4375, 106.4375, 60.46875, 68.25, 101.3125, 129.0, 104.5625, 109.375, 112.5, 55.46875, 55.21875, 129.375, 81.3125, 32.0, 127.5625, 58.0625, 39.0625, 43.0, 85.9375, 82.125, 97.5, 74.25, 45.96875, 103.125, 45.03125, 64.4375, 47.5, 89.8125, 71.6875, 145.625, 58.9375, 26.828125, 47.9375, 106.625, 115.5625, 89.6875, 96.4375, 101.875, 69.8125, 17.46875, 79.625, 68.25, 72.125, 67.125, 73.0625, 117.0625, 74.25, 139.875, 101.0625, 85.5, 101.375, 79.375, 60.09375, 50.59375, 60.15625, 34.40625, 60.21875, 27.3125, 104.9375, 64.0, 95.0, 94.875, 42.375, 82.75, 76.1875, 31.0625, 77.125, 49.75, 66.625, 111.125, 79.0625, 65.5, 58.6875, 80.9375, 43.40625, 52.625, 70.9375, 94.9375, 53.90625, 64.1875, 43.875, 97.25, 107.5, 51.46875, 68.4375, 106.1875, 43.0, 59.90625, 23.34375, 81.25, 55.21875, 93.1875, 123.875, 80.25, 77.8125, 107.1875, 95.25, 105.0, 44.9375, 87.4375, 68.25, 14.421875, 10.6328125, 99.25, 72.125, 47.71875, 70.375, 103.5625, 78.875, 64.875, 34.375, 62.25, 122.8125, 35.0, 89.25, 95.0625, 44.6875, 28.078125, 61.21875, 101.1875, 124.0625, 32.8125, 115.125, 77.0, 66.5, 57.8125, 86.625, 115.0625, 57.4375, 81.5, 62.78125, 96.1875, 150.875, 79.375, 53.0625, 72.4375, 27.859375, 108.875, 49.21875, 71.375, 105.5625, 106.5, 98.3125, 67.9375, 59.53125, 30.359375, 121.625, 71.3125, 145.0, 108.4375, 143.0, 149.875, 90.6875, 88.0, 61.71875, 94.4375, 115.375, 101.9375, 60.3125, 72.9375, 51.03125, 62.375, 115.8125, 70.0, 57.5625, 55.90625, 77.9375, 56.625, 111.0, 67.625, 44.40625, 26.6875, 118.5625, 86.125, 118.125, 85.625], [47.125, 27.859375, 83.75, 126.375, 98.0, 125.1875, 79.875, 109.0, 52.40625, 66.875, 87.25, 106.5, 48.59375, 120.75, 38.0625, 101.8125, 46.03125, 166.75, 119.0625, 100.8125, 56.625, 68.0, 32.25, 0.0, 86.375, 112.1875, 92.375, 87.3