{"name": "LZB_n200_8", "n": 200, "m": 20, "times": [[0.0, 49.75, 86.9375, 43.65625, 113.4375, 53.75, 39.21875, 120.5, 92.5, 83.1875, 88.3125, 68.25, 120.1875, 57.71875, 113.1875, 104.6875, 90.5, 23.4375, 107.625, 66.0625, 101.25, 73.25, 124.4375, 19.109375, 113.5625, 74.3125, 66.25, 62.625, 90.125, 100.0, 41.34375, 80.75, 87.3125, 62.625, 55.65625, 98.8125, 81.8125, 15.6171875, 68.5, 99.75, 46.5, 98.4375, 99.0625, 82.75, 80.75, 83.9375, 99.1875, 70.6875, 41.15625, 42.1875, 105.8125, 72.9375, 89.25, 113.1875, 96.1875, 65.75, 77.625, 69.0, 63.25, 38.59375, 45.6875, 103.625, 53.15625, 73.8125, 35.90625, 66.75, 58.125, 88.625, 88.9375, 57.3125, 123.4375, 91.8125, 95.4375, 34.4375, 108.1875, 76.875, 104.0625, 59.40625, 59.15625, 40.375, 68.4375, 17.265625, 94.9375, 78.75, 85.0, 84.75, 59.0625, 70.5625, 55.4375, 17.46875, 103.625, 41.59375, 95.25, 91.25, 72.0625, 80.125, 90.0, 45.1875, 93.3125, 97.5, 32.5625, 76.3125, 57.375, 83.5, 86.75, 109.875, 43.9375, 98.8125, 31.390625, 117.5, 91.6875, 95.6875, 101.0625, 69.375, 118.9375, 44.9375, 68.125, 85.125, 84.125, 64.25, 78.1875, 92.125, 57.875, 83.0, 127.375, 77.375, 115.5, 99.875, 90.4375, 114.875, 50.0, 91.8125, 87.9375, 75.875, 50.09375, 66.625, 100.25, 101.9375, 20.09375, 91.25, 86.0, 37.4375, 103.375, 94.3125, 23.765625, 93.625, 73.0, 83.4375, 107.5, 63.59375, 115.9375, 44.1875, 84.875, 18.59375, 63.90625, 89.875, 109.3125, 45.40625, 91.0625, 46.40625, 74.1875, 51.0, 100.4375, 124.625, 49.40625, 107.8125, 120.4375, 84.125, 73.8125, 6.70703125, 121.1875, 26.6875, 62.40625, 62.375, 105.125, 92.375, 97.875, 58.1875, 82.375, 40.25, 49.5, 126.6875, 9.21875, 99.375, 124.1875, 111.8125, 25.9375, 110.4375, 98.4375, 66.5, 112.625, 121.75, 60.03125, 115.25, 82.9375, 60.8125, 72.25, 91.0625, 61.0, 103.0625, 130.125], [49.75, 0.0, 76.0625, 10.1953125, 160.5, 101.8125, 74.0, 168.375, 43.9375, 36.0, 101.6875, 105.125, 110.125, 64.875, 120.6875, 153.375, 61.1875, 61.8125, 154.875, 114.0, 118.0625, 109.5625, 122.1875, 36.125, 124.875, 123.375, 110.625, 24.328125, 87.0, 79.5, 65.75, 51.625, 64.25, 110.4375, 66.1875, 109.375, 120.9375, 64.625, 103.3125, 118.1875, 87.5625, 83.5, 99.6875, 98.0625, 130.25, 62.25, 51.40625, 44.21875, 87.0, 65.9375, 155.375, 36.125, 137.0, 73.0, 50.125, 48.0, 80.4375, 115.0, 95.625, 88.1875, 30.234375, 153.125, 65.5, 40.78125, 33.96875, 112.5625, 87.9375, 115.0, 59.03125, 83.75, 172.625, 52.46875, 62.125, 62.625, 137.5, 125.9375, 56.4375, 108.25, 9.4375, 70.1875, 48.03125, 46.6875, 66.625, 75.6875, 74.375, 107.5, 108.75, 55.03125, 104.875, 41.875, 54.5, 32.0625, 46.75, 41.875, 61.71875, 45.1875, 65.125, 84.3125, 134.25, 70.0625, 75.1875, 123.25, 13.0, 76.5625, 97.9375, 99.75, 38.46875, 127.375, 59.03125, 69.6875, 140.125, 46.25, 85.125, 60.71875, 71.0625, 81.0, 69.5625, 131.5, 69.375, 111.375, 32.125, 141.875, 61.90625, 73.4375, 126.5, 127.0625, 110.1875, 145.0, 135.625, 129.0, 16.15625, 49.71875, 92.4375, 50.6875, 99.75, 17.796875, 94.6875, 85.6875, 41.3125, 125.875, 133.0, 47.53125, 55.59375, 63.625, 26.40625, 143.375, 47.0, 107.5, 60.75, 105.4375, 66.375, 29.015625, 80.6875, 67.1875, 87.5625, 56.15625, 123.5, 19.109375, 53.15625, 53.34375, 114.5625, 63.625, 94.125, 127.625, 5.0, 70.4375, 120.8125, 115.4375, 24.203125, 49.78125, 73.0, 71.5625, 106.0625, 111.25, 148.75, 119.125, 123.375, 98.1875, 33.25, 54.8125, 18.96875, 174.0, 41.0625, 134.875, 75.0625, 102.0, 23.859375, 100.625, 57.28125, 19.03125, 113.625, 140.875, 28.59375, 162.625, 33.40625, 54.125, 51.46875, 64.0, 39.8125, 152.875, 125.3125], [86.9375, 76.0625, 0.0, 68.125, 151.125, 132.75, 125.9375, 161.0, 78.75, 70.125, 169.75, 84.5, 34.84375, 133.875, 51.40625, 152.75, 136.25, 110.125, 146.875, 117.1875, 60.21875, 86.0625, 46.5625, 70.0, 194.5, 130.125, 149.625, 99.75, 15.234375, 155.5, 125.125, 33.375, 140.25, 114.125, 133.75, 46.15625, 98.8125, 90.8125, 155.375, 62.625, 132.875, 12.1640625, 173.0, 46.21875, 150.625, 138.25, 110.0, 34.375, 93.25, 125.75, 161.125, 110.6875, 165.5, 140.75, 113.3125, 123.5625, 152.25, 150.25, 150.125, 108.0625, 103.1875, 159.0, 40.1875, 116.125, 53.8125, 108.875, 144.5, 72.1875, 134.125, 142.75, 172.75, 123.5625, 40.3125, 61.40625, 195.0, 149.375, 79.6875, 117.0, 77.8125, 126.0, 123.875, 99.0, 30.8125, 149.25, 149.75, 62.1875, 124.5, 21.03125, 118.3125, 69.625, 106.3125, 50.25, 104.0, 96.0, 136.5, 119.5625, 141.0, 79.0, 112.375, 29.734375, 81.875, 155.5, 88.0, 6.70703125, 166.875, 24.203125, 109.1875, 185.5, 115.4375, 123.5625, 165.5, 86.6875, 15.1328125, 17.796875, 124.6875, 131.875, 23.0, 164.625, 8.0625, 144.125, 66.0, 157.0, 132.0, 148.5, 51.1875, 144.25, 34.1875, 131.25, 124.0625, 197.25, 59.9375, 58.25, 164.125, 126.6875, 122.0, 85.625, 19.234375, 16.125, 97.0625, 178.0, 127.6875, 49.65625, 113.0, 138.25, 74.9375, 156.0, 32.125, 169.0, 120.0, 94.5625, 111.0, 50.59375, 154.75, 90.75, 55.375, 130.125, 191.625, 58.3125, 125.1875, 41.21875, 97.125, 41.4375, 18.4375, 54.03125, 80.9375, 141.0, 46.28125, 80.625, 85.0, 92.625, 125.0, 112.6875, 99.0, 137.625, 130.375, 75.4375, 76.4375, 144.5, 78.0, 118.8125, 57.25, 163.5, 80.4375, 186.0, 121.375, 26.40625, 76.4375, 25.0, 57.78125, 69.25, 40.0, 206.375, 48.375, 154.0, 90.1875, 26.40625, 127.4375, 139.5, 36.25, 164.25, 49.25], [43.65625, 10.1953125, 68.125, 0.0, 152.125, 97.0, 72.5625, 160.125, 48.84375, 39.5625, 105.4375, 95.375, 102.625, 68.625, 111.1875, 145.625, 70.6875, 59.0, 146.5, 106.0625, 108.0, 99.75, 113.75, 27.796875, 129.375, 115.9375, 107.375, 34.0625, 78.1875, 88.25, 66.125, 46.875, 73.0625, 102.4375, 69.3125, 99.625, 111.3125, 57.71875, 102.5625, 108.125, 85.0, 76.375, 105.625, 88.0, 124.4375, 70.8125, 60.75, 38.28125, 78.625, 66.4375, 148.25, 46.0, 132.5, 83.1875, 59.9375, 55.46875, 85.5625, 111.1875, 95.3125, 81.4375, 35.46875, 146.0, 55.3125, 50.34375, 23.765625, 103.9375, 88.0625, 104.8125, 68.5625, 84.4375, 165.125, 62.65625, 59.09375, 52.84375, 138.5, 120.5, 60.4375, 100.6875, 18.03125, 69.625, 55.9375, 44.03125, 62.125, 81.6875, 81.625, 97.3125, 102.0, 47.15625, 97.75, 33.3125, 63.03125, 22.0, 55.8125, 50.25, 68.5, 55.03125, 74.1875, 75.0, 124.8125, 65.4375, 66.4375, 119.0625, 23.09375, 68.0, 102.0, 92.125, 42.53125, 128.375, 58.25, 78.8125, 135.125, 52.46875, 78.25, 52.0, 80.1875, 79.5, 60.03125, 127.5625, 61.84375, 107.0625, 34.71875, 135.625, 66.0625, 80.4375, 117.9375, 120.8125, 101.9375, 136.0, 126.75, 133.0, 9.4375, 50.09375, 97.5625, 59.46875, 93.625, 27.296875, 86.3125, 78.875, 39.3125, 125.5, 124.5, 37.375, 64.875, 73.3125, 19.921875, 136.875, 41.125, 109.25, 70.3125, 96.1875, 74.3125, 19.234375, 87.0, 60.03125, 77.375, 66.0, 127.4375, 9.8515625, 63.28125, 43.1875, 105.125, 53.46875, 85.875, 118.625, 14.0390625, 80.625, 112.0, 105.3125, 32.65625, 44.90625, 82.0, 67.625, 97.0625, 105.9375, 139.625, 108.9375, 113.1875, 96.0625, 38.9375, 56.375, 11.3125, 165.5, 34.53125, 134.375, 83.4375, 94.3125, 18.25, 92.9375, 57.3125, 22.84375, 104.6875, 144.0, 23.015625, 154.25, 41.78125, 44.9375, 59.625, 73.375, 32.1875, 146.25, 117.1875], [113.4375, 160.5, 151.125, 152.125, 0.0, 82.5625, 120.1875, 10.046875, 198.5, 188.0, 167.75, 66.75, 167.125, 156.0, 132.0, 18.03125, 201.5, 116.75, 5.83203125, 47.4375, 109.0625, 65.25, 156.0, 124.4375, 187.25, 42.375, 96.0625, 176.0, 141.625, 206.375, 133.5, 168.625, 196.375, 50.8125, 152.125, 121.125, 52.9375, 97.8125, 123.3125, 105.0625, 107.9375, 162.125, 189.5, 109.3125, 60.3125, 192.75, 211.625, 160.375, 73.5625, 134.5, 31.390625, 186.25, 77.375, 226.375, 209.25, 175.375, 172.125, 89.0, 127.125, 77.0, 158.125, 31.3125, 115.375, 186.625, 132.5, 48.15625, 130.375, 86.0625, 200.375, 135.375, 26.921875, 205.0, 182.875, 102.625, 151.5, 66.125, 207.625, 55.0625, 169.75, 127.125, 178.625, 125.6875, 176.875, 177.75, 187.75, 94.4375, 60.40625, 149.875, 60.84375, 118.8125, 215.0, 137.75, 207.25, 202.25, 177.25, 193.0, 199.5, 79.0625, 41.0, 177.5, 85.625, 83.3125, 170.125, 144.5, 169.5, 161.25, 154.125, 148.375, 128.5, 230.0, 70.875, 203.625, 165.0, 142.0, 231.375, 118.125, 129.5, 86.5, 154.75, 84.125, 182.375, 49.71875, 158.375, 185.5, 155.0, 55.0, 156.625, 20.21875, 27.3125, 184.0, 154.625, 189.75, 177.625, 186.75, 72.125, 178.25, 149.5, 166.0, 130.875, 130.625, 27.59375, 121.5, 215.875, 205.625, 134.5, 44.65625, 161.125, 149.375, 220.375, 58.65625, 226.375, 142.0, 183.125, 94.8125, 95.8125, 202.25, 180.125, 149.0, 204.125, 122.8125, 54.09375, 115.375, 150.625, 146.25, 161.375, 220.5, 149.0, 74.25, 184.5, 116.5, 233.5, 105.1875, 56.03125, 73.5625, 24.515625, 85.0, 88.1875, 109.875, 190.0, 141.875, 152.75, 13.453125, 120.625, 131.875, 235.5, 162.0, 137.375, 161.125, 194.125, 173.625, 144.125, 180.5, 158.5, 3.0, 193.75, 137.75, 182.125, 201.375, 151.25, 42.9375, 164.0], [53.75, 101.8125, 132.75, 97.0, 82.5625, 0.0, 39.65625, 86.0, 145.5, 136.5, 85.375, 75.4375, 162.25, 75.8125, 143.75, 67.6875, 126.0625, 42.4375, 77.125, 43.40625, 125.3125, 79.375, 161.25, 72.3125, 106.1875, 41.0625, 19.84375, 108.75, 131.5, 127.125, 53.8125, 133.0, 119.0, 42.375, 71.6875, 129.0, 79.625, 43.09375, 42.59375, 122.375, 25.625, 144.75, 106.9375, 112.0625, 30.40625, 115.4375, 147.5, 123.0, 44.8125, 54.65625, 62.78125, 116.375, 35.5, 154.25, 143.125, 99.75, 90.25, 17.890625, 45.0, 26.078125, 87.4375, 60.90625, 93.3125, 115.0, 88.0, 52.9375, 47.84375, 104.8125, 125.25, 52.875, 82.0, 134.125, 148.0, 71.5, 78.3125, 25.0, 157.375, 34.78125, 111.0625, 46.875, 103.25, 56.34375, 146.375, 96.625, 107.4375, 106.125, 24.328125, 120.0625, 27.859375, 69.0, 153.375, 94.0, 144.5, 141.75, 98.5, 121.25, 122.4375, 60.8125, 83.8125, 148.625, 52.3125, 23.09375, 106.875, 127.75, 87.0, 152.875, 80.9375, 72.25, 51.625, 165.375, 38.28125, 148.0, 147.75, 116.5, 166.75, 36.25, 110.6875, 32.25, 131.75, 11.3984375, 131.75, 43.9375, 78.75, 105.1875, 162.875, 30.53125, 155.25, 78.125, 70.5625, 103.8125, 103.75, 145.5, 95.0625, 111.75, 15.265625, 117.25, 141.75, 148.625, 62.1875, 56.9375, 61.0625, 84.875, 151.625, 130.25, 77.125, 47.1875, 125.0625, 68.25, 154.5, 62.6875, 166.375, 97.125, 101.625, 42.4375, 90.6875, 128.75, 99.4375, 99.125, 132.5, 92.0, 72.0625, 91.6875, 142.25, 157.5, 100.4375, 147.125, 155.75, 94.8125, 125.0, 52.1875, 169.25, 30.890625, 57.46875, 10.6328125, 86.375, 107.1875, 112.9375, 28.078125, 135.0, 64.4375, 103.25, 93.6875, 62.96875, 62.0, 173.625, 154.5, 78.875, 153.25, 152.125, 119.625, 148.375, 103.1875, 113.5625, 83.1875, 133.875, 108.6875, 106.1875, 124.9375, 113.0, 56.09375, 168.25], [39.21875, 74.0, 125.9375, 72.5625, 120.1875, 39.65625, 0.0, 124.625, 117.4375, 110.0, 53.84375, 95.3125, 159.375, 36.25, 150.875, 106.5, 87.0, 15.8125, 114.5, 75.8125, 136.875, 100.1875, 163.375, 56.34375, 78.1875, 77.8125, 39.34375, 74.3125, 129.375, 87.4375, 14.2109375, 116.375, 79.5, 73.4375, 32.1875, 136.25, 104.9375, 41.6875, 30.359375, 134.875, 15.8125, 137.25, 71.0625, 119.625, 69.6875, 75.9375, 113.0625, 106.5625, 62.375, 15.0, 102.375, 80.0625, 69.0625, 116.0625, 107.8125, 60.96875, 52.1875, 45.5, 24.1875, 47.0, 52.1875, 100.5, 91.9375, 77.6875, 73.375, 82.0, 19.109375, 120.9375, 86.3125, 19.703125, 121.5625, 96.8125, 130.25, 71.6875, 69.125, 63.78125, 130.25, 66.9375, 82.25, 7.2109375, 64.5625, 28.859375, 131.25, 57.59375, 68.0, 119.0, 59.78125, 108.6875, 60.21875, 56.3125, 120.1875, 78.375, 111.0, 109.625, 58.8125, 83.75, 83.0, 74.125, 113.0625, 134.125, 61.3125, 54.65625, 75.3125, 122.625, 53.75, 149.0, 44.28125, 59.625, 15.296875, 130.25, 74.0, 118.375, 139.75, 108.25, 131.5, 7.0, 107.3125, 61.28125, 122.6875, 44.59375, 106.0, 83.4375, 39.125, 65.75, 166.125, 70.1875, 154.625, 112.4375, 103.8125, 78.25, 81.1875, 122.5625, 59.03125, 73.0, 48.09375, 86.3125, 139.5, 140.625, 33.25, 53.4375, 95.875, 76.625, 117.0, 91.25, 55.09375, 86.8125, 109.125, 44.8125, 118.9375, 86.0, 133.5, 80.0625, 62.9375, 43.84375, 99.3125, 90.25, 72.9375, 78.125, 94.875, 85.625, 96.875, 89.8125, 139.625, 162.875, 71.1875, 108.4375, 159.125, 113.8125, 94.375, 33.28125, 134.25, 18.6875, 82.375, 50.21875, 119.8125, 124.25, 130.0, 24.515625, 106.5, 25.8125, 81.8125, 132.0, 45.65625, 62.09375, 139.625, 151.0, 55.3125, 149.625, 129.875, 93.0, 151.375, 83.4375, 93.625, 121.125, 102.375, 99.625, 67.1875, 85.625, 97.5, 95.625, 169.25], [120.5, 168.375, 161.0, 160.125, 10.046875, 86.0, 124.625, 0.0, 207.0, 196.625, 170.375, 76.5625, 177.125, 160.75, 142.0, 18.4375, 207.5, 122.3125, 14.3203125, 54.5, 119.0, 75.1875, 166.0, 132.375, 189.0, 47.5, 97.875, 183.125, 151.625, 211.5, 138.25, 178.0, 201.875, 58.0, 156.75, 131.125, 62.96875, 104.875, 125.4375, 115.0, 111.625, 172.0, 192.875, 119.375, 61.125, 198.375, 219.25, 169.625, 81.4375, 139.25, 28.640625, 193.0, 76.5, 233.0, 216.625, 181.25, 176.125, 90.5625, 129.875, 83.25, 164.625, 29.28125, 124.875, 193.25, 141.0, 56.625, 133.625, 96.0625, 206.375, 138.875, 18.59375, 211.875, 192.375, 111.5, 151.375, 67.25, 216.375, 61.40625, 177.625, 131.75, 184.5, 132.0, 186.5, 182.125, 192.5, 104.5, 65.3125, 159.375, 66.5625, 126.8125, 222.875, 146.5, 215.0, 210.125, 182.5, 199.625, 205.125, 88.0, 51.03125, 187.125, 93.875, 84.0625, 177.5, 154.375, 172.5, 171.25, 160.25, 149.0, 133.75, 237.625, 69.75, 211.875, 174.875, 151.5, 239.0, 122.0625, 139.125, 86.1875, 164.5, 86.3125, 191.0, 49.09375, 163.25, 190.25, 165.0, 56.875, 166.625, 30.265625, 37.0, 185.5, 163.0, 198.75, 181.0, 192.875, 76.9375, 186.0, 159.5, 175.875, 137.375, 131.0, 35.8125, 130.375, 223.5, 211.625, 142.125, 44.03125, 170.375, 151.375, 227.875, 68.0, 234.5, 150.625, 187.375, 102.0, 105.625, 208.625, 181.75, 157.375, 210.75, 132.0, 63.875, 124.8125, 160.625, 156.125, 169.0, 226.875, 159.0, 84.3125, 192.5, 123.25, 241.125, 110.5625, 65.0, 76.375, 34.25, 95.0, 98.125, 112.5625, 198.375, 147.125, 161.25, 8.0, 128.0, 131.5, 243.375, 172.0, 145.0, 171.125, 203.25, 182.0, 154.125, 181.0, 167.25, 7.0703125, 201.625, 147.125, 188.0, 207.125, 160.375, 40.25, 174.0], [92.5, 43.9375, 78.75, 48.84375, 198.5, 145.5, 117.4375, 207.0, 0.0, 10.6328125, 137.625, 137.375, 105.5625, 102.375, 130.0, 193.375, 75.0, 105.75, 193.0, 153.625, 135.125, 141.125, 123.0, 76.0625, 158.125, 164.125, 154.5, 49.34375, 93.5625, 97.0, 108.0, 45.40625, 83.4375, 150.0, 104.75, 122.8125, 153.625, 106.4375, 146.0, 136.5, 131.375, 80.0, 129.25, 116.875, 173.25, 83.25, 34.1875, 46.8125, 125.9375, 108.0, 196.625, 53.34375, 180.75, 67.25, 39.8125, 77.0625, 113.625, 158.875, 138.0, 130.125, 68.5, 194.375, 89.875, 59.6875, 66.0625, 150.375, 130.0, 139.25, 72.9375, 125.25, 213.125, 56.09375, 43.9375, 96.25, 177.875, 169.25, 13.15625, 148.875, 35.21875, 113.0625, 75.125, 90.625, 53.46875, 106.5, 100.875, 130.125, 150.75, 62.3125, 146.25, 81.125, 28.15625, 60.875, 28.640625, 21.09375, 91.3125, 59.1875, 82.3125, 119.75, 167.75, 56.71875, 113.25, 167.125, 43.1875, 82.75, 133.125, 97.0625, 77.5, 167.75, 102.25, 45.0, 183.75, 8.0, 80.125, 71.5, 46.03125, 124.375, 85.0625, 175.375, 70.6875, 155.25, 16.28125, 184.375, 98.6875, 100.75, 128.0, 169.625, 110.0, 181.25, 172.25, 163.375, 44.09375, 22.5625, 125.0, 72.6875, 142.5, 32.375, 97.3125, 80.125, 85.1875, 168.125, 171.25, 77.8125, 36.125, 74.9375, 68.6875, 185.625, 48.09375, 147.125, 43.1875, 140.875, 32.5625, 56.625, 110.0, 108.6875, 113.75, 66.4375, 158.25, 49.65625, 58.78125, 79.0, 148.5, 88.8125, 96.25, 132.25, 46.28125, 70.3125, 124.125, 143.125, 24.734375, 93.3125, 46.28125, 115.4375, 142.625, 154.625, 183.875, 143.25, 146.25, 141.75, 11.0, 96.125, 45.8125, 211.875, 83.375, 177.125, 43.0, 99.125, 66.75, 98.0625, 27.734375, 26.0, 118.5, 177.125, 41.21875, 200.875, 20.8125, 69.75, 76.9375, 79.3125, 51.96875, 195.0, 123.3125], [83.1875, 36.0, 70.125, 39.5625, 188.0, 136.5, 110.0, 196.625, 10.6328125, 0.0, 133.75, 126.75, 98.625, 97.75, 121.0625, 183.125, 76.0625, 97.625, 182.625, 143.375, 125.25, 130.5, 115.25, 66.1875, 155.25, 154.0, 146.375, 46.15625, 84.5625, 97.75, 101.375, 37.0, 83.4375, 139.875, 99.75, 113.25, 143.0, 96.75, 139.125, 126.5, 123.5, 72.4375, 127.3125, 106.75, 163.875, 82.8125, 40.3125, 37.09375, 115.6875, 101.5, 186.625, 52.40625, 172.0, 72.5625, 44.65625, 74.4375, 110.4375, 150.5, 131.375, 120.4375, 63.0625, 184.375, 79.3125, 58.78125, 55.59375, 140.0, 123.5625, 128.875, 73.875, 119.0625, 202.875, 58.65625, 38.46875, 85.6875, 172.375, 160.0, 20.875, 138.75, 28.28125, 106.0625, 72.9375, 82.5, 47.125, 103.9375, 99.375, 119.875, 141.0, 52.625, 136.375, 71.125, 36.21875, 50.34375, 34.375, 26.3125, 88.8125, 59.46875, 82.8125, 109.25, 157.125, 50.59375, 102.875, 158.5, 37.9375, 73.6875, 129.5, 89.6875, 72.0625, 162.25, 95.0, 53.59375, 174.75, 17.46875, 72.8125, 61.6875, 54.75, 117.0, 75.0, 166.875, 62.0625, 146.5, 5.65625, 174.75, 94.25, 99.0625, 120.1875, 160.125, 102.3125, 170.75, 161.75, 160.125, 34.0, 18.4375, 122.125, 71.6875, 133.0, 28.171875, 89.0, 73.0, 77.25, 161.625, 160.75, 67.1875, 43.03125, 76.625, 59.46875, 175.875, 38.625, 141.875, 50.09375, 130.25, 42.53125, 46.09375, 107.9375, 98.875, 103.1875, 68.0, 154.875, 39.4375, 61.0625, 68.4375, 137.875, 78.25, 88.0, 124.0, 39.125, 74.4375, 116.0, 132.625, 22.015625, 84.375, 55.3125, 106.875, 132.125, 145.5, 173.25, 132.875, 136.0, 134.125, 8.9453125, 89.9375, 35.5, 201.5, 74.0, 170.625, 52.9375, 91.8125, 57.71875, 90.6875, 25.5, 17.125, 110.0625, 173.25, 30.609375, 190.375, 22.359375, 59.5, 75.1875, 80.125, 41.59375, 185.25, 116.125], [88.3125, 101.6875, 169.75, 105.4375, 167.75, 85.375, 53.84375, 170.375, 137.625, 133.75, 0.0, 149.25, 204.375, 36.90625, 201.375, 152.0, 76.5, 66.6875, 162.375, 127.0625, 189.125, 154.0, 211.25, 100.875, 25.234375, 126.375, 73.0625, 88.25, 175.875, 63.3125, 47.0, 152.25, 65.625, 125.125, 36.25, 187.125, 158.5, 94.6875, 45.53125, 187.375, 61.0, 179.75, 25.5, 171.0, 110.1875, 63.28125, 119.4375, 143.625, 116.1875, 46.15625, 144.625, 86.3125, 100.625, 106.875, 112.1875, 61.1875, 25.015625, 80.625, 40.59375, 100.0, 71.5625, 143.125, 140.875, 80.75, 116.0, 134.5, 38.0, 174.375, 77.3125, 34.53125, 163.5, 95.0, 163.75, 122.6875, 47.75, 103.875, 150.625, 118.0625, 106.4375, 49.40625, 63.78125, 72.4375, 167.5, 34.0625, 44.90625, 171.875, 109.0625, 150.125, 111.0, 103.0, 128.75, 119.5, 120.0625, 122.375, 48.15625, 84.1875, 68.875, 127.75, 165.875, 170.875, 114.8125, 88.625, 95.875, 167.75, 5.09765625, 193.75, 63.28125, 39.34375, 56.9375, 132.0, 107.4375, 135.375, 182.0, 152.0, 133.0, 52.46875, 154.25, 90.3125, 164.875, 84.1875, 131.625, 123.6875, 39.8125, 43.5625, 214.625, 113.5625, 201.375, 163.0, 155.0, 27.65625, 114.875, 150.25, 17.46875, 69.125, 98.0, 105.6875, 185.625, 182.75, 73.125, 51.625, 146.125, 123.25, 122.1875, 79.875, 94.75, 128.125, 146.375, 22.015625, 121.0, 139.625, 141.375, 119.6875, 33.96875, 97.125, 151.625, 84.125, 22.015625, 114.0, 92.0, 132.5, 150.5, 138.75, 185.5, 212.5, 97.125, 97.875, 207.75, 167.625, 112.875, 81.625, 136.0, 72.5625, 135.75, 94.1875, 171.0, 177.75, 183.5, 57.875, 127.125, 50.9375, 116.625, 178.25, 91.625, 58.40625, 144.0, 195.875, 93.375, 194.5, 157.875, 118.9375, 200.0, 39.5625, 128.5, 168.125, 117.875, 143.625, 63.28125, 72.8125, 136.375, 135.375, 216.375], [68.25, 105.125, 84.5, 95.375, 66.75, 75.4375, 95.3125, 76.5625, 137.375, 126.75, 149.25, 0.0, 103.0625, 124.25, 73.75, 69.1875, 157.375, 83.875, 62.375, 39.8125, 52.34375, 5.0, 95.3125, 70.5625, 173.25, 52.1875, 95.25, 125.375, 75.6875, 168.25, 104.25, 103.1875, 155.25, 38.09375, 121.5, 60.15625, 16.28125, 56.15625, 114.5, 48.875, 91.3125, 95.5625, 164.5, 45.28125, 78.75, 151.875, 156.125, 95.625, 33.25, 105.25, 79.1875, 137.0, 97.625, 176.75, 155.25, 133.625, 143.625, 91.9375, 113.75, 51.46875, 112.5625, 77.25, 49.65625, 139.125, 72.6875, 28.796875, 112.625, 29.828125, 155.75, 114.8125, 88.8125, 155.5, 117.0, 42.53125, 153.125, 80.125, 145.0, 44.40625, 113.375, 100.25, 136.125, 85.0625, 110.4375, 146.125, 153.125, 33.625, 55.4375, 83.875, 49.59375, 64.875, 157.5, 77.0, 151.0, 144.75, 140.25, 145.125, 157.75, 23.09375, 30.40625, 111.0, 36.0, 92.875, 116.75, 77.875, 148.875, 96.125, 112.0, 146.125, 95.5, 174.0, 94.875, 143.375, 98.5, 75.5625, 175.375, 97.4375, 62.78125, 101.0625, 88.0, 84.875, 121.0625, 80.3125, 125.0625, 151.0, 95.625, 71.125, 93.3125, 47.0, 39.5625, 172.75, 95.4375, 125.75, 152.75, 143.125, 60.3125, 122.6875, 84.125, 99.4375, 88.375, 132.0, 44.03125, 59.8125, 160.125, 161.0, 81.9375, 77.875, 96.0, 137.625, 165.75, 13.890625, 167.625, 81.1875, 152.125, 53.25, 29.125, 155.625, 167.625, 89.875, 155.375, 58.71875, 12.6484375, 50.0, 85.1875, 88.25, 107.375, 172.625, 88.75, 19.421875, 127.625, 74.0625, 177.0, 76.625, 19.71875, 74.25, 47.4375, 31.828125, 37.53125, 99.875, 130.25, 107.0625, 93.0, 79.3125, 71.5625, 137.375, 177.375, 97.0625, 85.125, 96.0625, 129.375, 114.375, 82.5625, 175.375, 96.1875, 69.5625, 136.5, 72.125, 140.125, 158.5, 87.1875, 84.5, 103.1875], [120.1875, 110.125, 34.84375, 102.625, 167.125, 162.25, 159.375, 177.125, 105.5625, 98.625, 204.375, 103.0625, 0.0, 168.625, 41.0625, 172.0, 169.375, 143.625, 163.625, 140.375, 61.09375, 103.0, 20.59375, 104.125, 229.25, 153.5, 180.25, 133.25, 30.875, 189.125, 159.375, 62.375, 174.0, 137.75, 168.5, 46.84375, 114.375, 122.1875, 188.375, 64.875, 165.125, 26.921875, 207.75, 58.03125, 176.875, 172.25, 138.875, 66.6875, 119.9375, 160.0, 182.125, 143.75, 193.25, 171.0, 143.125, 158.0, 187.125, 180.125, 183.5, 136.75, 137.875, 180.25, 69.3125, 149.5, 88.375, 130.625, 178.25, 81.5625, 167.125, 176.875, 191.25, 155.25, 62.03125, 91.25, 228.375, 176.375, 103.0, 142.0, 111.0, 159.875, 158.125, 133.25, 52.15625, 184.0, 184.25, 72.6875, 150.875, 55.46875, 144.5, 103.25, 133.75, 85.0625, 133.0, 124.9375, 171.125, 152.5, 174.5, 104.3125, 126.3125, 49.03125, 110.125, 184.5, 121.625, 36.875, 201.625, 10.6328125, 144.0, 219.0, 149.625, 150.375, 192.375, 113.5625, 25.96875, 52.34375, 151.25, 165.125, 52.46875, 193.625, 40.8125, 173.625, 95.5625, 181.375, 166.875, 183.125, 25.5, 169.875, 11.1796875, 146.875, 141.25, 231.875, 94.125, 83.1875, 199.0, 160.5, 150.25, 118.125, 20.609375, 25.703125, 131.5, 210.625, 147.0, 82.8125, 141.375, 171.0, 109.6875, 179.625, 64.0625, 203.125, 148.5, 115.4375, 136.0, 85.4375, 189.5, 121.625, 75.8125, 162.75, 226.25, 92.9375, 157.125, 73.8125, 115.0, 71.125, 20.125, 33.59375, 115.125, 172.25, 25.5, 92.9375, 116.375, 126.1875, 151.125, 145.125, 120.6875, 166.0, 144.0, 83.4375, 81.9375, 176.625, 107.25, 153.5, 91.5625, 178.25, 114.3125, 218.375, 146.0, 8.484375, 111.1875, 9.8984375, 80.0, 101.25, 25.546875, 240.75, 81.8125, 170.125, 120.3125, 60.8125, 161.625, 172.75, 70.5, 187.0, 18.109375], [57.71875, 64.875, 133.875, 68.625, 156.0, 75.8125, 36.25, 160.75, 102.375, 97.75, 36.90625, 124.25, 168.625, 0.0, 168.625, 142.75, 53.53125, 41.1875, 150.25, 110.625, 158.5, 129.25, 176.75, 66.75, 60.875, 113.625, 72.125, 53.46875, 141.0, 51.3125, 22.46875, 115.4375, 44.6875, 107.9375, 4.2421875, 154.75, 136.0, 68.125, 51.4375, 157.125, 50.8125, 143.5, 41.4375, 139.5, 105.4375, 41.21875, 88.5625, 106.8125, 93.0625, 21.546875, 138.625, 54.21875, 102.5625, 84.125, 82.0625, 30.078125, 19.921875, 79.1875, 42.9375, 80.8125, 34.9375, 136.75, 107.8125, 49.8125, 80.625, 115.5625, 35.0, 146.375, 53.34375, 28.65625, 157.75, 67.375, 126.9375, 91.6875, 76.125, 99.375, 115.5, 101.9375, 70.0, 29.0625, 33.53125, 40.53125, 130.625, 22.203125, 31.78125, 142.5, 95.625, 113.875, 95.5, 69.75, 97.1875, 83.625, 88.0625, 89.0625, 23.34375, 54.8125, 48.28125, 101.5, 145.625, 134.0, 88.375, 88.375, 59.78125, 132.25, 33.40625, 158.0, 26.421875, 66.0, 29.0625, 103.5625, 108.1875, 101.0, 145.625, 116.375, 104.8125, 40.0, 119.8125, 93.625, 128.75, 79.625, 95.25, 119.25, 4.125, 29.546875, 180.25, 106.3125, 166.25, 147.25, 138.25, 64.375, 78.0, 113.875, 30.890625, 41.21875, 83.9375, 70.0625, 150.375, 146.375, 39.40625, 69.875, 131.0, 89.1875, 91.9375, 57.6875, 59.1875, 122.875, 109.625, 45.09375, 92.1875, 117.0625, 110.375, 83.4375, 28.078125, 71.0625, 121.4375, 58.59375, 58.8125, 77.3125, 64.875, 98.25, 128.0, 105.5625, 150.25, 178.875, 60.375, 75.8125, 173.625, 141.25, 77.6875, 51.1875, 107.6875, 51.40625, 114.375, 86.3125, 154.125, 150.0, 155.5, 55.21875, 91.6875, 17.46875, 79.8125, 168.125, 58.6875, 78.625, 114.5625, 160.25, 57.5, 158.75, 121.4375, 82.4375, 165.875, 76.0, 91.625, 157.125, 83.625, 108.0625, 34.9375, 51.40625, 99.8125, 131.5, 181.375], [113.1875, 120.6875, 51.40625, 111.1875, 132.0, 143.75, 150.875, 142.0, 130.0, 121.0625, 201.375, 73.75, 41.0625, 168.625, 0.0, 139.625, 181.875, 135.75, 129.375, 113.4375, 23.015625, 72.125, 24.515625, 102.0, 226.625, 125.9375, 163.25, 145.0, 36.5, 199.125, 154.5, 84.75, 184.125, 111.5, 167.375, 14.8671875, 81.1875, 109.8125, 176.75, 27.015625, 152.75, 53.65625, 209.75, 31.890625, 152.125, 181.625, 160.375, 84.3125, 99.0625, 155.375, 151.25, 156.75, 170.375, 190.0, 163.0, 165.125, 188.25, 161.5, 173.625, 117.8125, 143.25, 149.5, 60.8125, 161.5, 90.4375, 102.5, 169.875, 46.53125, 179.75, 170.0, 157.625, 171.5, 90.8125, 79.1875, 217.125, 153.0, 131.0, 117.1875, 124.5625, 153.25, 166.25, 129.125, 80.75, 187.25, 190.125, 40.15625, 127.5625, 69.0625, 121.3125, 98.875, 157.25, 89.75, 154.375, 146.5, 176.5, 165.75, 185.375, 83.0, 91.125, 78.8125, 92.75, 164.0, 133.5, 47.375, 199.625, 41.125, 147.25, 208.75, 144.5, 174.625, 168.25, 137.875, 55.0625, 61.03125, 175.75, 155.375, 51.1875, 172.75, 59.4375, 154.5, 116.625, 154.0, 167.75, 188.5, 23.0, 144.625, 30.0, 112.1875, 108.0625, 228.0, 104.9375, 109.625, 199.5, 170.5, 129.75, 133.25, 34.4375, 55.5625, 129.25, 197.375, 115.5, 79.6875, 163.625, 184.25, 110.875, 151.5, 82.5, 195.625, 170.5, 87.4375, 162.375, 92.0, 193.125, 108.25, 53.25, 176.625, 222.5, 101.625, 172.75, 70.9375, 83.9375, 63.0625, 35.78125, 14.5625, 125.125, 189.375, 17.46875, 58.84375, 134.0, 119.8125, 176.25, 133.875, 93.25, 145.125, 108.0, 47.09375, 44.03125, 163.375, 128.5, 151.75, 101.9375, 142.125, 110.125, 204.125, 172.75, 40.3125, 113.3125, 40.375, 108.8125, 118.0, 15.6171875, 234.25, 96.0625, 135.0, 140.125, 66.625, 170.0, 184.5, 83.0625, 157.75, 32.375], [104.6875, 153.375, 152.75, 145.625, 18.03125, 67.6875, 106.5, 18.4375, 193.375, 183.125, 152.0, 69.1875, 172.0, 142.75, 139.625, 0.0, 190.25, 104.875, 15.0, 39.65625, 116.75, 69.0, 162.75, 117.8125, 170.75, 30.484375, 79.5, 167.0, 144.75, 193.625, 120.3125, 167.0, 184.375, 43.28125, 138.75, 127.5, 58.40625, 89.125, 107.0625, 112.8125, 93.3125, 164.25, 174.5, 114.0, 43.0, 180.75, 203.75, 158.125, 67.4375, 121.1875, 14.140625, 176.625, 59.4375, 216.25, 200.875, 163.875, 157.875, 72.25, 111.375, 66.625, 147.875, 13.6015625, 114.8125, 176.5, 127.75, 44.59375, 115.25, 93.0625, 189.125, 120.5, 20.25, 195.25, 181.625, 99.3125, 133.875, 49.03125, 203.25, 45.28125, 162.75, 113.625, 167.25, 115.25, 176.5, 164.0, 174.5, 100.3125, 47.71875, 149.0, 49.6875, 112.4375, 207.875, 133.5, 199.75, 195.25, 164.625, 182.875, 187.625, 76.3125, 49.65625, 177.5, 80.25, 66.0, 162.0, 146.375, 154.0, 165.25, 143.25, 131.125, 116.125, 222.125, 52.875, 197.875, 167.25, 141.75, 223.5, 103.8125, 130.25, 68.75, 155.5, 67.875, 177.5, 31.78125, 145.375, 172.25, 162.375, 38.46875, 162.0, 29.53125, 31.578125, 167.25, 149.25, 186.5, 162.625, 175.625, 59.15625, 170.875, 153.375, 168.125, 120.75, 113.1875, 25.171875, 118.0625, 208.0, 194.375, 127.0, 26.6875, 159.125, 133.0, 212.125, 58.25, 219.75, 137.5, 169.125, 86.375, 97.875, 191.625, 163.5, 143.625, 194.125, 120.6875, 57.0, 114.5, 154.375, 154.0, 153.75, 210.0, 155.875, 80.75, 177.625, 106.875, 225.75, 92.9375, 54.125, 57.96875, 37.1875, 92.75, 96.75, 94.125, 184.25, 129.5, 147.625, 26.3125, 112.625, 114.125, 228.375, 166.25, 129.75, 165.25, 191.5, 167.875, 150.375, 163.125, 154.375, 17.265625, 186.75, 136.625, 170.625, 189.75, 148.5, 25.234375, 170.75], [90.5, 61.1875, 136.25, 70.6875, 201.5, 126.0625, 87.0, 207.5, 75.0, 76.0625, 76.5, 157.375, 169.375, 53.53125, 181.875, 190.25, 0.0, 85.4375, 195.75, 154.375, 178.25, 162.25, 182.75, 87.8125, 90.8125, 160.125, 125.125, 36.875, 148.0, 22.015625, 72.875, 107.8125, 11.0, 151.125, 57.6875, 170.25, 171.875, 105.3125, 104.8125, 178.125, 102.5625, 142.5, 59.84375, 158.25, 156.375, 13.34375, 47.0, 102.6875, 131.5, 72.1875, 188.0, 25.625, 155.5, 31.015625, 39.40625, 26.40625, 51.96875, 131.875, 96.375, 124.5, 44.9375, 186.0, 125.0625, 20.390625, 93.0625, 156.625, 88.5, 172.625, 2.236328125, 82.125, 207.0, 20.609375, 113.75, 117.125, 123.5625, 150.625, 86.1875, 146.5, 58.53125, 79.9375, 23.015625, 76.0, 121.0625, 42.59375, 32.0, 166.125, 142.5, 115.4375, 141.0, 93.1875, 56.875, 92.5625, 49.75, 55.0, 30.875, 17.0, 8.25, 134.625, 183.75, 124.6875, 122.6875, 141.125, 48.5, 137.375, 71.4375, 159.375, 47.40625, 114.25, 74.625, 56.3125, 160.75, 69.8125, 143.625, 121.75, 57.21875, 92.125, 130.75, 146.875, 129.125, 131.5, 76.875, 170.0, 49.65625, 33.0625, 187.25, 156.25, 170.5, 189.75, 180.375, 97.4375, 77.125, 94.5, 60.03125, 14.765625, 131.25, 51.4375, 155.25, 144.125, 71.1875, 121.625, 174.875, 106.0, 48.71875, 4.2421875, 76.5, 173.125, 105.3125, 93.6875, 45.90625, 154.0, 68.0, 89.9375, 43.0, 108.4375, 145.25, 8.9453125, 93.125, 80.25, 17.46875, 113.1875, 164.5, 123.0625, 154.625, 188.75, 56.71875, 22.359375, 181.75, 171.0, 54.65625, 86.0, 60.21875, 97.4375, 152.875, 136.75, 195.375, 176.625, 181.375, 108.4375, 67.375, 61.625, 80.0625, 214.375, 85.875, 130.0, 68.75, 161.5, 73.4375, 160.25, 101.3125, 68.4375, 174.625, 113.125, 87.9375, 203.0, 54.4375, 115.3125, 19.84375, 4.47265625, 100.3125, 182.125, 185.375], [23.4375, 61.8125, 110.125, 59.0, 116.75, 42.4375, 15.8125, 122.3125, 105.75, 97.625, 66.6875, 83.875, 143.625, 41.1875, 135.75, 104.875, 85.4375, 0.0, 110.9375, 70.25, 122.5625, 88.8125, 147.75, 40.71875, 91.6875, 74.8125, 48.84375, 66.375, 113.5625, 89.875, 20.390625, 101.375, 79.625, 67.375, 38.0, 121.25, 95.0, 28.15625, 45.6875, 120.75, 26.0, 121.4375, 80.625, 104.875, 72.625, 76.0625, 105.1875, 91.5, 52.0, 21.375, 102.8125, 74.0, 76.1875, 112.4375, 100.6875, 59.0625, 60.03125, 53.4375, 39.96875, 40.15625, 45.0, 100.75, 76.375, 72.875, 57.78125, 74.5, 34.71875, 107.8125, 84.375, 34.21875, 121.6875, 92.0, 115.5, 56.625, 84.875, 67.4375, 118.25, 61.84375, 70.625, 17.5, 62.4375, 15.1328125, 116.0625, 63.375, 72.0625, 105.1875, 57.125, 93.0625, 55.90625, 40.5, 111.375, 62.96875, 102.4375, 100.0625, 60.75, 79.1875, 82.875, 61.625, 104.5, 118.875, 48.5, 62.03125, 65.1875, 106.8125, 65.8125, 133.25, 38.90625, 75.4375, 12.1640625, 122.9375, 80.0625, 107.4375, 124.0625, 92.4375, 124.3125, 21.9375, 91.5625, 69.9375, 106.9375, 50.5625, 93.25, 85.6875, 42.75, 69.875, 150.625, 71.4375, 139.0, 106.625, 97.5, 92.4375, 67.1875, 109.0625, 68.875, 70.8125, 45.8125, 75.875, 123.6875, 124.9375, 20.609375, 68.6875, 90.8125, 60.8125, 109.25, 89.625, 40.4375, 88.375, 93.9375, 60.15625, 112.0625, 76.0, 124.5, 64.875, 69.25, 30.8125, 85.0, 87.1875, 86.9375, 63.625, 90.5, 69.8125, 87.0, 74.25, 123.875, 147.625, 59.65625, 105.625, 143.625, 101.625, 83.8125, 17.5, 126.9375, 12.0390625, 73.1875, 52.8125, 113.25, 111.3125, 117.0, 37.21875, 94.9375, 25.296875, 67.5, 129.25, 29.96875, 77.1875, 131.5, 135.25, 41.125, 133.75, 116.125, 80.5, 135.875, 98.625, 79.0625, 118.0625, 92.375, 83.875, 65.75, 84.875, 82.25, 97.625, 153.625], [107.625, 154.875, 146.875, 146.5, 5.83203125, 77.125, 114.5, 14.3203125, 193.0, 182.625, 162.375, 62.375, 163.625, 150.25, 129.375, 15.0, 195.75, 110.9375, 0.0, 41.625, 106.3125, 61.1875, 153.0, 118.8125, 182.125, 36.6875, 91.0, 170.25, 137.625, 200.625, 127.8125, 163.625, 190.5, 45.0, 146.5, 118.0, 49.25, 92.0, 118.125, 102.3125, 102.375, 157.875, 184.0, 105.6875, 55.71875, 186.875, 205.875, 155.25, 67.875, 128.75, 29.0625, 180.375, 73.375, 220.5, 203.5, 169.625, 166.5, 84.0625, 121.8125, 71.1875, 152.25, 28.59375, 110.5625, 180.875, 127.0, 42.625, 124.9375, 83.0, 194.5, 129.875, 28.4375, 199.25, 178.0, 97.375, 147.0, 61.40625, 202.25, 49.25, 164.0, 121.4375, 172.75, 119.875, 172.125, 172.0, 182.0, 91.0625, 54.71875, 145.0, 55.03125, 113.1875, 209.25, 132.375, 201.5, 196.625, 171.5, 187.25, 193.625, 73.8125, 38.21875, 172.875, 80.0625, 78.625, 164.375, 140.25, 164.125, 157.5, 148.375, 143.625, 122.625, 224.25, 67.0625, 198.125, 160.75, 137.25, 225.75, 112.5625, 124.9375, 82.25, 150.25, 79.0, 177.0, 45.875, 152.625, 179.75, 152.25, 50.09375, 153.25, 17.125, 22.796875, 179.0, 149.125, 184.5, 172.0, 181.0, 66.4375, 172.5, 145.625, 161.75, 125.125, 126.0, 21.9375, 116.1875, 210.125, 199.875, 128.75, 40.84375, 156.125, 144.125, 214.625, 53.65625, 220.75, 136.625, 177.375, 89.0, 91.5, 196.375, 175.0, 143.5, 198.375, 117.75, 49.71875, 110.5, 146.875, 143.625, 155.625, 214.625, 146.125, 71.0, 178.875, 110.6875, 227.75, 99.375, 50.78125, 68.25, 23.265625, 82.25, 85.6875, 104.5625, 184.5, 136.0, 147.25, 19.109375, 114.875, 127.5, 229.875, 158.25, 131.625, 157.375, 189.0, 168.125, 141.0, 175.75, 153.125, 7.80859375, 188.125, 132.875, 176.25, 195.5, 146.125, 40.21875, 161.0], [66.0625, 114.0, 117.1875, 106.0625, 47.4375, 43.40625, 75.8125, 54.5, 153.625, 143.375, 127.0625, 39.8125, 140.375, 110.625, 113.4375, 39.65625, 154.375, 70.25, 41.625, 0.0, 92.125, 42.1875, 134.5, 78.25, 149.0, 13.0390625, 61.84375, 128.75, 111.25, 160.125, 88.3125, 128.375, 149.5, 3.60546875, 106.9375, 99.625, 38.28125, 50.4375, 85.9375, 88.5625, 66.0, 129.125, 146.625, 83.9375, 39.125, 145.875, 164.75, 119.25, 27.78125, 89.25, 44.65625, 138.75, 58.40625, 178.875, 162.125, 128.375, 127.875, 56.8125, 87.5625, 30.078125, 110.6875, 42.4375, 77.8125, 139.25, 88.1875, 11.3984375, 89.0, 69.125, 153.125, 93.0625, 59.53125, 157.625, 143.25, 60.40625, 120.9375, 41.125, 163.625, 9.0, 123.3125, 82.375, 131.5, 78.375, 138.75, 132.625, 142.0, 73.4375, 19.3125, 111.0625, 16.03125, 72.8125, 168.5, 93.9375, 160.5, 155.875, 131.0, 145.625, 152.5, 38.46875, 40.5, 140.0, 40.71875, 55.59375, 123.0625, 111.0625, 128.0, 132.5, 106.9375, 115.4375, 82.25, 183.125, 55.21875, 158.25, 132.125, 104.5625, 184.5, 75.125, 94.25, 62.96875, 118.9375, 50.09375, 137.875, 41.0, 112.625, 139.875, 135.0, 31.390625, 131.375, 36.6875, 28.078125, 147.0, 109.5625, 147.125, 134.625, 139.625, 29.15625, 131.625, 120.625, 133.125, 83.5, 99.375, 20.609375, 78.9375, 169.0, 158.375, 87.75, 39.21875, 120.5, 111.3125, 173.375, 26.0, 180.25, 98.0, 138.25, 47.5, 64.625, 154.875, 142.375, 104.0, 156.75, 82.25, 31.890625, 77.125, 121.5, 127.9375, 114.5625, 173.125, 128.125, 57.4375, 138.25, 69.0625, 186.625, 59.1875, 20.25, 38.46875, 44.09375, 70.4375, 75.8125, 71.1875, 144.625, 95.5, 107.9375, 60.59375, 73.5625, 103.375, 189.125, 133.75, 90.5, 132.625, 152.375, 128.25, 121.5625, 146.625, 114.9375, 49.21875, 147.375, 98.6875, 135.0, 154.25, 109.5625, 47.0, 142.125], [101.25, 118.0625, 60.21875, 108.0, 109.0625, 125.3125, 136.875, 119.0, 135.125, 125.25, 189.125, 52.34375, 61.09375, 158.5, 23.015625, 116.75, 178.25, 122.5625, 106.3125, 92.125, 0.0, 50.15625, 47.15625, 93.375, 214.25, 104.25, 145.0, 142.0, 45.46875, 193.75, 142.25, 91.25, 179.125, 90.4375, 156.75, 15.0, 58.46875, 95.1875, 160.875, 4.0, 136.875, 66.4375, 199.875, 20.03125, 131.125, 176.375, 162.625, 88.25, 80.625, 143.125, 128.5, 154.0, 149.875, 190.0, 164.25, 159.0, 178.375, 142.625, 158.5, 99.6875, 136.75, 126.875, 53.25, 158.125, 85.125, 80.9375, 155.625, 23.765625, 176.125, 156.375, 134.625, 170.25, 100.375, 66.875, 200.75, 132.375, 138.25, 96.5625, 123.5, 140.125, 160.5, 118.125, 91.0, 178.5, 182.625, 19.203125, 107.3125, 72.8125, 101.25, 89.3125, 160.875, 86.0, 156.75, 149.125, 169.125, 163.0, 180.75, 65.125, 68.125, 89.8125, 76.375, 144.375, 131.0, 54.375, 187.875, 58.3125, 139.5, 192.875, 132.375, 178.25, 147.25, 142.625, 68.625, 63.5625, 179.5, 140.625, 50.4375, 152.875, 67.4375, 135.625, 120.1875, 132.25, 158.125, 181.0, 46.0, 123.5, 49.96875, 89.1875, 85.1875, 215.0, 103.375, 116.75, 189.0, 165.75, 110.75, 132.75, 48.40625, 69.375, 119.1875, 180.5, 92.875, 72.5625, 166.125, 181.125, 103.5625, 129.5, 87.0625, 181.375, 172.75, 66.25, 167.625, 89.0625, 184.5, 93.1875, 37.59375, 174.0, 209.5, 99.125, 171.125, 65.0625, 61.6875, 55.3125, 49.8125, 37.34375, 122.0, 188.375, 40.125, 36.125, 134.75, 107.9375, 180.375, 119.0, 72.0625, 125.625, 85.0, 24.078125, 21.21875, 146.875, 131.75, 141.125, 100.375, 119.125, 99.9375, 186.625, 178.0, 58.1875, 106.375, 57.8125, 117.3125, 119.0625, 36.125, 220.0, 97.0625, 112.0625, 142.0, 66.5, 164.5, 180.5, 84.375, 135.375, 55.15625], [73.25, 109.5625, 86.0625, 99.75, 65.25, 79.375, 100.1875, 75.1875, 141.125, 130.5, 154.0, 5.0, 103.0, 129.25, 72.125, 69.0, 162.25, 88.8125, 61.1875, 42.1875, 50.15625, 0.0, 94.375, 75.25, 178.125, 54.125, 99.1875, 130.0, 76.5, 173.125, 109.1875, 106.0, 160.125, 40.8125, 126.5, 59.03125, 13.0390625, 61.125, 118.9375, 46.53125, 95.875, 96.8125, 169.375, 45.0, 81.3125, 156.875, 160.375, 98.6875, 37.9375, 110.1875, 79.625, 141.625, 100.4375, 181.375, 159.625, 138.625, 148.625, 95.6875, 118.3125, 55.90625, 117.5, 77.8125, 52.625, 144.0, 76.875, 30.890625, 117.3125, 26.921875, 160.5, 119.625, 88.25, 160.125, 119.5625, 46.96875, 157.25, 83.0, 148.5, 47.5, 117.75, 105.125, 141.0, 90.0625, 112.75, 151.125, 158.125, 32.0, 58.71875, 86.5625, 53.03125, 69.5625, 161.75, 81.0, 155.25, 149.0, 145.25, 149.875, 162.625, 28.078125, 27.203125, 113.125, 41.0, 96.1875, 121.3125, 79.375, 153.75, 96.5, 116.9375, 150.5, 100.5, 178.25, 97.4375, 147.25, 99.75, 78.0625, 179.625, 102.125, 64.875, 104.25, 89.9375, 88.625, 124.875, 82.0625, 130.0, 156.0, 94.375, 73.5625, 93.0625, 45.21875, 38.46875, 177.5, 99.5625, 129.0, 157.625, 148.125, 64.1875, 127.0625, 84.5625, 100.6875, 93.3125, 136.125, 44.09375, 63.8125, 164.5, 165.875, 86.625, 79.375, 99.0, 142.25, 170.125, 16.96875, 171.625, 85.1875, 157.125, 58.21875, 30.875, 160.5, 172.375, 94.0625, 160.0, 62.25, 12.0390625, 53.15625, 85.6875, 86.6875, 111.875, 177.375, 87.6875, 15.5546875, 131.875, 79.0625, 181.125, 81.5, 22.671875, 77.8125, 44.78125, 28.421875, 33.96875, 104.25, 134.25, 112.0625, 97.0625, 77.5, 76.5, 141.375, 181.5, 97.3125, 89.8125, 96.4375, 132.5, 118.4375, 81.75, 179.875, 99.875, 68.125, 140.625, 75.0, 145.0, 163.375, 90.5625, 85.625, 102.25], [124.4375, 122.1875, 46.5625, 113.75, 156.0, 161.25, 163.375, 166.0, 123.0, 115.25, 211.25, 95.3125, 20.59375, 176.75, 24.515625, 162.75, 182.75, 147.75, 153.0, 134.5, 47.15625, 94.375, 0.0, 110.4375, 236.5, 147.25, 180.125, 146.125, 35.84375, 201.625, 165.125, 78.3125, 186.5, 132.25, 176.0, 35.34375, 104.375, 123.875, 191.0, 51.15625, 167.25, 43.0, 217.0, 50.59375, 172.375, 184.375, 155.5, 80.8125, 117.1875, 165.875, 174.0, 157.25, 190.0, 187.0, 159.25, 169.125, 195.875, 179.125, 187.0, 135.25, 148.0, 172.125, 71.4375, 162.5, 96.25, 123.9375, 182.5, 70.0, 180.625, 181.75, 181.25, 170.125, 80.375, 92.4375, 231.375, 172.75, 121.5625, 137.25, 124.3125, 164.75, 169.625, 139.0, 70.25, 193.625, 195.0, 62.5, 147.125, 67.375, 140.75, 108.4375, 151.0, 94.0, 149.625, 141.5, 181.625, 166.125, 187.25, 101.0625, 115.0, 67.5, 109.0625, 182.5, 134.375, 45.6875, 209.0, 26.171875, 153.375, 222.5, 155.125, 168.0, 188.375, 131.0, 43.09375, 61.75, 169.0, 168.5, 57.0, 191.375, 54.125, 172.25, 111.625, 175.375, 175.25, 193.625, 5.09765625, 165.125, 13.0, 136.0, 131.375, 238.5, 106.0625, 101.0625, 207.5, 172.875, 148.0, 132.125, 27.515625, 43.1875, 138.25, 212.625, 138.25, 88.0625, 158.375, 184.75, 117.625, 173.125, 78.4375, 207.875, 165.375, 108.6875, 154.25, 95.25, 199.375, 122.8125, 71.1875, 176.625, 232.875, 103.875, 171.75, 78.875, 106.375, 73.5625, 28.15625, 13.453125, 127.0, 187.5, 7.0703125, 82.125, 131.375, 130.875, 169.0, 147.625, 114.3125, 163.625, 132.125, 71.0, 68.375, 178.375, 123.5625, 160.625, 103.25, 166.25, 119.875, 219.875, 164.5, 24.328125, 119.5625, 25.171875, 98.625, 115.75, 13.0, 246.125, 94.9375, 159.0, 136.25, 69.375, 173.375, 186.0, 82.5625, 179.875, 8.0], [19.109375, 36.125, 70.0, 27.796875, 124.4375, 72.3125, 56.34375, 132.375, 76.0625, 66.1875, 100.875, 70.5625, 104.125, 66.75, 102.0, 117.8125, 87.8125, 40.71875, 118.8125, 78.25, 93.375, 75.25, 110.4375, 0.0, 126.0625, 88.1875, 85.375, 54.78125, 75.0625, 101.125, 55.21875, 61.65625, 87.0, 74.625, 65.75, 88.375, 85.9375, 30.671875, 86.375, 92.5625, 65.25, 81.0, 107.8125, 73.75, 98.0625, 84.0, 87.4375, 51.625, 50.9375, 55.90625, 120.5625, 66.4375, 107.8125, 106.25, 