{"name": "LZB_n200_9", "n": 200, "m": 20, "times": [[0.0, 100.6875, 76.25, 102.125, 43.75, 50.8125, 85.4375, 113.0, 46.1875, 106.4375, 92.4375, 35.34375, 70.375, 66.0, 46.8125, 87.75, 25.703125, 71.0, 90.125, 60.875, 46.09375, 126.25, 100.3125, 57.09375, 76.0625, 55.09375, 60.03125, 70.1875, 124.0, 46.03125, 68.875, 89.0, 88.5625, 81.0625, 102.5, 104.5625, 101.1875, 103.75, 42.0, 1.4140625, 85.625, 50.9375, 125.9375, 88.375, 27.203125, 105.375, 118.8125, 71.375, 81.375, 114.5625, 100.875, 50.21875, 84.3125, 109.1875, 91.6875, 97.375, 94.375, 66.5, 34.40625, 36.25, 81.0, 74.6875, 99.5625, 120.25, 79.375, 45.28125, 17.203125, 100.125, 104.0625, 85.375, 94.125, 60.8125, 94.875, 74.625, 52.40625, 109.0625, 106.125, 83.625, 114.0, 37.84375, 106.9375, 96.1875, 111.8125, 40.25, 81.3125, 84.1875, 79.0, 97.3125, 120.6875, 82.0625, 119.8125, 51.53125, 70.3125, 100.125, 8.0625, 78.8125, 79.625, 56.3125, 106.6875, 83.6875, 69.1875, 105.125, 87.0, 84.875, 95.5, 18.109375, 83.1875, 54.5, 43.90625, 67.0625, 68.0, 104.8125, 43.40625, 84.875, 80.0625, 82.6875, 46.1875, 119.375, 106.0625, 75.0625, 93.375, 54.8125, 84.125, 87.8125, 124.0, 95.0625, 64.0625, 30.40625, 43.875, 120.9375, 83.125, 73.5, 68.6875, 101.1875, 78.25, 128.375, 22.359375, 75.5625, 50.0, 36.25, 19.71875, 110.8125, 94.8125, 90.0625, 120.0, 64.0, 53.75, 94.0625, 16.28125, 63.0625, 69.375, 98.1875, 5.0, 91.9375, 73.5, 100.0, 86.3125, 114.375, 94.1875, 94.125, 77.25, 83.8125, 53.5, 71.1875, 22.015625, 20.59375, 79.1875, 45.46875, 99.8125, 106.0, 64.625, 98.4375, 110.0625, 66.75, 66.4375, 42.28125, 52.09375, 135.75, 81.25, 75.625, 94.75, 86.0, 47.8125, 93.5, 105.5625, 101.1875, 104.3125, 42.0625, 123.25, 91.0, 74.125, 101.6875, 67.25, 39.65625, 107.375, 112.1875, 48.90625, 83.1875, 126.25, 35.15625, 92.4375], [100.6875, 0.0, 98.25, 197.25, 140.125, 116.5, 154.375, 133.875, 82.4375, 28.28125, 59.1875, 68.625, 103.0, 35.59375, 94.625, 42.375, 88.25, 105.25, 175.75, 61.40625, 129.125, 172.75, 90.625, 73.5625, 175.625, 72.125, 155.375, 114.1875, 143.75, 76.625, 163.25, 177.0, 114.875, 88.0, 110.75, 202.375, 34.0625, 38.21875, 142.625, 99.25, 183.875, 108.25, 27.859375, 139.0, 74.375, 142.0, 172.0, 83.125, 136.5, 156.875, 31.90625, 109.9375, 108.6875, 24.40625, 188.625, 26.625, 120.375, 126.75, 67.6875, 135.75, 166.375, 32.5625, 159.375, 160.0, 176.125, 68.4375, 103.6875, 192.875, 100.6875, 58.6875, 149.625, 122.375, 120.0, 36.125, 114.25, 147.0, 166.25, 139.375, 14.5625, 127.0, 170.625, 172.125, 152.875, 98.6875, 125.4375, 17.5, 168.5, 176.625, 175.0, 123.0625, 171.125, 86.3125, 84.375, 159.375, 103.625, 112.625, 142.375, 95.875, 149.25, 98.125, 169.75, 201.375, 77.875, 28.28125, 65.3125, 111.9375, 72.0625, 115.9375, 142.875, 147.375, 65.5, 136.0, 58.53125, 185.5, 41.4375, 147.625, 82.4375, 219.875, 203.5, 133.0, 8.25, 139.125, 36.875, 88.4375, 224.625, 64.875, 156.125, 84.625, 141.625, 160.5, 170.25, 131.75, 169.375, 53.25, 165.75, 151.5, 108.4375, 43.03125, 70.0, 136.25, 120.125, 34.65625, 119.5, 21.09375, 151.0, 163.75, 109.4375, 194.5, 116.875, 162.625, 151.625, 184.0, 104.0, 129.375, 108.0625, 83.25, 14.765625, 174.125, 53.75, 165.375, 72.0, 161.25, 134.5, 47.0, 118.6875, 80.625, 22.359375, 55.21875, 143.25, 26.875, 165.125, 177.125, 208.625, 147.625, 46.84375, 129.25, 73.0625, 162.375, 155.75, 25.609375, 187.0, 79.5625, 128.5, 116.5625, 146.625, 199.0, 133.875, 68.125, 26.6875, 65.75, 141.625, 145.5, 33.40625, 61.53125, 113.9375, 21.546875, 112.0, 154.0, 25.609375, 85.9375, 60.0], [76.25, 98.25, 0.0, 124.625, 83.6875, 125.3125, 63.8125, 179.875, 32.4375, 121.0625, 130.75, 57.3125, 9.4375, 83.6875, 29.609375, 58.40625, 91.9375, 138.0, 163.875, 39.5625, 122.25, 74.5625, 30.40625, 29.6875, 117.9375, 108.1875, 91.8125, 21.265625, 191.375, 36.125, 95.75, 97.625, 17.46875, 137.875, 26.25, 134.75, 73.5625, 72.5625, 99.625, 75.5625, 120.375, 123.0625, 109.6875, 42.4375, 63.59375, 176.75, 74.0625, 15.1328125, 42.0625, 58.6875, 119.9375, 123.0, 11.1796875, 119.875, 156.125, 76.4375, 23.703125, 38.90625, 61.5625, 88.6875, 155.25, 95.875, 63.59375, 193.125, 110.125, 95.4375, 92.6875, 116.9375, 160.25, 125.1875, 169.125, 38.0, 161.625, 62.8125, 36.40625, 181.0, 182.0, 44.78125, 112.0625, 66.6875, 75.3125, 172.0, 54.75, 37.21875, 153.0, 91.6875, 92.625, 172.625, 77.125, 152.875, 73.0, 113.875, 128.0, 63.3125, 70.625, 146.875, 50.78125, 20.21875, 179.625, 8.0625, 119.625, 169.625, 26.921875, 70.0625, 44.28125, 94.125, 29.734375, 36.25, 111.0, 67.625, 115.25, 174.5, 62.625, 137.625, 57.0, 56.09375, 32.4375, 161.875, 168.5, 41.0625, 90.4375, 66.625, 62.0, 143.125, 170.5, 135.875, 86.8125, 93.75, 113.0625, 62.8125, 91.375, 148.125, 122.5, 58.6875, 151.875, 197.0, 98.375, 55.21875, 101.8125, 90.5625, 83.125, 82.0, 23.328125, 103.875, 55.03125, 109.4375, 125.8125, 138.375, 85.6875, 107.5, 144.875, 101.3125, 81.0625, 162.5, 141.0, 149.0, 86.125, 77.25, 128.75, 170.375, 126.6875, 75.3125, 60.8125, 51.625, 74.0, 74.625, 79.8125, 72.0, 45.0, 119.875, 114.3125, 173.75, 142.25, 142.625, 99.625, 118.125, 106.0625, 205.875, 157.375, 86.3125, 111.375, 24.703125, 124.0625, 20.8125, 48.375, 163.375, 37.15625, 48.09375, 105.75, 133.5, 53.25, 174.625, 77.25, 75.0, 168.25, 118.9375, 122.5625, 64.625, 118.3125, 99.3125, 46.25], [102.125, 197.25, 124.625, 0.0, 58.53125, 130.0, 68.0, 194.625, 118.625, 207.5, 194.0, 128.75, 115.25, 165.5, 107.9375, 171.0, 125.4375, 159.5, 114.3125, 141.625, 110.8125, 107.0625, 154.625, 130.875, 33.84375, 155.625, 42.375, 103.8125, 203.5, 123.4375, 34.0, 28.796875, 121.4375, 177.0, 141.0, 14.140625, 187.0, 187.875, 66.0, 103.3125, 21.546875, 136.375, 218.875, 94.125, 124.25, 179.375, 95.0625, 133.0, 89.0, 108.6875, 202.375, 134.5, 122.875, 209.625, 81.3125, 186.125, 122.5625, 86.0, 130.25, 66.75, 112.0, 175.625, 81.5625, 187.125, 23.09375, 147.125, 109.5625, 10.0, 198.125, 186.875, 157.25, 86.6875, 179.375, 164.5, 90.5, 180.875, 159.25, 87.75, 211.5, 70.25, 76.1875, 133.75, 109.4375, 101.375, 159.5, 182.625, 32.0, 129.0, 94.0, 162.0, 98.0625, 148.25, 167.125, 82.5625, 96.4375, 164.375, 78.75, 111.75, 175.875, 131.625, 47.15625, 88.4375, 150.125, 175.0, 166.125, 101.25, 150.625, 89.8125, 78.0625, 57.0, 169.0, 182.625, 139.125, 51.0, 165.375, 74.875, 118.625, 46.09375, 83.25, 86.4375, 189.25, 60.3125, 170.625, 184.0, 57.3125, 196.125, 41.34375, 130.5, 82.375, 114.125, 34.0, 144.5, 52.40625, 178.375, 107.0625, 204.75, 109.125, 161.5, 151.25, 67.5, 83.375, 196.875, 123.875, 190.375, 124.0, 43.40625, 138.5, 36.40625, 88.9375, 43.1875, 114.75, 31.015625, 101.0, 170.25, 160.75, 198.25, 182.5, 84.0, 196.125, 139.625, 177.0, 53.5, 65.875, 156.5, 80.625, 122.125, 174.875, 144.5, 104.0625, 206.875, 47.53125, 130.375, 21.03125, 116.4375, 168.375, 105.375, 152.625, 208.125, 129.75, 174.125, 13.9296875, 148.125, 113.9375, 125.3125, 107.9375, 79.8125, 120.875, 129.5, 215.5, 191.875, 73.4375, 171.75, 164.625, 140.125, 197.125, 211.875, 131.5, 65.5625, 222.375, 134.0, 166.25], [43.75, 140.125, 83.6875, 58.53125, 0.0, 80.125, 57.4375, 146.375, 66.625, 149.125, 136.125, 71.5625, 74.75, 107.375, 58.59375, 118.25, 68.0, 107.25, 90.375, 88.625, 64.625, 104.4375, 113.5, 79.625, 36.875, 98.125, 16.28125, 67.1875, 156.5, 70.3125, 25.171875, 47.0625, 88.125, 121.8125, 106.8125, 62.25, 133.625, 135.25, 20.59375, 44.90625, 43.84375, 84.4375, 163.25, 72.8125, 66.1875, 134.5, 94.3125, 86.8125, 65.25, 97.3125, 143.875, 82.875, 86.6875, 151.375, 74.0, 131.625, 92.0, 53.34375, 72.5625, 12.203125, 83.75, 117.1875, 74.625, 146.0, 36.25, 88.9375, 53.34375, 56.4375, 144.0, 129.0, 116.6875, 50.0, 129.5, 109.25, 47.6875, 137.0, 123.75, 66.125, 154.125, 17.09375, 78.0, 104.5625, 95.875, 50.59375, 111.8125, 124.8125, 36.875, 102.5625, 95.1875, 113.625, 96.25, 92.375, 111.4375, 75.5, 37.9375, 113.5625, 58.3125, 65.5625, 133.125, 91.6875, 36.0625, 87.0, 104.6875, 119.875, 118.3125, 46.09375, 103.375, 48.375, 36.625, 35.0, 111.375, 136.0, 81.625, 54.09375, 111.75, 58.59375, 66.625, 82.3125, 85.375, 59.4375, 132.25, 24.171875, 116.6875, 128.75, 89.3125, 138.5, 21.59375, 73.0625, 40.59375, 104.0, 42.0625, 99.3125, 38.84375, 128.25, 79.1875, 159.25, 54.34375, 107.5, 93.4375, 14.2109375, 26.078125, 143.5, 93.0, 132.125, 107.9375, 26.421875, 87.0, 57.1875, 32.25, 24.703125, 78.875, 56.75, 43.09375, 123.0, 109.125, 142.125, 125.375, 86.6875, 137.875, 106.6875, 120.0, 49.59375, 27.890625, 102.5625, 22.140625, 63.59375, 117.875, 86.3125, 85.4375, 148.5, 30.671875, 103.9375, 68.5, 78.5625, 109.875, 58.8125, 95.125, 164.875, 94.25, 116.3125, 51.15625, 102.9375, 67.6875, 93.0625, 91.0625, 80.3125, 96.875, 73.75, 160.125, 134.375, 51.09375, 128.375, 107.0625, 81.6875, 145.125, 153.875, 80.4375, 54.40625, 165.625, 77.0, 117.0625], [50.8125, 116.5, 125.3125, 130.0, 80.125, 0.0, 132.75, 66.3125, 93.4375, 109.1875, 79.625, 73.1875, 120.375, 82.5625, 96.625, 121.125, 35.34375, 30.15625, 60.21875, 101.125, 20.390625, 176.125, 146.0, 101.625, 97.125, 45.5, 93.9375, 120.9375, 76.5, 91.375, 102.5, 126.5, 138.75, 51.625, 151.375, 127.0, 130.5, 134.25, 64.75, 51.03125, 109.3125, 9.21875, 144.25, 138.75, 64.5625, 55.4375, 167.875, 117.9375, 131.625, 165.0, 101.8125, 7.0703125, 134.125, 114.0625, 82.0, 124.3125, 144.75, 116.75, 69.75, 68.125, 51.21875, 84.125, 148.25, 69.5, 107.5, 48.375, 33.59375, 131.625, 69.5625, 73.6875, 43.875, 111.1875, 49.71875, 104.5, 103.0625, 58.71875, 57.5, 133.625, 126.1875, 83.0, 154.375, 56.03125, 162.375, 90.75, 31.90625, 99.1875, 116.4375, 60.15625, 169.5, 33.53125, 169.125, 31.40625, 44.40625, 148.875, 58.25, 34.375, 128.875, 106.0, 55.96875, 132.25, 85.0, 92.4375, 131.25, 112.4375, 135.625, 36.25, 126.3125, 105.125, 52.09375, 112.0625, 56.625, 56.09375, 75.0625, 92.75, 113.125, 131.25, 93.4375, 129.5, 96.25, 125.1875, 111.6875, 99.5625, 115.4375, 58.1875, 129.625, 79.0625, 101.375, 36.0, 48.0, 171.5, 122.0, 22.828125, 81.125, 137.0, 51.625, 79.625, 29.0, 109.0625, 46.53125, 66.5, 56.3125, 138.625, 145.125, 98.5, 170.75, 86.5625, 9.8515625, 107.8125, 50.21875, 86.8125, 36.25, 136.375, 46.875, 43.03125, 31.0, 74.125, 105.3125, 162.375, 84.3125, 50.34375, 58.59375, 128.25, 100.0, 106.0, 65.625, 52.40625, 100.4375, 70.1875, 150.5, 109.375, 83.125, 60.75, 130.125, 32.0, 70.25, 25.015625, 43.90625, 86.0625, 39.5625, 92.0, 127.375, 130.75, 17.71875, 143.625, 156.25, 92.8125, 155.0, 82.75, 142.75, 74.625, 122.6875, 51.0, 88.3125, 63.0625, 67.1875, 119.0, 4.47265625, 130.25, 139.625, 32.25, 131.25], [85.4375, 154.375, 63.8125, 68.0, 57.4375, 132.75, 0.0, 197.75, 72.3125, 172.125, 170.625, 93.3125, 55.46875, 130.0, 60.21875, 119.25, 110.5625, 156.25, 147.25, 93.1875, 120.1875, 47.4375, 91.375, 81.0, 75.5625, 137.625, 52.8125, 42.9375, 208.625, 78.3125, 50.625, 39.21875, 55.90625, 165.625, 74.8125, 80.75, 135.25, 134.875, 77.9375, 85.875, 72.0625, 135.125, 170.5, 26.421875, 93.5625, 188.25, 36.90625, 76.0625, 22.625, 43.1875, 169.0, 134.0, 58.78125, 172.5, 125.9375, 136.625, 55.8125, 27.65625, 96.625, 69.0, 141.0, 142.0, 17.46875, 201.25, 62.0, 125.6875, 101.0, 58.6875, 188.875, 164.0, 172.5, 32.125, 179.875, 118.4375, 41.0, 191.375, 180.75, 20.609375, 168.875, 49.8125, 21.640625, 162.0, 43.0, 58.0625, 164.625, 143.5, 39.125, 159.875, 37.8125, 165.875, 38.9375, 136.625, 154.875, 18.390625, 77.375, 163.75, 13.0390625, 58.6875, 188.0, 69.1875, 83.6875, 137.5, 90.75, 127.8125, 108.0625, 96.625, 93.0625, 39.0, 94.0625, 22.46875, 148.875, 188.625, 103.125, 99.125, 115.8125, 7.80859375, 72.3125, 111.8125, 134.375, 22.828125, 146.125, 33.96875, 121.1875, 172.125, 122.1875, 174.5, 43.6875, 114.75, 98.0, 49.5, 34.71875, 153.875, 88.625, 122.125, 136.375, 212.25, 104.3125, 112.8125, 131.625, 71.1875, 76.6875, 144.25, 57.1875, 154.125, 57.125, 72.8125, 137.875, 93.0, 82.625, 70.875, 136.25, 39.65625, 87.8125, 175.625, 158.625, 182.875, 140.375, 29.734375, 170.75, 164.0, 159.5, 14.5625, 32.8125, 108.1875, 67.1875, 98.375, 133.125, 111.4375, 36.125, 171.125, 79.375, 161.25, 88.3125, 135.75, 140.125, 114.5625, 134.75, 218.875, 151.5, 136.125, 54.09375, 88.5, 123.0625, 59.03125, 40.4375, 129.625, 52.9375, 89.0, 166.625, 171.0, 13.0, 183.125, 126.125, 110.3125, 192.75, 173.0, 132.0, 3.162109375, 177.25, 120.0, 109.5625], [113.0, 133.875, 179.875, 194.625, 146.375, 66.3125, 197.75, 0.0, 147.625, 113.125, 76.0, 122.8125, 177.0, 111.3125, 154.125, 157.0, 89.875, 42.4375, 98.6875, 147.125, 83.9375, 239.125, 194.125, 152.0, 161.0, 73.4375, 160.125, 180.375, 11.3984375, 143.875, 168.625, 192.75, 195.625, 46.84375, 204.625, 190.125, 160.375, 164.75, 130.625, 112.8125, 173.375, 62.78125, 159.125, 200.875, 116.375, 20.125, 231.875, 169.25, 194.125, 226.75, 106.0, 64.0, 190.125, 119.125, 132.875, 152.5, 201.875, 179.25, 118.625, 134.5, 94.0625, 105.0, 212.5, 31.390625, 172.75, 85.4375, 96.8125, 197.0, 35.90625, 75.25, 45.21875, 173.5, 18.390625, 139.625, 164.625, 22.796875, 56.59375, 196.5, 137.0, 148.375, 219.375, 81.0, 223.75, 150.0, 35.15625, 120.4375, 182.75, 88.25, 233.625, 32.90625, 232.75, 66.0625, 54.125, 213.125, 121.0, 34.21875, 192.625, 162.75, 28.84375, 185.625, 148.125, 138.875, 178.375, 143.625, 177.25, 101.625, 172.375, 166.875, 116.6875, 177.75, 71.8125, 13.34375, 119.5625, 152.25, 149.875, 195.5, 147.625, 187.0, 144.375, 187.875, 133.0, 165.25, 150.0, 45.40625, 184.625, 71.125, 167.75, 87.0, 112.3125, 233.0, 188.25, 50.34375, 143.5, 173.375, 97.625, 18.03125, 93.625, 146.875, 79.375, 132.75, 122.125, 165.5, 202.0, 112.75, 230.5, 151.375, 60.03125, 168.5, 115.875, 151.875, 84.0, 202.625, 110.125, 24.328125, 39.6875, 53.59375, 129.125, 227.125, 82.0, 71.1875, 62.59375, 194.125, 165.125, 145.875, 130.875, 106.125, 127.875, 111.125, 211.75, 114.0625, 147.125, 87.6875, 192.125, 81.0, 92.375, 89.5625, 74.9375, 28.640625, 73.0, 117.1875, 193.0, 178.5, 80.75, 200.0, 217.375, 142.5, 213.625, 132.375, 159.25, 69.0, 187.0, 29.546875, 119.25, 106.25, 21.84375, 125.125, 66.1875, 195.375, 149.125, 81.3125, 171.875], [46.1875, 82.4375, 32.4375, 118.625, 66.625, 93.4375, 72.3125, 147.625, 0.0, 100.0, 102.875, 25.8125, 29.828125, 58.5625, 12.1640625, 52.5, 59.53125, 105.625, 136.0, 23.015625, 92.0625, 98.8125, 54.15625, 13.0390625, 103.4375, 76.6875, 79.1875, 36.40625, 159.0, 6.0, 85.6875, 95.6875, 48.09375, 106.5, 58.125, 126.0, 68.4375, 69.4375, 77.625, 45.28125, 108.9375, 90.8125, 101.0625, 61.125, 31.234375, 144.25, 95.0625, 25.171875, 56.71875, 84.125, 97.25, 90.8125, 42.53125, 100.1875, 133.25, 67.75, 54.4375, 45.0, 30.0, 67.5625, 127.0, 70.875, 79.5, 160.75, 99.75, 63.875, 61.625, 112.875, 129.25, 96.75, 137.25, 40.1875, 129.375, 47.15625, 31.78125, 148.5, 150.5, 59.6875, 97.0, 50.34375, 90.125, 142.25, 80.5, 17.203125, 120.5625, 71.1875, 88.0, 143.5, 97.75, 120.4375, 94.9375, 81.5625, 96.3125, 79.625, 42.09375, 114.375, 61.0, 16.546875, 147.25, 38.90625, 101.6875, 146.875, 41.3125, 57.28125, 52.40625, 64.25, 38.3125, 33.53125, 85.9375, 65.375, 84.875, 142.0, 33.25, 119.5, 46.875, 66.0, 0.0, 148.875, 146.75, 52.15625, 74.1875, 58.53125, 52.15625, 112.0, 155.875, 107.5625, 77.4375, 61.28125, 87.125, 89.5, 89.0, 116.0625, 103.3125, 61.625, 124.0, 164.625, 67.4375, 43.03125, 70.3125, 68.9375, 57.5, 78.25, 54.4375, 82.0, 84.375, 92.9375, 93.5, 123.8125, 58.40625, 91.25, 115.5, 102.1875, 51.15625, 130.125, 108.625, 119.1875, 68.25, 94.875, 101.8125, 139.875, 96.25, 78.875, 53.34375, 38.09375, 50.34375, 42.1875, 60.8125, 42.53125, 68.9375, 99.0, 96.375, 144.625, 133.0, 112.875, 71.5, 88.4375, 74.4375, 173.5, 127.125, 64.0, 107.0625, 40.125, 93.5625, 52.40625, 73.8125, 141.625, 66.8125, 18.03125, 97.5, 104.6875, 59.40625, 142.25, 54.0, 44.09375, 136.625, 100.6875, 90.5, 71.6875, 106.3125, 66.875, 50.59375], [106.4375, 28.28125, 121.0625, 207.5, 149.125, 109.1875, 172.125, 113.125, 100.0, 0.0, 37.21875, 80.4375, 124.4375, 42.75, 112.0, 68.9375, 88.0, 91.375, 169.375, 82.0625, 125.1875, 195.375, 117.1875, 93.625, 182.5, 63.875, 165.125, 134.625, 122.0, 94.0, 173.625, 190.125, 138.25, 70.3125, 136.25, 210.875, 62.28125, 66.5, 147.75, 105.125, 192.0, 100.1875, 47.0625, 159.75, 83.5, 124.125, 193.5, 106.0, 156.25, 179.625, 7.6171875, 102.1875, 132.0, 6.0, 187.5, 54.65625, 144.125, 145.0, 78.125, 142.75, 160.375, 31.953125, 179.25, 141.625, 185.375, 65.4375, 104.875, 204.375, 78.0625, 39.5625, 135.75, 140.0, 101.625, 58.53125, 131.125, 129.125, 152.5, 159.25, 24.734375, 138.375, 190.125, 162.625, 175.75, 114.4375, 111.0625, 29.421875, 181.0, 167.875, 196.375, 108.1875, 192.875, 77.8125, 69.875, 179.25, 111.25, 97.4375, 161.0, 115.1875, 132.25, 122.125, 174.75, 199.375, 103.5, 53.65625, 92.4375, 113.75, 97.3125, 133.125, 144.875, 162.125, 53.0, 117.375, 70.0625, 188.875, 66.3125, 166.0, 100.0, 224.875, 202.25, 152.0, 33.28125, 152.375, 62.625, 68.875, 228.25, 42.0, 167.375, 83.4375, 142.75, 183.875, 183.625, 120.3125, 173.375, 81.1875, 160.5, 130.0, 108.4375, 66.75, 64.375, 142.625, 126.125, 62.625, 143.375, 18.03125, 175.25, 170.375, 100.6875, 199.875, 121.6875, 169.5, 145.375, 198.125, 108.6875, 112.8125, 93.75, 60.0625, 35.46875, 194.375, 31.140625, 154.75, 55.375, 177.25, 148.5, 69.625, 127.0, 85.9375, 41.21875, 63.3125, 165.375, 1.4140625, 170.5, 168.25, 216.5, 141.25, 41.40625, 126.5625, 65.875, 141.0, 146.875, 36.0, 198.625, 104.9375, 123.9375, 140.5, 169.25, 198.125, 157.75, 83.1875, 48.09375, 44.28125, 159.125, 129.0, 46.0, 67.4375, 92.0, 12.0, 104.8125, 171.25, 36.0, 82.875, 86.9375], [92.4375, 59.1875, 130.75, 194.0, 136.125, 79.625, 170.625, 76.0, 102.875, 37.21875, 0.0, 78.1875, 131.5, 47.8125, 113.5, 90.4375, 68.6875, 56.875, 138.625, 91.8125, 98.1875, 201.625, 135.25, 101.125, 165.25, 38.90625, 152.375, 139.25, 85.1875, 97.3125, 161.25, 181.125, 148.125, 34.0, 151.0, 195.0, 89.5, 93.9375, 129.75, 91.375, 176.125, 70.4375, 83.1875, 163.75, 77.125, 87.125, 197.625, 116.8125, 158.75, 186.875, 30.015625, 72.625, 141.875, 43.1875, 161.125, 81.4375, 154.375, 145.5, 74.4375, 127.3125, 130.125, 36.78125, 181.0, 104.375, 171.0, 47.15625, 85.1875, 192.5, 41.59375, 7.0703125, 100.1875, 140.0, 64.5625, 74.9375, 130.5, 92.0, 116.75, 161.625, 61.03125, 129.0, 190.625, 129.375, 183.125, 113.25, 75.5625, 48.875, 171.25, 135.25, 200.25, 72.4375, 197.625, 49.75, 36.125, 181.25, 99.125, 61.71875, 161.25, 119.375, 95.3125, 134.0, 155.625, 172.0, 119.875, 75.1875, 113.375, 93.9375, 113.4375, 132.625, 123.3125, 156.375, 25.296875, 80.25, 69.625, 167.375, 84.9375, 165.75, 102.875, 204.375, 175.625, 153.625, 60.0, 145.125, 83.25, 31.78125, 206.125, 5.83203125, 156.5, 63.5625, 120.4375, 192.0, 175.0, 86.625, 153.25, 105.6875, 131.0, 93.125, 87.0, 83.4375, 42.75, 126.6875, 110.625, 92.875, 154.0, 38.625, 185.625, 153.25, 70.1875, 180.375, 105.125, 152.75, 115.375, 190.0, 93.0625, 76.1875, 58.84375, 24.046875, 57.8125, 196.5, 6.08203125, 120.9375, 21.21875, 172.75, 142.375, 84.3125, 114.4375, 74.0, 59.1875, 60.40625, 171.75, 38.125, 152.125, 135.375, 199.75, 111.125, 31.390625, 100.875, 41.75, 104.125, 114.3125, 48.90625, 187.125, 120.75, 96.25, 151.5, 176.5, 172.0, 167.75, 84.875, 83.625, 7.0703125, 157.875, 92.375, 55.3125, 60.40625, 55.21875, 49.15625, 75.625, 169.125, 73.125, 60.71875, 107.6875], [35.34375, 68.625, 57.3125, 128.75, 71.5625, 73.1875, 93.3125, 122.8125, 25.8125, 80.4375, 78.1875, 0.0, 55.59375, 37.65625, 35.46875, 52.5625, 37.84375, 81.3125, 123.0, 28.078125, 76.3125, 124.0, 73.375, 29.53125, 107.4375, 51.0, 86.8125, 61.71875, 134.25, 21.21875, 94.8125, 109.875, 73.6875, 80.8125, 81.8125, 133.75, 65.875, 68.4375, 75.8125, 34.0, 115.375, 68.9375, 92.125, 85.8125, 9.0546875, 120.75, 119.5625, 46.65625, 80.625, 109.5625, 76.4375, 69.375, 67.875, 81.75, 127.0, 62.1875, 80.0625, 67.4375, 4.2421875, 67.9375, 113.625, 49.15625, 102.8125, 137.75, 107.5625, 38.21875, 45.53125, 124.8125, 103.4375, 71.8125, 116.1875, 61.96875, 104.625, 39.40625, 52.625, 125.25, 130.625, 83.5, 82.75, 58.6875, 112.8125, 126.0, 106.0625, 35.34375, 97.5625, 53.84375, 100.875, 128.375, 122.0625, 97.0625, 119.625, 56.875, 70.75, 103.0625, 36.125, 90.1875, 83.375, 42.1875, 124.5, 62.8125, 102.5625, 140.375, 58.25, 49.8125, 63.0, 51.25, 53.15625, 54.75, 79.25, 81.75, 59.15625, 118.0, 10.4375, 119.125, 44.78125, 87.9375, 25.8125, 152.25, 141.375, 75.4375, 60.75, 72.0625, 48.75, 86.1875, 157.75, 82.5625, 87.875, 38.28125, 79.1875, 115.125, 103.3125, 95.0625, 102.75, 66.6875, 111.375, 140.125, 51.46875, 40.3125, 44.59375, 68.5625, 53.25, 75.5, 80.0, 62.59375, 110.1875, 95.75, 71.5, 126.75, 51.3125, 94.5, 100.5, 117.6875, 39.8125, 106.5, 84.375, 93.5625, 53.84375, 118.375, 77.6875, 122.1875, 70.5, 97.1875, 68.0625, 36.0625, 50.4375, 21.03125, 46.3125, 18.109375, 94.375, 79.625, 97.5625, 129.25, 140.125, 97.25, 47.0625, 74.0, 48.78125, 149.25, 110.0, 45.53125, 119.0625, 57.875, 77.125, 77.8125, 99.375, 136.625, 92.625, 9.8515625, 89.125, 79.5, 80.375, 119.625, 35.84375, 18.359375, 111.0625, 83.5, 69.625, 92.125, 94.0625, 43.46875, 59.125], [70.375, 103.0, 9.4375, 115.25, 74.75, 120.375, 55.46875, 177.0, 29.828125, 124.4375, 131.5, 55.59375, 0.0, 85.375, 23.703125, 64.75, 88.0, 134.875, 156.5, 42.4375, 116.0625, 71.0625, 39.8125, 31.046875, 108.625, 106.5, 82.4375, 12.53125, 188.375, 34.65625, 86.375, 88.375, 18.59375, 136.375, 33.125, 125.375, 80.375, 79.6875, 91.1875, 69.875, 110.9375, 118.75, 116.1875, 36.125, 60.8125, 172.875, 69.1875, 20.875, 34.46875, 55.65625, 122.8125, 118.5, 13.9296875, 123.6875, 147.625, 82.5625, 24.84375, 29.734375, 59.8125, 80.25, 148.125, 97.75, 56.875, 188.875, 100.75, 93.75, 87.25, 107.625, 159.0, 125.6875, 164.125, 28.59375, 158.75, 67.0, 27.203125, 177.0, 176.5, 37.375, 117.125, 57.875, 68.4375, 165.375, 51.875, 30.359375, 149.0, 95.0625, 83.25, 165.75, 72.125, 149.0, 68.5, 111.0625, 126.125, 56.71875, 64.1875, 143.5, 42.5, 14.421875, 175.375, 17.09375, 110.625, 161.0, 35.59375, 75.1875, 52.6875, 87.9375, 37.59375, 26.921875, 103.125, 58.25, 114.5625, 171.0, 62.25, 128.625, 62.40625, 47.84375, 29.828125, 152.5, 159.75, 32.65625, 95.0, 57.25, 67.625, 141.875, 161.125, 136.375, 77.4375, 90.25, 105.375, 60.53125, 82.0625, 143.125, 113.5625, 66.625, 144.5, 193.875, 92.6875, 60.0625, 100.125, 82.125, 75.6875, 89.1875, 25.0, 106.875, 54.65625, 100.3125, 121.5, 129.125, 78.625, 98.375, 138.25, 92.3125, 75.0, 158.75, 137.75, 148.75, 90.1875, 71.25, 130.0, 164.125, 125.9375, 66.375, 51.4375, 56.0, 66.1875, 71.0625, 83.5, 71.6875, 41.0, 123.3125, 105.25, 166.875, 132.875, 136.125, 100.1875, 111.6875, 104.25, 202.375, 151.125, 89.0625, 102.0625, 33.40625, 118.0, 23.328125, 45.21875, 154.75, 37.0, 47.15625, 112.3125, 133.75, 44.40625, 170.375, 79.5625, 73.8125, 166.375, 123.1875, 117.8125, 56.09375, 124.1875, 95.875, 54.125], [66.0, 35.59375, 83.6875, 165.5, 107.375, 82.5625, 130.0, 111.3125, 58.5625, 42.75, 47.8125, 37.65625, 85.375, 0.0, 70.25, 45.6875, 52.6875, 76.25, 141.0, 44.28125, 93.9375, 156.375, 87.6875, 54.4375, 141.875, 41.0, 123.1875, 94.375, 122.1875, 52.625, 131.5, 147.5, 101.125, 64.625, 103.25, 169.5, 50.15625, 54.34375, 108.0, 64.625, 150.75, 74.9375, 62.78125, 119.4375, 41.21875, 115.5625, 153.375, 69.375, 115.25, 141.0, 39.0, 76.375, 94.875, 44.28125, 153.0, 43.0, 107.375, 103.25, 35.4375, 101.875, 131.5, 12.3671875, 138.0, 133.625, 143.625, 34.21875, 68.125, 161.875, 83.1875, 43.125, 119.125, 98.0625, 95.0625, 28.65625, 89.0, 120.5, 135.5, 118.25, 48.15625, 95.8125, 148.625, 138.625, 137.25, 72.0, 96.0625, 18.390625, 138.375, 142.625, 156.125, 94.1875, 153.0, 54.21875, 57.71875, 138.125, 69.8125, 84.5625, 119.25, 74.5, 121.6875, 86.4375, 135.25, 165.75, 72.1875, 32.5625, 67.125, 76.4375, 65.8125, 91.0, 107.5, 119.375, 39.5625, 110.625, 27.296875, 150.5, 38.9375, 124.125, 58.5625, 185.375, 167.875, 110.625, 29.53125, 109.6875, 38.625, 67.5625, 189.75, 53.25, 124.9375, 49.25, 106.125, 145.875, 140.875, 99.875, 134.5, 62.03125, 130.625, 129.375, 72.8125, 36.625, 37.21875, 102.0625, 85.6875, 57.09375, 106.875, 25.0, 138.75, 129.875, 76.5, 160.125, 82.0, 128.75, 116.875, 155.375, 69.0, 101.8125, 79.3125, 68.75, 22.84375, 153.5, 45.28125, 132.5, 49.65625, 134.625, 105.75, 36.78125, 85.4375, 45.59375, 18.109375, 21.03125, 126.25, 41.96875, 130.625, 143.25, 175.375, 112.9375, 19.234375, 93.8125, 41.0625, 139.75, 122.125, 10.0, 156.25, 73.0, 93.5, 104.1875, 130.625, 163.375, 120.8125, 41.0625, 60.8125, 51.625, 117.0, 117.4375, 8.0625, 26.40625, 94.375, 46.53125, 78.1875, 129.0, 60.8125, 51.09375, 61.59375], [46.8125, 94.625, 29.609375, 107.9375, 58.59375, 96.625, 60.21875, 154.125, 12.1640625, 112.0, 113.5, 35.46875, 23.703125, 70.25, 0.0, 63.25, 64.6875, 111.8125, 134.5, 34.4375, 92.75, 88.5625, 56.5625, 23.015625, 94.875, 85.125, 69.8125, 26.625, 165.5, 18.109375, 75.6875, 84.25, 42.1875, 114.875, 55.78125, 116.0, 79.3125, 80.0, 72.0625, 46.25, 99.5, 95.125, 112.75, 50.34375, 38.84375, 149.375, 84.125, 28.453125, 45.34375, 74.4375, 109.125, 94.875, 37.5625, 112.3125, 128.5, 79.1875, 48.25, 33.0, 39.40625, 61.40625, 125.8125, 82.5, 67.875, 165.25, 89.9375, 72.375, 63.5625, 101.8125, 137.875, 107.25, 140.375, 28.078125, 135.75, 59.125, 19.640625, 153.5, 152.875, 48.28125, 109.125, 41.6875, 78.3125, 142.375, 71.0, 8.25, 125.4375, 83.3125, 76.875, 143.0, 86.6875, 125.625, 84.125, 88.4375, 104.375, 68.0625, 41.0, 120.4375, 49.03125, 9.484375, 151.75, 37.34375, 94.4375, 142.0, 46.25, 69.0625, 59.90625, 64.5625, 44.78125, 21.375, 82.25, 53.65625, 94.375, 147.75, 44.15625, 112.375, 58.1875, 54.0, 12.1640625, 140.125, 141.375, 40.4375, 86.375, 47.625, 63.53125, 120.625, 147.625, 118.0, 67.1875, 67.1875, 84.0, 80.125, 77.5, 119.5, 96.5625, 70.75, 122.4375, 170.75, 69.0625, 54.5625, 78.75, 63.0625, 54.0, 89.0625, 48.5625, 94.0, 76.4375, 85.0, 97.9375, 115.4375, 56.21875, 83.25, 115.3125, 90.375, 51.53125, 135.375, 114.6875, 128.75, 80.4375, 83.375, 112.8125, 140.75, 105.5625, 66.75, 42.1875, 49.65625, 45.40625, 48.09375, 73.0, 53.15625, 59.15625, 111.0625, 89.0625, 144.125, 123.125, 113.0, 82.25, 88.5, 82.6875, 179.125, 127.875, 76.0, 96.0, 44.59375, 94.5625, 47.0, 64.375, 136.25, 59.46875, 29.28125, 109.125, 114.9375, 47.25, 146.75, 66.0, 53.71875, 144.5, 112.875, 94.125, 59.53125, 118.25, 72.875, 59.03125], [87.75, 42.375, 58.40625, 171.0, 118.25, 121.125, 119.25, 157.0, 52.5, 68.9375, 90.4375, 52.5625, 64.75, 45.6875, 63.25, 0.0, 86.6875, 120.4375, 174.875, 29.703125, 127.6875, 132.0, 48.34375, 40.21875, 155.125, 85.125, 131.5, 76.9375, 167.875, 48.09375, 138.25, 147.375, 74.0, 110.3125, 68.4375, 178.5, 16.125, 16.96875, 126.5, 86.375, 161.25, 115.0, 51.40625, 100.625, 61.34375, 160.375, 132.375, 43.9375, 99.1875, 116.0, 70.1875, 116.0, 68.0, 66.1875, 179.375, 18.03125, 79.125, 91.9375, 54.40625, 117.4375, 165.375, 54.09375, 121.625, 178.375, 152.125, 75.5625, 97.5, 165.125, 128.5, 87.0625, 161.5, 88.5625, 140.375, 17.46875, 82.0, 165.25, 177.125, 102.125, 54.90625, 102.5625, 133.25, 176.25, 112.0, 69.6875, 139.625, 42.4375, 140.125, 179.25, 135.5, 138.125, 131.125, 96.875, 103.0625, 121.375, 87.3125, 129.125, 106.5625, 61.28125, 165.875, 57.0, 152.25, 192.875, 35.6875, 15.6171875, 23.59375, 103.75, 30.15625, 83.25, 131.5, 116.625, 85.25, 155.75, 46.875, 169.5, 8.0625, 111.9375, 52.5, 200.5, 193.625, 96.75, 35.78125, 110.8125, 7.2109375, 113.1875, 207.125, 96.1875, 130.0, 85.1875, 131.625, 119.25, 140.625, 141.125, 153.125, 16.5, 163.5, 175.0, 103.3125, 12.3671875, 80.25, 118.4375, 104.4375, 25.8125, 78.1875, 54.65625, 109.1875, 144.125, 117.0625, 175.25, 103.3125, 142.625, 151.75, 153.125, 92.3125, 146.375, 123.5625, 113.1875, 34.21875, 135.625, 86.4375, 171.375, 95.25, 128.375, 105.4375, 16.546875, 99.625, 72.25, 31.234375, 51.0, 103.1875, 67.625, 147.0, 180.0, 185.375, 148.25, 64.875, 125.875, 84.5, 185.375, 159.875, 41.625, 159.25, 37.46875, 128.125, 75.1875, 106.0, 188.75, 92.375, 46.15625, 47.53125, 95.4375, 107.125, 161.5, 37.6875, 58.0625, 140.0, 63.90625, 117.0625, 119.375, 60.03125, 89.0, 18.03125], [25.703125, 88.25, 91.9375, 125.4375, 68.0, 35.34375, 110.5625, 89.875, 59.53125, 88.0, 68.6875, 37.84375, 88.0, 52.6875, 64.6875, 86.6875, 0.0, 47.4375, 89.1875, 65.75, 41.78125, 149.625, 111.0, 66.75, 96.75, 30.15625, 84.125, 90.5, 101.125, 56.875, 93.125, 114.25, 106.625, 55.375, 117.625, 126.375, 97.25, 100.6875, 61.34375, 25.0, 107.4375, 31.390625, 115.4375, 111.1875, 29.40625, 84.875, 142.875, 83.375, 104.625, 137.0, 81.5625, 31.625, 101.5, 91.6875, 100.6875, 91.6875, 112.8125, 89.875, 34.375, 58.6875, 79.6875, 57.96875, 124.0625, 101.1875, 102.4375, 22.828125, 17.0, 124.3125, 78.4375, 61.625, 78.4375, 84.0625, 71.5, 70.625, 75.0, 89.0625, 92.75, 107.0625, 100.0, 63.5625, 132.0, 89.5625, 134.0, 60.09375, 61.0625, 70.8125, 104.1875, 92.5625, 144.875, 61.03125, 143.625, 26.0, 44.65625, 124.5, 33.53125, 55.875, 103.9375, 73.625, 87.6875, 98.4375, 87.75, 113.25, 96.0625, 79.375, 100.3125, 25.9375, 91.0, 77.1875, 56.875, 92.75, 43.5625, 83.125, 40.0625, 101.0, 78.625, 107.375, 59.53125, 137.375, 115.5, 98.5, 82.125, 80.5, 81.375, 62.09375, 140.375, 70.6875, 89.0625, 5.09765625, 54.8125, 143.125, 108.5625, 57.28125, 85.875, 102.25, 78.375, 106.125, 20.515625, 74.4375, 25.96875, 58.0625, 42.1875, 105.9375, 113.0, 73.5625, 140.75, 84.75, 34.0, 112.75, 36.5, 84.1875, 65.5, 123.5625, 25.015625, 70.8125, 50.21875, 74.4375, 75.3125, 139.125, 71.1875, 85.0, 52.0, 109.5, 79.0625, 71.125, 47.25, 17.46875, 69.3125, 36.40625, 121.9375, 87.8125, 83.9375, 93.375, 131.25, 61.84375, 46.625, 41.1875, 27.171875, 114.5, 73.25, 62.6875, 119.125, 95.625, 41.75, 111.25, 127.5, 111.125, 124.0625, 47.53125, 113.375, 66.5, 98.8125, 82.75, 56.8125, 29.125, 82.375, 95.5625, 31.78125, 108.4375, 113.0625, 9.484375, 96.0625], [71.0, 105.25, 138.0, 159.5, 107.25, 30.15625, 156.25, 42.4375, 105.625, 91.375, 56.875, 81.3125, 134.875, 76.25, 111.8125, 120.4375, 47.4375, 0.0, 83.25, 106.9375, 50.5, 196.875, 153.875, 110.8125, 127.0, 35.34375, 122.0, 137.875, 53.75, 102.0625, 130.875, 154.25, 153.375, 24.078125, 163.125, 157.0, 126.375, 130.5, 93.75, 70.75, 139.125, 23.1875, 132.625, 158.5, 74.375, 40.15625, 189.75, 127.9375, 151.875, 184.375, 83.75, 25.078125, 148.0, 96.9375, 110.1875, 119.125, 159.625, 137.0, 77.1875, 95.8125, 75.4375, 73.25, 170.625, 57.96875, 136.875, 45.53125, 55.46875, 160.625, 39.46875, 52.34375, 44.65625, 131.25, 24.078125, 102.9375, 122.3125, 44.9375, 61.40625, 154.25, 112.0625, 107.375, 177.875, 72.625, 181.375, 107.5, 20.21875, 89.25, 144.125, 78.625, 191.625, 18.0, 190.625, 24.59375, 21.546875, 171.125, 79.0625, 8.9453125, 150.625, 120.5, 45.53125, 144.0, 115.0625, 119.5, 138.25, 108.6875, 138.875, 61.34375, 132.5, 124.5, 82.0, 136.875, 39.8125, 36.71875, 79.1875, 122.8125, 112.8125, 153.75, 105.625, 159.5, 123.875, 145.625, 102.3125, 124.375, 113.75, 29.6875, 159.25, 54.65625, 128.875, 44.59375, 78.0, 190.625, 149.375, 29.828125, 111.3125, 136.875, 77.1875, 59.03125, 53.15625, 109.375, 40.25, 94.375, 81.9375, 133.0, 159.75, 84.9375, 188.125, 116.1875, 21.03125, 137.875, 75.625, 116.375, 61.40625, 164.0, 68.5, 25.96875, 3.162109375, 45.78125, 97.0625, 185.375, 62.4375, 64.0625, 36.25, 153.5, 123.875, 107.5625, 89.9375, 63.78125, 94.0625, 71.5, 169.375, 91.9375, 113.0, 78.75, 160.25, 57.3125, 59.0625, 55.15625, 35.90625, 67.9375, 57.96875, 84.0, 156.125, 138.25, 47.6875, 157.875, 174.875, 120.8125, 171.25, 91.0625, 131.875, 50.59375, 145.125, 41.1875, 83.625, 65.8125, 37.84375, 102.5, 28.015625, 154.0, 125.3125, 38.9375, 133.75], [90.125, 175.75, 163.875, 114.3125, 90.375, 60.21875, 147.25, 98.6875, 136.0, 169.375, 138.625, 123.0, 156.5, 141.0, 134.5, 174.875, 89.1875, 83.25, 0.0, 150.375, 47.4375, 194.625, 190.0, 147.25, 82.25, 105.6875, 95.6875, 152.625, 103.9375, 136.125, 101.0625, 124.5625, 173.125, 107.3125, 189.625, 105.1875, 186.25, 189.5, 69.875, 91.1875, 93.4375, 69.1875, 203.5, 162.75, 113.9375, 79.25, 184.125, 161.0, 155.125, 187.625, 162.0, 67.1875, 170.125, 174.25, 36.875, 180.875, 178.125, 142.0, 120.625, 80.0625, 9.484375, 143.75, 164.625, 80.125, 97.625, 107.375, 77.4375, 120.25, 119.0625, 133.0, 53.75, 137.625, 90.5, 159.5, 132.5, 78.5, 48.5, 156.125, 186.125, 103.0625, 166.75, 20.609375, 186.125, 126.6875, 69.75, 158.375, 116.5, 14.765625, 184.75, 73.375, 186.25, 91.625, 102.5625, 165.5, 94.0, 81.8125, 148.625, 143.625, 72.3125, 171.75, 69.3125, 40.3125, 177.125, 168.5, 185.25, 72.3125, 173.375, 133.875, 54.71875, 124.8125, 116.6875, 85.375, 128.0, 64.0, 166.875, 148.875, 136.0, 92.9375, 46.09375, 149.0, 170.375, 114.5625, 170.0, 112.8125, 88.375, 137.25, 105.125, 91.9375, 51.65625, 194.375, 122.9375, 54.375, 63.65625, 189.625, 12.0390625, 102.1875, 71.5625, 162.5, 106.3125, 77.8125, 80.875, 195.125, 178.875, 158.5, 197.75, 78.0, 68.875, 80.5, 78.25, 79.5, 24.1875, 133.625, 85.125, 76.875, 82.1875, 128.75, 163.75, 175.625, 143.625, 29.015625, 117.375, 137.25, 117.9375, 158.625, 90.625, 102.625, 158.25, 125.5625, 175.375, 169.625, 71.5, 16.125, 104.6875, 28.296875, 130.125, 49.03125, 104.0, 102.125, 26.40625, 150.75, 118.3125, 176.0, 47.53125, 178.25, 181.125, 45.03125, 185.125, 131.25, 201.75, 133.0, 141.5, 69.875, 145.75, 118.25, 111.0625, 179.125, 64.625, 144.125, 199.5, 89.875, 181.875], [60.875, 61.40625, 39.5625, 141.625, 88.625, 101.125, 93.1875, 147.125, 23.015625, 82.0625, 91.8125, 28.078125, 42.4375, 44.28125, 34.4375, 29.703125, 65.75, 106.9375, 150.375, 0.0, 104.125, 113.375, 47.0, 12.1640625, 125.5, 73.8125, 101.875, 53.0, 158.5, 18.390625, 108.5625, 118.625, 57.0, 102.625, 59.5625, 148.875, 45.46875, 46.65625, 97.625, 59.65625, 131.5, 96.5625, 78.3125, 78.0625, 37.0, 146.875, 111.5625, 25.0625, 75.125, 97.75, 80.5, 97.0625, 50.6875, 81.3125, 151.75, 44.78125, 63.15625, 65.5, 31.40625, 88.1875, 141.0, 56.375, 98.0625, 164.375, 122.5, 61.78125, 73.1875, 135.875, 123.8125, 86.625, 143.875, 61.40625, 129.375, 25.3125, 53.84375, 151.5, 158.5, 78.125, 75.8125, 72.8125, 109.3125, 154.0, 93.875, 40.21875, 124.3125, 52.625, 111.0, 156.125, 114.4375, 123.5, 110.875, 82.375, 93.5, 98.0625, 59.25, 115.875, 81.0625, 34.53125, 151.25, 42.1875, 122.875, 165.25, 31.3125, 34.78125, 35.0625, 78.0625, 25.625, 55.375, 103.8125, 88.125, 78.5625, 143.5, 27.734375, 140.375, 23.859375, 86.3125, 23.015625, 171.0, 165.75, 71.5625, 53.25, 81.5625, 29.15625, 107.0625, 177.625, 97.0625, 100.4375, 65.75, 104.375, 102.1875, 111.875, 122.8125, 124.0, 40.71875, 138.625, 164.875, 79.1875, 20.125, 67.75, 89.375, 76.0625, 55.3125, 62.65625, 64.5625, 94.5625, 114.625, 98.9375, 145.75, 75.625, 113.0625, 128.25, 124.8125, 65.75, 132.625, 110.0625, 111.3125, 48.0, 113.0, 89.5625, 150.25, 89.8125, 100.875, 76.3125, 15.234375, 70.5, 49.09375, 41.125, 36.0625, 83.375, 80.875, 117.625, 157.125, 155.75, 125.125, 61.21875, 101.5, 72.1875, 174.5, 138.0, 46.84375, 130.125, 31.390625, 105.0, 59.9375, 87.3125, 160.75, 76.6875, 19.109375, 74.6875, 95.0, 80.5, 146.5, 37.6875, 41.15625, 133.25, 81.0, 97.5, 92.875, 84.1875, 70.625, 31.578125], [46.09375, 129.125, 122.25, 110.8125, 64.625, 20.390625, 120.1875, 83.9375, 92.0625, 125.1875, 98.1875, 76.3125, 116.0625, 93.9375, 92.75, 127.6875, 41.78125, 50.5, 47.4375, 104.125, 0.0, 165.375, 146.125, 102.25, 77.5, 61.5625, 76.9375, 114.5625, 93.3125, 91.375, 85.0625, 109.5625, 133.875, 71.8125, 148.5, 107.1875, 138.875, 142.125, 47.0, 46.875, 89.8125, 28.796875, 156.625, 129.5, 67.25, 70.1875, 156.375, 117.25, 122.0625, 155.625, 118.0625, 26.578125, 130.0, 129.625, 63.0, 133.5, 139.5, 107.625, 73.6875, 52.4375, 37.9375, 97.625, 136.5, 81.375, 88.75, 61.03125, 31.0, 113.0625, 89.9375, 91.8125, 52.34375, 102.375, 68.5625, 112.0625, 95.3125, 72.5625, 61.59375, 123.8125, 140.125, 70.8125, 141.5, 50.25, 153.375, 85.6875, 48.75, 111.625, 99.75, 52.03125, 157.75, 51.1875, 158.0, 48.59375, 63.96875, 137.25, 51.875, 54.0, 117.9375, 102.1875, 68.5, 129.75, 65.0625, 74.3125, 132.25, 121.125, 139.125, 28.15625, 128.0, 97.125, 32.75, 98.5, 74.0, 72.4375, 80.8125, 72.375, 119.625, 119.6875, 92.0625, 109.125, 77.625, 115.6875, 123.5, 86.3125, 122.75, 78.4375, 109.4375, 98.125, 85.0625, 44.71875, 28.4375, 162.25, 105.5625, 34.875, 61.0, 142.75, 36.6875, 95.3125, 25.0, 115.3125, 60.96875, 50.46875, 44.21875, 147.625, 140.0, 112.8125, 163.125, 67.4375, 30.078125, 87.4375, 39.125, 67.9375, 24.1875, 119.4375, 41.21875, 59.78125, 51.15625, 94.25, 116.75, 149.875, 102.4375, 48.09375, 77.5, 114.0, 87.75, 111.625, 54.40625, 55.59375, 111.0, 78.125, 141.75, 125.25, 63.5, 53.0, 110.0, 21.0, 84.625, 5.83203125, 59.40625, 100.375, 35.15625, 103.8125, 109.125, 131.5, 3.162109375, 138.875, 147.625, 73.8125, 148.5, 85.0625, 154.75, 93.625, 111.3125, 63.8125, 98.5, 70.8125, 87.0, 134.125, 23.40625, 117.4375, 153.375, 43.28125, 135.5], [126.25, 172.75, 74.5625, 107.0625, 104.4375, 176.125, 47.4375, 239.125, 98.8125, 195.375, 201.625, 124.0, 71.0625, 156.375, 88.5625, 132.0, 149.625, 196.875, 194.625, 113.375, 165.375, 0.0, 89.8125, 102.125, 121.5, 173.25, 100.0625, 62.40625, 250.25, 104.375, 97.125, 80.3125, 58.03125, 202.75, 67.9375, 121.0, 146.125, 144.375, 125.0625, 126.375, 116.25, 177.125, 182.25, 38.59375, 127.0625, 231.375, 12.0, 89.6875, 45.0, 16.0, 193.875, 176.25, 64.125, 194.375, 173.0, 150.0, 53.03125, 59.8125, 127.9375, 115.6875, 188.125, 168.625, 29.96875, 245.375, 106.875, 160.625, 143.0, 97.0625, 225.875, 195.5, 217.5, 65.625, 220.875, 137.375, 74.625, 234.75, 226.625, 42.625, 186.375, 94.625, 31.0625, 208.875, 20.0, 90.5625, 207.375, 165.875, 83.75, 207.0, 13.34375, 208.25, 9.0546875, 175.0, 192.125, 29.0625, 118.3125, 204.875, 47.5, 82.25, 231.875, 75.0, 130.625, 184.25, 97.125, 144.5, 113.625, 140.0, 102.0, 72.4375, 141.0, 69.75, 182.875, 231.0, 132.0, 145.25, 131.375, 46.03125, 98.8125, 153.0, 180.75, 51.21875, 165.0, 80.4375, 136.25, 208.75, 164.0, 206.375, 90.8125, 153.125, 144.75, 14.3203125, 78.0625, 198.0, 135.625, 128.75, 183.625, 254.625, 147.125, 129.75, 167.0, 117.875, 121.25, 153.5, 54.09375, 177.875, 27.78125, 119.875, 180.0, 137.375, 126.75, 118.0, 182.75, 76.0, 129.5, 218.125, 199.5, 217.375, 160.625, 23.09375, 200.5, 210.5, 194.125, 59.1875, 78.0, 126.125, 111.1875, 134.875, 154.25, 141.375, 30.078125, 194.125, 126.5, 208.375, 128.0, 182.0, 170.25, 159.875, 170.625, 261.75, 197.875, 160.125, 94.0, 95.0625, 168.125, 57.09375, 26.171875, 176.125, 40.4375, 116.8125, 178.25, 203.375, 54.21875, 227.0, 150.625, 142.25, 231.625, 193.5, 174.75, 50.5625, 192.0, 158.625, 117.25], [100.3125, 90.625, 30.40625, 154.625, 113.5, 146.0, 91.375, 194.125, 54.15625, 117.1875, 135.25, 73.375, 39.8125, 87.6875, 56.5625, 48.34375, 111.0, 153.875, 190.0, 47.0, 146.125, 89.8125, 0.0, 44.375, 148.25, 120.75, 122.125, 50.8125, 205.5, 54.90625, 126.1875, 127.125, 36.0625, 149.25, 22.09375, 165.0, 59.21875, 56.5625, 128.5, 99.4375, 150.75, 142.25, 94.3125, 66.875, 81.625, 193.75, 93.0, 29.015625, 68.75, 74.1875, 118.0, 142.625, 32.5625, 114.5625, 185.0, 64.875, 38.46875, 68.625, 77.25, 117.6875, 181.125, 98.5, 87.4375, 211.0, 140.5, 108.8125, 115.4375, 146.625, 169.875, 130.875, 189.5, 68.25, 176.375, 60.59375, 66.6875, 198.25, 203.5, 71.0625, 102.5, 96.4375, 99.0, 196.375, 70.3125, 64.75, 170.875, 89.5625, 122.625, 197.625, 96.125, 170.125, 91.0625, 129.25, 140.375, 86.9375, 96.0, 162.75, 78.5, 48.28125, 197.75, 23.015625, 149.625, 198.5, 15.8125, 63.53125, 25.703125, 118.4375, 22.015625, 66.625, 138.75, 97.625, 124.8125, 190.5, 74.6875, 167.625, 51.3125, 83.5625, 54.15625, 192.375, 197.75, 69.3125, 84.125, 97.0625, 54.59375, 153.375, 200.875, 140.75, 117.25, 111.6875, 140.375, 75.9375, 121.0625, 168.25, 152.25, 40.1875, 178.0, 211.875, 121.3125, 52.0, 114.75, 119.4375, 110.375, 65.1875, 37.15625, 102.0625, 64.125, 139.5, 144.875, 168.75, 112.0625, 137.625, 169.625, 130.125, 105.3125, 179.375, 157.0, 156.375, 82.0, 98.875, 132.0, 193.625, 135.875, 103.9375, 91.25, 50.9375, 101.9375, 93.6875, 77.6875, 83.0, 64.5, 115.8125, 144.25, 198.75, 172.625, 167.0, 106.1875, 142.625, 119.1875, 221.5, 181.0, 86.8125, 141.25, 15.65625, 147.5, 34.4375, 65.4375, 192.625, 49.46875, 63.5625, 90.375, 139.25, 82.125, 193.0, 79.9375, 88.125, 179.875, 112.1875, 142.75, 92.625, 105.5625, 116.8125, 30.671875], [57.09375, 73.5625, 29.6875, 130.875, 79.625, 101.625, 81.0, 152.0, 13.0390625, 93.625, 101.125, 29.53125, 31.046875, 54.4375, 23.015625, 40.21875, 66.75, 110.8125, 147.25, 12.164062