{"name": "LZB_n200_7", "n": 200, "m": 20, "times": [[0.0, 80.625, 32.8125, 81.25, 84.5, 26.921875, 41.625, 104.0625, 57.1875, 36.34375, 68.4375, 36.21875, 49.96875, 68.5625, 104.0625, 84.875, 99.375, 114.8125, 38.28125, 14.765625, 80.4375, 28.15625, 77.9375, 108.1875, 95.0625, 87.3125, 86.3125, 48.75, 75.1875, 105.25, 71.125, 96.0625, 76.5, 87.0, 108.3125, 57.59375, 26.0, 111.6875, 23.59375, 109.375, 57.28125, 95.5625, 109.25, 20.09375, 94.5625, 68.3125, 71.375, 113.0, 98.3125, 94.0625, 63.625, 75.0, 78.0625, 90.8125, 11.046875, 70.625, 90.75, 70.0625, 115.1875, 104.25, 88.625, 66.25, 22.203125, 86.8125, 83.5, 35.34375, 67.4375, 44.40625, 36.0625, 60.0, 73.6875, 97.125, 88.0625, 113.0, 75.0, 106.1875, 70.0625, 76.25, 100.875, 27.78125, 69.5625, 8.0625, 116.875, 99.0, 82.3125, 76.875, 11.0, 46.03125, 110.125, 44.1875, 123.5625, 62.0, 98.0625, 82.0, 37.0, 111.25, 65.75, 71.875, 125.4375, 80.5, 89.25, 99.0, 55.21875, 87.375, 68.0, 91.6875, 122.5, 54.125, 49.25, 40.3125, 131.75, 41.34375, 93.625, 93.125, 88.5625, 75.9375, 39.125, 81.375, 31.046875, 76.6875, 104.875, 72.4375, 75.6875, 125.5, 91.9375, 83.4375, 79.625, 77.625, 96.1875, 44.15625, 90.4375, 31.390625, 105.875, 31.765625, 84.625, 58.84375, 97.125, 96.5625, 31.015625, 68.9375, 15.234375, 26.625, 61.28125, 128.75, 79.3125, 92.1875, 96.3125, 128.75, 59.8125, 94.125, 62.25, 57.0625, 99.375, 56.3125, 36.71875, 74.3125, 89.3125, 123.625, 109.5625, 73.3125, 97.875, 84.25, 42.75, 83.8125, 115.1875, 117.4375, 58.46875, 105.5, 88.1875, 88.25, 31.0625, 93.25, 99.625, 80.0625, 98.5, 77.8125, 76.0625, 58.8125, 3.0, 99.3125, 21.09375, 95.75, 90.5625, 111.4375, 111.0, 99.8125, 96.625, 74.6875, 69.8125, 64.0625, 115.0, 90.8125, 110.1875, 74.6875, 79.0625, 69.0625, 109.5625, 46.84375, 87.4375, 50.25, 41.96875], [80.625, 0.0, 90.375, 161.125, 162.625, 96.5625, 40.5, 127.4375, 106.3125, 56.65625, 85.125, 63.90625, 112.0, 141.0, 47.875, 20.609375, 178.5, 152.125, 102.4375, 66.5, 143.0, 57.125, 73.0625, 148.0, 78.6875, 76.3125, 75.9375, 45.90625, 77.875, 185.5, 87.1875, 108.6875, 25.5, 41.875, 114.1875, 78.0, 64.5, 32.1875, 104.0625, 32.75, 137.875, 48.78125, 189.625, 70.0, 83.625, 127.875, 120.5, 192.0, 78.25, 21.59375, 114.0, 80.625, 144.875, 171.375, 88.25, 40.8125, 108.0625, 62.59375, 195.375, 135.375, 81.125, 126.8125, 87.3125, 136.75, 119.0, 55.9375, 147.0, 63.5625, 72.125, 59.125, 70.0625, 72.375, 66.1875, 149.375, 37.6875, 186.5, 75.9375, 39.8125, 38.90625, 107.625, 127.1875, 76.0625, 36.90625, 165.5, 95.1875, 131.75, 88.875, 56.875, 154.0, 53.84375, 204.0, 108.5, 174.875, 77.1875, 114.8125, 35.5, 118.625, 127.125, 47.0, 68.625, 83.9375, 73.8125, 124.0, 44.03125, 81.375, 48.84375, 151.25, 71.25, 107.9375, 43.40625, 151.25, 99.0, 169.125, 70.3125, 137.5, 135.625, 112.875, 27.796875, 56.34375, 123.5, 121.75, 144.0, 110.125, 206.0, 105.125, 118.0, 44.71875, 42.5, 122.5625, 67.6875, 75.125, 53.34375, 45.6875, 111.3125, 111.4375, 27.65625, 28.453125, 46.09375, 63.0625, 36.125, 87.1875, 54.8125, 141.125, 209.25, 124.5625, 31.625, 130.25, 48.15625, 35.0625, 173.25, 114.75, 67.0, 179.625, 28.453125, 79.6875, 15.5234375, 94.9375, 136.25, 112.375, 138.75, 168.625, 118.0, 66.0, 35.0, 195.375, 37.1875, 45.0, 32.0, 68.875, 33.96875, 63.96875, 131.0, 152.125, 6.40234375, 162.625, 135.875, 88.6875, 90.5625, 78.5, 104.6875, 78.75, 176.25, 106.3125, 190.25, 137.875, 36.25, 58.90625, 153.0, 22.203125, 92.125, 132.0, 167.25, 33.71875, 130.0, 152.5, 30.59375, 40.59375, 124.0, 57.96875, 30.40625, 118.4375], [32.8125, 90.375, 0.0, 77.6875, 75.8125, 13.0, 60.125, 72.0, 89.1875, 63.78125, 42.09375, 27.203125, 79.625, 51.03125, 124.875, 101.125, 109.25, 82.125, 12.203125, 33.71875, 107.125, 34.71875, 107.875, 139.625, 74.9375, 66.9375, 65.9375, 73.3125, 106.0625, 102.625, 44.28125, 66.5, 76.6875, 109.1875, 79.375, 89.4375, 26.6875, 117.0625, 40.8125, 122.5625, 61.84375, 87.375, 107.375, 51.0, 124.625, 97.125, 102.625, 105.5, 127.125, 97.0, 31.390625, 106.25, 54.71875, 94.9375, 41.125, 94.0, 123.4375, 98.6875, 120.5625, 71.5, 118.875, 38.125, 54.4375, 55.375, 116.0, 34.4375, 64.0, 31.234375, 19.796875, 88.5, 103.4375, 79.8125, 71.8125, 144.75, 70.0625, 111.0625, 101.0, 99.0, 97.75, 34.0625, 40.0625, 39.96875, 127.0, 75.6875, 54.34375, 46.53125, 40.46875, 74.1875, 140.875, 38.40625, 126.625, 94.125, 112.3125, 60.53125, 33.25, 125.0, 34.21875, 41.4375, 137.375, 62.375, 119.875, 126.9375, 81.125, 110.0625, 99.75, 115.0, 154.875, 33.84375, 19.0, 61.0, 164.5, 73.0, 79.8125, 75.9375, 56.90625, 104.1875, 26.421875, 100.3125, 57.28125, 44.28125, 137.625, 53.84375, 43.28125, 127.9375, 62.625, 116.0, 71.625, 101.0, 64.0, 28.015625, 119.5625, 55.59375, 125.625, 35.0625, 117.4375, 76.8125, 97.75, 89.625, 27.3125, 91.0625, 18.4375, 48.25, 59.5, 128.625, 110.875, 90.5, 128.75, 135.875, 59.1875, 87.4375, 93.4375, 39.0, 105.3125, 73.8125, 69.3125, 79.0625, 121.1875, 92.4375, 81.3125, 48.75, 78.3125, 51.625, 28.421875, 80.0, 120.5625, 127.0625, 83.3125, 107.0625, 70.875, 108.0625, 26.40625, 125.3125, 69.25, 92.125, 123.375, 106.5, 49.375, 29.125, 31.0625, 71.3125, 53.8125, 99.75, 123.1875, 121.0625, 143.625, 97.625, 84.5, 67.0, 72.6875, 34.46875, 147.75, 78.625, 123.5, 44.40625, 98.875, 68.125, 108.1875, 66.3125, 113.5625, 62.375, 63.3125], [81.25, 161.125, 77.6875, 0.0, 12.7265625, 67.0, 122.875, 123.0625, 101.0, 114.9375, 114.5, 103.4375, 84.0, 37.0, 183.75, 166.125, 45.1875, 112.8125, 66.625, 94.625, 88.375, 104.6875, 148.0, 134.375, 149.75, 141.875, 141.0, 128.375, 142.75, 25.0, 115.75, 129.125, 152.375, 166.375, 141.75, 123.75, 98.375, 191.0, 59.46875, 190.625, 26.6875, 165.0, 29.6875, 97.5, 162.625, 90.0, 105.0625, 32.3125, 169.375, 171.875, 78.9375, 141.25, 50.21875, 24.359375, 76.5, 149.875, 144.0, 143.625, 47.0, 114.625, 156.75, 63.0625, 84.75, 82.875, 124.875, 108.375, 14.140625, 108.75, 97.0625, 134.75, 144.5, 155.875, 148.5, 141.375, 147.25, 38.0625, 138.125, 155.625, 174.75, 53.59375, 68.0, 87.4375, 197.75, 56.03125, 122.5, 73.1875, 75.5625, 122.75, 130.875, 114.625, 50.4375, 105.0625, 56.625, 135.25, 46.6875, 192.5, 75.4375, 72.0, 206.625, 138.75, 156.125, 171.75, 72.5625, 166.375, 133.0, 170.125, 155.625, 110.9375, 69.5625, 121.5, 171.0, 89.6875, 27.796875, 152.25, 85.0, 92.0625, 51.3125, 162.25, 111.0, 85.0, 153.625, 38.3125, 99.875, 51.25, 126.5625, 125.8125, 149.25, 156.625, 116.0, 105.6875, 161.25, 112.1875, 186.125, 49.8125, 133.125, 140.125, 173.625, 167.25, 101.4375, 149.0, 74.25, 107.875, 20.0, 51.0, 112.8125, 167.125, 133.5, 208.875, 134.75, 14.140625, 98.3125, 116.375, 34.9375, 137.625, 102.875, 152.75, 150.5, 145.125, 145.125, 53.34375, 44.59375, 103.125, 105.9375, 157.0, 47.0, 198.25, 137.375, 182.75, 147.25, 168.75, 100.75, 127.875, 83.5, 161.0, 92.9375, 95.1875, 120.1875, 99.625, 83.0, 137.0, 91.9375, 27.453125, 145.0, 53.84375, 149.5, 174.5, 162.0, 13.0, 147.125, 103.75, 160.625, 22.796875, 191.5, 72.0625, 62.78125, 144.0, 184.875, 54.0, 163.5, 130.75, 58.21875], [84.5, 162.625, 75.8125, 12.7265625, 0.0, 66.625, 125.8125, 114.1875, 110.375, 119.625, 109.5625, 102.5625, 93.5625, 29.125, 188.25, 169.25, 57.3125, 102.0, 64.0, 96.875, 100.25, 105.625, 155.0, 146.0, 144.875, 137.25, 136.375, 132.75, 150.25, 29.609375, 110.5625, 121.8125, 152.0, 171.0, 134.125, 131.125, 98.6875, 191.5, 64.5625, 193.125, 35.125, 162.75, 34.71875, 102.1875, 170.125, 100.9375, 115.5, 29.703125, 176.375, 172.0, 72.125, 148.875, 40.0625, 36.25, 81.25, 154.5, 153.375, 149.875, 56.5625, 105.0625, 164.25, 55.3125, 91.0, 73.0625, 135.125, 108.375, 19.03125, 107.0625, 95.5625, 140.625, 151.375, 151.625, 144.75, 152.875, 145.875, 48.28125, 145.375, 160.25, 173.625, 56.875, 59.84375, 91.375, 199.5, 43.5625, 116.375, 64.125, 80.3125, 128.125, 142.75, 113.875, 58.0625, 114.625, 69.1875, 130.625, 48.03125, 195.125, 68.125, 63.625, 208.875, 134.875, 163.875, 178.5, 83.0, 171.25, 140.75, 175.25, 167.0, 107.875, 64.875, 124.75, 182.0, 98.0, 15.265625, 148.125, 75.125, 103.4375, 50.25, 165.875, 115.1875, 76.625, 163.625, 29.28125, 92.625, 58.3125, 119.5625, 136.0, 147.25, 161.375, 107.4375, 103.6875, 168.375, 115.875, 190.25, 52.8125, 142.875, 143.125, 173.25, 165.25, 101.25, 153.25, 75.4375, 110.9375, 25.171875, 56.03125, 123.4375, 166.25, 144.25, 209.875, 134.375, 12.0859375, 108.3125, 113.4375, 46.25, 140.5, 109.6875, 153.25, 159.0, 136.0, 137.625, 44.09375, 31.890625, 95.0625, 104.25, 155.75, 56.5625, 199.875, 142.125, 182.5, 143.25, 172.75, 100.5, 138.75, 72.25, 163.125, 105.4375, 106.625, 114.75, 94.8125, 85.875, 130.0, 97.5, 38.625, 154.25, 65.1875, 160.375, 173.375, 158.875, 9.8515625, 147.375, 98.5, 171.0, 10.296875, 194.0, 63.28125, 75.1875, 143.5, 184.0, 63.5, 169.375, 132.625, 67.125], [26.921875, 96.5625, 13.0, 67.0, 66.625, 0.0, 62.375, 82.6875, 80.0625, 62.03125, 55.09375, 36.40625, 69.0, 44.9375, 127.125, 105.125, 96.5625, 89.625, 11.6640625, 33.53125, 95.25, 39.4375, 104.75, 129.625, 87.8125, 79.75, 78.75, 73.25, 102.125, 92.0, 57.21875, 78.75, 85.5625, 110.625, 91.75, 84.4375, 32.1875, 124.9375, 28.640625, 127.875, 49.34375, 98.5, 96.625, 46.875, 121.375, 86.0, 92.6875, 96.25, 124.875, 105.4375, 38.28125, 101.9375, 52.15625, 82.875, 32.4375, 94.75, 116.75, 96.5, 108.4375, 80.8125, 115.5, 39.28125, 46.3125, 60.40625, 107.3125, 41.78125, 53.0, 42.0625, 30.40625, 86.375, 100.4375, 92.4375, 84.1875, 135.125, 80.1875, 99.0, 97.0, 100.125, 107.8125, 21.09375, 42.71875, 34.9375, 133.5, 73.3125, 67.0625, 50.15625, 31.625, 72.1875, 130.375, 47.625, 114.9375, 85.0625, 99.3125, 73.4375, 21.03125, 130.125, 39.65625, 45.1875, 143.25, 74.9375, 116.1875, 125.3125, 69.3125, 111.3125, 94.875, 116.0, 145.875, 46.3125, 23.015625, 62.375, 156.375, 63.78125, 72.5625, 88.5, 62.25, 92.8125, 16.40625, 103.1875, 56.0, 51.21875, 130.5, 48.375, 53.84375, 116.375, 75.0, 107.4375, 82.5, 101.8125, 74.625, 39.40625, 117.125, 55.21875, 128.375, 22.09375, 109.8125, 79.6875, 106.8125, 100.5, 34.65625, 92.375, 12.0390625, 48.65625, 48.03125, 117.625, 101.125, 100.125, 119.75, 143.375, 67.875, 77.8125, 83.5, 51.25, 93.0625, 76.875, 63.15625, 86.6875, 116.125, 103.75, 93.875, 47.0, 73.75, 61.625, 39.34375, 90.0, 108.4375, 133.75, 83.1875, 116.0, 83.4375, 110.625, 33.9375, 116.0, 72.8125, 97.5, 111.0, 95.1875, 62.28125, 41.78125, 26.3125, 83.9375, 47.53125, 87.75, 116.75, 108.4375, 135.125, 107.4375, 96.375, 57.28125, 80.75, 47.0625, 140.375, 70.75, 128.75, 47.9375, 86.0, 77.125, 117.9375, 53.59375, 113.0, 67.0625, 50.90625], [41.625, 40.5, 60.125, 122.875, 125.8125, 62.375, 0.0, 116.75, 70.0, 19.109375, 73.5625, 39.84375, 73.0, 107.1875, 64.9375, 43.40625, 138.0, 135.75, 70.875, 29.15625, 104.75, 26.171875, 56.09375, 116.9375, 84.875, 79.0, 78.25, 17.03125, 57.3125, 146.875, 76.3125, 102.0625, 45.0, 49.03125, 111.5, 48.34375, 34.0625, 72.5625, 64.4375, 67.8125, 98.625, 70.0625, 150.75, 29.53125, 71.875, 89.9375, 85.0625, 154.5, 71.5625, 57.5625, 89.375, 58.90625, 113.9375, 131.5, 48.09375, 34.375, 83.875, 45.0, 155.25, 121.25, 67.0, 98.25, 46.96875, 113.625, 88.0625, 31.015625, 109.0, 44.71875, 47.0625, 36.0625, 51.75, 82.75, 73.9375, 119.625, 49.71875, 146.5, 53.25, 39.0625, 69.1875, 69.3125, 100.0, 36.0625, 75.6875, 135.125, 87.0625, 106.0625, 48.78125, 25.0625, 121.625, 36.0625, 164.125, 73.125, 134.5, 76.4375, 77.8125, 69.625, 93.125, 101.0, 83.875, 70.625, 68.875, 70.0, 84.125, 50.0, 55.75, 55.03125, 124.625, 56.4375, 79.125, 4.125, 128.625, 60.21875, 133.875, 79.25, 114.875, 97.875, 77.8125, 40.8125, 16.5, 101.125, 98.8125, 110.75, 92.625, 166.125, 97.9375, 87.375, 56.90625, 41.1875, 110.0625, 47.9375, 65.0, 13.0, 66.0, 73.25, 83.375, 17.46875, 62.375, 69.4375, 35.6875, 31.015625, 51.25, 15.0, 102.875, 169.875, 90.5625, 60.125, 100.5625, 88.4375, 34.53125, 135.625, 78.0625, 55.21875, 139.5, 14.765625, 42.0625, 38.625, 75.1875, 131.5, 111.1875, 108.3125, 136.125, 101.5, 45.6875, 55.3125, 155.25, 76.4375, 25.5, 69.25, 75.5, 48.28125, 36.6875, 99.9375, 128.375, 38.9375, 124.3125, 98.5, 79.875, 72.125, 39.96875, 101.5625, 38.46875, 136.5, 82.6875, 149.875, 111.5, 67.375, 75.5625, 116.0, 37.0, 75.75, 109.625, 131.5, 68.625, 104.0, 112.3125, 40.78125, 75.5, 83.5, 55.09375, 13.0, 77.9375], [104.0625, 127.4375, 72.0, 123.0625, 114.1875, 82.6875, 116.75, 0.0, 161.125, 128.125, 43.65625, 77.6875, 151.5, 86.0, 173.125, 145.5, 165.5, 29.53125, 72.5, 100.125, 177.625, 92.625, 171.875, 211.625, 58.53125, 55.71875, 55.59375, 133.375, 171.625, 143.5, 41.125, 20.609375, 103.3125, 161.25, 25.453125, 157.375, 86.625, 140.375, 111.125, 158.5, 120.5625, 93.375, 148.625, 119.75, 188.125, 168.625, 174.625, 137.625, 188.25, 121.0, 47.4375, 172.5, 74.4375, 146.375, 113.0625, 149.75, 193.0, 161.25, 170.0, 12.7265625, 183.0, 60.3125, 126.125, 41.96875, 187.5, 85.9375, 113.75, 72.0, 72.1875, 151.625, 167.375, 68.0, 67.875, 216.75, 91.125, 161.125, 167.0, 153.25, 110.1875, 101.9375, 55.15625, 110.3125, 157.0, 82.25, 32.25, 50.03125, 112.4375, 138.125, 212.875, 81.0, 172.25, 166.0, 172.75, 52.09375, 95.625, 161.5, 49.25, 51.09375, 169.0, 61.0625, 184.5, 186.5, 151.875, 162.875, 167.25, 168.25, 226.5, 60.40625, 62.25, 119.5, 235.5, 145.0, 107.6875, 66.9375, 40.25, 175.5, 85.8125, 148.75, 121.5, 38.21875, 207.625, 85.0, 28.84375, 172.375, 23.09375, 187.5, 86.0, 155.75, 8.0625, 68.9375, 181.625, 118.4375, 172.0, 101.125, 188.125, 128.5, 117.25, 97.3125, 82.9375, 145.375, 90.4375, 110.9375, 112.625, 169.25, 182.875, 108.25, 200.375, 158.875, 93.375, 125.5, 165.375, 62.625, 157.375, 125.6875, 139.375, 112.0, 188.5, 22.359375, 29.703125, 70.0625, 93.9375, 21.546875, 71.1875, 98.0, 170.0, 156.0, 142.25, 125.6875, 64.9375, 156.75, 82.125, 197.25, 50.125, 132.25, 192.375, 177.875, 38.84375, 46.21875, 101.875, 28.640625, 124.4375, 150.25, 192.5, 175.875, 215.0, 111.875, 83.1875, 110.0625, 105.25, 41.625, 218.125, 110.0, 159.5, 51.0, 165.125, 96.875, 120.8125, 134.625, 171.125, 111.4375, 132.875], [57.1875, 106.3125, 89.1875, 101.0, 110.375, 80.0625, 70.0, 161.125, 0.0, 51.03125, 125.0625, 90.375, 17.03125, 108.5, 103.25, 98.625, 91.6875, 169.625, 91.5625, 64.875, 38.09375, 77.5, 54.8125, 51.09375, 148.0, 140.75, 139.875, 60.40625, 48.0, 117.6875, 127.75, 153.125, 115.0, 87.0625, 165.125, 32.8125, 79.625, 137.75, 55.0625, 123.4375, 75.25, 139.5, 119.625, 46.1875, 65.75, 23.015625, 15.296875, 131.5, 74.4375, 126.125, 118.3125, 45.5, 122.25, 95.8125, 48.09375, 73.375, 43.03125, 56.09375, 112.3125, 160.5, 60.40625, 116.5, 35.0, 139.625, 27.453125, 86.0625, 91.5625, 98.5, 92.3125, 51.96875, 53.0625, 148.25, 139.0, 55.8125, 118.6875, 106.0625, 44.6875, 78.375, 139.125, 66.25, 120.9375, 51.96875, 134.875, 140.75, 139.125, 128.75, 48.78125, 49.46875, 53.84375, 94.875, 123.1875, 5.0, 82.125, 136.25, 76.9375, 123.875, 119.5, 124.0625, 139.125, 133.125, 59.03125, 78.5, 30.359375, 86.0, 37.8125, 87.4375, 65.8125, 109.5625, 102.9375, 66.0, 76.875, 16.28125, 124.1875, 144.375, 141.625, 29.96875, 84.75, 90.8125, 54.15625, 131.25, 53.84375, 112.625, 132.5, 125.9375, 149.0, 27.78125, 125.3125, 77.6875, 153.125, 99.3125, 67.125, 58.21875, 107.1875, 69.3125, 32.75, 78.625, 131.625, 139.25, 84.5625, 75.625, 70.75, 62.15625, 85.8125, 132.875, 22.359375, 130.0, 39.6875, 150.0, 102.8125, 115.0, 8.546875, 111.5, 99.0, 78.0625, 28.078125, 108.25, 50.6875, 180.75, 166.25, 119.4375, 135.125, 140.75, 97.5, 125.125, 112.3125, 136.25, 63.3125, 137.625, 139.875, 93.625, 85.0, 36.125, 150.375, 102.375, 57.28125, 29.734375, 132.625, 116.0, 59.625, 155.875, 38.46875, 99.75, 44.0, 101.375, 55.21875, 137.125, 143.875, 101.8125, 107.0, 121.25, 62.40625, 119.8125, 123.875, 126.5, 56.875, 110.3125, 144.75, 47.0, 76.375, 83.0, 43.28125], [36.34375, 56.65625, 63.78125, 114.9375, 119.625, 62.03125, 19.109375, 128.125, 51.03125, 0.0, 86.4375, 50.59375, 55.375, 104.9375, 68.875, 53.8125, 124.5625, 144.125, 72.4375, 30.078125, 86.5625, 35.59375, 44.375, 98.0, 102.0625, 95.6875, 94.875, 13.6015625, 43.5625, 137.75, 89.25, 115.4375, 64.0625, 51.46875, 125.875, 30.8125, 41.6875, 88.75, 55.46875, 79.375, 89.1875, 89.125, 141.25, 17.46875, 61.09375, 71.5625, 66.0, 147.125, 63.34375, 75.5, 94.9375, 44.40625, 114.0, 120.4375, 38.46875, 34.9375, 67.0, 34.9375, 142.875, 131.125, 55.53125, 100.6875, 32.53125, 119.125, 69.25, 43.125, 101.625, 57.3125, 56.09375, 24.734375, 39.9375, 100.75, 91.6875, 100.875, 68.6875, 134.625, 38.84375, 40.71875, 88.0625, 62.9375, 103.4375, 28.640625, 89.0625, 135.125, 100.5, 110.1875, 39.40625, 10.4375, 102.5625, 50.4375, 152.375, 54.03125, 119.625, 92.4375, 73.0, 80.6875, 98.0, 105.125, 95.6875, 87.4375, 56.8125, 63.375, 67.5625, 51.625, 39.59375, 55.65625, 106.4375, 69.375, 82.375, 15.03125, 111.5, 42.375, 129.5, 97.0625, 120.625, 79.4375, 75.4375, 48.28125, 6.70703125, 107.5, 82.0, 108.75, 102.0, 154.625, 111.1875, 68.625, 75.6875, 41.78125, 120.9375, 59.65625, 55.78125, 9.8984375, 71.1875, 67.0625, 65.3125, 29.53125, 80.75, 88.5625, 45.21875, 34.125, 50.0, 17.203125, 95.3125, 159.25, 71.4375, 79.0, 81.9375, 103.0625, 53.15625, 128.5, 59.21875, 69.375, 127.5, 28.234375, 23.34375, 57.21875, 60.4375, 144.75, 126.0, 109.0, 134.25, 110.9375, 57.5, 74.4375, 142.875, 90.125, 22.46875, 87.125, 93.0, 54.09375, 46.03125, 81.0625, 133.0, 53.65625, 106.25, 79.875, 93.375, 82.125, 36.0625, 116.0, 24.078125, 125.25, 66.0625, 136.125, 93.5, 86.125, 94.375, 109.8125, 56.03125, 86.5625, 92.8125, 126.5, 80.0625, 108.0625, 96.375, 59.84375, 93.875, 70.0, 51.15625, 32.0625, 64.375], [68.4375, 85.125, 42.09375, 114.5, 109.5625, 55.09375, 73.5625, 43.65625, 125.0625, 86.4375, 0.0, 36.0625, 118.3125, 81.0, 129.875, 102.4375, 150.25, 67.0, 49.5, 60.8125, 147.75, 50.9375, 129.25, 176.125, 35.34375, 27.78125, 26.921875, 90.4375, 129.625, 138.5, 2.828125, 29.0, 62.40625, 117.625, 40.21875, 116.6875, 46.21875, 102.125, 82.375, 117.0625, 102.6875, 59.6875, 143.5, 80.625, 145.375, 136.5, 139.625, 137.875, 145.0, 81.8125, 39.6875, 130.75, 76.6875, 134.375, 78.9375, 106.125, 152.75, 118.4375, 159.875, 50.34375, 140.375, 57.0, 90.375, 56.34375, 150.125, 43.40625, 101.9375, 29.203125, 32.75, 109.0625, 124.875, 42.4375, 36.78125, 180.625, 51.0, 150.375, 125.125, 109.5625, 74.75, 76.1875, 54.5, 73.0625, 117.125, 93.5, 14.2109375, 55.4375, 78.5625, 96.0625, 178.5, 37.59375, 164.75, 129.625, 154.125, 21.09375, 74.25, 120.0, 44.59375, 52.34375, 128.875, 26.90625, 142.0, 143.125, 121.8125, 119.1875, 126.0, 124.625, 189.0, 17.203125, 44.9375, 76.5625, 196.375, 109.5625, 109.0, 39.21875, 56.375, 144.0, 65.75, 105.25, 80.0, 43.5625, 167.625, 82.125, 26.578125, 165.75, 24.765625, 149.875, 47.75, 112.1875, 37.84375, 26.875, 138.625, 76.5625, 128.875, 77.0, 149.125, 84.875, 79.375, 63.125, 41.78125, 101.75, 57.96875, 69.375, 98.5, 165.125, 147.375, 70.5, 163.125, 121.3125, 50.34375, 121.6875, 130.625, 18.96875, 145.125, 82.0625, 100.625, 70.0, 146.875, 58.25, 41.1875, 70.4375, 101.25, 33.375, 29.0, 59.46875, 159.875, 116.375, 99.0, 88.5625, 34.71875, 113.25, 41.125, 160.625, 71.1875, 89.4375, 164.625, 146.0, 7.6171875, 14.8671875, 65.75, 30.890625, 86.8125, 139.0, 152.0, 161.75, 176.875, 75.75, 52.5, 102.3125, 63.0, 11.3984375, 178.375, 109.4375, 118.0625, 54.5625, 140.875, 55.03125, 85.9375, 108.1875, 127.5625, 67.75, 104.9375], [36.21875, 63.90625, 27.203125, 103.4375, 102.5625, 36.40625, 39.84375, 77.6875, 90.375, 50.59375, 36.0625, 0.0, 85.625, 78.25, 102.0, 76.5, 130.625, 95.875, 39.40625, 25.5, 116.5625, 15.0, 94.125, 141.375, 58.84375, 51.1875, 50.21875, 55.9375, 94.0625, 128.375, 38.90625, 65.0625, 49.59375, 87.5625, 76.0625, 80.625, 10.7734375, 89.875, 55.90625, 96.4375, 84.5, 62.65625, 133.0, 44.9375, 110.5625, 104.0625, 105.3125, 132.25, 111.0625, 69.8125, 51.15625, 95.0, 81.0, 118.5625, 47.25, 74.0, 116.6875, 83.625, 144.0, 81.5625, 105.3125, 62.9375, 56.625, 75.0, 114.5625, 9.0546875, 89.375, 8.25, 8.25, 73.9375, 89.6875, 61.0, 52.0, 145.5, 43.84375, 134.625, 89.375, 78.25, 71.375, 53.84375, 63.5625, 38.90625, 100.25, 101.5625, 50.25, 68.5625, 47.15625, 60.46875, 144.125, 11.3125, 151.0, 94.8125, 131.5, 46.1875, 57.125, 99.0625, 55.4375, 63.78125, 110.875, 44.28125, 106.875, 109.8125, 91.4375, 88.8125, 90.0, 94.0625, 153.375, 19.421875, 44.0, 42.15625, 160.375, 75.625, 107.0, 57.0, 76.0, 111.8125, 52.40625, 77.0, 44.03125, 62.0625, 131.625, 81.0, 52.8125, 152.5, 60.8125, 114.25, 46.53125, 80.625, 70.6875, 9.21875, 104.1875, 40.8125, 102.0625, 56.375, 113.25, 54.21875, 70.75, 64.4375, 5.83203125, 70.1875, 31.625, 33.40625, 84.3125, 154.0, 112.75, 63.78125, 127.625, 108.75, 32.0, 113.9375, 96.5625, 21.1875, 128.375, 51.25, 64.875, 51.96875, 111.0625, 94.1875, 76.625, 74.875, 105.125, 61.6875, 7.2109375, 53.59375, 144.0, 100.1875, 65.1875, 80.0, 52.03125, 85.0, 5.38671875, 125.375, 90.0625, 66.25, 134.75, 113.5, 43.28125, 32.3125, 33.25, 66.375, 51.90625, 123.5, 115.9375, 142.625, 141.0, 71.0625, 61.84375, 93.4375, 45.5, 36.25, 142.25, 105.75, 97.4375, 66.75, 114.375, 41.03125, 81.5625, 81.5, 94.9375, 38.0, 77.1875], [49.96875, 112.0, 79.625, 84.0, 93.5625, 69.0, 73.0, 151.5, 17.03125, 55.375, 118.3125, 85.625, 0.0, 93.125, 115.25, 107.1875, 76.3125, 157.75, 80.0625, 60.8125, 32.0625, 74.5625, 69.4375, 60.8125, 144.375, 136.75, 135.875, 67.0625, 63.0625, 100.8125, 120.9375, 145.375, 117.125, 98.4375, 157.875, 45.8125, 74.9375, 144.125, 41.78125, 132.625, 58.40625, 140.125, 102.8125, 45.09375, 81.6875, 18.4375, 24.40625, 114.5, 89.875, 130.5, 106.875, 60.84375, 107.375, 79.125, 39.40625, 83.4375, 60.0, 68.875, 96.625, 149.75, 76.1875, 103.25, 29.28125, 126.875, 42.375, 82.875, 74.8125, 93.875, 86.0625, 62.96875, 67.125, 145.625, 136.5, 66.625, 119.0625, 89.9375, 59.15625, 88.875, 141.75, 52.625, 107.9375, 46.875, 143.25, 125.1875, 132.0, 115.75, 39.8125, 56.9375, 61.40625, 91.9375, 107.3125, 21.09375, 68.0, 131.75, 62.6875, 133.375, 107.5, 111.3125, 148.625, 129.625, 75.0, 93.5625, 14.421875, 97.625, 52.78125, 99.75, 78.5, 104.0625, 91.3125, 69.375, 91.25, 13.0, 107.5, 141.75, 129.0, 26.3125, 71.1875, 100.125, 56.5, 119.5, 70.1875, 97.1875, 122.625, 110.0, 141.375, 43.0, 125.0, 88.625, 143.5, 93.9375, 82.3125, 60.21875, 118.875, 55.21875, 49.375, 84.6875, 135.375, 140.25, 80.0625, 84.875, 61.40625, 62.1875, 69.25, 116.625, 33.0, 132.625, 53.25, 157.875, 103.0625, 98.0, 15.65625, 106.75, 82.875, 83.5625, 32.65625, 111.625, 67.4375, 172.0, 159.375, 104.9375, 118.9375, 130.625, 92.4375, 126.5, 96.625, 144.5, 72.125, 142.125, 137.0, 104.0, 80.25, 48.5625, 136.875, 108.875, 51.46875, 27.890625, 125.9375, 107.8125, 52.8125, 149.0, 36.0, 83.1875, 61.0, 86.625, 69.3125, 140.125, 143.125, 85.1875, 109.3125, 113.1875, 78.1875, 103.125, 133.125, 113.5625, 43.125, 111.375, 148.5, 30.0625, 89.625, 85.6875, 26.6875], [68.5625, 141.0, 51.03125, 37.0, 29.125, 44.9375, 107.1875, 86.0, 108.5, 104.9375, 81.0, 78.25, 93.125, 0.0, 171.75, 150.0, 80.5, 77.25, 38.84375, 78.1875, 108.5625, 84.125, 145.0, 151.5, 116.3125, 108.8125, 107.9375, 117.0625, 141.25, 58.6875, 81.8125, 92.75, 127.625, 155.0, 105.25, 122.5, 76.5, 168.125, 54.90625, 172.625, 41.125, 136.0, 63.78125, 88.25, 161.25, 105.125, 117.1875, 56.9375, 166.0, 148.0, 43.0, 140.5, 15.6171875, 60.65625, 69.0, 138.875, 150.125, 138.125, 84.0, 77.8125, 155.25, 26.3125, 81.5, 46.3125, 135.375, 85.25, 29.15625, 81.5625, 70.625, 128.25, 141.0, 123.3125, 116.75, 158.0, 120.3125, 75.0625, 136.25, 144.375, 147.875, 44.28125, 31.0625, 76.4375, 177.75, 32.28125, 87.3125, 36.21875, 68.0, 114.5, 149.875, 89.375, 86.6875, 113.3125, 89.6875, 102.0625, 33.125, 175.0, 39.0625, 35.0, 187.875, 106.75, 155.375, 167.125, 86.3125, 155.5, 132.75, 160.0, 171.0, 80.8125, 37.0, 107.0, 184.375, 93.6875, 29.0, 119.875, 48.5, 109.625, 29.609375, 148.0, 99.4375, 48.03125, 162.25, 4.125, 63.5625, 87.125, 90.5, 135.875, 120.9375, 145.875, 79.0, 77.875, 158.0, 99.25, 173.125, 40.4375, 141.0, 124.625, 148.5, 138.75, 78.0625, 136.75, 56.03125, 93.125, 30.234375, 85.1875, 125.6875, 141.0, 146.25, 186.875, 110.1875, 41.125, 108.75, 86.4375, 71.5625, 121.75, 100.375, 130.125, 152.875, 108.1875, 108.6875, 16.765625, 29.28125, 66.25, 78.75, 130.25, 84.0, 177.875, 126.9375, 157.875, 115.125, 155.375, 77.1875, 141.375, 49.40625, 142.25, 118.3125, 112.625, 85.9375, 66.375, 69.0625, 100.875, 86.0, 64.25, 150.625, 90.25, 162.375, 147.875, 131.375, 24.015625, 123.6875, 69.75, 170.875, 28.59375, 173.625, 35.0625, 88.25, 119.0, 158.5, 65.75, 156.0, 111.875, 67.125], [104.0625, 47.875, 124.875, 183.75, 188.25, 127.125, 64.9375, 173.125, 103.25, 68.875, 129.875, 102.0, 115.25, 171.75, 0.0, 27.859375, 190.25, 196.0, 135.75, 93.625, 141.0, 90.375, 51.46875, 130.625, 126.5625, 124.0, 123.5625, 55.53125, 58.59375, 206.375, 132.25, 155.25, 73.375, 17.5, 161.5, 70.4375, 98.4375, 59.0625, 124.3125, 31.625, 158.0, 95.625, 209.75, 86.3125, 52.25, 126.1875, 113.75, 216.0, 43.0, 64.375, 153.0, 61.75, 178.875, 188.375, 107.375, 34.0, 85.625, 47.1875, 209.625, 180.0, 53.15625, 163.0, 100.1875, 177.0, 104.375, 93.0, 170.5, 104.375, 110.0, 52.34375, 51.46875, 120.25, 114.0625, 129.75, 85.4375, 201.875, 60.03125, 28.171875, 82.75, 131.5, 164.5, 96.9375, 44.375, 200.125, 141.25, 170.25, 108.25, 61.59375, 138.25, 94.4375, 219.625, 103.25, 183.125, 124.4375, 141.0, 29.828125, 157.125, 165.25, 42.0, 116.0625, 56.09375, 37.0, 129.375, 17.796875, 67.25, 15.8125, 127.0, 114.25, 143.75, 64.75, 122.0, 103.3125, 197.625, 118.1875, 178.0, 132.625, 142.125, 25.015625, 73.1875, 164.0, 95.75, 175.375, 153.0, 222.0, 151.5, 103.0625, 92.5625, 27.453125, 167.75, 108.3125, 44.71875, 72.75, 5.0, 135.5, 93.625, 48.15625, 71.4375, 92.4375, 99.0625, 35.125, 115.6875, 78.5625, 164.25, 227.125, 114.5, 77.4375, 112.25, 59.84375, 79.8125, 197.25, 111.375, 111.0, 194.625, 51.15625, 84.625, 63.0625, 69.625, 183.5, 159.875, 173.25, 200.875, 161.5, 106.25, 82.6875, 209.625, 46.5625, 46.53125, 69.8125, 116.75, 17.0, 100.0625, 115.1875, 192.0, 42.0625, 159.5, 131.75, 134.375, 132.625, 103.0625, 151.875, 92.3125, 193.0, 83.4375, 201.25, 114.5625, 79.875, 106.25, 178.5, 69.0625, 135.25, 104.1875, 194.875, 31.328125, 168.25, 158.375, 77.625, 79.8125, 136.875, 28.234375, 64.0, 131.25], [84.875, 20.609375, 101.125, 166.125, 169.25, 105.125, 43.40625, 145.5, 98.625, 53.8125, 102.4375, 76.5, 107.1875, 150.0, 27.859375, 0.0, 178.375, 169.0, 112.625, 72.4375, 136.5, 66.5, 57.21875, 135.5, 99.0, 96.1875, 95.75, 40.59375, 63.0, 189.875, 104.75, 127.5, 45.78125, 21.953125, 133.75, 67.4375, 74.4375, 42.0625, 107.1875, 25.609375, 141.375, 69.3125, 193.625, 70.0625, 65.4375, 121.25, 111.625, 197.875, 59.03125, 39.96875, 127.6875, 66.0, 155.75, 173.625, 90.4375, 26.3125, 93.125, 48.03125, 196.625, 152.75, 63.78125, 138.875, 86.3125, 151.25, 107.0625, 67.75, 152.375, 78.0, 84.6875, 47.53125, 55.0, 92.9375, 86.4375, 136.125, 57.71875, 188.125, 62.125, 23.015625, 58.25, 112.6875, 139.875, 78.8125, 36.25, 176.875, 113.5, 145.125, 91.1875, 50.25, 142.125, 68.0, 205.875, 99.9375, 173.25, 96.5625, 121.25, 26.875, 132.0, 140.25, 41.875, 88.25, 66.6875, 54.21875, 120.375, 24.1875, 68.5, 28.59375, 136.375, 87.25, 119.625, 44.65625, 134.75, 94.3125, 177.25, 90.75, 152.125, 128.5, 120.9375, 9.0546875, 55.96875, 138.125, 105.9375, 153.5, 126.25, 208.125, 123.75, 105.9375, 65.0, 25.171875, 140.25, 82.0, 56.90625, 54.21875, 26.46875, 116.625, 98.1875, 26.078125, 47.15625, 66.5, 74.3125, 23.09375, 94.4375, 58.3125, 146.125, 212.25, 114.5, 51.75, 117.25, 51.53125, 52.1875, 179.0, 107.125, 83.75, 181.125, 28.65625, 74.625, 35.34375, 78.75, 155.625, 132.125, 149.875, 178.625, 134.5, 80.0625, 55.59375, 196.625, 37.6875, 35.34375, 48.09375, 89.0625, 13.453125, 75.3125, 118.8125, 166.375, 14.421875, 155.875, 128.375, 106.75, 106.0625, 83.375, 124.0625, 77.8125, 178.5, 91.1875, 189.875, 123.1875, 55.46875, 79.5, 159.375, 41.21875, 108.3125, 115.75, 174.875, 26.25, 143.25, 149.5, 49.78125, 57.78125, 123.8125, 39.0, 38.84375, 118.125], [99.375, 178.5, 109.25, 45.1875, 57.3125, 96.5625, 138.0, 165.5, 91.6875, 124.5625, 150.25, 130.625, 76.3125, 80.5, 190.25, 178.375, 0.0, 157.5, 100.6875, 114.125, 63.5, 127.0, 145.75, 108.0625, 184.125, 176.125, 175.125, 137.875, 139.25, 39.96875, 152.0, 169.0, 175.75, 173.0, 182.0, 122.0625, 122.75, 210.25, 76.0, 204.0, 47.53125, 193.125, 38.46875, 108.875, 157.375, 72.4375, 88.875, 56.9375, 166.0, 193.25, 119.1875, 137.0, 94.875, 21.09375, 90.4375, 157.125, 131.0, 144.875, 20.875, 158.125, 152.125, 105.25, 92.125, 126.875, 108.1875, 133.0, 51.78125, 137.625, 126.25, 138.0, 143.375, 189.0, 180.75, 115.0625, 173.375, 17.265625, 135.5, 162.875, 199.875, 76.875, 110.5, 102.625, 213.25, 100.875, 160.25, 116.5, 89.875, 129.5, 102.375, 141.0, 32.0, 94.0, 14.8671875, 169.625, 76.125, 205.25, 116.5, 114.5625, 220.25, 171.5, 150.75, 169.75, 61.90625, 172.5, 129.0, 175.125, 130.0, 142.875, 107.0625, 135.375, 147.0, 87.1875, 71.0, 185.125, 129.0, 70.375, 84.5, 172.5, 122.9375, 127.25, 136.75, 82.5625, 140.125, 34.9375, 166.0, 109.375, 177.0, 163.0, 158.0, 135.5, 158.5, 125.4375, 193.5, 74.75, 118.9375, 153.375, 196.5, 194.625, 127.0, 157.75, 99.0, 123.6875, 53.09375, 43.1875, 94.375, 191.375, 113.0, 226.375, 158.75, 51.09375, 85.625, 147.75, 13.0390625, 151.5, 105.625, 173.5, 141.75, 187.75, 185.0, 97.25, 88.75, 144.625, 135.0, 182.625, 20.875, 214.125, 145.0, 204.75, 180.0, 177.5, 126.625, 106.9375, 128.5, 176.875, 59.03125, 73.1875, 156.875, 135.75, 102.0, 176.0, 100.6875, 19.796875, 132.5, 12.0859375, 127.3125, 199.0, 192.25, 57.25, 169.25, 140.5, 141.125, 66.3125, 204.625, 115.125, 36.125, 168.125, 208.875, 54.65625, 165.625, 148.625, 60.3125], [114.8125, 152.125, 82.125, 112.8125, 102.0, 89.625, 135.75, 29.53125, 169.625, 144.125, 67.0, 95.875, 157.75, 77.25, 196.0, 169.0, 157.5, 0.0, 78.125, 114.5, 180.25, 110.0625, 188.5, 218.5, 87.6875, 84.1875, 83.9375, 151.5, 187.375, 129.75, 65.0, 49.78125, 129.125, 182.75, 54.40625, 171.375, 102.875, 167.75, 115.9375, 184.0, 116.75, 121.75, 134.625, 133.0, 205.25, 173.375, 181.875, 121.0, 206.625, 147.875, 51.40625, 187.875, 62.65625, 137.125, 122.0, 169.75, 205.5, 178.625, 158.5, 17.71875, 199.75, 56.03125, 135.75, 31.90625, 197.0, 104.8125, 106.375, 92.0, 88.875, 168.625, 184.125, 97.125, 96.3125, 224.25, 117.375, 150.25, 182.5, 173.875, 138.25, 105.4375, 50.8125, 122.125, 183.625, 63.0625, 58.84375, 43.28125, 121.1875, 154.5, 218.625, 101.8125, 158.875, 174.625, 167.0, 79.8125, 96.6875, 187.0, 50.25, 47.0, 195.5, 88.625, 201.0, 205.5, 155.375, 184.125, 181.625, 189.5, 235.375, 81.75, 66.6875, 137.875, 246.0, 153.375, 92.25, 95.8125, 29.6875, 179.375, 87.1875, 171.125, 137.5, 38.40625, 219.625, 74.9375, 43.1875, 158.625, 51.53125, 197.125, 113.0, 176.375, 30.8125, 88.3125, 199.5, 135.0, 195.375, 103.5, 199.25, 149.5, 144.625, 125.625, 100.25, 165.875, 99.875, 127.375, 106.9375, 154.125, 190.375, 135.625, 209.375, 186.625, 117.1875, 112.0, 172.625, 85.3125, 147.75, 146.5, 151.5, 137.0, 203.125, 42.1875, 58.59375, 60.53125, 76.0, 34.53125, 90.5, 125.0, 158.5, 182.75, 161.0, 153.375, 93.4375, 179.25, 99.3125, 205.5, 30.0625, 156.375, 192.75, 182.125, 64.25, 63.78125, 113.1875, 58.125, 135.875, 140.125, 205.375, 166.625, 224.75, 139.875, 112.0, 100.3125, 130.0, 60.8125, 229.75, 95.625, 185.0, 45.21875, 163.625, 122.0, 149.125, 136.25, 190.75, 132.625, 135.625], [38.28125, 102.4375, 12.203125, 66.625, 64.0, 11.6640625, 70.875, 72.5, 91.5625, 72.4375, 49.5, 39.40625, 80.0625, 38.84375, 135.75, 112.625, 100.6875, 78.125, 0.0, 43.0, 105.1875, 46.1875, 115.75, 140.75, 83.9375, 75.9375, 75.0, 83.0, 113.3125, 91.4375, 51.25, 70.375, 88.875, 119.6875, 83.5625, 95.875, 38.28125, 129.25, 38.84375, 134.5, 53.25, 98.8125, 96.25, 57.96875, 132.5, 96.625, 103.9375, 93.625, 135.625, 109.1875, 26.875, 113.25, 43.1875, 85.1875, 44.09375, 104.1875, 128.375, 107.1875, 110.75, 69.8125, 126.625, 28.28125, 57.96875, 48.75, 118.875, 46.53125, 53.3125, 43.125, 31.890625, 97.0, 111.375, 89.5625, 81.9375, 146.375, 82.0625, 101.25, 108.25, 109.375, 109.6875, 29.546875, 31.328125, 46.1875, 139.125, 64.3125, 60.03125, 38.625, 43.28125, 82.75, 141.375, 50.59375, 116.25, 96.5625, 105.0, 69.375, 25.015625, 136.875, 28.015625, 33.625, 149.375, 72.25, 127.375, 135.875, 79.375, 120.5, 106.3125, 125.3125, 157.25, 44.28125, 11.3984375, 71.375, 168.0, 75.3125, 67.625, 85.8125, 50.59375, 103.1875, 16.28125, 111.375, 66.1875, 39.6875, 142.125, 41.6875, 43.875, 117.375, 66.9375, 119.0, 83.25, 111.25, 64.4375, 39.6875, 127.875, 65.0, 136.75, 29.125, 121.5, 87.875, 109.875, 101.1875, 39.34375, 101.5, 23.09375, 58.03125, 49.34375, 117.625, 112.4375, 102.5625, 131.25, 148.125, 71.375, 75.8125, 94.75, 49.75, 95.8125, 84.9375, 74.75, 91.25, 127.5625, 94.0, 86.0, 37.46875, 66.3125, 51.09375, 40.3125, 91.9375, 110.75, 139.125, 93.0, 119.1875, 80.75, 119.0625, 38.46875, 127.375, 61.34375, 104.0, 120.125, 105.6875, 56.15625, 35.0625, 37.375, 76.4375, 59.09375, 89.875, 128.375, 112.3125, 146.625, 109.625, 95.375, 55.46875, 84.875, 40.0, 152.0, 66.5, 135.375, 36.40625, 93.875, 80.25, 120.1875, 62.40625, 123.0625, 74.0, 60.375], [14.765625, 66.5, 33.71875, 94.625, 96.875, 33.53125, 29.15625, 100.125, 64.875, 30.078125, 60.8125, 25.5, 60.8125, 78.1875, 93.625, 72.4375, 114.125, 114.5, 43.0, 0.0, 92.375, 14.0390625, 74.3125, 115.8125, 83.6875, 76.25, 75.3125, 40.0, 72.9375, 119.0, 63.59375, 89.5, 61.75, 77.125, 101.0, 57.4375, 14.765625, 97.1875, 38.28125, 96.25, 71.5, 81.375, 123.125, 19.84375, 91.0625, 79.25, 79.875, 125.9375, 93.375, 79.3125, 64.875, 73.375, 85.5625, 105.25, 24.734375, 61.28125, 92.875, 65.0, 129.875, 102.0625, 85.4375, 71.125, 31.578125, 89.0, 89.3125, 22.09375, 80.625, 33.625, 28.3125, 54.8125, 69.875, 84.875, 75.6875, 120.0625, 60.625, 120.8125, 68.0, 66.625, 86.1875, 41.125, 73.5625, 14.0390625, 103.0625, 106.8125, 75.0, 80.25, 25.0, 40.53125, 118.6875, 31.140625, 138.0, 69.3125, 112.75, 71.5, 48.875, 98.25, 67.9375, 75.125, 112.0625, 68.875, 86.5625, 93.1875, 68.0, 77.8125, 67.4375, 82.5, 128.25, 44.78125, 52.46875, 28.859375, 135.875, 50.28125, 104.8125, 80.875, 90.5, 87.125, 48.71875, 69.875, 23.53125, 77.5, 107.5625, 81.75, 72.9375, 140.0, 85.25, 89.0625, 65.625, 68.375, 92.625, 34.46875, 85.875, 22.015625, 94.9375, 44.8125, 88.5, 46.625, 82.375, 82.25, 19.703125, 58.84375, 22.140625, 15.1328125, 74.625, 142.875, 87.25, 77.5, 102.3125, 114.5625, 45.21875, 107.0625, 71.1875, 46.625, 114.0625, 43.875, 39.8125, 59.625, 88.8125, 118.125, 101.8125, 80.25, 107.1875, 81.8125, 32.65625, 69.25, 129.875, 103.5625, 50.0, 90.75, 76.125, 77.1875, 20.125, 100.0, 102.9375, 66.375, 111.0625, 88.625, 68.25, 53.90625, 12.203125, 91.5, 26.40625, 110.25, 92.3125, 126.1875, 116.0625, 85.0625, 83.125, 87.125, 55.0625, 58.71875, 118.125, 102.4375, 97.125, 78.0625, 93.1875, 54.4375, 94.8125, 61.34375, 80.125, 36.125, 56.3125], [80.4375, 143.0, 107.125, 88.375, 100.25, 95.25, 104.75, 177.625, 38.09375, 86.5625, 147.75, 116.5625, 32.0625, 108.5625, 141.0, 136.5, 63.5, 180.25, 105.1875, 92.375, 0.0, 106.25, 91.3125, 46.3125, 175.375, 167.75, 166.75, 97.4375, 84.1875, 97.875, 150.25, 173.625, 149.125, 125.125, 186.5, 70.75, 106.0625, 174.875, 66.625, 161.5, 68.25, 172.125, 98.3125, 77.1875, 99.625, 15.234375, 28.421875, 113.9375, 109.25, 162.0, 131.25, 81.3125, 124.0, 74.6875, 69.4375, 111.4375, 69.3125, 93.8125, 84.1875, 174.5, 95.0, 124.3125, 61.03125, 148.5, 45.6875, 114.4375, 83.875, 124.75, 116.1875, 90.0625, 90.125, 177.125, 168.0, 53.375, 151.125, 80.125, 81.5625, 116.5, 173.625, 75.8125, 129.5, 78.3125, 172.75, 138.75, 161.0, 137.125, 69.625, 86.75, 42.53125, 123.5, 95.375, 37.8125, 50.6875, 162.375, 83.625, 162.0, 130.875, 133.25, 177.125, 160.75, 93.0625, 113.9375, 26.0, 124.0, 74.4375, 125.1875, 68.0625, 134.375, 115.75, 101.0, 84.375, 44.5625, 115.375, 173.125, 150.75, 8.484375, 93.25, 128.75, 88.3125, 143.125, 73.5, 112.3125, 149.0, 98.3125, 169.75, 47.0, 157.0, 115.75, 169.625, 124.5625, 102.5625, 92.0625, 145.125, 77.125, 57.25, 115.4375, 167.125, 172.375, 111.1875, 113.625, 89.8125, 94.25, 79.875, 106.6875, 31.78125, 164.625, 49.5, 187.75, 135.125, 100.875, 29.6875, 137.5, 74.0, 114.5625, 63.3125, 143.375, 82.125, 199.0, 188.25, 123.0625, 130.0, 156.25, 123.1875, 158.5, 84.1875, 174.125, 101.125, 173.625, 168.375, 131.75, 111.3125, 43.40625, 156.25, 139.5, 19.640625, 10.296875, 155.25, 136.125, 83.375, 178.0, 68.0625, 77.25, 71.125, 70.625, 64.0, 172.0, 175.0, 94.0, 141.25, 141.5, 77.625, 110.5, 161.875, 135.125, 28.015625, 143.375, 180.25, 44.03125, 113.6875, 117.5625, 44.9375], [28.15625, 57.125, 34.71875, 104.6875, 105.625, 39.4375, 26.171875, 92.625, 77.5, 35.59375, 50.9375, 15.0, 74.5625, 84.125, 90.375, 66.5, 127.0, 110.0625, 46.1875, 14.0390625, 106.25, 0.0, 79.25, 128.0, 70.5, 63.3125, 62.40625, 41.4375, 79.0625, 129.375, 53.75, 79.9375, 48.875, 75.0, 90.6875, 65.75, 8.0625, 86.25, 51.0, 88.5625, 83.0, 67.4375, 133.75, 31.390625, 95.6875, 92.9375, 92.625, 135.125, 96.5625, 67.5, 63.1875, 80.0, 89.3125, 117.0625, 38.625, 60.53125, 101.9375, 68.875, 142.0, 96.1875, 90.4375, 72.6875, 45.28125, 87.4375, 100.75, 8.546875, 90.5, 22.015625, 21.1875, 59.0625, 74.8125, 71.1875, 61.96875, 131.875, 46.84375, 132.875, 74.375, 65.1875, 72.9375, 52.0, 74.1875, 28.0, 94.0625, 110.375, 65.0625, 80.0, 38.84375, 45.5, 131.375, 17.46875, 149.875, 81.6875, 126.1875, 59.03125, 58.0625, 90.875, 67.0, 75.0, 103.8125, 55.65625, 91.9375, 95.5, 82.0625, 76.0625, 75.0625, 81.125, 139.25, 33.96875, 53.46875, 27.890625, 145.875, 63.5625, 112.0, 67.25, 88.6875, 100.8125, 55.75, 65.625, 29.0625, 74.9375, 116.875, 87.3125, 67.25, 151.625, 75.6875, 100.375, 51.625, 67.375, 85.5625, 24.078125, 89.5625, 25.8125, 90.9375, 55.3125, 98.8125, 42.1875, 69.875, 68.4375, 9.8515625, 57.125, 30.40625, 18.4375, 84.875, 154.0, 99.75, 64.4375, 113.75, 104.375, 31.78125, 116.375, 84.1875, 34.65625, 126.25, 39.21875, 51.0, 48.09375, 96.0625, 109.125, 91.0625, 83.4375, 112.375, 76.1875, 21.9375, 55.71875, 142.0, 94.3125, 50.96875, 78.625, 62.59375, 73.4375, 10.7734375, 111.8125, 102.1875, 58.125, 125.0, 102.25, 58.0, 46.96875, 25.296875, 80.9375, 39.28125, 122.0625, 101.125, 139.125, 126.75, 72.0, 69.0625, 96.0625, 42.8125, 51.09375, 127.5625, 110.125, 89.5, 78.0, 107.0625, 41.15625, 82.0, 75.0, 81.0, 27.859375, 70.0625], [77.9375, 73.0625, 107.875, 148.0, 155.0, 104.75, 56.09375, 171.875, 54.8125, 44.375, 129.25, 94.125, 69.4375, 145.0, 51.46875, 57.21875, 145.75, 188.5, 115.75, 74.3125, 91.3125, 79.25, 0.0, 79.8125, 139.75, 134.375, 133.75, 39.0625, 7.2109375, 167.875, 132.0, 158.0, 92.1875, 38.46875, 167.625, 24.359375, 85.875, 99.25, 91.25, 77.8125, 121.25, 118.5625, 170.5, 57.875, 16.765625, 77.125, 63.25, 180.0, 21.375, 94.625, 139.125, 10.296875, 155.75, 147.5, 76.0, 32.28125, 36.0, 11.3984375, 166.125, 175.375, 11.1796875, 144.0, 64.25, 163.25, 52.9375, 86.0, 136.125, 100.125, 100.1875, 20.25, 4.47265625, 136.375, 128.0, 79.625, 100.9375, 159.25, 10.296875, 34.25, 111.6875, 101.0, 147.0, 69.875, 90.5625, 176.375, 143.0, 154.0, 77.0, 34.0, 87.0625, 92.0, 176.75, 53.75, 136.875, 132.25, 112.0, 77.25, 142.0, 148.875, 91.6875, 125.9375, 12.8046875, 24.171875, 83.875, 36.6875, 17.03125, 36.0625, 79.1875, 112.0625, 126.125, 52.8125, 78.1875, 59.625, 166.875, 133.25, 164.75, 82.8125, 116.375, 48.15625, 51.09375, 151.875, 48.84375, 149.0, 146.25, 179.375, 153.75, 51.625, 108.75, 32.0625, 164.875, 102.9375, 13.34375, 53.65625, 56.09375, 105.0625, 42.4375, 50.78125, 101.5625, 116.75, 89.0625, 37.0, 92.75, 61.28125, 129.875, 185.625, 63.28125, 103.625, 61.40625, 106.5625, 88.0625, 162.0, 62.28125, 111.1875, 152.0, 52.4375, 45.40625, 82.3125, 21.84375, 187.375, 167.25, 151.25, 174.0, 155.125, 100.6875, 103.375, 166.125, 92.4375, 32.0, 104.375, 130.0, 47.15625, 89.9375, 63.875, 176.875, 67.1875, 109.0, 81.5625, 135.75, 126.1875, 78.4375, 157.625, 59.0, 151.75, 34.0, 155.875, 66.0, 109.125, 126.5625, 145.5, 84.75, 130.375, 58.9375, 163.25, 77.9375, 151.875, 111.625, 91.5, 113.5, 95.875, 23.265625, 65.1875, 90.75], [108.1875, 148.0, 139.625, 134.375, 146.0, 129.625, 116.9375, 211.625, 51.09375, 98.0, 176.125, 141.375, 60.8125, 151.5, 130.625, 135.5, 108.0625, 218.5, 140.75, 115.8125, 46.3125, 128.0, 79.8125, 0.0, 198.375, 191.375, 190.375, 103.8125, 73.1875, 144.0, 178.875, 204.125, 161.25, 118.25, 216.25, 70.25, 130.625, 177.25, 102.5625, 157.5, 112.6875, 186.8