{"name": "LZB_n200_4", "n": 200, "m": 20, "times": [[0.0, 108.25, 80.25, 30.484375, 96.1875, 57.0, 73.8125, 84.3125, 46.6875, 88.0625, 51.0, 94.9375, 82.6875, 53.65625, 92.5625, 65.25, 106.5, 78.625, 105.4375, 94.9375, 49.65625, 97.9375, 58.8125, 86.25, 105.125, 74.1875, 88.6875, 76.9375, 89.3125, 61.75, 69.3125, 88.75, 106.625, 41.78125, 75.6875, 37.84375, 122.1875, 47.53125, 91.0, 3.0, 97.3125, 4.47265625, 43.6875, 28.640625, 93.75, 88.5625, 119.5, 115.25, 67.875, 96.4375, 21.21875, 106.5, 55.21875, 55.71875, 123.0625, 97.0, 31.78125, 42.53125, 94.0, 38.0, 41.0, 100.625, 70.25, 89.8125, 89.1875, 19.421875, 91.375, 59.3125, 72.8125, 76.3125, 60.03125, 61.96875, 92.625, 59.8125, 23.34375, 75.8125, 104.1875, 34.9375, 21.640625, 92.1875, 96.375, 104.8125, 106.125, 43.65625, 120.75, 76.1875, 87.9375, 85.3125, 89.75, 129.875, 42.75, 58.0, 45.28125, 82.875, 87.625, 71.8125, 100.25, 85.5625, 119.25, 73.5625, 19.0, 85.4375, 93.4375, 89.875, 111.25, 70.625, 66.5, 101.5, 91.25, 93.0625, 65.0, 85.5, 103.875, 114.875, 93.75, 84.625, 48.59375, 98.5, 73.9375, 107.0625, 82.375, 26.25, 86.1875, 98.5, 130.125, 96.3125, 88.5625, 104.125, 86.0625, 93.25, 101.625, 65.25, 75.1875, 59.90625, 13.6015625, 71.6875, 111.8125, 69.8125, 43.0, 99.625, 28.0, 72.5625, 118.6875, 64.0625, 90.0, 87.0625, 68.0, 121.0625, 69.875, 87.5625, 110.75, 71.8125, 87.1875, 71.1875, 89.9375, 33.375, 118.375, 35.84375, 64.875, 101.125, 66.625, 100.75, 79.75, 85.4375, 20.59375, 80.4375, 50.21875, 39.8125, 75.9375, 108.4375, 45.46875, 118.4375, 75.375, 61.78125, 91.6875, 66.3125, 96.8125, 97.625, 54.15625, 98.4375, 125.875, 55.21875, 18.96875, 85.75, 32.75, 55.3125, 30.0, 78.25, 58.6875, 103.75, 108.4375, 59.9375, 67.0, 43.40625, 86.3125, 80.125, 92.125, 87.75, 117.4375, 87.625, 97.75], [108.25, 0.0, 64.5625, 136.875, 81.8125, 126.375, 157.125, 192.375, 66.5, 192.125, 97.0625, 21.84375, 148.875, 161.875, 160.375, 73.375, 202.25, 107.0, 165.75, 140.5, 150.25, 26.625, 166.625, 113.5, 211.875, 142.375, 135.75, 134.5, 149.25, 170.0, 168.75, 171.0, 195.125, 125.875, 85.0625, 135.125, 229.5, 140.875, 54.71875, 105.5625, 140.375, 108.3125, 109.1875, 87.625, 200.5, 19.71875, 36.6875, 48.875, 49.0, 188.625, 97.8125, 4.0, 158.0, 151.625, 228.375, 166.25, 130.75, 105.625, 150.25, 140.375, 106.3125, 206.875, 178.5, 121.75, 197.25, 89.5625, 25.0, 66.0, 178.625, 32.8125, 152.0, 87.0, 77.5, 144.375, 130.75, 154.0, 69.4375, 136.875, 90.125, 144.625, 199.125, 209.25, 30.609375, 121.0, 192.25, 119.0, 23.59375, 110.375, 154.375, 52.625, 89.1875, 96.5, 74.5625, 27.59375, 124.625, 79.8125, 208.375, 116.375, 116.0, 45.1875, 91.5625, 177.875, 188.375, 23.1875, 54.21875, 142.875, 80.625, 81.0, 199.5, 44.1875, 122.5625, 175.5, 20.21875, 221.375, 148.5, 168.0, 110.4375, 70.8125, 166.125, 213.5, 143.5, 91.1875, 81.8125, 70.0, 140.125, 164.375, 138.75, 77.0625, 179.0, 147.25, 97.3125, 172.75, 105.5, 51.09375, 121.6875, 176.25, 138.875, 116.3125, 73.1875, 166.0, 84.0625, 72.25, 177.5, 167.125, 127.5, 191.25, 129.5, 228.0, 162.0, 187.875, 25.9375, 73.5625, 126.3125, 38.40625, 32.3125, 77.125, 52.34375, 93.3125, 86.3125, 122.8125, 174.875, 196.625, 41.15625, 144.5, 125.6875, 80.0625, 158.0, 135.125, 120.625, 171.375, 150.875, 29.828125, 72.4375, 162.875, 168.25, 174.125, 55.0, 37.8125, 159.75, 206.625, 231.0, 138.5, 95.8125, 180.5, 75.625, 85.1875, 98.625, 107.25, 138.125, 149.875, 209.875, 168.125, 149.75, 132.625, 25.8125, 98.375, 179.125, 184.625, 128.5, 150.375, 40.59375], [80.25, 64.5625, 0.0, 99.4375, 117.625, 69.875, 150.25, 158.0, 67.1875, 167.25, 102.3125, 42.71875, 87.875, 127.375, 98.875, 16.28125, 148.375, 42.9375, 173.625, 154.625, 104.6875, 77.125, 128.625, 49.03125, 168.5, 143.875, 72.0625, 141.25, 156.125, 135.5, 120.0, 165.5, 185.625, 75.9375, 108.25, 90.0, 186.625, 92.125, 94.5625, 77.25, 155.75, 83.0, 106.875, 51.625, 157.875, 52.0, 97.25, 104.25, 69.3125, 176.125, 83.6875, 60.71875, 135.375, 135.375, 181.875, 104.625, 111.3125, 54.09375, 87.125, 98.0625, 103.25, 178.0, 143.75, 140.75, 159.0, 62.65625, 69.25, 21.546875, 135.5, 42.75, 100.625, 101.25, 17.5, 135.875, 102.5, 150.25, 113.25, 94.75, 74.25, 81.125, 150.75, 162.125, 86.0, 69.4375, 194.625, 56.03125, 43.1875, 131.125, 92.625, 113.125, 90.4375, 106.125, 77.125, 42.0, 60.40625, 101.8125, 170.375, 52.0, 57.25, 71.3125, 61.625, 165.0, 173.5, 65.1875, 106.0625, 84.375, 99.0, 25.5, 162.375, 22.796875, 127.625, 164.5, 46.96875, 176.875, 85.25, 161.5, 55.90625, 111.0625, 153.125, 169.5, 149.25, 54.34375, 18.03125, 18.78125, 79.0625, 102.625, 150.125, 25.8125, 165.625, 83.875, 36.40625, 142.0, 122.375, 35.8125, 92.5625, 131.5, 74.6875, 54.5625, 72.9375, 103.8125, 52.875, 10.296875, 187.0, 144.0, 63.15625, 166.25, 133.375, 184.375, 109.25, 167.75, 85.1875, 11.6640625, 62.15625, 39.84375, 74.9375, 49.78125, 108.25, 48.15625, 25.8125, 58.5625, 139.75, 143.125, 25.0, 82.1875, 89.0625, 15.5234375, 120.9375, 118.6875, 132.5, 178.125, 110.0, 91.6875, 98.25, 116.125, 166.375, 136.0, 98.5, 85.8125, 133.375, 170.375, 184.0, 130.375, 79.6875, 165.625, 59.6875, 95.4375, 90.4375, 125.25, 132.375, 164.5, 159.75, 132.75, 94.3125, 120.1875, 41.125, 120.25, 170.5, 132.625, 66.375, 88.4375, 88.125], [30.484375, 136.875, 99.4375, 0.0, 124.625, 50.8125, 77.1875, 58.6875, 77.125, 70.625, 76.625, 121.75, 70.1875, 28.015625, 77.4375, 83.1875, 77.8125, 84.125, 115.1875, 111.4375, 22.015625, 128.125, 30.078125, 89.9375, 75.1875, 85.75, 83.75, 92.375, 101.5625, 36.125, 40.53125, 90.0, 101.5625, 33.28125, 103.4375, 18.4375, 92.625, 27.296875, 121.25, 32.53125, 114.25, 32.4375, 65.5, 50.90625, 63.8125, 117.125, 149.875, 145.75, 98.3125, 89.8125, 49.65625, 134.875, 44.8125, 53.59375, 92.6875, 80.5, 37.09375, 48.84375, 83.875, 11.3984375, 63.9375, 79.1875, 44.40625, 111.0, 61.09375, 47.4375, 121.375, 80.8125, 42.4375, 104.3125, 37.09375, 89.5625, 108.1875, 65.8125, 19.234375, 81.8125, 133.875, 10.8203125, 52.0, 84.1875, 66.0, 74.3125, 136.5, 39.34375, 123.8125, 76.5625, 115.375, 108.75, 76.5625, 160.25, 70.75, 83.6875, 75.4375, 110.5, 87.125, 100.3125, 72.4375, 88.125, 126.3125, 103.9375, 45.28125, 80.0625, 84.875, 119.625, 141.625, 57.8125, 94.9375, 116.4375, 63.875, 116.1875, 83.125, 82.0, 130.375, 84.8125, 84.375, 85.8125, 51.53125, 127.9375, 70.75, 77.0, 95.3125, 47.4375, 100.375, 116.0, 131.5, 80.5, 104.5625, 120.125, 80.125, 84.3125, 112.0625, 43.40625, 99.125, 86.75, 20.25, 41.21875, 110.1875, 70.6875, 73.4375, 84.0625, 53.21875, 90.0625, 127.5, 51.09375, 88.75, 69.625, 83.875, 91.25, 45.1875, 74.6875, 140.875, 89.0625, 86.0, 98.875, 120.25, 59.9375, 148.875, 51.25, 78.25, 103.375, 40.4375, 72.125, 104.6875, 75.8125, 11.1796875, 95.1875, 21.84375, 44.59375, 96.0, 116.75, 15.0, 148.625, 104.6875, 32.5625, 95.6875, 37.6875, 127.0625, 128.125, 38.9375, 71.5625, 95.5, 63.5625, 48.5625, 78.4375, 62.46875, 83.375, 56.65625, 101.9375, 68.3125, 118.875, 78.25, 33.375, 48.75, 51.9375, 113.625, 105.75, 89.8125, 59.1875, 120.375, 75.8125, 128.25], [96.1875, 81.8125, 117.625, 124.625, 0.0, 145.125, 100.75, 163.125, 58.125, 150.625, 49.65625, 90.5, 172.125, 138.625, 183.375, 114.5, 202.25, 147.25, 93.4375, 66.1875, 145.5, 55.21875, 147.125, 155.75, 192.75, 80.125, 169.75, 68.375, 80.0625, 144.875, 164.875, 110.6875, 135.5, 134.5, 21.640625, 133.875, 207.625, 143.375, 27.203125, 95.3125, 65.0, 93.0, 64.0, 98.0, 182.0, 74.9375, 58.6875, 44.03125, 48.34375, 133.25, 75.25, 84.0625, 120.25, 107.625, 212.5, 188.5, 97.4375, 124.0, 180.125, 133.75, 63.8125, 168.0, 152.0, 46.1875, 172.625, 88.4375, 58.25, 102.8125, 164.25, 77.125, 156.0, 35.34375, 135.0, 93.0, 108.6875, 94.8125, 17.125, 130.875, 75.6875, 176.25, 189.625, 196.25, 53.84375, 133.625, 121.9375, 153.125, 83.625, 35.6875, 179.125, 56.4375, 53.84375, 43.40625, 53.25, 81.1875, 163.125, 24.359375, 181.875, 157.125, 174.625, 46.65625, 92.4375, 124.5, 135.75, 61.625, 36.0, 161.5, 29.734375, 142.25, 172.75, 109.375, 61.90625, 120.375, 96.3125, 202.75, 179.125, 109.1875, 131.0, 12.1640625, 114.8125, 195.25, 76.5625, 100.0625, 134.5, 132.75, 194.875, 187.375, 67.0625, 140.75, 125.875, 178.125, 153.625, 142.0, 37.125, 82.625, 104.375, 164.625, 184.625, 147.75, 57.09375, 190.25, 92.0, 118.6875, 103.0, 128.0, 166.0, 149.75, 68.0, 207.375, 166.0, 141.25, 60.75, 119.25, 163.75, 78.375, 50.4375, 87.125, 44.03125, 110.0625, 124.6875, 169.5, 149.625, 196.5, 95.6875, 172.0, 116.375, 129.75, 139.25, 96.4375, 52.5625, 99.5, 139.25, 63.78125, 22.0, 157.125, 104.6875, 153.375, 27.3125, 44.28125, 126.25, 177.875, 215.5, 88.25, 77.1875, 128.75, 75.0, 41.21875, 68.0, 36.78125, 85.1875, 74.0, 202.125, 144.75, 161.25, 89.8125, 84.5, 26.828125, 120.8125, 183.5, 181.5, 176.0, 41.59375], [57.0, 126.375, 69.875, 50.8125, 145.125, 0.0, 125.625, 101.1875, 87.6875, 119.5, 106.125, 106.3125, 27.0, 74.875, 38.21875, 55.3125, 78.5, 38.0, 160.875, 151.875, 42.75, 127.9375, 71.5625, 41.59375, 102.9375, 130.0, 33.25, 133.75, 145.5, 81.625, 52.78125, 139.375, 152.25, 17.6875, 127.125, 33.125, 120.6875, 28.640625, 132.25, 55.96875, 154.375, 61.46875, 100.5625, 47.53125, 93.25, 108.4375, 150.75, 151.875, 104.5625, 140.625, 76.1875, 123.25, 95.625, 103.25, 113.875, 43.5625, 82.8125, 22.140625, 37.0, 42.5, 97.75, 125.0, 88.3125, 146.25, 98.3125, 57.03125, 119.875, 60.4375, 72.0, 95.1875, 32.5625, 114.4375, 71.1875, 112.8125, 65.875, 129.25, 149.0, 40.8125, 71.5625, 35.34375, 82.5625, 94.375, 137.375, 13.4140625, 172.875, 26.921875, 102.8125, 140.75, 34.0, 164.5, 95.875, 112.8125, 92.0, 99.0625, 36.6875, 122.0, 109.125, 39.0625, 78.4375, 109.5, 53.03125, 130.75, 135.625, 116.75, 150.25, 17.09375, 117.0625, 77.625, 102.5625, 91.8125, 122.0, 132.5, 113.125, 110.1875, 36.78125, 135.125, 16.125, 144.25, 121.0, 103.4375, 138.75, 45.1875, 62.625, 81.125, 81.0, 42.28125, 145.5, 82.5625, 130.875, 36.25, 68.125, 91.375, 130.625, 77.4375, 59.625, 67.0, 59.40625, 22.09375, 88.0625, 45.09375, 53.46875, 59.625, 173.875, 101.8125, 38.09375, 118.625, 124.8125, 118.0625, 39.9375, 125.0625, 139.5, 58.25, 35.34375, 89.6875, 122.0, 59.21875, 155.625, 36.40625, 44.09375, 53.5, 84.5, 73.25, 86.375, 28.453125, 46.75, 59.09375, 66.5, 91.1875, 132.875, 163.375, 53.15625, 147.125, 123.1875, 51.0, 144.125, 77.6875, 137.75, 132.25, 89.5625, 110.5625, 115.75, 109.3125, 72.5625, 129.25, 70.375, 107.375, 85.625, 133.75, 113.4375, 160.625, 90.5, 78.125, 24.40625, 97.0625, 100.625, 134.125, 140.125, 63.0625, 70.375, 31.25, 133.5], [73.8125, 157.125, 150.25, 77.1875, 100.75, 125.625, 0.0, 77.125, 92.4375, 54.71875, 60.53125, 151.875, 147.25, 68.0625, 154.5, 136.875, 140.875, 152.25, 40.3125, 49.1875, 96.25, 136.5, 77.9375, 159.625, 112.0, 21.9375, 158.75, 34.65625, 32.5625, 69.125, 108.9375, 15.234375, 38.0, 108.0625, 82.0625, 95.4375, 122.0625, 104.4375, 114.8125, 76.25, 52.3125, 69.875, 48.0, 100.75, 103.6875, 140.125, 151.375, 140.125, 108.125, 32.90625, 66.75, 157.0, 38.3125, 24.359375, 132.0, 157.5, 43.125, 115.625, 160.625, 88.1875, 51.09375, 72.375, 72.125, 61.5625, 89.625, 88.125, 133.5, 128.75, 95.4375, 131.875, 113.1875, 73.25, 164.625, 14.3203125, 59.8125, 7.6171875, 116.75, 88.0, 76.1875, 160.375, 120.0, 121.4375, 141.0, 112.625, 47.375, 148.5, 143.625, 67.625, 153.75, 154.5, 68.0, 62.8125, 83.125, 138.875, 159.75, 84.125, 95.1875, 158.75, 193.125, 112.375, 89.9375, 23.859375, 35.0, 134.25, 133.0, 134.75, 80.75, 173.5, 87.5625, 157.875, 38.90625, 19.703125, 160.75, 121.0625, 161.0, 11.3984375, 121.0, 110.5, 16.125, 114.9375, 30.015625, 99.125, 158.875, 169.0, 203.25, 157.5, 43.03125, 175.5, 25.234375, 160.75, 175.125, 60.0625, 63.625, 121.25, 66.4375, 99.0, 183.875, 142.125, 85.375, 161.125, 97.9375, 144.0, 51.25, 40.1875, 161.875, 54.21875, 32.75, 123.0625, 119.375, 42.625, 147.625, 143.5, 159.125, 128.375, 128.125, 100.4375, 141.5, 109.5625, 138.25, 174.375, 72.0, 136.375, 142.625, 152.375, 78.875, 153.0, 74.4375, 34.65625, 49.21875, 40.53125, 83.9375, 153.75, 92.0625, 101.5625, 18.59375, 80.125, 119.1875, 130.0, 47.375, 89.8125, 135.125, 19.921875, 70.5625, 28.421875, 91.75, 72.8125, 61.40625, 64.375, 19.03125, 51.9375, 132.0, 71.375, 125.8125, 30.53125, 142.875, 73.9375, 22.015625, 125.3125, 190.875, 152.875, 128.5], [84.3125, 192.375, 158.0, 58.6875, 163.125, 101.1875, 77.125, 0.0, 128.25, 29.734375, 113.875, 179.0, 110.0, 31.046875, 111.8125, 141.75, 73.375, 138.5, 115.75, 125.5625, 58.46875, 180.125, 30.0625, 142.75, 35.125, 96.8125, 130.0, 108.4375, 109.625, 22.796875, 55.75, 81.125, 76.625, 86.5, 141.625, 70.1875, 45.625, 72.5625, 167.5, 87.0625, 128.75, 84.125, 99.1875, 109.125, 28.640625, 172.75, 200.25, 193.375, 149.25, 65.3125, 96.8125, 190.75, 43.5625, 58.125, 54.90625, 112.0625, 66.5, 106.0, 124.3125, 61.03125, 99.75, 25.234375, 14.3203125, 134.125, 13.0390625, 103.4375, 174.25, 139.5, 33.59375, 160.625, 72.25, 128.75, 166.0, 75.625, 61.71875, 84.625, 176.125, 64.0, 102.9375, 127.125, 49.25, 46.6875, 187.5, 93.4375, 110.0, 128.125, 172.125, 136.875, 114.125, 208.375, 113.4375, 119.75, 123.4375, 167.125, 137.125, 140.75, 18.875, 140.25, 179.625, 154.75, 102.125, 62.03125, 58.25, 173.125, 187.875, 100.0625, 135.75, 174.0, 10.4375, 174.75, 106.1875, 67.0, 187.875, 43.9375, 125.6875, 78.3125, 107.25, 169.75, 61.8125, 38.125, 106.25, 105.75, 158.0, 174.25, 180.25, 113.1875, 118.9375, 178.0, 61.0625, 126.125, 167.875, 21.21875, 129.5, 143.875, 70.75, 39.40625, 157.25, 123.1875, 122.875, 116.5, 110.75, 148.625, 124.0625, 37.6875, 137.875, 29.40625, 102.875, 46.25, 71.6875, 42.96875, 192.875, 147.5, 135.5, 155.5, 171.75, 117.0, 195.875, 109.875, 136.0, 154.25, 18.25, 70.5, 162.75, 118.1875, 69.4375, 153.0, 37.125, 66.6875, 119.5, 114.1875, 49.09375, 200.25, 147.125, 52.8125, 90.25, 23.53125, 173.0, 177.875, 36.875, 14.8671875, 58.0625, 78.3125, 97.75, 57.125, 116.75, 124.5, 99.625, 131.5, 82.75, 129.0, 59.1875, 25.3125, 86.375, 73.625, 170.5, 138.75, 74.125, 63.78125, 170.875, 115.375, 177.375], [46.6875, 66.5, 67.1875, 77.125, 58.125, 87.6875, 92.4375, 128.25, 0.0, 125.875, 36.25, 59.40625, 114.5, 98.8125, 125.875, 59.6875, 151.5, 90.125, 108.6875, 87.8125, 95.125, 51.875, 105.0, 98.6875, 151.5, 80.9375, 111.625, 76.0, 91.25, 106.5, 114.8125, 107.0625, 130.25, 78.75, 43.09375, 81.5, 168.375, 89.875, 45.6875, 44.6875, 88.875, 45.34375, 44.71875, 40.1875, 140.125, 48.15625, 72.9375, 68.8125, 21.265625, 123.0, 31.78125, 65.75, 91.6875, 85.1875, 169.75, 131.25, 64.5, 66.125, 122.0, 83.8125, 41.4375, 141.0, 114.8125, 73.5625, 134.625, 32.6875, 46.0625, 48.25, 119.5, 39.46875, 102.4375, 34.21875, 84.3125, 79.0625, 66.875, 90.4375, 61.40625, 80.4375, 25.609375, 118.125, 142.875, 151.5, 59.65625, 76.875, 132.25, 95.1875, 51.25, 64.1875, 121.4375, 83.25, 25.296875, 39.21875, 10.296875, 46.375, 105.3125, 37.0, 145.375, 99.75, 121.5, 26.90625, 36.40625, 112.0625, 122.3125, 45.3125, 65.375, 104.375, 33.09375, 92.625, 136.125, 68.0, 62.65625, 110.0, 68.25, 161.375, 121.0625, 103.6875, 73.0625, 56.5625, 100.125, 153.625, 84.5625, 42.59375, 81.625, 85.0625, 139.5, 130.0, 83.75, 92.6875, 113.125, 120.0625, 100.6875, 107.8125, 55.21875, 32.1875, 58.90625, 118.3125, 127.5, 89.6875, 7.0703125, 132.75, 34.25, 65.1875, 121.6875, 100.875, 108.25, 124.9375, 69.0625, 167.375, 112.75, 121.375, 64.625, 65.4375, 105.875, 36.40625, 43.59375, 29.015625, 72.125, 52.0, 68.125, 112.9375, 111.5, 145.625, 52.3125, 114.0, 66.8125, 76.25, 96.4375, 68.6875, 65.8125, 113.625, 92.125, 72.1875, 36.21875, 107.625, 105.75, 112.3125, 51.46875, 50.9375, 94.0, 142.875, 172.5, 73.0625, 30.53125, 114.375, 17.46875, 28.28125, 32.25, 58.125, 73.4375, 97.8125, 154.75, 105.1875, 105.625, 66.375, 50.5, 53.84375, 114.25, 132.75, 126.125, 118.1875, 51.09375], [88.0625, 192.125, 167.25, 70.625, 150.625, 119.5, 54.71875, 29.734375, 125.875, 0.0, 103.75, 181.625, 132.875, 44.71875, 136.375, 151.5, 102.875, 154.625, 90.0, 103.8125, 78.5625, 176.25, 50.0, 160.125, 63.375, 76.25, 150.875, 88.8125, 86.75, 38.84375, 81.3125, 54.8125, 47.0625, 102.875, 130.0, 86.5625, 69.75, 91.6875, 159.5, 91.0625, 106.9375, 86.375, 88.8125, 116.0, 58.25, 173.125, 194.5, 185.625, 145.625, 36.125, 94.375, 191.125, 34.21875, 43.28125, 82.0, 137.375, 61.40625, 119.3125, 147.25, 77.0625, 90.4375, 17.796875, 34.65625, 115.625, 42.4375, 107.3125, 171.5, 147.0, 60.59375, 162.25, 94.625, 118.4375, 177.75, 57.96875, 65.0, 62.25, 165.25, 79.125, 102.375, 149.25, 78.9375, 76.1875, 182.625, 109.4375, 81.125, 146.125, 174.125, 120.3125, 137.75, 200.5, 106.4375, 108.4375, 119.0625, 169.0, 156.125, 130.375, 44.0, 158.0, 196.75, 150.75, 107.0625, 34.9375, 29.0625, 171.125, 179.25, 121.8125, 125.9375, 186.25, 38.625, 181.125, 89.8125, 40.25, 190.75, 71.0, 148.375, 52.8125, 122.125, 158.75, 38.59375, 66.375, 84.75, 113.0625, 170.375, 184.875, 200.375, 138.25, 97.75, 189.625, 33.71875, 148.625, 182.625, 28.171875, 114.5625, 147.25, 75.0, 66.0625, 178.0, 140.625, 119.5625, 141.625, 116.0625, 158.75, 96.875, 25.0, 157.5, 1.0, 85.0625, 71.375, 96.3125, 14.0390625, 188.5, 157.875, 154.75, 157.5, 167.75, 121.3125, 187.625, 119.8125, 148.125, 172.875, 37.53125, 99.75, 167.625, 140.375, 79.25, 164.875, 53.25, 57.78125, 102.0625, 87.6875, 66.625, 195.625, 137.625, 76.5625, 64.3125, 46.65625, 164.625, 172.25, 34.0, 38.0, 85.0, 62.375, 96.5625, 29.609375, 117.875, 115.625, 94.3125, 115.9375, 65.75, 105.6875, 88.875, 42.4375, 109.0625, 62.25, 172.75, 124.5625, 46.375, 92.0625, 189.875, 138.5, 171.25], [51.0, 97.0625, 102.3125, 76.625, 49.65625, 106.125, 60.53125, 113.875, 36.25, 103.75, 0.0, 94.125, 132.625, 89.0625, 143.0, 92.6875, 154.375, 118.6875, 72.4375, 52.34375, 98.25, 75.9375, 97.625, 127.125, 143.125, 45.71875, 135.375, 39.8125, 55.03125, 95.1875, 117.1875, 74.0, 98.4375, 92.375, 28.015625, 88.375, 158.0, 98.25, 55.90625, 51.09375, 53.75, 47.03125, 15.0, 63.5, 132.25, 81.0625, 91.75, 81.875, 48.09375, 92.9375, 30.15625, 97.25, 71.6875, 60.53125, 162.875, 147.625, 47.8125, 87.625, 142.875, 86.6875, 14.2109375, 120.6875, 102.4375, 41.15625, 123.0625, 50.6875, 73.125, 82.0625, 114.9375, 74.625, 110.5625, 14.8671875, 118.9375, 49.03125, 59.625, 57.0, 62.25, 84.1875, 35.125, 140.25, 140.5, 146.75, 80.75, 93.1875, 96.5625, 120.5625, 85.875, 34.71875, 139.75, 96.75, 12.0390625, 7.0703125, 25.9375, 81.3125, 131.625, 26.90625, 132.5, 127.5, 154.125, 52.0, 54.4375, 82.6875, 93.6875, 74.0, 75.5, 120.9375, 22.203125, 127.5625, 123.3125, 104.1875, 26.578125, 79.625, 102.625, 153.125, 142.375, 71.1875, 94.5625, 55.875, 71.5, 145.625, 48.46875, 64.0625, 115.25, 120.625, 170.0, 146.875, 47.8125, 128.0, 83.9375, 141.625, 133.875, 92.6875, 24.515625, 68.25, 56.5, 115.5625, 155.125, 114.375, 29.6875, 150.125, 58.1875, 99.0, 85.5, 80.0, 134.375, 102.9375, 33.25, 157.75, 120.0625, 96.1875, 87.3125, 99.0, 131.75, 72.25, 67.625, 56.625, 83.875, 75.625, 98.8125, 142.0, 100.0, 148.75, 88.5625, 134.375, 69.75, 109.6875, 89.875, 47.4375, 30.40625, 77.5, 90.75, 93.6875, 33.84375, 109.1875, 71.375, 103.75, 60.90625, 69.9375, 77.0625, 128.75, 165.875, 43.3125, 33.53125, 86.0, 44.03125, 12.3671875, 21.0, 27.65625, 41.96875, 62.28125, 153.125, 95.125, 118.0, 41.625, 85.4375, 29.28125, 82.5, 135.875, 156.75, 137.25, 68.625], [94.9375, 21.84375, 42.71875, 121.75, 90.5, 106.3125, 151.875, 179.0, 59.40625, 181.625, 94.125, 0.0, 127.875, 148.0, 139.25, 52.15625, 183.25, 85.25, 165.75, 142.25, 133.125, 39.40625, 151.75, 91.6875, 196.0, 139.75, 114.125, 133.5, 148.625, 156.25, 151.0, 166.5, 189.625, 107.3125, 88.5, 117.875, 213.875, 122.8125, 63.875, 92.0625, 142.625, 95.8125, 104.0625, 71.125, 184.75, 15.5546875, 56.21875, 65.8125, 47.84375, 182.125, 88.1875, 18.03125, 147.625, 143.125, 211.625, 145.125, 120.8125, 86.3125, 128.75, 124.0625, 100.8125, 195.25, 164.75, 124.9375, 182.75, 75.5625, 33.28125, 45.96875, 162.5, 20.03125, 133.375, 86.9375, 56.09375, 138.375, 118.125, 149.75, 81.25, 120.4375, 79.5, 123.0, 181.75, 192.25, 46.84375, 102.0, 190.625, 97.5, 8.25, 113.875, 133.25, 72.3125, 84.375, 95.1875, 69.0625, 13.0390625, 102.875, 82.5, 194.125, 94.5625, 95.25, 46.3125, 76.875, 171.0, 181.0, 29.40625, 69.4375, 122.4375, 81.8125, 60.21875, 185.375, 23.09375, 120.625, 169.25, 9.0546875, 205.125, 127.0, 163.125, 90.5625, 81.0625, 159.0, 197.5, 142.375, 74.6875, 60.03125, 49.25, 119.0, 143.25, 139.5, 56.71875, 172.0, 125.6875, 76.0, 160.125, 107.3125, 35.125, 108.5, 159.625, 117.0625, 95.0, 66.5, 144.75, 68.5625, 50.5625, 178.25, 156.875, 105.6875, 180.625, 127.375, 212.125, 143.125, 178.75, 44.40625, 51.90625, 104.5625, 24.1875, 40.8125, 62.03125, 69.625, 75.0, 65.0, 101.0, 161.0, 177.75, 20.0, 123.1875, 110.5625, 58.25, 143.375, 126.25, 121.0625, 171.125, 135.125, 50.0, 76.25, 145.625, 165.0, 159.375, 66.0, 50.125, 148.25, 192.75, 214.125, 132.375, 85.5, 173.0, 63.78125, 83.5, 91.0625, 109.5625, 132.875, 152.125, 192.0, 154.125, 130.125, 125.0, 9.0, 101.875, 173.625, 166.125, 107.125, 129.125, 52.84375], [82.6875, 148.875, 87.875, 70.1875, 172.125, 27.0, 147.25, 110.0, 114.5, 132.875, 132.625, 127.875, 0.0, 88.875, 11.703125, 75.6875, 67.1875, 47.1875, 184.25, 177.125, 54.65625, 152.875, 82.9375, 45.625, 102.8125, 153.875, 23.1875, 158.625, 169.625, 94.0625, 55.03125, 160.25, 170.375, 41.125, 154.125, 51.875, 119.1875, 43.28125, 158.625, 82.0, 179.625, 87.0625, 126.375, 74.3125, 95.125, 131.875, 175.5, 177.5, 130.875, 158.375, 102.5625, 145.375, 114.0, 123.8125, 109.1875, 17.46875, 105.5625, 48.5, 14.421875, 59.65625, 123.6875, 135.125, 99.125, 172.5, 104.0625, 84.0, 144.625, 83.1875, 77.25, 119.0, 38.28125, 141.375, 84.1875, 135.375, 87.8125, 151.625, 175.625, 59.40625, 98.4375, 17.46875, 79.0625, 91.0, 162.375, 39.46875, 194.0, 32.8125, 125.375, 167.375, 7.0703125, 189.75, 122.6875, 139.5, 119.0, 122.125, 34.78125, 149.0, 113.625, 42.0625, 77.9375, 135.625, 80.0, 149.375, 152.75, 141.375, 176.375, 12.53125, 144.0, 88.5, 108.875, 110.625, 147.375, 151.75, 133.75, 108.125, 15.65625, 156.0, 41.78125, 171.0, 140.75, 102.5, 163.0, 72.125, 76.0625, 94.8125, 72.0, 15.8125, 170.5, 94.0625, 149.25, 16.15625, 74.75, 105.0, 157.125, 101.9375, 83.25, 71.5, 48.65625, 33.3125, 115.0625, 18.25, 80.3125, 78.25, 197.0, 118.8125, 33.96875, 132.0, 149.75, 116.125, 38.90625, 140.625, 164.0, 76.8125, 32.5625, 113.75, 147.375, 85.8125, 181.375, 62.8125, 63.0, 50.625, 95.6875, 63.15625, 107.9375, 9.0, 69.3125, 74.25, 80.25, 113.75, 158.625, 186.25, 67.25, 171.5, 150.125, 57.25, 165.875, 87.3125, 164.125, 157.875, 106.75, 116.375, 110.375, 132.375, 99.125, 147.125, 97.25, 134.25, 112.0, 160.25, 136.875, 185.5, 83.5, 90.4375, 23.859375, 120.3125, 123.1875, 160.875, 159.625, 57.0, 65.0, 5.65625, 159.25], [53.65625, 161.875, 127.375, 28.015625, 138.625, 74.875, 68.0625, 31.046875, 98.8125, 44.71875, 89.0625, 148.0, 88.875, 0.0, 93.375, 111.25, 73.125, 110.625, 108.3125, 111.4375, 34.21875, 150.625, 10.0, 115.75, 54.21875, 83.0625, 106.1875, 92.75, 98.0, 8.25, 41.625, 77.5, 82.8125, 58.53125, 117.0625, 42.0625, 70.0, 47.0, 140.0, 56.375, 114.5, 53.84375, 75.1875, 78.125, 43.28125, 142.25, 171.5, 165.5, 120.0, 70.625, 68.0, 160.125, 29.828125, 44.1875, 73.8125, 95.0, 41.59375, 76.4375, 103.25, 32.5625, 74.9375, 51.34375, 16.765625, 115.9375, 35.8125, 72.625, 144.5, 108.5, 28.15625, 129.875, 50.9375, 103.5, 136.125, 61.0, 32.0, 74.5625, 150.25, 34.9375, 73.25, 104.875, 53.9375, 58.3125, 158.375, 65.25, 110.5625, 101.5625, 141.375, 116.4375, 94.1875, 180.375, 86.5625, 95.5, 94.9375, 136.25, 111.5, 115.1875, 46.65625, 113.5625, 152.5, 125.625, 71.1875, 62.78125, 64.5625, 143.25, 160.5, 77.4375, 110.0, 144.25, 37.59375, 143.75, 87.0625, 66.1875, 156.875, 64.1875, 104.1875, 73.6875, 78.4375, 144.0, 56.65625, 56.625, 93.0625, 74.75, 128.25, 144.0, 155.625, 95.5625, 104.5, 148.125, 62.4375, 104.375, 139.25, 16.546875, 107.9375, 112.9375, 40.3125, 31.0625, 133.375, 96.125, 93.875, 99.1875, 79.6875, 118.125, 119.125, 31.390625, 112.75, 43.84375, 85.5, 69.375, 54.40625, 51.75, 163.5, 117.0625, 110.0625, 124.625, 142.375, 86.0625, 168.25, 79.25, 106.125, 128.375, 13.0, 68.375, 131.75, 96.0, 38.46875, 123.125, 8.6015625, 44.9375, 100.6875, 108.4375, 21.953125, 171.0, 120.875, 35.0, 85.1875, 14.765625, 145.75, 149.125, 20.875, 44.78125, 76.875, 61.40625, 68.4375, 59.625, 86.375, 98.4375, 72.25, 110.3125, 66.375, 117.0, 66.5, 6.40234375, 65.1875, 52.875, 139.625, 116.25, 74.25, 57.28125, 145.25, 94.5, 148.875], [92.5625, 160.375, 98.875, 77.4375, 183.375, 38.21875, 154.5, 111.8125, 125.875, 136.375, 143.0, 139.25, 11.703125, 93.375, 0.0, 87.125, 61.28125, 57.3125, 192.375, 186.25, 59.65625, 164.5, 86.4375, 54.65625, 100.875, 162.25, 30.40625, 167.625, 178.125, 97.75, 56.09375, 167.0, 175.875, 50.8125, 165.0, 59.5, 116.375, 50.125, 170.25, 92.0625, 188.875, 96.875, 136.125, 85.6875, 94.25, 143.5, 187.125, 189.125, 142.375, 163.625, 112.875, 156.875, 120.0, 130.75, 105.125, 5.83203125, 113.75, 60.03125, 16.28125, 66.375, 133.5, 137.0, 102.0, 182.375, 104.625, 95.0, 156.375, 94.8125, 78.375, 130.625, 42.53125, 152.125, 94.25, 143.125, 95.75, 159.25, 187.125, 66.625, 109.125, 22.140625, 76.3125, 87.9375, 174.0, 50.03125, 200.75, 43.125, 137.0, 177.625, 6.40234375, 201.5, 133.25, 149.875, 130.125, 133.75, 43.03125, 160.0, 113.4375, 51.03125, 84.1875, 147.25, 91.0, 155.125, 157.875, 153.0, 188.0, 22.09375, 155.0, 98.0, 109.5625, 121.6875, 156.75, 157.75, 145.125, 105.25, 18.4375, 162.875, 53.375, 182.5, 147.0, 100.25, 171.625, 83.375, 86.3125, 104.875, 75.0, 4.125, 179.625, 103.625, 154.875, 19.640625, 83.375, 109.0, 167.5, 113.625, 92.0, 72.5625, 52.09375, 44.40625, 126.25, 7.0703125, 91.6875, 89.375, 204.875, 124.0625, 41.59375, 135.625, 158.75, 113.125, 40.21875, 145.0, 175.75, 88.0, 40.8125, 125.375, 159.125, 97.3125, 193.0, 74.3125, 74.3125, 57.25, 98.875, 58.0, 119.375, 17.03125, 77.8125, 84.875, 84.875, 121.6875, 168.375, 194.125, 72.5, 183.125, 161.375, 59.8125, 173.0, 90.0, 175.75, 169.5, 112.3125, 116.75, 106.0, 140.5, 109.5625, 152.5, 108.5625, 145.125, 122.1875, 170.5, 145.125, 194.5, 79.0, 94.1875, 28.84375, 128.5, 134.75, 171.5, 165.75, 54.125, 69.875, 10.6328125, 170.875], [65.25, 73.375, 16.28125, 83.1875, 114.5, 55.3125, 136.875, 141.75, 59.6875, 151.5, 92.6875, 52.15625, 75.6875, 111.25, 87.125, 0.0, 133.625, 35.21875, 162.375, 145.0, 88.5625, 80.875, 112.3125, 43.0, 152.375, 132.0, 62.9375, 130.5, 145.125, 119.3125, 104.1875, 152.125, 171.5, 60.0, 102.4375, 73.75, 170.5, 76.1875, 93.875, 62.375, 146.5, 68.3125, 95.4375, 36.6875, 141.625, 57.5625, 102.625, 107.375, 66.6875, 161.625, 71.0, 69.8125, 120.0625, 120.8125, 166.0, 92.9375, 96.75, 38.09375, 77.0625, 81.8125, 91.8125, 162.0, 127.5625, 132.625, 142.75, 48.75, 72.6875, 11.703125, 119.25, 45.71875, 85.0625, 93.75, 27.734375, 122.5625, 87.0, 137.375, 112.4375, 78.4375, 61.84375, 71.5, 135.0, 146.375, 90.25, 53.65625, 182.125, 45.875, 50.15625, 123.6875, 81.125, 117.875, 80.6875, 97.3125, 68.8125, 47.4375, 52.78125, 96.125, 154.125, 45.1875, 61.84375, 69.875, 47.15625, 150.5, 158.625, 68.875, 108.0, 70.75, 92.6875, 36.6875, 146.125, 36.625, 116.9375, 150.25, 58.25, 160.875, 75.375, 148.125, 40.5, 109.4375, 138.875, 153.5, 138.0, 39.0625, 22.671875, 33.375, 80.4375, 91.0625, 140.0, 38.90625, 151.125, 74.125, 41.21875, 126.0, 114.375, 32.375, 77.125, 115.4375, 71.25, 42.9375, 64.375, 92.6875, 38.90625, 7.28125, 175.875, 128.625, 55.71875, 150.5, 122.3125, 168.25, 94.0625, 152.375, 90.6875, 6.70703125, 54.125, 41.1875, 77.125, 37.1875, 111.375, 32.0, 13.0, 55.59375, 123.5625, 128.25, 32.25, 71.125, 73.0, 16.96875, 104.6875, 104.375, 123.125, 166.625, 93.75, 97.8125, 93.75, 100.0625, 153.5, 119.6875, 98.5, 88.0625, 117.75, 154.0, 168.25, 117.1875, 66.875, 151.0, 48.78125, 87.4375, 78.625, 117.4375, 119.5625, 154.875, 144.25, 116.5, 79.625, 106.5, 47.9375, 113.5625, 156.5, 117.375, 67.0625, 77.0, 90.0], [106.5, 202.25, 148.375, 77.8125, 202.25, 78.5, 140.875, 73.375, 151.5, 102.875, 154.375, 183.25, 67.1875, 73.125, 61.28125, 133.625, 0.0, 112.375, 181.25, 184.125, 56.875, 199.375, 63.125, 112.25, 47.625, 156.0, 90.25, 165.25, 171.125, 72.0, 37.34375, 149.0, 149.125, 76.4375, 181.25, 70.0, 59.09375, 62.1875, 196.875, 107.8125, 187.125, 109.375, 142.625, 116.0625, 46.40625, 183.25, 222.0, 220.0, 171.75, 137.25, 127.0, 199.375, 102.5625, 117.25, 45.34375, 58.0, 111.0, 97.0, 77.5, 68.5625, 141.375, 96.25, 70.875, 186.875, 61.59375, 119.0625, 191.875, 137.5, 45.53125, 169.875, 50.34375, 167.25, 148.5, 134.0, 95.3125, 147.625, 210.75, 71.5625, 127.9375, 83.0, 24.40625, 32.1875, 208.375, 81.375, 180.75, 98.25, 178.875, 185.75, 66.75, 234.125, 148.375, 161.375, 151.625, 174.625, 101.9375, 177.875, 65.875, 108.8125, 144.875, 177.25, 115.6875, 132.0, 130.375, 189.25, 216.875, 65.3125, 172.5, 153.875, 66.3125, 170.25, 158.125, 136.25, 190.625, 48.3125, 79.625, 145.5, 93.25, 205.0, 128.25, 45.8125, 166.0, 112.625, 140.0, 158.875, 136.125, 60.03125, 177.125, 159.25, 131.375, 80.75, 141.375, 82.25, 176.375, 151.5, 98.0, 42.0625, 113.375, 96.625, 149.0, 62.0, 120.8125, 138.125, 191.5, 102.0, 101.125, 102.4375, 157.5, 55.53125, 40.3125, 115.3125, 211.875, 136.75, 99.75, 164.25, 192.25, 127.8125, 223.5, 108.9375, 122.5625, 117.6875, 69.875, 5.83203125, 163.625, 75.9375, 86.0, 137.0, 68.0625, 116.375, 171.5, 181.0, 63.78125, 219.625, 181.875, 45.21875, 157.375, 61.0, 202.75, 201.375, 93.5625, 71.0625, 45.71875, 134.0, 125.375, 127.75, 134.875, 161.0, 134.375, 179.125, 139.0, 190.0, 19.703125, 69.5625, 54.09375, 124.375, 176.75, 183.375, 144.125, 18.78125, 131.125, 70.1875, 202.0], [78.625, 107.0, 42.9375, 84.125, 147.25, 38.0, 152.25, 138.5, 90.125, 154.625, 118.6875, 85.25, 47.1875, 110.625, 57.3125, 35.21875, 112.375, 0.0, 183.25, 169.5, 80.3125, 116.125, 108.5, 8.546875, 140.75, 152.125, 29.15625, 153.0, 166.625, 117.875, 90.5625, 167.0, 183.0, 52.1875, 133.125, 68.6875, 158.375, 66.1875, 128.375, 76.4375, 171.375, 82.8125, 117.8125, 55.46875, 131.25, 92.4375, 137.625, 142.625, 100.625, 171.875, 92.0, 103.25, 127.4375, 132.25, 150.875, 62.9375, 109.375, 36.90625, 44.40625, 78.125, 114.375, 161.625, 125.125, 159.75, 136.125, 68.8125, 107.9375, 46.0, 110.0, 80.875, 70.375, 122.75, 37.0, 138.375, 95.0, 154.5, 146.625, 75.6875, 84.3125, 38.28125, 119.625, 131.625, 125.4375, 45.34375, 199.375, 14.421875, 84.5, 152.125, 50.9375, 153.0, 106.9375, 124.375, 97.875, 82.25, 17.71875, 127.125, 147.0, 10.0, 42.15625, 104.25, 65.625, 161.375, 167.75, 104.0625, 143.125, 47.15625, 123.0625, 41.59375, 140.375, 65.5, 140.0, 162.25, 89.875, 147.75, 42.4375, 162.75, 32.6875, 143.25, 150.625, 141.125, 159.5, 55.59375, 29.0, 47.625, 51.84375, 60.8125, 163.75, 47.0, 161.75, 41.0625, 30.15625, 126.9375, 142.25, 67.0, 86.5625, 105.0625, 37.375, 16.28125, 93.4375, 61.625, 60.53125, 34.78125, 196.75, 134.75, 20.609375, 153.75, 144.25, 155.75, 76.6875, 158.625, 125.6875, 33.53125, 19.3125, 76.4375, 112.3125, 62.65625, 146.625, 44.03125, 23.015625, 23.328125, 121.1875, 107.6875, 66.125, 40.3125, 76.9375, 28.015625, 102.625, 117.8125, 148.375, 186.75, 89.625, 132.625, 125.875, 89.0, 170.25, 115.0, 133.125, 123.25, 122.75, 148.375, 152.5, 133.875, 87.8125, 160.625, 75.625, 115.9375, 101.0, 145.375, 137.25, 179.0, 126.5, 114.5625, 59.90625, 122.0, 82.25, 143.0, 169.5, 99.0625, 38.90625, 46.6875, 125.125], [105.4375, 165.75, 173.625, 115.1875, 93.4375, 160.875, 40.3125, 115.75, 108.6875, 90.0, 72.4375, 165.75, 184.25, 108.3125, 192.375, 162.375, 181.25, 183.25, 0.0, 27.296875, 135.375, 141.375, 118.25, 191.25, 150.875, 31.234375, 193.625, 32.65625, 17.5, 109.375, 148.875, 35.15625, 52.625, 143.875, 81.5, 132.875, 159.5, 142.375, 115.1875, 107.3125, 28.859375, 101.0625, 67.0, 128.75, 143.125, 151.875, 151.0, 137.125, 118.3125, 57.25, 92.0, 166.625, 78.625, 64.3125, 170.5, 195.625, 78.6875, 147.875, 197.125, 126.4375, 70.625, 106.5625, 112.0, 47.25, 128.5, 115.3125, 140.75, 152.625, 135.75, 146.75, 151.875, 79.125, 189.625, 49.40625, 96.625, 33.96875, 110.5625, 125.8125, 100.75, 196.25, 160.125, 161.125, 143.375, 147.625, 28.640625, 181.625, 157.5, 58.03125, 191.0, 149.875, 83.75, 70.5625, 98.375, 153.25, 193.0, 86.125, 133.0, 190.75, 222.25, 121.0625, 118.0625, 55.09375, 63.15625, 142.625, 129.25, 171.75, 85.125, 198.375, 126.0, 176.625, 46.15625, 49.71875, 173.875, 159.5, 197.25, 37.46875, 154.0, 105.25, 54.09375, 153.875, 24.40625, 128.0, 185.125, 192.25, 235.125, 195.625, 27.171875, 199.375, 56.3125, 196.875, 202.875, 100.0, 60.53125, 140.5, 101.375, 139.25, 217.25, 175.25, 102.0, 199.125, 124.625, 169.25, 13.453125, 80.0, 195.375, 89.75, 40.21875, 160.875, 158.75, 76.25, 150.5, 169.0, 192.625, 144.625, 134.0, 125.25, 137.5, 139.375, 166.375, 206.25, 112.125, 176.625, 161.0, 188.625, 115.0, 179.25, 114.5625, 70.6875, 45.125, 6.08203125, 123.375, 155.125, 93.875, 141.375, 25.703125, 120.4375, 118.0, 132.5, 87.6875, 127.3125, 173.625, 51.875, 96.25, 60.4375, 114.0625, 82.25, 83.875, 59.21875, 47.5, 21.46875, 172.0, 111.625, 163.875, 64.0, 157.25, 69.0625, 44.375, 165.5, 222.25, 189.75, 130.375], [94.9375, 140.5, 154.625, 111.4375, 66.1875, 151.875, 49.1875, 125.5625, 87.8125, 103.8125, 52.34375, 142.25, 177.125, 111.4375, 186.25, 145.0, 184.125, 169.5, 27.296875, 0.0, 133.125, 115.5, 121.4375, 177.75, 159.875, 28.859375, 183.375, 19.109375, 17.6875, 114.4375, 149.125, 52.34375, 75.0, 136.0, 55.53125, 127.5625, 170.875, 137.5, 88.6875, 96.1875, 3.162109375, 90.5, 51.96875, 114.0625, 150.875, 127.75, 124.0625, 110.0625, 94.4375, 76.375, 77.6875, 141.625, 83.75, 68.4375, 180.125, 190.25, 74.5625, 136.125, 188.875, 122.8125, 55.21875, 121.4375, 118.875, 20.03125, 137.625, 100.6875, 115.5, 134.375, 139.625, 123.9375, 148.5, 55.46875, 171.25, 50.8125, 92.25, 41.59375, 83.3125, 121.375, 85.1875, 187.125, 165.25, 168.125, 116.9375, 138.5, 55.90625, 169.75, 134.125, 31.0625, 184.0, 122.5625, 64.375, 48.59375, 77.625, 130.125, 181.125, 60.71875, 144.0, 177.75, 206.25, 96.5625, 104.0, 70.8125, 80.9375, 117.625, 102.0625, 164.75, 60.53125, 179.875, 136.0, 155.125, 29.96875, 65.625, 150.125, 169.25, 188.75, 52.625, 142.75, 78.0625, 65.3125, 162.75, 19.3125, 114.0, 167.625, 172.75, 221.25, 189.875, 7.0, 180.25, 72.1875, 188.125, 186.125, 106.9375, 35.125, 120.0, 94.375, 142.25, 205.125, 163.5, 81.6875, 193.25, 109.1875, 151.375, 37.34375, 87.9375, 183.75, 103.375, 27.65625, 171.75, 156.5, 91.25, 124.0625, 151.375, 181.0, 122.4375, 108.4375, 108.4375, 110.25, 125.625, 150.625, 192.75, 118.0625, 179.0, 139.5, 180.375, 108.6875, 162.0, 116.0625, 68.0625, 22.015625, 33.375, 122.3125, 128.375, 68.125, 141.25, 43.9375, 125.1875, 91.1875, 106.1875, 92.375, 138.75, 183.25, 50.09375, 81.8125, 76.0, 96.1875, 59.90625, 68.5, 33.25, 45.09375, 10.0, 177.625, 116.0, 158.875, 60.125, 134.125, 42.59375, 62.9375, 167.0, 208.0, 182.25, 103.9375], [49.65625, 150.25, 104.6875, 22.015625, 145.5, 42.75, 96.25, 58.46875, 95.125, 78.5625, 98.25, 133.125, 54.65625, 34.21875, 59.65625, 88.5625, 56.875, 80.3125, 135.375, 133.125, 0.0, 144.5, 29.15625, 84.375, 63.90625, 106.75, 72.4375, 114.0, 122.5, 39.8125, 19.71875, 107.9375, 116.1875, 29.28125, 124.625, 15.265625, 81.9375, 14.140625, 140.25, 51.0, 136.0, 52.5625, 87.4375, 62.625, 53.15625, 130.75, 166.875, 163.875, 115.8125, 104.0625, 70.25, 147.75, 60.46875, 72.0, 78.5625, 61.84375, 58.5625, 50.6875, 69.0, 11.703125, 85.8125, 82.5625, 45.875, 133.0, 56.0, 63.25, 137.25, 89.0, 30.8125, 117.4375, 17.203125, 110.75, 110.1875, 86.0, 41.0625, 101.5625, 153.875, 14.765625, 71.125, 70.75, 48.90625, 59.0625, 153.25, 36.21875, 141.625, 69.625, 127.625, 130.75, 60.09375, 178.25, 91.6875, 105.3125, 94.8125, 123.0, 78.75, 121.125, 67.0625, 81.8125, 121.1875, 121.375, 60.21875, 95.4375, 98.3125, 135.0, 160.375, 43.28125, 115.75, 117.625, 60.0625, 124.0625, 105.0625, 98.25, 141.375, 72.5, 70.0, 103.8125, 50.34375, 148.125, 87.6875, 65.0, 116.5, 59.03125, 101.8125, 119.25, 122.375, 62.1875, 126.125, 122.0625, 95.25, 70.1875, 110.0625, 50.46875, 121.0625, 99.1875, 41.78125, 26.921875, 99.75, 64.75, 92.3125, 65.8125, 66.5, 94.625, 147.25, 64.4375, 79.6875, 77.6875, 105.5625, 79.875, 23.53125, 85.9375, 157.125, 93.4375, 77.1875, 111.8125, 137.0, 73.5625, 167.25, 58.59375, 80.625, 95.875, 42.15625, 51.09375, 114.625, 61.84375, 29.15625, 97.3125, 25.609375, 65.5, 118.0, 136.5, 12.8046875, 165.0, 125.0, 12.7265625, 114.5, 34.9375, 146.125, 145.625, 52.625, 68.0625, 81.0, 84.375, 68.5625, 92.875, 79.0, 104.375, 77.875, 123.9375, 89.25, 140.25, 60.15625, 36.25, 31.109375, 73.1875, 125.6875, 127.5, 106.25, 38.09375, 112.5625, 60.3125, 146.0], [97.9375, 26.625, 77.125, 128.125, 55.21875, 127.9375, 136.5, 180.125, 51.875, 176.25, 75.9375, 39.40625, 152.875, 150.625, 164.5, 80.875, 199.375, 116.125, 141.375, 115.5, 144.5, 0.0, 156.625, 123.6875, 203.125, 120.0625, 143.375, 111.125, 125.5, 158.375, 163.875, 149.625, 174.25, 123.6875, 60.03125, 130.0, 220.0, 137.25, 28.171875, 95.6875, 115.1875, 97.0, 89.5, 83.5, 191.625, 25.5, 22.828125, 27.171875, 30.890625, 168.875, 83.375, 29.0625, 142.375, 134.125, 220.875, 170.25, 115.375, 106.0, 156.75, 133.75, 87.0625, 191.875, 166.75, 96.3125, 186.5, 81.375, 8.25, 70.8125, 170.625, 35.21875, 149.25, 64.0, 92.9375, 124.75, 118.6875, 132.625, 43.125, 130.125, 77.4375, 151.625, 193.125, 202.25, 9.484375, 120.0625, 168.625, 126.125, 34.9375, 84.875, 159.125, 37.09375, 70.1875, 74.1875, 57.28125, 35.125, 133.625, 55.3125, 197.25, 126.0, 133.0, 25.5, 84.3125, 158.5, 169.375, 12.0390625, 30.078125, 145.0, 57.0, 98.25, 188.0, 61.6875, 100.0625, 155.5, 43.0, 212.75, 155.25, 147.0, 111.875, 44.21875, 147.0, 205.0, 120.125, 86.8125, 95.125, 87.5625, 155.875, 168.625, 114.25, 95.3125, 159.625, 154.0, 112.875, 159.5, 80.875, 50.90625, 110.625, 169.0, 151.125, 122.25, 57.3125, 170.75, 78.625, 82.125, 152.75, 151.375, 136.625, 175.25, 107.0625, 219.0, 159.5, 170.5, 12.8046875, 83.1875, 135.0, 39.8125, 8.546875, 71.625, 31.140625, 92.1875, 93.5625, 135.0, 163.375, 193.625, 52.15625, 149.875, 117.4375, 92.0, 148.0, 118.5, 96.5, 147.25, 142.875, 20.515625, 47.53125, 157.25, 146.125, 164.0, 28.421875, 11.3125, 145.375, 194.75, 223.625, 118.875, 82.375, 161.5, 65.75, 63.625, 81.9375, 82.375, 117.875, 124.6875, 204.625, 157.0, 149.625, 114.8125, 36.6875, 73.0, 158.375, 181.0, 143.375, 155.25, 14.140625], [58.8125, 166.625, 128.625, 30.078125, 147.125, 71.5625, 77.9375, 30.0625, 105.0, 50.0, 97.625, 151.75, 82.9375, 10.0, 86.4375, 112.3125, 63.125, 108.5, 118.25, 121.4375, 29.15625, 156.625, 0.0, 113.0, 46.65625, 93.0625, 101.5625, 102.6875, 108.0, 11.3125, 32.75, 87.0, 91.0, 56.4375, 125.5625, 40.125, 63.40625, 43.0, 147.375, 61.28125, 124.5, 59.65625, 84.125, 81.0, 35.375, 146.875, 177.875, 172.5, 126.25, 78.75, 75.0, 164.625, 39.625, 54.15625, 65.625, 87.6875, 50.6875, 76.0, 97.375, 31.0, 83.625, 53.4375, 16.765625, 125.625, 31.015625, 77.0, 150.25, 110.625, 18.25, 134.125, 44.65625, 111.8125, 136.125, 71.0, 39.0625, 84.5, 158.25, 34.0625, 79.375, 99.5, 44.15625, 49.1875, 164.625, 63.375, 119.75, 98.5, 145.375, 125.875, 87.8125, 187.375, 94.375, 104.25, 101.8125, 140.375, 107.8125, 123.4375, 42.375, 110.625, 149.875, 131.875, 75.125, 71.5625, 72.4375, 148.75, 167.875, 72.0625, 118.125, 144.0, 33.96875, 146.0, 96.75, 75.25, 160.5, 56.59375, 98.5, 83.25, 77.1875, 152.0, 66.125, 48.84375, 103.0625, 77.5, 128.0, 144.5, 151.5, 88.4375, 114.4375, 148.125, 71.125, 98.8125, 137.875, 22.671875, 117.1875, 116.75, 46.09375, 21.09375, 128.875, 93.375, 100.4375, 91.9375, 83.25, 118.9375, 128.875, 40.3125, 108.875, 49.21875, 95.375, 62.375, 46.6875, 58.78125, 169.5, 117.8125, 106.3125, 128.75, 148.5, 89.875, 175.5, 80.625, 106.125, 124.9375, 13.0, 58.40625, 134.75, 90.5625, 41.21875, 123.125, 8.6015625, 54.5625, 110.375, 118.25, 19.03125, 177.125, 128.75, 26.90625, 94.8125, 7.6171875, 153.0, 155.75, 30.59375, 41.78125, 68.625, 71.375, 74.9375, 68.125, 91.5, 106.5, 80.0, 119.625, 76.3125, 127.0, 56.75, 7.80859375, 59.0625, 62.59375, 143.625, 125.3125, 83.25, 47.53125, 141.625, 88.5, 155.625], [86.25, 113.5, 49.03125, 89.9375, 155.75, 41.59375, 159.625, 142.75, 98.6875, 160.125, 127.125, 91.6875, 45.625, 115.75, 54.65625, 43.0, 112.25, 8.546875, 191.25, 177.75, 84.375, 123.6875, 113.0, 0.0, 143.125, 160.0, 24.765625, 161.25, 174.625, 122.8125, 93.0, 174.25, 189.75, 57.25, 141.625, 73.6875, 160.5, 70.1875, 136.5, 84.125, 179.75, 90.5, 