{"name": "LZB_n200_1", "n": 200, "m": 20, "times": [[0.0, 66.5, 69.875, 49.09375, 82.1875, 66.9375, 84.75, 39.65625, 67.25, 69.9375, 102.0, 69.875, 80.75, 91.9375, 84.9375, 63.53125, 104.8125, 43.0, 109.3125, 90.125, 42.1875, 76.8125, 107.4375, 112.0625, 94.0, 59.84375, 86.9375, 103.1875, 88.5625, 92.8125, 92.0, 89.75, 80.625, 66.125, 106.8125, 42.4375, 81.9375, 109.25, 62.46875, 82.125, 101.125, 68.0, 39.96875, 68.0625, 105.0, 89.1875, 27.296875, 64.375, 66.3125, 47.15625, 114.3125, 86.375, 118.125, 61.40625, 58.78125, 105.375, 105.125, 86.625, 72.6875, 90.8125, 92.75, 106.6875, 21.21875, 80.9375, 65.8125, 111.8125, 69.3125, 36.875, 99.4375, 47.09375, 95.5, 92.0, 120.1875, 21.84375, 30.078125, 47.9375, 92.75, 60.46875, 5.09765625, 34.71875, 60.125, 96.6875, 53.0, 69.375, 78.5, 112.625, 110.5625, 80.5, 79.375, 99.25, 100.3125, 77.375, 103.3125, 55.3125, 40.4375, 96.5625, 36.125, 105.3125, 50.59375, 55.90625, 57.625, 105.9375, 118.6875, 68.375, 65.375, 81.3125, 47.625, 99.0625, 50.59375, 94.125, 120.25, 115.4375, 56.3125, 50.21875, 97.9375, 56.59375, 60.90625, 94.375, 108.875, 59.21875, 68.0, 93.1875, 60.625, 129.0, 39.0625, 86.8125, 37.4375, 48.0, 55.15625, 93.25, 97.0, 123.25, 40.0625, 77.125, 70.3125, 86.3125, 107.3125, 28.28125, 96.625, 19.3125, 59.21875, 106.375, 71.0625, 29.6875, 137.875, 116.25, 38.84375, 54.65625, 112.0, 43.9375, 41.21875, 99.3125, 67.1875, 82.375, 84.0, 99.0625, 88.5625, 98.9375, 87.6875, 81.875, 119.5, 99.3125, 113.375, 92.25, 95.75, 24.1875, 60.8125, 98.125, 19.921875, 91.5, 91.375, 84.0625, 36.6875, 64.0, 73.4375, 64.6875, 20.21875, 31.953125, 28.421875, 86.8125, 51.53125, 65.8125, 99.875, 81.5625, 58.84375, 84.3125, 96.0, 71.0, 25.015625, 90.125, 42.15625, 101.6875, 85.1875, 104.8125, 54.21875, 73.75, 94.9375, 75.125, 31.140625, 88.5625, 80.75], [66.5, 0.0, 117.0625, 106.625, 140.875, 117.625, 132.0, 72.0, 133.75, 115.6875, 166.25, 28.3125, 118.0625, 114.9375, 107.5, 75.3125, 169.125, 106.0, 45.21875, 39.0, 99.8125, 15.03125, 171.875, 122.375, 37.125, 119.5625, 97.75, 145.375, 88.625, 104.0625, 122.5, 77.0, 140.0, 125.0, 118.6875, 99.0, 121.0625, 173.75, 89.0625, 117.0, 161.0, 82.375, 28.296875, 124.375, 131.0, 40.25, 63.15625, 87.25, 104.3125, 28.4375, 139.875, 127.4375, 51.625, 44.9375, 88.0, 137.625, 139.0, 93.4375, 109.0625, 150.25, 159.125, 122.0625, 87.75, 121.25, 94.0625, 130.375, 17.03125, 29.703125, 158.75, 42.0625, 104.75, 145.5, 56.46875, 49.25, 84.1875, 96.5625, 139.5, 79.0, 69.6875, 71.8125, 114.25, 155.25, 111.875, 42.9375, 51.84375, 144.0, 176.875, 24.703125, 125.4375, 68.4375, 47.84375, 123.6875, 122.8125, 38.09375, 43.28125, 157.875, 98.8125, 93.1875, 113.4375, 101.0, 85.0, 44.15625, 139.5, 114.9375, 110.625, 42.0, 19.203125, 86.375, 116.375, 67.25, 186.625, 122.125, 65.625, 91.4375, 39.0625, 122.625, 75.125, 80.8125, 118.625, 119.6875, 77.8125, 105.3125, 59.84375, 195.25, 102.375, 144.5, 31.3125, 48.09375, 24.078125, 105.75, 163.375, 57.71875, 100.625, 55.21875, 99.0625, 28.15625, 138.875, 55.65625, 161.5, 62.15625, 109.4375, 168.75, 52.84375, 68.0, 71.6875, 181.875, 92.5625, 14.5625, 178.375, 40.0625, 55.71875, 162.75, 133.75, 62.4375, 58.59375, 33.28125, 95.25, 83.5, 153.125, 121.125, 53.25, 48.71875, 113.1875, 146.0, 162.0, 65.5625, 88.1875, 130.0, 49.21875, 99.75, 107.6875, 92.625, 93.125, 89.125, 9.0, 95.3125, 79.625, 59.125, 94.9375, 151.5, 115.4375, 73.0, 151.375, 129.25, 18.6875, 68.25, 66.4375, 127.8125, 50.125, 153.5, 107.0625, 43.03125, 80.9375, 140.125, 118.0, 37.0, 77.6875, 140.375, 70.9375, 152.625, 84.5], [69.875, 117.0625, 0.0, 26.25, 116.25, 7.0703125, 134.625, 45.125, 69.875, 124.5, 114.4375, 102.5625, 19.234375, 43.03125, 41.0, 133.0, 71.5625, 83.125, 162.0, 151.125, 30.609375, 119.875, 117.8125, 69.0, 126.5625, 99.3125, 56.46875, 154.625, 158.25, 160.75, 33.71875, 159.5, 113.625, 27.0, 64.125, 29.40625, 139.25, 118.625, 36.0625, 23.09375, 127.75, 50.25, 100.0, 110.6875, 47.125, 151.0, 96.9375, 40.3125, 17.796875, 110.1875, 54.625, 141.5, 162.125, 82.3125, 34.21875, 41.34375, 162.625, 155.625, 18.96875, 42.4375, 92.0625, 60.0, 63.59375, 15.234375, 32.65625, 59.84375, 109.75, 94.0, 127.8125, 114.75, 61.40625, 132.625, 155.75, 72.0, 39.84375, 22.359375, 141.625, 129.25, 64.875, 102.875, 108.5625, 127.375, 27.296875, 136.0, 93.0, 48.0, 106.25, 138.625, 9.484375, 105.375, 126.5, 129.75, 168.25, 83.9375, 74.0, 53.0, 81.3125, 175.25, 86.8125, 16.125, 37.1875, 140.875, 182.0, 2.236328125, 6.70703125, 104.625, 103.25, 87.125, 52.8125, 162.375, 101.9375, 75.1875, 58.84375, 25.703125, 155.25, 55.96875, 130.25, 86.0, 176.25, 97.375, 137.5, 57.0, 130.375, 121.5, 42.53125, 121.625, 87.375, 71.5, 117.0, 160.875, 82.75, 173.125, 36.0625, 88.4375, 135.125, 122.625, 43.5625, 62.1875, 68.3125, 59.21875, 112.4375, 124.9375, 84.0625, 50.03125, 178.5, 118.0, 95.875, 111.3125, 93.875, 77.625, 111.0, 115.5, 72.25, 151.25, 152.125, 142.125, 61.75, 168.625, 65.9375, 17.09375, 167.25, 161.125, 182.5, 30.53125, 96.0625, 54.03125, 127.4375, 157.75, 86.6875, 160.125, 158.125, 153.0, 34.0, 37.46875, 125.9375, 129.5, 81.3125, 101.8125, 60.15625, 60.40625, 42.53125, 58.78125, 34.46875, 131.625, 100.6875, 84.875, 163.875, 22.5625, 93.625, 56.3125, 47.4375, 133.875, 73.0, 38.28125, 85.75, 138.125, 164.5, 57.0, 99.3125, 105.25, 63.25], [49.09375, 106.625, 26.25, 0.0, 91.0, 20.609375, 108.4375, 40.375, 48.0, 98.3125, 93.0, 98.25, 43.84375, 64.75, 60.53125, 110.0625, 65.0625, 56.84375, 151.75, 136.75, 7.0703125, 112.5, 97.0625, 90.25, 123.5625, 73.25, 72.1875, 128.375, 135.375, 136.375, 58.1875, 138.25, 88.375, 18.390625, 85.0, 7.6171875, 113.1875, 98.125, 45.90625, 47.0, 103.8125, 59.46875, 84.9375, 84.625, 72.0, 136.125, 74.75, 50.21875, 34.53125, 94.0625, 80.125, 115.3125, 155.5, 80.625, 42.1875, 67.4375, 136.5, 132.0, 39.5625, 43.65625, 73.1875, 82.0, 38.46875, 41.0625, 45.1875, 83.5, 102.9375, 79.8125, 103.5625, 96.0, 79.0, 106.875, 152.375, 57.875, 22.46875, 16.765625, 115.4375, 105.6875, 44.03125, 79.375, 82.3125, 102.8125, 5.65625, 118.0625, 94.8125, 74.1875, 89.3125, 125.4375, 34.71875, 111.125, 125.875, 103.5, 142.875, 79.5, 66.3125, 51.46875, 55.1875, 153.25, 60.75, 22.015625, 43.96875, 137.375, 156.25, 25.8125, 25.5, 103.9375, 90.125, 98.375, 28.4375, 143.25, 90.0625, 95.75, 60.75, 27.203125, 142.75, 33.0, 107.1875, 95.875, 151.625, 71.375, 114.5, 75.0, 109.3125, 106.3125, 16.28125, 96.375, 75.375, 67.25, 101.625, 136.375, 68.0, 164.25, 10.296875, 91.0, 109.9375, 118.0, 69.625, 51.46875, 58.90625, 44.59375, 86.25, 102.5, 85.625, 39.65625, 173.625, 99.625, 70.1875, 98.0625, 81.5, 70.4375, 89.9375, 93.25, 50.0, 131.5, 133.125, 135.5, 76.5, 147.5, 53.0, 42.71875, 159.25, 146.375, 158.75, 43.1875, 77.125, 41.15625, 102.875, 131.75, 68.0625, 136.125, 133.375, 129.25, 13.6015625, 47.84375, 114.9375, 104.4375, 56.875, 80.25, 34.21875, 49.21875, 19.0, 64.875, 51.0, 105.4375, 92.8125, 91.25, 145.125, 22.09375, 74.0, 48.84375, 21.46875, 131.25, 83.1875, 64.5625, 59.9375, 121.6875, 143.75, 41.15625, 75.875, 82.5, 74.4375], [82.1875, 140.875, 116.25, 91.0, 0.0, 109.5625, 31.0625, 114.25, 50.90625, 36.78125, 35.15625, 151.0, 134.75, 155.25, 150.25, 86.625, 90.8125, 40.0, 175.625, 148.75, 89.5, 154.0, 40.15625, 180.125, 173.75, 22.359375, 158.875, 46.625, 103.375, 91.5, 149.125, 117.0, 2.828125, 92.9375, 174.75, 91.375, 47.375, 42.375, 131.625, 138.0, 20.25, 142.125, 112.75, 17.03125, 163.0, 146.5, 77.875, 135.125, 124.9375, 113.875, 170.875, 44.0, 190.75, 143.5, 127.5, 157.5, 62.375, 95.0625, 130.375, 102.625, 49.46875, 172.375, 66.0, 131.5, 132.625, 174.375, 148.375, 113.0625, 17.890625, 103.8125, 166.75, 17.796875, 197.25, 103.9375, 93.0625, 104.375, 33.53125, 79.375, 82.5, 70.4375, 27.65625, 14.5625, 89.0, 120.9375, 160.625, 163.875, 59.03125, 145.25, 123.1875, 181.25, 181.25, 33.53125, 84.125, 137.5, 122.625, 99.375, 46.28125, 123.6875, 33.0625, 111.9375, 127.875, 184.125, 89.6875, 116.3125, 116.5, 163.25, 122.125, 178.125, 63.53125, 132.0, 80.25, 185.125, 135.0, 113.25, 160.5, 61.28125, 84.1875, 174.0, 99.875, 23.09375, 88.75, 163.25, 99.0625, 72.75, 75.875, 5.38671875, 117.3125, 129.875, 120.9375, 90.0, 66.75, 190.75, 83.1875, 159.0, 64.875, 165.25, 159.75, 109.4375, 82.75, 99.25, 34.71875, 30.8125, 153.0, 106.0, 211.25, 54.8125, 48.3125, 126.5625, 76.125, 126.125, 89.1875, 29.40625, 48.09375, 120.625, 125.875, 174.0, 162.125, 123.875, 74.125, 133.25, 189.125, 154.875, 114.5625, 117.5625, 48.65625, 102.0, 68.5, 63.125, 93.0625, 94.875, 84.375, 92.3125, 90.6875, 133.5, 145.125, 63.125, 63.3125, 82.6875, 63.5, 79.0625, 73.8125, 143.25, 126.75, 30.015625, 138.5, 165.125, 135.375, 99.875, 90.8125, 87.4375, 69.625, 181.125, 163.25, 153.625, 31.78125, 129.625, 123.6875, 70.8125, 70.5, 26.078125, 156.875], [66.9375, 117.625, 7.0703125, 20.609375, 109.5625, 0.0, 128.5, 46.25, 62.8125, 118.8125, 107.375, 104.6875, 26.3125, 50.0, 47.6875, 129.5, 65.75, 77.125, 162.75, 150.625, 25.9375, 121.25, 110.75, 76.0, 129.125, 93.0, 62.625, 148.5, 154.75, 156.5, 40.78125, 156.625, 106.875, 20.03125, 71.0625, 25.078125, 133.75, 111.5625, 40.59375, 30.15625, 120.8125, 55.0, 99.125, 104.375, 54.125, 150.375, 93.625, 45.0, 23.265625, 109.0, 61.46875, 135.75, 163.875, 84.875, 38.21875, 47.875, 157.0, 151.75, 25.5, 37.53125, 85.0625, 67.0, 58.84375, 22.140625, 37.75, 66.9375, 111.25, 93.3125, 120.875, 112.75, 67.9375, 126.0625, 158.25, 71.1875, 37.34375, 21.21875, 135.375, 125.375, 61.84375, 99.0, 102.625, 120.5625, 20.8125, 134.25, 96.5625, 54.375, 99.3125, 138.5, 14.140625, 109.875, 129.625, 123.8125, 163.375, 85.875, 74.9375, 47.8125, 75.75, 172.125, 80.625, 17.5, 41.0, 143.375, 176.875, 8.0625, 11.1796875, 107.625, 102.9375, 92.6875, 46.0625, 160.375, 95.5, 82.125, 62.0, 27.296875, 155.375, 49.03125, 126.625, 91.25, 171.875, 91.0, 133.875, 63.5625, 127.5625, 114.75, 36.78125, 114.9375, 87.3125, 73.375, 116.125, 156.625, 75.9375, 174.25, 30.8125, 92.125, 130.375, 124.75, 50.125, 62.15625, 62.03125, 58.03125, 106.8125, 117.875, 87.4375, 49.8125, 180.75, 111.0, 90.8125, 111.0, 87.375, 78.75, 108.1875, 108.4375, 65.25, 149.0, 150.125, 143.75, 67.75, 165.875, 59.21875, 24.046875, 168.625, 160.5, 178.625, 28.453125, 89.0625, 53.25, 123.0625, 152.25, 84.5625, 156.125, 153.625, 149.0, 30.359375, 42.1875, 126.375, 124.875, 76.9375, 98.75, 54.8125, 53.84375, 35.78125, 62.96875, 34.125, 125.625, 101.8125, 89.375, 162.0, 16.15625, 91.25, 50.15625, 41.21875, 136.5, 78.25, 44.40625, 79.3125, 137.0, 161.875, 50.03125, 95.4375, 98.25, 68.625], [84.75, 132.0, 134.625, 108.4375, 31.0625, 128.5, 0.0, 122.375, 77.0, 16.28125, 65.375, 147.375, 151.75, 169.625, 163.625, 65.8125, 120.1875, 51.625, 160.625, 131.875, 105.125, 146.375, 69.875, 192.875, 167.5, 36.125, 169.375, 20.0, 77.4375, 63.0625, 165.625, 92.875, 33.25, 114.5625, 187.5, 106.75, 17.890625, 72.0, 142.875, 154.5, 44.59375, 151.125, 105.375, 25.0, 179.5, 129.375, 70.375, 145.75, 140.0, 103.5625, 188.0, 13.15625, 178.5, 144.375, 138.75, 175.75, 31.953125, 68.5, 146.0, 128.375, 80.25, 186.0, 75.125, 149.375, 144.875, 189.375, 142.5, 107.5625, 41.4375, 91.0625, 177.75, 19.234375, 187.875, 104.5625, 104.1875, 118.875, 8.0625, 59.0625, 86.8125, 60.65625, 26.421875, 37.0, 107.8125, 103.9375, 161.25, 182.625, 90.0, 131.125, 142.625, 182.25, 176.5, 8.25, 53.46875, 137.125, 123.5, 126.6875, 54.59375, 96.875, 48.09375, 127.125, 138.5, 176.125, 58.6875, 134.25, 133.5, 161.125, 114.75, 183.75, 84.1875, 109.625, 111.3125, 197.125, 140.875, 126.125, 144.625, 83.875, 64.0625, 179.125, 69.625, 38.28125, 66.6875, 174.75, 80.75, 102.9375, 92.1875, 29.15625, 114.0625, 132.0, 109.4375, 61.3125, 97.0, 175.875, 99.0625, 160.5, 40.3125, 158.625, 178.0, 113.0, 111.8125, 103.8125, 25.5, 58.25, 154.625, 112.9375, 198.875, 84.875, 45.90625, 117.375, 107.0625, 126.25, 76.5625, 59.40625, 74.3125, 99.25, 105.125, 163.875, 171.75, 98.625, 102.5625, 151.0, 175.375, 136.5, 85.0625, 141.375, 79.625, 107.9375, 47.71875, 32.0625, 89.0, 67.125, 55.53125, 66.0, 104.4375, 144.75, 134.375, 40.8125, 64.5625, 73.1875, 75.8125, 106.875, 94.0625, 150.125, 150.625, 3.162109375, 133.75, 168.75, 113.125, 121.625, 84.375, 114.9375, 87.3125, 174.375, 169.75, 172.875, 50.34375, 113.25, 99.375, 97.25, 62.28125, 57.125, 164.875], [39.65625, 72.0, 45.125, 40.375, 114.25, 46.25, 122.375, 0.0, 82.875, 108.4375, 125.6875, 58.84375, 47.84375, 53.40625, 46.09375, 100.25, 105.375, 74.5625, 116.9375, 107.0625, 35.21875, 75.0, 130.5, 72.4375, 83.8125, 92.75, 47.40625, 141.5, 124.25, 130.875, 55.9375, 122.0625, 112.1875, 57.5, 67.1875, 33.59375, 121.1875, 132.0, 23.4375, 47.8125, 131.0, 28.796875, 57.28125, 102.75, 67.75, 107.1875, 65.0625, 24.84375, 33.25, 67.9375, 77.1875, 125.3125, 117.6875, 40.3125, 20.25, 70.5625, 144.5, 123.6875, 38.84375, 81.5625, 109.5625, 67.25, 48.5, 50.15625, 27.453125, 72.9375, 65.0, 50.8125, 130.0, 75.25, 55.9375, 126.9375, 112.875, 30.46875, 22.796875, 26.078125, 130.25, 98.375, 36.25, 73.75, 96.5625, 128.0, 46.0, 94.625, 54.65625, 77.625, 126.6875, 94.0625, 53.46875, 72.0625, 85.5625, 115.5, 142.625, 39.96875, 28.859375, 90.625, 69.25, 138.75, 81.25, 29.125, 18.4375, 97.9375, 158.25, 42.96875, 38.625, 63.625, 59.0625, 64.0, 62.03125, 122.0625, 129.75, 75.8125, 21.84375, 19.421875, 110.4375, 68.125, 97.9375, 60.3125, 147.125, 91.5625, 104.625, 53.53125, 93.625, 144.5, 44.9375, 119.4375, 43.03125, 27.453125, 74.0, 131.5, 107.1875, 128.125, 39.34375, 51.09375, 109.8125, 78.875, 72.25, 18.6875, 99.25, 21.21875, 97.125, 133.125, 45.5, 10.0, 134.875, 135.625, 77.0625, 67.0, 121.1875, 32.5625, 75.4375, 124.625, 84.125, 111.8125, 111.625, 97.5625, 49.40625, 131.0, 93.0, 50.34375, 122.4375, 117.0625, 150.0, 74.6875, 113.3125, 15.6171875, 100.0, 137.75, 49.09375, 129.125, 130.125, 121.375, 29.53125, 24.765625, 80.875, 104.1875, 58.59375, 68.125, 51.0, 89.5, 55.9375, 29.0, 79.5625, 119.1875, 55.65625, 53.15625, 123.0625, 58.53125, 56.875, 89.125, 51.875, 91.375, 49.0, 71.5625, 83.0, 95.5, 126.1875, 80.6875, 70.3125, 113.4375, 42.75], [67.25, 133.75, 69.875, 48.0, 50.90625, 62.8125, 77.0, 82.875, 0.0, 73.375, 45.03125, 134.0, 89.0625, 111.875, 108.25, 107.0625, 46.09375, 37.21875, 176.0, 154.375, 49.65625, 143.625, 49.03125, 137.75, 159.25, 42.375, 120.125, 95.6875, 130.25, 124.5, 103.5625, 138.875, 48.09375, 44.0, 132.5, 51.625, 88.25, 50.15625, 93.5625, 92.75, 58.59375, 106.5625, 106.8125, 52.3125, 116.9375, 153.0, 80.625, 97.75, 82.125, 112.625, 123.9375, 87.75, 185.375, 120.375, 89.6875, 109.8125, 108.6875, 124.0, 86.5625, 51.84375, 26.828125, 129.125, 46.09375, 84.875, 93.125, 129.625, 135.5, 104.125, 59.0625, 108.25, 127.0, 68.625, 186.5, 86.5625, 60.15625, 64.25, 82.125, 100.625, 64.375, 79.125, 56.03125, 59.375, 44.09375, 129.875, 136.375, 115.6875, 44.40625, 146.5, 75.25, 154.875, 163.875, 75.25, 123.9375, 116.8125, 101.8125, 49.65625, 42.1875, 150.5, 34.125, 70.0, 91.0625, 172.0, 133.5, 70.375, 71.6875, 143.0, 114.875, 145.125, 20.875, 149.5, 53.25, 143.375, 104.6875, 74.5625, 163.625, 15.1328125, 104.0625, 142.125, 137.0, 40.15625, 110.75, 123.0, 113.3125, 62.6875, 37.9375, 55.90625, 104.0, 106.0625, 120.625, 123.6875, 30.40625, 190.25, 44.15625, 133.375, 95.4375, 152.125, 112.0, 86.3125, 37.125, 76.25, 63.34375, 55.09375, 127.5625, 77.8125, 205.0, 52.8125, 58.40625, 121.6875, 45.28125, 105.9375, 96.5625, 45.71875, 2.828125, 137.125, 140.75, 166.125, 124.375, 147.5, 27.171875, 86.8125, 186.625, 162.75, 148.5, 66.8125, 30.46875, 76.1875, 93.0, 106.75, 85.8125, 126.125, 119.0625, 121.0, 53.84375, 95.5, 140.625, 91.125, 58.59375, 86.9375, 38.90625, 30.359375, 29.015625, 110.625, 75.9375, 74.6875, 124.875, 136.0, 152.25, 50.5625, 88.0, 38.09375, 31.015625, 167.0, 129.875, 105.3125, 29.421875, 136.375, 145.375, 20.25, 76.875, 35.4375, 121.625], [69.9375, 115.6875, 124.5, 98.3125, 36.78125, 118.8125, 16.28125, 108.4375, 73.375, 0.0, 71.8125, 131.25, 140.75, 157.25, 151.125, 51.625, 118.6875, 42.0, 145.125, 116.75, 94.25, 130.0, 76.875, 179.875, 151.25, 31.046875, 155.75, 33.25, 66.625, 55.09375, 154.25, 80.6875, 37.9375, 106.625, 174.5, 95.75, 15.265625, 79.125, 129.75, 143.25, 54.65625, 137.25, 89.125, 23.015625, 168.0, 114.3125, 54.15625, 132.375, 128.25, 87.375, 176.875, 17.203125, 162.5, 128.625, 125.6875, 165.25, 38.1875, 58.3125, 134.375, 123.0, 82.0, 173.375, 62.6875, 138.875, 132.125, 177.25, 126.3125, 91.375, 51.625, 75.0, 164.25, 32.0, 171.75, 89.125, 91.5625, 107.1875, 24.078125, 44.59375, 72.4375, 44.40625, 17.46875, 47.1875, 98.4375, 88.75, 145.375, 172.125, 94.375, 115.375, 133.0, 166.5, 160.25, 8.0625, 50.8125, 121.25, 107.9375, 122.5625, 43.1875, 86.9375, 40.71875, 115.625, 125.25, 159.875, 60.40625, 123.8125, 122.6875, 145.0, 98.5, 168.75, 76.5625, 96.5625, 114.25, 183.75, 126.25, 113.75, 129.375, 77.4375, 49.59375, 164.0, 65.0, 33.25, 53.15625, 161.5, 65.8125, 109.1875, 82.0, 37.21875, 98.0, 116.5625, 93.3125, 53.75, 97.3125, 160.375, 88.4375, 144.875, 28.171875, 142.375, 167.375, 98.0, 109.875, 89.1875, 12.0390625, 67.125, 139.0, 98.8125, 183.125, 91.375, 31.390625, 101.125, 109.0, 110.5625, 60.40625, 66.125, 70.875, 85.5625, 91.25, 147.625, 157.875, 87.3125, 100.1875, 140.375, 159.625, 121.8125, 78.625, 134.25, 82.25, 93.625, 33.25, 34.125, 73.0, 58.25, 48.375, 55.53125, 92.8125, 131.5, 118.25, 27.015625, 49.96875, 56.875, 64.5625, 103.75, 85.8125, 135.625, 143.375, 13.6015625, 117.5, 153.375, 100.0, 113.625, 68.1875, 111.3125, 78.0, 158.125, 155.125, 162.75, 44.375, 97.9375, 87.375, 93.0625, 46.09375, 61.1875, 150.5], [102.0, 166.25, 114.4375, 93.0, 35.15625, 107.375, 65.375, 125.6875, 45.03125, 71.8125, 0.0, 171.75, 133.625, 156.875, 153.25, 120.0625, 67.875, 60.21875, 204.5, 179.125, 94.1875, 178.125, 5.65625, 182.75, 196.0, 49.03125, 165.0, 77.5, 138.125, 126.625, 148.125, 151.125, 33.84375, 87.875, 177.5, 96.1875, 82.375, 7.80859375, 138.25, 137.5, 24.359375, 150.875, 138.0, 50.09375, 161.25, 177.125, 105.4375, 142.375, 127.1875, 141.125, 167.875, 78.5, 217.375, 160.75, 134.25, 153.25, 95.0625, 130.0, 131.5, 88.5625, 25.234375, 174.0, 81.9375, 129.25, 138.0, 174.25, 171.125, 137.0, 26.921875, 133.0, 172.0, 48.03125, 221.625, 123.4375, 102.9375, 109.0625, 66.0, 112.875, 100.625, 99.8125, 60.03125, 30.40625, 89.125, 152.0, 177.375, 158.75, 25.96875, 174.0, 119.125, 196.875, 202.125, 68.6875, 118.8125, 156.0, 140.75, 82.125, 67.4375, 158.625, 52.8125, 115.0, 135.5, 207.625, 123.0, 115.125, 116.625, 182.375, 147.0, 189.125, 65.125, 165.5, 48.375, 188.5, 147.5, 119.1875, 190.25, 60.0, 117.5, 185.75, 134.75, 48.15625, 122.5625, 168.0, 131.25, 37.65625, 81.625, 36.21875, 139.25, 146.5, 148.75, 125.1875, 42.4375, 219.375, 88.375, 174.875, 99.75, 188.125, 155.5, 125.9375, 61.84375, 115.5, 68.0, 12.7265625, 168.875, 119.375, 237.75, 19.640625, 76.4375, 152.625, 46.53125, 144.75, 118.9375, 6.0, 43.0, 153.75, 158.625, 199.5, 169.25, 158.375, 56.09375, 131.25, 217.0, 186.0, 149.625, 106.5, 22.015625, 116.6875, 102.4375, 97.125, 117.0625, 130.0, 119.5625, 127.25, 97.75, 140.25, 171.625, 97.5625, 86.625, 111.0, 76.5625, 62.25, 74.0, 154.25, 114.9375, 64.75, 160.75, 178.75, 168.75, 93.875, 116.6875, 70.5, 74.5625, 203.625, 173.75, 148.375, 48.25, 160.125, 157.875, 59.125, 99.0, 13.6015625, 166.0], [69.875, 28.3125, 102.5625, 98.25, 151.0, 104.6875, 147.375, 58.84375, 134.0, 131.25, 171.75, 0.0, 99.4375, 92.0, 85.0, 98.0625, 163.125, 112.75, 64.1875, 66.375, 92.1875, 20.390625, 177.125, 96.1875, 25.453125, 128.75, 72.8125, 163.0, 114.5, 128.5, 101.3125, 104.3125, 149.625, 116.0, 92.875, 90.9375, 139.125, 178.875, 69.875, 97.6875, 170.5, 60.125, 43.40625, 135.625, 108.0625, 67.9375, 77.125, 67.0625, 87.25, 49.65625, 116.375, 145.0, 59.78125, 21.21875, 69.9375, 116.125, 159.125, 118.3125, 90.9375, 140.375, 160.625, 96.875, 89.9375, 103.5625, 74.75, 105.5625, 11.6640625, 40.0, 168.625, 63.875, 79.0625, 158.5, 54.21875, 48.3125, 77.125, 84.875, 155.375, 100.4375, 71.125, 87.0, 126.3125, 165.5, 103.875, 70.1875, 23.59375, 122.0, 178.375, 52.15625, 109.8125, 40.8125, 30.46875, 139.25, 146.125, 18.875, 32.5625, 149.25, 105.6875, 120.8125, 120.3125, 87.1875, 66.75, 39.21875, 162.875, 100.3125, 95.875, 14.8671875, 35.15625, 58.25, 114.5, 95.5, 185.0, 95.25, 45.125, 77.375, 63.5625, 120.875, 97.25, 52.6875, 143.75, 128.375, 101.1875, 80.25, 83.9375, 196.75, 98.4375, 155.25, 33.71875, 31.390625, 48.75, 130.0, 161.75, 72.4375, 94.75, 27.296875, 119.1875, 20.125, 117.0625, 48.15625, 156.375, 57.8125, 123.0625, 176.25, 25.96875, 58.78125, 76.0625, 185.25, 103.9375, 37.125, 176.375, 28.3125, 74.9375, 169.125, 134.5, 90.0, 86.5625, 40.03125, 69.625, 111.1875, 149.25, 103.0625, 65.9375, 75.5625, 139.75, 132.875, 163.875, 58.71875, 108.0625, 150.5, 58.6875, 124.625, 131.25, 117.1875, 85.6875, 69.4375, 35.5, 114.75, 87.625, 75.0, 96.0625, 146.5, 111.0625, 50.03125, 136.875, 144.5, 14.3203125, 40.3125, 94.75, 117.375, 63.0625, 147.0, 104.375, 33.25, 54.09375, 119.625, 124.0625, 65.125, 105.4375, 136.5, 85.125, 158.375, 59.03125], [80.75, 118.0625, 19.234375, 43.84375, 134.75, 26.3125, 151.75, 47.84375, 89.0625, 140.75, 133.625, 99.4375, 0.0, 24.515625, 24.1875, 144.25, 88.25, 100.125, 161.875, 154.5, 46.625, 118.375, 137.0, 50.25, 121.75, 117.0, 41.40625, 171.75, 169.125, 173.375, 14.5625, 168.625, 132.125, 46.09375, 45.53125, 45.0, 155.25, 137.875, 29.609375, 4.125, 146.75, 41.15625, 105.125, 128.25, 28.234375, 154.75, 108.0625, 32.5625, 14.8671875, 115.75, 36.34375, 157.875, 159.125, 78.3125, 30.0625, 24.84375, 178.75, 167.375, 9.0546875, 57.9375, 111.25, 41.0625, 78.5, 5.83203125, 24.734375, 40.59375, 108.1875, 98.625, 146.75, 122.375, 44.71875, 150.75, 150.375, 77.875, 51.40625, 33.96875, 158.875, 141.25, 76.0, 115.125, 125.4375, 146.125, 45.875, 142.375, 85.9375, 32.0, 125.0625, 141.125, 17.09375, 95.0, 119.9375, 146.375, 182.375, 81.875, 75.0, 68.6875, 97.625, 184.875, 104.4375, 25.5, 33.125, 136.0, 196.75, 18.6875, 18.359375, 98.8125, 106.6875, 73.6875, 71.5, 169.625, 119.625, 56.5625, 54.34375, 30.875, 157.0, 75.0, 141.625, 73.5625, 189.25, 115.125, 148.75, 40.25, 139.75, 139.875, 59.6875, 140.125, 90.6875, 70.25, 121.8125, 173.625, 101.3125, 171.625, 52.6875, 80.9375, 149.0, 119.125, 26.90625, 66.5, 85.9375, 66.5, 128.75, 144.125, 77.625, 55.65625, 174.0, 137.0, 111.0625, 114.5, 111.8125, 78.0, 120.75, 134.75, 91.4375, 159.125, 159.25, 139.5, 47.0, 177.75, 84.375, 4.2421875, 165.375, 164.5, 194.125, 41.875, 115.1875, 60.75, 140.625, 173.375, 95.0625, 172.25, 171.375, 164.875, 48.09375, 30.078125, 127.0625, 143.375, 95.0, 112.3125, 76.1875, 78.625, 61.34375, 51.09375, 41.71875, 148.75, 100.3125, 74.875, 170.75, 41.0625, 102.5625, 73.75, 65.3125, 128.5, 60.96875, 24.171875, 103.75, 143.375, 173.125, 76.0, 111.5, 124.4375, 51.09375], [91.9375, 114.9375, 43.03125, 64.75, 155.25, 50.0, 169.625, 53.40625, 111.875, 157.25, 156.875, 92.0, 24.515625, 0.0, 7.6171875, 153.625, 112.625, 118.5625, 156.125, 153.25, 65.8125, 112.1875, 160.5, 26.0, 111.1875, 136.125, 21.9375, 189.375, 177.625, 184.25, 13.453125, 174.75, 152.75, 70.0, 21.09375, 63.90625, 171.125, 161.25, 30.0, 20.390625, 168.625, 32.5625, 107.8125, 147.25, 16.125, 154.0, 118.25, 29.53125, 30.359375, 118.625, 25.0, 174.5, 149.875, 71.1875, 33.3125, 25.296875, 194.75, 177.125, 25.3125, 82.25, 135.0, 17.265625, 94.6875, 30.078125, 26.171875, 20.0, 102.3125, 101.125, 168.375, 127.625, 21.9375, 170.5, 138.5, 83.1875, 65.75, 51.09375, 177.125, 151.625, 87.8125, 126.5625, 143.125, 167.5, 67.875, 145.5, 74.0, 30.265625, 149.25, 139.25, 41.5, 78.3125, 107.1875, 163.625, 195.25, 76.9375, 74.6875, 93.0, 115.0, 191.625, 123.6875, 43.3125, 35.0, 124.9375, 210.5, 42.0, 40.1875, 87.8125, 107.25, 53.8125, 93.1875, 173.25, 144.125, 32.125, 49.46875, 43.5625, 153.75, 97.3125, 151.375, 55.0625, 200.375, 134.5, 158.0, 17.6875, 146.75, 164.375, 79.375, 160.625, 91.9375, 67.4375, 123.5, 184.75, 125.6875, 164.125, 72.125, 68.875, 162.125, 110.25, 25.703125, 71.0, 110.4375, 74.5, 145.375, 166.875, 67.1875, 63.125, 162.625, 161.0, 126.5, 114.5, 136.25, 76.5625, 128.75, 157.5, 114.125, 163.625, 162.875, 131.125, 27.296875, 183.625, 108.75, 28.15625, 157.25, 163.25, 203.375, 65.3125, 139.0, 68.75, 152.75, 188.625, 102.4375, 182.5, 183.125, 174.75, 65.3125, 28.84375, 123.8125, 156.5, 109.0, 121.5, 93.9375, 103.125, 83.375, 42.1875, 63.5, 166.5, 96.3125, 59.78125, 173.875, 65.375, 110.1875, 98.25, 85.75, 117.0625, 44.0, 30.40625, 123.6875, 144.875, 178.5, 100.0625, 123.0625, 147.0, 35.15625], [84.9375, 107.5, 41.0, 60.53125, 150.25, 47.6875, 163.625, 46.09375, 108.25, 151.125, 153.25, 85.0, 24.1875, 7.6171875, 0.0, 146.375, 112.0, 112.9375, 149.0, 145.75, 60.875, 105.0625, 157.125, 29.828125, 104.75, 130.75, 17.6875, 183.375, 170.25, 177.0, 17.46875, 167.25, 147.75, 67.625, 24.515625, 58.9375, 164.75, 158.0, 22.671875, 20.25, 164.125, 25.171875, 100.25, 141.75, 23.53125, 146.5, 111.0625, 21.953125, 26.078125, 111.0, 32.5625, 168.25, 143.25, 64.0, 26.171875, 31.40625, 188.375, 169.75, 22.203125, 81.9375, 132.125, 22.359375, 88.5625, 30.015625, 19.203125, 26.875, 95.125, 93.5, 163.75, 120.0625, 20.609375, 165.125, 132.5, 75.6875, 59.53125, 45.875, 171.25, 144.375, 80.9375, 119.5, 137.25, 162.75, 64.125, 137.875, 67.6875, 37.0, 146.875, 131.75, 41.15625, 73.4375, 101.25, 157.5, 188.25, 69.5625, 67.0625, 92.6875, 109.125, 184.0, 118.3125, 38.625, 27.65625, 118.6875, 203.625, 39.625, 37.125, 81.375, 99.625, 50.25, 88.9375, 165.625, 142.875, 35.21875, 41.96875, 37.5625, 146.375, 93.4375, 144.0, 50.8125, 193.25, 129.125, 150.75, 16.15625, 139.25, 162.375, 74.4375, 155.625, 84.3125, 59.90625, 115.875, 177.625, 123.625, 157.25, 67.1875, 62.59375, 155.25, 103.5, 32.125, 63.5, 109.1875, 67.25, 139.25, 163.0, 60.53125, 55.90625, 156.5, 158.375, 120.125, 106.875, 134.875, 68.9375, 121.375, 153.75, 110.375, 156.125, 155.25, 124.375, 23.34375, 176.0, 106.875, 28.296875, 150.5, 155.75, 196.0, 66.0625, 136.125, 61.5625, 145.75, 182.0, 95.0, 175.125, 176.125, 167.5, 59.8125, 21.40625, 116.375, 149.625, 102.4375, 114.1875, 88.25, 101.4375, 79.375, 35.0, 65.3125, 160.5, 88.9375, 54.21875, 166.25, 63.5625, 102.8125, 97.125, 81.0, 110.875, 38.9375, 35.75, 118.625, 137.25, 171.0, 97.5, 116.0, 143.0, 29.546875], [63.53125, 75.3125, 133.0, 110.0625, 86.625, 129.5, 65.8125, 100.25, 107.0625, 51.625, 120.0625, 98.0625, 144.25, 153.625, 146.375, 0.0, 152.5, 69.875, 96.0, 66.625, 103.75, 90.375, 125.5625, 171.125, 112.4375, 72.0625, 145.0, 74.125, 25.296875, 31.625, 155.0, 32.0, 87.0625, 124.75, 166.125, 104.375, 50.53125, 127.75, 123.6875, 145.375, 105.75, 125.875, 55.53125, 70.1875, 167.625, 63.9375, 36.25, 124.75, 129.625, 48.5, 177.0, 57.25, 115.6875, 103.375, 120.4375, 168.75, 64.625, 23.4375, 136.0, 147.125, 124.25, 167.0, 72.5625, 144.5, 127.625, 173.125, 89.8125, 60.8125, 102.8125, 34.21875, 153.5, 83.5625, 127.875, 71.4375, 93.5, 111.375, 71.875, 7.2109375, 68.4375, 30.8125, 60.03125, 98.5, 112.8125, 39.21875, 117.8125, 176.0, 139.5, 67.9375, 142.5, 138.0, 123.0625, 58.25, 48.09375, 94.8125, 86.0, 150.25, 65.1875, 44.09375, 74.1875, 119.4375, 118.6875, 118.0625, 64.875, 131.625, 128.75, 112.9375, 62.9375, 148.0, 100.125, 45.5, 156.625, 173.375, 110.625, 113.5625, 79.6875, 104.0, 3.0, 142.5, 47.8125, 73.5625, 4.47265625, 152.0, 16.28125, 156.125, 96.3125, 88.0625, 70.3125, 95.4375, 51.25, 32.75, 136.125, 111.0625, 100.0, 118.9375, 26.40625, 103.5, 170.625, 83.4375, 143.5, 79.1875, 52.15625, 117.4375, 114.0625, 90.625, 135.75, 139.125, 48.65625, 61.96875, 149.875, 86.8125, 25.609375, 114.9375, 105.375, 34.0625, 39.59375, 103.5625, 145.25, 40.4375, 133.5, 145.375, 111.3125, 70.75, 49.9375, 152.5, 125.5625, 85.0, 18.390625, 55.4375, 51.625, 29.0, 33.25, 21.21875, 99.1875, 124.9375, 75.0, 25.0, 53.9375, 32.1875, 78.9375, 135.125, 105.9375, 120.625, 160.875, 64.0, 83.8125, 130.25, 48.8125, 130.75, 43.84375, 141.0, 96.0, 118.125, 137.0, 168.375, 79.5625, 48.71875, 38.59375, 123.0625, 34.21875, 107.8125, 135.75], [104.8125, 169.125, 71.5625, 65.0625, 90.8125, 65.75, 120.1875, 105.375, 46.09375, 118.6875, 67.875, 163.125, 88.25, 112.625, 112.0, 152.5, 0.0, 83.0, 213.375, 194.75, 70.9375, 176.5, 68.125, 137.75, 188.5, 87.6875, 128.0, 137.375, 176.0, 170.625, 100.6875, 184.125, 88.125, 48.40625, 133.375, 72.25, 133.125, 67.625, 106.0, 92.375, 90.4375, 120.4375, 144.5, 96.5625, 111.1875, 193.75, 123.4375, 110.4375, 89.0, 151.875, 115.25, 131.875, 219.375, 145.625, 103.1875, 100.3125, 152.125, 170.0, 90.5, 30.59375, 43.40625, 128.375, 85.375, 82.5625, 103.4375, 125.625, 167.25, 140.5, 92.1875, 149.875, 132.625, 108.25, 217.25, 119.875, 86.1875, 80.125, 124.0625, 146.25, 100.625, 123.5, 101.625, 94.3125, 59.40625, 172.125, 159.5, 104.0, 47.0, 185.25, 71.1875, 174.625, 190.875, 119.625, 169.5, 144.5, 130.875, 20.09375, 87.25, 196.25, 80.25, 81.25, 105.6875, 202.25, 178.125, 73.375, 76.9375, 169.0, 151.25, 158.375, 54.71875, 193.625, 33.0625, 144.25, 124.9375, 89.8125, 202.625, 49.46875, 149.5, 156.875, 182.875, 85.5, 156.375, 128.125, 157.5, 56.09375, 66.75, 94.8125, 137.875, 132.375, 159.875, 169.75, 25.5, 226.75, 68.8125, 155.5, 141.5, 182.75, 102.25, 115.625, 9.0, 107.3125, 109.1875, 80.625, 150.25, 104.375, 238.0, 60.40625, 104.0625, 158.75, 26.921875, 135.125, 139.75, 72.25, 48.25, 181.25, 184.375, 199.5, 133.375, 192.875, 19.0, 84.5, 222.25, 203.75, 194.625, 49.15625, 46.0, 105.0, 139.0, 151.25, 124.625, 172.25, 165.125, 167.0, 77.4375, 107.6875, 176.875, 137.25, 101.4375, 129.75, 77.8125, 18.03125, 53.71875, 127.625, 55.09375, 118.25, 156.875, 154.25, 196.125, 49.75, 128.375, 16.28125, 62.65625, 196.25, 143.875, 94.125, 75.4375, 177.75, 190.375, 30.078125, 120.8125, 67.125, 134.375], [43.0, 106.0, 83.125, 56.84375, 40.0, 77.125, 51.625, 74.5625, 37.21875, 42.0, 60.21875, 112.75, 100.125, 118.5625, 112.9375, 69.875, 83.0, 0.0, 145.0, 121.0, 53.53125, 118.0, 65.8125, 142.5, 136.375, 18.25, 120.0625, 71.625, 93.0625, 88.3125, 114.0625, 101.8125, 38.125, 64.625, 137.0, 55.21875, 57.1875, 67.8125, 93.0, 102.9375, 58.25, 102.75, 77.8125, 28.796875, 127.9375, 119.25, 46.40625, 96.3125, 88.5625, 81.3125, 136.5, 58.71875, 157.25, 103.9375, 88.875, 124.1875, 80.0625, 87.0625, 94.5, 82.25, 56.4375, 135.25, 26.078125, 97.8125, 94.5625, 138.25, 111.375, 76.875, 56.71875, 74.375, 128.125, 52.625, 161.5, 64.875, 54.125, 67.5625, 58.84375, 63.375, 42.75, 42.96875, 25.5, 54.21875, 56.5625, 95.0, 121.0, 131.0, 73.25, 114.6875, 91.3125, 141.375, 143.125, 46.6875, 90.0625, 98.25, 83.1875, 83.1875, 7.2109375, 113.3125, 7.6171875, 75.6875, 89.0, 147.75, 101.6875, 82.625, 81.8125, 124.3125, 86.8125, 138.125, 34.875, 112.875, 87.875, 147.0, 95.0625, 75.375, 131.375, 36.6875, 66.9375, 134.0, 101.625, 17.03125, 73.5625, 124.9375, 76.875, 91.1875, 40.59375, 45.0, 79.625, 90.125, 89.125, 87.6875, 66.5, 159.75, 47.4375, 119.1875, 59.4375, 128.375, 126.375, 69.5625, 74.0, 59.3125, 30.234375, 63.5625, 113.125, 66.0625, 177.625, 76.375, 21.21875, 92.4375, 80.625, 86.8125, 61.40625, 56.9375, 35.5, 100.5625, 104.5625, 139.25, 123.0, 110.3125, 64.0, 99.375, 157.125, 128.75, 112.125, 92.4375, 58.53125, 62.0, 56.03125, 76.0, 56.875, 89.5625, 83.4375, 84.125, 53.21875, 94.9375, 111.5, 54.75, 26.40625, 52.4375, 24.703125, 66.1875, 43.84375, 103.375, 101.5625, 48.59375, 101.0625, 125.125, 115.75, 71.625, 56.625, 72.8125, 36.0625, 144.0, 123.375, 121.375, 12.0390625, 102.3125, 108.25, 54.4375, 41.1875, 46.625, 117.25], [109.3125, 45.21875, 162.0, 151.75, 175.625, 162.75, 160.625, 116.9375, 176.0, 145.125, 204.5, 64.1875, 161.875, 156.125, 149.0, 96.0, 213.375, 145.0, 0.0, 29.828125, 144.875, 44.0, 210.125, 159.5, 51.4375, 156.0, 137.0, 170.125, 97.75, 116.375, 165.0, 81.125, 175.25, 170.125, 156.5, 144.125, 146.375, 212.25, 132.5, 160.5, 195.75, 124.0, 69.3125, 158.625, 172.25, 32.75, 99.0625, 130.25, 148.625, 63.78125, 180.5, 153.125, 24.046875, 85.0, 131.875, 180.0, 159.5, 105.5625, 153.0, 195.375, 200.25, 160.75, 130.125, 165.5, 137.5, 169.625, 54.0, 72.9375, 193.25, 71.8125, 142.875, 176.875, 43.40625, 94.0, 129.25, 141.75, 167.25, 102.0625, 113.0, 105.25, 148.0, 189.25, 156.875, 56.875, 85.125, 186.0, 217.75, 30.484375, 170.25, 93.9375, 61.59375, 152.625, 136.75, 80.125, 88.0625, 202.875, 138.0, 92.375, 152.0, 146.0, 128.75, 43.9375, 152.0, 159.875, 155.5, 71.5625, 62.1875, 118.25, 159.875, 64.0, 229.25, 157.875, 108.125, 136.375, 16.5, 165.875, 97.1875, 113.25, 127.1875, 156.5, 96.4375, 144.25, 80.125, 235.875, 146.75, 178.5, 76.3125, 91.6875, 55.90625, 118.5625, 206.125, 15.265625, 145.375, 89.8125, 122.375, 48.09375, 181.0, 100.875, 205.5, 107.125, 141.75, 205.25, 89.8125, 113.25, 41.125, 221.375, 128.375, 54.71875, 221.125, 84.5, 86.375, 200.375, 175.625, 67.75, 61.53125, 28.65625, 133.5, 83.125, 196.875, 165.25, 16.03125, 30.15625, 116.125, 191.25, 202.875, 110.75, 113.1875, 150.25, 90.1875, 111.1875, 122.375, 106.125, 138.125, 132.25, 36.78125, 120.3125, 119.0, 93.5, 137.625, 195.625, 159.75, 114.0625, 196.5, 158.375, 61.65625, 102.125, 61.125, 173.0, 88.625, 198.125, 151.0, 50.21875, 117.25, 183.125, 157.0, 47.4375, 78.0, 184.25, 105.625, 191.0, 123.0625], [90.125, 39.0, 151.125, 136.75, 148.75, 150.625, 131.875, 107.0625, 154.375, 116.75, 179.125, 66.375, 154.5, 153.25, 145.75, 66.625, 194.75, 121.0, 29.828125, 0.0, 129.625, 47.625, 184.75, 161.375, 65.0, 130.125, 136.625, 140.625, 68.1875, 86.6875, 160.125, 52.03125, 148.625, 154.75, 157.625, 129.25, 117.1875, 187.0, 126.3125, 153.875, 168.75, 120.8125, 51.78125, 131.75, 169.375, 3.0, 74.625, 124.9375, 140.125, 43.0, 178.25, 123.875, 52.0, 83.9375, 124.8125, 175.25, 129.75, 75.8125, 145.375, 180.0, 177.25, 161.0, 109.6875, 157.125, 131.25, 169.25, 54.71875, 57.3125, 166.125, 46.625, 143.75, 148.75, 68.4375, 79.5, 114.5625, 129.5, 138.25, 72.9375, 94.5625, 79.3125, 121.0625, 162.0, 141.5, 28.015625, 89.875, 181.875, 194.25, 14.3203125, 160.0, 104.125, 76.625, 124.0, 107.0625, 76.875, 79.625, 186.375, 114.3125, 64.75, 127.625, 135.125, 121.9375, 63.5625, 122.4375, 149.125, 145.0, 78.4375, 48.0, 124.5625, 140.25, 36.125, 207.5, 161.0, 103.8125, 126.0, 13.34375, 145.875, 68.0, 119.0625, 98.0, 131.0, 66.875, 144.25, 51.09375, 212.25, 129.0, 151.25, 64.0, 85.9375, 35.15625, 88.8125, 184.875, 44.59375, 129.0, 93.625, 93.0625, 58.0625, 176.625, 89.0, 186.5, 92.75, 114.3125, 178.875, 91.6875, 101.125, 70.6875, 196.75, 102.75, 40.0, 199.75, 77.125, 60.21875, 174.75, 153.625, 38.125, 32.0, 46.625, 134.25, 55.09375, 177.25, 157.25, 45.71875, 10.046875, 87.9375, 178.5, 179.5, 97.4375, 84.25, 120.5, 70.25, 81.5, 92.5625, 76.3125, 123.1875, 126.5625, 30.890625, 91.3125, 96.0625, 68.625, 117.25, 176.75, 141.625, 111.6875, 184.75, 129.875, 57.59375, 106.6875, 33.84375, 158.625, 66.625, 180.25, 132.25, 67.25, 119.875, 177.375, 132.75, 19.109375, 49.65625, 164.875, 80.25, 165.875, 123.5], [42.1875, 99.8125, 30.609375, 7.0703125, 89.5, 25.9375, 105.125, 35.21875, 49.65625, 94.25, 94.1875, 92.1875, 46.625, 65.8125, 60.875, 103.75, 70.9375, 53.53125, 144.875, 129.625, 0.0, 106.0, 98.5, 90.6875, 117.5625, 70.6875, 71.0, 125.125, 129.0, 130.625, 60.53125, 131.625, 87.0, 25.296875, 85.375, 2.0, 108.9375, 99.75, 44.03125, 49.40625, 103.4375, 56.875, 77.875, 81.875, 74.4375, 129.125, 68.125, 48.15625, 35.46875, 87.0, 82.9375, 111.375, 149.0, 75.1875, 40.125, 70.9375, 132.375, 125.9375, 41.15625, 50.59375, 75.6875, 82.875, 33.0, 44.59375, 44.09375, 85.0625, 96.5, 72.8125, 102.9375, 89.0, 78.3125, 104.8125, 146.375, 50.90625, 15.65625, 15.1328125, 112.375, 99.5625, 37.125, 73.1875, 78.8125, 101.875, 12.0859375, 111.0625, 89.875, 77.875, 92.375, 118.375, 39.65625, 106.875, 120.3125, 99.8125, 137.625, 73.5625, 60.0, 58.125, 51.09375, 146.75, 58.125, 22.46875, 41.4375, 131.375, 151.375, 29.734375, 28.421875, 98.5, 83.1875, 95.5625, 29.0625, 136.25, 94.5625, 95.875, 56.34375, 25.015625, 135.75, 34.53125, 100.875, 92.75, 146.0, 68.875, 108.1875, 74.5625, 102.5625, 109.75, 13.6015625, 94.875, 68.5625, 61.53125, 94.5625, 130.625, 72.0625, 157.5, 6.32421875, 86.3125, 104.5625, 111.8125, 73.125, 44.9375, 64.375, 37.6875, 82.25, 103.0625, 80.6875, 33.40625, 167.25, 102.125, 65.3125, 91.0625, 86.0, 64.1875, 83.1875, 94.0, 51.34375, 124.5625, 126.125, 129.0, 75.0, 140.75, 57.8125, 46.09375, 152.5, 139.25, 152.75, 50.09375, 79.5625, 34.46875, 97.125, 127.3125, 61.03125, 130.25, 127.75, 123.1875, 6.70703125, 46.03125, 108.0625, 99.0, 51.0, 73.5625, 29.734375, 54.5, 21.1875, 61.34375, 57.71875, 102.0625, 86.3125, 87.3125, 138.125, 29.15625, 67.0625, 54.8125, 20.21875, 125.3125, 80.25, 68.5625, 57.9375, 114.625, 137.0, 45.5, 69.625, 83.0, 72.0], [76.8125, 15.03125, 119.875, 112.5, 154.0, 121.25, 146.375, 75.0, 143.625, 130.0, 178.125, 20.390625, 118.375, 112.1875, 105.0625, 90.375, 176.5, 118.0, 44.0, 47.625, 106.0, 0.0, 183.625, 116.5, 22.09375, 132.375, 93.1875, 160.125, 103.0625, 118.875, 121.0625, 90.8125, 153.0, 130.75, 113.25, 104.9375, 135.875, 185.5, 88.8125, 116.8125, 174.0, 80.0, 41.4375, 137.75, 128.25, 49.59375, 76.875, 86.375, 105.5625, 43.1875, 136.625, 142.125, 43.03125, 41.0, 88.4375, 136.0, 154.0, 108.1875, 109.6875, 155.625, 169.5, 117.25, 97.9375, 122.1875, 93.75, 125.9375, 10.1953125, 41.1875, 171.875, 57.0, 99.4375, 159.375, 43.5625, 57.3125, 90.4375, 100.75, 154.0, 94.0, 79.3125, 85.875, 127.8125, 168.5, 118.0, 57.0, 42.96875, 142.0, 187.375, 33.9375, 127.625, 56.59375, 33.0, 138.125, 137.75, 36.5, 46.53125, 164.0, 110.8125, 106.5625, 125.5625, 104.0625, 85.3125, 30.078125, 154.375, 117.625, 113.25, 30.8125, 31.953125, 77.4375, 125.25, 79.625, 195.875, 115.4375, 64.25, 94.25, 43.46875, 131.625, 90.125, 72.0, 133.25, 132.375, 92.75, 100.625, 74.8125, 205.75, 110.25, 157.875, 39.625, 48.5, 39.125, 120.625, 172.625, 53.375, 107.625, 47.15625, 114.0625, 13.15625, 137.0, 61.0625, 169.25, 69.1875, 123.375, 181.25, 46.3125, 72.9375, 61.71875, 193.0, 105.875, 29.15625, 187.5, 42.53125, 70.4375, 174.875, 143.75, 76.0, 71.6875, 23.015625, 90.0, 96.75, 161.375, 121.8125, 47.4375, 56.3125, 127.25, 149.75, 172.625, 71.5625, 103.125, 145.0, 61.28125, 114.5, 122.625, 107.5, 99.3125, 88.5625, 18.03125, 110.25, 91.8125, 73.25, 104.8125, 159.25, 123.25, 70.0, 154.375, 143.625, 19.71875, 60.0, 78.4375, 132.875, 63.3125, 160.625, 115.5, 28.15625, 74.3125, 139.25, 129.875, 50.125, 90.9375, 148.5, 84.75, 164.5, 79.4375], [107.4375, 171.875, 117.8125, 97.0625, 40.15625, 110.75, 69.875, 130.5, 49.03125, 76.875, 5.65625, 177.125, 137.0, 160.5, 157.125, 125.5625, 68.125, 65.8125, 210.125, 184.75, 98.5, 183.625, 0.0, 186.375, 201.5, 54.65625, 169.25, 81.125, 143.375, 131.625, 151.5, 156.5, 39.0, 91.0625, 181.25, 100.5, 87.125, 2.236328125, 142.5, 140.875, 27.296875, 155.25, 143.625, 55.46875, 164.375, 182.75, 111.0625, 146.625, 131.0, 146.75, 170.875, 83.0, 223.0, 165.875, 138.625, 156.25, 99.0, 135.25, 135.25, 90.375, 26.921875, 177.625, 87.25, 132.5, 142.125, 177.625, 176.625, 142.5, 30.15625, 138.625, 176.0, 52.03125, 227.125, 128.75, 107.6875, 113.3125, 70.0625, 118.3125, 106.0, 105.5, 65.5, 34.0, 93.0, 157.625, 182.5, 161.5, 23.703125, 179.625, 122.1875, 201.875, 207.5, 73.5, 123.3125, 161.25, 146.0, 83.375, 73.0, 163.75, 58.40625, 119.0, 139.875, 213.125, 127.0, 118.625, 120.25, 187.625, 152.625, 193.625, 69.4375, 171.0, 46.09375, 192.25, 152.375, 123.5, 195.875, 64.125, 122.9375, 190.375, 139.5, 53.8125, 128.0, 172.0, 136.875, 33.125, 86.125, 40.78125, 144.75, 151.625, 154.375, 130.125, 43.0, 225.125, 92.75, 179.875, 104.9375, 193.625, 158.375, 131.125, 62.6875, 120.6875, 73.4375, 13.9296875, 173.875, 124.3125, 243.375, 15.03125, 82.0625, 158.25, 45.21875, 150.0, 124.5625, 10.7734375, 47.15625, 159.25, 164.25, 205.0, 173.375, 163.75, 57.6875, 134.5, 222.625, 191.625, 154.5, 108.625, 23.265625, 121.75, 107.8125, 101.375, 122.625, 135.0, 124.4375, 132.375, 102.25, 144.5, 177.25, 102.875, 92.1875, 116.6875, 81.6875, 63.96875, 78.0625, 158.875, 116.875, 69.4375, 166.25, 183.625, 174.25, 96.875, 122.3125, 72.0, 79.0625, 209.125, 178.375, 151.125, 53.8125, 165.75, 163.25, 61.84375, 104.6875, 19.203125, 170.375], [112.0625, 122.375, 69.0, 90.25, 180.125, 76.0, 192.875, 72.4375, 137.75, 179.875, 182.75, 96.1875, 50.25, 26.0, 29.828125, 171.125, 137.75, 142.5, 159.5, 161.375, 90.6875, 116.5, 186.375, 0.0, 110.4375, 160.375, 26.25, 212.5, 194.