{"name": "LZB_n200_6", "n": 200, "m": 20, "times": [[0.0, 109.625, 62.25, 93.9375, 88.8125, 51.0, 102.75, 110.0, 81.0, 104.8125, 90.625, 36.875, 104.5625, 82.0625, 81.1875, 80.0625, 69.75, 29.40625, 124.5, 75.9375, 80.625, 87.0, 86.0625, 45.8125, 77.5, 93.625, 103.5625, 93.625, 89.625, 87.8125, 96.375, 115.0, 48.59375, 19.109375, 89.0, 62.03125, 60.0, 88.1875, 74.625, 20.515625, 46.03125, 102.1875, 101.875, 35.125, 96.4375, 103.0625, 81.25, 128.0, 140.75, 7.80859375, 82.375, 92.0625, 47.0, 93.4375, 62.25, 77.5, 118.4375, 100.25, 65.625, 94.9375, 71.1875, 29.015625, 89.625, 121.0625, 124.5, 102.1875, 31.234375, 94.375, 64.4375, 92.1875, 90.625, 100.875, 89.5625, 89.0, 67.0625, 48.375, 115.9375, 70.625, 21.84375, 104.9375, 49.8125, 89.0625, 57.125, 88.75, 73.75, 123.0, 79.9375, 95.8125, 103.8125, 116.8125, 93.375, 87.0, 76.0, 87.6875, 25.453125, 14.3203125, 58.90625, 88.75, 36.0625, 75.3125, 97.3125, 106.6875, 97.875, 82.0, 77.8125, 70.375, 60.90625, 55.21875, 104.0, 49.5, 101.0625, 76.5625, 111.75, 48.0625, 98.3125, 116.25, 72.4375, 104.0, 78.75, 68.4375, 39.6875, 28.4375, 60.9375, 117.1875, 27.3125, 83.5625, 81.125, 51.84375, 65.625, 58.59375, 34.0, 135.75, 98.75, 44.8125, 100.1875, 94.8125, 40.59375, 99.75, 70.6875, 90.0625, 87.1875, 23.53125, 57.5, 60.8125, 88.3125, 62.5, 128.125, 74.375, 92.0625, 81.1875, 45.5, 79.125, 66.1875, 104.375, 63.5, 48.84375, 55.3125, 82.4375, 66.6875, 76.0, 80.25, 86.5, 78.875, 116.3125, 38.84375, 76.9375, 60.4375, 67.75, 53.34375, 124.5, 33.53125, 49.6875, 90.25, 82.6875, 62.46875, 45.1875, 15.234375, 23.859375, 117.4375, 84.125, 59.15625, 83.75, 77.8125, 6.70703125, 101.5625, 82.0625, 25.625, 12.0390625, 112.875, 18.4375, 34.65625, 50.9375, 39.125, 100.0, 77.0625, 110.125, 104.6875, 116.75, 110.6875, 111.375, 84.375], [109.625, 0.0, 62.125, 150.875, 186.75, 64.4375, 137.25, 161.75, 190.125, 214.375, 121.8125, 120.8125, 149.125, 72.0, 30.078125, 170.625, 72.125, 106.3125, 233.625, 144.875, 172.25, 195.125, 40.03125, 101.8125, 68.6875, 203.25, 85.3125, 40.71875, 195.875, 146.5, 176.25, 165.5, 123.5, 90.9375, 23.015625, 115.0, 92.0, 144.0, 136.0, 116.625, 73.125, 29.421875, 195.75, 139.375, 108.875, 138.0, 150.75, 186.75, 196.5, 110.9375, 138.5, 200.0, 150.875, 24.734375, 48.84375, 83.1875, 148.875, 120.8125, 159.75, 156.5, 40.3125, 96.4375, 163.0, 172.0, 186.0, 133.5, 139.625, 196.625, 123.0, 21.9375, 183.625, 109.1875, 138.5, 191.625, 86.375, 153.875, 219.875, 168.625, 125.3125, 5.0, 147.875, 77.25, 62.8125, 80.3125, 122.5625, 228.5, 122.0625, 81.0, 41.21875, 226.375, 42.0, 164.75, 137.0, 29.15625, 118.0, 108.75, 131.625, 160.5, 145.625, 169.875, 172.125, 13.453125, 65.875, 186.0, 38.125, 149.625, 148.625, 54.375, 175.125, 62.40625, 142.625, 142.25, 158.875, 66.5, 206.5, 18.6875, 135.0, 162.875, 50.625, 164.0, 72.625, 130.375, 89.9375, 222.875, 133.0, 190.0, 63.15625, 159.625, 149.0, 92.125, 97.1875, 194.375, 149.875, 68.9375, 204.375, 204.125, 140.0, 208.25, 143.25, 54.09375, 134.375, 127.125, 130.75, 114.0625, 21.40625, 168.5, 236.75, 49.03125, 101.8125, 188.0, 152.125, 187.875, 155.875, 211.25, 46.15625, 127.875, 105.0625, 128.75, 175.875, 155.625, 158.125, 176.5, 44.0, 192.0, 146.625, 140.0, 167.875, 118.125, 162.875, 181.0, 90.5, 113.75, 187.0, 187.5, 107.8125, 121.625, 122.4375, 111.75, 138.125, 95.5, 97.5, 92.375, 149.0, 109.1875, 159.25, 150.0, 126.875, 113.625, 222.375, 97.5625, 76.0, 132.0, 143.0, 38.3125, 165.625, 216.875, 213.25, 143.625, 5.38671875, 125.0625, 148.125], [62.25, 62.125, 0.0, 138.5, 126.1875, 47.9375, 136.125, 102.8125, 136.375, 161.625, 120.5, 60.84375, 143.5, 83.625, 33.25, 109.125, 74.4375, 47.71875, 183.875, 125.0625, 140.125, 148.25, 26.421875, 81.25, 19.640625, 150.875, 106.375, 32.65625, 138.625, 85.5, 114.125, 107.0, 61.84375, 44.375, 51.25, 53.15625, 30.59375, 131.5, 74.3125, 60.96875, 54.125, 71.5, 162.625, 83.4375, 58.0, 82.0, 131.125, 127.1875, 137.875, 60.0, 77.4375, 144.0, 109.125, 59.46875, 38.9375, 88.1875, 151.125, 68.125, 125.5625, 95.5, 42.1875, 39.0625, 101.0, 113.625, 125.875, 78.25, 93.1875, 156.625, 61.0625, 55.375, 150.875, 119.0, 78.75, 132.375, 83.375, 110.625, 178.25, 131.875, 70.75, 59.0, 110.5, 92.0, 6.0, 93.8125, 111.3125, 185.0, 114.5625, 98.875, 42.4375, 174.25, 71.875, 141.125, 75.4375, 55.9375, 60.8125, 55.21875, 69.5625, 140.25, 95.875, 135.625, 150.75, 53.59375, 37.34375, 144.25, 24.015625, 124.1875, 87.375, 29.6875, 113.4375, 19.421875, 85.0, 124.0, 100.875, 46.8125, 159.25, 61.09375, 73.1875, 150.25, 16.96875, 103.4375, 24.515625, 89.5625, 81.9375, 179.125, 89.5, 132.875, 76.5625, 113.75, 121.0, 82.0, 70.0, 135.0, 90.4375, 19.234375, 162.375, 154.25, 101.375, 160.375, 81.125, 77.3125, 125.75, 85.0, 68.75, 98.625, 45.90625, 111.75, 188.375, 14.3203125, 51.0, 143.125, 107.6875, 133.25, 94.625, 166.0, 29.0625, 66.5, 43.0, 119.875, 127.0, 93.5625, 134.125, 145.625, 59.03125, 130.25, 92.75, 123.0625, 122.3125, 56.71875, 111.75, 121.75, 32.65625, 92.0, 126.1875, 144.875, 95.5, 94.5, 77.4375, 76.1875, 144.875, 100.625, 86.375, 98.4375, 128.25, 58.8125, 98.9375, 88.125, 71.0625, 60.96875, 169.5, 45.0, 30.59375, 70.625, 86.625, 75.125, 135.375, 171.875, 165.25, 147.375, 60.65625, 134.125, 86.5625], [93.9375, 150.875, 138.5, 0.0, 161.625, 94.3125, 26.921875, 203.125, 126.6875, 136.75, 33.96875, 130.0, 16.28125, 81.0, 135.75, 162.0, 78.75, 123.0625, 139.125, 19.84375, 52.15625, 104.125, 151.5, 57.21875, 157.875, 128.5, 81.3125, 159.625, 146.25, 181.0, 182.5, 208.125, 142.0, 100.9375, 128.75, 155.75, 149.75, 7.0703125, 168.125, 113.375, 86.0625, 126.125, 67.6875, 116.1875, 187.125, 196.875, 17.46875, 219.0, 231.75, 101.5625, 176.0, 142.0, 73.5, 126.3125, 110.0, 68.875, 35.5, 192.625, 54.4375, 187.25, 115.3125, 120.1875, 179.25, 213.875, 215.0, 195.75, 86.25, 85.0, 158.375, 129.0, 59.21875, 55.8125, 183.375, 154.5, 64.5, 78.25, 104.9375, 63.0625, 109.875, 146.125, 61.84375, 79.0625, 132.5, 76.0, 28.640625, 116.0, 29.0625, 79.5, 169.125, 142.75, 111.8125, 29.0625, 169.5, 121.75, 118.3125, 108.25, 151.75, 20.09375, 96.3125, 56.875, 28.640625, 156.5, 175.125, 84.0, 139.625, 31.765625, 148.375, 113.125, 193.125, 119.1875, 195.0, 17.796875, 205.25, 94.125, 111.875, 166.5, 165.875, 12.1640625, 150.0, 148.5, 115.125, 73.125, 61.625, 112.4375, 79.3125, 141.375, 89.0, 86.9375, 38.09375, 60.03125, 69.0625, 226.5, 192.25, 119.8125, 95.0, 119.875, 65.875, 115.0, 162.5, 100.25, 17.203125, 77.0, 150.375, 40.0, 133.375, 128.75, 137.0, 144.0, 181.625, 94.125, 81.25, 128.75, 151.5, 109.0625, 119.5, 141.5, 148.25, 22.359375, 101.625, 164.875, 28.4375, 51.03125, 106.875, 202.25, 110.375, 17.0, 88.125, 161.5, 104.875, 216.25, 122.4375, 47.0625, 164.25, 87.125, 44.40625, 48.75, 84.875, 70.25, 44.1875, 58.8125, 54.75, 61.84375, 20.59375, 100.625, 194.125, 173.875, 114.0625, 105.1875, 142.75, 108.875, 109.3125, 142.875, 118.875, 118.125, 45.53125, 112.0, 118.625, 38.0, 155.0, 49.96875, 177.0], [88.8125, 186.75, 126.1875, 161.625, 0.0, 138.0, 179.625, 79.125, 47.125, 64.0625, 171.375, 66.0, 176.375, 170.875, 156.625, 20.609375, 158.5, 80.625, 90.4375, 141.875, 120.625, 80.0625, 152.25, 131.0, 129.25, 59.40625, 192.0, 157.125, 29.0, 67.75, 37.34375, 82.25, 64.875, 102.0, 170.125, 80.4375, 101.125, 158.375, 66.5, 73.0, 134.375, 186.75, 128.125, 53.75, 115.3125, 95.875, 144.625, 78.0625, 88.6875, 83.1875, 71.375, 39.0, 88.25, 176.375, 145.625, 165.75, 194.0, 109.0, 110.3125, 64.0625, 154.0, 90.625, 47.53125, 84.0, 73.0625, 99.3125, 76.9375, 106.0, 73.4375, 174.0, 123.4375, 186.0, 79.3125, 14.0390625, 155.0, 83.75, 113.0, 105.625, 67.25, 182.875, 99.8125, 177.75, 124.3125, 177.25, 152.0, 112.0, 159.25, 184.375, 165.5, 74.8125, 180.0, 140.75, 66.625, 171.0, 70.25, 82.0, 59.90625, 147.375, 66.25, 113.4375, 149.875, 179.625, 147.0, 95.375, 149.375, 130.25, 39.34375, 136.125, 52.34375, 125.125, 88.5625, 144.5, 85.0625, 135.0, 84.1875, 187.25, 65.75, 167.5, 141.75, 22.796875, 115.4375, 92.125, 148.375, 107.5, 85.4375, 28.640625, 169.75, 75.6875, 123.875, 145.75, 121.25, 82.625, 77.375, 118.25, 103.125, 71.1875, 96.25, 82.5625, 53.75, 178.125, 162.25, 90.0625, 60.21875, 141.5, 167.25, 32.8125, 98.25, 140.5, 116.75, 85.0, 80.4375, 42.375, 32.25, 94.375, 142.875, 60.0, 86.8125, 159.25, 66.3125, 41.21875, 136.75, 125.875, 165.125, 50.21875, 53.84375, 146.5, 77.3125, 81.0625, 57.3125, 79.0625, 96.3125, 130.0, 3.162109375, 93.0625, 145.625, 120.75, 86.0, 105.9375, 196.875, 170.875, 145.25, 171.0, 141.25, 85.1875, 69.875, 56.3125, 64.0625, 79.125, 68.75, 92.1875, 113.625, 55.9375, 49.8125, 186.125, 123.0625, 98.625, 84.875, 194.0, 186.125, 193.875, 61.59375], [51.0, 64.4375, 47.9375, 94.3125, 138.0, 0.0, 88.8125, 139.75, 131.25, 154.0, 73.0, 76.1875, 97.3125, 38.59375, 42.375, 126.3125, 27.59375, 61.6875, 171.375, 84.1875, 108.1875, 132.0, 57.125, 39.21875, 67.4375, 142.875, 62.1875, 65.25, 140.625, 119.1875, 138.625, 144.5, 84.125, 36.125, 41.71875, 86.5625, 70.0, 87.25, 106.0625, 65.125, 8.9453125, 51.625, 131.75, 85.3125, 104.3125, 123.8125, 90.25, 162.125, 174.125, 55.15625, 111.8125, 142.875, 87.0, 44.09375, 16.546875, 40.8125, 103.5625, 113.0625, 95.4375, 128.375, 24.203125, 52.5625, 128.5, 151.125, 159.75, 120.9375, 77.8125, 132.25, 92.8125, 44.03125, 119.5625, 71.375, 116.0, 139.5, 35.46875, 90.4375, 155.625, 104.125, 71.125, 59.46875, 83.4375, 47.0, 42.5, 48.15625, 66.0, 164.375, 68.1875, 54.21875, 74.8125, 165.5, 42.4375, 102.875, 107.4375, 38.28125, 68.5, 56.09375, 94.6875, 100.0, 85.4375, 105.625, 111.3125, 65.875, 82.1875, 121.8125, 45.28125, 86.8125, 104.9375, 19.234375, 142.625, 29.15625, 124.9375, 82.25, 139.375, 3.0, 143.375, 76.1875, 104.25, 106.5, 56.4375, 116.25, 31.234375, 66.875, 34.53125, 158.75, 70.3125, 134.5, 34.0, 96.875, 85.5, 35.125, 32.8125, 170.125, 127.3125, 33.3125, 140.125, 142.25, 75.8125, 145.375, 107.6875, 40.4375, 80.0, 64.125, 93.4375, 54.59375, 43.59375, 113.4375, 173.875, 50.34375, 97.625, 124.375, 89.0625, 129.75, 111.4375, 147.625, 25.171875, 87.0, 76.0, 74.0, 114.0625, 117.0625, 96.0, 112.6875, 27.890625, 157.5, 89.8125, 80.625, 104.875, 91.8125, 102.875, 157.375, 49.65625, 51.25, 139.125, 123.4375, 50.03125, 57.8125, 60.9375, 47.625, 96.9375, 52.84375, 40.0, 50.78125, 87.9375, 53.15625, 133.625, 117.6875, 74.0, 59.03125, 162.0, 46.6875, 28.65625, 90.5, 89.25, 49.03125, 101.875, 153.0, 150.375, 99.625, 67.0, 86.3125, 118.0625], [102.75, 137.25, 136.125, 26.921875, 179.625, 88.8125, 0.0, 212.5, 148.625, 161.0, 16.03125, 139.625, 14.140625, 65.3125, 127.0625, 177.375, 67.0, 130.25, 165.0, 41.4375, 78.0625, 128.75, 144.625, 58.84375, 155.75, 152.0, 59.375, 152.5, 167.125, 190.375, 196.625, 217.5, 151.25, 104.9375, 116.625, 162.25, 152.5, 25.0, 177.125, 123.1875, 82.0, 110.1875, 94.625, 130.375, 189.375, 203.125, 42.0, 230.625, 243.375, 110.5625, 184.625, 163.875, 93.4375, 112.625, 102.5625, 54.34375, 15.8125, 196.375, 77.9375, 197.625, 106.0625, 125.375, 191.625, 223.625, 227.0, 201.375, 102.75, 111.25, 166.0, 116.125, 85.8125, 32.1875, 191.25, 174.0, 54.21875, 98.4375, 131.625, 87.4375, 121.6875, 132.875, 81.9375, 61.03125, 130.375, 57.875, 29.0, 142.75, 23.015625, 59.5, 161.125, 167.625, 96.0625, 55.71875, 178.5, 108.875, 128.125, 116.5, 161.625, 46.875, 113.375, 82.0625, 55.375, 144.75, 171.0, 109.1875, 132.625, 54.59375, 161.5, 108.0625, 205.875, 116.75, 202.25, 37.65625, 214.0, 89.5, 137.125, 154.25, 174.875, 33.84375, 145.125, 164.25, 114.9375, 87.9375, 54.34375, 139.0, 94.5625, 161.875, 74.125, 107.5625, 60.21875, 54.125, 71.875, 238.375, 201.0, 118.9375, 121.25, 144.25, 83.625, 140.25, 173.375, 83.9375, 17.46875, 90.8125, 160.25, 42.0, 122.25, 147.125, 163.25, 139.125, 183.25, 118.6875, 100.875, 150.25, 165.5, 135.0, 113.0, 151.5, 153.5, 20.609375, 123.75, 177.625, 54.03125, 77.5, 94.4375, 216.625, 126.5, 34.9375, 110.1875, 168.125, 124.5, 227.25, 126.25, 53.0625, 182.0, 112.1875, 42.0625, 59.8125, 97.1875, 79.1875, 18.25, 41.78125, 49.96875, 44.90625, 44.09375, 109.25, 204.25, 184.75, 125.9375, 114.6875, 167.375, 114.5625, 109.75, 153.5, 133.625, 101.5625, 71.0, 138.25, 144.125, 14.421875, 141.875, 23.265625, 187.125], [110.0, 161.75, 102.8125, 203.125, 79.125, 139.75, 212.5, 0.0, 121.25, 142.25, 199.75, 73.25, 214.5, 178.375, 135.5, 60.65625, 166.875, 82.75, 168.875, 184.25, 177.125, 151.125, 121.8125, 154.375, 93.1875, 135.875, 202.0, 122.6875, 107.25, 22.203125, 42.53125, 5.0, 61.40625, 109.6875, 154.0, 53.25, 72.625, 197.75, 35.46875, 89.875, 141.25, 174.25, 191.625, 90.5, 57.5625, 26.921875, 188.875, 25.078125, 35.125, 102.1875, 28.3125, 117.0625, 139.125, 162.25, 138.25, 178.625, 228.375, 46.09375, 163.25, 17.265625, 143.625, 89.25, 32.25, 11.3984375, 25.171875, 32.0, 121.0625, 173.5, 47.5, 158.125, 183.625, 206.75, 24.171875, 92.875, 170.125, 136.625, 186.0, 162.875, 93.5625, 159.625, 148.375, 186.75, 104.9375, 187.625, 183.625, 187.125, 189.625, 193.875, 127.0625, 153.625, 173.625, 191.125, 34.0625, 158.625, 84.875, 96.0625, 51.3125, 195.0, 113.8125, 170.125, 201.5, 150.5, 102.0625, 161.0, 125.4375, 176.25, 59.4375, 127.5, 28.84375, 114.0625, 20.09375, 185.375, 6.40234375, 137.25, 158.0, 154.5, 37.65625, 212.375, 111.1875, 70.0, 108.75, 131.0, 165.625, 182.0, 125.6875, 105.25, 173.375, 132.125, 170.375, 164.125, 141.5, 32.5625, 12.53125, 107.9375, 173.5, 146.25, 141.0, 157.125, 41.21875, 177.125, 197.25, 126.6875, 52.6875, 170.5, 148.375, 96.0625, 176.375, 113.5, 63.125, 152.875, 132.5, 116.25, 60.3125, 168.0, 130.25, 61.59375, 63.8125, 192.375, 131.875, 44.1875, 185.125, 183.125, 159.625, 42.625, 100.0, 186.125, 137.875, 48.03125, 116.75, 19.234375, 90.625, 159.625, 76.5625, 159.5, 171.375, 154.75, 118.3125, 133.75, 226.5, 188.5, 166.125, 187.375, 185.375, 103.4375, 10.046875, 30.359375, 89.5, 98.25, 147.5, 99.0, 111.25, 60.40625, 89.1875, 177.5, 176.625, 173.0, 160.25, 226.375, 159.0, 219.25, 26.40625], [81.0, 190.125, 136.375, 126.6875, 47.125, 131.25, 148.625, 121.25, 0.0, 25.5, 143.75, 78.875, 142.625, 156.25, 161.0, 61.0, 144.875, 89.125, 50.53125, 107.9375, 79.375, 33.09375, 162.375, 111.1875, 145.75, 15.65625, 174.125, 169.0, 21.265625, 105.125, 82.5, 125.125, 84.875, 99.3125, 170.0, 104.8125, 119.5, 125.0, 99.0, 75.4375, 125.0, 182.875, 82.8125, 53.0625, 144.5, 132.5, 109.25, 124.1875, 135.375, 79.25, 106.0625, 15.234375, 55.90625, 174.375, 143.25, 148.375, 161.375, 141.375, 72.4375, 104.5625, 152.25, 97.3125, 89.0625, 128.0, 119.1875, 134.75, 54.75, 59.6875, 100.1875, 173.25, 79.875, 162.0, 115.0, 34.4375, 137.375, 50.8125, 66.125, 65.1875, 65.8125, 185.625, 66.9375, 161.625, 132.625, 160.375, 124.125, 66.0, 131.375, 167.25, 178.625, 38.28125, 173.125, 101.875, 99.625, 168.625, 75.75, 82.125, 85.9375, 109.6875, 45.875, 72.6875, 109.875, 186.125, 165.75, 50.34375, 156.125, 95.0625, 66.4375, 136.0, 97.3125, 128.5, 126.125, 111.3125, 126.5625, 128.375, 37.34375, 195.25, 97.4375, 130.25, 153.25, 51.625, 118.1875, 69.1875, 130.25, 61.125, 63.5, 18.78125, 157.75, 41.59375, 88.9375, 127.25, 105.375, 129.25, 116.5625, 122.5625, 56.09375, 25.015625, 67.375, 36.0625, 86.375, 168.125, 131.375, 69.75, 85.4375, 116.5, 169.125, 27.734375, 57.0, 150.25, 143.75, 39.21875, 49.25, 5.0, 62.59375, 47.53125, 144.0, 80.25, 106.8125, 129.75, 25.078125, 77.9375, 99.3125, 83.875, 159.125, 97.25, 43.84375, 113.8125, 38.625, 107.8125, 28.640625, 124.5, 103.6875, 106.125, 50.28125, 47.625, 122.1875, 95.25, 70.625, 87.9375, 166.75, 150.0, 125.0625, 151.0, 106.25, 81.0, 111.375, 93.5625, 65.3125, 76.875, 33.25, 93.1875, 114.25, 77.4375, 50.21875, 180.0, 83.5, 52.15625, 39.0625, 162.5, 190.875, 166.5, 98.8125], [104.8125, 214.375, 161.625, 136.75, 64.0625, 154.0, 161.0, 142.25, 25.5, 0.0, 158.25, 104.375, 153.0, 176.375, 185.5, 81.5625, 165.375, 114.5625, 26.6875, 119.5, 85.6875, 32.90625, 187.625, 130.375, 171.25, 11.1796875, 192.625, 194.25, 35.125, 127.75, 101.3125, 145.625, 110.125, 123.5, 193.75, 129.875, 145.0, 136.25, 122.75, 100.6875, 147.25, 205.625, 81.8125, 78.5, 169.25, 155.625, 119.625, 142.0, 152.25, 103.75, 129.5, 25.171875, 72.5625, 197.625, 166.875, 167.5, 172.25, 165.5, 83.0, 126.125, 175.75, 122.5625, 110.0, 147.875, 137.0, 158.25, 76.3125, 57.6875, 124.9375, 196.75, 82.75, 178.0, 138.25, 50.03125, 156.75, 67.75, 54.375, 73.75, 90.9375, 209.75, 82.0625, 181.0, 157.75, 179.5, 139.0, 50.34375, 146.125, 186.25, 204.0, 12.8046875, 195.25, 109.4375, 123.3125, 191.875, 101.125, 107.0, 110.5625, 118.0, 68.875, 80.0625, 115.6875, 210.75, 191.25, 53.5, 181.0, 106.375, 90.375, 160.0, 116.375, 153.125, 149.0, 123.3125, 147.875, 151.25, 28.421875, 220.0, 121.3125, 138.25, 178.5, 74.3125, 142.875, 89.3125, 149.625, 46.96875, 84.4375, 37.09375, 178.625, 59.21875, 100.8125, 146.5, 126.25, 146.125, 138.75, 147.375, 50.34375, 17.09375, 84.875, 25.5, 109.9375, 189.5, 144.125, 90.75, 110.125, 133.25, 193.125, 52.6875, 34.25, 175.375, 168.75, 42.71875, 67.4375, 29.40625, 85.8125, 36.875, 168.25, 105.375, 132.25, 143.5, 41.0, 100.3125, 108.4375, 88.75, 181.625, 113.3125, 68.875, 126.125, 53.25, 132.625, 51.46875, 143.125, 129.0, 123.8125, 67.0, 50.34375, 139.5, 112.625, 93.125, 108.8125, 179.25, 167.75, 143.75, 169.125, 117.0625, 105.375, 132.625, 116.0625, 90.625, 101.625, 8.0625, 118.0, 138.625, 102.375, 75.6875, 202.25, 91.5, 39.125, 25.0, 174.125, 215.25, 180.625, 121.4375], [90.625, 121.8125, 120.5, 33.96875, 171.375, 73.0, 16.03125, 199.75, 143.75, 158.25, 0.0, 127.3125, 27.515625, 50.0, 111.0625, 167.625, 51.03125, 117.0625, 164.875, 41.21875, 79.3125, 127.0, 128.625, 45.34375, 140.125, 148.625, 47.375, 136.5, 161.125, 177.625, 186.0, 204.75, 138.625, 91.0, 100.8125, 148.625, 137.875, 28.84375, 164.25, 111.125, 66.4375, 95.1875, 98.625, 120.4375, 174.375, 189.125, 44.0, 218.5, 231.25, 98.375, 171.625, 158.625, 87.875, 97.0625, 86.5625, 38.625, 30.671875, 181.75, 76.125, 185.25, 90.0, 111.625, 180.125, 211.0, 215.125, 187.25, 94.5625, 112.375, 152.75, 100.4375, 88.5625, 22.359375, 177.875, 166.75, 38.21875, 92.9375, 134.25, 86.3125, 110.625, 117.25, 76.9375, 46.53125, 114.8125, 43.375, 19.640625, 145.125, 12.3671875, 46.03125, 145.125, 166.0, 80.9375, 59.5, 165.625, 93.1875, 116.0625, 103.9375, 149.25, 51.46875, 105.3125, 82.0625, 61.84375, 129.0, 155.125, 108.4375, 116.625, 53.59375, 150.625, 92.1875, 194.5, 101.1875, 188.625, 37.09375, 200.875, 73.75, 136.25, 138.625, 162.125, 44.21875, 129.25, 154.75, 99.8125, 79.1875, 38.59375, 140.875, 85.9375, 155.625, 58.6875, 102.1875, 58.125, 38.625, 58.25, 226.375, 188.0, 103.625, 122.375, 142.0, 76.9375, 139.25, 161.25, 68.9375, 17.5, 81.4375, 147.75, 30.234375, 106.375, 139.5, 163.875, 123.1875, 168.25, 117.0625, 94.8125, 144.75, 155.125, 135.375, 97.0, 139.375, 139.5, 15.296875, 119.375, 166.375, 55.96875, 80.0, 78.625, 206.0, 117.625, 33.96875, 105.9375, 154.375, 118.0, 215.0, 112.0625, 41.875, 173.5, 111.375, 28.3125, 50.5625, 86.8125, 67.8125, 26.875, 26.578125, 34.875, 29.734375, 44.9375, 96.875, 191.75, 172.5, 114.8125, 102.625, 165.125, 101.0625, 94.8125, 141.5, 123.8125, 86.75, 71.8125, 139.125, 143.375, 27.296875, 126.3125, 22.796875, 174.625], [36.875, 120.8125, 60.84375, 130.0, 66.0, 76.1875, 139.625, 73.25, 78.875, 104.375, 127.3125, 0.0, 141.25, 112.75, 90.6875, 51.0, 100.4375, 15.0, 128.75, 111.375, 108.875, 97.875, 87.1875, 82.125, 67.25, 94.1875, 135.625, 92.8125, 78.25, 51.03125, 62.625, 78.25, 12.0859375, 40.84375, 104.5625, 30.0625, 40.59375, 124.5625, 38.09375, 16.640625, 74.6875, 122.0, 127.0, 27.3125, 69.625, 68.875, 116.3125, 91.3125, 103.9375, 29.0625, 46.0625, 84.375, 71.1875, 111.1875, 81.0625, 110.5, 155.375, 70.0625, 94.1875, 58.0625, 89.0, 25.015625, 53.84375, 84.1875, 87.9375, 68.875, 52.15625, 113.625, 29.609375, 108.4375, 117.1875, 136.25, 53.84375, 71.5625, 100.875, 70.0, 131.625, 96.125, 22.203125, 116.9375, 78.4375, 120.5625, 58.53125, 120.8125, 110.625, 136.125, 116.75, 127.625, 101.8125, 117.125, 116.625, 119.875, 39.4375, 106.0625, 11.6640625, 23.4375, 22.015625, 122.9375, 48.375, 102.5, 130.25, 113.875, 87.0, 100.4375, 83.5, 104.1875, 29.0625, 71.0, 68.25, 59.40625, 65.8125, 112.375, 75.3125, 73.25, 107.8125, 121.875, 35.84375, 139.5, 77.0, 43.1875, 50.03125, 59.125, 95.4375, 130.375, 54.5625, 72.8125, 109.75, 68.5625, 98.6875, 93.5, 69.6875, 99.1875, 62.25, 52.46875, 116.6875, 100.0, 70.0625, 108.25, 34.0625, 116.5, 124.0, 54.4375, 20.609375, 97.6875, 101.4375, 52.34375, 134.25, 75.125, 67.375, 95.625, 66.0, 75.0625, 36.0, 116.25, 77.3125, 12.0390625, 28.640625, 119.3125, 75.9375, 41.21875, 113.5625, 115.0, 101.625, 81.9375, 38.625, 113.0, 76.3125, 35.0, 59.25, 87.6875, 30.40625, 86.5625, 66.3125, 100.0, 99.0625, 81.5625, 45.6875, 60.59375, 154.125, 118.75, 94.8125, 118.0, 112.75, 30.40625, 64.6875, 45.28125, 19.0, 25.0, 111.9375, 29.734375, 49.15625, 14.765625, 29.15625, 122.25, 107.0625, 122.0, 112.6875, 153.625, 120.1875, 147.625, 47.5], [104.5625, 149.125, 143.5, 16.28125, 176.375, 97.3125, 14.140625, 214.5, 142.625, 153.0, 27.515625, 141.25, 0.0, 77.5, 137.125, 175.875, 77.8125, 133.125, 155.25, 34.875, 68.375, 120.4375, 154.0, 63.5625, 163.125, 144.625, 73.25, 162.0, 161.875, 192.25, 195.875, 219.5, 153.125, 109.25, 127.875, 165.625, 157.625, 18.03125, 179.125, 124.625, 89.8125, 122.6875, 82.875, 129.375, 194.875, 206.75, 33.53125, 231.375, 244.125, 112.3125, 186.875, 157.875, 88.6875, 124.4375, 112.0, 66.0, 19.234375, 201.125, 70.5, 199.0, 116.1875, 129.25, 191.875, 225.375, 227.625, 205.25, 100.25, 101.0625, 168.75, 127.6875, 75.0, 46.21875, 194.0, 169.75, 64.1875, 93.5625, 120.5, 79.3125, 122.0, 144.625, 77.0, 73.9375, 137.625, 70.75, 32.5625, 131.5, 29.15625, 72.9375, 171.0, 159.0, 108.4375, 45.0, 180.625, 120.4375, 129.625, 118.75, 163.25, 36.0, 110.625, 73.1875, 42.96875, 156.0, 179.375, 100.3125, 142.0, 47.53125, 161.25, 116.5, 205.875, 124.125, 205.25, 31.90625, 216.375, 97.625, 128.125, 165.75, 177.0, 20.125, 153.75, 162.5, 121.3125, 86.3125, 63.03125, 128.25, 92.75, 157.0, 86.125, 102.4375, 53.71875, 62.1875, 76.3125, 239.0, 203.25, 125.625, 111.0, 136.125, 80.1875, 131.25, 174.5, 96.4375, 18.03125, 89.8125, 161.875, 45.875, 133.25, 143.625, 153.0, 147.625, 189.125, 110.4375, 96.375, 144.625, 164.75, 125.1875, 122.125, 153.0, 157.375, 23.765625, 117.5625, 177.625, 44.71875, 67.0, 105.75, 215.75, 124.3125, 30.0, 104.0, 171.375, 120.0625, 228.375, 130.75, 55.46875, 178.875, 103.4375, 48.0625, 59.8125, 97.0625, 80.6875, 28.859375, 54.09375, 57.4375, 57.25, 36.40625, 111.25, 205.75, 185.875, 126.25, 116.25, 159.0, 118.0625, 115.8125, 154.625, 132.375, 114.25, 61.8125, 128.0, 134.875, 22.09375, 153.625, 36.90625, 188.625], [82.0625, 72.0, 83.625, 81.0, 170.875, 38.59375, 65.3125, 178.375, 156.25, 176.375, 50.0, 112.75, 77.5, 0.0, 65.25, 161.25, 12.3671875, 98.875, 189.5, 79.25, 113.0, 149.625, 84.4375, 46.1875, 102.0625, 165.5, 23.59375, 91.5, 169.0, 157.625, 175.375, 183.125, 121.6875, 71.875, 52.0, 125.125, 108.3125, 74.4375, 144.375, 99.75, 38.09375, 45.3125, 135.75, 117.125, 141.375, 162.25, 84.375, 200.5, 212.5, 88.0625, 150.375, 169.625, 104.375, 47.375, 44.9375, 12.203125, 77.125, 150.75, 103.9375, 166.75, 44.9375, 90.375, 166.0, 189.75, 198.0, 159.125, 101.625, 142.875, 131.25, 51.09375, 124.0, 38.46875, 154.625, 170.375, 20.59375, 108.9375, 166.375, 114.125, 103.75, 67.625, 96.9375, 8.484375, 78.875, 10.296875, 54.21875, 176.375, 51.96875, 15.6171875, 99.0625, 186.5, 31.015625, 99.75, 145.75, 44.0, 103.75, 90.8125, 132.375, 93.875, 111.25, 112.875, 105.4375, 80.0, 113.3125, 135.125, 72.8125, 87.3125, 140.75, 54.03125, 180.25, 66.5, 163.5, 75.8125, 178.0, 41.0625, 160.5, 89.25, 142.5, 92.5625, 87.6875, 150.25, 69.8125, 87.3125, 27.3125, 171.375, 92.75, 163.0, 9.0, 117.125, 88.8125, 30.46875, 51.09375, 208.5, 165.875, 71.5, 152.125, 162.375, 92.0625, 162.875, 145.375, 19.234375, 63.9375, 86.5625, 131.0, 49.8125, 58.21875, 143.125, 190.5, 81.8125, 134.5, 140.625, 108.9375, 155.75, 146.875, 162.5, 55.5625, 124.0625, 114.625, 58.65625, 135.375, 154.0, 94.0625, 115.875, 30.265625, 194.625, 119.125, 73.125, 123.75, 130.375, 127.75, 195.875, 88.0, 55.0, 172.25, 137.375, 42.625, 65.8125, 87.0, 68.375, 67.1875, 23.53125, 34.46875, 20.390625, 83.5, 86.125, 172.0, 155.625, 107.25, 92.4375, 184.125, 83.0, 67.125, 127.375, 121.0625, 37.125, 105.625, 167.25, 167.75, 72.0, 76.625, 54.59375, 156.25], [81.1875, 30.078125, 33.25, 135.75, 156.625, 42.375, 127.0625, 135.5, 161.0, 185.5, 111.0625, 90.6875, 137.125, 65.25, 0.0, 140.75, 60.21875, 76.25, 205.625, 126.5, 149.625, 167.75, 19.71875, 81.625, 44.40625, 174.5, 85.0, 26.25, 166.125, 118.6875, 147.0, 139.5, 93.625, 62.1875, 19.421875, 86.375, 63.78125, 128.75, 107.5625, 86.8125, 51.25, 39.96875, 173.0, 109.5625, 86.3125, 113.3125, 132.625, 160.125, 170.5, 81.8125, 110.625, 170.375, 124.625, 28.015625, 25.96875, 73.6875, 140.625, 97.625, 136.25, 128.75, 21.03125, 66.4375, 134.125, 146.125, 158.875, 109.1875, 111.9375, 171.5, 94.25, 23.328125, 160.875, 103.5625, 111.5625, 161.625, 73.0, 127.3125, 194.375, 144.25, 95.6875, 26.3125, 123.0, 72.75, 33.0625, 75.3125, 107.1875, 202.375, 108.375, 78.5625, 34.125, 197.75, 44.03125, 145.25, 108.6875, 26.171875, 88.0, 79.1875, 102.125, 142.375, 117.1875, 146.5, 153.75, 25.5, 49.65625, 160.25, 10.296875, 129.125, 118.6875, 27.015625, 146.625, 32.65625, 117.0625, 124.4375, 133.125, 43.46875, 179.125, 35.375, 106.375, 148.0, 26.40625, 133.875, 42.9375, 104.125, 74.4375, 196.75, 106.0625, 160.25, 56.625, 132.375, 127.5, 75.8125, 74.25, 167.875, 123.25, 39.0, 178.625, 176.0, 114.625, 180.75, 114.0, 52.84375, 120.625, 100.4375, 101.1875, 96.5625, 13.0, 138.75, 209.25, 22.359375, 79.0625, 161.25, 125.1875, 158.5, 125.9375, 184.5, 18.59375, 98.0, 76.125, 114.625, 147.875, 126.125, 138.375, 154.375, 35.46875, 163.375, 117.3125, 122.75, 140.75, 89.9375, 134.25, 154.5, 60.4375, 93.625, 157.0, 161.5, 91.4375, 99.75, 94.875, 86.625, 131.875, 86.8125, 81.0625, 84.0, 130.25, 80.125, 132.0, 121.3125, 97.0625, 84.25, 193.625, 68.0, 46.875, 102.125, 113.1875, 45.34375, 143.625, 190.25, 185.75, 136.0, 29.96875, 119.625, 119.8125], [80.0625, 170.625, 109.125, 162.0, 20.609375, 126.3125, 177.375, 60.65625, 61.0, 81.5625, 167.625, 51.0, 175.875, 161.25, 140.75, 0.0, 148.875, 66.0, 108.25, 142.125, 126.0625, 92.25, 134.75, 124.75, 110.5625, 75.25, 183.5, 139.125, 46.84375, 47.40625, 22.46875, 64.25, 47.3125, 90.25, 155.375, 60.90625, 82.4375, 158.0, 45.96875, 61.625, 123.75, 173.0, 136.875, 47.15625, 94.75, 75.5625, 145.75, 64.0, 75.875, 73.375, 50.8125, 56.5, 90.4375, 162.125, 132.0, 157.5, 192.375, 88.4375, 114.0625, 44.65625, 140.0, 76.0, 28.4375, 67.0, 59.1875, 78.875, 75.6875, 116.5, 53.53125, 159.375, 130.625, 180.25, 58.84375, 33.09375, 147.125, 86.625, 126.6875, 111.125, 58.3125, 167.0, 101.4375, 168.625, 107.875, 168.625, 149.0, 127.0, 155.875, 175.625, 147.125, 93.125, 167.375, 144.0, 46.0, 157.0, 57.875, 70.625, 40.71875, 149.625, 65.8125, 118.875, 153.75, 162.75, 127.625, 104.6875, 132.75, 131.625, 22.09375, 122.0, 36.6875, 110.25, 68.4375, 144.375, 66.3125, 123.3125, 98.1875, 169.875, 45.28125, 169.125, 123.9375, 13.453125, 101.0, 89.625, 141.0, 122.125, 83.125, 44.5625, 159.25, 79.9375, 125.3125, 138.5, 113.875, 69.875, 57.59375, 103.25, 115.125, 86.0, 96.1875, 97.0625, 33.3125, 166.75, 160.375, 86.625, 41.21875, 137.375, 152.0, 38.28125, 115.75, 123.25, 96.3125, 95.3125, 82.8125, 56.0, 15.0, 108.3125, 128.25, 42.75, 68.125, 156.875, 74.9375, 20.609375, 139.125, 131.75, 152.375, 40.8125, 51.625, 145.875, 83.625, 61.03125, 62.1875, 63.78125, 81.125, 125.6875, 19.109375, 102.8125, 140.5, 117.625, 80.75, 100.25, 193.875, 164.0, 138.75, 163.75, 142.125, 75.3125, 51.0, 35.84375, 54.4375, 68.9375, 87.0625, 79.625, 100.0625, 38.625, 43.84375, 173.125, 127.3125, 113.125, 100.0, 191.875, 169.625, 189.5, 41.1875], [69.75, 72.125, 74.4375, 78.75, 158.5, 27.59375, 67.0, 166.875, 144.875, 165.375, 51.03125, 100.4375, 77.8125, 12.3671875, 60.21875, 148.875, 0.0, 86.75, 179.375, 74.0625, 105.5625, 139.5, 78.4375, 36.25, 93.5, 154.5, 35.34375, 86.0, 157.125, 145.875, 163.0, 171.625, 109.5625, 59.625, 50.21875, 113.625, 97.5625, 71.875, 132.625, 87.375, 25.9375, 48.59375, 128.75, 104.8125, 131.625, 151.375, 79.625, 188.625, 200.75, 75.6875, 138.75, 157.875, 94.0, 47.53125, 37.0, 13.9296875, 80.375, 140.625, 95.4375, 154.875, 39.21875, 78.375, 153.875, 178.25, 186.125, 148.5, 90.125, 134.25, 119.5625, 50.28125, 116.75, 44.78125, 143.25, 158.25, 14.3203125, 98.375, 157.875, 105.375, 91.4375, 67.375, 87.1875, 20.125, 69.3125, 20.8125, 50.5625, 167.625, 50.0, 27.296875, 94.3125, 175.875, 34.71875, 94.375, 134.0, 43.0, 91.375, 78.4375, 120.3125, 89.375, 99.5, 104.8125, 101.0, 78.25, 106.25, 125.8125, 66.5, 80.6875, 128.375, 44.78125, 168.125, 56.40625, 152.375, 71.0, 166.625, 29.734375, 150.5, 88.0625, 130.75, 90.75, 80.3125, 137.875, 58.71875, 76.1875, 19.109375, 162.375, 81.375, 151.125, 13.4140625, 106.3125, 81.375, 21.9375, 39.46875, 196.75, 154.375, 60.875, 143.25, 151.75, 81.6875, 152.875, 133.25, 25.234375, 62.375, 75.125, 118.9375, 43.40625, 55.4375, 131.0, 180.75, 74.3125, 124.875, 130.625, 98.0625, 144.125, 134.5, 153.0, 47.75, 111.875, 103.25, 56.625, 124.4375, 141.75, 88.25, 108.875, 28.15625, 182.375, 107.0, 68.625, 113.1875, 119.0, 116.25, 184.125, 76.25, 46.40625, 160.0, 127.9375, 36.625, 56.59375, 75.125, 56.875, 72.0625, 26.921875, 26.90625, 24.359375, 78.25, 73.75, 160.25, 143.625, 94.9375, 80.0625, 173.25, 70.75, 55.59375, 115.1875, 108.75, 41.71875, 98.375, 158.0, 157.75, 75.8125, 76.25, 60.40625, 144.375], [29.40625, 106.3125, 47.71875, 123.0625, 80.625, 61.6875, 130.25, 82.75, 89.125, 114.5625, 117.0625, 15.0, 133.125, 98.875, 76.25, 66.0, 86.75, 0.0, 137.75, 105.3125, 108.0, 104.3125, 74.125, 71.6875, 57.0, 103.9375, 122.0625, 80.1875, 90.9375, 60.8125, 76.9375, 87.75, 22.828125, 27.453125, 89.6875, 32.6875, 33.53125, 117.1875, 47.375, 15.234375, 60.84375, 107.0, 127.875, 36.0625, 68.0, 73.8125, 110.6875, 102.8125, 115.25, 22.359375, 54.5625, 96.25, 71.6875, 96.1875, 66.0625, 97.4375, 146.0, 71.0, 93.0, 69.0, 74.0, 10.046875, 67.125, 94.0625, 99.875, 72.8125, 53.15625, 117.0625, 35.8125, 93.5625, 117.25, 124.3125, 61.03125, 85.4375, 88.25, 71.5625, 136.75, 96.5, 25.0625, 102.375, 77.0, 106.875, 44.71875, 107.375, 101.5, 142.25, 107.1875, 114.0625, 89.625, 127.25, 101.6875, 116.125, 48.78125, 91.0625, 13.453125, 15.296875, 33.625, 118.125, 52.40625, 102.125, 126.5, 99.9375, 77.4375, 104.0625, 69.4375, 99.6875, 44.03125, 56.0, 81.375, 44.5625, 72.1875, 105.875, 83.875, 58.8125, 114.9375, 108.25, 45.28125, 133.375, 64.375, 57.875, 35.0625, 56.15625, 83.25, 136.375, 53.03125, 85.25, 95.5, 72.125, 94.75, 81.5625, 58.78125, 110.8125, 70.9375, 37.65625, 121.25, 108.4375, 68.0, 115.6875, 46.53125, 101.875, 115.4375, 51.15625, 32.25, 88.25, 86.6875, 64.0625, 142.75, 61.90625, 64.25, 100.75, 67.9375, 85.8125, 51.0, 122.5625, 62.40625, 25.296875, 26.171875, 110.375, 82.5, 55.375, 109.4375, 114.0, 86.6875, 95.875, 46.21875, 106.125, 80.4375, 38.46875, 66.3125, 98.6875, 15.8125, 77.6875, 81.0625, 104.0625, 88.75, 74.3125, 42.09375, 52.8125, 143.875, 106.375, 83.4375, 105.4375, 107.1875, 22.796875, 75.0625, 57.125, 24.203125, 20.0, 122.375, 16.40625, 34.25, 28.859375, 39.0625, 107.3125, 105.1875, 128.375, 120.375, 143.875, 105.9375, 136.5, 58.40625], [124.5, 233.625, 183.875, 139.125, 90.4375, 171.375, 165.0, 168.875, 50.53125, 26.6875, 164.875, 128.75, 155.25, 189.5, 205.625, 108.25, 179.375, 137.75, 0.0, 124.1875, 87.0, 39.9375, 209.375, 143.375, 194.75, 34.875, 203.5, 216.375, 61.65625, 154.375, 127.75, 172.25, 135.375, 143.5, 212.125, 155.25, 169.25, 140.0, 149.125, 123.25, 163.875, 222.375, 75.9375, 102.0, 195.0, 182.125, 123.0, 168.125, 178.0, 124.5625, 155.875, 51.78125, 85.5, 215.375, 185.25, 179.625, 174.375, 191.75, 88.9375, 152.875, 194.125, 145.125, 136.75, 174.375, 163.125, 184.75, 94.0625, 54.34375, 150.75, 215.0, 80.75, 186.0, 164.75, 76.4375, 169.25, 81.375, 40.3125, 78.625, 113.25, 228.875, 92.625, 193.25, 179.625, 191.375, 146.625, 31.890625, 153.25, 197.75, 226.25, 16.125, 211.125, 110.3125, 149.75, 209.625, 124.3125, 128.75, 136.375, 119.25, 88.625, 83.125, 114.4375, 231.125, 215.0, 56.4375, 202.0, 111.375, 116.625, 179.375, 142.75, 173.75, 175.625, 128.25, 174.5, 168.75, 29.125, 240.75, 147.625, 138.125, 200.875, 100.875, 163.625, 104.6875, 162.25, 31.390625, 101.0, 63.78125, 192.75, 74.4375, 106.8125, 159.125, 141.375, 172.0, 165.375, 168.5, 44.5625, 29.734375, 97.6875, 26.578125, 136.375, 204.25, 149.25, 107.1875, 136.0, 143.125, 212.25, 78.25, 8.25, 197.25, 194.25, 49.03125, 82.375, 55.03125, 112.25, 30.0625, 187.75, 130.75, 157.0, 149.625, 57.8125, 126.9375, 111.0, 88.375, 198.25, 139.0, 91.5625, 131.25, 66.625, 158.375, 72.125, 169.375, 151.375, 135.0, 93.3125, 53.59375, 149.875, 123.9375, 111.25, 124.375, 183.0, 178.0, 155.625, 179.75, 121.0625, 126.0625, 159.25, 142.75, 113.5625, 123.0625, 22.015625, 139.375, 159.0, 127.9375, 99.625, 218.25, 94.0, 27.890625, 21.84375, 177.125, 235.0, 186.375, 148.125], [75.9375, 144.875, 125.0625, 19.84375, 141.875, 84.1875, 41.4375, 184.25, 107.9375, 119.5, 41.21875, 111.375, 34.875, 79.25, 126.5, 142.125, 74.0625, 105.3125, 124.1875, 0.0, 38.09375, 87.375, 140.625, 45.125, 144.0, 110.625, 85.25, 148.875, 127.0625, 162.125, 162.75, 189.125, 123.4375, 85.0, 122.125, 138.0, 133.5, 17.09375, 149.375, 94.8125, 75.4375, 122.625, 58.1875, 96.5625, 170.875, 179.0, 6.08203125, 199.625, 212.375, 83.375, 157.375, 123.125, 53.84375, 120.9375, 100.5625, 67.1875, 53.5, 175.625, 36.5, 168.125, 107.0, 103.3125, 159.75, 194.875, 195.625, 178.125, 66.4375, 71.1875, 140.125, 123.0, 47.53125, 63.25, 165.0, 135.0, 60.0, 58.65625, 93.0, 46.09375, 90.75, 140.0, 42.1875, 79.375, 119.0625, 76.6875, 25.8125, 103.875, 30.875, 81.625, 158.625, 126.3125, 108.625, 20.515625, 150.75, 115.875, 99.75, 90.25, 133.0, 15.8125, 76.5, 41.125, 27.3125, 148.875, 162.25, 68.0, 129.125, 13.15625, 128.875, 102.0, 173.5, 106.3125, 176.75, 4.125, 186.625, 83.4375, 96.0, 159.125, 147.125, 28.171875, 137.875, 128.75, 101.0, 53.59375, 55.21875, 99.6875, 59.65625, 122.0625, 86.0625, 67.5625, 18.96875, 52.84375, 55.09375, 207.0, 173.625, 106.0, 81.1875, 102.8125, 46.0, 99.0, 143.375, 97.9375, 25.015625, 57.6875, 131.625, 30.890625, 125.9375, 109.0625, 122.9375, 132.125, 165.75, 77.3125, 61.59375, 109.75, 131.75, 94.4375, 109.125, 122.6875, 131.0, 25.96875, 82.875, 145.375, 15.265625, 39.0, 101.1875, 182.5, 90.5, 7.28125, 69.3125, 143.75, 85.25, 197.0, 106.125, 33.375, 144.375, 71.0, 37.4375, 31.578125, 65.875, 52.875, 59.6875, 60.21875, 47.5, 62.8125, 4.2421875, 82.625, 175.125, 154.75, 94.875, 86.8125, 125.875, 91.9375, 95.0, 123.8125, 99.1875, 115.4375, 30.59375, 98.0, 103.0, 54.8125, 148.5, 62.125, 158.0], [80.625, 172.25, 140.125, 52.15625, 120.625, 108.1875, 78.0625, 177.125, 79.375, 85.6875, 79.3125, 108.875, 68.375, 113.0, 149.625, 126.0625, 105.5625, 108.0, 87.0, 38.09375, 0.0, 52.8125, 160.375, 70.8125, 157.125, 78.3125, 122.125, 168.5, 100.25, 156.0, 148.25, 181.875, 120.5, 96.0625, 149.25, 138.5, 140.375, 53.09375, 144.75, 94.125, 99.3125, 153.5, 23.59375, 86.6875, 176.0, 177.5, 36.125, 188.25, 200.75, 86.125, 153.0, 94.3125, 38.09375, 149.625, 124.5625, 101.5, 87.5625, 178.375, 15.03125, 160.0, 132.25, 109.5625, 148.625, 186.625, 183.75, 177.75, 56.875, 33.25, 138.5, 150.875, 11.3984375, 101.25, 161.625, 111.0, 92.625, 40.5, 55.03125, 15.0, 86.6875, 167.25, 31.015625, 114.5625, 134.375, 112.1875, 62.78125, 65.8125, 68.625, 117.75, 178.75, 90.8125, 140.125, 23.765625, 146.0, 144.125, 98.3125, 93.0625, 128.125, 32.5625, 63.25, 7.2109375, 30.53125, 174.0, 177.125, 32.28125, 149.875, 26.40625, 118.125, 123.0, 161.0, 123.5, 173.75, 42.1875, 180.625, 106.5625, 59.84375, 184.25, 142.625, 52.5, 155.375, 112.875, 115.75, 52.25, 86.5625, 61.625, 55.0, 96.3125, 118.5625, 46.15625, 24.203125, 83.625, 75.5, 195.0, 168.125, 121.125, 43.28125, 68.625, 40.125, 62.96875, 136.0, 130.625, 62.8125, 57.21875, 126.875, 63.25, 151.75, 88.8125, 85.1875, 150.0, 172.125, 43.09375, 44.59375, 82.4375, 119.0, 57.0, 131.125, 118.25, 134.0, 64.0, 55.21875, 134.5, 24.015625, 6.08203125, 130.25, 166.75, 77.25, 45.34375, 43.28125, 143.75, 64.0625, 186.75, 114.125, 59.40625, 123.5625, 35.4375, 70.4375, 50.59375, 66.125, 64.25, 96.0, 96.625, 78.875, 98.875, 34.53125, 86.3125, 167.25, 146.75, 90.125, 88.0, 91.1875, 99.0, 109.75, 118.125, 87.9375, 147.125, 7.6171875, 60.21875, 66.5, 90.125, 175.125, 99.875, 150.875], [87.0, 195.125, 148.25, 104.125, 80.0625, 132.0, 128.75, 151.125, 33.09375, 32.90625, 127.0, 97.875, 120.4375, 149.625, 167.75, 92.25, 139.5, 104.3125, 39.9375, 87.375, 52.8125, 0.0, 172.875, 103.4375, 160.875, 26.40625, 164.0, 180.25, 53.84375, 133.125, 114.3125, 155.25, 106.625, 106.0625, 173.25, 126.8125, 137.25, 103.9375, 125.1875, 89.1875, 124.3125, 182.875, 50.90625, 70.5625, 167.0, 159.25, 87.125, 156.125, 167.625, 88.25, 132.875, 45.59375, 45.625, 176.125, 146.375, 139.875, 139.625, 165.625, 51.03125, 134.0, 155.25, 110.375, 119.4375, 158.75, 151.25, 161.0, 55.875, 27.015625, 123.6875, 175.875, 50.25, 147.5, 141.875, 67.5625, 129.375, 41.6875, 35.0625, 41.3125, 79.25, 190.25, 52.875, 153.5, 143.5, 151.625, 108.25, 38.28125, 115.125, 158.125, 190.375, 39.0, 171.25, 76.5625, 126.0, 170.25, 91.25, 93.25, 110.1875, 85.1875, 52.4375, 47.3125, 82.875, 193.25, 181.5, 20.609375, 164.75, 74.25, 93.25, 141.125, 128.875, 136.5, 153.625, 91.25, 156.0, 129.5, 11.3984375, 203.0, 123.3125, 105.3125, 165.125, 81.25, 126.6875, 65.1875, 122.375, 32.5625, 62.0, 51.90625, 152.875, 35.46875, 69.0, 119.1875, 101.5625, 161.5, 145.125, 131.75, 23.09375, 15.8125, 57.78125, 13.4140625, 113.4375, 164.25, 112.1875, 68.0, 109.4375, 103.75, 173.625, 55.03125, 41.875, 161.125, 165.125, 10.046875, 43.0, 37.6875, 91.0, 18.390625, 149.625, 102.625, 126.4375, 112.0, 21.9375, 107.0, 75.6875, 55.9375, 158.625, 130.0, 59.25, 94.1875, 27.203125, 130.75, 38.625, 156.0, 116.5, 95.3125, 83.1875, 17.46875, 110.4375, 84.1875, 72.9375, 84.75, 147.0, 138.625, 115.8125, 140.25, 84.6875, 89.5, 141.125, 122.0625, 80.5, 87.4375, 38.625, 103.25, 121.625, 100.6875, 69.25, 178.5, 58.6875, 24.171875, 18.359375, 141.75, 196.625, 149.0, 127.125], [86.0625, 40.03125, 26.421875, 151.5, 152.25, 57.125, 144.625, 121.8125, 162.375, 187.625, 128.625, 87.1875, 154.0, 84.4375, 19.71875, 134.75, 78.4375, 74.125, 209.375, 140.625, 160.375, 172.875, 0.0, 95.5, 28.640625, 176.75, 104.625, 8.25, 165.0, 107.0625, 138.125, 125.5, 87.625, 67.1875, 38.21875, 76.5, 53.46875, 144.375, 97.1875, 87.0, 65.5, 58.125, 183.375, 109.625, 69.375, 98.0625, 146.75, 146.875, 156.5, 84.875, 99.0, 170.25, 132.0, 46.65625, 42.09375, 92.1875, 158.625, 81.125, 146.25, 117.0625, 39.5625, 65.1875, 124.5, 132.0, 146.125, 93.625, 117.3125, 179.5, 84.5625, 41.71875, 171.375, 122.5, 98.625, 158.75, 90.4375, 134.0, 201.75, 153.5, 96.6875, 38.28125, 132.0, 92.125, 29.828125, 94.5625, 123.125, 209.0, 125.0, 98.0625, 18.390625, 200.125, 63.59375, 158.375, 98.125, 45.59375, 87.0625, 80.75, 94.625, 156.25, 120.9375, 156.5, 167.375, 29.0, 30.0, 167.5, 12.0390625, 141.75, 113.1875, 38.625, 136.0, 37.21875, 102.625, 138.875, 118.875, 57.4375, 184.125, 35.15625, 96.3125, 163.625, 11.046875, 129.625, 46.40625, 111.8125, 91.0, 203.25, 112.625, 159.375, 75.9375, 137.875, 139.5, 92.0, 86.375, 154.375, 110.0, 41.21875, 185.875, 179.625, 123.1875, 185.375, 105.375, 72.5625, 137.0, 107.625, 93.875, 111.625, 31.109375, 138.125, 213.625, 12.203125, 62.25, 167.25, 131.375, 159.375, 120.5, 190.375, 32.0, 92.375, 67.25, 131.0, 152.125, 118.25, 151.375, 165.5, 55.03125, 153.125, 118.6875, 137.5, 146.5, 79.125, 137.25, 141.0, 58.8125, 107.25, 152.125, 168.5, 107.1875, 112.0, 100.8125, 96.1875, 150.5, 105.3125, 97.0625, 102.625, 144.125, 83.5, 119.5, 111.3125, 97.1875, 86.3125, 195.5, 70.0, 51.875, 96.4375, 112.875, 64.375, 154.875, 196.125, 190.375, 154.25, 37.21875, 138.5, 109.0625], [45.8125, 101.8125, 81.25, 57.21875, 131.0, 39.21875, 58.84375, 154.375, 111.1875, 130.375, 45.34375, 82.125, 63.5625, 46.1875, 81.625, 124.75, 36.25, 71.6875, 143.375, 45.125, 70.8125, 103.4375, 95.5, 0.0, 100.625, 119.6875, 63.0, 103.75, 125.375, 132.375, 142.0, 159.375, 93.3125, 46.15625, 78.75, 103.5, 94.125