{"name": "LZB_n200_5", "n": 200, "m": 20, "times": [[0.0, 125.875, 98.625, 50.0, 98.0, 42.75, 73.0, 111.375, 82.375, 58.1875, 86.375, 98.75, 72.0, 83.0, 14.0390625, 107.3125, 43.03125, 47.5, 111.375, 30.53125, 72.0625, 77.5, 34.125, 97.0, 75.3125, 61.1875, 102.4375, 39.8125, 84.1875, 87.6875, 65.0, 56.34375, 90.8125, 64.0, 71.6875, 102.625, 87.125, 86.0, 34.0, 65.5625, 33.0, 45.96875, 47.0, 123.25, 115.4375, 19.109375, 80.0625, 85.25, 81.1875, 67.1875, 70.0625, 40.0625, 72.375, 93.5625, 81.3125, 41.0625, 112.8125, 50.53125, 106.0, 97.9375, 106.0, 103.25, 68.0, 50.53125, 117.9375, 110.4375, 95.9375, 35.125, 128.0, 112.8125, 87.1875, 104.375, 96.5, 70.0625, 53.3125, 48.375, 89.0625, 41.0, 130.625, 55.375, 119.6875, 96.1875, 75.5625, 64.25, 48.09375, 73.5, 116.375, 55.3125, 110.9375, 96.1875, 36.0625, 28.84375, 53.15625, 98.5, 46.09375, 70.75, 56.0, 73.8125, 71.8125, 103.3125, 99.375, 77.375, 113.0625, 12.3671875, 53.90625, 14.8671875, 40.46875, 90.8125, 99.75, 87.3125, 37.46875, 10.4375, 122.0, 75.125, 81.3125, 87.9375, 104.875, 127.75, 61.53125, 89.6875, 101.25, 99.3125, 98.1875, 84.0, 95.125, 83.5, 75.3125, 89.9375, 86.3125, 72.8125, 87.6875, 71.1875, 87.625, 75.1875, 84.875, 82.875, 84.0, 96.375, 57.6875, 98.4375, 85.25, 91.0, 60.125, 68.625, 97.0625, 93.9375, 125.375, 91.0, 102.75, 64.625, 83.9375, 107.9375, 119.0, 47.0625, 33.625, 39.84375, 40.8125, 31.40625, 108.25, 99.0, 83.1875, 89.25, 61.40625, 84.5, 74.6875, 42.1875, 68.8125, 75.8125, 86.375, 116.375, 36.90625, 101.5625, 40.3125, 111.8125, 83.9375, 94.0625, 107.8125, 109.3125, 53.90625, 34.375, 121.8125, 69.875, 96.5, 84.125, 19.3125, 104.375, 80.25, 103.8125, 41.78125, 85.8125, 48.25, 95.4375, 50.21875, 109.1875, 95.5, 101.8125, 52.34375, 92.375, 71.875, 63.3125, 66.75], [125.875, 0.0, 71.4375, 106.75, 32.5625, 107.8125, 184.875, 191.75, 173.0, 181.5, 39.8125, 223.5, 177.625, 200.875, 136.75, 149.0, 142.75, 173.25, 161.0, 136.25, 166.25, 98.75, 150.125, 211.75, 152.625, 180.0, 227.625, 165.5, 108.25, 192.5, 93.125, 152.625, 149.375, 90.5, 119.25, 198.0, 190.375, 176.75, 151.875, 187.75, 106.0, 171.875, 149.375, 249.0, 166.0, 114.8125, 76.625, 47.75, 206.75, 58.71875, 189.375, 155.625, 158.125, 106.0625, 205.875, 156.375, 238.125, 120.3125, 136.125, 221.25, 187.375, 29.421875, 90.5, 149.375, 14.140625, 138.375, 142.25, 158.375, 253.875, 162.0, 83.0, 226.125, 212.375, 172.75, 176.5, 154.0, 132.5, 101.125, 12.0859375, 157.375, 178.25, 130.0, 123.8125, 180.125, 100.75, 193.0, 164.0, 106.875, 235.75, 222.0, 131.625, 154.25, 99.75, 129.0, 163.375, 58.3125, 169.625, 124.125, 175.0, 44.1875, 137.0, 52.78125, 177.875, 115.4375, 140.75, 126.0625, 166.25, 214.0, 53.15625, 146.625, 150.875, 135.125, 186.625, 77.4375, 164.5, 182.125, 177.375, 253.375, 85.6875, 180.625, 157.625, 121.125, 95.4375, 43.5625, 171.875, 204.125, 201.0, 158.625, 104.0625, 194.625, 58.40625, 160.375, 208.0, 163.75, 101.125, 43.40625, 194.125, 185.5, 182.75, 188.875, 57.875, 166.875, 97.4375, 194.5, 35.15625, 177.75, 7.80859375, 191.25, 180.625, 83.8125, 182.75, 233.5, 10.0, 167.375, 142.0, 148.5, 126.125, 102.0625, 183.75, 224.875, 53.15625, 215.0, 171.0, 178.0, 60.15625, 141.875, 193.625, 50.4375, 162.25, 19.421875, 138.375, 183.875, 145.625, 139.375, 185.125, 93.125, 192.125, 159.125, 133.0, 108.9375, 180.125, 164.75, 209.875, 125.6875, 119.375, 27.453125, 205.875, 133.125, 134.625, 120.3125, 102.5625, 52.0, 134.875, 231.5, 211.5, 227.75, 149.375, 120.0, 158.375, 166.375, 74.3125], [98.625, 71.4375, 0.0, 111.375, 43.875, 60.84375, 133.0, 198.75, 172.75, 155.75, 51.84375, 182.0, 123.0625, 181.625, 103.0625, 78.4375, 134.0, 138.875, 181.75, 92.1875, 163.375, 121.3125, 131.875, 195.625, 157.875, 159.875, 196.125, 135.0, 39.9375, 135.75, 37.21875, 98.3125, 81.9375, 36.6875, 133.875, 196.25, 183.0, 176.75, 132.25, 144.5, 66.75, 139.25, 99.0, 213.875, 95.625, 99.0, 103.8125, 35.375, 174.75, 59.6875, 168.625, 111.3125, 159.375, 35.34375, 164.875, 138.875, 205.875, 123.0, 65.0, 194.5, 193.5, 75.6875, 33.625, 97.1875, 76.25, 67.0, 162.25, 120.3125, 217.125, 91.6875, 114.1875, 179.0, 160.5, 117.4375, 135.75, 143.0, 152.375, 58.8125, 83.0, 104.8125, 196.0, 154.25, 139.25, 131.625, 104.375, 172.0, 93.3125, 114.8125, 193.375, 186.5, 123.1875, 120.5625, 106.875, 58.40625, 144.5, 71.0, 121.1875, 59.6875, 119.625, 27.296875, 160.625, 72.375, 192.5, 86.3125, 139.0, 107.25, 135.375, 187.5, 96.6875, 160.625, 134.5, 109.0625, 117.25, 23.53125, 167.875, 121.75, 110.375, 213.25, 98.8125, 119.0625, 88.75, 50.09375, 130.375, 46.0, 179.5, 181.625, 163.75, 169.25, 35.125, 150.125, 91.9375, 159.875, 160.75, 164.0, 32.6875, 60.8125, 181.75, 122.6875, 144.875, 189.75, 22.796875, 102.0, 109.375, 160.75, 74.875, 181.875, 77.25, 132.375, 188.25, 34.21875, 178.0, 194.25, 61.53125, 145.75, 97.25, 101.8125, 121.9375, 92.9375, 117.0625, 188.375, 30.484375, 177.625, 119.75, 176.375, 80.625, 133.0, 164.5, 51.21875, 97.9375, 52.15625, 91.25, 119.0, 97.9375, 168.375, 127.4375, 126.375, 127.125, 88.9375, 134.0, 103.25, 110.1875, 161.25, 195.0, 145.125, 104.0, 74.6875, 168.25, 62.0625, 128.375, 142.25, 54.125, 21.03125, 80.8125, 206.125, 159.75, 191.5, 96.3125, 145.375, 159.25, 158.0, 33.0], [50.0, 106.75, 111.375, 0.0, 89.4375, 77.125, 122.4375, 89.0, 66.6875, 84.75, 74.5625, 138.5, 122.0, 97.625, 63.625, 147.25, 38.1875, 87.5625, 71.6875, 79.375, 59.46875, 28.015625, 51.875, 106.625, 48.0, 78.875, 131.125, 76.9375, 114.375, 137.625, 90.125, 105.3125, 133.75, 87.6875, 24.765625, 91.6875, 83.6875, 70.625, 54.5625, 110.875, 65.9375, 84.1875, 96.4375, 154.5, 158.375, 31.046875, 37.8125, 83.125, 112.75, 56.0, 87.875, 89.8125, 51.96875, 121.5, 122.5, 56.3125, 141.75, 13.6015625, 142.25, 121.5, 84.0, 78.25, 91.5625, 99.625, 94.8125, 146.625, 53.0, 82.0, 160.5, 155.25, 41.21875, 148.25, 144.125, 120.0625, 98.625, 49.53125, 43.9375, 70.75, 106.9375, 105.0625, 84.875, 49.03125, 29.828125, 113.0625, 7.0703125, 91.375, 158.625, 5.38671875, 150.25, 130.125, 28.84375, 73.25, 7.2109375, 133.875, 63.25, 50.0, 105.5625, 111.8125, 121.8125, 103.0625, 53.75, 54.40625, 81.0625, 51.0, 34.0, 38.0, 77.875, 114.625, 63.65625, 49.40625, 50.78125, 52.0, 168.5, 91.375, 59.3125, 137.625, 152.125, 163.625, 21.640625, 139.125, 144.625, 131.875, 49.15625, 76.0625, 69.125, 102.625, 113.5625, 58.0625, 114.5625, 118.0625, 52.625, 53.84375, 133.25, 57.5, 112.0625, 66.3125, 88.1875, 145.75, 99.4375, 83.1875, 90.625, 138.25, 12.53125, 104.0, 72.0, 73.1875, 103.3125, 141.0, 78.125, 84.125, 75.9375, 144.625, 103.4375, 69.125, 83.25, 89.75, 21.265625, 23.4375, 156.125, 133.75, 84.6875, 125.9375, 111.3125, 71.5625, 46.625, 37.46875, 98.5, 67.0, 133.25, 105.125, 85.4375, 150.25, 89.875, 64.8125, 134.0, 45.40625, 157.0, 151.625, 26.25, 15.8125, 167.0, 57.9375, 104.3125, 37.46875, 31.140625, 80.0625, 118.3125, 139.5, 29.703125, 37.4375, 79.25, 98.75, 95.75, 130.125, 143.125, 136.0, 101.25, 43.40625, 52.1875, 60.21875, 79.875], [98.0, 32.5625, 43.875, 89.4375, 0.0, 75.6875, 153.0, 178.125, 155.875, 155.375, 15.0, 193.75, 145.375, 177.125, 107.625, 118.4375, 121.4375, 144.75, 153.375, 105.0, 147.875, 90.0, 125.6875, 189.25, 137.375, 155.625, 200.375, 137.75, 77.0625, 160.125, 60.625, 120.3125, 117.4375, 57.96875, 107.3125, 180.625, 170.75, 159.75, 127.0, 157.375, 74.8125, 143.625, 117.5, 221.0, 135.125, 89.875, 69.25, 15.234375, 179.25, 34.21875, 165.0, 124.625, 141.25, 76.125, 176.125, 132.375, 210.75, 102.8125, 106.1875, 195.375, 173.25, 32.1875, 58.0625, 117.25, 33.25, 108.875, 133.875, 128.75, 225.5, 131.125, 78.5625, 195.25, 180.625, 140.375, 146.5, 132.25, 123.625, 69.3125, 42.28125, 125.3125, 169.375, 123.4375, 112.4375, 148.75, 82.625, 168.625, 133.375, 91.0625, 205.875, 193.75, 110.0625, 125.5, 83.125, 98.625, 139.125, 40.0, 138.125, 91.9375, 142.625, 19.109375, 130.25, 37.65625, 167.5, 86.6875, 122.1875, 100.625, 138.375, 188.125, 55.4375, 135.25, 127.125, 107.875, 155.125, 45.28125, 148.75, 149.625, 145.25, 224.125, 71.0625, 148.0, 126.0625, 91.25, 93.9375, 14.3203125, 158.125, 179.375, 172.0, 146.0, 73.25, 164.0, 53.65625, 142.875, 177.0, 146.625, 70.1875, 24.328125, 172.625, 152.875, 153.5, 172.5, 26.0, 134.5, 83.0, 166.375, 32.5625, 162.625, 36.21875, 158.75, 167.125, 51.25, 164.0, 204.375, 23.265625, 142.25, 110.8125, 117.0625, 106.0, 78.75, 151.625, 196.375, 20.609375, 186.25, 139.125, 160.5, 46.875, 120.5, 166.75, 23.40625, 129.875, 18.4375, 106.75, 151.375, 114.0, 135.625, 152.75, 90.5, 159.625, 128.125, 115.25, 87.375, 149.0, 146.125, 187.75, 116.375, 94.875, 31.0625, 176.875, 103.125, 114.0, 112.1875, 70.1875, 22.84375, 102.4375, 206.125, 179.75, 199.25, 117.1875, 113.75, 141.375, 145.875, 41.78125], [42.75, 107.8125, 60.84375, 77.125, 75.6875, 0.0, 77.375, 152.875, 124.3125, 96.3125, 69.5625, 122.0, 69.75, 123.375, 43.40625, 70.0625, 84.5, 78.1875, 147.125, 31.625, 114.1875, 99.125, 76.8125, 138.125, 114.625, 102.0625, 135.375, 74.9375, 41.5, 84.875, 24.046875, 44.9375, 57.71875, 24.171875, 101.875, 145.25, 129.875, 128.125, 76.4375, 84.625, 11.3984375, 78.75, 41.875, 153.125, 81.8125, 51.625, 91.6875, 60.53125, 114.0, 57.125, 110.375, 51.21875, 113.1875, 50.8125, 104.625, 83.625, 145.0, 83.875, 65.8125, 134.25, 147.5, 93.75, 27.515625, 41.59375, 104.375, 70.1875, 129.5, 59.5, 156.625, 78.5, 101.5625, 120.9375, 105.125, 65.0, 75.1875, 90.9375, 120.9375, 8.0625, 115.875, 49.65625, 157.875, 126.125, 106.75, 73.75, 71.8125, 113.5625, 81.8125, 82.25, 133.625, 125.6875, 75.5625, 60.15625, 76.375, 57.6875, 88.125, 67.0625, 63.125, 34.65625, 67.25, 73.5625, 130.875, 73.0, 152.125, 31.953125, 93.5, 55.375, 75.1875, 127.375, 101.1875, 123.375, 80.25, 52.25, 94.5625, 38.28125, 122.125, 76.125, 80.0625, 153.25, 76.9375, 75.4375, 68.5, 57.28125, 116.375, 64.625, 135.5, 122.5, 102.9375, 128.5, 43.5625, 90.6875, 90.6875, 112.5625, 102.5625, 116.625, 42.1875, 71.1875, 126.3125, 81.125, 84.125, 140.75, 54.5, 66.9375, 82.125, 99.9375, 88.9375, 135.375, 109.9375, 84.1875, 143.625, 27.796875, 126.625, 134.0, 98.875, 88.0, 37.0, 42.4375, 77.6875, 53.75, 85.3125, 127.625, 56.03125, 117.0, 63.5, 126.8125, 75.5625, 83.5625, 104.125, 59.90625, 61.8125, 93.1875, 31.828125, 82.125, 38.9375, 141.875, 77.8125, 111.875, 90.0625, 74.875, 91.25, 63.03125, 91.6875, 111.9375, 138.0, 114.625, 55.46875, 94.125, 107.5625, 63.25, 81.375, 114.3125, 6.70703125, 64.375, 27.65625, 146.0, 104.3125, 130.75, 41.625, 119.8125, 112.8125, 106.0, 34.84375], [73.0, 184.875, 133.0, 122.4375, 153.0, 77.375, 0.0, 158.625, 130.625, 72.1875, 145.75, 55.71875, 12.1640625, 97.9375, 59.0, 89.9375, 101.9375, 48.28125, 173.625, 49.65625, 121.5, 150.25, 83.25, 112.6875, 134.125, 85.5625, 84.0, 57.125, 98.1875, 17.796875, 97.0, 34.71875, 70.375, 98.625, 141.75, 140.75, 122.3125, 133.0, 80.5, 26.828125, 79.1875, 52.625, 35.5, 92.4375, 86.0625, 92.0, 152.5, 137.875, 68.0, 130.375, 88.0625, 33.0625, 127.5625, 107.6875, 43.1875, 85.5, 90.125, 120.25, 98.5, 91.375, 154.0, 168.125, 100.5, 36.25, 180.375, 101.875, 161.875, 41.75, 93.375, 86.0, 160.125, 47.0, 27.796875, 17.71875, 31.890625, 99.3125, 157.0, 83.75, 192.375, 28.3125, 177.0, 165.125, 144.75, 10.8203125, 121.0625, 89.1875, 89.0, 127.5625, 64.875, 69.25, 101.375, 51.53125, 126.0625, 95.875, 83.75, 137.625, 17.03125, 77.1875, 16.28125, 150.25, 167.0, 144.25, 168.75, 76.9375, 115.5, 84.5625, 56.3125, 87.0625, 169.875, 150.75, 87.25, 70.6875, 77.8125, 113.4375, 135.0, 30.671875, 61.40625, 85.75, 134.25, 35.4375, 75.1875, 102.5625, 171.125, 141.375, 148.75, 91.4375, 50.28125, 148.875, 102.875, 26.46875, 158.125, 124.5, 29.734375, 127.4375, 103.8125, 145.75, 111.9375, 40.3125, 40.59375, 141.875, 131.375, 53.0, 133.0, 56.34375, 162.625, 143.5, 186.5, 24.84375, 153.75, 104.0, 124.875, 69.75, 176.125, 78.0, 43.96875, 37.0, 108.6875, 104.125, 60.09375, 69.0, 133.375, 59.3125, 13.890625, 129.75, 143.875, 101.5625, 68.25, 135.625, 52.15625, 170.625, 46.53125, 49.96875, 39.40625, 180.125, 20.125, 167.0, 51.46875, 84.0625, 119.25, 107.125, 83.0, 119.5625, 114.8125, 153.25, 91.25, 168.75, 52.1875, 98.375, 105.625, 156.125, 83.25, 140.875, 52.34375, 102.625, 27.015625, 72.0, 36.78125, 163.0, 126.6875, 108.75, 112.0625], [111.375, 191.75, 198.75, 89.0, 178.125, 152.875, 158.625, 0.0, 29.40625, 88.0, 163.125, 140.125, 165.0, 71.3125, 117.625, 218.375, 68.4375, 110.4375, 43.40625, 138.375, 39.65625, 93.6875, 80.8125, 65.0625, 41.125, 74.125, 112.125, 102.0, 194.125, 176.5, 172.0, 160.75, 200.75, 170.25, 72.5625, 24.0, 39.21875, 26.25, 82.625, 134.75, 141.875, 106.0625, 150.875, 133.125, 225.0, 102.125, 115.4375, 172.125, 106.875, 145.0, 74.75, 136.0, 39.84375, 202.75, 132.375, 75.9375, 119.3125, 76.25, 217.375, 96.75, 5.38671875, 162.375, 174.375, 155.25, 178.5, 221.875, 54.375, 120.9375, 140.125, 222.75, 111.0, 158.0, 167.5, 166.125, 126.8125, 64.0625, 62.15625, 149.0, 189.5, 156.625, 30.671875, 68.25, 68.125, 147.875, 96.0625, 75.375, 226.375, 87.0625, 147.75, 121.75, 77.5, 111.875, 95.0, 209.75, 75.6875, 138.25, 146.5, 185.125, 166.875, 192.125, 62.4375, 141.75, 22.828125, 120.9375, 60.15625, 97.5625, 102.75, 93.75, 141.375, 45.875, 76.625, 104.125, 227.625, 177.125, 31.046875, 185.25, 209.875, 150.0, 107.4375, 188.75, 210.75, 210.125, 104.1875, 165.0, 20.09375, 80.5, 120.3125, 33.25, 195.5, 139.625, 133.625, 40.3125, 151.625, 36.25, 193.5, 154.375, 52.1875, 195.125, 119.5625, 17.46875, 179.0, 196.75, 95.4375, 109.5625, 156.75, 17.46875, 187.0, 183.125, 11.1796875, 168.375, 34.125, 137.375, 190.125, 80.8125, 138.75, 142.25, 77.125, 105.875, 211.625, 125.625, 173.5, 124.625, 154.25, 29.0, 133.0, 69.375, 97.0625, 156.0, 192.875, 193.0, 144.5, 203.0, 144.75, 69.3125, 177.125, 104.25, 207.25, 219.375, 64.75, 95.5, 229.25, 41.875, 61.0625, 67.75, 97.75, 164.375, 122.75, 215.125, 71.8125, 73.9375, 157.25, 187.5, 160.125, 97.0, 166.625, 125.9375, 157.375, 76.9375, 40.15625, 51.0, 166.125], [82.375, 173.0, 172.75, 66.6875, 155.875, 124.3125, 130.625, 29.40625, 0.0, 62.03125, 141.0, 117.6875, 136.375, 52.34375, 88.1875, 189.0, 39.84375, 82.6875, 51.09375, 109.0, 10.296875, 78.75, 51.40625, 52.40625, 22.015625, 48.375, 94.3125, 73.625, 165.75, 148.5, 144.25, 131.375, 171.375, 142.625, 56.875, 25.0, 22.828125, 4.0, 53.25, 107.8125, 113.5, 78.25, 121.5, 117.25, 195.5, 74.5, 98.8125, 148.375, 84.6875, 121.9375, 51.46875, 106.8125, 14.8671875, 174.625, 107.875, 46.6875, 103.125, 53.15625, 188.25, 79.875, 24.203125, 144.0, 146.75, 125.875, 160.5, 192.75, 51.0, 91.9375, 124.1875, 193.375, 96.8125, 134.375, 141.5, 137.375, 99.0, 34.65625, 54.40625, 120.875, 172.125, 127.375, 48.09375, 62.96875, 54.03125, 119.875, 73.375, 53.15625, 196.875, 66.125, 126.6875, 101.1875, 49.8125, 82.75, 73.5, 180.875, 47.0, 116.6875, 117.8125, 156.125, 138.25, 168.375, 59.46875, 121.0625, 39.21875, 92.375, 34.0, 68.9375, 74.375, 75.25, 125.6875, 38.09375, 47.1875, 74.8125, 198.375, 150.5, 10.8203125, 156.5, 180.625, 132.125, 87.25, 159.875, 181.375, 181.375, 94.125, 142.125, 19.421875, 61.125, 95.875, 27.203125, 167.375, 113.1875, 116.375, 13.0390625, 126.0625, 9.21875, 165.5, 133.0, 34.21875, 166.375, 92.5625, 17.03125, 154.0, 167.5, 75.625, 84.75, 137.875, 12.8046875, 169.0, 154.75, 23.015625, 141.25, 13.4140625, 117.125, 170.0, 52.6875, 109.375, 112.9375, 51.0, 80.0625, 182.5, 105.1875, 149.0, 102.25, 125.5, 5.65625, 112.9375, 40.8125, 73.0, 133.0, 163.5, 171.875, 115.125, 174.0, 115.4375, 70.5625, 148.625, 92.9375, 178.375, 190.0, 40.59375, 70.0, 199.875, 12.53125, 48.75, 57.3125, 69.875, 145.875, 98.9375, 186.125, 44.40625, 63.65625, 129.0, 163.0, 130.75, 83.5, 140.5, 106.0625, 128.0, 68.875, 14.5625, 22.015625, 139.75], [58.1875, 181.5, 155.75, 84.75, 155.375, 96.3125, 72.1875, 88.0, 62.03125, 0.0, 142.875, 58.03125, 80.1875, 28.640625, 52.9375, 146.5, 48.71875, 25.0625, 110.625, 69.0, 54.5625, 110.1875, 33.0, 44.15625, 72.1875, 13.890625, 46.875, 22.015625, 135.125, 89.8125, 120.25, 83.1875, 126.9375, 119.875, 93.4375, 68.6875, 50.34375, 63.5625, 30.609375, 47.0, 89.0, 21.546875, 74.4375, 69.875, 148.75, 66.6875, 122.3125, 143.125, 28.234375, 123.0, 16.546875, 57.28125, 63.5, 145.125, 46.09375, 28.640625, 57.5, 75.25, 149.75, 39.96875, 83.75, 156.25, 123.5625, 78.875, 172.125, 154.0, 104.0, 41.96875, 75.8125, 147.375, 125.6875, 73.0, 79.625, 82.6875, 40.59375, 39.625, 102.5, 97.0, 184.75, 77.25, 110.0625, 111.625, 94.125, 61.71875, 87.6875, 18.6875, 150.875, 88.125, 68.5625, 45.875, 55.9375, 37.0, 91.25, 143.875, 22.140625, 123.9375, 62.78125, 119.3125, 82.9375, 161.5, 111.125, 130.125, 101.25, 70.375, 60.21875, 55.4375, 22.09375, 32.75, 147.0, 91.0625, 34.0, 47.84375, 146.5, 132.25, 68.875, 101.0, 128.875, 79.5, 104.625, 105.125, 135.375, 147.25, 130.75, 141.25, 81.25, 26.171875, 34.375, 85.1875, 138.25, 51.625, 135.25, 59.6875, 64.0625, 61.40625, 137.5, 138.0, 39.8125, 111.0, 31.890625, 70.75, 143.375, 117.1875, 97.25, 23.1875, 149.875, 74.3125, 180.0, 97.0, 84.5625, 121.5625, 53.84375, 61.125, 175.375, 15.65625, 66.375, 66.5, 63.9375, 79.9375, 129.375, 49.65625, 141.375, 43.40625, 70.5, 59.9375, 125.1875, 49.03125, 13.9296875, 132.625, 114.25, 173.625, 73.3125, 119.8125, 70.1875, 124.0625, 91.6875, 127.75, 122.8125, 144.5, 67.4375, 75.3125, 149.875, 53.15625, 45.21875, 101.4375, 62.28125, 157.75, 38.0625, 148.375, 56.46875, 106.3125, 102.75, 153.625, 89.6875, 51.0, 78.6875, 51.625, 81.0625, 113.1875, 62.5, 41.78125, 124.625], [86.375, 39.8125, 51.84375, 74.5625, 15.0, 69.5625, 145.75, 163.125, 141.0, 142.875, 0.0, 183.75, 139.125, 163.75, 97.0, 120.625, 107.25, 133.625, 138.625, 96.75, 133.25, 75.4375, 112.375, 175.5, 122.4375, 142.375, 188.5, 126.125, 79.0625, 154.375, 59.0, 114.5, 117.125, 56.0, 92.375, 165.875, 156.375, 145.0, 113.875, 148.0, 66.625, 132.375, 110.5625, 209.625, 136.75, 76.6875, 55.15625, 16.640625, 167.5, 20.125, 151.875, 115.9375, 126.4375, 80.0625, 166.125, 119.0, 199.0, 87.9375, 109.5, 182.75, 158.25, 26.3125, 57.125, 110.875, 34.78125, 112.5625, 119.0625, 118.5625, 214.375, 132.875, 64.875, 186.375, 173.125, 134.5, 136.625, 118.125, 108.875, 62.40625, 46.53125, 118.875, 154.625, 108.9375, 97.5, 140.625, 67.75, 155.375, 135.375, 76.125, 195.875, 182.5, 95.875, 114.5625, 68.1875, 101.375, 125.8125, 25.015625, 130.25, 91.0, 136.75, 31.78125, 115.6875, 23.09375, 152.5, 75.6875, 107.5, 87.6875, 126.8125, 175.625, 44.8125, 120.3125, 113.625, 95.875, 155.375, 46.09375, 133.875, 145.25, 144.0, 213.625, 56.09375, 144.125, 126.5, 94.875, 80.625, 6.32421875, 143.125, 166.375, 161.25, 131.0, 75.9375, 154.875, 40.8125, 128.125, 168.375, 131.875, 72.8125, 9.8515625, 158.625, 149.5, 143.0, 157.625, 30.015625, 132.5, 68.0, 155.0, 23.765625, 147.625, 40.71875, 153.75, 152.125, 49.0, 149.375, 193.875, 32.65625, 129.375, 102.5625, 109.1875, 91.5, 64.875, 150.125, 185.25, 22.359375, 175.375, 132.0, 145.75, 32.28125, 106.3125, 154.625, 10.6328125, 127.5625, 31.390625, 99.3125, 149.0, 106.4375, 121.5, 147.375, 76.9375, 157.125, 129.5, 100.4375, 73.0625, 150.0, 131.5, 173.875, 101.625, 81.5, 26.078125, 166.25, 106.3125, 99.625, 97.5, 65.0, 31.890625, 97.125, 193.375, 172.25, 188.125, 111.0625, 99.3125, 126.5625, 131.5, 39.0], [98.75, 223.5, 182.0, 138.5, 193.75, 122.0, 55.71875, 140.125, 117.6875, 58.03125, 183.75, 0.0, 67.875, 69.0625, 86.8125, 145.625, 105.5625, 51.875, 167.875, 90.4375, 111.5625, 165.5, 87.5625, 79.375, 130.0, 70.1875, 35.59375, 61.84375, 150.75, 66.1875, 144.75, 87.0625, 126.125, 145.625, 150.5, 117.5625, 100.875, 118.4375, 84.625, 37.4375, 119.625, 54.625, 83.625, 37.0, 141.125, 114.0625, 174.75, 179.625, 33.25, 165.375, 66.3125, 70.8125, 121.125, 160.75, 17.6875, 85.1875, 37.6875, 131.0, 154.0, 48.90625, 136.625, 202.0, 148.375, 86.3125, 216.375, 157.5, 162.0, 65.1875, 37.65625, 141.25, 179.625, 19.796875, 40.15625, 73.375, 47.375, 97.4375, 160.5, 126.25, 229.0, 79.875, 165.5, 169.625, 151.625, 52.1875, 140.0, 65.0, 144.125, 142.625, 12.203125, 20.515625, 110.875, 69.875, 144.25, 151.0, 79.5, 169.5, 61.75, 130.5, 72.0, 195.0, 169.125, 176.125, 156.5, 108.25, 117.8125, 103.3125, 60.9375, 48.5625, 197.25, 149.0, 89.8125, 90.9375, 129.875, 160.25, 125.8125, 84.0, 115.0625, 31.390625, 156.25, 89.0, 130.75, 157.125, 186.5, 180.5, 137.125, 60.0, 25.0, 142.5, 155.25, 32.1875, 185.125, 117.1875, 27.015625, 118.5, 155.625, 181.25, 87.9375, 92.25, 41.0625, 122.6875, 175.875, 108.3125, 150.875, 35.34375, 195.875, 129.125, 223.625, 74.3125, 139.0, 149.75, 107.1875, 14.0390625, 216.0, 72.5625, 85.0, 80.125, 119.125, 127.9375, 112.4375, 17.796875, 176.125, 15.5234375, 65.4375, 114.5625, 173.0, 105.75, 45.09375, 173.125, 107.8125, 212.125, 90.6875, 102.3125, 84.0625, 182.125, 73.0, 183.25, 101.25, 139.5, 124.625, 126.3125, 136.25, 110.375, 82.875, 159.125, 110.9375, 203.125, 20.390625, 153.75, 112.5625, 163.75, 128.625, 186.0, 102.4375, 56.84375, 39.84375, 19.71875, 87.75, 170.75, 120.125, 99.1875, 156.125], [72.0, 177.625, 123.0625, 122.0, 145.375, 69.75, 12.1640625, 165.0, 136.375, 80.1875, 139.125, 67.875, 0.0, 107.0625, 58.46875, 77.8125, 105.125, 55.4375, 177.125, 45.1875, 126.8125, 149.5, 87.125, 122.125, 138.0, 93.0625, 95.625, 62.96875, 87.1875, 16.03125, 87.8125, 25.234375, 58.25, 89.625, 142.75, 148.125, 129.75, 139.0, 84.625, 37.375, 73.0625, 59.5625, 28.859375, 104.5625, 74.25, 91.0625, 150.0, 130.125, 78.875, 124.75, 96.5, 32.5625, 132.0, 96.5, 55.03125, 90.1875, 102.0625, 121.1875, 86.375, 102.375, 160.125, 162.25, 91.1875, 28.234375, 173.875, 89.75, 164.375, 44.9375, 105.5625, 74.0, 158.125, 58.59375, 37.65625, 5.83203125, 39.65625, 103.75, 158.875, 76.6875, 185.5, 20.25, 181.625, 166.625, 146.125, 19.3125, 119.9375, 97.9375, 77.125, 127.3125, 76.9375, 81.125, 103.25, 54.71875, 125.0, 83.9375, 89.375, 132.75, 18.59375, 66.0, 4.125, 141.5, 169.0, 139.25, 173.625, 74.0, 118.5, 84.875, 62.25, 97.75, 165.75, 153.875, 91.25, 71.5, 67.25, 104.375, 139.875, 20.8125, 50.28125, 97.8125, 132.0, 25.0625, 63.0625, 90.8125, 170.0, 134.375, 153.75, 101.0625, 61.40625, 153.0, 92.0, 38.125, 154.125, 129.25, 41.75, 132.375, 93.0625, 139.75, 120.0, 30.8125, 49.65625, 148.5, 122.875, 41.125, 132.0, 66.5, 157.0, 149.125, 179.625, 19.3125, 159.25, 95.4375, 131.5, 81.875, 168.625, 84.1875, 40.0, 33.0, 110.0625, 102.25, 49.65625, 81.0, 125.375, 71.125, 11.1796875, 136.0, 139.625, 104.6875, 77.8125, 129.125, 40.0625, 162.625, 40.78125, 39.8125, 34.25, 181.875, 12.53125, 165.75, 42.625, 72.0, 121.4375, 106.375, 71.8125, 124.8125, 124.0625, 154.625, 91.0, 162.875, 63.625, 86.3125, 107.9375, 157.0, 75.1875, 132.0, 43.28125, 113.75, 37.0, 84.0, 28.171875, 163.75, 131.125, 114.3125, 103.9375], [83.0, 200.875, 181.625, 97.625, 177.125, 123.375, 97.9375, 71.3125, 52.34375, 28.640625, 163.75, 69.0625, 107.0625, 0.0, 80.125, 175.125, 59.46875, 53.15625, 103.375, 97.3125, 49.34375, 119.1875, 51.46875, 15.5234375, 69.875, 21.84375, 42.0625, 50.5, 163.0, 115.0, 147.0, 111.6875, 155.5, 146.375, 99.3125, 48.46875, 32.375, 52.03125, 50.34375, 71.375, 115.25, 50.0, 103.0625, 64.9375, 177.125, 87.25, 135.125, 166.0, 36.25, 143.625, 13.0390625, 85.875, 60.40625, 173.0, 63.59375, 44.71875, 50.8125, 85.625, 178.375, 27.65625, 68.25, 174.0, 150.25, 107.4375, 190.25, 182.625, 101.9375, 70.625, 71.875, 175.875, 136.375, 87.6875, 100.125, 110.0, 67.5625, 48.09375, 103.25, 123.3125, 202.875, 105.625, 98.3125, 112.375, 98.5, 88.0, 102.1875, 10.046875, 179.25, 99.75, 76.375, 50.4375, 69.8125, 65.25, 104.75, 172.375, 38.09375, 142.625, 90.375, 147.75, 110.0625, 185.0, 110.0625, 148.375, 89.25, 95.3125, 66.375, 76.6875, 50.625, 23.0, 161.25, 88.625, 50.125, 72.5625, 174.0, 158.125, 62.15625, 127.75, 156.5, 80.0, 119.0, 132.125, 163.875, 175.5, 138.125, 162.875, 71.0, 9.21875, 51.84375, 79.25, 166.0, 74.3125, 150.125, 56.3125, 83.875, 56.03125, 165.125, 157.75, 19.234375, 137.75, 57.46875, 54.125, 167.625, 145.25, 109.625, 42.4375, 167.625, 62.03125, 198.625, 122.625, 71.375, 147.5, 40.0, 66.125, 195.75, 35.90625, 94.875, 95.125, 76.5, 99.0, 156.625, 54.34375, 164.75, 53.71875, 97.9375, 48.03125, 142.25, 60.21875, 29.828125, 153.875, 142.5, 195.0, 101.8125, 146.875, 98.8125, 122.0, 117.875, 135.875, 149.25, 173.0, 74.8125, 92.0625, 177.75, 49.03125, 17.0, 104.1875, 82.3125, 175.625, 53.25, 176.875, 67.9375, 110.0, 129.625, 177.75, 118.25, 33.28125, 99.375, 54.75, 109.625, 116.3125, 59.46875, 40.3125, 149.625], [14.0390625, 136.75, 103.0625, 63.625, 107.625, 43.40625, 59.0, 117.625, 88.1875, 52.9375, 97.0, 86.8125, 58.46875, 80.125, 0.0, 101.0625, 50.90625, 37.1875, 121.8125, 20.8125, 77.9375, 91.375, 37.125, 95.0, 84.25, 59.03125, 94.0, 31.953125, 83.125, 74.0, 67.25, 45.0, 83.1875, 66.9375, 84.4375, 106.25, 89.5, 91.5625, 35.84375, 52.3125, 36.40625, 36.71875, 35.21875, 113.625, 107.4375, 33.0, 94.0625, 94.0, 72.5625, 78.625, 67.0625, 26.171875, 80.0625, 93.0625, 69.1875, 43.09375, 104.125, 62.96875, 101.5, 91.4375, 112.3125, 115.4375, 70.625, 39.21875, 129.625, 105.9375, 107.4375, 21.953125, 117.9375, 105.125, 101.25, 91.25, 82.5625, 56.90625, 40.3125, 53.53125, 101.125, 44.28125, 142.25, 42.9375, 128.75, 108.625, 88.0, 50.25, 62.03125, 70.1875, 108.75, 68.875, 99.0, 86.1875, 46.3125, 18.03125, 67.0625, 94.625, 46.3125, 83.25, 42.0625, 69.625, 58.53125, 111.0, 111.375, 89.9375, 121.625, 21.40625, 63.25, 26.578125, 32.3125, 84.4375, 113.1875, 97.9375, 41.1875, 14.2109375, 111.875, 79.6875, 88.75, 75.25, 94.375, 116.6875, 75.5625, 77.375, 93.25, 96.6875, 112.125, 94.0625, 102.8125, 79.0625, 64.375, 99.1875, 86.0, 59.5, 101.1875, 78.25, 74.125, 82.0, 85.0, 94.375, 84.375, 84.0625, 46.0, 103.375, 92.3125, 80.75, 74.0625, 59.0625, 109.4375, 100.4375, 136.875, 77.625, 109.8125, 68.9375, 87.75, 96.875, 129.375, 45.1875, 22.015625, 27.296875, 52.3125, 45.40625, 97.1875, 88.75, 91.25, 78.5625, 47.6875, 89.5625, 87.875, 50.21875, 61.46875, 86.375, 76.375, 126.0625, 27.015625, 89.875, 28.59375, 124.0625, 70.625, 108.0625, 95.75, 101.8125, 64.6875, 48.15625, 112.5, 75.6875, 95.0625, 96.5625, 32.5625, 116.5, 69.3125, 99.625, 51.625, 98.6875, 49.8125, 102.5625, 42.53125, 103.0625, 81.5625, 91.6875, 41.21875, 105.375, 79.375, 67.5625, 72.875], [107.3125, 149.0, 78.4375, 147.25, 118.4375, 70.0625, 89.9375, 218.375, 189.0, 146.5, 120.625, 145.625, 77.8125, 175.125, 101.0625, 0.0, 150.375, 122.375, 216.625, 80.5, 178.75, 168.5, 138.25, 190.625, 182.375, 156.5, 172.0, 125.0, 41.59375, 82.5625, 63.6875, 63.78125, 20.03125, 66.875, 172.0, 207.125, 190.0, 192.5, 136.875, 113.0, 81.375, 125.1875, 72.0625, 182.375, 17.265625, 120.5, 158.375, 105.25, 153.375, 117.1875, 162.75, 89.25, 179.75, 43.09375, 132.25, 144.0, 179.125, 153.5, 14.3203125, 176.625, 213.0, 146.875, 64.5, 67.6875, 151.625, 14.8671875, 199.375, 104.5625, 183.25, 13.34375, 168.875, 134.875, 111.625, 72.4375, 110.5625, 154.375, 191.0, 76.8125, 160.125, 70.4375, 226.5, 196.25, 176.875, 95.0625, 141.875, 165.125, 15.0, 152.25, 154.375, 158.125, 143.0, 111.0, 146.375, 20.03125, 146.5, 129.125, 88.0625, 35.46875, 73.6875, 105.0625, 201.0, 133.5, 220.25, 99.5, 161.0, 121.8125, 124.75, 171.0, 161.875, 192.75, 142.25, 114.25, 39.9375, 74.5, 188.625, 64.25, 38.9375, 175.125, 145.625, 59.625, 16.125, 28.4375, 184.375, 114.3125, 202.5, 171.25, 137.0, 196.875, 45.1875, 115.25, 153.375, 178.375, 119.25, 182.375, 48.25, 126.625, 183.5, 59.53125, 121.5625, 204.375, 92.5625, 38.625, 151.875, 139.625, 144.125, 201.0, 154.125, 75.75, 210.0, 73.375, 188.75, 159.625, 139.0, 144.0, 81.375, 80.0625, 146.375, 123.8125, 45.25, 158.375, 99.125, 148.125, 82.0, 190.625, 138.75, 149.5, 148.75, 114.5625, 38.09375, 130.0, 74.875, 51.625, 76.5625, 212.0, 74.3125, 179.875, 58.125, 11.1796875, 159.875, 132.875, 32.0, 176.5, 191.625, 184.75, 123.6875, 146.5, 140.0, 16.765625, 148.75, 184.375, 68.625, 97.0, 58.59375, 188.5, 111.3125, 161.5, 65.5, 189.75, 179.125, 168.625, 82.875], [43.03125, 142.75, 134.0, 38.1875, 121.4375, 84.5, 101.9375, 68.4375, 39.84375, 48.71875, 107.25, 105.5625, 105.125, 59.46875, 50.90625, 150.375, 0.0, 58.3125, 72.0625, 71.5, 29.828125, 61.71875, 19.234375, 69.125, 33.40625, 41.0625, 94.0, 47.375, 125.875, 119.125, 104.5625, 95.6875, 133.375, 102.9375, 44.90625, 62.1875, 49.65625, 43.6875, 22.203125, 84.0, 73.6875, 54.15625, 85.8125, 117.625, 157.875, 35.125, 75.8125, 112.1875, 76.875, 87.25, 49.8125, 73.25, 29.40625, 134.75, 91.1875, 20.390625, 104.4375, 26.921875, 149.0, 83.625, 63.0625, 115.125, 107.0625, 89.9375, 131.5, 153.375, 60.15625, 60.40625, 123.875, 155.375, 77.9375, 118.0625, 118.6875, 104.9375, 72.75, 11.3984375, 56.3125, 81.0625, 144.0, 92.8125, 77.875, 65.125, 46.1875, 91.4375, 42.8125, 53.25, 159.0, 40.59375, 116.6875, 94.5625, 11.3984375, 50.5625, 45.28125, 141.375, 26.578125, 84.5, 86.75, 116.75, 106.1875, 132.0, 65.9375, 89.9375, 70.75, 52.5625, 13.6015625, 29.15625, 48.375, 76.875, 101.8125, 48.84375, 16.0, 36.78125, 162.75, 111.375, 38.28125, 124.0, 145.125, 128.125, 59.5625, 126.75, 143.625, 141.75, 82.0625, 107.25, 52.1875, 64.5625, 80.75, 48.40625, 127.5, 90.6875, 90.6875, 28.171875, 105.375, 32.1875, 125.6875, 100.3125, 51.46875, 133.375, 70.1875, 56.5, 116.4375, 131.625, 50.34375, 70.1875, 108.75, 51.0, 140.0, 124.3125, 59.6875, 101.8125, 44.0, 109.75, 138.25, 33.25, 72.875, 77.4375, 17.03125, 42.96875, 147.75, 98.375, 112.125, 91.6875, 93.9375, 42.75, 83.1875, 1.0, 62.625, 98.0625, 127.3125, 138.625, 77.8125, 140.0, 79.3125, 79.0625, 117.625, 79.1875, 145.375, 152.0, 19.109375, 34.1875, 163.375, 27.65625, 67.125, 54.0, 30.265625, 116.8125, 85.1875, 146.625, 8.484375, 58.3125, 89.1875, 125.875, 92.625, 92.0, 117.6875, 100.3125, 92.0, 65.25, 28.84375, 24.515625, 101.0625], [47.5, 173.25, 138.875, 87.5625, 144.75, 78.1875, 48.28125, 110.4375, 82.6875, 25.0625, 133.625, 51.875, 55.4375, 53.15625, 37.1875, 122.375, 58.3125, 0.0, 127.75, 48.0625, 73.8125, 115.125, 39.125, 68.625, 88.25, 37.65625, 57.28125, 11.0, 114.25, 66.0625, 102.1875, 58.6875, 102.625, 102.3125, 102.0625, 92.6875, 74.3125, 84.875, 36.125, 25.96875, 72.9375, 4.47265625, 50.5, 76.375, 124.0, 62.1875, 123.125, 131.25, 35.84375, 114.6875, 41.59375, 33.25, 80.75, 124.4375, 35.125, 39.28125, 67.125, 81.375, 126.5, 56.71875, 105.8125, 150.625, 105.6875, 54.75, 165.375, 130.625, 118.0625, 19.234375, 80.8125, 122.6875, 128.5, 60.8125, 60.625, 57.6875, 16.40625, 53.15625, 114.625, 80.5, 178.125, 52.5, 129.75, 123.375, 104.0, 37.53125, 88.5625, 43.46875, 126.1875, 92.0, 64.0, 49.03125, 61.21875, 19.203125, 93.0, 121.0625, 36.25, 118.0, 37.75, 97.0625, 58.0, 148.125, 124.1875, 124.625, 121.25, 58.0625, 71.6875, 51.46875, 10.0, 50.25, 145.375, 106.0, 42.4375, 39.125, 121.4375, 115.875, 87.6875, 76.1875, 103.8125, 80.25, 104.5625, 80.1875, 110.75, 125.0625, 136.25, 131.0, 101.125, 48.84375, 27.796875, 102.5, 117.875, 32.375, 133.25, 77.5, 47.09375, 80.0625, 117.5, 130.375, 64.625, 86.1875, 12.0390625, 93.625, 129.375, 92.1875, 99.75, 21.953125, 144.375, 95.4375, 172.875, 72.875, 105.6875, 105.125, 76.5625, 60.4375, 166.25, 30.015625, 44.28125, 43.03125, 69.375, 76.0625, 104.3125, 51.65625, 128.5, 41.78125, 45.5, 81.625, 121.25, 58.21875, 27.015625, 123.0625, 89.3125, 163.125, 51.25, 94.875, 47.0, 137.375, 67.1875, 132.75, 98.0625, 119.9375, 77.125, 74.6875, 124.75, 72.0, 70.0, 112.125, 59.09375, 151.875, 32.8125, 125.25, 64.0, 116.0, 84.875, 139.625, 67.0, 68.75, 59.65625, 54.5625, 56.875, 123.0, 79.875, 60.90625, 109.75], [111.375, 161.0, 181.75, 71.6875, 153.375, 147.125, 173.625, 43.40625, 51.09375, 110.625, 138.625, 167.875, 177.125, 103.375, 121.8125, 216.625, 72.0625, 127.75, 0.0, 141.625, 56.3125, 63.5, 90.375, 101.875, 39.5625, 97.75, 145.375, 117.375, 185.875, 191.0, 161.75, 166.875, 201.5, 159.375, 47.9375, 63.96875, 72.375, 51.46875, 93.125, 153.75, 135.75, 123.3125, 157.0, 168.25, 226.25, 96.1875, 85.1875, 150.625, 135.25, 123.375, 102.0625, 145.25, 47.3125, 193.125, 156.75, 88.625, 154.0, 63.25, 212.875, 130.875, 42.1875, 132.0, 163.25, 161.0, 147.125, 217.25, 19.640625, 132.375, 175.125, 223.5, 78.0, 183.625, 188.25, 177.0, 143.375, 74.6875, 29.828125, 141.375, 156.75, 164.5, 17.71875, 31.0625, 42.53125, 163.0, 78.3125, 104.0, 227.0, 67.5625, 177.25, 152.0, 75.625, 122.5625, 75.125, 204.625, 91.75, 114.0, 158.75, 181.625, 178.25, 169.75, 24.078125, 115.75, 21.265625, 117.375, 58.84375, 96.5625, 118.3125, 126.3125, 108.3125, 24.078125, 86.375, 107.625, 233.375, 162.75, 42.09375, 196.0, 216.0, 183.25, 83.5, 198.625, 212.125, 203.125, 67.25, 141.875, 32.75, 112.1875, 145.0, 25.5, 186.125, 159.75, 103.0625, 51.0, 173.625, 49.375, 183.75, 129.125, 84.875, 205.375, 138.875, 53.84375, 160.0, 202.25, 72.4375, 133.875, 127.125, 42.4375, 155.25, 196.375, 35.78125, 155.75, 63.625, 168.0, 161.125, 98.5, 143.75, 149.0, 70.75, 94.0625, 219.0, 156.0, 153.375, 152.5, 166.0, 55.4375, 106.5625, 72.5625, 122.8125, 133.625, 197.75, 165.625, 148.0, 211.625, 150.375, 26.625, 189.75, 68.5625, 217.25, 219.875, 57.5, 84.1875, 233.25, 57.5625, 98.0, 37.09375, 93.375, 134.0, 148.5, 210.25, 70.1875, 41.3125, 150.0, 167.0, 161.5, 133.75, 187.25, 157.0, 163.0, 41.0625, 48.28125, 68.875, 151.125], [30.53125, 136.25, 92.1875, 79.375, 105.0, 31.625, 49.65625, 138.375, 109.0, 69.0, 96.75, 90.4375, 45.1875, 97.3125, 20.8125, 80.5, 71.5, 48.0625, 141.625, 0.0, 98.75, 106.0, 57.8125, 112.625, 104.625, 77.25, 104.6875, 47.0, 66.375, 61.21875, 55.0, 26.0, 62.4375, 55.5625, 102.0, 126.625, 109.5625, 112.375, 56.34375, 53.15625, 30.234375, 49.375, 17.265625, 121.625, 86.625, 48.46875, 105.0625, 90.25, 83.5, 80.75, 84.5, 19.796875, 100.75, 76.5, 73.0, 63.5, 114.0, 81.0, 81.75, 104.75, 133.125, 118.5, 58.59375, 20.25, 131.0, 86.125, 126.5, 28.859375, 125.0625, 84.3125, 113.4375, 90.25, 76.5, 42.0, 43.5625, 74.3125, 119.5625, 36.0625, 143.125, 26.171875, 149.25, 126.5625, 106.0, 43.90625, 76.375, 87.25, 87.9375, 84.75, 102.1875, 94.375, 66.0625, 32.0625, 81.5, 75.3125, 66.125, 88.0625, 33.53125, 50.5, 44.0, 104.75, 129.875, 94.625, 142.25, 29.28125, 83.5, 45.21875, 47.0, 98.125, 120.6875, 117.625, 61.90625, 34.71875, 91.6875, 69.875, 109.5, 58.46875, 74.375, 121.625, 87.375, 59.78125, 72.4375, 78.25, 125.9375, 92.625, 123.5625, 95.0, 71.5625, 119.5, 69.875, 59.40625, 109.0625, 99.0, 72.0, 102.8125, 69.4375, 96.25, 103.5625, 66.4375, 52.8125, 124.0625, 85.625, 60.59375, 88.3125, 69.25, 112.9375, 121.25, 137.375, 63.0625, 130.625, 59.40625, 108.25, 102.3125, 127.875, 64.0, 5.83203125, 12.6484375, 71.25, 58.0625, 77.6875, 96.1875, 86.375, 85.5, 36.125, 110.25, 94.5625, 70.75, 74.8125, 86.375, 56.09375, 123.0625, 6.40234375, 71.125, 11.0, 142.25, 56.03125, 121.625, 77.625, 81.0, 84.1875, 63.5625, 91.9375, 96.5, 113.125, 114.5, 49.65625, 119.25, 76.0625, 80.0625, 71.5625, 115.9375, 38.28125, 95.6875, 21.9375, 116.75, 75.5625, 99.3125, 21.9375, 122.375, 100.125, 88.1875, 65.8125], [72.0625, 166.25, 163.375, 59.46875, 147.875, 114.1875, 121.5, 39.65625, 10.296875, 54.5625, 133.25, 111.5625, 126.8125, 49.34375, 77.9375, 178.75, 29.828125, 73.8125, 56.3125, 98.75, 0.0, 74.5, 41.21875, 52.4375, 20.609375, 41.4375, 90.625, 64.375, 155.625, 139.25, 134.375, 121.25, 161.125, 132.75, 53.03125, 33.0625, 25.0, 13.9296875, 43.1875, 99.3125, 103.4375, 69.375, 111.375, 114.0, 185.25, 64.75, 93.5, 139.75, 79.0, 113.75, 46.03125, 96.875, 11.1796875, 164.5, 100.6875, 36.78125, 99.9375, 45.875, 178.0, 76.9375, 34.40625, 137.5, 136.875, 115.75, 154.0, 182.5, 52.625, 82.25, 120.8125, 183.0, 92.4375, 127.5, 133.375, 127.6875, 90.0625, 24.40625, 54.125, 110.875, 166.0, 117.4375, 55.9375, 63.15625, 51.09375, 110.6875, 65.8125, 48.25, 186.625, 59.5, 121.0625, 96.0625, 40.1875, 72.875, 66.5, 170.625, 37.75, 109.1875, 108.25, 145.875, 128.5, 159.75, 60.71875, 113.8125, 47.40625, 82.25, 25.703125, 58.8125, 65.1875, 71.5625, 120.4375, 39.28125, 37.0, 64.5, 188.375, 140.875, 14.3203125, 146.875, 170.625, 128.0, 80.625, 150.125, 171.125, 171.25, 91.4375, 134.0, 27.296875, 57.5, 88.8125, 31.015625, 157.25, 104.9375, 110.5625, 7.2109375, 118.25, 7.0, 155.5, 125.4375, 33.28125, 156.625, 84.1875, 26.6875, 145.0, 157.375, 69.3125, 77.6875, 131.25, 22.671875, 162.5, 145.375, 32.5625, 131.5, 16.546875, 112.0625, 162.875, 43.84375, 99.1875, 102.8125, 42.1875, 71.0, 172.5, 100.0625, 140.25, 96.25, 115.875, 13.0390625, 106.0625, 30.8125, 66.5, 124.75, 153.375, 164.25, 104.875, 164.125, 105.25, 72.75, 139.25, 89.8125, 168.625, 179.75, 33.25, 61.21875, 189.75, 2.236328125, 49.21875, 55.75, 60.03125, 139.375, 92.25, 175.875, 35.0, 61.84375, 118.9375, 154.25, 120.4375, 81.9375, 132.375, 101.1875, 117.9375, 67.75, 10.296875, 13.0, 130.375], [77.5, 98.75, 121.3125, 28.015625, 90.0, 99.125, 150.25, 93.6875, 78.75, 110.1875, 75.4375, 165.5, 149.5, 119.1875, 91.375, 168.5, 61.71875, 115.125, 63.5, 106.0, 74.5, 0.0, 78.125, 125.875, 56.9375, 102.5625, 155.75, 104.375, 132.25, 165.25, 107.5, 131.75, 156.75, 104.6875, 21.953125, 102.9375, 99.5, 82.125, 80.9375, 138.875, 88.5625, 111.625, 123.25, 179.375, 181.0, 58.40625, 22.09375, 88.375, 138.375, 61.71875, 111.0, 117.5, 64.375, 138.0, 149.875, 81.5625, 166.125, 34.9375, 161.875, 144.75, 89.5, 69.375, 108.1875, 126.125, 85.1875, 166.0, 44.09375, 110.0625, 185.625, 177.5, 18.03125, 175.875, 172.125, 147.375, 126.5625, 72.1875, 34.0, 91.8125, 95.8125, 132.0, 80.0625, 33.53125, 25.625, 141.0, 29.609375, 114.25, 180.875, 23.1875, 177.125, 156.0, 54.71875, 101.25, 24.515625, 153.25, 88.125, 51.25, 133.375, 133.125, 149.125, 106.875, 40.25, 52.40625, 79.25, 76.9375, 52.8125, 66.0, 105.3125, 138.25, 47.75, 48.0625, 76.3125, 80.0, 192.75, 104.8125, 68.9375, 164.5, 177.0, 189.625, 23.34375, 165.625, 167.625, 150.0, 21.21875, 79.0625, 74.0, 125.375, 140.5, 60.4375, 131.5, 146.0, 40.3125, 67.625, 161.125, 70.1875, 128.75, 65.75, 106.75, 172.25, 127.125, 93.0, 98.8125, 163.25, 17.71875, 130.625, 64.0625, 81.0, 93.5625, 168.375, 82.5625, 99.75, 90.625, 170.875, 98.0, 94.5625, 110.1875, 116.875, 46.5, 48.09375, 181.375, 159.75, 91.6875, 152.375, 138.875, 84.3125, 43.1875, 61.28125, 124.0625, 71.3125, 158.25, 102.25, 111.8125, 176.125, 116.6875, 47.0, 161.25, 17.71875, 183.125, 174.0, 44.40625, 43.1875, 190.625, 73.6875, 123.0625, 27.015625, 59.03125, 71.375, 145.25, 158.875, 53.71875, 22.203125, 99.875, 104.9375, 120.6875, 152.375, 171.125, 161.75, 127.625, 24.171875, 65.0, 79.375, 93.25], [34.125, 150.125, 131.875, 51.875, 125.6875, 76.8125, 83.25, 80.8125, 51.40625, 33.0, 112.375, 87.5625, 87.125, 51.46875, 37.125, 138.25, 19.234375, 39.125, 90.375, 57.8125, 41.21875, 78.125, 0.0, 64.3125, 51.0, 30.015625, 79.8125, 28.15625, 118.0625, 100.625, 99.0625, 80.0625, 120.25, 98.0, 63.28125, 69.3125, 53.15625, 54.65625, 3.0, 64.75, 67.125, 35.0, 70.1875, 102.875, 144.25, 35.78125, 89.375, 114.5625, 60.90625, 92.3125, 39.4375, 56.09375, 45.0, 127.5625, 72.5625, 7.0703125, 90.4375, 43.40625, 138.375, 71.5, 75.625, 124.0625, 102.0, 74.5, 140.125, 142.75, 79.3125, 42.1875, 108.75, 142.0, 93.0625, 99.25, 99.4375, 87.4375, 53.59375, 16.96875, 75.5625, 75.0625, 152.75, 76.375, 94.625, 84.3125, 65.0, 72.625, 54.65625, 43.03125, 145.625, 55.53125, 99.0625, 78.25, 23.40625, 32.4375, 58.3125, 131.25, 13.4140625, 92.0, 68.625, 106.3125, 88.5, 133.75, 85.1875, 98.0625, 86.8125, 46.0, 32.75, 25.296875, 29.15625, 64.375, 114.0, 67.6875, 4.2421875, 24.734375, 147.125, 108.4375, 53.15625, 106.625, 129.5, 111.8125, 71.625, 109.625, 130.125, 132.75, 99.0625, 111.375, 67.25, 54.09375, 62.59375, 65.875, 120.375, 71.4375, 102.3125, 42.53125, 86.1875, 45.96875, 118.9375, 106.75, 50.03125, 116.1875, 51.03125, 66.25, 116.6875, 116.1875, 64.4375, 52.5, 117.6875, 63.875, 148.25, 106.1875, 73.5625, 98.1875, 50.6875, 92.875, 144.625, 17.6875, 58.0, 61.625, 31.625, 48.0, 131.5, 81.875, 113.5, 74.3125, 76.0, 52.46875, 92.625, 19.109375, 46.65625, 102.4375, 112.1875, 143.625, 63.8125, 123.3125, 64.0, 98.3125, 99.625, 95.8125, 128.25, 138.75, 38.0, 42.4375, 148.5, 39.0625, 63.34375, 73.0, 30.890625, 125.625, 67.1875, 136.375, 25.171875, 77.0625, 82.375, 126.625, 79.625, 81.375, 98.5, 84.0625, 76.6875, 84.0625, 44.21875, 30.40625, 99.3125], [97.0, 211.75, 195.625, 106.625, 189.25, 138.125, 112.6875, 65.0625, 52.40625, 44.15625, 175.5, 79.375, 122.125, 15.5234375, 95.0, 190.625, 69.125, 68.625, 101.875, 112.625, 52.4375, 125.875, 64.3125, 0.0, 72.6875, 36.0625, 47.8125, 65.9375, 178.125, 129.5, 161.5, 127.1875, 17