{"name": "LZB_n30_2", "n": 30, "m": 9, "times": [[0.0, 24.1867733001709, 77.23341369628906, 32.38827133178711, 28.42534065246582, 74.63243103027344, 117.4137954711914, 105.08092498779297, 28.44292449951172, 87.32124328613281, 113.6485824584961, 87.57283020019531, 104.9952392578125, 112.53887939453125, 89.05054473876953, 8.062257766723633, 49.81967544555664, 56.603885650634766, 112.80514526367188, 150.33628845214844, 124.81185913085938, 66.61080932617188, 109.8954086303711, 120.5694808959961, 79.69943237304688, 98.73702239990234, 117.1067886352539, 5.830951690673828, 66.60330200195312, 39.0, 49.09175109863281, 36.49657440185547, 111.3058853149414, 115.97413635253906, 75.02666473388672, 59.66573715209961, 117.9237060546875, 89.9388656616211, 78.18567657470703, 110.45361328125, 38.07886505126953, 130.80137634277344, 57.314918518066406, 77.6208724975586, 93.81364440917969, 42.52058410644531, 125.15989685058594, 92.02173614501953, 111.3058853149414, 106.77546691894531, 141.3541717529297, 52.801513671875, 82.97589874267578, 70.25667572021484, 91.7060546875, 71.11258697509766, 150.8939971923828, 120.22062683105469, 95.50916290283203, 68.65857696533203], [24.1867733001709, 0.0, 66.70832061767578, 34.66987228393555, 46.097721099853516, 96.64884948730469, 104.8475112915039, 116.7261734008789, 4.4721360206604, 103.5857162475586, 95.0, 91.08238220214844, 81.3449478149414, 93.86160278320312, 80.65357971191406, 22.360679626464844, 48.383880615234375, 51.35172653198242, 127.02755737304688, 133.20660400390625, 119.57006072998047, 64.76110076904297, 112.44554138183594, 102.44998931884766, 92.43917083740234, 90.47651672363281, 93.34345245361328, 27.073972702026367, 82.6619644165039, 34.20526123046875, 25.0, 37.58989334106445, 87.132080078125, 91.78779602050781, 98.67117309570312, 38.01315689086914, 98.35140991210938, 73.43023681640625, 92.0869140625, 102.78618621826172, 47.381431579589844, 120.74767303466797, 33.13608169555664, 100.44898986816406, 72.4706802368164, 32.015621185302734, 101.98039245605469, 80.52949523925781, 127.78105926513672, 126.82270812988281, 125.9920654296875, 72.09021759033203, 104.00961303710938, 46.87216567993164, 106.60675048828125, 79.12016296386719, 138.6794891357422, 129.80755615234375, 74.24958038330078, 80.13114166259766], [77.23341369628906, 66.70832061767578, 0.0, 101.07422637939453, 105.64563751220703, 113.0, 40.360870361328125, 90.82400512695312, 67.06713104248047, 95.7078857421875, 49.162994384765625, 50.21951675415039, 102.4743881225586, 137.76791381835938, 15.0, 69.35416412353516, 114.94781494140625, 23.25940704345703, 106.92988586425781, 77.8331527709961, 55.03635025024414, 130.91983032226562, 63.0079345703125, 53.0848388671875, 77.1297607421875, 24.331050872802734, 84.64632415771484, 82.97589874267578, 143.8367156982422, 100.6578369140625, 61.032779693603516, 104.21611785888672, 95.42536163330078, 97.08243560791016, 124.90796661376953, 44.55333709716797, 138.8848419189453, 125.32357788085938, 80.41144561767578, 36.67424011230469, 112.36102294921875, 54.20331954956055, 64.28063201904297, 148.18907165527344, 110.86027526855469, 35.510562896728516, 123.49089050292969, 14.866068840026855, 115.108642578125, 128.1327362060547, 66.24198150634766, 129.4179229736328, 114.07015228271484, 55.36244201660156, 93.40770721435547, 56.51548385620117, 73.66138458251953, 95.2680435180664, 49.40647888183594, 66.61080932617188], [32.38827133178711, 34.66987228393555, 101.07422637939453, 0.0, 25.079872131347656, 99.90495300292969, 139.51702880859375, 137.277099609375, 35.46829605102539, 118.18629455566406, 128.1444549560547, 119.10499572753906, 95.0, 89.55445098876953, 114.63420104980469, 39.0128173828125, 17.464248657226562, 83.81526947021484, 144.31216430664062, 166.88319396972656, 152.73834228515625, 34.2344856262207, 141.2869415283203, 135.83078002929688, 111.82575988769531, 124.4829330444336, 117.95338439941406, 28.160255432128906, 52.201534271240234, 10.770329475402832, 52.69725036621094, 4.123105525970459, 106.0660171508789, 111.3058853149414, 95.42536163330078, 70.1783447265625, 96.15092468261719, 65.19202423095703, 110.0636215209961, 136.69308471679688, 14.866068840026855, 155.2353057861328, 58.13776779174805, 80.8949966430664, 76.90253448486328, 65.79513549804688, 112.00892639160156, 115.10430145263672, 141.7674102783203, 134.2013397216797, 160.31219482421875, 47.0, 109.63575744628906, 75.29276275634766, 123.13001251220703, 103.3924560546875, 173.349365234375, 152.59095764160156, 105.43718719482422, 101.0], [28.42534065246582, 46.097721099853516, 105.64563751220703, 25.079872131347656, 0.0, 77.93586730957031, 145.7738037109375, 123.49089050292969, 49.04079818725586, 101.13851928710938, 140.356689453125, 112.53887939453125, 118.4229736328125, 114.52947235107422, 117.4137954711914, 36.400550842285156, 38.18376541137695, 84.87638092041016, 128.09762573242188, 177.80044555664062, 152.53196716308594, 51.62363815307617, 134.85177612304688, 147.5567626953125, 98.18350219726562, 127.06297302246094, 137.67352294921875, 22.671567916870117, 38.20994567871094, 35.84689712524414, 69.6419448852539, 27.784887313842773, 128.09762573242188, 133.18408203125, 71.44927978515625, 84.09518432617188, 121.20230865478516, 90.04998779296875, 95.52486419677734, 138.6794891357422, 17.492855072021484, 159.2011260986328, 76.68767547607422, 57.03507614135742, 101.6513671875, 70.71067810058594, 136.31214904785156, 120.41594696044922, 123.64869689941406, 113.0177001953125, 169.33103942871094, 26.0, 88.32327270507812, 92.34716796875, 107.07940673828125, 94.04785919189453, 179.30142211914062, 140.08926391601562, 120.34117889404297, 89.05054473876953], [74.63243103027344, 96.64884948730469, 113.0, 99.90495300292969, 77.93586730957031, 0.0, 148.0810546875, 66.24198150634766, 101.11874389648438, 37.58989334106445, 161.37533569335938, 83.52843475341797, 177.6119384765625, 186.80738830566406, 115.9482650756836, 74.30342864990234, 115.60276794433594, 91.13726043701172, 61.84658432006836, 189.70767211914062, 133.7759246826172, 129.54150390625, 99.90495300292969, 165.97891235351562, 49.57822036743164, 122.38055419921875, 182.010986328125, 75.28611755371094, 94.5409927368164, 109.62207794189453, 119.23086547851562, 103.5857162475586, 181.22085571289062, 185.310546875, 18.357559204101562, 122.48265075683594, 192.42660522460938, 163.52674865722656, 44.59820556640625, 129.4681396484375, 95.41488647460938, 152.20053100585938, 127.76932525634766, 64.53681182861328, 168.3597412109375, 94.20191192626953, 198.56736755371094, 125.51493835449219, 52.08646774291992, 35.34119415283203, 176.37744140625, 77.36924743652344, 11.180339813232422, 136.12493896484375, 45.650848388671875, 63.50590515136719, 175.55911254882812, 84.07734680175781, 152.64337158203125, 51.88448715209961], [117.4137954711914, 104.8475112915039, 40.360870361328125, 139.51702880859375, 145.7738037109375, 148.0810546875, 0.0, 111.15754699707031, 104.44615936279297, 124.32618713378906, 36.359317779541016, 71.02816009521484, 118.53269958496094, 161.01242065429688, 32.31098937988281, 109.60382843017578, 152.11837768554688, 63.0079345703125, 128.2692413330078, 43.0, 39.59798049926758, 167.2871856689453, 71.16881561279297, 33.241539001464844, 105.385009765625, 26.172504425048828, 87.72685241699219, 123.10971069335938, 183.9836883544922, 137.82960510253906, 93.6375961303711, 142.35870361328125, 106.04244232177734, 105.6219711303711, 161.7559814453125, 74.63243103027344, 160.31219482421875, 153.4438018798828, 109.65856170654297, 24.698177337646484, 151.60475158691406, 20.2237491607666, 94.11163330078125, 188.0452117919922, 134.0037384033203, 75.1664810180664, 136.56134033203125, 25.495098114013672, 139.3592529296875, 157.31814575195312, 28.44292449951172, 169.75865173339844, 147.29901123046875, 79.76214599609375, 120.01666259765625, 86.14522552490234, 33.83784866333008, 109.11003875732422, 56.88584899902344, 97.67292022705078], [105.08092498779297, 116.7261734008789, 90.82400512695312, 137.277099609375, 123.49089050292969, 66.24198150634766, 111.15754699707031, 0.0, 120.35364532470703, 28.65309715270996, 137.29530334472656, 41.43669891357422, 185.2835693359375, 209.45883178710938, 84.75848388671875, 99.6242904663086, 154.73849487304688, 79.30951690673828, 17.11724281311035, 153.83432006835938, 82.87339782714844, 171.268798828125, 43.73785400390625, 138.8848419189453, 25.495098114013672, 86.12200927734375, 174.7340850830078, 109.1421127319336, 151.7432098388672, 143.89231872558594, 130.0, 141.400146484375, 182.3321075439453, 184.91078186035156, 84.59905242919922, 123.03658294677734, 213.0164337158203, 190.11837768554688, 28.017850875854492, 87.28115844726562, 139.44174194335938, 107.07473754882812, 137.277099609375, 129.44883728027344, 185.421142578125, 95.13148498535156, 207.19314575195312, 96.79875946044922, 29.614185333251953, 53.712196350097656, 138.43771362304688, 133.6338348388672, 58.00862121582031, 137.20787048339844, 20.59126091003418, 39.051246643066406, 129.5569305419922, 18.027755737304688, 139.94284057617188, 36.769554138183594], [28.44292449951172, 4.4721360206604, 67.06713104248047, 35.46829605102539, 49.04079818725586, 101.11874389648438, 104.44615936279297, 120.35364532470703, 0.0, 107.71257781982422, 93.08598327636719, 93.74433135986328, 76.89603424072266, 89.8109130859375, 81.32035064697266, 26.832815170288086, 47.92702865600586, 53.037723541259766, 130.91983032226562, 131.59027099609375, 120.61923217773438, 63.89052963256836, 114.85643005371094, 100.6578369140625, 96.25486755371094, 91.0933609008789, 89.5600357055664, 31.0, 84.90583038330078, 33.61547088623047, 21.095022201538086, 38.01315689086914, 82.87339782714844, 87.57283020019531, 103.09219360351562, 35.510562896728516, 94.17536926269531, 69.77105712890625, 96.02082824707031, 103.44564056396484, 48.91830062866211, 120.83045959472656, 29.017236709594727, 104.08650207519531, 68.11754608154297, 33.241539001464844, 97.50897216796875, 80.52949523925781, 131.89389038085938, 131.2097625732422, 124.84390258789062, 75.02666473388672, 108.45275115966797, 43.416587829589844, 110.60289001464844, 82.46211242675781, 138.231689453125, 133.154052734375, 71.58910369873047, 83.86298370361328], [87.32124328613281, 103.5857162475586, 95.7078857421875, 118.18629455566406, 101.13851928710938, 37.58989334106445, 124.32618713378906, 28.65309715270996, 107.71257781982422, 0.0, 144.68240356445312, 54.12947463989258, 179.2010040283203, 197.43353271484375, 94.04785919189453, 83.48652648925781, 135.3846435546875, 78.18567657470703, 27.166154861450195, 167.24234008789062, 102.88343048095703, 151.22169494628906, 65.86349487304688, 147.76332092285156, 19.0, 98.18350219726562, 175.04571533203125, 90.3382568359375, 126.00396728515625, 126.12692260742188, 121.26417541503906, 122.24974060058594, 179.0474853515625, 182.3321075439453, 55.94640350341797, 118.51160430908203, 201.88363647460938, 176.23280334472656, 15.29705810546875, 102.59142303466797, 118.00423431396484, 124.42668151855469, 129.32130432128906, 101.19288635253906, 175.36817932128906, 89.04492950439453, 201.0223846435547, 105.3043212890625, 24.20743751525879, 33.0151481628418, 152.64337158203125, 108.00463104248047, 29.73213768005371, 132.92478942871094, 8.062257766723633, 39.31920623779297, 147.70916748046875, 46.51881408691406, 142.00352478027344, 29.4108829498291], [113.6485824584961, 95.0, 49.162994384765625, 128.1444549560547, 140.356689453125, 161.37533569335938, 36.359317779541016, 137.29530334472656, 93.08598327636719, 144.68240356445312, 0.0, 95.85926818847656, 86.0, 131.10682678222656, 52.55473327636719, 106.8877944946289, 137.44090270996094, 70.25667572021484, 154.0032501220703, 39.20458984375, 75.43209075927734, 150.6021270751953, 102.08329772949219, 8.062257766723633, 125.93649291992188, 53.0, 51.865211486816406, 118.70130920410156, 177.6288299560547, 123.79418182373047, 76.48529052734375, 130.1383819580078, 71.70076751708984, 70.61161041259766, 172.13076782226562, 58.0, 129.31356811523438, 127.440185546875, 129.4024658203125, 58.0, 141.99295043945312, 55.54277801513672, 73.81734466552734, 190.00262451171875, 104.92378234863281, 72.80110168457031, 102.25947570800781, 40.49691390991211, 163.2329559326172, 177.2484130859375, 37.10795211791992, 166.01205444335938, 163.0, 56.603885650634766, 141.99295043945312, 105.38026428222656, 59.0, 138.6542510986328, 26.570659637451172, 115.73245239257812], [87.57283020019531, 91.08238220214844, 50.21951675415039, 119.10499572753906, 112.53887939453125, 83.52843475341797, 71.02816009521484, 41.43669891357422, 93.74433135986328, 54.12947463989258, 95.85926818847656, 0.0, 149.20120239257812, 178.60011291503906, 43.32435989379883, 80.22468566894531, 136.00367736816406, 43.8292121887207, 58.24087905883789, 114.01753997802734, 50.2493782043457, 153.00326538085938, 22.360679626464844, 97.52947998046875, 35.735137939453125, 45.27692413330078, 134.80726623535156, 92.9139404296875, 147.25827026367188, 123.1015853881836, 98.0866928100586, 123.06502532958984, 144.2775115966797, 146.386474609375, 100.0, 87.3670425415039, 181.1215057373047, 161.91355895996094, 40.49691390991211, 48.50773239135742, 125.44719696044922, 70.3420181274414, 104.20172882080078, 136.65284729003906, 152.95750427246094, 62.96824645996094, 170.85665893554688, 55.36244201660156, 68.4689712524414, 86.83317565917969, 99.04544067382812, 129.8653106689453, 80.11241912841797, 100.80178833007812, 49.162994384765625, 21.260292053222656, 93.68030548095703, 45.27692413330078, 99.6242904663086, 32.015621185302734], [104.9952392578125, 81.3449478149414, 102.4743881225586, 95.0, 118.4229736328125, 177.6119384765625, 118.53269958496094, 185.2835693359375, 76.89603424072266, 179.2010040283203, 86.0, 149.20120239257812, 0.0, 47.16990661621094, 115.87062072753906, 103.61949920654297, 92.57429504394531, 106.30146026611328, 198.84918212890625, 119.43617248535156, 152.42703247070312, 97.14422607421875, 165.15750122070312, 93.08598327636719, 164.4384307861328, 122.56018829345703, 40.71854782104492, 106.48004150390625, 145.12063598632812, 85.09406280517578, 58.66856002807617, 94.08506774902344, 18.027755737304688, 22.671567916870117, 179.9472198486328, 62.28964614868164, 43.931766510009766, 53.15073013305664, 165.556640625, 132.81565856933594, 109.11461639404297, 138.7551727294922, 50.2493782043457, 175.41094970703125, 26.248809814453125, 90.68627166748047, 21.931713104248047, 106.97663116455078, 202.71408081054688, 205.97329711914062, 122.3315200805664, 142.0, 184.29595947265625, 48.41487503051758, 180.4051055908203, 146.37281799316406, 145.0, 193.98196411132812, 61.66035842895508, 151.7432098388672], [112.53887939453125, 93.86160278320312, 137.76791381835938, 89.55445098876953, 114.52947235107422, 186.80738830566406, 161.01242065429688, 209.45883178710938, 89.8109130859375, 197.43353271484375, 131.10682678222656, 178.60011291503906, 47.16990661621094, 0.0, 152.3975067138672, 114.58621215820312, 78.77182006835938, 134.85177612304688, 220.63998413085938, 166.1385040283203, 191.3661346435547, 74.67261505126953, 197.44873046875, 138.6001434326172, 185.88436889648438, 160.4618377685547, 87.8464584350586, 111.52130126953125, 129.63409423828125, 78.892333984375, 80.52949523925781, 86.76981353759766, 64.88451385498047, 68.88395690917969, 184.439697265625, 93.40770721435547, 8.062257766723633, 24.698177337646484, 185.80096435546875, 171.82839965820312, 99.92497253417969, 181.0690460205078, 74.67261505126953, 167.6305389404297, 27.166154861450195, 115.83177185058594, 43.931766510009766, 145.523193359375, 221.6348419189453, 219.2760772705078, 168.0238037109375, 132.51792907714844, 195.4891357421875, 83.02409362792969, 200.41207885742188, 170.81568908691406, 189.7630157470703, 221.07012939453125, 105.3043212890625, 173.35801696777344], [89.05054473876953, 80.65357971191406, 15.0, 114.63420104980469, 117.4137954711914, 115.9482650756836, 32.31098937988281, 84.75848388671875, 81.32035064697266, 94.04785919189453, 52.55473327636719, 43.32435989379883, 115.87062072753906, 152.3975067138672, 0.0, 81.02468872070312, 129.02713012695312, 32.649654388427734, 101.53324890136719, 73.97972869873047, 40.04996871948242, 145.20675659179688, 51.62363815307617, 54.34151077270508, 75.05997467041016, 9.848857879638672, 94.76286315917969, 94.86833190917969, 155.4155731201172, 114.7911148071289, 76.02631378173828, 117.9237060546875, 107.61505126953125, 108.811767578125, 129.44883728027344, 59.41380310058594, 153.31015014648438, 140.2889862060547, 79.0, 22.135944366455078, 125.29964447021484, 41.86884307861328, 79.22752380371094, 156.60459899902344, 125.39936065673828, 48.84669876098633, 136.4734344482422, 12.083045959472656, 111.1980209350586, 127.0157470703125, 60.4400520324707, 140.2640380859375, 115.5724868774414, 69.6419448852539, 90.55384826660156, 55.03635025024414, 63.25345993041992, 86.60831451416016, 59.46427536010742, 66.27216339111328], [8.062257766723633, 22.360679626464844, 69.35416412353516, 39.0128173828125, 36.400550842285156, 74.30342864990234, 109.60382843017578, 99.6242904663086, 26.832815170288086, 83.48652648925781, 106.8877944946289, 80.22468566894531, 103.61949920654297, 114.58621215820312, 81.02468872070312, 0.0, 56.22277069091797, 48.54894256591797, 108.24047088623047, 143.12232971191406, 116.7775650024414, 73.17103576660156, 102.48902130126953, 113.6485824584961, 74.46475982666016, 90.69729614257812, 113.0177001953125, 13.892443656921387, 74.5184555053711, 44.384681701660156, 46.097721099853516, 43.046485900878906, 108.68302154541016, 113.1591796875, 76.65507507324219, 54.451812744140625, 119.55333709716797, 92.80086517333984, 73.34848022460938, 102.39628601074219, 45.880279541015625, 122.80065155029297, 54.5710563659668, 83.48652648925781, 94.40338897705078, 35.0, 124.33824920654297, 84.17243957519531, 107.64757537841797, 104.9952392578125, 133.8431854248047, 60.30754470825195, 81.84130859375, 66.00757598876953, 87.32124328613281, 64.49806213378906, 143.01048278808594, 114.2365951538086, 89.73851013183594, 62.93647766113281], [49.81967544555664, 48.383880615234375, 114.94781494140625, 17.464248657226562, 38.18376541137695, 115.60276794433594, 152.11837768554688, 154.73849487304688, 47.92702865600586, 135.3846435546875, 137.44090270996094, 136.00367736816406, 92.57429504394531, 78.77182006835938, 129.02713012695312, 56.22277069091797, 0.0, 99.2471694946289, 161.64466857910156, 176.5814208984375, 167.86900329589844, 17.0, 158.0791015625, 145.34442138671875, 129.2826385498047, 138.8416290283203, 120.74767303466797, 45.607017517089844, 53.00943374633789, 14.317821502685547, 60.95900344848633, 13.34166431427002, 105.9480972290039, 111.3193588256836, 109.62207794189453, 79.8122787475586, 86.02325439453125, 54.08327102661133, 127.48725128173828, 151.16217041015625, 21.63330841064453, 168.7512969970703, 64.44377136230469, 88.86506652832031, 71.0, 80.36167907714844, 107.01869201660156, 128.4445343017578, 158.8238067626953, 150.33628845214844, 171.2337646484375, 53.75872039794922, 125.67020416259766, 82.134033203125, 140.45640563964844, 120.70211029052734, 185.8090362548828, 170.03823852539062, 113.17243194580078, 118.45674133300781], [56.603885650634766, 51.35172653198242, 23.25940704345703, 83.81526947021484, 84.87638092041016, 91.13726043701172, 63.0079345703125, 79.30951690673828, 53.037723541259766, 78.18567657470703, 70.25667572021484, 43.8292121887207, 106.30146026611328, 134.85177612304688, 32.649654388427734, 48.54894256591797, 99.2471694946289, 0.0, 93.81364440917969, 101.0197982788086, 68.94925689697266, 115.91807556152344, 63.06346130371094, 75.13321685791016, 60.8276252746582, 42.20189666748047, 97.04637908935547, 62.433963775634766, 122.80065155029297, 85.32877349853516, 54.424259185791016, 87.36132049560547, 103.07764434814453, 105.80170440673828, 102.18121337890625, 44.04542922973633, 137.29530334472656, 118.84864044189453, 63.158531188964844, 53.851646423339844, 93.52005004882812, 74.5184555053711, 60.373836517333984, 125.09596252441406, 109.12836456298828, 20.099750518798828, 128.1444549560547, 37.735923767089844, 99.76472473144531, 109.3846435546875, 89.47066497802734, 107.62899017333984, 93.19334411621094, 58.0, 77.36924743652344, 41.04875183105469, 95.52486419677734, 87.80091094970703, 63.89052963256836, 48.84669876098633], [112.80514526367188, 127.02755737304688, 106.92988586425781, 144.31216430664062, 128.09762573242188, 61.84658432006836, 128.2692413330078, 17.11724281311035, 130.91983032226562, 27.166154861450195, 154.0032501220703, 58.24087905883789, 198.84918212890625, 220.63998413085938, 101.53324890136719, 108.24047088623047, 161.64466857910156, 93.81364440917969, 0.0, 170.95028686523438, 99.50376892089844, 177.72450256347656, 60.29925537109375, 155.76905822753906, 34.828147888183594, 103.16007232666016, 190.19200134277344, 116.24542999267578, 153.01307678222656, 151.79591369628906, 142.3411407470703, 148.40821838378906, 196.81463623046875, 199.61212158203125, 79.69943237304688, 136.88316345214844, 224.61744689941406, 200.33970642089844, 34.98571014404297, 104.3886947631836, 144.8067626953125, 124.01612854003906, 149.96665954589844, 126.37246704101562, 197.43353271484375, 108.2081298828125, 220.7804412841797, 113.52973175048828, 14.422204971313477, 41.03656768798828, 155.54420471191406, 135.0592498779297, 51.865211486816406, 151.21177673339844, 21.189620971679688, 52.801513671875, 146.34207153320312, 27.459060668945312, 155.7080535888672, 47.50789260864258], [150.33628845214844, 133.20660400390625, 77.8331527709961, 166.88319396972656, 177.80044555664062, 189.70767211914062, 43.0, 153.83432006835938, 131.59027099609375, 167.24234008789062, 39.20458984375, 114.01753997802734, 119.43617248535156, 166.1385040283203, 73.97972869873047, 143.12232971191406, 176.5814208984375, 101.0197982788086, 170.95028686523438, 0.0, 76.32168579101562, 189.80516052246094, 112.5877456665039, 31.240999221801758, 148.2733917236328, 69.065185546875, 80.3056640625, 155.65667724609375, 215.52029418945312, 162.8557586669922, 115.6243896484375, 169.0118408203125, 102.956298828125, 100.40418243408203, 202.4845733642578, 96.93812561035156, 163.36769104003906, 164.92422485351562, 152.4729461669922, 66.61080932617188, 180.47991943359375, 50.15974426269531, 113.00442504882812, 225.00222778320312, 141.03900146484375, 108.22661590576172, 132.24220275878906, 64.28841400146484, 182.27452087402344, 200.24984741210938, 15.81138801574707, 203.08865356445312, 189.55210876464844, 95.69221496582031, 163.01226806640625, 128.7633514404297, 36.878177642822266, 150.65855407714844, 65.0, 140.16062927246094], [124.81185913085938, 119.57006072998047, 55.03635025024414, 152.73834228515625, 152.53196716308594, 133.7759246826172, 39.59798049926758, 82.87339782714844, 120.61923217773438, 102.88343048095703, 75.43209075927734, 50.2493782043457, 152.42703247070312, 191.3661346435547, 40.04996871948242, 116.7775650024414, 167.86900329589844, 68.94925689697266, 99.50376892089844, 76.32168579101562, 0.0, 184.32850646972656, 39.20458984375, 72.83543395996094, 85.42832946777344, 31.064449310302734, 125.5388412475586, 130.6139373779297, 189.67868041992188, 153.76930236816406, 116.0689468383789, 156.23699951171875, 141.94717407226562, 142.2251739501953, 150.08331298828125, 99.12618255615234, 191.80198669433594, 180.1360626220703, 90.3382568359375, 19.646883010864258, 162.308349609375, 26.248809814453125, 119.06720733642578, 184.58872985839844, 164.23458862304688, 87.55569458007812, 171.95639038085938, 45.89117431640625, 112.44998931884766, 134.48048400878906, 60.539241790771484, 173.349365234375, 130.14222717285156, 108.34204864501953, 96.76776123046875, 70.80254364013672, 47.0, 76.16429901123047, 92.19544219970703, 82.09750366210938], [66.61080932617188, 64.76110076904297, 130.91983032226562, 34.2344856262207, 51.62363815307617, 129.54150390625, 167.2871856689453, 171.268798828125, 63.89052963256836, 151.22169494628906, 150.6021270751953, 153.00326538085938, 97.14422607421875, 74.67261505126953, 145.20675659179688, 73.17103576660156, 17.0, 115.91807556152344, 177.72450256347656, 189.80516052246094, 184.32850646972656, 0.0, 175.0714111328125, 158.60012817382812, 145.78408813476562, 154.98387145996094, 129.24781799316406, 62.169124603271484, 55.36244201660156, 30.5941162109375, 74.625732421875, 30.149627685546875, 112.25862884521484, 117.63077545166016, 122.02458953857422, 93.81364440917969, 82.49242401123047, 51.009803771972656, 143.84019470214844, 167.33499145507812, 34.13209533691406, 184.3963165283203, 76.83749389648438, 95.77056121826172, 73.00685119628906, 96.7729263305664, 108.67382049560547, 144.1006622314453, 174.38462829589844, 164.6389923095703, 185.2997589111328, 61.29437255859375, 139.94284057617188, 94.3663101196289, 156.5407257080078, 137.6154022216797, 200.8033905029297, 186.7618865966797, 125.4950180053711, 135.1480712890625], [109.8954086303711, 112.44554138183594, 63.0079345703125, 141.2869415283203, 134.85177612304688, 99.90495300292969, 71.16881561279297, 43.73785400390625, 114.85643005371094, 65.86349487304688, 102.08329772949219, 22.360679626464844, 165.15750122070312, 197.44873046875, 51.62363815307617, 102.48902130126953, 158.0791015625, 63.06346130371094, 60.29925537109375, 112.5877456665039, 39.20458984375, 175.0714111328125, 0.0, 102.0, 50.32891845703125, 49.09175109863281, 146.37281799316406, 115.26057434082031, 169.2483367919922, 145.00344848632812, 117.34138488769531, 145.22052001953125, 158.404541015625, 159.92811584472656, 117.38824462890625, 104.69479370117188, 199.46177673339844, 181.9120635986328, 55.31726837158203, 46.48655700683594, 147.800537109375, 64.1248779296875, 122.7762222290039, 156.72268676757812, 171.2308349609375, 82.97589874267578, 186.38668823242188, 63.12685775756836, 73.34848022460938, 96.2081069946289, 96.8813705444336, 151.7135467529297, 94.62557983398438, 117.23907470703125, 59.03388977050781, 42.04759216308594, 86.09297180175781, 38.07886505126953, 111.0360336303711, 51.03919982910156], [120.5694808959961, 102.44998931884766, 53.0848388671875, 135.83078002929688, 147.5567626953125, 165.97891235351562, 33.241539001464844, 138.8848419189453, 100.6578369140625, 147.76332092285156, 8.062257766723633, 97.52947998046875, 93.08598327636719, 138.6001434326172, 54.34151077270508, 113.6485824584961, 145.34442138671875, 75.13321685791016, 155.76905822753906, 31.240999221801758, 72.83543395996094, 158.60012817382812, 102.0, 0.0, 128.87591552734375, 53.3104133605957, 57.48912811279297, 125.71794128417969, 185.0, 131.64346313476562, 84.38601684570312, 137.88763427734375, 78.23043060302734, 76.79192352294922, 177.2907257080078, 65.76473236083984, 136.61990356445312, 135.3513946533203, 132.54432678222656, 56.61272048950195, 149.57606506347656, 51.107730865478516, 81.84130859375, 196.4739227294922, 112.5877456665039, 79.2022705078125, 108.66461944580078, 42.57933807373047, 165.52944946289062, 180.5436248779297, 29.42787742614746, 173.10401916503906, 167.14663696289062, 64.66065216064453, 144.68240356445312, 108.46197509765625, 52.15361785888672, 139.2048797607422, 34.539833068847656, 119.15116119384766], [79.69943237304688, 92.43917083740234, 77.1297607421875, 111.82575988769531, 98.18350219726562, 49.57822036743164, 105.385009765625, 25.495098114013672, 96.25486755371094, 19.0, 125.93649291992188, 35.735137939453125, 164.4384307861328, 185.88436889648438, 75.05997467041016, 74.46475982666016, 129.2826385498047, 60.8276252746582, 34.828147888183594, 148.2733917236328, 85.42832946777344, 145.78408813476562, 50.32891845703125, 128.87591552734375, 0.0, 79.22752380371094, 157.86703491210938, 83.6779556274414, 127.57743072509766, 118.59595489501953, 107.56393432617188, 115.9482650756836, 163.1103973388672, 166.1385040283203, 67.20863342285156, 102.80078125, 189.80516052246094, 165.8463134765625, 5.0, 83.9523696899414, 113.99122619628906, 106.04244232177734, 115.26057434082031, 108.70602416992188, 162.6068878173828, 73.75635528564453, 186.357177734375, 86.37129211425781, 38.94868469238281, 52.009613037109375, 133.7348175048828, 109.4897232055664, 44.777225494384766, 117.20068359375, 16.552946090698242, 20.615528106689453, 129.4024658203125, 42.01190185546875, 124.23365020751953, 12.727922439575195], [98.73702239990234, 90.47651672363281, 24.331050872802734, 124.4829330444336, 127.06297302246094, 122.38055419921875, 26.172504425048828, 86.12200927734375, 91.0933609008789, 98.18350219726562, 53.0, 45.27692413330078, 122.56018829345703, 160.4618377685547, 9.848857879638672, 90.69729614257812, 138.8416290283203, 42.20189666748047, 103.16007232666016, 69.065185546875, 31.064449310302734, 154.98387145996094, 49.09175109863281, 53.3104133605957, 79.22752380371094, 0.0, 98.85848236083984, 104.56098937988281, 165.0, 124.59534454345703, 85.21150207519531, 127.76932525634766, 113.2519302368164, 114.0570068359375, 136.56500244140625, 68.06614685058594, 161.07452392578125, 149.0838623046875, 83.48652648925781, 12.369317054748535, 135.11846923828125, 32.526912689208984, 88.0227279663086, 165.23922729492188, 133.36416625976562, 58.694122314453125, 142.6954803466797, 15.65247631072998, 113.74533081054688, 131.1868896484375, 54.58937454223633, 149.68299865722656, 121.27654266357422, 77.46611785888672, 94.00531768798828, 60.01666259765625, 54.64430618286133, 85.90692901611328, 64.07027435302734, 71.58910369873047], [117.1067886352539, 93.34345245361328, 84.64632415771484, 117.95338439941406, 137.67352294921875, 182.010986328125, 87.72685241699219, 174.7340850830078, 89.5600357055664, 175.04571533203125, 51.865211486816406, 134.80726623535156, 40.71854782104492, 87.8464584350586, 94.76286315917969, 113.0177001953125, 120.74767303466797, 97.04637908935547, 190.19200134277344, 80.3056640625, 125.5388412475586, 129.24781799316406, 146.37281799316406, 57.48912811279297, 157.86703491210938, 98.85848236083984, 0.0, 120.41594696044922, 170.13523864746094, 109.93180084228516, 68.4689712524414, 118.33004760742188, 23.0867919921875, 20.099750518798828, 188.2896728515625, 59.6824951171875, 84.11896514892578, 91.83136749267578, 160.15304565429688, 106.7801513671875, 132.81565856933594, 107.33592224121094, 61.0, 193.62075805664062, 65.45991516113281, 88.05680084228516, 52.009613037109375, 83.63013458251953, 196.78668212890625, 205.30221557617188, 85.37564086914062, 163.24827575683594, 186.55026245117188, 47.01063537597656, 174.41329956054688, 137.82960510253906, 109.32977294921875, 179.9138641357422, 35.38361358642578, 145.8355255126953], [5.830951690673828, 27.073972702026367, 82.97589874267578, 28.160255432128906, 22.671567916870117, 75.28611755371094, 123.10971069335938, 109.1421127319336, 31.0, 90.3382568359375, 118.70130920410156, 92.9139404296875, 106.48004150390625, 111.52130126953125, 94.86833190917969, 13.892443656921387, 45.607017517089844, 62.433963775634766, 116.24542999267578, 155.65667724609375, 130.6139373779297, 62.169124603271484, 115.26057434082031, 125.71794128417969, 83.6779556274414, 104.56098937988281, 120.41594696044922, 0.0, 60.87692642211914, 35.84689712524414, 52.038448333740234, 32.280025482177734, 113.63538360595703, 118.4229736328125, 74.24958038330078, 63.89052963256836, 117.20068359375, 88.39117431640625, 81.90848541259766, 116.28413391113281, 32.557640075683594, 136.6052703857422, 60.008331298828125, 73.54590606689453, 93.94147491455078, 48.10405349731445, 126.19429779052734, 97.74456787109375, 114.12712097167969, 108.30050659179688, 146.86387634277344, 47.434165954589844, 84.148681640625, 73.82411193847656, 95.07891082763672, 76.00657653808594, 156.63014221191406, 124.61540985107422, 99.95999145507812, 72.99314880371094], [66.60330200195312, 82.6619644165039, 143.8367156982422, 52.201534271240234, 38.20994567871094, 94.5409927368164, 183.9836883544922, 151.7432098388672, 84.90583038330078, 126.00396728515625, 177.6288299560547, 147.25827026367188, 145.12063598632812, 129.63409423828125, 155.4155731201172, 74.5184555053711, 53.00943374633789, 122.80065155029297, 153.01307678222656, 215.52029418945312, 189.67868041992188, 55.36244201660156, 169.2483367919922, 185.0, 127.57743072509766, 165.0, 170.13523864746094, 60.87692642211914, 0.0, 60.63827133178711, 104.20172882080078, 51.92301940917969, 157.49603271484375, 162.806640625, 81.27114868164062, 120.41594696044922, 137.29530334472656, 105.38026428222656, 124.03628540039062, 176.46530151367188, 37.336307525634766, 197.25364685058594, 110.16805267333984, 43.13930892944336, 124.00403594970703, 108.90362548828125, 160.0281219482422, 158.61903381347656, 145.67430114746094, 129.031005859375, 207.3861083984375, 18.11077117919922, 105.72132873535156, 127.01181030273438, 133.0939483642578, 127.440185546875, 217.49713134765625, 169.3074188232422, 156.41610717773438, 120.54045104980469], [39.0, 34.20526123046875, 100.6578369140625, 10.770329475402832, 35.84689712524414, 109.62207794189453, 137.82960510253906, 143.89231872558594, 33.61547088623047, 126.12692260742188, 123.79418182373047, 123.1015853881836, 85.09406280517578, 78.892333984375, 114.7911148071289, 44.384681701660156, 14.317821502685547, 85.32877349853516, 151.79591369628906, 162.8557586669922, 153.76930236816406, 30.5941162109375, 145.00344848632812, 131.64346313476562, 118.59595489501953, 124.59534454345703, 109.93180084228516, 35.84689712524414, 60.63827133178711, 0.0, 47.381431579589844, 9.0, 96.8813705444336, 102.18121337890625, 105.80170440673828, 65.94694519042969, 85.42247772216797, 54.64430618286133, 117.17507934570312, 136.92698669433594, 24.020824432373047, 154.4344482421875, 51.61395263671875, 91.4111557006836, 66.2872543334961, 66.21932983398438, 101.59724426269531, 114.12712097167969, 149.96665954589844, 143.53396606445312, 157.2005157470703, 57.14017868041992, 119.09659576416016, 69.20259857177734, 130.6790008544922, 108.67382049560547, 171.5400848388672, 158.61903381347656, 100.00499725341797, 107.2800064086914], [49.09175109863281, 25.0, 61.032779693603516, 52.69725036621094, 69.6419448852539, 119.23086547851562, 93.6375961303711, 130.0, 21.095022201538086, 121.26417541503906, 76.48529052734375, 98.0866928100586, 58.66856002807617, 80.52949523925781, 76.02631378173828, 46.097721099853516, 60.95900344848633, 54.424259185791016, 142.3411407470703, 115.6243896484375, 116.0689468383789, 74.625732421875, 117.34138488769531, 84.38601684570312, 107.56393432617188, 85.21150207519531, 68.4689712524414, 52.038448333740234, 104.20172882080078, 47.381431579589844, 0.0, 54.20331954956055, 62.585941314697266, 67.08203887939453, 122.7232666015625, 19.235383987426758, 83.35466766357422, 64.93843078613281, 108.18965148925781, 97.41663360595703, 67.23094177246094, 111.82575988769531, 8.5440034866333, 125.15989685058594, 55.4707145690918, 35.35533905029297, 80.15609741210938, 72.18032836914062, 145.09652709960938, 147.33973693847656, 110.67520141601562, 95.50916290283203, 125.67020416259766, 22.847318649291992, 123.04470825195312, 91.02197265625, 126.71621704101562, 140.80128479003906, 52.801513671875, 94.84724426269531], [36.49657440185547, 37.58989334106445, 104.21611785888672, 4.123105525970459, 27.784887313842773, 103.5857162475586, 142.35870361328125, 141.400146484375, 38.01315689086914, 122.24974060058594, 130.1383819580078, 123.06502532958984, 94.08506774902344, 86.76981353759766, 117.9237060546875, 43.046485900878906, 13.34166431427002, 87.36132049560547, 148.40821838378906, 169.0118408203125, 156.23699951171875, 30.149627685546875, 145.22052001953125, 137.88763427734375, 115.9482650756836, 127.76932525634766, 118.33004760742188, 32.280025482177734, 51.92301940917969, 9.0, 54.20331954956055, 0.0, 105.72132873535156, 111.00450134277344, 98.71676635742188, 72.13875579833984, 93.52005004882812, 62.265560150146484, 114.17967987060547, 140.0142822265625, 15.033296585083008, 158.3192901611328, 59.16925048828125, 82.56512451171875, 75.13321685791016, 69.07966613769531, 110.54862976074219, 118.11858367919922, 145.7978057861328, 138.0036163330078, 162.74212646484375, 48.166378021240234, 113.4063491821289, 76.5506362915039, 127.22421264648438, 107.46627044677734, 176.1732177734375, 156.70672607421875, 107.00466918945312, 105.11898040771484], [111.3058853149414, 87.132080078125, 95.42536163330078, 106.0660171508789, 128.09762573242188, 181.22085571289062, 106.04244232177734, 182.3321075439453, 82.87339782714844, 179.0474853515625, 71.70076751708984, 144.2775115966797, 18.027755737304688, 64.88451385498047, 107.61505126953125, 108.68302154541016, 105.9480972290039, 103.07764434814453, 196.81463623046875, 102.956298828125, 141.94717407226562, 112.25862884521484, 158.404541015625, 78.23043060302734, 163.1103973388672, 113.2519302368164, 23.0867919921875, 113.63538360595703, 157.49603271484375, 96.8813705444336, 62.585941314697266, 105.72132873535156, 0.0, 5.385164737701416, 185.2997589111328, 60.539241790771484, 61.032779693603516, 70.71067810058594, 164.75436401367188, 122.57650756835938, 120.6689682006836, 126.12692260742188, 54.12947463989258, 185.02432250976562, 43.863426208496094, 90.04998779296875, 30.5941162109375, 97.6166000366211, 201.91087341308594, 207.509033203125, 107.00466918945312, 152.73834228515625, 187.00267028808594, 46.14108657836914, 179.4463653564453, 144.01388549804688, 130.38404846191406, 189.5098876953125, 49.76947021484375, 150.6021270751953], [115.97413635253906, 91.78779602050781, 97.08243560791016, 111.3058853149414, 133.18408203125, 185.310546875, 105.6219711303711, 184.91078186035156, 87.57283020019531, 182.3321075439453, 70.61161041259766, 146.386474609375, 22.671567916870117, 68.88395690917969, 108.811767578125, 113.1591796875, 111.3193588256836, 105.80170440673828, 199.61212158203125, 100.40418243408203, 142.2251739501953, 117.63077545166016, 159.92811584472656, 76.79192352294922, 166.1385040283203, 114.0570068359375, 20.099750518798828, 118.4229736328125, 162.806640625, 102.18121337890625, 67.08203887939453, 111.00450134277344, 5.385164737701416, 0.0, 189.70767211914062, 63.95310592651367, 64.62197875976562, 75.69015502929688, 167.90771484375, 123.00406646728516, 125.93649291992188, 125.57467651367188, 58.694122314453125, 190.06578063964844, 48.79549026489258, 93.4772720336914, 32.015621185302734, 98.47842407226562, 205.00975036621094, 211.1421356201172, 105.1712875366211, 157.91769409179688, 190.90573120117188, 49.658836364746094, 182.5376739501953, 146.82302856445312, 128.87591552734375, 191.65855407714844, 50.11985778808594, 153.7010040283203], [75.02666473388672, 98.67117309570312, 124.90796661376953, 95.42536163330078, 71.44927978515625, 18.357559204101562, 161.7559814453125, 84.59905242919922, 103.09219360351562, 55.94640350341797, 172.13076782226562, 100.0, 179.9472198486328, 184.439697265625, 129.44883728027344, 76.65507507324219, 109.62207794189453, 102.18121337890625, 79.69943237304688, 202.4845733642578, 150.08331298828125, 122.02458953857422, 117.38824462890625, 177.2907257080078, 67.20863342285156, 136.56500244140625, 188.2896728515625, 74.24958038330078, 81.27114868164062, 105.80170440673828, 122.7232666015625, 98.71676635742188, 185.2997589111328, 189.70767211914062, 0.0, 128.65846252441406, 190.5911865234375, 160.4244384765625, 62.28964614868164, 144.47491455078125, 88.41380310058594, 167.296142578125, 131.21737670898438, 47.26520919799805, 168.15469360351562, 102.00489807128906, 200.17991638183594, 138.22084045410156, 69.05070495605469, 48.3735466003418, 189.7630157470703, 65.30696868896484, 27.892650604248047, 141.5662384033203, 64.0078125, 79.32212829589844, 190.5150909423828, 102.42070007324219, 161.01242065429688, 68.00735473632812], [59.66573715209961, 38.01315689086914, 44.55333709716797, 70.1783447265625, 84.09518432617188, 122.48265075683594, 74.63243103027344, 123.03658294677734, 35.510562896728516, 118.51160430908203, 58.0, 87.3670425415039, 62.28964614868164, 93.40770721435547, 59.41380310058594, 54.451812744140625, 79.8122787475586, 44.04542922973633, 136.88316345214844, 96.93812561035156, 99.12618255615234, 93.81364440917969, 104.69479370117188, 65.76473236083984, 102.80078125, 68.06614685058594, 59.6824951171875, 63.89052963256836, 120.41594696044922, 65.94694519042969, 19.2353839