{"name": "LZB_n30_8", "n": 30, "m": 9, "times": [[0.0, 79.60527801513672, 147.13938903808594, 39.051246643066406, 146.81961059570312, 112.5877456665039, 4.0, 170.13523864746094, 123.60015869140625, 85.09406280517578, 94.42987060546875, 179.9611053466797, 167.2632598876953, 137.78607177734375, 133.7348175048828, 45.35416030883789, 99.6242904663086, 78.00640869140625, 108.01851654052734, 37.05401611328125, 144.2012481689453, 43.104522705078125, 110.9414291381836, 159.0125732421875, 136.05880737304688, 146.16429138183594, 137.7425079345703, 5.099019527435303, 138.94602966308594, 57.9741325378418, 118.1270523071289, 40.0, 169.61427307128906, 156.72268676757812, 18.439088821411133, 55.36244201660156, 128.31991577148438, 92.72000885009766, 136.31214904785156, 68.11754608154297, 41.1096076965332, 141.0035400390625, 101.63660430908203, 28.65309715270996, 83.48652648925781, 144.30870056152344, 62.20128631591797, 148.0033721923828, 134.48048400878906, 104.47966003417969, 149.89329528808594, 59.61543273925781, 87.09190368652344, 73.59347534179688, 71.19690704345703, 61.66035842895508, 128.1405487060547, 112.1115493774414, 74.73285675048828, 124.80785369873047], [79.60527801513672, 0.0, 74.30342864990234, 101.91172790527344, 98.61541748046875, 87.66413116455078, 76.05918884277344, 110.47624206542969, 47.20169448852539, 65.6201171875, 76.48529052734375, 110.0227279663086, 100.5683822631836, 95.01578521728516, 61.269893646240234, 60.530982971191406, 72.73238372802734, 82.38932037353516, 50.2493782043457, 48.08325958251953, 80.60397338867188, 48.010414123535156, 56.718605041503906, 82.134033203125, 89.26925659179688, 153.57408142089844, 87.46427917480469, 82.85529327392578, 71.84010314941406, 88.29496002197266, 90.42676544189453, 104.00480651855469, 110.3177261352539, 78.56844329833984, 61.84658432006836, 124.16924285888672, 84.50444030761719, 64.56005096435547, 98.67117309570312, 92.04889678955078, 44.283180236816406, 126.19429779052734, 22.56102752685547, 108.24047088623047, 83.02409362792969, 110.05453491210938, 141.31524658203125, 68.818603515625, 56.08921432495117, 91.3509750366211, 70.80254364013672, 20.615528106689453, 60.41522979736328, 92.41753387451172, 133.00375366210938, 139.4596710205078, 70.80254364013672, 57.982757568359375, 52.038448333740234, 63.19810104370117], [147.13938903808594, 74.30342864990234, 0.0, 175.0, 57.42821502685547, 83.48652648925781, 144.2567138671875, 47.53945541381836, 28.160255432128906, 132.7742462158203, 141.5662384033203, 36.055511474609375, 30.149627685546875, 139.44532775878906, 13.45362377166748, 111.64676666259766, 134.62911987304688, 153.4438018798828, 99.00505065917969, 121.2476806640625, 24.413110733032227, 122.11470031738281, 45.89117431640625, 19.416488647460938, 55.94640350341797, 154.0194854736328, 50.08992004394531, 151.32745361328125, 16.492422103881836, 130.03460693359375, 81.21575927734375, 177.00282287597656, 47.92702865600586, 25.05992889404297, 128.72451782226562, 178.8994140625, 131.240234375, 128.2692413330078, 72.09021759033203, 165.46298217773438, 106.30146026611328, 113.29607391357422, 61.61168670654297, 175.0685577392578, 152.80052185058594, 81.88406372070312, 209.02870178222656, 32.015621185302734, 57.245086669921875, 97.04637908935547, 31.14482307434082, 93.74433135986328, 126.11502838134766, 165.14842224121094, 181.430419921875, 200.80836486816406, 109.04127502441406, 106.11785888671875, 121.84005737304688, 31.064449310302734], [39.051246643066406, 101.91172790527344, 175.0, 0.0, 182.4636993408203, 150.6154022216797, 39.051246643066406, 203.5313262939453, 148.9228057861328, 78.63841247558594, 84.0, 209.67832946777344, 198.2523651123047, 131.0343475341797, 161.60446166992188, 83.48652648925781, 92.19544219970703, 61.400325775146484, 113.6529769897461, 53.90732955932617, 175.90054321289062, 54.5618896484375, 144.08677673339844, 184.04347229003906, 171.71197509765625, 184.32850646972656, 172.75416564941406, 34.13209533691406, 169.28378295898438, 96.50906372070312, 156.01602172851562, 2.2360680103302, 203.1058807373047, 180.31361389160156, 52.39274597167969, 79.24645233154297, 123.40583801269531, 87.96590423583984, 173.44163513183594, 43.96589660644531, 74.3303451538086, 180.00277709960938, 121.16517639160156, 36.79673767089844, 67.47592163085938, 182.0164794921875, 52.038448333740234, 169.85287475585938, 150.90394592285156, 143.22360229492188, 171.94476318359375, 81.56592559814453, 83.54639434814453, 50.28916549682617, 97.83660125732422, 69.7782211303711, 130.249755859375, 115.13470458984375, 74.63243103027344, 156.58863830566406], [146.81961059570312, 98.61541748046875, 57.42821502685547, 182.4636993408203, 0.0, 43.26661682128906, 145.23085021972656, 31.016124725341797, 71.56116485595703, 164.222412109375, 174.94284057617188, 59.00847244262695, 44.10215377807617, 185.01080322265625, 57.384666442871094, 102.4743881225586, 170.42593383789062, 180.02499389648438, 140.45640563964844, 133.98880004882812, 33.0151481628418, 138.05072021484375, 42.04759216308594, 75.66372680664062, 10.770329475402832, 102.17631530761719, 11.180339813232422, 151.79591369628906, 42.44997024536133, 108.2081298828125, 38.07886505126953, 184.05433654785156, 30.08321762084961, 82.37718200683594, 130.38404846191406, 160.52725219726562, 175.48219299316406, 162.6068878173828, 19.416488647460938, 186.68690490722656, 108.15729522705078, 59.41380310058594, 98.68130493164062, 170.6721954345703, 181.22361755371094, 25.70992088317871, 203.32485961914062, 88.61715698242188, 109.20164489746094, 58.30952072143555, 88.09085845947266, 111.11255645751953, 158.8238067626953, 188.26576232910156, 157.11460876464844, 187.32325744628906, 155.64060974121094, 148.40821838378906, 150.56228637695312, 38.4837646484375], [112.5877456665039, 87.66413116455078, 83.48652648925781, 150.6154022216797, 43.26661682128906, 0.0, 111.80339813232422, 73.82411193847656, 83.19255065917969, 149.85659790039062, 161.38462829589844, 98.23441314697266, 82.71033477783203, 182.200439453125, 76.40026092529297, 67.26811981201172, 159.2136993408203, 160.80111694335938, 136.821044921875, 108.77959442138672, 63.19810104370117, 114.58621215820312, 42.04759216308594, 102.8250961303711, 34.928497314453125, 72.49827575683594, 40.16217041015625, 117.68601989746094, 67.18630981445312, 66.61080932617188, 5.830951690673828, 151.90786743164062, 72.94518280029297, 107.07940673828125, 98.50888061523438, 118.56221771240234, 171.81967163085938, 150.73486328125, 26.248809814453125, 163.2299041748047, 79.05693817138672, 38.60051727294922, 97.58073425292969, 133.33041381835938, 163.32176208496094, 31.95309066772461, 164.57521057128906, 108.46658325195312, 119.88744354248047, 15.231546401977539, 108.811767578125, 92.35800170898438, 145.90750122070312, 166.04818725585938, 114.1095962524414, 146.23953247070312, 155.79473876953125, 144.8067626953125, 135.1924591064453, 53.15073013305664], [4.0, 76.05918884277344, 144.2567138671875, 39.051246643066406, 145.23085021972656, 111.80339813232422, 0.0, 168.07736206054688, 120.42009735107422, 81.3449478149414, 90.8019790649414, 177.3414764404297, 164.8059539794922, 133.92909240722656, 130.8319549560547, 44.55333709716797, 95.85926818847656, 74.81310272216797, 104.01922607421875, 33.060550689697266, 141.82383728027344, 39.11521530151367, 108.75660705566406, 155.86212158203125, 134.46188354492188, 147.36349487304688, 135.9889678955078, 7.071067810058594, 136.3598175048828, 59.13543701171875, 117.27745056152344, 40.199501037597656, 167.57386779785156, 153.44705200195312, 15.620499610900879, 59.13543701171875, 124.42668151855469, 88.8875732421875, 135.16287231445312, 65.6048812866211, 38.60051727294922, 141.0319061279297, 97.98979187011719, 32.202484130859375, 80.21221923828125, 143.3910675048828, 65.45991516113281, 144.5856170654297, 130.74020385742188, 104.17293548583984, 146.49232482910156, 55.94640350341797, 83.24061584472656, 70.93659210205078, 74.70609283447266, 65.6201171875, 124.14507293701172, 108.11567687988281, 70.8307876586914, 122.4132308959961], [170.13523864746094, 110.47624206542969, 47.53945541381836, 203.5313262939453, 31.016124725341797, 73.82411193847656, 168.07736206054688, 0.0, 71.70076751708984, 174.23260498046875, 184.0244598388672, 31.62277603149414, 20.51828384399414, 186.27130126953125, 54.7448616027832, 127.6126937866211, 178.07020568847656, 192.76150512695312, 144.2567138671875, 152.16110229492188, 30.066593170166016, 154.98387145996094, 59.4810905456543, 60.605281829833984, 39.11521530151367, 131.0953826904297, 34.828147888183594, 174.92855834960938, 40.04996871948242, 136.88316345214844, 68.87670135498047, 205.29490661621094, 1.0, 68.818603515625, 152.68922424316406, 189.09521484375, 177.68511962890625, 171.0, 50.28916549682617, 202.07424926757812, 129.76902770996094, 88.09085845947266, 104.07689666748047, 195.64508056640625, 193.03884887695312, 54.230987548828125, 229.00872802734375, 78.77182006835938, 104.75209045410156, 89.005615234375, 77.5241928100586, 126.64912414550781, 168.0743865966797, 202.7855987548828, 186.81809997558594, 214.97906494140625, 155.9551239013672, 151.75308227539062, 161.79307556152344, 47.801673889160156], [123.60015869140625, 47.20169448852539, 28.160255432128906, 148.9228057861328, 71.56116485595703, 83.19255065917969, 120.42009735107422, 71.70076751708984, 0.0, 104.7377700805664, 113.74533081054688, 64.19501495361328, 57.21887969970703, 115.13470458984375, 17.029386520385742, 92.97311401367188, 107.11676025390625, 125.28367614746094, 72.56031799316406, 95.01578521728516, 42.72002029418945, 95.21029663085938, 41.146080017089844, 35.46829605102539, 65.94694519042969, 155.682373046875, 61.400325775146484, 127.440185546875, 32.015621185302734, 115.41230773925781, 82.85529327392578, 150.98675537109375, 71.84706115722656, 33.541019439697266, 105.20931243896484, 160.70469665527344, 106.23088073730469, 100.4987564086914, 80.62257385253906, 137.4809112548828, 83.86298370361328, 118.71394348144531, 33.541019439697266, 152.05262756347656, 124.66354370117188, 91.93476104736328, 185.80096435546875, 28.07133674621582, 38.18376541137695, 93.92018127441406, 29.27456283569336, 67.35725402832031, 98.15293884277344, 137.05838012695312, 165.65626525878906, 180.24705505371094, 85.09406280517578, 80.0624771118164, 93.68030548095703, 33.970577239990234], [85.09406280517578, 65.6201171875, 132.7742462158203, 78.63841247558594, 164.222412109375, 149.85659790039062, 81.3449478149414, 174.23260498046875, 104.7377700805664, 0.0, 11.661903381347656, 168.57342529296875, 161.7899932861328, 53.46026611328125, 121.34249114990234, 100.44898986816406, 14.560219764709473, 24.041629791259766, 41.773197174072266, 53.00943374633789, 144.1700439453125, 45.221675872802734, 122.3315200805664, 134.13426208496094, 154.87091064453125, 208.4346466064453, 153.06207275390625, 84.48076629638672, 134.4507293701172, 127.4754867553711, 153.4438018798828, 80.7527084350586, 174.18380737304688, 127.76932525634766, 77.69813537597656, 140.45640563964844, 45.0, 9.486832618713379, 163.71316528320312, 42.72002029418945, 80.05622863769531, 187.45933532714844, 71.19690704345703, 106.0660171508789, 21.095022201538086, 174.88853454589844, 130.2459259033203, 115.03912353515625, 88.83692932128906, 150.29637145996094, 117.27318572998047, 57.697486877441406, 7.211102485656738, 39.051246643066406, 155.7562255859375, 142.411376953125, 53.22593307495117, 40.0, 14.764822959899902, 128.06248474121094], [94.42987060546875, 76.48529052734375, 141.5662384033203, 84.0, 174.94284057617188, 161.38462829589844, 90.8019790649414, 184.0244598388672, 113.74533081054688, 11.661903381347656, 0.0, 177.10166931152344, 170.95028686523438, 47.095645904541016, 130.55267333984375, 111.8659896850586, 10.0, 24.041629791259766, 46.52956008911133, 63.89052963256836, 154.0032501220703, 56.080299377441406, 133.18032836914062, 141.76036071777344, 165.7377471923828, 220.0568084716797, 163.76812744140625, 93.40770721435547, 144.08677673339844, 138.65785217285156, 164.91513061523438, 86.00581359863281, 184.0108642578125, 135.02963256835938, 88.23265075683594, 149.69302368164062, 40.26164245605469, 13.34166431427002, 174.88853454589844, 43.96589660644531, 91.54779815673828, 199.06028747558594, 80.3056640625, 113.78048706054688, 18.788293838500977, 186.1236114501953, 136.01470947265625, 122.09013366699219, 94.84724426269531, 161.94134521484375, 124.31009674072266, 69.31810760498047, 16.124515533447266, 39.0, 165.46902465820312, 150.02999877929688, 53.413482666015625, 42.8018684387207, 26.419689178466797, 138.36184692382812], [179.9611053466797, 110.0227279663086, 36.055511474609375, 209.67832946777344, 59.00847244262695, 98.23441314697266, 177.3414764404297, 31.62277603149414, 64.19501495361328, 168.57342529296875, 177.10166931152344, 0.0, 15.524174690246582, 171.5721435546875, 48.754486083984375, 141.2267608642578, 169.8499298095703, 189.4650421142578, 133.45411682128906, 156.24659729003906, 37.735923767089844, 157.54364013671875, 71.40028381347656, 38.63935852050781, 63.95310592651367, 161.07762145996094, 58.24946212768555, 184.39088439941406, 41.03656768798828, 155.55384826660156, 94.14881896972656, 211.6270294189453, 32.572994232177734, 47.07440948486328, 161.72198486328125, 206.6325225830078, 164.10972595214844, 163.77117919921875, 78.16009521484375, 201.47952270507812, 138.85243225097656, 118.1524429321289, 97.52947998046875, 207.2124481201172, 188.7432098388672, 84.148681640625, 241.1327362060547, 59.53990173339844, 88.27796936035156, 113.32254791259766, 57.706153869628906, 128.99612426757812, 161.8301544189453, 201.20138549804688, 206.78732299804688, 230.51246643066406, 141.2869415283203, 140.17489624023438, 157.8511962890625, 56.080299377441406], [167.2632598876953, 100.5683822631836, 30.149627685546875, 198.2523651123047, 44.10215377807617, 82.71033477783203, 164.8059539794922, 20.51828384399414, 57.21887969970703, 161.7899932861328, 170.95028686523438, 15.524174690246582, 0.0, 169.499267578125, 40.4474983215332, 127.34991455078125, 164.30459594726562, 181.68653869628906, 129.06199645996094, 145.3616180419922, 23.34523582458496, 147.23110961914062, 57.314918518066406, 40.49691390991211, 48.50773239135742, 146.27713012695312, 42.7551155090332, 171.81675720214844, 29.068883895874023, 140.6627197265625, 78.64476776123047, 200.1424560546875, 21.260292053222656, 48.87739944458008, 149.20120239257812, 192.04165649414062, 161.3722381591797, 157.71493530273438, 63.0079345703125, 192.58505249023438, 126.21014404296875, 103.48429870605469, 90.66973114013672, 194.07730102539062, 181.40838623046875, 69.58448028564453, 227.9034881591797, 59.61543273925781, 86.83317565917969, 97.80081939697266, 58.18075180053711, 118.59595489501953, 155.29327392578125, 192.72000122070312, 191.76026916503906, 216.39085388183594, 139.0863037109375, 136.23509216308594, 150.233154296875, 42.52058410644531], [137.78607177734375, 95.01578521728516, 139.44532775878906, 131.0343475341797, 185.01080322265625, 182.200439453125, 133.92909240722656, 186.27130126953125, 115.13470458984375, 53.46026611328125, 47.095645904541016, 171.5721435546875, 169.499267578125, 0.0, 131.73458862304688, 145.89036560058594, 39.11521530151367, 70.71067810058594, 45.486263275146484, 103.24727630615234, 157.8511962890625, 95.85926818847656, 146.37281799316406, 133.18408203125, 177.56407165527344, 248.1954803466797, 174.13214111328125, 137.53907775878906, 147.1223907470703, 174.26416015625, 184.49119567871094, 133.0601348876953, 186.5100555419922, 125.06398010253906, 128.31600952148438, 193.00259399414062, 10.630146026611328, 45.12205505371094, 189.7893524169922, 90.42676544189453, 125.39936065673828, 220.80081176757812, 86.76981353759766, 159.5242919921875, 64.93843078613281, 201.4447784423828, 183.0027313232422, 112.16059875488281, 83.2946548461914, 186.357177734375, 114.1095962524414, 97.80081939697266, 50.695167541503906, 84.92938232421875, 207.52349853515625, 195.86985778808594, 30.4138126373291, 37.44329071044922, 63.24555206298828, 146.54010009765625], [133.7348175048828, 61.269893646240234, 13.45362377166748, 161.60446166992188, 57.384666442871094, 76.40026092529297, 130.8319549560547, 54.7448616027832, 17.029386520385742, 121.34249114990234, 130.55267333984375, 48.754486083984375, 40.4474983215332, 131.73458862304688, 0.0, 98.88377380371094, 124.06449890136719, 141.400146484375, 89.5600357055664, 107.89810180664062, 26.4007568359375, 108.90821838378906, 36.013885498046875, 28.635643005371094, 53.413482666015625, 148.3273468017578, 48.166378021240234, 137.9021453857422, 15.65247631072998, 118.2962417602539, 74.94664764404297, 163.60012817382812, 54.918121337890625, 31.064449310302734, 115.3126220703125, 166.38510131835938, 123.0, 117.34564208984375, 69.065185546875, 152.85614013671875, 92.95697784423828, 109.12836456298828, 50.2493782043457, 161.72198486328125, 141.01419067382812, 79.8122787475586, 195.67320251464844, 32.649654388427734, 52.15361785888672, 88.95504760742188, 32.69556427001953, 80.4549560546875, 114.85643005371094, 152.73834228515625, 169.5169677734375, 187.83236694335938, 101.53324890136719, 97.01546478271484, 109.88175201416016, 23.409399032592773], [45.35416030883789, 60.530982971191406, 111.64676666259766, 83.48652648925781, 102.4743881225586, 67.26811981201172, 44.55333709716797, 127.6126937866211, 92.97311401367188, 100.44898986816406, 111.8659896850586, 141.2267608642578, 127.34991455078125, 145.89036560058594, 98.88377380371094, 0.0, 113.21660614013672, 103.94229125976562, 105.7024154663086, 49.39635467529297, 104.00480651855469, 56.859474182128906, 70.03570556640625, 126.62543487548828, 91.78779602050781, 109.65856170654297, 94.03190612792969, 50.447994232177734, 100.60317993164062, 28.635643005371094, 72.7804946899414, 84.71717834472656, 127.00393676757812, 126.28935241699219, 32.140316009521484, 67.779052734375, 135.36985778808594, 104.80458068847656, 91.08238220214844, 101.51354217529297, 20.615528106689453, 97.51409912109375, 82.05486297607422, 68.26419067382812, 107.91200256347656, 98.95453643798828, 101.40019989013672, 120.33287048339844, 115.03912353515625, 60.008331298828125, 121.84005737304688, 48.754486083984375, 99.08582305908203, 105.47511291503906, 73.55270385742188, 89.40357971191406, 127.23600006103516, 112.25862884521484, 86.27861785888672, 85.14693450927734], [99.6242904663086, 72.73238372802734, 134.62911987304688, 92.19544219970703, 170.42593383789062, 159.2136993408203, 95.85926818847656, 178.07020568847656, 107.11676025390625, 14.560219764709473, 10.0, 169.8499298095703, 164.30459594726562, 39.11521530151367, 124.06449890136719, 113.21660614013672, 0.0, 33.61547088623047, 37.6961555480957, 66.8879623413086, 148.1654510498047, 59.16925048828125, 129.031005859375, 133.8805389404297, 161.5332794189453, 220.0568084716797, 159.24822998046875, 99.04039764404297, 138.03260803222656, 140.71957397460938, 162.459228515625, 94.2602767944336, 178.10108947753906, 126.92123413085938, 91.78779602050781, 154.98387145996094, 31.256999969482422, 8.602325439453125, 171.40011596679688, 53.48831558227539, 92.6552734375, 197.294189453125, 74.00675964355469, 120.50726318359375, 28.65309715270996, 182.78402709960938, 144.0555419921875, 113.88591003417969, 86.16263580322266, 160.7015838623047, 116.09048461914062, 68.24221801757812, 14.142135620117188, 48.754486083984375, 170.17637634277344, 156.84706115722656, 43.416587829589844, 33.2866325378418, 27.018512725830078, 133.22161865234375], [78.00640869140625, 82.38932037353516, 153.4438018798828, 61.400325775146484, 180.02499389648438, 160.80111694335938, 74.81310272216797, 192.76150512695312, 125.28367614746094, 24.041629791259766, 24.041629791259766, 189.4650421142578, 181.68653869628906, 70.71067810058594, 141.400146484375, 103.94229125976562, 33.61547088623047, 0.0, 65.79513549804688, 54.58937454223633, 162.77899169921875, 47.423622131347656, 138.0036163330078, 156.26260375976562, 170.14405822753906, 213.59072875976562, 169.00296020507812, 76.00657653808594, 153.57408142089844, 128.40560913085938, 164.9757537841797, 63.28506851196289, 192.62918090820312, 150.26976013183594, 75.92759704589844, 132.09844970703125, 64.28841400146484, 32.80244064331055, 177.3696746826172, 19.92485809326172, 85.0, 197.01014709472656, 92.02716827392578, 93.6375961303711, 6.082762718200684, 188.09571838378906, 113.35784149169922, 137.76791381835938, 112.32987213134766, 159.08802795410156, 140.00357055664062, 69.46221923828125, 31.14482307434082, 15.264337539672852, 148.9496612548828, 129.4024658203125, 76.32168579101562, 63.89052963256836, 31.62277603149414, 145.5815887451172], [108.01851654052734, 50.2493782043457, 99.00505065917969, 113.6529769897461, 140.45640563964844, 136.821044921875, 104.01922607421875, 144.2567138671875, 72.56031799316406, 41.773197174072266, 46.52956008911133, 133.45411682128906, 129.06199645996094, 45.486263275146484, 89.5600357055664, 105.7024154663086, 37.6961555480957, 65.79513549804688, 0.0, 71.0, 114.93476104736328, 65.19202423095703, 101.07422637939453, 96.69022369384766, 132.6197509765625, 203.82345581054688, 129.44883728027344, 109.22454071044922, 104.39348602294922, 134.33168029785156, 139.03236389160156, 115.8792495727539, 144.39183044433594, 89.49860382080078, 94.5304183959961, 160.9005889892578, 35.35533905029297, 33.83784866333008, 144.47491455078125, 83.73768615722656, 86.03487396240234, 175.41380310058594, 41.78516387939453, 133.95895385742188, 62.62587356567383, 156.11854553222656, 162.74212646484375, 76.40026092529297, 48.46648406982422, 141.4496307373047, 78.58753204345703, 57.00876998901367, 34.65544509887695, 80.62257385253906, 173.17332458496094, 169.35760498046875, 21.540658950805664, 8.062257766723633, 39.357337951660156, 102.14205932617188], [37.05401611328125, 48.08325958251953, 121.2476806640625, 53.90732955932617, 133.98880004882812, 108.77959442138672, 33.060550689697266, 152.16110229492188, 95.01578521728516, 53.00943374633789, 63.89052963256836, 156.24659729003906, 145.3616180419922, 103.24727630615234, 107.89810180664062, 49.39635467529297, 66.8879623413086, 54.58937454223633, 71.0, 0.0, 123.56779479980469, 7.8102498054504395, 93.40770721435547, 130.1768035888672, 123.47064208984375, 159.0125732421875, 123.55565643310547, 38.63935852050781, 116.29703521728516, 74.96665954589844, 113.44161224365234, 55.973209381103516, 151.822265625, 126.6214828491211, 25.079872131347656, 90.60904693603516, 93.30059051513672, 59.05929183959961, 128.06248474121094, 54.451812744140625, 30.675724029541016, 143.58621215820312, 68.24221801757812, 64.03124237060547, 58.52349853515625, 138.01449584960938, 95.34149169921875, 116.5160903930664, 99.7296371459961, 105.51303100585938, 118.56221771240234, 27.658634185791016, 53.23532485961914, 57.48912811279297, 104.35516357421875, 98.61541748046875, 91.3509750366211, 75.32595825195312, 40.24922180175781, 104.54663848876953], [144.2012481689453, 80.60397338867188, 24.413110733032227, 175.90054321289062, 33.0151481628418, 63.19810104370117, 141.82383728027344, 30.066593170166016, 42.72002029418945, 144.1700439453125, 154.0032501220703, 37.735923767089844, 23.34523582458496, 157.8511962890625, 26.4007568359375, 104.00480651855469, 148.1654510498047, 162.77899169921875, 114.93476104736328, 123.56779479980469, 0.0, 125.93649291992188, 33.970577239990234, 42.95346450805664, 32.280025482177734, 131.400146484375, 26.248809814453125, 148.80860900878906, 10.770329475402832, 117.83463287353516, 60.0, 177.74700927734375, 30.01666259765625, 49.39635467529297, 126.24578857421875, 168.92898559570312, 148.9295196533203, 141.01419067382812, 48.383880615234375, 172.4470977783203, 103.2279052734375, 89.84430694580078, 74.24284362792969, 170.836181640625, 162.99693298339844, 57.697486877441406, 204.62893676757812, 55.865909576416016, 78.39005279541016, 77.78174591064453, 55.226806640625, 97.40636444091797, 138.03260803222656, 173.0028839111328, 169.11830139160156, 193.08029174804688, 127.75758361816406, 122.57650756835938, 131.7459716796875, 19.416488647460938], [43.104522705078125, 48.010414123535156, 122.11470031738281, 54.5618896484375, 138.05072021484375, 114.58621215820312, 39.11521530151367, 154.98387145996094, 95.21029663085938, 45.221675872802734, 56.080299377441406, 157.54364013671875, 147.23110961914062, 95.85926818847656, 108.90821838378906, 56.859474182128906, 59.16925048828125, 47.423622131347656, 65.19202423095703, 7.8102498054504395, 125.93649291992188, 0.0, 96.8813705444336, 129.9576873779297, 127.66361999511719, 166.35504150390625, 127.42448425292969, 44.04542922973633, 118.18629455566406, 82.73451232910156, 119.07980346679688, 56.7274169921875, 154.6900177001953, 125.93649291992188, 32.649654388427734, 97.51409912109375, 86.02325439453125, 51.429561614990234, 133.01502990722656, 49.01020431518555, 37.57658767700195, 150.0, 66.60330200195312, 68.88395690917969, 51.107730865478516, 143.22360229492188, 99.02020263671875, 115.3126220703125, 96.8968505859375, 111.97321319580078, 117.4137954711914, 28.635643005371094, 45.617977142333984, 51.4781494140625, 111.6646728515625, 104.17293548583984, 85.05292510986328, 69.02897644042969, 32.69556427001953, 107.20541381835938], [110.9414291381836, 56.718605041503906, 45.89117431640625, 144.08677673339844, 42.04759216308594, 42.04759216308594, 108.75660705566406, 59.4810905456543, 41.146080017089844, 122.3315200805664, 133.18032836914062, 71.40028381347656, 57.314918518066406, 146.37281799316406, 36.013885498046875, 70.03570556640625, 129.031005859375, 138.0036163330078, 101.07422637939453, 93.40770721435547, 33.970577239990234, 96.8813705444336, 0.0, 64.19501495361328, 32.557640075683594, 114.54257202148438, 31.0, 115.6633071899414, 31.78049659729004, 85.0, 41.88078308105469, 145.8355255126953, 59.03388977050781, 67.06713104248047, 93.29522705078125, 135.36985778808594, 136.41847229003906, 121.04957580566406, 43.416587829589844, 145.12063598632812, 70.32780456542969, 78.24320983886719, 59.6824951171875, 137.13131713867188, 139.1761474609375, 55.07267761230469, 170.836181640625, 66.94026947021484, 78.23681640625, 53.36665725708008, 67.46851348876953, 69.35416412353516, 117.08544158935547, 146.49232482910156, 136.4734344482422, 159.1540069580078, 118.1524429321289, 109.12836456298828, 108.5587387084961, 15.65247631072998], [159.0125732421875, 82.134033203125, 19.416488647460938, 184.04347229003906, 75.66372680664062, 102.8250961303711, 155.86212158203125, 60.605281829833984, 35.46829605102539, 134.13426208496094, 141.76036071777344, 38.63935852050781, 40.49691390991211, 133.18408203125, 28.635643005371094, 126.62543487548828, 133.8805389404297, 156.26260375976562, 96.69022369384766, 130.1768035888672, 42.95346450805664, 129.9576873779297, 64.19501495361328, 0.0, 75.02666473388672, 173.41567993164062, 69.07966613769531, 162.8895263671875, 35.902645111083984, 146.8400421142578, 100.62306213378906, 186.1316680908203, 61.22091293334961, 8.5440034866333, 140.60227966308594, 194.33990478515625, 126.00396728515625, 128.4445343017578, 91.18113708496094, 170.07351684570312, 118.98319244384766, 132.51792907714844, 65.0, 187.4086456298828, 154.87091064453125, 100.64790344238281, 221.20578002929688, 21.02379608154297, 50.0, 116.21101379394531, 19.10497283935547, 102.55242919921875, 127.1377182006836, 169.04733276367188, 197.9595947265625, 214.95347595214844, 103.01941680908203, 102.956298828125, 124.81185913085938, 50.03998565673828], [136.05880737304688, 89.26925659179688, 55.94640350341797, 171.71197509765625, 10.770329475402832, 34.928497314453125, 134.46188354492188, 39.11521530151367, 65.94694519042969, 154.87091064453125, 165.7377471923828, 63.95310592651367, 48.50773239135742, 177.56407165527344, 53.413482666015625, 91.78779602050781, 161.5332794189453, 170.14405822753906, 132.6197509765625, 123.47064208984375, 32.280025482177734, 127.66361999511719, 32.557640075683594, 75.02666473388672, 0.0, 99.29753112792969, 6.082762718200684, 141.0319061279297, 39.824615478515625, 98.31072998046875, 30.364452362060547, 173.2974395751953, 38.27531814575195, 80.95677947998047, 119.61605072021484, 150.62867736816406, 167.83920288085938, 153.5871124267578, 16.155494689941406, 176.4086151123047, 97.41663360595703, 57.567352294921875, 90.87353515625, 160.015625, 171.49343872070312, 26.4007568359375, 192.76150512695312, 85.70297241210938, 104.06248474121094, 50.15974426269531, 85.4400405883789, 101.00495147705078, 149.64291381835938, 178.10108947753906, 147.800537109375, 177.13836669921875, 148.6068572998047, 140.63072204589844, 141.0283660888672, 32.015621185302734], [146.16429138183594, 153.57408142089844, 154.0194854736328, 184.32850646972656, 102.17631530761719, 72.49827575683594, 147.36349487304688, 131.0953826904297, 155.682373046875, 208.4346466064453, 220.0568084716797, 161.07762145996094, 146.27713012695312, 248.1954803466797, 148.3273468017578, 109.65856170654297, 220.0568084716797, 213.59072875976562, 203.82345581054688, 159.0125732421875, 131.400146484375, 166.35504150390625, 114.54257202148438, 173.41567993164062, 99.29753112792969, 0.0, 105.38026428222656, 150.6851043701172, 137.52818298339844, 88.23265075683594, 73.38937377929688, 184.83506774902344, 130.0961151123047, 178.44326782226562, 139.7139892578125, 121.41252136230469, 237.5920867919922, 211.4639434814453, 83.6002426147461, 210.38059997558594, 129.00387573242188, 43.011627197265625, 167.40968322753906, 154.9354705810547, 217.462646484375, 77.0, 177.18069458007812, 180.7124786376953, 192.0234375, 63.24555206298828, 180.95303344726562, 151.98025512695312, 206.0218505859375, 214.7091064453125, 106.8877944946289, 150.20652770996094, 224.08926391601562, 211.52069091796875, 193.80661010742188, 124.91997528076172], [137.7425079345703, 87.46427917480469, 50.08992004394531, 172.75416564941406, 11.180339813232422, 40.16217041015625, 135.9889678955078, 34.828147888183594, 61.400325775146484, 153.06207275390625, 163.76812744140625, 58.24946212768555, 42.7551155090332, 174.13214111328125, 48.166378021240234, 94.03190612792969, 159.24822998046875, 169.00296020507812, 129.44883728027344, 123.55565643310547, 26.248809814453125, 127.42448425292969, 31.0, 69.07966613769531, 6.082762718200684, 105.38026428222656, 0.0, 142.6639404296875, 34.13209533691406, 102.068603515625, 35.902645111083984, 174.3932342529297, 34.058773040771484, 75.13321685791016, 120.93386840820312, 154.31137084960938, 164.5387420654297, 151.42654418945312, 22.135944366455078, 175.92327880859375, 98.4327163696289, 63.60031509399414, 87.66413116455078, 162.2898712158203, 170.14405822753906, 31.906112670898438, 195.3048858642578, 80.21221923828125, 99.35794067382812, 55.36244201660156, 79.88116455078125, 100.24469757080078, 147.64822387695312, 177.40631103515625, 152.05262756347656, 180.42449951171875, 144.90341186523438, 137.4190673828125, 139.4345703125, 27.784887313842773], [5.099019527435303, 82.85529327392578, 151.32745361328125, 34.13209533691406, 151.79591369628906, 117.68601989746094, 7.071067810058594, 174.92855834960938, 127.440185546875, 84.48076629638672, 93.40770721435547, 184.39088439941406, 171.81675720214844, 137.53907775878906, 137.9021453857422, 50.447994232177734, 99.04039764404297, 76.00657653808594, 109.22454071044922, 38.63935852050781, 148.80860900878906, 44.04542922973633, 115.6633071899414, 162.8895263671875, 141.0319061279297, 150.6851043701172, 142.6639404296875, 0.0, 143.4015350341797, 62.585941314697266, 123.22337341308594, 35.0142822265625, 174.41616821289062, 160.4244384765625, 22.671567916870117, 56.36488342285156, 128.26535034179688, 92.41753387451172, 141.38246154785156, 65.0691909790039, 45.607017517089844, 146.01370239257812, 104.65180206298828, 25.63201141357422, 81.6333236694336, 149.4021453857422, 58.52349853515625, 151.47607421875, 137.23338317871094, 109.55364227294922, 153.39491271972656, 62.60990524291992, 86.88497924804688, 70.72481536865234, 72.94518280029297, 60.13318634033203, 129.00387573242188, 113.0, 74.81310272216797, 129.4024658203125], [138.94602966308594, 71.84010314941406, 16.492422103881836, 169.28378295898438, 42.44997024536133, 67.18630981445312, 136.3598175048828, 40.04996871948242, 32.015621185302734, 134.4507293701172, 144.08677673339844, 41.03656768798828, 29.068883895874023, 147.1223907470703, 15.65247631072998, 100.60317993164062, 138.03260803222656, 153.57408142089844, 104.39348602294922, 116.29703521728516, 10.770329475402832, 118.18629455566406, 31.78049659729004, 35.902645111083984, 39.824615478515625, 137.52818298339844, 34.13209533691406, 143.4015350341797, 0.0, 116.7775650024414, 64.77654266357422, 171.18995666503906, 40.112342834472656, 41.231056213378906, 120.73938751220703, 166.8682098388672, 138.24615478515625, 131.0152587890625, 55.90169906616211, 163.8841094970703, 97.83660125732422, 96.93296813964844, 64.03124237060547, 166.1836395263672, 153.58384704589844, 66.0378646850586, 200.1124725341797, 46.22769546508789, 67.74215698242188, 81.00617218017578, 45.80392837524414, 89.55445098876953, 128.19126892089844, 164.2010955810547, 168.25279235839844, 190.0, 117.0042724609375, 111.98660278320312, 122.3315200805664, 16.155494689941406], [57.9741325378418, 88.29496002197266, 130.03460693359375, 96.50906372070312, 108.2081298828125, 66.61080932617188, 59.13543701171875, 136.88316345214844, 115.41230773925781, 127.4754867553711, 138.65785217285156, 155.55384826660156, 140.6627197265625, 174.26416015625, 118.2962417602539, 28.635643005371094, 140.71957397460938, 128.40560913085938, 134.33168029785156, 74.96665954589844, 117.83463287353516, 82.73451232910156, 85.0, 146.8400421142578, 98.31072998046875, 88.23265075683594, 102.068603515625, 62.585941314697266, 116.7775650024414, 0.0, 72.42237091064453, 97.16481018066406, 136.12493896484375, 147.7328643798828, 52.69725036621094, 52.32590103149414, 163.78338623046875, 132.43865966796875, 92.80086517333984, 123.06502532958984, 48.87739944458008, 86.4927749633789, 109.03668975830078, 70.71067810058594, 132.9097442626953, 97.75479888916016, 99.36800384521484, 143.4015350341797, 141.2869415283203, 54.120235443115234, 144.68240356445312, 77.38862609863281, 126.65702056884766, 127.76932525634766, 51.4781494140625, 79.6303939819336, 155.86212158203125, 140.89002990722656, 113.70136260986328, 100.64790344238281], [118.1270523071289, 90.42676544189453, 81.21575927734375, 156.01602172851562, 38.07886505126953, 5.830951690673828, 117.27745056152344, 68.87670135498047, 82.85529327392578, 153.4438018798828, 164.91513061523438, 94.14881896972656, 78.64476776123047, 184.49119567871094, 74.94664764404297, 72.7804946899414, 162.459228515625, 164.9757537841797, 139.03236389160156, 113.44161224365234, 60.0, 119.07980346679688, 41.88078308105469, 100.62306213378906, 30.364452362060547, 73.38937377929688, 35.902645111083984, 123.22337341308594, 64.77654266357422, 72.42237091064453, 0.0, 157.33404541015625, 67.97793579101562, 105.26158142089844, 103.81714630126953, 124.32618713378906, 174.18380737304688, 154.0292205810547, 20.51828384399414, 167.863037109375, 84.0, 36.769554138183594, 99.15644073486328, 139.0863037109375, 167.3559112548828, 26.248809814453125, 170.39073181152344, 107.33592224121094, 120.10411834716797, 20.248456954956055, 107.56393432617188, 96.16651916503906, 149.30841064453125, 170.5579071044922, 119.67037963867188, 152.05262756347656, 157.6134490966797, 147.05441284179688, 138.8416290283203, 51.54609680175781], [40.0, 104.00480651855469, 177.00282287597656, 2.2360680103302, 184.05433654785156, 151.90786743164062, 40.199501037597656, 205.29490661621094, 150.98675537109375, 80.7527084350586, 86.00581359863281, 211.6270294189453, 200.1424560546875, 133.0601348876953, 163.60012817382812, 84.71717834472656, 94.2602767944336, 63.28506851196289, 115.8792495727539, 55.973209381103516, 177.74700927734375, 56.7274169921875, 145.8355255126953, 186.1316680908203, 173.2974395751953, 184.83506774902344, 174.3932342529297, 35.0142822265625, 171.18995666503906, 97.16481018066406, 157.33404541015625, 0.0, 204.86337280273438, 182.4335479736328, 53.851646423339844, 78.64476776123047, 125.48307037353516, 90.09439849853516, 174.87423706054688, 45.607017517089844, 75.96051788330078, 181.0027618408203, 123.32882690429688, 36.06937789916992, 69.35416412353516, 183.3712158203125, 50.08992004394531, 172.00291442871094, 153.1175994873047, 144.3468017578125, 174.09193420410156, 83.63013458251953, 85.70297241210938, 51.92301940917969, 97.30878448486328, 68.42514038085938, 132.43865966796875, 117.34138488769531, 76.843994140625, 158.4203338623047], [169.61427307128906, 110.3177261352539, 47.92702865600586, 203.1058807373047, 30.08321762084961, 72.94518280029297, 167.57386779785156, 1.0, 71.84706115722656, 174.18380737304688, 184.0108642578125, 32.572994232177734, 21.260292053222656, 186.5100555419922, 54.918121337890625, 127.00393676757812, 178.10108947753906, 192.62918090820312, 144.39183044433594, 151.822265625, 30.01666259765625, 154.6900177001953, 59.03388977050781, 61.22091293334961, 38.27531814575195, 130.0961151123047, 34.058773040771484, 174.41616821289062, 40.112342834472656, 136.12493896484375, 67.97793579101562, 204.86337280273438, 0.0, 69.40460968017578, 152.20053100585938, 188.35073852539062, 177.89041137695312, 171.0029296875, 49.33558654785156, 201.85391235351562, 129.2942352294922, 87.09190368652344, 104.12012481689453, 195.0640869140625, 192.9378204345703, 53.23532485961914, 228.4031524658203, 79.25907135009766, 105.10946655273438, 88.1192398071289, 78.03204345703125, 126.38433074951172, 168.047607421875, 202.5956573486328, 186.01075744628906, 214.2825164794922, 156.20819091796875, 151.90786743164062, 161.69725036621094, 47.53945541381836], [156.72268676757812, 78.56844329833984, 25.05992889404297, 180.31361389160156, 82.37718200683594, 107.07940673828125, 153.44705200195312, 68.818603515625, 33.541019439697266, 127.76932525634766, 135.02963256835938, 47.07440948486328, 48.87739944458008, 125.06398010253906, 31.064449310302734, 126.28935241699219, 126.92123413085938, 150.26976013183594, 89.49860382080078, 126.6214828491211, 49.39635467529297, 125.93649291992188, 67.06713104248047, 8.5440034866333, 80.95677947998047, 178.44326782226562, 75.13321685791016, 160.4244384765625, 41.231056213378906, 147.7328643798828, 105.26158142089844, 182.4335479736328, 69.40460968017578, 0.0, 138.39797973632812, 194.06442260742188, 118.06777954101562, 121.7579574584961, 97.08243560791016, 164.6389923095703, 117.33712005615234, 138.15933227539062, 60.0, 185.27008056640625, 148.64723205566406, 106.94390869140625, 218.89952087402344, 13.152946472167969, 42.10700607299805, 119.941650390625, 11.045360565185547, 99.15644073486328, 120.70211029052734, 163.37074279785156, 198.4867706298828, 213.78494262695312, 95.00526428222656, 95.52486419677734, 119.0, 53.93514633178711], [18.439088821411133, 61.84658432006836, 128.72451782226562, 52.39274597167969, 130.38404846191406, 98.50888061523438, 15.620499610900879, 152.68922424316406, 105.20931243896484, 77.69813537597656, 88.23265075683594, 161.72198486328125, 149.20120239257812, 128.31600952148438, 115.3126220703125, 32.140316009521484, 91.78779602050781, 75.92759704589844, 94.5304183959961, 25.079872131347656, 126.24578857421875, 32.649654388427734, 93.29522705078125, 140.60227966308594, 119.61605072021484, 139.7139892578125, 120.93386840820312, 22.671567916870117, 120.73938751220703, 52.69725036621094, 103.81714630126953, 53.851646423339844, 152.20053100585938, 138.39797973632812, 0.0, 66.37017059326172, 118.33004760742188, 84.07734680175781, 121.04957580566406, 70.68238830566406, 23.021728515625, 129.65338134765625, 84.15461730957031, 46.87216567993164, 80.65978240966797, 129.71121215820312, 80.60397338867188, 129.8653106689453, 117.34138488769531, 92.0869140625, 131.72698974609375, 42.44997024536133, 78.26238250732422, 75.1797866821289, 79.4040298461914, 77.88452911376953, 115.41230773925781, 99.46356201171875, 65.30696868896484, 106.8316421508789], [55.36244201660156, 124.16924285888672, 178.8994140625, 79.24645233154297, 160.52725219726562, 118.56221771240234, 59.13543701171875, 189.09521484375, 160.70469665527344, 140.45640563964844, 149.6930