{"name": "LZB_n30_5", "n": 30, "m": 9, "times": [[0.0, 171.04678344726562, 97.49871826171875, 111.04053497314453, 78.77182006835938, 187.68324279785156, 89.04492950439453, 133.22161865234375, 127.00393676757812, 83.24061584472656, 186.06719970703125, 166.97305297851562, 53.15073013305664, 176.78518676757812, 6.0, 97.1236343383789, 140.417236328125, 159.10060119628906, 182.1867218017578, 104.69479370117188, 160.31219482421875, 194.4942169189453, 117.15374755859375, 64.35060119628906, 36.0, 107.01869201660156, 152.84632873535156, 53.66563034057617, 126.12692260742188, 44.9110221862793, 100.95543670654297, 58.54912567138672, 44.384681701660156, 110.04090118408203, 143.0139923095703, 161.62301635742188, 157.17823791503906, 153.2644805908203, 72.01388549804688, 181.5709228515625, 83.63013458251953, 111.94641876220703, 62.07253646850586, 145.9109344482422, 118.10588836669922, 78.10890197753906, 77.64663696289062, 133.00375366210938, 94.03190612792969, 52.46903991699219, 97.59098052978516, 173.01156616210938, 183.43936157226562, 108.22661590576172, 144.9413604736328, 109.12836456298828, 109.85900115966797, 134.80726623535156, 21.587032318115234, 168.24386596679688], [171.04678344726562, 0.0, 75.92759704589844, 94.93682098388672, 160.11245727539062, 41.9761848449707, 101.40019989013672, 41.43669891357422, 156.04165649414062, 98.84330749511719, 16.124515533447266, 138.2931671142578, 163.1686248779297, 143.13629150390625, 165.8463134765625, 125.21981048583984, 38.05259704589844, 45.607017517089844, 140.2462158203125, 105.57461547851562, 94.64142608642578, 23.600847244262695, 116.38728332519531, 178.99720764160156, 156.5407257080078, 152.74160766601562, 143.22360229492188, 181.79383850097656, 45.221675872802734, 189.69448852539062, 154.35348510742188, 159.1383056640625, 187.54466247558594, 89.89994812011719, 82.2192153930664, 55.90169906616211, 21.587032318115234, 93.08598327636719, 119.5198745727539, 13.152946472167969, 96.31718444824219, 64.44377136230469, 147.64822387695312, 57.697486877441406, 140.42791748046875, 174.28712463378906, 159.1540069580078, 84.5280990600586, 152.06906127929688, 145.5609893798828, 80.60397338867188, 89.28605651855469, 146.97279357910156, 87.23531341552734, 37.85498809814453, 143.73587036132812, 86.20904541015625, 70.83784484863281, 157.17823791503906, 30.675724029541016], [97.49871826171875, 75.92759704589844, 0.0, 42.94182205200195, 110.69326782226562, 102.4743881225586, 58.728187561035156, 46.2385139465332, 130.10765075683594, 49.20365905761719, 89.87213134765625, 111.40017700195312, 103.4069595336914, 120.10411834716797, 91.92388153076172, 63.03173828125, 54.7813835144043, 80.08120727539062, 121.69634246826172, 76.216796875, 82.37718200683594, 99.48869323730469, 66.128662109375, 105.15226745605469, 91.0054931640625, 117.61377716064453, 106.47064971923828, 106.66770935058594, 31.14482307434082, 113.86395263671875, 91.26883697509766, 101.63660430908203, 111.73181915283203, 37.2155876159668, 61.587337493896484, 68.26419067382812, 59.9416389465332, 76.02631378173828, 67.08203887939453, 85.14693450927734, 45.607017517089844, 15.033296585083008, 92.04889678955078, 74.24284362792969, 86.4927749633789, 122.38055419921875, 109.3846435546875, 54.037025451660156, 86.83317565917969, 85.70297241210938, 39.11521530151367, 89.96110534667969, 126.25371551513672, 32.75667953491211, 60.74536895751953, 85.21150207519531, 61.717098236083984, 72.56031799316406, 87.132080078125, 70.88018035888672], [111.04053497314453, 94.93682098388672, 42.94182205200195, 0.0, 146.4411163330078, 131.24404907226562, 100.2646484375, 81.05553436279297, 171.59254455566406, 90.02777099609375, 104.10091400146484, 69.35416412353516, 133.8245086669922, 78.49203491210938, 105.0428466796875, 30.805843353271484, 89.0, 115.01738739013672, 81.05553436279297, 118.71394348144531, 49.497474670410156, 115.97413635253906, 24.1867733001709, 91.52595520019531, 117.65203094482422, 157.69908142089844, 63.52952194213867, 97.94896697998047, 61.00819778442383, 109.93180084228516, 59.4810905456543, 133.72360229492188, 107.70329284667969, 6.082762718200684, 32.38827133178711, 57.688819885253906, 73.79024505615234, 42.42640686035156, 104.9952392578125, 99.12618255615234, 86.55634307861328, 39.31920623779297, 126.05157470703125, 112.8716049194336, 47.16990661621094, 156.28500366210938, 145.05516052246094, 22.360679626464844, 57.688819885253906, 117.64778137207031, 81.98780059814453, 62.00806427001953, 84.89994049072266, 10.440306663513184, 95.00526428222656, 49.04079818725586, 104.65657806396484, 113.75851440429688, 108.68302154541016, 75.28611755371094], [78.77182006835938, 160.11245727539062, 110.69326782226562, 146.4411163330078, 0.0, 158.1455078125, 59.07622146606445, 119.0, 50.0099983215332, 64.32728576660156, 176.1817169189453, 214.44113159179688, 26.0, 224.00892639160156, 79.83106994628906, 148.49916076660156, 122.26201629638672, 128.5768280029297, 227.26416015625, 57.567352294921875, 192.31484985351562, 180.1138458251953, 163.24827575683594, 139.78555297851562, 43.416587829589844, 30.364452362060547, 204.62893676757812, 130.7707977294922, 124.61540985107422, 123.62847900390625, 164.25894165039062, 20.2237491607666, 122.9837417602539, 142.35870361328125, 171.7323455810547, 176.92088317871094, 155.72412109375, 185.64752197265625, 43.96589660644531, 173.04623413085938, 67.6830825805664, 124.31009674072266, 21.260292053222656, 112.36102294921875, 174.09193420410156, 14.560219764709473, 1.4142135381698608, 163.29421997070312, 157.292724609375, 31.62277603149414, 81.61495208740234, 200.63897705078125, 230.6013946533203, 138.57127380371094, 123.79418182373047, 167.47537231445312, 74.96665954589844, 97.41663360595703, 59.203041076660156, 171.548828125], [187.68324279785156, 41.9761848449707, 102.4743881225586, 131.24404907226562, 158.1455078125, 0.0, 104.70912170410156, 56.859474182128906, 141.01419067382812, 106.50821685791016, 46.3249397277832, 179.9027557373047, 167.72000122070312, 184.9810791015625, 183.25119018554688, 160.05624389648438, 48.60041046142578, 29.96664810180664, 182.200439453125, 100.57833099365234, 136.4734344482422, 38.897300720214844, 154.20765686035156, 207.52349853515625, 165.89454650878906, 143.13629150390625, 184.00271606445312, 208.29066467285156, 72.61542510986328, 213.8270263671875, 189.4650421142578, 162.459228515625, 211.8135986328125, 125.63439178466797, 123.03658294677734, 97.86214447021484, 62.12889862060547, 134.62911987304688, 124.42266845703125, 48.30113983154297, 105.20931243896484, 95.2732925415039, 150.79124450683594, 45.880279541015625, 178.08424377441406, 172.70205688476562, 157.49285888671875, 124.19742584228516, 186.27130126953125, 151.7168426513672, 90.27181243896484, 131.21737670898438, 188.9047393798828, 122.26201629638672, 43.27817153930664, 180.2054443359375, 84.5813217163086, 60.728904724121094, 170.41419982910156, 72.53275299072266], [89.04492950439453, 101.40019989013672, 58.728187561035156, 100.2646484375, 59.07622146606445, 104.70912170410156, 0.0, 60.074954986572266, 71.44927978515625, 10.770329475402832, 117.51595306396484, 169.53170776367188, 63.324562072753906, 178.46568298339844, 85.95928955078125, 112.40106964111328, 63.95310592651367, 74.79304504394531, 180.32470703125, 20.39607810974121, 140.60227966308594, 122.18428802490234, 121.49073791503906, 129.65338134765625, 61.84658432006836, 59.36328887939453, 163.1103973388672, 125.31958770751953, 66.21932983398438, 125.22779083251953, 135.85653686523438, 58.52349853515625, 123.66487121582031, 95.01578521728516, 119.80818176269531, 120.15406799316406, 96.7470932006836, 134.46560668945312, 19.72308349609375, 114.21470642089844, 13.892443656921387, 69.89277648925781, 46.840152740478516, 59.64059066772461, 138.22445678710938, 73.00685119628906, 58.03447341918945, 112.69871520996094, 129.75746154785156, 47.01063537597656, 23.0867919921875, 146.81280517578125, 184.7187042236328, 90.68627166748047, 66.21932983398438, 134.2609405517578, 21.21320343017578, 46.69047164916992, 69.02897644042969, 112.78740692138672], [133.22161865234375, 41.43669891357422, 46.2385139465332, 81.05553436279297, 119.0, 56.859474182128906, 60.074954986572266, 0.0, 119.50732421875, 57.48912811279297, 57.55866622924805, 141.15240478515625, 121.8072280883789, 148.2464141845703, 128.40560913085938, 107.05606079101562, 8.5440034866333, 34.36568069458008, 147.5804901123047, 66.21932983398438, 102.21546173095703, 63.24555206298828, 105.1712875366211, 150.84097290039062, 115.8792495727539, 113.75851440429688, 140.9184112548828, 151.4331512451172, 20.39607810974121, 157.11460876464844, 136.13229370117188, 117.71150970458984, 155.08062744140625, 75.02666473388672, 83.67198181152344, 70.72481536865234, 39.0, 97.94896697998047, 78.08969116210938, 54.147945404052734, 55.081756591796875, 42.04759216308594, 106.21205139160156, 32.893768310546875, 128.00390625, 133.0601348876953, 118.00423431396484, 80.95677947998047, 132.21951293945312, 104.29285430908203, 39.293766021728516, 103.07764434814453, 153.44705200195312, 71.0, 14.560219764709473, 128.47178649902344, 46.57252502441406, 38.94868469238281, 117.72000885009766, 55.94640350341797], [127.00393676757812, 156.04165649414062, 130.10765075683594, 171.59254455566406, 50.0099983215332, 141.01419067382812, 71.44927978515625, 119.50732421875, 0.0, 81.56592559814453, 170.98829650878906, 240.9190673828125, 75.66372680664062, 249.89797973632812, 127.19276428222656, 181.27603149414062, 119.26860809326172, 114.98260498046875, 251.76576232910156, 55.217750549316406, 211.4001007080078, 171.47010803222656, 192.20040893554688, 184.54539489746094, 91.0054931640625, 20.02498435974121, 234.008544921875, 176.77670288085938, 132.40090942382812, 171.29214477539062, 201.777099609375, 69.35416412353516, 170.42300415039062, 166.42416381835938, 190.68560791015625, 187.62728881835938, 158.49606323242188, 205.45559692382812, 69.77105712890625, 169.0976104736328, 85.04116821289062, 140.46351623535156, 65.12296295166016, 99.63935089111328, 207.3475341796875, 58.18075180053711, 50.80354309082031, 183.9347686767578, 195.15122985839844, 75.42546081542969, 92.31468200683594, 216.6033172607422, 256.16400146484375, 162.11415100097656, 118.2962417602539, 202.31906127929688, 73.9256362915039, 85.37564086914062, 106.169677734375, 175.45370483398438], [83.24061584472656, 98.84330749511719, 49.20365905761719, 90.02777099609375, 64.32728576660156, 106.50821685791016, 10.770329475402832, 57.48912811279297, 81.56592559814453, 0.0, 114.93476104736328, 159.36436462402344, 64.32728576660156, 168.38645935058594, 79.6303939819336, 101.63660430908203, 62.62587356567383, 77.0064926147461, 170.42593383789062, 31.048349380493164, 131.48764038085938, 120.60265350341797, 110.9414291381836, 120.2081527709961, 59.53990173339844, 68.4105224609375, 152.633544921875, 116.41735076904297, 60.406951904296875, 117.17507934570312, 125.15989685058594, 60.406951904296875, 115.52056121826172, 84.89994049072266, 110.67971801757812, 112.89375305175781, 92.02173614501953, 125.20782470703125, 21.0, 111.3058853149414, 3.605551242828369, 61.29437255859375, 49.09175109863281, 62.93647766113281, 127.4754867553711, 77.5241928100586, 63.150611877441406, 103.23274993896484, 119.10079956054688, 46.840152740478516, 18.248287200927734, 138.31124877929688, 174.691162109375, 80.62257385253906, 65.79513549804688, 123.49089050292969, 27.312999725341797, 51.61395263671875, 64.38167572021484, 107.46627044677734], [186.06719970703125, 16.124515533447266, 89.87213134765625, 104.10091400146484, 176.1817169189453, 46.3249397277832, 117.51595306396484, 57.55866622924805, 170.98829650878906, 114.93476104736328, 0.0, 140.17489624023438, 179.25401306152344, 144.01388549804688, 180.76780700683594, 134.83323669433594, 54.0, 58.13776779174805, 140.2889862060547, 121.3342514038086, 96.13011932373047, 12.369317054748535, 123.9758071899414, 191.0497283935547, 172.40939331054688, 168.315185546875, 146.97279357910156, 194.51734924316406, 59.9416389465332, 203.06649780273438, 163.4778289794922, 175.25125122070312, 200.89051818847656, 99.5690689086914, 86.83317565917969, 57.314918518066406, 31.14482307434082, 95.75489807128906, 135.6355438232422, 5.0, 112.37882232666016, 77.33692169189453, 163.76812744140625, 71.7844009399414, 147.8512725830078, 190.37857055664062, 175.2312774658203, 90.82400512695312, 161.7559814453125, 161.61683654785156, 96.69022369384766, 88.36288452148438, 147.217529296875, 97.41663360595703, 53.33854293823242, 152.05262756347656, 102.07839965820312, 85.61541748046875, 172.69915771484375, 31.575305938720703], [166.97305297851562, 138.2931671142578, 111.40017700195312, 69.35416412353516, 214.44113159179688, 179.9027557373047, 169.53170776367188, 141.15240478515625, 240.9190673828125, 159.36436462402344, 140.17489624023438, 0.0, 199.49185180664062, 9.848857879638672, 161.30715942382812, 70.00714111328125, 147.6787109375, 171.99127197265625, 16.0, 187.608642578125, 44.04542922973633, 152.32859802246094, 51.62363815307617, 123.0, 181.8350830078125, 226.9823760986328, 17.72004508972168, 134.13426208496094, 121.07848358154297, 149.33518981933594, 74.02702331542969, 200.24984741210938, 147.41099548339844, 74.5184555053711, 57.9741325378418, 83.00602722167969, 117.83463287353516, 45.27692413330078, 174.04022216796875, 136.05880737304688, 155.87815856933594, 103.94229125976562, 193.60009765625, 174.04022216796875, 51.15662384033203, 223.3226318359375, 213.0375518798828, 60.41522979736328, 79.05693817138672, 184.49119567871094, 150.42605590820312, 54.120235443115234, 16.552946090698242, 78.8733139038086, 153.0751495361328, 61.13100814819336, 172.51376342773438, 178.03651428222656, 170.39366149902344, 109.00458526611328], [53.15073013305664, 163.1686248779297, 103.4069595336914, 133.8245086669922, 26.0, 167.72000122070312, 63.324562072753906, 121.8072280883789, 75.66372680664062, 64.32728576660156, 179.25401306152344, 199.49185180664062, 0.0, 209.2462615966797, 54.708316802978516, 131.2097625732422, 126.64912414550781, 137.75340270996094, 213.21585083007812, 69.81404113769531, 181.892822265625, 184.81613159179688, 147.87156677246094, 115.55085754394531, 19.416488647460938, 55.73149871826172, 188.21530151367188, 105.9480972290039, 123.14625549316406, 98.06120300292969, 143.8367156982422, 6.7082037925720215, 97.51409912109375, 130.54501342773438, 161.91355895996094, 171.548828125, 155.38983154296875, 174.97714233398438, 43.96589660644531, 175.58189392089844, 66.91038513183594, 118.08895111083984, 17.20465087890625, 122.1187973022461, 155.97434997558594, 26.07680892944336, 25.01999282836914, 152.7645263671875, 136.78085327148438, 18.0, 82.56512451171875, 191.76026916503906, 215.92822265625, 127.22421264648438, 129.34063720703125, 148.5530242919922, 83.18653869628906, 108.0462875366211, 34.885528564453125, 170.02647399902344], [176.78518676757812, 143.13629150390625, 120.10411834716797, 78.49203491210938, 224.00892639160156, 184.9810791015625, 178.46568298339844, 148.2464141845703, 249.89797973632812, 168.38645935058594, 144.01388549804688, 9.848857879638672, 209.2462615966797, 0.0, 171.12860107421875, 79.84986114501953, 154.5056610107422, 178.3704071044922, 8.062257766723633, 196.31097412109375, 48.50773239135742, 156.00320434570312, 61.400325775146484, 132.0605926513672, 191.63768005371094, 236.1905975341797, 26.019224166870117, 143.34922790527344, 128.3783416748047, 158.61903381347656, 83.02409362792969, 209.9547576904297, 156.71949768066406, 83.48652648925781, 64.62197875976562, 87.3670425415039, 123.16655731201172, 50.96076965332031, 183.3712158203125, 140.08926391601562, 164.8787384033203, 112.05802154541016, 203.21417236328125, 181.07733154296875, 60.530982971191406, 232.9978485107422, 222.60728454589844, 68.09552001953125, 88.27796936035156, 194.1648712158203, 159.0125732421875, 56.32051086425781, 6.7082037925720215, 87.78382873535156, 159.7654571533203, 70.45565795898438, 180.88670349121094, 185.60711669921875, 180.2359619140625, 113.28282928466797], [6.0, 165.8463134765625, 91.92388153076172, 105.0428466796875, 79.83106994628906, 183.25119018554688, 85.95928955078125, 128.40560913085938, 127.19276428222656, 79.6303939819336, 180.76780700683594, 161.30715942382812, 54.708316802978516, 171.12860107421875, 0.0, 91.39474487304688, 135.72398376464844, 154.89674377441406, 176.46530151367188, 102.31813049316406, 154.3243408203125, 189.33567810058594, 111.3238525390625, 61.29437255859375, 36.49657440185547, 107.29864501953125, 147.32955932617188, 51.26402282714844, 120.83045959472656, 44.10215377807617, 96.02082824707031, 59.66573715209961, 43.28972244262695, 104.04325866699219, 137.0146026611328, 155.72412109375, 151.7003631591797, 147.27525329589844, 69.6419448852539, 176.2384796142578, 79.8122787475586, 106.28263854980469, 62.07253646850586, 141.99295043945312, 112.69871520996094, 80.23091888427734, 78.64476776123047, 127.00393676757812, 89.05054473876953, 52.009613037109375, 93.38094329833984, 167.01197814941406, 177.79200744628906, 102.23991394042969, 140.356689453125, 103.83159637451172, 106.53168487548828, 131.24404907226562, 21.02379608154297, 162.58535766601562], [97.1236343383789, 125.21981048583984, 63.03173828125, 30.805843353271484, 148.49916076660156, 160.05624389648438, 112.40106964111328, 107.05606079101562, 181.27603149414062, 101.63660430908203, 134.83323669433594, 70.00714111328125, 131.2097625732422, 79.84986114501953, 91.39474487304688, 0.0, 115.41230773925781, 141.42135620117188, 85.070556640625, 132.40090942382812, 69.37578582763672, 146.63218688964844, 21.02379608154297, 63.56099319458008, 112.89375305175781, 165.07574462890625, 57.14017868041992, 71.84010314941406, 88.0738296508789, 85.5102310180664, 29.4108829498291, 132.6536865234375, 83.36066436767578, 35.35533905029297, 58.30952072143555, 87.20664978027344, 104.31682586669922, 62.93647766113281, 111.77208709716797, 129.84991455078125, 98.61541748046875, 65.30696868896484, 127.27922058105469, 137.05838012695312, 26.07680892944336, 155.97434997558594, 147.0850067138672, 49.40647888183594, 26.925823211669922, 117.45637512207031, 98.71676635742188, 84.11896514892578, 86.53900909423828, 38.07886505126953, 121.49485778808594, 22.360679626464844, 121.75385284423828, 135.44740295410156, 100.7223892211914, 106.04244232177734], [140.417236328125, 38.05259704589844, 54.7813835144043, 89.0, 122.26201629638672, 48.60041046142578, 63.95310592651367, 8.5440034866333, 119.26860809326172, 62.62587356567383, 54.0, 147.6787109375, 126.64912414550781, 154.5056610107422, 135.72398376464844, 115.41230773925781, 0.0, 26.07680892944336, 153.52198791503906, 67.60177612304688, 107.78218841552734, 58.24946212768555, 113.0398178100586, 159.2984619140625, 121.74153137207031, 114.93476104736328, 148.0709228515625, 159.7654571533203, 28.017850875854492, 165.23922729492188, 144.5441131591797, 122.24974060058594, 163.220703125, 83.00602722167969, 89.8888168334961, 74.5184555053711, 40.224369049072266, 103.87010955810547, 82.71033477783203, 51.15662384033203, 60.539241790771484, 50.2493782043457, 110.63453674316406, 26.925823211669922, 136.05880737304688, 136.52838134765625, 121.3342514038086, 87.80091094970703, 140.68759155273438, 109.41663360595703, 44.777225494384766, 107.64757537841797, 159.5399627685547, 79.05693817138672, 6.082762718200684, 136.71868896484375, 48.166378021240234, 35.80502700805664, 124.34226989746094, 57.14017868041992], [159.10060119628906, 45.607017517089844, 80.08120727539062, 115.01738739013672, 128.5768280029297, 29.96664810180664, 74.79304504394531, 34.36568069458008, 114.98260498046875, 77.0064926147461, 58.13776779174805, 171.99127197265625, 137.75340270996094, 178.3704071044922, 154.89674377441406, 141.42135620117188, 26.07680892944336, 0.0, 176.85304260253906, 71.0633544921875, 130.74020385742188, 56.75385284423828, 139.00360107421875, 183.412109375, 136.18002319335938, 115.108642578125, 173.27723693847656, 183.08741760253906, 54.00925827026367, 187.48866271972656, 170.48460388183594, 132.50282287597656, 185.550537109375, 109.04127502441406, 114.01753997802734, 94.8946762084961, 57.982757568359375, 127.440185546875, 94.5145492553711, 57.45433044433594, 75.92759704589844, 76.32168579101562, 120.83045959472656, 16.278820037841797, 162.11106872558594, 143.13629150390625, 127.88275909423828, 112.78740692138672, 166.5082550048828, 121.8031234741211, 61.52235412597656, 128.82546997070312, 183.1092529296875, 105.11898040771484, 20.02498435974121, 162.7882080078125, 54.625999450683594, 31.400636672973633, 141.2267608642578, 73.24616241455078], [182.1867218017578, 140.2462158203125, 121.69634246826172, 81.05553436279297, 227.26416015625, 182.200439453125, 180.32470703125, 147.5804901123047, 251.76576232910156, 170.42593383789062, 140.2889862060547, 16.0, 213.21585083007812, 8.062257766723633, 176.46530151367188, 85.070556640625, 153.52198791503906, 176.85304260253906, 0.0, 197.73973083496094, 46.173583984375, 152.11837768554688, 65.79513549804688, 139.0, 195.89793395996094, 238.53091430664062, 33.37664031982422, 150.1199493408203, 128.015625, 165.30274963378906, 90.022216796875, 213.7007293701172, 163.37074279785156, 85.70297241210938, 64.0078125, 84.34452819824219, 120.7849349975586, 49.658836364746094, 186.03762817382812, 136.52838134765625, 166.88319396972656, 112.80071258544922, 206.6325225830078, 180.2720184326172, 67.11929321289062, 236.6114959716797, 225.8694305419922, 68.60028839111328, 95.04735565185547, 197.80039978027344, 160.31219482421875, 52.009613037109375, 7.071067810058594, 89.87213134765625, 158.61903381347656, 77.10382843017578, 181.8158416748047, 185.4319305419922, 184.89456176757812, 110.02726745605469], [104.69479370117188, 105.57461547851562, 76.216796875, 118.71394348144531, 57.567352294921875, 100.57833099365234, 20.39607810974121, 66.21932983398438, 55.217750549316406, 31.048349380493164, 121.3342514038086, 187.608642578125, 69.81404113769531, 196.31097412109375, 102.31813049316406, 132.40090942382812, 67.60177612304688, 71.0633544921875, 197.73973083496094, 0.0, 156.46405029296875, 124.03628540039062, 140.65560913085938, 149.2715606689453, 73.60027313232422, 47.53945541381836, 182.00274658203125, 144.39183044433594, 77.41446685791016, 143.33876037597656, 156.20819091796875, 63.82006072998047, 141.89080810546875, 113.2254409790039, 135.83078002929688, 132.59336853027344, 104.9952392578125, 150.65524291992188, 32.69556427001953, 118.71394348144531, 33.83784866333008, 85.58621215820312, 52.63079071044922, 54.81787872314453, 158.09490966796875, 72.12489318847656, 56.920997619628906, 129.44883728027344, 150.13661193847656, 56.7274169921875, 37.48332977294922, 161.40013122558594, 202.42776489257812, 108.811767578125, 68.06614685058594, 154.3826446533203, 19.646883010864258, 39.84971618652344, 83.6480712890625, 121.7579574584961], [160.31219482421875, 94.64142608642578, 82.37718200683594, 49.497474670410156, 192.31484985351562, 136.4734344482422, 140.60227966308594, 102.21546173095703, 211.4001007080078, 131.48764038085938, 96.13011932373047, 44.04542922973633, 181.892822265625, 48.50773239135742, 154.3243408203125, 69.37578582763672, 107.78218841552734, 130.74020385742188, 46.173583984375, 156.46405029296875, 0.0, 108.29589080810547, 49.04079818725586, 132.51792907714844, 166.48123168945312, 199.83242797851562, 52.55473327636719, 141.2090606689453, 83.23461151123047, 154.78048706054688, 88.83692932128906, 181.24017333984375, 152.61061096191406, 51.6623649597168, 20.808652877807617, 39.0128173828125, 74.73285675048828, 7.071067810058594, 149.21795654296875, 92.02173614501953, 127.88275909423828, 70.93659210205078, 172.72232055664062, 134.64768981933594, 66.40029907226562, 203.17726135253906, 190.9685821533203, 29.154760360717773, 90.78546142578125, 165.08482360839844, 119.09659576416016, 15.264337539672852, 52.63079071044922, 54.708316802978516, 112.72976684570312, 74.625732421875, 139.31619262695312, 140.6165008544922, 158.06961059570312, 65.0076904296875], [194.4942169189453, 23.600847244262695, 99.48869323730469, 115.97413635253906, 180.1138458251953, 38.897300720214844, 122.18428802490234, 63.24555206298828, 171.47010803222656, 120.60265350341797, 12.369317054748535, 152.32859802246094, 184.81613159179688, 156.00320434570312, 189.33567810058594, 146.63218688964844, 58.24946212768555, 56.75385284423828, 152.11837768554688, 124.03628540039062, 108.29589080810547, 0.0, 136.16534423828125, 201.97276306152344, 179.07540893554688, 170.23806762695312, 159.3047332763672, 205.0658416748047, 68.818603515625, 213.17832946777344, 175.41949462890625, 180.48822021484375, 211.02133178710938, 111.3058853149414, 99.20181274414062, 69.58448028564453, 42.43819046020508, 108.0462875366211, 140.9184112548828, 17.0880069732666, 118.2962417602539, 87.68124389648438, 168.88162231445312, 71.84706115722656, 160.07810974121094, 194.4864959716797, 179.23448181152344, 103.12128448486328, 173.55690002441406, 167.44252014160156, 102.48902130126953, 100.12492370605469, 159.07859802246094, 109.0, 56.32051086425781, 164.14932250976562, 105.3043212890625, 86.46965026855469, 180.2720184326172, 43.931766510009766], [117.15374755859375, 116.38728332519531, 66.128662109375, 24.1867733001709, 163.24827575683594, 154.20765686035156, 121.49073791503906, 105.1712875366211, 192.20040893554688, 110.9414291381836, 123.9758071899414, 51.62363815307617, 147.87156677246094, 61.400325775146484, 111.3238525390625, 21.02379608154297, 113.0398178100586, 139.00360107421875, 65.79513549804688, 140.65560913085938, 49.04079818725586, 136.16534423828125, 0.0, 83.48652648925781, 130.249755859375, 177.23431396484375, 41.86884307861328, 92.41753387451172, 85.02352905273438, 106.3672866821289, 41.72529220581055, 148.69094848632812, 104.23531341552734, 30.265491485595703, 41.01219177246094, 71.84010314941406, 94.86833190917969, 42.95346450805664, 123.9072265625, 119.10079956054688, 107.61505126953125, 63.50590515136719, 142.27438354492188, 137.05838012695312, 24.041629791259766, 171.81967163085938, 161.8394317626953, 33.83784866333008, 42.43819046020508, 133.00375366210938, 104.69479370117188, 64.07807922363281, 68.09552001953125, 34.525352478027344, 119.01680755615234, 28.600698471069336, 127.63228607177734, 137.76791381835938, 119.10079956054688, 93.53608703613281], [64.35060119628906, 178.99720764160156, 105.15226745605469, 91.52595520019531, 139.78555297851562, 207.52349853515625, 129.65338134765625, 150.84097290039062, 184.54539489746094, 120.2081527709961, 191.0497283935547, 123.0, 115.55085754394531, 132.0605926513672, 61.29437255859375, 63.56099319458008, 159.2984619140625, 183.412109375, 139.0, 149.2715606689453, 132.51792907714844, 201.97276306152344, 83.48652648925781, 0.0, 96.5660400390625, 165.1968536376953, 106.11785888671875, 12.529964447021484, 135.91542053222656, 27.85677719116211, 49.04079818725586, 119.97083282470703, 26.4007568359375, 94.20191192626953, 121.6552505493164, 149.21461486816406, 159.90621948242188, 126.28935241699219, 119.06720733642578, 186.07794189453125, 118.69709014892578, 114.63420104980469, 120.33287048339844, 174.3932342529297, 72.11102294921875, 141.36477661132812, 138.51353454589844, 112.37882232666016, 44.10215377807617, 109.63575744628906, 126.92123413085938, 147.47203063964844, 138.17742919921875, 95.13148498535156, 165.0605926513672, 62.12889862060547, 146.69696044921875, 167.72000122070312, 80.77747344970703, 165.09693908691406], [36.0, 156.5407257080078, 91.0054931640625, 117.65203094482422, 43.416587829589844, 165.89454650878906, 61.84658432006836, 115.8792495727539, 91.0054931640625, 59.53990173339844, 172.40939331054688, 181.8350830078125, 19.416488647460938, 191.63768005371094, 36.49657440185547, 112.89375305175781, 121.74153137207031, 136.18002319335938, 195.89793395996094, 73.60027313232422, 166.48123168945312, 179.07540893554688, 130.249755859375, 96.5660400390625, 0.0, 71.02816009521484, 170.01763916015625, 87.36132049560547, 114.14026641845703, 80.5046615600586, 124.57929229736328, 23.409399032592773, 79.76214599609375, 114.84336853027344, 146.98638916015625, 159.1540069580078, 146.50938415527344, 159.48040771484375, 42.44997024536133, 168.40428161621094, 61.269893646240234, 106.0, 26.172504425048828, 121.40016174316406, 137.277099609375, 45.486263275146484, 42.20189666748047, 137.52818298339844, 117.51595306396484, 17.464248657226562, 76.967529296875, 177.12425231933594, 198.3380889892578, 111.82575988769531, 125.21981048583984, 129.63409423828125, 82.97589874267578, 108.46658325195312, 15.81138801574707, 160.13119506835938], [107.01869201660156, 152.74160766601562, 117.61377716064453, 157.69908142089844, 30.364452362060547, 143.13629150390625, 59.36328887939453, 113.75851440429688, 20.02498435974121, 68.4105224609375, 168.315185546875, 226.9823760986328, 55.73149871826172, 236.1905975341797, 107.29864501953125, 165.07574462890625, 114.93476104736328, 115.108642578125, 238.53091430664062, 47.53945541381836, 199.83242797851562, 170.23806762695312, 177.23431396484375, 165.1968536376953, 71.02816009521484, 0.0, 219.10043334960938, 157.16551208496094, 124.08464813232422, 151.40013122558594, 184.29595947265625, 49.36598205566406, 150.56228637695312, 152.83978271484375, 179.02513122558594, 178.8994140625, 152.48606872558594, 193.60009765625, 53.413482666015625, 165.89454650878906, 72.00694274902344, 129.24781799316406, 45.27692413330078, 99.02020263671875, 191.12823486328125, 40.224369049072266, 31.048349380493164, 171.64207458496094, 177.5528106689453, 55.73149871826172, 81.88406372070312, 206.16983032226562, 242.588134765625, 148.6606903076172, 114.98260498046875, 185.60711669921875, 67.18630981445312, 84.0, 86.28441619873047, 169.18923950195312], [152.84632873535156, 143.22360229492188, 106.47064971923828, 63.52952194213867, 204.62893676757812, 184.00271606445312, 163.1103973388672, 140.9184112548828, 234.008544921875, 152.633544921875, 146.97279357910156, 17.72004508972168, 188.21530151367188, 26.019224166870117, 147.32955932617188, 57.14017868041992, 148.0709228515625, 173.27723693847656, 33.37664031982422, 182.00274658203125, 52.55473327636719, 159.3047332763672, 41.86884307861328, 106.11785888671875, 170.01763916015625, 219.10043334960938, 0.0, 117.51595306396484, 120.54045104980469, 132.8495330810547, 57.07889175415039, 189.44656372070312, 130.9809112548828, 69.31810760498047, 61.032779693603516, 89.8220443725586, 122.03688049316406, 51.41984176635742, 165.7588653564453, 142.5552520751953, 149.26486206054688, 101.2422866821289, 183.5347442626953, 173.66635131835938, 35.1710090637207, 212.70872497558594, 203.2166290283203, 60.530982971191406, 62.513999938964844, 174.00286865234375, 145.4991455078125, 65.3681869506836, 32.06243896484375, 73.79024505615234, 153.75955200195312, 44.9110221862793, 168.1814422607422, 176.1732177734375, 157.78466796875, 115.41230773925781], [53.66563034057617, 181.79383850097656, 106.66770935058594, 97.94896697998047, 130.7707977294922, 208.29066467285156, 125.31958770751953, 151.4331512451172, 176.77670288085938, 116.41735076904297, 194.51734924316406, 134.13426208496094, 105.9480972290039, 143.34922790527344, 51.26402282714844, 71.84010314941406, 159.7654571533203, 183.08741760253906, 150.1199493408203, 144.39183044433594, 141.2090606689453, 205.0658416748047, 92.41753387451172, 12.529964447021484, 87.36132049560547, 157.16551208496094, 117.51595306396484, 0.0, 137.76791381835938, 15.524174690246582, 60.530982971191406, 110.72488403320312, 13.928388595581055, 99.98500061035156, 129.07749938964844, 155.4155731201172, 163.46559143066406, 134.76646423339844, 113.21660614013672, 189.5890350341797, 115.24755859375, 117.38824462890625, 111.98660278320312, 173.1415557861328, 83.02409362792969, 131.47242736816406, 129.54150390625, 119.50732421875, 55.081756591796875, 101.43470764160156, 124.7878189086914, 155.9390869140625, 149.5660400390625, 100.40418243408203, 165.36021423339844, 73.02738952636719, 143.40501403808594, 165.49623107910156, 71.56814575195312, 169.80577087402344], [126.12692260742188, 45.221675872802734, 31.14482307434082, 61.00819778442383, 124.61540985107422, 72.61542510986328, 66.21932983398438, 20.39607810974121, 132.40090942382812, 60.406951904296875, 59.9416389465332, 121.07848358154297, 123.14625549316406, 128.3783416748047, 120.83045959472656, 88.0738296508789, 28.017850875854492, 54.00925827026367, 128.015625, 77.41446685791016, 83.23461151123047, 68.818603515625, 85.02352905273438, 135.91542053222656, 114.14026641845703, 124.08464813232422, 120.54045104980469, 137.76791381835938, 0.0, 144.9586181640625, 117.38824462890625, 120.0, 142.8355712890625, 55.03635025024414, 64.0078125, 55.226806640625, 32.38827133178711, 78.54934692382812, 81.3019027709961, 55.46169662475586, 57.21887969970703, 22.803508758544922, 109.07337188720703, 53.16013717651367, 108.11567687988281, 137.93113708496094, 123.47064208984375, 60.74536895751953, 113.88591003417969, 105.1712875366211, 43.17406463623047, 85.5628433227539, 133.72360229492188, 51.15662384033203, 34.0, 109.03668975830078, 58.52349853515625, 57.45433044433594, 113.21660614013672, 47.095645904541016], [44.9110221862793, 189.69448852539062, 113.86395263671875, 109.93180084228516, 123.62847900390625, 213.8270263671875, 125.22779083251953, 157.11460876464844, 171.29214477539062, 117.17507934570312, 203.06649780273438, 149.33518981933594, 98.06120300292969, 158.61903381347656, 44.10215377807617, 85.5102310180664, 165.23922729492188, 187.48866271972656, 165.30274963378906, 143.33876037597656, 154.78048706054688, 213.17832946777344, 106.3672866821289, 27.85677719116211, 80.5046615600586, 151.40013122558594, 132.8495330810547, 15.524174690246582, 144.9586181640625, 0.0, 75.95393371582031, 103.4069595336914, 2.2360680103302, 111.40017700195312, 141.67568969726562, 166.8202667236328, 172.2614288330078, 148.19244384765625, 111.1980209350586, 198.20443725585938, 116.46887969970703, 125.73384857177734, 106.169677734375, 176.5021209716797, 98.18350219726562, 122.80065155029297, 122.48265075683594, 131.91285705566406, 70.34912872314453, 96.02082824707031, 127.53430938720703, 169.2926483154297, 164.8787384033203, 111.36426544189453, 170.6018829345703, 88.20430755615234, 144.47145080566406, 167.72000122070312, 65.12296295166016, 179.72479248046875], [100.95543670654297, 154.35348510742188, 91.26883697509766, 59.4810905456543, 164.25894165039062, 189.4650421142578, 135.85653686523438, 136.13229370117188, 201.777099609375, 125.15989685058594, 163.4778289794922, 74.02702331542969, 143.8367156982422, 83.02409362792969, 96.02082824707031, 29.4108829498291, 144.5441131591797, 170.48460388183594, 90.022216796875, 156.20819091796875, 88.83692932128906, 175.41949462890625, 41.72529220581055, 49.04079818725586, 124.57929229736328, 184.29595947265625, 57.07889175415039, 60.530982971191406, 117.38824462890625, 75.95393371582031, 0.0, 146.49232482910156, 74.14849853515625, 64.47480010986328, 82.73451232910156, 113.35784149169922, 133.27040100097656, 83.48652648925781, 132.09844970703125, 158.5181427001953, 122.48265075683594, 94.5938720703125, 143.12582397460938, 165.51132202148438, 23.76972770690918, 169.64964294433594, 162.86497497558594, 75.1664810180664, 7.071067810058594, 132.63861083984375, 124.7878189086914, 104.10091400146484, 89.14033508300781, 67.41661834716797, 150.6253662109375, 14.317821502685547, 147.50254821777344, 163.01226806640625, 110.3177261352539, 133.96267700195312], [58.54912567138672, 159.1383056640625, 101.63660430908203, 133.72360229492188, 20.2237491607666, 162.459228515625, 58.52349853515625, 117.71150970458984, 69.35416412353516, 60.406951904296875, 175.25125122070312, 200.24984741210938, 6.7082037925720215, 209.9547576904297, 59.66573715209961, 132.6536865234375, 122.24974060058594, 132.50282287597656, 213.7007293701172, 63.82006072998047, 181.24017333984375, 180.48822021484375, 148.69094848632812, 119.97083282470703, 23.409399032592773, 49.36598205566406, 189.44656372070312, 110.72488403320312, 120.0, 103.4069595336914, 146.49232482910156, 0.0, 102.77159118652344, 130.18832397460938, 161.0496826171875, 169.499267578125, 152.08221435546875, 174.38462829589844, 39.623226165771484, 171.68576049804688, 63.19810104370117, 116.10340118408203, 11.704699516296387, 116.73046112060547, 157.76248168945312, 23.34523582458496, 19.10497283935547, 152.0854949951172, 139.4632568359375, 16.155494689941406, 78.63841247558594, 190.68560791015625, 216.6148681640625, 126.71621704101562, 124.72369384765625, 150.62867736816406, 77.87811279296875, 102.4743881225586, 39.217342376708984, 167.02694702148438], [44.384681701660156, 187.54466247558594, 111.73181915283203, 107.70329284667969, 122.9837417602539, 211.8135986328125, 123.66487121582031, 155.08062744140625, 170.42300415039062, 115.52056121826172, 200.89051818847656, 147.41099548339844, 97.51409912109375, 156.71949768066406, 43.28972244262695, 83.36066436767578, 163.220703125, 185.550537109375, 163.37074279785156, 141.89080810546875, 152.61061096191406, 211.02133178710938, 104.23531341552734, 26.4007568359375, 79.76214599609375, 150.56228637695312, 130.9809112548828, 13.928388595581055, 142.8355712890625, 2.2360680103302, 74.14849853515625, 102.77159118652344, 0.0, 109.1650161743164, 139.4596710205078, 164.58432006835938, 170.07351684570312, 146.01370239257812, 109.83624267578125, 196.0255126953125, 114.76933288574219, 123.55565643310547, 105.3043212890625, 174.64248657226562, 96.25486755371094, 122.4132308959961, 121.82364654541016, 129.6919403076172, 68.4689712524414, 95.08417510986328, 125.70600891113281, 167.1077423095703, 162.99693298339844, 109.12836456298828, 168.60011291503906, 86.28441619873047, 142.80406188964844, 165.95481872558594, 64.28063201904297, 177.5049285888672], [110.04090118408203, 89.89994812011719, 37.2155876159668, 6.082762718200684, 142.35870361328125, 125.63439178466797, 95.01578521728516, 75.02666473388672, 166.42416381835938, 84.89994049072266, 99.5690689086914, 74.5184555053711, 130.54501342773438, 83.48652648925781, 104.04325866699219, 35.35533905029297, 83.00602722167969, 109.04127502441406, 85.70297241210938, 113.2254409790039, 51.6623649597168, 111.3058853149414, 30.265491485595703, 94.20191192626953, 114.84336853027344, 152.83978271484375, 69.31810760498047, 99.98500061035156, 55.03635025024414, 111.40017700195312, 64.47480010986328, 130.18832397460938, 109.1650161743164, 0.0, 33.0151481628418, 55.4707145690918, 68.96376037597656, 44.643028259277344, 100.42410278320312, 94.57801055908203, 81.39410400390625, 33.241539001464844, 122.1883773803711, 106.79419708251953, 53.0848388671875, 152.53196716308594, 140.98226928710938, 23.0867919921875, 62.265560150146484, 114.06138610839844, 76.32168579101562, 63.19810104370117, 89.80534362792969, 4.4721360206604, 89.02246856689453, 54.5710563659668, 98.88377380371094, 107.70329284667969, 106.53168487548828, 71.44927978515625], [143.0139923095703, 82.2192153930664, 61.587337493896484, 32.38827133178711, 171.7323455810547, 123.03658294677734, 119.80818176269531, 83.67198181152344, 190.68560791015625, 110.67971801757812, 86.83317565917969, 57.9741325378418, 161.91355895996094, 64.62197875976562, 137.0146026611328, 58.30952072143555, 89.8888168334961, 114.01753997802734, 64.0078125, 135.83078002929688, 20.808652877807617, 99.20181274414062, 41.01219177246094, 121.6552505493164, 146.98638916015625, 179.02513122558594, 61.032779693603516, 129.07749938964844, 64.0078125, 141.67568969726562, 82.73451232910156, 161.0496826171875, 139.4596710205078, 33.0151481628418, 0.0, 31.38471031188965, 61.00819778442383, 14.866068840026855, 128.50291442871094, 82.22530364990234, 107.07473754882812, 50.2493782043457, 152.31546020507812, 116.46887969970703, 63.24555206298828, 182.77854919433594, 170.39366149902344, 10.049875259399414, 83.09632873535156, 144.89996337890625, 98.41239929199219, 30.265491485595703, 69.7782211303711, 35.35533905029297, 95.18928527832031, 69.42621612548828, 118.92855072021484, 121.43310546875, 139.3018341064453, 55.36244201660156], [161.62301635742188, 55.90169906616211, 68.26419067382812, 57.688819885253906, 176.92088317871094, 97.86214447021484, 120.15406799316406, 70