{"name": "LZB_n30_6", "n": 30, "m": 9, "times": [[0.0, 146.82302856445312, 49.81967544555664, 81.21575927734375, 121.49485778808594, 141.5980224609375, 55.03635025024414, 63.1347770690918, 15.29705810546875, 16.76305389404297, 56.22277069091797, 49.497474670410156, 57.07889175415039, 77.02597045898438, 102.1077880859375, 87.86353302001953, 53.75872039794922, 33.60059356689453, 97.01546478271484, 79.71198272705078, 19.72308349609375, 53.851646423339844, 102.88343048095703, 35.35533905029297, 21.587032318115234, 98.0204086303711, 121.75385284423828, 119.33147430419922, 97.62171936035156, 70.00714111328125, 62.3939094543457, 74.81310272216797, 75.21302795410156, 98.81295776367188, 50.695167541503906, 112.04016876220703, 76.69419860839844, 9.0, 62.3939094543457, 22.472204208374023, 59.396968841552734, 58.00862121582031, 124.03628540039062, 109.44404602050781, 110.60289001464844, 61.66035842895508, 135.9117431640625, 95.48298645019531, 96.51942443847656, 101.11874389648438, 54.037025451660156, 43.863426208496094, 122.3315200805664, 52.17279052734375, 88.39117431640625, 33.60059356689453, 109.65856170654297, 88.23831176757812, 69.42621612548828, 26.62705421447754], [146.82302856445312, 0.0, 157.1909637451172, 107.33592224121094, 51.92301940917969, 30.610456466674805, 146.49232482910156, 205.866455078125, 153.80831909179688, 160.56150817871094, 188.5205535888672, 185.64752197265625, 119.57006072998047, 97.50897216796875, 112.78740692138672, 153.4438018798828, 115.67626953125, 151.00331115722656, 105.47511291503906, 217.3407440185547, 149.96665954589844, 143.58621215820312, 49.39635467529297, 155.2191925048828, 127.14165496826172, 86.58522033691406, 29.27456283569336, 95.81753540039062, 165.38742065429688, 215.40658569335938, 144.73423767089844, 106.92988586425781, 219.494873046875, 149.18780517578125, 191.65855407714844, 83.2946548461914, 180.9668426513672, 141.73919677734375, 187.87762451171875, 125.25174713134766, 149.3753662109375, 123.22337341308594, 139.97857666015625, 109.65856170654297, 36.359317779541016, 183.60011291503906, 160.07810974121094, 185.77943420410156, 145.33065795898438, 48.41487503051758, 121.29715728759766, 104.10091400146484, 152.83978271484375, 118.4609603881836, 60.926185607910156, 113.2254409790039, 67.89698028564453, 63.60031509399414, 203.48219299316406, 172.1046142578125], [49.81967544555664, 157.1909637451172, 0.0, 123.00406646728516, 117.13667297363281, 142.23924255371094, 13.601470947265625, 94.0, 63.812225341796875, 60.835845947265625, 98.49365234375, 36.715118408203125, 38.470767974853516, 115.52056121826172, 144.89996337890625, 137.1787109375, 96.7470932006836, 16.278820037841797, 72.62230682373047, 114.07015228271484, 69.40460968017578, 15.55634880065918, 124.10076904296875, 84.87638092041016, 62.12889862060547, 134.2013397216797, 128.41339111328125, 97.00515747070312, 147.32276916503906, 73.35530090332031, 20.615528106689453, 116.29703521728516, 100.84146118164062, 147.41099548339844, 86.83317565917969, 147.46185302734375, 125.29964447021484, 43.13930892944336, 31.38471031188965, 60.539241790771484, 109.04127502441406, 35.510562896728516, 85.32877349853516, 151.28781127929688, 122.24974060058594, 107.70329284667969, 183.83145141601562, 46.097721099853516, 144.8102264404297, 120.33702850341797, 36.24913787841797, 61.400325775146484, 170.23806762695312, 96.04165649414062, 96.7729263305664, 61.032779693603516, 140.4314727783203, 112.07140350341797, 108.34204864501953, 63.06346130371094], [81.21575927734375, 107.33592224121094, 123.00406646728516, 0.0, 114.52947235107422, 119.941650390625, 121.26417541503906, 118.33004760742188, 77.0064926147461, 85.02352905273438, 94.81033325195312, 130.6981201171875, 104.7377700805664, 12.369317054748535, 21.954498291015625, 46.173583984375, 27.459060668945312, 108.07867431640625, 128.28094482421875, 123.16655731201172, 70.06425476074219, 118.72657775878906, 59.43904495239258, 65.25334930419922, 61.98386764526367, 24.083189010620117, 96.51942443847656, 140.0142822265625, 58.46366500854492, 145.49569702148438, 125.67020416259766, 6.7082037925720215, 132.6084442138672, 44.0, 104.35516357421875, 36.2353401184082, 76.48529052734375, 83.24061584472656, 142.8740692138672, 62.96824645996094, 47.20169448852539, 108.37435150146484, 167.2871856689453, 28.460498809814453, 81.39410400390625, 85.14693450927734, 68.96376037597656, 167.9434356689453, 40.0, 62.64982223510742, 103.4794692993164, 67.94115447998047, 56.859474182128906, 29.154760360717773, 77.87811279296875, 62.96824645996094, 43.27817153930664, 49.01020431518555, 108.4066390991211, 95.33625030517578], [121.49485778808594, 51.92301940917969, 117.13667297363281, 114.52947235107422, 0.0, 26.476404190063477, 104.70912170410156, 184.4586639404297, 132.59336853027344, 137.59359741210938, 172.66151428222656, 150.24313354492188, 78.77182006835938, 102.31324768066406, 128.5496063232422, 158.02847290039062, 110.16805267333984, 115.108642578125, 55.145263671875, 199.60211181640625, 131.0343475341797, 102.08329772949219, 60.926185607910156, 140.94325256347656, 106.43777465820312, 102.2007827758789, 27.658634185791016, 44.0113639831543, 171.01168823242188, 183.9347686767578, 101.13357543945312, 111.11255645751953, 196.69773864746094, 158.3824462890625, 171.32717895507812, 106.10372161865234, 175.61605834960938, 114.20157623291016, 148.5193634033203, 103.76897430419922, 144.5441131591797, 81.6333236694336, 88.05680084228516, 128.7361602783203, 38.07886505126953, 171.81675720214844, 179.72479248046875, 138.51353454589844, 154.39236450195312, 55.71355438232422, 81.27114868164062, 78.39005279541016, 169.44615173339844, 112.44998931884766, 38.470767974853516, 90.3548583984375, 89.89994812011719, 66.0984115600586, 187.38462829589844, 148.12156677246094], [141.5980224609375, 30.610456466674805, 142.23924255371094, 119.941650390625, 26.476404190063477, 0.0, 130.18832397460938, 203.6565704345703, 151.20846557617188, 156.97451782226562, 189.5283660888672, 174.18380737304688, 103.76897430419922, 108.50345611572266, 130.0615234375, 165.55966186523438, 121.49073791503906, 138.9568328857422, 81.49846649169922, 217.44883728027344, 148.69094848632812, 127.4754867553711, 61.032779693603516, 156.7801055908203, 124.40257263183594, 103.0436782836914, 23.53720474243164, 67.89698028564453, 178.21334838867188, 206.78732299804688, 127.0157470703125, 117.88553619384766, 216.51097106933594, 163.68873596191406, 190.0, 103.4069595336914, 187.96807861328125, 135.0592498779297, 173.58859252929688, 122.00409698486328, 156.26260375976562, 106.8877944946289, 112.44998931884766, 128.56126403808594, 38.63935852050781, 186.9545440673828, 180.00555419921875, 164.9757537841797, 159.7059783935547, 57.314918518066406, 106.0660171508789, 97.74456787109375, 171.18702697753906, 124.06449890136719, 53.600372314453125, 108.85311126708984, 86.97700500488281, 71.38627624511719, 204.4749298095703, 168.01487731933594], [55.03635025024414, 146.49232482910156, 13.601470947265625, 121.26417541503906, 104.70912170410156, 130.18832397460938, 0.0, 105.3043212890625, 70.00714111328125, 68.4105224609375, 107.51744079589844, 50.2493782043457, 26.925823211669922, 112.71202087402344, 143.2096405029297, 139.9464111328125, 96.21330261230469, 23.194826126098633, 59.03388977050781, 125.06398010253906, 74.6860122680664, 3.0, 116.15506744384766, 90.3382568359375, 62.93647766113281, 130.17295837402344, 117.443603515625, 83.40863037109375, 150.8011932373047, 86.83317565917969, 8.0, 114.58621215820312, 112.96902465820312, 149.2414093017578, 97.08243560791016, 142.94754028320312, 131.70042419433594, 47.01063537597656, 44.204071044921875, 60.8276252746582, 112.64546203613281, 23.409399032592773, 73.33484649658203, 149.09393310546875, 112.29425811767578, 115.52056121826172, 184.78366088867188, 47.01063537597656, 146.37281799316406, 112.01785278320312, 25.317977905273438, 55.973209381103516, 171.265869140625, 95.90099334716797, 86.83317565917969, 58.30952072143555, 134.61798095703125, 105.07616424560547, 118.34272003173828, 72.44308471679688], [63.1347770690918, 205.866455078125, 94.0, 118.33004760742188, 184.4586639404297, 203.6565704345703, 105.3043212890625, 0.0, 52.49761962890625, 46.87216567993164, 26.019224166870117, 64.56005096435547, 117.0469970703125, 120.30377960205078, 133.41664123535156, 97.04637908935547, 95.77056121826172, 82.73451232910156, 157.56268310546875, 20.39607810974121, 55.90169906616211, 105.57461547851562, 158.67262268066406, 53.66563034057617, 79.39773559570312, 141.0319061279297, 182.78402709960938, 180.89222717285156, 99.29753112792969, 44.68780517578125, 113.28282928466797, 113.84638977050781, 14.317821502685547, 111.04053497314453, 14.422204971313477, 154.3146209716797, 62.09669876098633, 71.11258697509766, 82.54090118408203, 81.68843078613281, 74.14849853515625, 116.91449737548828, 178.6309051513672, 141.6615753173828, 170.42593383789062, 40.4474983215332, 146.23953247070312, 128.84486389160156, 111.00450134277344, 158.142333984375, 113.88591003417969, 106.25440979003906, 134.4507293701172, 93.05912017822266, 150.08331298828125, 94.81033325195312, 157.4706268310547, 143.68020629882812, 21.40093421936035, 36.67424011230469], [15.29705810546875, 153.80831909179688, 63.812225341796875, 77.0064926147461, 132.59336853027344, 151.20846557617188, 70.00714111328125, 52.49761962890625, 0.0, 8.062257766723633, 41.773197174072266, 56.46237564086914, 72.0, 75.13321685791016, 96.51942443847656, 76.27581787109375, 50.35871505737305, 47.88528060913086, 111.54371643066406, 67.08203887939453, 7.280109882354736, 68.94925689697266, 107.61505126953125, 21.260292053222656, 26.90724754333496, 96.50906372070312, 130.29965209960938, 133.36416625976562, 85.04116821289062, 68.88395690917969, 77.49193572998047, 71.11258697509766, 65.76473236083984, 88.1929702758789, 38.832977294921875, 110.47624206542969, 61.741397857666016, 24.1867733001709, 71.86793518066406, 29.20616340637207, 47.434165954589844, 73.10950469970703, 139.3018341064453, 104.30723571777344, 118.10588836669922, 46.389652252197266, 125.70600891113281, 108.70602416992188, 86.31338500976562, 106.60675048828125, 69.00724792480469, 54.20331954956055, 112.2541732788086, 48.166378021240234, 97.6166000366211, 42.43819046020508, 110.36756896972656, 92.6498794555664, 55.6596794128418, 19.313207626342773], [16.76305389404297, 160.56150817871094, 60.835845947265625, 85.02352905273438, 137.59359741210938, 156.97451782226562, 68.4105224609375, 46.87216567993164, 8.062257766723633, 0.0, 40.0, 49.648765563964844, 73.43704986572266, 83.18653869628906, 104.3886947631836, 82.49242401123047, 58.4208869934082, 45.54119110107422, 113.60017395019531, 62.96824645996094, 15.033296585083008, 67.6830825805664, 114.90866088867188, 26.62705421447754, 33.42155075073242, 104.56098937988281, 136.48809814453125, 136.06248474121094, 90.60353088378906, 60.8276252746582, 76.15773010253906, 79.15807342529297, 59.54829788208008, 94.81033325195312, 34.01470184326172, 118.53269958496094, 64.66065216064453, 25.495098114013672, 65.802734375, 35.38361358642578, 53.712196350097656, 74.1080322265625, 139.4345703125, 112.21853637695312, 124.6515121459961, 47.12748718261719, 132.38201904296875, 104.62313079833984, 93.10746765136719, 113.71894836425781, 70.34912872314453, 59.40538787841797, 119.01260375976562, 56.22277069091797, 103.4794692993164, 48.166378021240234, 118.2962417602539, 99.98500061035156, 52.77309799194336, 11.661903381347656], [56.22277069091797, 188.5205535888672, 98.49365234375, 94.81033325195312, 172.66151428222656, 189.5283660888672, 107.51744079589844, 26.019224166870117, 41.773197174072266, 40.0, 0.0, 76.843994140625, 113.28282928466797, 98.18350219726562, 108.52188873291016, 71.02816009521484, 74.65252685546875, 84.34452819824219, 153.18289184570312, 29.068883895874023, 41.78516387939453, 107.05606079101562, 140.0142822265625, 33.30165100097656, 66.30987548828125, 118.20744323730469, 167.53805541992188, 175.1370849609375, 73.54590606689453, 67.08203887939453, 115.41230773925781, 90.91754150390625, 39.31920623779297, 85.02352905273438, 16.6433162689209, 131.0343475341797, 37.161808013916016, 65.19202423095703, 95.13148498535156, 69.07966613769531, 49.04079818725586, 114.07015228271484, 179.33767700195312, 116.76043701171875, 154.201171875, 14.866068840026855, 120.35364532470703, 139.08990478515625, 85.02352905273438, 140.1855926513672, 110.22250366210938, 94.70480346679688, 108.46197509765625, 71.84010314941406, 136.1910400390625, 82.46211242675781, 135.62448120117188, 125.20782470703125, 15.0, 35.44009017944336], [49.497474670410156, 185.64752197265625, 36.715118408203125, 130.6981201171875, 150.24313354492188, 174.18380737304688, 50.2493782043457, 64.56005096435547, 56.46237564086914, 49.648765563964844, 76.843994140625, 0.0, 72.13875579833984, 126.3210220336914, 151.41995239257812, 132.09844970703125, 103.24727630615234, 35.22782897949219, 109.04127502441406, 84.89994049072266, 63.694583892822266, 51.865211486816406, 146.74127197265625, 76.15773010253906, 70.028564453125, 147.0850067138672, 157.94302368164062, 133.45411682128906, 139.78555297851562, 36.67424011230469, 57.245086669921875, 124.31009674072266, 68.18357849121094, 144.45068359375, 61.773780822753906, 161.0496826171875, 110.30865478515625, 49.04079818725586, 18.357559204101562, 70.00714111328125, 103.353759765625, 70.03570556640625, 120.60265350341797, 158.85842895507812, 149.5626983642578, 89.3756103515625, 182.0164794921875, 64.28841400146484, 142.6954803466797, 143.96180725097656, 69.35416412353516, 82.861328125, 168.62088012695312, 101.60708618164062, 124.77580261230469, 77.10382843017578, 157.4579315185547, 132.981201171875, 82.76472473144531, 44.68780517578125], [57.07889175415039, 119.57006072998047, 38.470767974853516, 104.7377700805664, 78.77182006835938, 103.76897430419922, 26.925823211669922, 117.0469970703125, 72.0, 73.43704986572266, 113.28282928466797, 72.13875579833984, 0.0, 94.64142608642578, 126.25371551513672, 131.1259002685547, 82.80096435546875, 37.80211639404297, 40.52159881591797, 135.3661651611328, 74.3303451538086, 24.041629791259766, 90.93404388427734, 89.10667419433594, 55.02726745605469, 109.77249145507812, 90.52071380615234, 64.07807922363281, 143.1083526611328, 107.29864501953125, 26.019224166870117, 98.31072998046875, 127.0157470703125, 138.39797973632812, 106.30146026611328, 121.6429214477539, 130.6139373779297, 48.093658447265625, 69.83551788330078, 52.201534271240234, 106.4048843383789, 4.123105525970459, 68.680419921875, 131.2097625732422, 85.58621215820312, 118.1524429321289, 171.70323181152344, 70.03570556640625, 135.09255981445312, 86.46965026855469, 3.1622776985168457, 36.79673767089844, 158.5212860107422, 83.23461151123047, 60.20797348022461, 44.10215377807617, 111.6646728515625, 81.04319763183594, 126.15070343017578, 81.02468872070312], [77.02597045898438, 97.50897216796875, 115.52056121826172, 12.369317054748535, 102.31324768066406, 108.50345611572266, 112.71202087402344, 120.30377960205078, 75.13321685791016, 83.18653869628906, 98.18350219726562, 126.3210220336914, 94.64142608642578, 0.0, 31.827661514282227, 57.070133209228516, 25.0, 101.2422866821289, 116.50321960449219, 127.06297302246094, 68.65857696533203, 110.05907440185547, 48.703182220458984, 66.64083099365234, 56.4358024597168, 21.3775577545166, 85.0, 127.76932525634766, 69.72087097167969, 144.01388549804688, 116.6190414428711, 9.486832618713379, 134.61798095703125, 56.080299377441406, 106.0235824584961, 35.35533905029297, 84.05355072021484, 77.78174591064453, 137.29530334472656, 56.88584899902344, 53.15073013305664, 98.40731811523438, 155.80116271972656, 36.619667053222656, 69.87130737304688, 90.02777099609375, 80.95059967041016, 159.6558837890625, 52.08646774291992, 51.41984176635742, 93.60021209716797, 58.00862121582031, 69.07966613769531, 27.513633728027344, 65.51335906982422, 54.625999450683594, 37.44329071044922, 37.2155876159668, 112.41441345214844, 94.14881896972656], [102.1077880859375, 112.78740692138672, 144.89996337890625, 21.954498291015625, 128.5496063232422, 130.0615234375, 143.2096405029297, 133.41664123535156, 96.51942443847656, 104.3886947631836, 108.52188873291016, 151.41995239257812, 126.25371551513672, 31.827661514282227, 0.0, 46.66904830932617, 48.703182220458984, 129.8653106689453, 147.87156677246094, 135.55810546875, 89.35882568359375, 140.6627197265625, 69.2603759765625, 82.2192153930664, 83.57032775878906, 27.018512725830078, 107.37783813476562, 157.86703491210938, 56.035701751708984, 164.0030517578125, 147.5567626953125, 28.65309715270996, 147.46185302734375, 38.07886505126953, 120.0333251953125, 30.870698928833008, 83.76156616210938, 104.67568969726562, 164.17369079589844, 84.69356536865234, 59.4810905456543, 129.9576873779297, 187.4273223876953, 8.246211051940918, 92.6552734375, 96.93296813964844, 51.244510650634766, 189.8973388671875, 34.66987228393555, 73.68174743652344, 125.09996032714844, 89.49860382080078, 41.19466018676758, 50.0, 94.15412902832031, 84.90583038330078, 44.9110221862793, 62.64183807373047, 120.90492248535156, 114.03946685791016], [87.86353302001953, 153.4438018798828, 137.1787109375, 46.173583984375, 158.02847290039062, 165.55966186523438, 139.9464111328125, 97.04637908935547, 76.27581787109375, 82.49242401123047, 71.02816009521484, 132.09844970703125, 131.1259002685547, 57.070133209228516, 46.66904830932617, 0.0, 50.695167541503906, 120.91732788085938, 162.54229736328125, 94.5409927368164, 69.40460968017578, 138.05795288085938, 105.51303100585938, 55.94640350341797, 77.42092895507812, 68.0, 142.04225158691406, 178.10108947753906, 13.03840446472168, 134.85177612304688, 146.20875549316406, 47.67599105834961, 110.04090118408203, 14.0, 85.70880889892578, 76.40026092529297, 39.217342376708984, 94.04785919189453, 148.1114501953125, 79.88116455078125, 28.844409942626953, 133.95895385742188, 198.7083282470703, 53.90732955932617, 126.92123413085938, 57.07889175415039, 50.59644317626953, 183.17477416992188, 14.560219764709473, 108.46658325195312, 128.99612426757812, 96.93296813964844, 37.85498809814453, 49.33558654785156, 120.03749084472656, 87.20664978027344, 87.70974731445312, 94.20191192626953, 80.62257385253906, 88.63971710205078], [53.75872039794922, 115.67626953125, 96.7470932006836, 27.459060668945312, 110.16805267333984, 121.49073791503906, 96.21330261230469, 95.77056121826172, 50.35871505737305, 58.4208869934082, 74.65252685546875, 103.24727630615234, 82.80096435546875, 25.0, 48.703182220458984, 50.695167541503906, 0.0, 81.39410400390625, 112.00892639160156, 103.71113586425781, 43.73785400390625, 93.86160278320312, 66.40029907226562, 42.19004440307617, 34.928497314453125, 46.3249397277832, 98.23441314697266, 127.4754867553711, 63.56099319458008, 119.2182846069336, 101.31633758544922, 21.095022201538086, 110.05907440185547, 55.94640350341797, 81.41252899169922, 60.20797348022461, 66.48307800292969, 55.973209381103516, 115.52056121826172, 36.2353401184082, 34.78505325317383, 86.05230712890625, 148.94630432128906, 55.785301208496094, 83.67198181152344, 68.11754608154297, 89.14033508300781, 142.28492736816406, 52.47856521606445, 67.41661834716797, 81.05553436279297, 47.01063537597656, 75.82215881347656, 2.8284270763397217, 71.70076751708984, 38.94868469238281, 61.717098236083984, 52.15361785888672, 89.27485656738281, 69.23149871826172], [33.60059356689453, 151.00331115722656, 16.278820037841797, 108.07867431640625, 115.108642578125, 138.9568328857422, 23.194826126098633, 82.73451232910156, 47.88528060913086, 45.54119110107422, 84.34452819824219, 35.22782897949219, 37.80211639404297, 101.2422866821289, 129.8653106689453, 120.91732788085938, 81.39410400390625, 0.0, 76.92203521728516, 102.23991394042969, 53.25410842895508, 23.0, 114.2716064453125, 68.79679870605469, 46.52956008911133, 120.61923217773438, 122.9837417602539, 101.11874389648438, 131.04579162597656, 69.52696990966797, 31.14482307434082, 101.39033508300781, 91.21403503417969, 131.24404907226562, 74.00675964355469, 134.16407775878906, 109.56732940673828, 26.90724754333496, 38.20994567871094, 45.18849563598633, 92.76313781738281, 36.359317779541016, 96.08329772949219, 136.48809814453125, 115.16944122314453, 92.6552734375, 167.80047607421875, 62.28964614868164, 128.68954467773438, 111.00450134277344, 34.828147888183594, 50.2493782043457, 154.201171875, 80.52949523925781, 90.07774353027344, 47.51841735839844, 128.249755859375, 101.31633758544922, 95.18928527832031, 49.25444030761719], [97.01546478271484, 105.47511291503906, 72.62230682373047, 128.28094482421875, 55.145263671875, 81.49846649169922, 59.03388977050781, 157.56268310546875, 111.54371643066406, 113.60017395019531, 153.18289184570312, 109.04127502441406, 40.52159881591797, 116.50321960449219, 147.87156677246094, 162.54229736328125, 112.00892639160156, 76.92203521728516, 0.0, 175.84652709960938, 113.0707778930664, 57.20139694213867, 94.57801055908203, 127.03543090820312, 91.26883697509766, 126.0634765625, 77.27871704101562, 24.413110733032227, 175.2084503173828, 145.34442138671875, 53.037723541259766, 122.67436218261719, 167.370849609375, 167.54701232910156, 146.75830078125, 135.10366821289062, 167.67230224609375, 88.1192398071289, 102.53292083740234, 88.27796936035156, 140.8119354248047, 40.853397369384766, 40.360870361328125, 151.02980041503906, 79.47956085205078, 157.07960510253906, 197.2308349609375, 84.43340301513672, 163.8780059814453, 89.04492950439453, 43.680660247802734, 65.96968841552734, 184.8377685546875, 113.21660614013672, 59.64059066772461, 77.10382843017578, 121.51131439208984, 90.60904693603516, 166.37307739257812, 121.51131439208984], [79.71198272705078, 217.3407440185547, 114.07015228271484, 123.16655731201172, 199.60211181640625, 217.44883728027344, 125.06398010253906, 20.39607810974121, 67.08203887939453, 62.96824645996094, 29.068883895874023, 84.89994049072266, 135.3661651611328, 127.06297302246094, 135.55810546875, 94.5409927368164, 103.71113586425781, 102.23991394042969, 175.84652709960938, 0.0, 68.79679870605469, 125.19584655761719, 169.0, 62.22539520263672, 93.29522705078125, 146.81280517578125, 195.80091857910156, 198.76116943359375, 94.08506774902344, 62.00806427001953, 133.0601348876953, 119.57006072998047, 22.022714614868164, 108.34204864501953, 29.120439529418945, 159.38946533203125, 56.14267349243164, 88.23265075683594, 102.78618621826172, 95.88013458251953, 76.48529052734375, 135.5175323486328, 198.30531311035156, 143.73587036132812, 182.72657775878906, 38.62641525268555, 141.0035400390625, 149.18780517578125, 109.04127502441406, 169.07098388671875, 132.21951293945312, 121.23530578613281, 130.31117248535156, 100.89598846435547, 163.91766357421875, 109.2748794555664, 164.5022735595703, 154.15576171875, 14.764822959899902, 54.34151077270508], [19.72308349609375, 149.96665954589844, 69.40460968017578, 70.06425476074219, 131.0343475341797, 148.69094848632812, 74.6860122680664, 55.90169906616211, 7.280109882354736, 15.033296585083008, 41.78516387939453, 63.694583892822266, 74.3303451538086, 68.65857696533203, 89.35882568359375, 69.40460968017578, 43.73785400390625, 53.25410842895508, 113.0707778930664, 68.79679870605469, 0.0, 73.40980529785156, 103.00485229492188, 15.65247631072998, 24.59674835205078, 90.02777099609375, 127.28314971923828, 134.2125244140625, 78.51751708984375, 75.53807067871094, 81.93900299072266, 64.28063201904297, 69.65629577636719, 81.12335968017578, 41.72529220581055, 103.94229125976562, 57.245086669921875, 27.85677719116211, 78.892333984375, 27.312999725341797, 40.607879638671875, 75.80237579345703, 142.39381408691406, 97.18538665771484, 114.62983703613281, 44.0113639831543, 118.59595489501953, 114.76933288574219, 79.17701721191406, 102.303466796875, 71.44927978515625, 52.92447280883789, 105.11898040771484, 41.43669891357422, 95.13148498535156, 40.71854782104492, 104.40306854248047, 88.00568389892578, 56.36488342285156, 25.495098114013672], [53.851646423339844, 143.58621215820312, 15.55634880065918, 118.72657775878906, 102.08329772949219, 127.4754867553711, 3.0, 105.57461547851562, 68.94925689697266, 67.6830825805664, 107.05606079101562, 51.865211486816406, 24.041629791259766, 110.05907440185547, 140.6627197265625, 138.05795288085938, 93.86160278320312, 23.0, 57.20139694213867, 125.19584655761719, 73.40980529785156, 0.0, 113.1591796875, 89.05054473876953, 60.87692642211914, 127.38916778564453, 114.56002807617188, 81.60882568359375, 149.0301971435547, 88.32327270507812, 8.5440034866333, 112.05802154541016, 113.56495666503906, 147.18695068359375, 97.00515747070312, 140.11781311035156, 130.54501342773438, 45.617977142333984, 46.615447998046875, 58.694122314453125, 110.9414291381836, 20.615528106689453, 73.10950469970703, 146.48548889160156, 109.32977294921875, 114.72576141357422, 182.57054138183594, 49.76947021484375, 144.2775115966797, 109.01834869384766, 22.360679626464844, 53.141319274902344, 169.07098388671875, 93.60555267333984, 83.86298370361328, 55.75840759277344, 131.70042419433594, 102.1077880859375, 118.1524429321289, 72.17340087890625], [102.88343048095703, 49.39635467529297, 124.10076904296875, 59.43904495239258, 60.926185607910156, 61.032779693603516, 116.15506744384766, 158.67262268066406, 107.61505126953125, 114.90866088867188, 140.0142822265625, 146.74127197265625, 90.93404388427734, 48.703182220458984, 69.2603759765625, 105.51303100585938, 66.40029907226562, 114.2716064453125, 94.57801055908203, 169.0, 103.00485229492188, 113.1591796875, 0.0, 106.77546691894531, 81.88406372070312, 42.296573638916016, 38.11823654174805, 97.0, 117.90250396728516, 172.81204223632812, 116.8417739868164, 58.18934631347656, 172.60939025878906, 102.8250961303711, 144.30870056152344, 45.18849563598633, 131.60926818847656, 99.36800384521484, 152.45327758789062, 80.49844360351562, 99.98500061035156, 95.03683471679688, 134.61798095703125, 68.44705963134766, 23.53720474243164, 134.46560668945312, 119.85408020019531, 160.9534149169922, 98.85848236083984, 5.656854152679443, 91.54779815673828, 64.13267517089844, 110.45361328125, 69.20259857177734, 34.98571014404297, 70.22820281982422, 29.154760360717773, 15.0, 154.89674377441406, 126.57013702392578], [35.35533905029297, 155.2191925048828, 84.87638092041016, 65.25334930419922, 140.94325256347656, 156.7801055908203, 90.3382568359375, 53.66563034057617, 21.260292053222656, 26.62705421447754, 33.30165100097656, 76.15773010253906, 89.10667419433594, 66.64083099365234, 82.2192153930664, 55.94640350341797, 42.19004440307617, 68.79679870605469, 127.03543090820312, 62.22539520263672, 15.65247631072998, 89.05054473876953, 106.77546691894531, 0.0, 36.22154235839844, 87.46427917480469, 134.52880859375, 147.41099548339844, 64.03124237060547, 82.15229797363281, 97.57561492919922, 60.406951904296875, 67.97793579101562, 68.54196166992188, 39.39543151855469, 100.90093994140625, 41.761226654052734, 43.46262741088867, 92.41753387451172, 39.20458984375, 27.312999725341797, 90.8019790649414, 157.49603271484375, 90.3548583984375, 121.01652526855469, 31.048349380493164, 106.10372161865234, 129.9576873779297, 67.06713104248047, 106.8877944946289, 86.31338500976562, 64.32728576660156, 92.8493423461914, 39.4461669921875, 103.7545166015625, 51.97114562988281, 103.83159637451172, 91.93476104736328, 48.27007293701172, 33.241539001464844], [21.587032318115234, 127.14165496826172, 62.12889862060547, 61.98386764526367, 106.43777465820312, 124.40257263183594, 62.93647766113281, 79.39773559570312, 26.90724754333496, 33.42155075073242, 66.30987548828125, 70.028564453125, 55.02726745605469, 56.4358024597168, 83.57032775878906, 77.42092895507812, 34.928497314453125, 46.52956008911133, 91.26883697509766, 93.29522705078125, 24.59674835205078, 60.87692642211914, 81.88406372070312, 36.22154235839844, 0.0, 77.05841827392578, 103.3924560546875, 111.22050476074219, 88.83692932128906, 91.4166259765625, 68.88395690917969, 55.36244201660156, 92.6336898803711, 86.31338500976562, 65.6048812866211, 91.02197265625, 76.41989135742188, 21.3775577545166, 81.02468872070312, 3.0, 51.4781494140625, 57.384666442871094, 123.66487121582031, 90.44335174560547, 91.28527069091797, 67.08203887939453, 122.02458953857422, 108.00463104248047, 83.4385986328125, 80.4549560546875, 52.55473327636719, 28.460498809814453, 108.46658325195312, 34.0, 70.80254364013672, 16.155494689941406, 88.1192398071289, 67.08203887939453, 80.95677947998047, 45.0], [98.0204086303711, 86.58522033691406, 134.2013397216797, 24.083189010620117, 102.2007827758789, 103.0436782836914, 130.17295837402344, 141.0319061279297, 96.50906372070312, 104.56098937988281, 118.20744323730469, 147.0850067138672, 109.77249145507812, 21.3775577545166, 27.018512725830078, 68.0, 46.3249397277832, 120.61923217773438, 126.0634765625, 146.81280517578125, 90.02777099609375, 127.38916778564453, 42.296573638916016, 87.46427917480469, 77.05841827392578, 0.0, 80.39900207519531, 133.7759246826172, 79.30951690673828, 165.38742065429688, 133.33041381835938, 27.294687271118164, 155.34799194335938, 62.64183807373047, 126.84636688232422, 14.03566837310791, 100.44898986816406, 98.24967956542969, 157.40711975097656, 77.23341369628906, 71.21797180175781, 113.74093627929688, 166.24378967285156, 26.570659637451172, 65.76473236083984, 109.04127502441406, 77.66595458984375, 177.1581268310547, 58.8217658996582, 46.87216567993164, 109.17874908447266, 74.32361602783203, 68.18357849121094, 48.764739990234375, 69.46221923828125, 73.24616241455078, 19.72308349609375, 37.121421813964844, 132.0757293701172, 115.52056121826172], [121.75385284423828, 29.27456283569336, 128.41339111328125, 96.51942443847656, 27.658634185791016, 23.53720474243164, 117.443603515625, 182.78402709960938, 130.29965209960938, 136.48809814453125, 167.53805541992188, 157.94302368164062, 90.52071380615234, 85.0, 107.37783813476562, 142.04225158691406, 98.23441314697266, 122.9837417602539, 77.27871704101562, 195.80091857910156, 127.28314971923828, 114.56002807617188, 38.11823654174805, 134.52880859375, 103.3924560546875, 80.39900207519531, 0.0, 70.71067810058594, 154.71910095214844, 188.9153289794922, 115.52056121826172, 94.3663101196289, 195.97193908691406, 140.356689453125, 168.88458251953125, 82.00609588623047, 164.7118682861328, 115.88356018066406, 159.3267059326172, 101.17806243896484, 132.96615600585938, 94.11163330078125, 113.6529769897461, 106.3672866821289, 15.132745742797852, 164.34719848632812, 157.83535766601562, 156.5407257080078, 136.36715698242188, 34.01470184326172, 92.34716796875, 78.10249328613281, 148.56985473632812, 100.84642028808594, 33.60059356689453, 88.39117431640625, 65.52098846435547, 47.85394287109375, 182.52670288085938, 147.78700256347656], [119.33147430419922, 95.81753540039062, 97.00515747070312, 140.0142822265625, 44.0113639831543, 67.89698028564453, 83.40863037109375, 180.89222717285156, 133.36416625976562, 136.06248474121094, 175.1370849609375, 133.45411682128906, 64.07807922363281, 127.76932525634766, 157.86703491210938, 178.10108947753906, 127.4754867553711, 101.11874389648438, 24.413110733032227, 198.76116943359375, 134.2125244140625, 81.60882568359375, 97.0, 147.41099548339844, 111.22050476074219, 133.7759246826172, 70.71067810058594, 0.0, 191.0235595703125, 169.74392700195312, 77.23341369628906, 135.0740509033203, 191.08375549316406, 181.6039581298828, 169.6407928466797, 140.80128479003906, 187.00267028808594, 110.60289001464844, 126.66886138916016, 108.22661590576172, 158.61903381347656, 64.8459701538086, 44.55333709716797, 159.88121032714844, 77.46611785888672, 178.016845703125, 208.55694580078125, 105.0951919555664, 177.775146484375, 91.3509750366211, 67.23094177246094, 84.0238037109375, 196.84765625, 129.0658721923828, 64.35060119628906, 96.00521087646484, 125.73384857177734, 96.79875946044922, 188.7326202392578, 144.5441131591797], [97.62171936035156, 165.38742065429688, 147.32276916503906, 58.46366500854492, 171.01168823242188, 178.21334838867188, 150.8011932373047, 99.29753112792969, 85.04116821289062, 90.60353088378906, 73.54590606689453, 139.78555297851562, 143.1083526611328, 69.72087097167969, 56.035701751708984, 13.03840446472168, 63.56099319458008, 131.04579162597656, 175.2084503173828, 94.08506774902344, 78.51751708984375, 149.0301971435547, 117.90250396728516, 64.03124237060547, 88.83692932128906, 79.30951690673828, 154.71910095214844, 191.0235595703125, 0.0, 139.4596710205078, 157.292724609375, 60.406951904296875, 111.44953918457031, 18.384777069091797, 89.28605651855469, 86.60831451416016, 38.0, 104.35037231445312, 156.40013122558594, 91.4166259765625, 38.28837966918945, 145.8252410888672, 211.0094757080078, 62.481998443603516, 139.58868408203125, 58.85575485229492, 47.095645904541016, 193.1035919189453, 21.40093421936035, 121.01652526855469, 140.89002990722656, 109.44404602050781, 36.34556198120117, 62.09669876098633, 133.0601348876953, 99.4032211303711, 98.89894104003906, 106.9205322265625, 81.05553436279297, 95.52486419677734], [70.00714111328125, 215.40658569335938, 73.35530090332031, 145.49569702148438, 183.9347686767578, 206.78732299804688, 86.83317565917969, 44.68780517578125, 68.88395690917969, 60.8276252746582, 67.08203887939453, 36.67424011230469, 107.29864501953125, 144.01388549804688, 164.0030517578125, 134.85177612304688, 119.2182846069336, 69.52696990966797, 145.34442138671875, 62.00806427001953, 75.53807067871094, 88.32327270507812, 172.81204223632812, 82.15229797363281, 91.4166259765625, 165.38742065429688, 188.9153289794922, 169.74392700195312, 139.4596710205078, 0.0, 93.91485595703125, 139.8070068359375, 40.8166618347168, 148.4890594482422, 50.56678771972656, 179.35997009277344, 104.21611785888672, 73.82411193847656, 49.497474670410156, 92.4770278930664, 108.18965148925781, 105.60302734375, 156.85025024414062, 172.02615356445312, 179.0474853515625, 81.85963439941406, 185.32403564453125, 95.00526428222656, 147.6787109375, 170.85665893554688, 104.35037231445312, 111.3058853149414, 172.69625854492188, 116.96580505371094, 155.3319091796875, 102.85912322998047, 178.75682067871094, 158.23085021972656, 66.06814575195312, 50.15974426269531], [62.3939094543457, 144.73423767089844, 20.615528106689453, 125.67020416259766, 101.13357543945312, 127.0157470703125, 8.0, 113.28282928466797, 77.49193572998047, 76.15773010253906, 115.41230773925781, 57.245086669921875, 26.019224166870117, 116.6190414428711, 147.5567626953125, 146.20875549316406, 101.31633758544922, 31.14482307434082, 53.037723541259766, 133.0601348876953, 81.93900299072266, 8.5440034866333, 116.8417739868164, 97.57561492919922, 68.88395690917969, 133.33041381835938, 115.52056121826172, 77.23341369628906, 157.292724609375, 93.91485595703125, 0.0, 119.03781127929688, 120.83873748779297, 155.1289825439453, 105.07616424560547, 145.7738037109375, 139.0863037109375, 54.12947463989258, 49.497474670410156, 66.60330200195312, 119.26860809326172, 22.0, 65.37583923339844, 153.1698455810547, 111.36426544189453, 123.22743225097656, 190.2445831298828, 44.384681701660156, 152.16110229492188, 112.44554138183594, 25.317977905273438, 59.03388977050781, 176.7823486328125, 101.17806243896484, 86.09297180175781, 62.801273345947266, 136.68211364746094, 106.51290893554688, 126.3210220336914, 80.39900207519531], [74.81310272216797, 106.92988586425781, 116.29703521728516, 6.7082037925720215, 111.11255645751953, 117.88553619384766, 114.58621215820312, 113.84638977050781, 71.11258697509766, 79.15807342529297, 90.91754150390625, 124.31009674072266, 98.31072998046875, 9.486832618713379, 28.65309715270996, 47.67599105834961, 21.095022201538086, 101.39033508300781, 122.67436218261719, 119.57006072998047, 64.28063201904297, 112.05802154541016, 58.18934631347656, 60.406951904296875, 55.36244201660156, 27.294687271118164, 94.3663101196289, 135.0740509033203, 60.406951904296875, 139.8070068359375, 119.03781127929688, 0.0, 128.15615844726562, 47.381431579589844, 99.72462463378906, 40.49691390991211, 75.0, 76.65507507324219, 136.3084716796875, 56.30275344848633, 44.55333709716797, 101.91172790527344, 161.41871643066406, 35.11410140991211, 79.24645233154297, 82.00609588623047, 74.625732421875, 161.24514770507812, 43.416587829589844, 60.87692642211914, 97.0, 61.52235412597656, 62.17716598510742, 23.0, 73.82411193847656, 56.30275344848633, 45.343135833740234, 46.52956008911133, 104.8475112915039, 89.67720031738281], [75.21302795410156, 219.494873046875, 100.84146118164062, 132.6084442138672, 196.69773864746094, 216.51097106933594, 112.96902465820312, 14.317821502685547, 65.76473236083984, 59.54829788208008, 39.31920623779297, 68.18357849121094, 127.0157470703125, 134.61798095703125, 147.46185302734375, 110.04090118408203, 110.05907440185547, 91.21403503417969, 167.370849609375, 22.022714614868164, 69.65629577636719, 113.56495666503906, 172.60939025878906, 67.97793579101562, 92.6336898803711, 155.34799194335938, 195.97193908691406, 191.08375549316406, 111.44953918457031, 40.8166618347168, 120.83873748779297, 128.15615844726562, 0.0, 124.03628540039062, 28.65309715270996, 168.61790466308594, 73.68174743652344, 82.68010711669922, 85.15867614746094, 94.79451751708984, 88.0738296508789, 126.53063201904297, 186.1182403564453, 155.7080535888672, 183.86952209472656, 53.0, 158.53390502929688, 131.84840393066406, 124.19742584228516, 171.9593048095703, 123.8587875366211, 118.84864044189453, 147.0850067138672, 107.35455322265625, 163.02760314941406, 107.71257781982422, 171.7672882080078, 157.6102752685547, 30.805843353271484, 48.60041046142578], [98.81295776367188, 149.18780517578125, 147.41099548339844, 44.0, 158.3824462890625, 163.68873596191406, 149.2414093017578, 111.04053497314453, 88.1929702758789, 94.81033325195312, 85.02352905273438, 144.45068359375, 138.39797973632812, 56.080299377441406, 38.07886505126953, 14.0, 55.94640350341797, 131.24404907226562, 167.54701232910156, 108.34204864501953, 81.12335968017578, 147.18695068359375, 102.8250961303711, 68.54196166992188, 86.31338500976562, 62.64183807373047, 140.356689453125, 181.6039581298828, 18.384777069091797, 148.4890594482422, 155.1289825439453, 47.381431579589844, 124.03628540039062, 0.0, 99.60923767089844, 68.88395690917969, 52.63079071044922, 104.35037231445312, 160.015625, 88.5268325805664, 41.231056213378906, 141.4814453125, 204.8828887939453, 44.204071044921875, 125.2557373046875, 71.0633544921875, 37.57658767700195, 193.50711059570312, 4.0, 106.38138580322266, 136.48443603515625, 102.956298828125, 24.351591110229492, 55.226806640625, 121.19818115234375, 94.30270385742188, 81.93289947509766, 93.00537872314453, 94.5304183959961, 101.59232330322266], [50.695167541503906, 191.65855407714844, 86.83317565917969, 104.35516357421875, 171.32717895507812, 190.0, 97.08243560791016, 14.422204971313477, 38.832977294921875, 34.01470184326172, 16.6433162689209, 61.773780822753906, 106.30146026611328, 106.0235824584961, 120.0333251953125, 85.70880889892578, 81.41252899169922, 74.00675964355469, 146.75830078125, 29.120439529418945, 41.72529220581055, 97.00515747070312, 144.30870056152344, 39.39543151855469, 65.6048812866211, 126.84636688232422, 168.88458251953125, 169.6407928466797, 89.28605651855469, 50.56678771972656, 105.07616424560547, 99.72462463378906, 28.65309715270996, 99.60923767089844, 0.0, 140.21768188476562, 53.66563034057617, 59.13543701171875, 80.13114166259766, 68.00735473632812, 61.20457458496094, 106.53168487548828, 170.02647399902344, 128.26535034179688, 156.34896850585938, 31.30495262145996, 135.7129364013672, 125.15989685058594, 99.2471694946289, 143.8367156982422, 103.16007232666016, 92.96235656738281, 123.47064208984375, 78.71467590332031, 136.400146484375, 81.27114868164062, 143.12582397460938, 129.32130432128906, 21.587032318115234, 25.317977905273438], [112.04016876220703, 83.2946548461914, 147.46185302734375, 36.2353401184082, 106.10372161865234, 103.4069595336914, 142.94754028320312, 154.3146209716797, 110.47624206542969, 118.53269958496094, 131.0343475341797, 161.0496826171875, 121.6429214477539, 35.35533905029297, 30.870698928833008, 76.40026092529297, 60.20797348022461, 134.16407775878906, 135.10366821289062, 159.38946533203125, 103.94229125976562, 140.11781311035156, 4