{"name": "LZB_n30_4", "n": 30, "m": 9, "times": [[0.0, 37.121421813964844, 133.54400634765625, 56.61272048950195, 75.96051788330078, 80.02499389648438, 169.83816528320312, 120.35364532470703, 57.9741325378418, 27.312999725341797, 98.24967956542969, 47.01063537597656, 103.24727630615234, 162.9846649169922, 63.324562072753906, 102.85912322998047, 123.7457046508789, 15.231546401977539, 133.71986389160156, 86.05230712890625, 171.28338623046875, 31.78049659729004, 71.86793518066406, 117.61802673339844, 110.98197937011719, 94.9210205078125, 108.16654205322266, 157.56268310546875, 42.52058410644531, 40.26164245605469, 169.53170776367188, 49.73931884765625, 171.40011596679688, 122.88612365722656, 78.00640869140625, 104.10091400146484, 145.8800811767578, 110.47624206542969, 55.226806640625, 87.09764862060547, 28.319604873657227, 130.55267333984375, 37.85498809814453, 39.11521530151367, 61.91122817993164, 176.4114532470703, 98.83824920654297, 170.81568908691406, 134.30189514160156, 147.89862060546875, 39.458839416503906, 105.42295837402344, 86.37129211425781, 152.55490112304688, 22.135944366455078, 24.0, 83.57032775878906, 61.0, 131.24404907226562, 166.41213989257812], [37.121421813964844, 0.0, 168.29736328125, 80.60397338867188, 112.92475128173828, 103.12128448486328, 206.51634216308594, 152.0032958984375, 42.95346450805664, 47.41307830810547, 131.38111877441406, 79.39773559570312, 130.6981201171875, 192.3798370361328, 79.62411499023438, 128.31991577148438, 159.55250549316406, 52.32590103149414, 158.66001892089844, 122.64175415039062, 195.43797302246094, 64.77654266357422, 84.2911605834961, 142.61837768554688, 137.10215759277344, 131.2097625732422, 130.94273376464844, 186.1182403564453, 78.24320983886719, 48.30113983154297, 193.21749877929688, 76.41989135742188, 199.27870178222656, 144.1006622314453, 100.90093994140625, 127.48725128173828, 178.0028076171875, 146.24978637695312, 91.60785675048828, 114.49017333984375, 40.49691390991211, 165.55966186523438, 59.50630187988281, 4.0, 74.30342864990234, 213.38462829589844, 124.19742584228516, 207.88458251953125, 167.2632598876953, 184.4017333984375, 68.24221801757812, 142.0563201904297, 105.30906677246094, 182.10162353515625, 59.09314727783203, 52.63079071044922, 111.7586669921875, 88.6848373413086, 165.89454650878906, 203.5313262939453], [133.54400634765625, 168.29736328125, 0.0, 141.4814453125, 77.27871704101562, 86.12781524658203, 92.9139404296875, 125.68611907958984, 187.83236694335938, 123.69316864013672, 110.76551818847656, 89.1964111328125, 141.4284210205078, 160.55528259277344, 110.30865478515625, 149.16433715820312, 16.278820037841797, 120.2081527709961, 165.7377471923828, 52.201534271240234, 192.4162139892578, 122.53978729248047, 116.69190216064453, 157.27682495117188, 149.85659790039062, 42.379241943359375, 79.15807342529297, 162.04937744140625, 91.0494384765625, 160.58953857421875, 193.25889587402344, 134.71450805664062, 174.41329956054688, 173.73831176757812, 87.64131164550781, 157.0509490966797, 133.27040100097656, 88.32327270507812, 79.32212829589844, 68.4105224609375, 132.43865966796875, 101.51847076416016, 114.03946685791016, 171.17242431640625, 164.7574005126953, 87.66413116455078, 148.0303955078125, 64.03124237060547, 17.804492950439453, 31.62277603149414, 101.67103576660156, 38.05259704589844, 162.36378479003906, 153.52198791503906, 115.37763977050781, 116.04309844970703, 133.18408203125, 85.58621215820312, 105.55093383789062, 66.85057830810547], [56.61272048950195, 80.60397338867188, 141.4814453125, 0.0, 65.0, 121.26417541503906, 143.22010803222656, 74.52516174316406, 65.19202423095703, 81.32035064697266, 58.13776779174805, 80.65357971191406, 50.2493782043457, 112.21853637695312, 113.1591796875, 47.801673889160156, 127.1377182006836, 50.447994232177734, 78.43468475341797, 89.49860382080078, 115.69355773925781, 30.01666259765625, 123.22337341308594, 62.297672271728516, 56.51548385620117, 99.20181274414062, 146.56398010253906, 105.68348693847656, 67.44627380371094, 36.49657440185547, 113.71894836425781, 8.5440034866333, 118.69709014892578, 66.2872543334961, 119.77478790283203, 47.85394287109375, 100.44898986816406, 81.05553436279297, 70.1783447265625, 121.04957580566406, 84.50444030761719, 95.29428100585938, 88.40814208984375, 79.90619659423828, 24.413110733032227, 153.38839721679688, 43.680660247802734, 156.84706115722656, 149.11070251464844, 143.6558380126953, 82.36504364013672, 104.75209045410156, 30.805843353271484, 102.07839965820312, 47.16990661621094, 73.24616241455078, 32.140316009521484, 99.36800384521484, 94.3716049194336, 150.0733184814453], [75.96051788330078, 112.92475128173828, 77.27871704101562, 65.0, 0.0, 87.00574493408203, 94.11163330078125, 65.79513549804688, 119.5198745727539, 82.02438354492188, 43.416587829589844, 54.4058837890625, 69.6419448852539, 109.80892181396484, 94.33981323242188, 75.96051788330078, 62.361846923828125, 60.74536895751953, 98.97979736328125, 27.294687271118164, 132.43865966796875, 52.49761962890625, 104.92378234863281, 86.92525482177734, 78.92401123046875, 36.0, 103.85566711425781, 107.62899017333984, 43.28972244262695, 89.87213134765625, 132.2006072998047, 59.05929183959961, 121.91800689697266, 101.53324890136719, 86.60831451416016, 82.97589874267578, 85.58621215820312, 39.051246643066406, 31.62277603149414, 77.89736938476562, 90.19977569580078, 60.87692642211914, 79.6303939819336, 114.54257202148438, 89.0, 100.46392059326172, 73.97972869873047, 96.82975006103516, 87.0, 79.32212829589844, 66.0984115600586, 39.84971618652344, 85.28775024414062, 100.12492370605469, 53.851646423339844, 71.0633544921875, 57.42821502685547, 68.47627258300781, 62.93647766113281, 91.52595520019531], [80.02499389648438, 103.12128448486328, 86.12781524658203, 121.26417541503906, 87.00574493408203, 0.0, 162.6068878173828, 152.6204376220703, 137.05838012695312, 56.51548385620117, 129.5569305419922, 40.71854782104492, 150.8641815185547, 196.81463623046875, 26.870058059692383, 154.84185791015625, 86.28441619873047, 74.96665954589844, 182.3321075439453, 70.00714111328125, 217.83021545410156, 91.7060546875, 30.870698928833008, 168.2200927734375, 160.24044799804688, 71.0633544921875, 28.284271240234375, 194.48907470703125, 54.58937454223633, 119.26860809326172, 217.22108459472656, 112.72089385986328, 208.830078125, 179.72479248046875, 2.2360680103302, 159.7654571533203, 172.2353057861328, 123.66487121582031, 58.051700592041016, 17.72004508972168, 62.62587356567383, 144.9413604736328, 44.14748001098633, 106.89247131347656, 136.3414764404297, 162.69296264648438, 151.7267303466797, 145.1688690185547, 76.92203521728516, 113.74533081054688, 41.19466018676758, 82.37718200683594, 151.28781127929688, 187.0962371826172, 75.43209075927734, 56.035701751708984, 133.70115661621094, 21.931713104248047, 147.7328643798828, 145.0137939453125], [169.83816528320312, 206.51634216308594, 92.9139404296875, 143.22010803222656, 94.11163330078125, 162.6068878173828, 0.0, 81.3019027709961, 206.82843017578125, 174.94284057617188, 86.37129211425781, 143.22360229492188, 110.80162811279297, 91.0878677368164, 179.27911376953125, 119.62023162841797, 82.29216003417969, 154.6900177001953, 117.74549102783203, 95.04735565185547, 128.31600952148438, 143.26548767089844, 188.67962646484375, 118.59595489501953, 114.58621215820312, 91.78779602050781, 166.0873260498047, 96.6281509399414, 135.34031677246094, 176.64654541015625, 130.55267333984375, 141.1984405517578, 104.00480651855469, 135.50645446777344, 163.24827575683594, 127.88275909423828, 69.12307739257812, 62.433963775634766, 121.8072280883789, 146.98638916015625, 183.46934509277344, 50.447994232177734, 170.57550048828125, 207.8677520751953, 166.48123168945312, 14.142135620117188, 121.21056365966797, 39.0, 110.67971801757812, 63.03173828125, 156.4608612060547, 80.23091888427734, 146.57762145996094, 89.10667419433594, 147.70579528808594, 164.23458862304688, 116.69190216064453, 151.26797485351562, 53.00943374633789, 30.886890411376953], [120.35364532470703, 152.0032958984375, 125.68611907958984, 74.52516174316406, 65.79513549804688, 152.6204376220703, 81.3019027709961, 0.0, 139.2838897705078, 136.92698669433594, 23.706539154052734, 117.13667297363281, 30.479501724243164, 44.777225494384766, 157.27999877929688, 38.897300720214844, 109.4805908203125, 107.70793914794922, 41.01219177246094, 88.81441497802734, 68.09552001953125, 88.6848373413086, 168.07736206054688, 37.6961555480957, 33.2866325378418, 94.15412902832031, 169.2483367919922, 41.86884307861328, 103.83159637451172, 111.00450134277344, 68.42514038085938, 76.32168579101562, 56.22277069091797, 55.02726745605469, 152.11837768554688, 46.86149978637695, 26.07680892944336, 37.36308288574219, 95.44107818603516, 143.558349609375, 143.40501403808594, 31.95309066772461, 138.39797973632812, 152.02960205078125, 93.77632904052734, 94.41397857666016, 41.1096076965332, 108.66921997070312, 140.45640563964844, 111.07205200195312, 126.56224060058594, 90.47099304199219, 68.00735473632812, 34.66987228393555, 101.13851928710938, 126.19429779052734, 42.72002029418945, 133.22161865234375, 28.635643005371094, 100.0], [57.9741325378418, 42.95346450805664, 187.83236694335938, 65.19202423095703, 119.5198745727539, 137.05838012695312, 206.82843017578125, 139.2838897705078, 0.0, 81.09870910644531, 123.16655731201172, 104.67568969726562, 112.44998931884766, 173.73831176757812, 117.01708984375, 107.46627044677734, 176.23280334472656, 68.44705963134766, 135.0333251953125, 137.20057678222656, 169.3074188232422, 67.20863342285156, 123.49089050292969, 120.03749084472656, 116.43023681640625, 146.82302856445312, 165.33905029296875, 166.3640594482422, 97.94386291503906, 30.232433319091797, 166.59532165527344, 65.76473236083984, 178.02528381347656, 116.8417739868164, 134.95184326171875, 104.01922607421875, 164.92422485351562, 144.4022216796875, 108.5587387084961, 145.04136657714844, 77.10382843017578, 160.15304565429688, 93.26306915283203, 39.357337951660156, 47.095645904541016, 216.0601806640625, 103.5857162475586, 216.08563232421875, 190.5150909423828, 197.73973083496094, 97.29337310791016, 155.7080535888672, 79.02531433105469, 164.10362243652344, 72.56031799316406, 81.39410400390625, 96.5660400390625, 118.87808990478516, 159.4114227294922, 210.2379608154297], [27.312999725341797, 47.41307830810547, 123.69316864013672, 81.32035064697266, 82.02438354492188, 56.51548385620117, 174.94284057617188, 136.92698669433594, 81.09870910644531, 0.0, 113.60017395019531, 34.98571014404297, 124.16924285888672, 181.0690460205078, 36.49657440185547, 125.09996032714844, 116.81181335449219, 31.400636672973633, 155.6181182861328, 83.21658325195312, 193.132080078125, 52.801513671875, 44.59820556640625, 139.78555297851562, 132.6084442138672, 90.37699127197266, 84.72307586669922, 176.47662353515625, 39.623226165771484, 67.35725402832031, 191.6689910888672, 73.59347534179688, 190.6829833984375, 146.86387634277344, 54.34151077270508, 127.440185546875, 161.29786682128906, 120.20399475097656, 53.36665725708008, 67.08203887939453, 8.9442720413208, 141.5980224609375, 12.369317054748535, 50.990196228027344, 89.06739044189453, 179.5132293701172, 121.2476806640625, 169.7292022705078, 121.01652526855469, 143.17820739746094, 22.022714614868164, 102.15674591064453, 111.8659896850586, 170.6604766845703, 36.715118408203125, 11.045360565185547, 104.62313079833984, 41.34005355834961, 143.0139923095703, 166.65232849121094], [98.24967956542969, 131.38111877441406, 110.76551818847656, 58.13776779174805, 43.416587829589844, 129.5569305419922, 86.37129211425781, 23.706539154052734, 123.16655731201172, 113.60017395019531, 0.0, 93.49331665039062, 31.064449310302734, 68.47627258300781, 133.6001434326172, 39.458839416503906, 94.5304183959961, 85.0, 56.46237564086914, 68.42514038085938, 89.02246856689453, 67.0, 144.4022216796875, 46.52956008911133, 39.11521530151367, 75.02666473388672, 147.2718505859375, 65.21502685546875, 80.13114166259766, 93.6375961303711, 88.81441497802734, 57.87054443359375, 79.6303939819336, 63.071388244628906, 128.97286987304688, 47.85394287109375, 47.85394287109375, 27.312999725341797, 72.00694274902344, 121.26417541503906, 120.30377960205078, 37.2155876159668, 114.76933288574219, 131.7459716796875, 80.44873809814453, 97.67292022705078, 39.293766021728516, 106.00471496582031, 123.9758071899414, 101.43470764160156, 102.85912322998047, 73.54590606689453, 61.29437255859375, 58.30952072143555, 78.26238250732422, 102.78618621826172, 30.479501724243164, 109.80892181396484, 36.24913787841797, 98.1121826171875], [47.01063537597656, 79.39773559570312, 89.1964111328125, 80.65357971191406, 54.4058837890625, 40.71854782104492, 143.22360229492188, 117.13667297363281, 104.67568969726562, 34.98571014404297, 93.49331665039062, 0.0, 111.7586669921875, 161.89503479003906, 40.24922180175781, 115.108642578125, 81.83519744873047, 37.336307525634766, 143.54441833496094, 49.24428939819336, 179.8777313232422, 51.41984176635742, 51.0, 128.88754272460938, 121.01652526855469, 55.71355438232422, 66.2872543334961, 158.64425659179688, 14.21267032623291, 82.49242401123047, 179.01116943359375, 72.11102294921875, 173.06646728515625, 139.61734008789062, 39.357337951660156, 119.62023162841797, 139.1294403076172, 93.40770721435547, 22.803508758544922, 42.0, 43.90899658203125, 115.24755859375, 27.658634185791016, 82.46211242675781, 96.87621307373047, 146.6594696044922, 111.82575988769531, 135.3513946533203, 88.00568389892578, 108.24047088623047, 13.601470947265625, 67.67569732666016, 110.57124328613281, 151.79261779785156, 36.055511474609375, 26.870058059692383, 93.86160278320312, 18.788293838500977, 117.34138488769531, 132.69891357421875], [103.24727630615234, 130.6981201171875, 141.4284210205078, 50.2493782043457, 69.6419448852539, 150.8641815185547, 110.80162811279297, 30.479501724243164, 112.44998931884766, 124.16924285888672, 31.064449310302734, 111.7586669921875, 0.0, 62.032249450683594, 150.233154296875, 8.9442720413208, 125.2557373046875, 93.05912017822266, 31.890438079833984, 96.4624252319336, 69.065185546875, 72.01388549804688, 160.9627227783203, 17.492855072021484, 9.433980941772461, 104.04806518554688, 171.51092529296875, 55.44366455078125, 97.59098052978516, 86.00581359863281, 67.80117797851562, 54.5710563659668, 68.65857696533203, 32.38827133178711, 149.93666076660156, 17.464248657226562, 53.712196350097656, 57.48912811279297, 93.00537872314453, 145.11375427246094, 129.25169372558594, 60.464866638183594, 128.2224578857422, 130.11532592773438, 65.73431396484375, 123.42204284667969, 10.630146026611328, 135.0037078857422, 154.04220581054688, 132.37069702148438, 118.44407653808594, 103.81714630126953, 37.735923767089844, 52.009613037109375, 87.46427917480469, 114.28035736083984, 19.697715759277344, 129.7266387939453, 57.80138397216797, 126.71621704101562], [162.9846649169922, 192.3798370361328, 160.55528259277344, 112.21853637695312, 109.80892181396484, 196.81463623046875, 91.0878677368164, 44.777225494384766, 173.73831176757812, 181.0690460205078, 68.47627258300781, 161.89503479003906, 62.032249450683594, 0.0, 202.054443359375, 66.27216339111328, 145.0137939453125, 151.1687774658203, 42.48529052734375, 130.8319549560547, 37.336307525634766, 131.21737670898438, 212.84971618652344, 54.5710563659668, 57.314918518066406, 134.82582092285156, 212.15089416503906, 8.602325439453125, 148.6068572998047, 148.0033721923828, 39.81205749511719, 115.97413635253906, 13.928388595581055, 64.41273498535156, 196.4001007080078, 70.40596771240234, 27.294687271118164, 75.92759704589844, 140.06427001953125, 186.93849182128906, 187.21644592285156, 59.05929183959961, 182.98907470703125, 191.9427032470703, 126.66886138916016, 105.1712875366211, 70.1783447265625, 127.4754867553711, 176.8756561279297, 139.7783966064453, 171.30381774902344, 129.03488159179688, 95.7078857421875, 10.440306663513184, 144.8378448486328, 170.46994018554688, 80.62257385253906, 177.78919982910156, 55.07267761230469, 118.51160430908203], [63.324562072753906, 79.62411499023438, 110.30865478515625, 113.1591796875, 94.33981323242188, 26.870058059692383, 179.27911376953125, 157.27999877929688, 117.01708984375, 36.49657440185547, 133.6001434326172, 40.24922180175781, 150.233154296875, 202.054443359375, 0.0, 152.74160766601562, 108.17115783691406, 63.1347770690918, 182.1235809326172, 84.2911605834961, 218.961181640625, 83.23461151123047, 10.816654205322266, 166.97305297851562, 159.28904724121094, 88.0227279663086, 52.32590103149414, 198.64541625976562, 53.5350341796875, 103.58088684082031, 217.91970825195312, 104.86181640625, 213.06336975097656, 176.30938720703125, 24.75883674621582, 156.40013122558594, 179.3683319091797, 133.13526916503906, 62.7694206237793, 43.26661682128906, 40.04996871948242, 154.95159912109375, 25.63201141357422, 83.54639434814453, 124.08464813232422, 181.044189453125, 149.20120239257812, 166.04818725585938, 102.72779846191406, 135.8234100341797, 31.827661514282227, 100.07997131347656, 143.95138549804688, 191.90882873535156, 66.0302963256836, 40.71854782104492, 131.55227661132812, 28.017850875854492, 157.2036895751953, 164.8787384033203], [102.85912322998047, 128.31991577148438, 149.16433715820312, 47.801673889160156, 75.96051788330078, 154.84185791015625, 119.62023162841797, 38.897300720214844, 107.46627044677734, 125.09996032714844, 39.458839416503906, 115.108642578125, 8.9442720413208, 66.27216339111328, 152.74160766601562, 0.0, 133.0601348876953, 93.74433135986328, 30.870698928833008, 103.07764434814453, 68.42514038085938, 72.40165710449219, 163.3799285888672, 14.764822959899902, 9.0, 111.00450134277344, 176.3859405517578, 59.00847244262695, 100.89598846435547, 82.2982406616211, 66.73080444335938, 53.3104133605957, 71.34423828125, 25.63201141357422, 153.80831909179688, 8.5440034866333, 60.90156173706055, 66.21932983398438, 97.41663360595703, 149.96665954589844, 129.65338134765625, 69.3397445678711, 129.9576873779297, 127.4754867553711, 60.406951904296875, 132.30645751953125, 4.123105525970459, 143.923583984375, 161.3722381591797, 140.89002990722656, 120.91732788085938, 111.36426544189453, 30.463092803955078, 56.718605041503906, 88.60022735595703, 115.60276794433594, 21.260292053222656, 133.4053955078125, 66.61080932617188, 135.65028381347656], [123.7457046508789, 159.55250549316406, 16.278820037841797, 127.1377182006836, 62.361846923828125, 86.28441619873047, 82.29216003417969, 109.4805908203125, 176.23280334472656, 116.81181335449219, 94.5304183959961, 81.83519744873047, 125.2557373046875, 145.0137939453125, 108.17115783691406, 133.0601348876953, 0.0, 109.71326446533203, 149.46571350097656, 39.11521530151367, 176.4114532470703, 109.93180084228516, 115.7410888671875, 141.0283660888672, 133.6338348388672, 29.4108829498291, 84.64632415771484, 146.26345825195312, 81.39410400390625, 148.18907165527344, 177.20045471191406, 120.70211029052734, 158.8238067626953, 157.53729248046875, 87.46427917480469, 141.0035400390625, 117.72000885009766, 72.12489318847656, 68.62215423583984, 69.02897644042969, 125.71794128417969, 85.95928955078125, 108.24047088623047, 162.1881561279297, 150.7846221923828, 79.12016296386719, 132.0, 59.0, 31.906112670898438, 27.658634185791016, 95.01578521728516, 22.56102752685547, 146.97279357910156, 137.75340270996094, 104.35037231445312, 108.22661590576172, 117.42657470703125, 81.59656524658203, 89.94442749023438, 59.6824951171875], [15.231546401977539, 52.32590103149414, 120.2081527709961, 50.447994232177734, 60.74536895751953, 74.96665954589844, 154.6900177001953, 107.70793914794922, 68.44705963134766, 31.400636672973633, 85.0, 37.336307525634766, 93.05912017822266, 151.1687774658203, 63.1347770690918, 93.74433135986328, 109.71326446533203, 0.0, 124.34226989746094, 71.50524139404297, 161.89503479003906, 21.40093421936035, 72.94518280029297, 108.45275115966797, 101.3558120727539, 80.61017608642578, 102.31324768066406, 146.184814453125, 29.529645919799805, 45.17742919921875, 160.377685546875, 42.44997024536133, 160.25604248046875, 115.52056121826172, 73.16419982910156, 96.04686737060547, 132.83448791503906, 95.75489807128906, 41.1096076965332, 79.15807342529297, 36.24913787841797, 116.15506744384766, 38.01315689086914, 54.20331954956055, 61.6846809387207, 161.1862335205078, 89.87213134765625, 155.72412109375, 122.1187973022461, 133.30416870117188, 33.95585250854492, 90.78546142578125, 81.21575927734375, 140.73023986816406, 7.071067810058594, 22.803508758544922, 73.43023681640625, 54.08327102661133, 117.01708984375, 151.23822021484375], [133.71986389160156, 158.66001892089844, 165.7377471923828, 78.43468475341797, 98.97979736328125, 182.3321075439453, 117.74549102783203, 41.01219177246094, 135.0333251953125, 155.6181182861328, 56.46237564086914, 143.54441833496094, 31.890438079833984, 42.48529052734375, 182.1235809326172, 30.870698928833008, 149.46571350097656, 124.34226989746094, 0.0, 124.81185913085938, 37.58989334106445, 103.07764434814453, 192.85227966308594, 16.155494689941406, 23.021728515625, 131.47242736816406, 202.2003936767578, 34.01470184326172, 129.4024658203125, 111.80339813232422, 36.055511474609375, 84.17243957519531, 43.416587829589844, 21.954498291015625, 181.46624755859375, 31.400636672973633, 49.73931884765625, 77.78174591064453, 124.32618713378906, 175.88917541503906, 160.377685546875, 71.70076751708984, 160.0, 157.64834594726562, 88.20430755615234, 131.5750732421875, 34.928497314453125, 148.4755859375, 179.80545043945312, 152.08221435546875, 150.3329620361328, 129.4024658203125, 56.00892639160156, 35.608985900878906, 118.98319244384766, 145.90750122070312, 51.03919982910156, 161.37533569335938, 67.89698028564453, 139.63523864746094], [86.05230712890625, 122.64175415039062, 52.201534271240234, 89.49860382080078, 27.294687271118164, 70.00714111328125, 95.04735565185547, 88.81441497802734, 137.20057678222656, 83.21658325195312, 68.42514038085938, 49.24428939819336, 96.4624252319336, 130.8319549560547, 84.2911605834961, 103.07764434814453, 39.11521530151367, 71.50524139404297, 124.81185913085938, 0.0, 156.70672607421875, 70.8307876586914, 93.90420532226562, 113.54734802246094, 105.6219711303711, 9.848857879638672, 81.46778869628906, 129.83450317382812, 44.777225494384766, 109.07795715332031, 156.7737274169922, 82.56512451171875, 143.75326538085938, 128.5768280029297, 70.22820281982422, 110.21796417236328, 104.80458068847656, 55.31726837158203, 31.064449310302734, 57.14017868041992, 92.11405944824219, 75.7165756225586, 76.90253448486328, 125.0, 112.57886505126953, 97.62171936035156, 101.20276641845703, 86.53900909423828, 60.13318634033203, 61.84658432006836, 62.817195892333984, 19.416488647460938, 112.04016876220703, 121.82774353027344, 65.76473236083984, 73.40980529785156, 84.71717834472656, 56.32051086425781, 78.81623840332031, 83.52245330810547], [171.28338623046875, 195.43797302246094, 192.4162139892578, 115.69355773925781, 132.43865966796875, 217.83021545410156, 128.31600952148438, 68.09552001953125, 169.3074188232422, 193.132080078125, 89.02246856689453, 179.8777313232422, 69.065185546875, 37.336307525634766, 218.961181640625, 68.42514038085938, 176.4114532470703, 161.89503479003906, 37.58989334106445, 156.70672607421875, 0.0, 140.65560913085938, 229.73245239257812, 53.66563034057617, 60.539241790771484, 162.24671936035156, 236.2921905517578, 32.06243896484375, 165.84933471679688, 147.96282958984375, 3.605551242828369, 121.67169189453125, 26.0, 52.46903991699219, 217.09214782714844, 68.00735473632812, 61.52235412597656, 104.69479370117188, 159.81239318847656, 210.2379608154297, 197.9595947265625, 91.92388153076172, 197.27392578125, 194.2472686767578, 123.35720825195312, 142.4254150390625, 72.44998168945312, 164.10972595214844, 207.85812377929688, 174.19529724121094, 187.2565155029297, 158.31614685058594, 91.0054931640625, 40.31128692626953, 156.4608612060547, 183.33030700683594, 88.5098876953125, 197.31446838378906, 87.80091094970703, 155.1160888671875], [31.78049659729004, 64.77654266357422, 122.53978729248047, 30.01666259765625, 52.49761962890625, 91.7060546875, 143.26548767089844, 88.6848373413086, 67.20863342285156, 52.801513671875, 67.0, 51.41984176635742, 72.01388549804688, 131.21737670898438, 83.23461151123047, 72.40165710449219, 109.93180084228516, 21.40093421936035, 103.07764434814453, 70.8307876586914, 140.65560913085938, 0.0, 93.40770721435547, 87.132080078125, 80.13114166259766, 80.62257385253906, 117.68601989746094, 125.87295532226562, 39.11521530151367, 38.27531814575195, 139.0863037109375, 21.63330841064453, 139.78555297851562, 94.17536926269531, 90.13877868652344, 74.65252685546875, 114.3547134399414, 81.90848541259766, 45.12205505371094, 92.77930450439453, 57.30619430541992, 100.80674743652344, 58.79625701904297, 65.51335906982422, 46.010868072509766, 151.23822021484375, 68.50547790527344, 149.3050537109375, 127.440185546875, 130.59861755371094, 52.35456085205078, 88.81441497802734, 60.74536895751953, 120.7849349975586, 17.20465087890625, 43.84062194824219, 52.32590103149414, 69.92138671875, 101.11874389648438, 143.80889892578125], [71.86793518066406, 84.2911605834961, 116.69190216064453, 123.22337341308594, 104.92378234863281, 30.870698928833008, 188.67962646484375, 168.07736206054688, 123.49089050292969, 44.59820556640625, 144.4022216796875, 51.0, 160.9627227783203, 212.84971618652344, 10.816654205322266, 163.3799285888672, 115.7410888671875, 72.94518280029297, 192.85227966308594, 93.90420532226562, 229.73245239257812, 93.40770721435547, 0.0, 177.65415954589844, 169.99411010742188, 97.08243560791016, 52.009613037109375, 209.45883178710938, 64.35060119628906, 111.94641876220703, 228.6744384765625, 115.0, 223.877197265625, 186.81005859375, 29.154760360717773, 166.93112182617188, 190.0789337158203, 143.6175537109375, 73.40980529785156, 48.46648406982422, 46.52956008911133, 165.41160583496094, 34.98571014404297, 88.27796936035156, 133.2816619873047, 190.01052856445312, 159.81239318847656, 174.15223693847656, 107.78682708740234, 143.3771209716797, 42.52058410644531, 109.01834869384766, 154.0292205810547, 202.7116241455078, 76.216796875, 50.2493782043457, 142.21463012695312, 37.656341552734375, 167.72000122070312, 173.349365234375], [117.61802673339844, 142.61837768554688, 157.27682495117188, 62.297672271728516, 86.92525482177734, 168.2200927734375, 118.59595489501953, 37.6961555480957, 120.03749084472656, 139.78555297851562, 46.52956008911133, 128.88754272460938, 17.492855072021484, 54.5710563659668, 166.97305297851562, 14.764822959899902, 141.0283660888672, 108.45275115966797, 16.155494689941406, 113.54734802246094, 53.66563034057617, 87.132080078125, 177.65415954589844, 0.0, 8.062257766723633, 120.8801040649414, 189.0026397705078, 46.69047164916992, 114.69088745117188, 96.02603912353516, 51.97114562988281, 68.02940368652344, 58.0, 17.464248657226562, 167.2632598876953, 16.031219482421875, 54.488529205322266, 71.11258697509766, 110.43550109863281, 162.6038055419922, 144.4022216796875, 69.6419448852539, 144.46107482910156, 141.6615753173828, 73.0, 131.92800903320312, 18.788293838500977, 146.16429138183594, 170.42593383789062, 146.34207153320312, 135.1480712890625, 120.0333251953125, 41.30375289916992, 45.880279541015625, 103.2279052734375, 130.20751953125, 35.46829605102539, 146.98638916015625, 66.30987548828125, 137.5681610107422], [110.98197937011719, 137.10215759277344, 149.85659790039062, 56.51548385620117, 78.92401123046875, 160.24044799804688, 114.58621215820312, 33.2866325378418, 116.43023681640625, 132.6084442138672, 39.11521530151367, 121.01652526855469, 9.433980941772461, 57.314918518066406, 159.28904724121094, 9.0, 133.6338348388672, 101.3558120727539, 23.021728515625, 105.6219711303711, 60.539241790771484, 80.13114166259766, 169.99411010742188, 8.062257766723633, 0.0, 113.05308532714844, 180.9447479248047, 50.0099983215332, 106.8316421508789, 91.26883697509766, 59.07622146606445, 61.6846809387207, 62.3939094543457, 24.0, 159.2984619140625, 14.422204971313477, 53.25410842895508, 64.49806213378906, 102.41581726074219, 154.5477294921875, 137.437255859375, 64.8459701538086, 137.00364685058594, 136.31214904785156, 69.35416412353516, 127.63228607177734, 13.03840446472168, 140.73023986816406, 162.7882080078125, 139.70326232910156, 127.4754867553711, 112.44998931884766, 38.897300720214844, 47.85394287109375, 95.96353149414062, 122.88612365722656, 28.017850875854492, 139.05393981933594, 61.773780822753906, 132.25732421875], [94.9210205078125, 131.2097625732422, 42.379241943359375, 99.20181274414062, 36.0, 71.0633544921875, 91.78779602050781, 94.15412902832031, 146.82302856445312, 90.37699127197266, 75.02666473388672, 55.71355438232422, 104.04806518554688, 134.82582092285156, 88.0227279663086, 111.00450134277344, 29.4108829498291, 80.61017608642578, 131.47242736816406, 9.848857879638672, 162.24671936035156, 80.62257385253906, 97.08243560791016, 120.8801040649414, 113.05308532714844, 0.0, 79.05693817138672, 134.40237426757812, 53.00943374633789, 118.84864044189453, 162.49615478515625, 92.34716796875, 148.05404663085938, 136.3414764404297, 71.58910369873047, 118.37651824951172, 108.2450942993164, 58.898216247558594, 39.69886779785156, 56.46237564086914, 99.31767272949219, 77.98717498779297, 83.16850280761719, 133.6862030029297, 122.38055419921875, 93.02149963378906, 109.32977294921875, 79.69943237304688, 51.0, 53.25410842895508, 69.28924560546875, 12.165525436401367, 121.20230865478516, 126.21014404296875, 75.07329559326172, 81.00617218017578, 93.26306915283203, 60.074954986572266, 81.39410400390625, 77.46611785888672], [108.16654205322266, 130.94273376464844, 79.15807342529297, 146.56398010253906, 103.85566711425781, 28.284271240234375, 166.0873260498047, 169.2483367919922, 165.33905029296875, 84.72307586669922, 147.2718505859375, 66.2872543334961, 171.51092529296875, 212.15089416503906, 52.32590103149414, 176.3859405517578, 84.64632415771484, 102.31324768066406, 202.2003936767578, 81.46778869628906, 236.2921905517578, 117.68601989746094, 52.009613037109375, 189.0026397705078, 180.9447479248047, 79.05693817138672, 0.0, 210.79373168945312, 79.12016296386719, 147.05441284179688, 236.01907348632812, 138.05072021484375, 224.87774658203125, 201.76470947265625, 30.4138126373291, 182.02471923828125, 186.27130126953125, 136.78085327148438, 79.15807342529297, 26.419689178466797, 90.52071380615234, 156.818359375, 72.36711883544922, 134.76646423339844, 163.0858612060547, 163.7467498779297, 173.58859252929688, 142.5552520751953, 65.27633666992188, 110.02726745605469, 69.0, 88.1929702758789, 175.84083557128906, 202.9507293701172, 102.1077880859375, 84.2140121459961, 155.65345764160156, 48.25971221923828, 160.07810974121094, 144.15615844726562], [157.56268310546875, 186.1182403564453, 162.04937744140625, 105.68348693847656, 107.62899017333984, 194.48907470703125, 96.6281509399414, 41.86884307861328, 166.3640594482422, 176.47662353515625, 65.21502685546875, 158.64425659179688, 55.44366455078125, 8.602325439453125, 198.64541625976562, 59.00847244262695, 146.26345825195312, 146.184814453125, 34.01470184326172, 129.83450317382812, 32.06243896484375, 125.87295532226562, 209.45883178710938, 46.69047164916992, 50.0099983215332, 134.40237426757812, 210.79373168945312, 0.0, 145.11375427246094, 141.1276092529297, 34.01470184326172, 109.83624267578125, 14.422204971313477, 55.90169906616211, 193.98196411132812, 62.64982223510742, 29.614185333251953, 75.7165756225586, 137.20057678222656, 185.2673797607422, 182.36227416992188, 60.74536895751953, 178.8994140625, 185.55860900878906, 119.26860809326172, 110.76551818847656, 63.0, 132.0605926513672, 177.9915771484375, 142.61837768554688, 167.57386779785156, 129.32130432128906, 87.96590423583984, 8.5440034866333, 140.0142822265625, 166.01806640625, 74.52516174316406, 175.0, 56.64803695678711, 123.06502532958984], [42.52058410644531, 78.24320983886719, 91.0494384765625, 67.44627380371094, 43.28972244262695, 54.58937454223633, 135.34031677246094, 103.83159637451172, 97.94386291503906, 39.623226165771484, 80.13114166259766, 14.21267032623291, 97.59098052978516, 148.6068572998047, 53.5350341796875, 100.89598846435547, 81.39410400390625, 29.529645919799805, 129.4024658203125, 44.777225494384766, 165.84933471679688, 39.11521530151367, 64.35060119628906, 114.69088745117188, 106.8316421508789, 53.00943374633789, 79.12016296386719, 145.11375427246094, 0.0, 73.24616241455078, 164.9393768310547, 58.94064712524414, 159.5305633544922, 125.43125915527344, 53.33854293823242, 105.43718719482422, 126.46343231201172, 82.20097351074219, 13.928388595581055, 53.75872039794922, 48.27007293701172, 103.94229125976562, 36.34556198120117, 80.80841827392578, 85.09406280517578, 139.9464111328125, 97.6166000366211, 131.0953826904297, 92.59049987792969, 106.25440979003906, 23.0867919921875, 64.14047241210938, 96.93296813964844, 138.4232635498047, 25.961509704589844, 29.120439529418945, 79.64923095703125, 32.75667953491211, 105.75916290283203, 127.58134460449219], [40.26164245605469, 48.30113983154297, 160.58953857421875, 36.49657440185547, 89.87213134765625, 119.26860809326172, 176.64654541015625, 111.00450134277344, 30.232433319091797, 67.35725402832031, 93.6375961303711, 82.49242401123047, 86.00581359863281, 148.0033721923828, 103.58088684082031, 82.2982406616211, 148.18907165527344, 45.17742919921875, 111.80339813232422, 109.07795715332031, 147.96282958984375, 38.27531814575195, 111.94641876220703, 96.02603912353516, 91.26883697509766, 118.84864044189453, 147.05441284179688, 141.1276092529297, 73.24616241455078, 0.0, 145.60220336914062, 35.84689712524414, 153.63919067382812, 96.13532257080078, 117.34564208984375, 80.41144561767578, 136.94525146484375, 114.2365951538086, 82.07923126220703, 124.32618713378906, 66.64083099365234, 130.38787841796875, 78.10249328613281, 46.615447998046875, 26.07680892944336, 185.827880859375, 78.23043060302734, 186.1316680908203, 164.7118682861328, 168.66831970214844, 78.10249328613281, 127.06297302246094, 57.245086669921875, 138.01449584960938, 47.29693603515625, 63.78871536254883, 68.59300231933594, 99.00505065917969, 129.80755615234375, 180.16104125976562], [169.53170776367188, 193.21749877929688, 193.25889587402344, 113.71894836425781, 132.2006072998047, 217.22108459472656, 130.55267333984375, 68.42514038085938, 166.59532165527344, 191.6689910888672, 88.81441497802734, 179.01116943359375, 67.80117797851562, 39.81205749511719, 217.91970825195312, 66.73080444335938, 177.20045471191406, 160.377685546875, 36.055511474609375, 156.7737274169922, 3.605551242828369, 139.0863037109375, 228.6744384765625, 51.97114562988281, 59.07622146606445, 162.49615478515625, 236.01907348632812, 34.01470184326172, 164.9393768310547, 145.60220336914062, 0.0, 119.85408020019531, 29.068883895874023, 49.81967544555664, 216.4486083984375, 65.92420196533203, 63.19810104370117, 105.30906677246094, 159.17601013183594, 209.89759826660156, 196.3695526123047, 93.17188262939453, 196.0102081298828, 191.9713592529297, 120.83045959472656, 144.678955078125, 70.71067810058594, 166.027099609375, 208.5425567626953, 175.52493286132812, 186.17196655273438, 158.8238067626953, 88.5268325805664, 42.04759216308594, 155.03871154785156, 181.9587860107422, 87.09190368652344, 196.57568359375, 89.05054473876953, 157.02865600585938], [49.73931884765625, 76.41989135742188, 134.71450805664062, 8.5440034866333, 59.05929183959961, 112.72089385986328, 141.1984405517578, 76.32168579101562, 65.76473236083984, 73.59347534179688, 57.87054443359375, 72.11102294921875, 54.5710563659668, 115.97413635253906, 104.86181640625, 53.3104133605957, 120.70211029052734, 42.44997024536133, 84.17243957519531, 82.56512451171875, 121.67169189453125, 21.63330841064453, 115.0, 68.02940368652344, 61.6846809387207, 92.34716796875, 138.05072021484375, 109.83624267578125, 58.94064712524414, 35.84689712524414, 119.85408020019531, 0.0, 123.22337341308594, 73.40980529785156, 111.2339859008789, 54.37830352783203, 102.39628601074219, 78.77182006835938, 62.032249450683594, 112.5877456665039, 77.20103454589844, 94.5409927368164, 80.28075408935547, 76.10519409179688, 30.08321762084961, 150.8011932373047, 49.24428939819336, 152.83978271484375, 141.79209899902344, 138.231689453125, 73.9256362915039, 98.48857879638672, 39.11521530151367, 105.68348693847656, 38.832977294921875, 65.19202423095703, 35.35533905029297, 90.82400512695312, 93.98403930664062, 146.37281799316406], [171.40011596679688, 199.27870178222656, 174.41329956054688, 118.69709014892578, 121.91800689697266, 208.830078125, 104.00480651855469, 56.22277069091797, 178.02528381347656, 190.6829833984375, 79.6303939819336, 173.06646728515625, 68.65857696533203, 13.928388595581055, 213.06336975097656, 71.34423828125, 158.8238067626953, 160.25604248046875, 43.416587829589844, 143.75326538085938, 26.0, 139.78555297851562, 223.877197265625, 58.0, 62.3939094543457, 148.05404663085938, 224.87774658203125, 14.422204971313477, 159.5305633544922, 153.63919067382812, 29.068883895874023, 123.22337341308594, 0.0, 64.28841400146484, 208.3386688232422, 74.00675964355469, 41.146080017089844, 89.20201873779297, 151.60475158691406, 199.44924926757812, 196.4688262939453, 72.89718627929688, 193.23818969726562, 198.59506225585938, 131.0, 118.00423431396484, 75.42546081542969, 140.91131591796875, 190.6646270751953, 153.68798828125, 181.9697723388672, 142.56227111816406, 99.12618255615234, 21.931713104248047, 154.15576171875, 180.2720184326172, 88.05680084228516, 189.4016876220703, 68.88395690917969, 131.97348022460938], [122.88612365722656, 144.1006622314453, 173.73831176757812, 66.2872543334961, 101.53324890136719, 179.72479248046875, 135.50645446777344, 55.02726745605469, 116.8417739868164, 146.86387634277344, 63.071388244628906, 139.61734008789062, 32.38827133178711, 64.41273498535156, 176.30938720703125, 25.63201141357422, 157.53729248046875, 115.52056121826172, 21.954498291015625, 128.5768280029297, 52.46903991699219, 94.17536926269531, 186.81005859375, 17.464248657226562, 24.0, 136.3414764404297, 201.76470947265625, 55.90169906616211, 125.43125915527344, 96.13532257080078, 49.81967544555664, 73.40980529785156, 64.28841400146484, 0.0, 178.61691284179688, 20.0, 69.65629577636719, 88.36288452148438, 122.67436218261719, 175.3539276123047, 150.6021270751953, 86.97700500488281, 152.74160766601562, 142.67796325683594, 71.0633544921875, 148.97650146484375, 28.17800521850586, 163.60012817382812, 186.4296112060547, 163.60012817382812, 144.5890655517578, 136.19471740722656, 38.897300720214844, 57.42821502685547, 111.0360336303711, 137.97463989257812, 46.14108657836914, 158.11387634277344, 83.57032775878906, 154.98387145996094], [78.00640869140625, 100.90093994140625, 87.64131164550781, 119.77478790283203, 86.60831451416016, 2.2360680103302, 163.24827575683594, 152.11837768554688, 134.95184326171875, 54.34151077270508, 128.97286987304688, 39.357337951660156, 149.93666076660156, 196.4001007080078, 24.75883674621582, 153.80831909179688, 87.46427917480469, 73.16419982910156, 181.46624755859375, 70.22820281982422, 217.09214782714844, 90.13877868652344, 29.154760360717773, 167.2632598876953, 159.2984619140625, 71.58910369873047, 30.4138126373291, 193.98196411132812, 53.33854293823242, 117.34564208984375, 216.4486083984375, 111.2339859008789, 208.3386688232422, 178.61691284179688, 0.0, 158.64425659179688, 171.96511840820312, 123.54756164550781, 57.28001403808594, 19.313207626342773, 60.406951904296875, 144.90341186523438, 41.9761848449707, 104.67568969726562, 134.61798095703125, 163.517578125, 150.65855407714844, 146.27713012695312, 78.71467590332031, 114.98260498046875, 39.31920623779297, 83.02409362792969, 149.88328552246094, 186.63868713378906, 73.76313781738281, 54.00925827026367, 132.63861083984375, 20.59126091003418, 147.64822387695312, 146.0], [104.10091400146484, 127.48725128173828, 157.0509490966797, 47.85394287109375, 82.97589874267578, 159.7654571533203, 127.88275909423828, 46.86149978637695, 104.01922607421875, 127.440185546875, 47.85394287109375, 119.62023162841797, 17.464248657226562, 70.40596771240234, 156.40013122558594, 8.5440034866333, 141.0035400390625, 96.04686737060547, 31.400636672973633