{"name": "LZB_n120_19", "n": 120, "m": 15, "times": [[0.0, 92.75, 65.5, 79.625, 67.8125, 65.0, 113.875, 102.625, 108.0625, 53.25, 88.125, 77.625, 106.5, 116.8125, 71.5625, 98.75, 127.3125, 68.875, 72.375, 83.1875, 121.625, 84.875, 109.0, 28.453125, 57.6875, 35.0, 50.34375, 45.96875, 104.1875, 50.78125, 21.0, 43.03125, 88.5625, 74.25, 36.40625, 90.125, 65.5625, 89.5, 41.0, 80.625, 109.25, 107.8125, 100.4375, 86.8125, 112.0, 110.3125, 41.21875, 38.125, 30.359375, 107.9375, 94.625, 94.125, 109.0, 67.4375, 45.0, 53.3125, 86.125, 58.125, 93.0625, 54.0, 58.0625, 69.125, 75.3125, 101.125, 83.5625, 93.125, 93.625, 30.078125, 92.1875, 46.03125, 49.34375, 96.875, 54.0, 81.875, 15.0, 84.1875, 93.0625, 73.375, 108.5625, 20.609375, 85.8125, 98.5, 35.8125, 104.8125, 101.6875, 85.0, 61.53125, 40.71875, 130.875, 66.5, 103.375, 83.75, 77.1875, 51.875, 103.9375, 97.9375, 94.625, 54.5625, 132.5, 79.3125, 53.25, 51.34375, 90.4375, 78.0, 56.09375, 123.625, 48.8125, 81.5, 89.6875, 97.0, 85.9375, 62.375, 96.5, 65.9375, 130.125, 97.75, 47.40625, 80.125, 94.25, 72.875, 60.21875], [92.75, 0.0, 45.59375, 24.84375, 136.875, 104.1875, 97.4375, 81.625, 199.875, 133.0, 179.5, 154.875, 187.875, 76.375, 22.015625, 191.375, 110.0625, 24.078125, 156.125, 175.875, 103.0625, 176.875, 172.0, 100.375, 139.625, 63.0625, 142.625, 76.5625, 189.0, 134.25, 99.0, 50.59375, 107.0625, 81.0, 82.75, 131.875, 103.5625, 176.75, 62.96875, 127.125, 200.75, 183.125, 109.6875, 70.875, 191.75, 60.21875, 53.03125, 57.0, 100.625, 197.25, 135.125, 179.75, 186.75, 115.4375, 119.375, 57.3125, 41.78125, 136.5, 175.0, 41.59375, 149.75, 36.71875, 113.4375, 185.75, 47.8125, 145.375, 75.6875, 122.8125, 42.0625, 68.0, 109.875, 157.75, 41.15625, 79.1875, 87.3125, 13.890625, 128.5, 133.5, 195.0, 78.0, 156.5, 107.9375, 70.875, 24.515625, 158.375, 20.875, 152.375, 66.3125, 198.875, 159.125, 177.375, 174.25, 63.15625, 72.625, 70.0, 72.5625, 101.5625, 119.125, 82.125, 36.0625, 138.125, 142.5, 168.5, 45.96875, 148.875, 82.75, 121.0, 120.1875, 74.1875, 172.875, 140.5, 115.875, 185.5, 150.25, 212.5, 180.625, 138.875, 102.1875, 180.625, 101.25, 32.5625], [65.5, 45.59375, 0.0, 52.78125, 126.5, 105.4375, 63.875, 48.46875, 164.625, 116.25, 152.75, 140.5, 145.75, 110.375, 37.46875, 161.125, 78.125, 34.25, 116.0625, 145.0, 71.1875, 142.625, 166.5, 84.875, 99.625, 52.40625, 110.0, 33.09375, 169.5, 115.1875, 63.0625, 28.28125, 118.5, 36.6875, 74.9375, 86.25, 58.0625, 137.625, 58.0, 81.5625, 165.0, 170.5, 125.6875, 33.0, 176.25, 96.3125, 42.1875, 29.15625, 86.0, 159.125, 139.0, 139.75, 172.625, 113.9375, 104.9375, 14.3203125, 20.609375, 120.75, 157.75, 19.234375, 122.8125, 54.15625, 67.8125, 145.0, 74.0, 144.25, 39.84375, 92.5625, 26.6875, 67.125, 101.5625, 112.5, 20.125, 96.1875, 54.34375, 31.890625, 134.25, 127.6875, 155.0, 60.46875, 112.625, 65.75, 63.03125, 68.5, 155.625, 27.203125, 126.6875, 27.015625, 191.125, 129.375, 133.75, 137.875, 22.203125, 74.9375, 43.40625, 99.3125, 59.53125, 109.8125, 120.4375, 62.0625, 118.125, 116.5, 153.875, 69.125, 118.1875, 117.5, 107.9375, 74.625, 96.5, 159.75, 137.875, 111.75, 147.5, 110.75, 170.375, 139.375, 105.0625, 57.28125, 141.0, 55.75, 30.265625], [79.625, 24.84375, 52.78125, 0.0, 114.75, 80.25, 113.4375, 97.4375, 187.625, 113.0, 162.625, 133.75, 181.875, 58.0, 15.296875, 176.125, 127.0, 18.6875, 148.625, 161.25, 119.9375, 164.375, 148.375, 81.3125, 132.5, 45.875, 129.875, 76.6875, 169.0, 115.1875, 90.625, 43.1875, 82.25, 89.25, 62.0, 136.0, 106.4375, 167.875, 43.28125, 129.75, 188.875, 161.0, 85.125, 84.0, 170.375, 43.5625, 38.46875, 50.25, 81.125, 187.125, 110.4375, 171.75, 165.0, 91.75, 99.0, 59.625, 58.0625, 116.0625, 154.375, 39.34375, 133.625, 13.15625, 117.1875, 178.25, 24.171875, 121.25, 90.0625, 109.375, 60.4375, 46.1875, 87.9375, 157.875, 38.46875, 54.5, 78.0, 30.46875, 103.75, 110.4375, 186.625, 61.6875, 153.625, 118.5625, 51.25, 25.296875, 134.375, 38.28125, 135.5, 64.0625, 175.5, 144.25, 174.0, 163.25, 74.25, 49.46875, 87.875, 49.96875, 112.3125, 97.1875, 67.6875, 11.6640625, 119.3125, 126.125, 147.125, 21.40625, 134.75, 65.0, 100.1875, 124.375, 50.25, 151.125, 116.625, 92.75, 175.625, 142.375, 206.25, 173.875, 127.0, 109.125, 172.25, 106.375, 25.546875], [67.8125, 136.875, 126.5, 114.75, 0.0, 40.53125, 181.125, 169.0, 111.8125, 20.0, 67.875, 20.875, 138.625, 119.1875, 115.4375, 87.1875, 194.875, 114.5, 109.1875, 79.375, 189.0, 93.125, 41.21875, 41.875, 102.375, 76.5, 72.25, 113.4375, 58.25, 27.078125, 85.5, 98.8125, 61.28125, 141.75, 54.4375, 153.25, 132.125, 114.5, 74.3125, 143.375, 114.375, 46.3125, 73.4375, 152.875, 56.03125, 122.1875, 87.6875, 97.4375, 40.59375, 122.625, 42.5, 121.25, 50.34375, 29.546875, 22.796875, 117.125, 146.0, 16.28125, 42.1875, 109.75, 53.75, 101.625, 140.875, 128.75, 103.0, 31.140625, 159.875, 63.15625, 151.625, 68.875, 26.921875, 150.625, 109.25, 78.5625, 82.8125, 133.875, 46.625, 13.0390625, 130.875, 66.0, 134.375, 166.125, 66.875, 137.5, 35.4375, 137.875, 50.15625, 106.125, 64.625, 66.875, 145.25, 100.25, 142.375, 65.5, 168.5, 99.75, 162.375, 17.71875, 136.0, 107.4375, 29.609375, 49.03125, 33.0625, 100.0625, 66.5, 123.5, 19.109375, 146.375, 90.0, 36.34375, 24.515625, 24.734375, 114.8125, 104.0, 156.5, 129.25, 76.0, 147.625, 119.8125, 140.125, 108.4375], [65.0, 104.1875, 105.4375, 80.25, 40.53125, 0.0, 166.75, 152.5, 144.375, 49.8125, 104.875, 61.40625, 161.125, 78.75, 84.625, 123.0625, 181.0, 84.625, 128.125, 112.4375, 174.375, 123.0625, 68.3125, 38.625, 116.9375, 53.25, 94.4375, 103.125, 98.75, 55.90625, 86.0, 77.4375, 25.9375, 129.75, 32.3125, 154.875, 128.625, 139.125, 47.5, 145.5, 146.625, 84.0, 38.9375, 136.25, 95.4375, 81.875, 63.25, 78.875, 36.6875, 151.875, 33.59375, 145.375, 89.125, 12.0390625, 38.28125, 100.0, 122.375, 49.9375, 82.6875, 86.5625, 83.5625, 67.5625, 139.125, 153.0, 64.625, 41.1875, 143.375, 77.8125, 127.3125, 38.90625, 22.203125, 160.875, 85.8125, 38.09375, 77.8125, 104.3125, 29.546875, 32.0, 157.375, 51.25, 147.875, 157.875, 42.71875, 100.6875, 54.125, 109.8125, 82.0625, 92.1875, 95.625, 97.0625, 162.875, 127.5625, 125.125, 32.1875, 148.875, 59.1875, 153.0, 27.203125, 95.625, 71.1875, 60.21875, 76.6875, 73.1875, 62.59375, 92.625, 83.25, 36.0625, 145.625, 49.46875, 75.25, 36.40625, 15.8125, 142.25, 122.0625, 182.125, 151.75, 95.75, 141.125, 144.5, 134.625, 80.8125], [113.875, 97.4375, 63.875, 113.4375, 181.125, 166.75, 0.0, 16.03125, 185.875, 167.0, 189.625, 191.25, 150.0, 171.25, 98.875, 192.125, 14.3203125, 96.1875, 131.25, 176.375, 7.80859375, 168.0, 222.375, 139.75, 118.125, 113.625, 142.75, 67.875, 213.875, 163.875, 100.4375, 89.875, 181.875, 39.6875, 134.875, 68.75, 60.71875, 152.625, 120.3125, 72.0, 185.375, 221.25, 189.5, 31.015625, 224.25, 156.0, 104.6875, 87.8125, 141.25, 174.25, 200.125, 151.75, 221.875, 173.875, 158.5, 66.75, 56.0, 172.0, 205.0, 82.875, 162.25, 117.25, 60.40625, 154.25, 136.5, 203.25, 24.046875, 131.75, 55.4375, 129.75, 159.0, 102.25, 83.8125, 160.0, 99.0625, 85.0, 196.125, 184.875, 165.25, 117.4375, 113.0, 29.28125, 124.0625, 121.8125, 213.5, 77.0625, 167.375, 75.625, 244.75, 164.125, 131.5, 159.625, 42.15625, 137.75, 28.15625, 162.25, 27.078125, 166.25, 179.125, 124.0625, 165.75, 157.875, 203.75, 132.0, 153.0, 178.125, 162.0, 62.0, 160.125, 210.5, 196.375, 170.625, 163.875, 128.375, 171.75, 147.125, 136.5, 43.9375, 154.0, 50.96875, 93.875], [102.625, 81.625, 48.46875, 97.4375, 169.0, 152.5, 16.03125, 0.0, 182.375, 155.875, 182.125, 180.25, 150.25, 155.25, 82.875, 186.125, 29.828125, 80.25, 128.25, 170.25, 22.796875, 163.125, 210.0, 127.25, 114.0, 99.3125, 135.625, 57.125, 204.625, 153.25, 91.25, 75.3125, 166.875, 30.671875, 121.0, 71.875, 57.03125, 150.125, 105.6875, 73.0, 182.0, 210.375, 174.125, 16.40625, 214.125, 140.0, 89.9375, 73.8125, 128.75, 172.125, 186.125, 150.0, 211.5, 160.25, 146.5, 52.8125, 40.0625, 160.75, 195.0, 67.625, 153.875, 101.4375, 59.6875, 153.25, 120.5, 189.875, 9.21875, 123.0, 39.8125, 115.0, 146.0, 105.0, 68.5625, 144.5, 88.25, 69.0625, 181.75, 172.125, 164.125, 104.25, 113.3125, 34.40625, 109.8125, 106.0625, 200.5, 61.125, 158.75, 62.9375, 233.125, 157.0, 133.0, 155.625, 27.453125, 123.0, 14.2109375, 146.375, 29.53125, 153.5, 163.125, 108.0625, 155.375, 149.0, 193.0, 116.125, 145.625, 162.125, 150.0, 63.0625, 144.25, 199.625, 183.25, 157.25, 161.25, 124.6875, 173.0, 146.375, 129.625, 42.59375, 152.0, 48.03125, 78.1875], [108.0625, 199.875, 164.625, 187.625, 111.8125, 144.375, 185.875, 182.375, 0.0, 95.4375, 47.53125, 97.1875, 52.0, 217.375, 179.375, 29.0625, 194.75, 176.5, 54.8125, 32.4375, 192.125, 23.265625, 131.25, 113.625, 68.375, 142.25, 57.78125, 133.25, 79.0625, 88.75, 102.0, 149.375, 169.5, 152.5, 133.75, 123.6875, 125.625, 34.875, 146.75, 116.6875, 3.0, 106.9375, 182.5, 171.25, 97.0625, 214.375, 149.25, 143.125, 114.8125, 19.234375, 154.125, 38.59375, 101.375, 137.25, 106.125, 150.375, 183.875, 96.8125, 86.875, 159.125, 60.8125, 176.625, 125.875, 41.03125, 188.875, 140.375, 175.625, 78.3125, 189.75, 148.75, 122.375, 97.375, 159.375, 177.375, 112.8125, 189.875, 158.375, 124.875, 33.625, 126.5625, 79.25, 158.625, 139.75, 212.875, 138.0, 189.125, 62.625, 137.75, 132.125, 47.375, 71.4375, 27.0, 166.0, 151.5, 190.375, 197.25, 159.125, 117.8125, 234.25, 186.5, 84.625, 67.875, 96.5625, 183.75, 54.09375, 223.375, 108.375, 125.875, 187.75, 102.625, 135.125, 130.75, 23.859375, 57.71875, 55.09375, 47.4375, 61.03125, 142.0, 35.8125, 135.125, 167.625], [53.25, 133.0, 116.25, 113.0, 20.0, 49.8125, 167.0, 155.875, 95.4375, 0.0, 55.21875, 24.40625, 119.125, 127.0, 111.0, 73.25, 180.375, 109.5, 89.1875, 63.125, 174.75, 75.3125, 58.125, 32.75, 82.5, 70.1875, 52.34375, 99.1875, 56.15625, 7.28125, 68.625, 89.875, 74.25, 127.375, 51.0, 134.75, 115.125, 95.1875, 70.1875, 124.875, 97.8125, 54.65625, 87.125, 140.0, 60.15625, 127.5, 81.0, 87.25, 32.375, 104.6875, 61.03125, 101.9375, 56.34375, 41.875, 14.140625, 105.5, 136.5, 5.0, 42.1875, 101.25, 35.34375, 100.0, 123.3125, 109.5, 105.3125, 51.09375, 146.875, 43.6875, 142.375, 67.125, 29.0625, 130.875, 100.875, 85.875, 67.9375, 128.125, 63.96875, 31.78125, 112.1875, 56.90625, 114.4375, 150.125, 62.1875, 137.25, 54.90625, 131.0, 32.8125, 93.5, 77.8125, 48.875, 125.25, 81.5625, 130.125, 66.125, 156.75, 106.875, 146.75, 22.671875, 144.0, 107.4375, 10.8203125, 29.734375, 37.59375, 101.4375, 47.125, 132.125, 14.3203125, 128.375, 97.0625, 43.84375, 44.28125, 35.375, 96.25, 84.0, 137.625, 109.6875, 56.0, 131.25, 100.5625, 123.625, 102.375], [88.125, 179.5, 152.75, 162.625, 67.875, 104.875, 189.625, 182.125, 47.53125, 55.21875, 0.0, 50.78125, 89.25, 182.125, 157.625, 19.71875, 201.0, 155.375, 72.6875, 19.921875, 196.75, 37.09375, 83.6875, 82.0, 77.125, 117.125, 47.0, 126.5, 34.21875, 50.09375, 91.75, 131.0, 128.375, 151.5, 102.5, 138.75, 130.0, 64.875, 119.4375, 129.75, 50.4375, 60.03125, 140.875, 168.25, 51.78125, 181.875, 126.5, 126.25, 82.5625, 63.0625, 109.1875, 71.5625, 55.09375, 95.875, 68.4375, 139.5, 173.25, 55.0, 39.46875, 142.125, 30.0625, 150.25, 134.25, 77.6875, 158.375, 94.3125, 174.0, 60.40625, 179.375, 118.6875, 84.25, 121.5, 142.125, 141.0, 98.5, 172.0, 114.1875, 80.75, 75.1875, 101.625, 102.3125, 166.25, 111.625, 187.625, 90.875, 173.125, 27.171875, 126.3125, 86.1875, 25.546875, 103.625, 48.375, 160.5, 119.25, 186.875, 162.0, 164.875, 77.6875, 199.125, 158.875, 45.625, 37.0, 49.03125, 154.0, 36.6875, 187.25, 69.4375, 136.875, 152.125, 55.09375, 89.625, 89.8125, 59.53125, 71.0625, 100.0, 81.3125, 53.34375, 147.5, 69.125, 139.75, 147.125], [77.625, 154.875, 140.5, 133.75, 20.875, 61.40625, 191.25, 180.25, 97.1875, 24.40625, 50.78125, 0.0, 130.25, 140.125, 133.25, 70.5, 204.5, 132.0, 103.9375, 65.4375, 199.0, 81.0, 38.46875, 56.09375, 100.3125, 93.0, 67.4375, 123.4375, 37.375, 27.65625, 92.125, 113.75, 81.5, 151.5, 72.1875, 156.125, 138.25, 105.3125, 92.0, 146.375, 99.9375, 30.234375, 93.1875, 164.375, 36.875, 143.0, 104.0625, 111.375, 55.375, 110.1875, 58.78125, 112.3125, 32.3125, 50.34375, 36.0625, 129.875, 160.5, 19.71875, 21.375, 125.0, 45.09375, 120.625, 145.875, 119.5, 123.25, 43.5625, 171.25, 64.5, 166.375, 87.5625, 46.0, 149.0, 124.625, 99.4375, 92.1875, 151.0, 64.375, 31.90625, 120.0625, 80.625, 131.5, 173.625, 84.1875, 157.125, 41.21875, 154.375, 40.0, 117.875, 54.21875, 56.21875, 139.5, 89.8125, 154.5, 85.0, 181.125, 120.625, 170.5, 37.0, 156.875, 127.0625, 26.921875, 43.1875, 13.6015625, 120.0625, 59.3125, 144.25, 33.96875, 150.625, 110.875, 19.421875, 39.0625, 45.59375, 103.75, 99.625, 145.75, 121.0625, 72.5625, 154.625, 110.4375, 147.0, 125.3125], [106.5, 187.875, 145.75, 181.875, 138.625, 161.125, 150.0, 150.25, 52.0, 119.125, 89.25, 130.25, 0.0, 223.375, 170.25, 76.1875, 156.375, 166.875, 34.21875, 69.4375, 155.0, 52.1875, 168.0, 123.9375, 49.53125, 140.75, 67.375, 112.6875, 123.4375, 111.8125, 91.375, 139.25, 187.0, 123.4375, 140.625, 82.3125, 94.375, 25.015625, 147.375, 78.0, 49.6875, 148.125, 200.0, 142.625, 141.0, 216.5, 144.375, 132.25, 125.6875, 33.25, 180.0, 18.03125, 143.875, 157.5, 124.9375, 132.0, 162.125, 122.375, 126.75, 146.5, 85.5625, 173.375, 90.5625, 11.703125, 189.625, 169.625, 145.375, 83.625, 167.375, 152.375, 139.5, 50.6875, 147.0, 186.875, 104.0625, 175.625, 182.125, 150.875, 19.203125, 127.125, 37.0625, 121.0, 142.25, 205.625, 170.875, 172.625, 90.25, 121.5625, 175.0, 74.0, 21.03125, 41.3125, 140.375, 157.625, 160.875, 204.25, 123.125, 138.25, 239.0, 183.875, 109.0625, 89.625, 134.125, 183.875, 72.1875, 230.0, 128.375, 88.0625, 195.625, 141.25, 163.125, 150.875, 30.46875, 40.59375, 24.703125, 9.484375, 65.375, 107.6875, 20.21875, 102.4375, 158.0], [116.8125, 76.375, 110.375, 58.0, 119.1875, 78.75, 171.25, 155.25, 217.375, 127.0, 182.125, 140.125, 223.375, 0.0, 73.0625, 199.25, 184.75, 76.1875, 189.125, 187.0, 177.625, 194.75, 139.125, 103.875, 174.375, 83.5, 162.0, 130.0, 177.375, 132.125, 134.0, 94.5625, 62.125, 146.375, 84.25, 190.125, 160.375, 205.125, 76.25, 182.875, 219.25, 160.25, 55.4375, 142.0, 172.75, 16.546875, 83.25, 100.875, 102.625, 221.5, 94.0, 210.25, 166.125, 89.875, 113.75, 115.3125, 115.5, 127.9375, 161.25, 94.75, 157.5, 57.5, 171.5, 217.5, 37.375, 110.25, 148.0, 142.125, 117.25, 70.9375, 97.9375, 208.0, 93.75, 41.15625, 121.5625, 86.8125, 86.0, 109.375, 224.25, 96.1875, 200.5, 176.0, 81.0625, 55.46875, 123.0625, 94.875, 157.25, 116.6875, 166.0, 170.375, 219.375, 196.75, 132.125, 66.5, 145.125, 20.25, 169.875, 105.1875, 17.0, 48.375, 136.625, 150.125, 151.375, 43.0, 163.5, 7.28125, 112.6875, 178.75, 30.015625, 152.625, 108.875, 94.5625, 210.75, 182.75, 246.75, 214.5, 161.25, 165.375, 210.125, 161.75, 81.0625], [71.5625, 22.015625, 37.46875, 15.296875, 115.4375, 84.625, 98.875, 82.875, 179.375, 111.0, 157.625, 133.25, 170.25, 73.0625, 0.0, 169.875, 112.625, 3.60546875, 137.625, 154.625, 105.5625, 156.25, 151.625, 78.4375, 121.1875, 41.0625, 121.75, 62.4375, 167.125, 112.3125, 79.75, 31.0625, 90.8125, 74.0, 61.125, 121.1875, 91.8125, 157.5, 41.21875, 115.25, 180.375, 161.625, 95.4375, 69.0, 170.125, 58.84375, 31.140625, 38.0, 78.625, 177.625, 116.6875, 161.0, 165.125, 95.375, 97.5, 44.71875, 44.28125, 114.5625, 153.0, 25.0, 128.0, 19.71875, 102.4375, 167.25, 37.65625, 125.6875, 75.25, 101.625, 47.4375, 47.0, 88.5625, 144.0, 24.203125, 64.6875, 67.5625, 19.84375, 110.5625, 112.8125, 176.125, 56.09375, 140.75, 103.25, 49.03125, 35.46875, 138.375, 26.40625, 130.5, 50.34375, 178.25, 137.625, 161.375, 154.125, 59.0625, 52.46875, 74.0625, 63.5625, 97.0, 97.75, 83.0, 25.171875, 116.125, 120.6875, 146.75, 33.53125, 127.5625, 80.125, 99.25, 109.5625, 62.40625, 151.375, 120.4375, 95.25, 165.875, 131.5, 194.875, 162.5, 118.3125, 93.9375, 161.75, 91.375, 12.203125], [98.75, 191.375, 161.125, 176.125, 87.1875, 123.0625, 192.125, 186.125, 29.0625, 73.25, 19.71875, 70.5, 76.1875, 199.25, 169.875, 0.0, 202.5, 167.375, 66.6875, 16.125, 198.875, 26.875, 102.8125, 97.1875, 75.1875, 130.25, 51.34375, 132.5, 50.0, 67.4375, 98.4375, 141.75, 147.125, 155.5, 117.8125, 135.875, 131.5, 53.53125, 133.5, 127.625, 32.0625, 77.9375, 159.875, 173.25, 68.0, 198.125, 138.875, 136.25, 98.0, 46.53125, 128.75, 59.53125, 72.3125, 114.625, 85.6875, 147.25, 181.375, 73.5625, 58.25, 152.375, 42.71875, 164.125, 134.125, 64.5, 173.875, 114.0625, 178.5, 69.125, 187.375, 133.75, 101.8125, 114.5625, 152.5, 158.375, 107.0, 182.875, 133.625, 100.125, 59.90625, 114.5, 95.4375, 166.875, 125.875, 201.375, 110.5, 183.25, 42.0625, 134.125, 103.0625, 32.25, 92.9375, 38.28125, 166.375, 135.125, 192.25, 179.0, 166.25, 95.875, 216.25, 173.25, 63.0, 50.34375, 68.375, 169.125, 43.0, 204.75, 87.1875, 135.75, 169.25, 74.0625, 109.3125, 108.375, 45.6875, 66.875, 83.5, 69.375, 56.875, 148.75, 56.8125, 141.375, 158.875], [127.3125, 110.0625, 78.125, 127.0, 194.875, 181.0, 14.3203125, 29.828125, 194.75, 180.375, 201.0, 204.5, 156.375, 184.75, 112.625, 202.5, 0.0, 110.0, 140.0, 187.0, 7.0703125, 177.75, 236.0, 153.5, 127.8125, 127.9375, 154.0, 81.375, 226.125, 177.0, 113.0625, 104.1875, 196.125, 53.0625, 149.0, 74.0625, 71.125, 160.875, 134.625, 78.9375, 194.0, 234.375, 203.75, 45.3125, 236.875, 169.25, 119.0, 102.0625, 155.125, 182.25, 214.375, 159.5, 234.875, 188.125, 172.125, 81.0, 69.1875, 185.25, 217.75, 97.125, 174.125, 131.25, 68.9375, 161.375, 150.25, 217.25, 38.28125, 144.0, 68.0, 144.0, 173.0, 107.0625, 98.0625, 174.25, 112.4375, 98.0625, 210.375, 198.875, 172.375, 131.5, 119.625, 36.125, 138.25, 134.25, 227.375, 90.0625, 179.5, 89.625, 258.0, 175.375, 137.0, 168.875, 56.46875, 152.125, 40.0625, 176.125, 36.25, 180.125, 192.0, 137.75, 178.625, 170.125, 216.75, 145.875, 164.375, 191.5, 175.75, 69.25, 174.125, 223.625, 210.375, 184.75, 172.25, 137.625, 177.0, 154.125, 147.625, 53.71875, 161.75, 61.28125, 107.9375], [68.875, 24.078125, 34.25, 18.6875, 114.5, 84.625, 96.1875, 80.25, 176.5, 109.5, 155.375, 132.0, 166.875, 76.1875, 3.60546875, 167.375, 110.0, 0.0, 134.25, 152.0, 102.9375, 153.375, 151.125, 76.8125, 117.875, 39.3125, 118.9375, 58.8125, 165.5, 110.5625, 76.5625, 27.78125, 91.8125, 70.625, 60.09375, 117.625, 88.1875, 154.375, 40.15625, 111.625, 177.5, 160.625, 96.875, 66.125, 168.75, 62.15625, 29.0, 34.65625, 77.125, 174.5, 117.0625, 157.75, 164.0, 95.1875, 96.125, 41.15625, 42.15625, 113.1875, 151.625, 21.40625, 125.6875, 21.546875, 98.8125, 164.0, 40.3125, 125.625, 72.4375, 98.9375, 45.65625, 46.53125, 87.6875, 140.375, 20.609375, 66.25, 64.375, 19.71875, 111.0625, 112.25, 172.875, 54.0, 137.125, 100.0, 47.8125, 38.9375, 138.25, 25.453125, 128.25, 46.75, 177.625, 135.125, 157.875, 151.125, 56.0, 52.4375, 71.8125, 66.125, 93.75, 96.8125, 86.375, 28.015625, 114.375, 118.4375, 145.5, 35.90625, 124.9375, 83.3125, 98.0, 106.0, 64.5, 150.25, 120.25, 94.8125, 162.875, 128.25, 191.5, 159.25, 115.4375, 90.4375, 158.5, 87.875, 8.9453125], [72.375, 156.125, 116.0625, 148.625, 109.1875, 128.125, 131.25, 128.25, 54.8125, 89.1875, 72.6875, 103.9375, 34.21875, 189.125, 137.625, 66.6875, 140.0, 134.25, 0.0, 53.90625, 137.375, 40.0, 142.375, 90.375, 16.546875, 106.75, 37.0, 83.25, 105.5625, 82.125, 58.0, 106.5625, 154.0, 99.0, 106.5625, 69.8125, 71.25, 22.09375, 113.25, 62.25, 54.125, 126.1875, 166.75, 118.125, 121.75, 182.5, 110.75, 99.625, 92.1875, 44.09375, 149.125, 23.765625, 123.125, 125.4375, 93.1875, 101.8125, 133.875, 93.0625, 105.0, 114.5, 59.03125, 139.75, 71.0625, 29.6875, 155.625, 140.25, 122.0, 50.34375, 139.5, 118.25, 106.875, 48.8125, 115.0, 152.875, 70.625, 144.5, 150.625, 120.6875, 39.0, 92.9375, 29.6875, 103.875, 108.0625, 172.75, 143.0, 142.25, 64.5625, 90.5, 153.375, 50.6875, 36.0625, 29.53125, 114.0, 123.4375, 137.0, 170.0, 104.375, 106.5, 204.875, 150.25, 80.0, 61.125, 110.375, 149.875, 44.71875, 195.875, 96.875, 71.1875, 161.5, 117.875, 133.5, 118.875, 33.0, 6.40234375, 58.0, 25.453125, 33.375, 87.3125, 25.0, 80.625, 125.375], [83.1875, 175.875, 145.0, 161.25, 79.375, 112.4375, 176.375, 170.25, 32.4375, 63.125, 19.921875, 65.4375, 69.4375, 187.0, 154.625, 16.125, 187.0, 152.0, 53.90625, 0.0, 183.25, 17.265625, 101.125, 83.75, 60.46875, 115.4375, 35.21875, 116.375, 54.125, 56.59375, 82.3125, 126.0, 137.375, 139.5, 104.25, 121.8125, 115.9375, 44.9375, 119.0625, 113.25, 35.0, 79.125, 150.25, 157.125, 71.5625, 185.0, 123.6875, 120.5, 84.75, 44.90625, 121.8125, 51.65625, 74.5625, 105.0, 74.3125, 131.125, 165.25, 64.375, 58.0, 136.625, 29.40625, 149.625, 119.0625, 57.875, 160.125, 108.3125, 162.5, 53.34375, 171.25, 119.875, 90.625, 102.625, 136.75, 146.375, 91.0, 167.25, 125.9375, 92.4375, 56.0, 99.625, 83.4375, 151.625, 111.625, 186.625, 106.625, 167.375, 30.40625, 118.125, 105.6875, 17.09375, 83.75, 28.453125, 150.25, 121.8125, 176.125, 166.75, 150.75, 85.625, 203.875, 159.0, 52.40625, 36.90625, 66.5, 155.25, 27.171875, 192.625, 76.375, 120.9375, 157.0, 73.1875, 102.875, 98.5, 40.0625, 53.0625, 81.3125, 61.40625, 40.78125, 133.375, 49.25, 125.8125, 143.375], [121.625, 103.0625, 71.1875, 119.9375, 189.0, 174.375, 7.80859375, 22.796875, 192.125, 174.75, 196.75, 199.0, 155.0, 177.625, 105.5625, 198.875, 7.0703125, 102.9375, 137.375, 183.25, 0.0, 174.5, 230.125, 147.5, 124.625, 121.3125, 149.875, 75.6875, 221.375, 171.625, 108.0, 97.5, 189.375, 47.4375, 142.625, 73.125, 67.4375, 158.5, 127.875, 77.1875, 191.5, 229.0, 196.875, 38.46875, 231.75, 162.25, 112.25, 95.5, 149.0, 180.0, 207.875, 157.375, 229.625, 181.625, 166.25, 74.4375, 62.125, 179.75, 212.625, 90.25, 169.625, 124.1875, 66.3125, 159.625, 143.25, 211.0, 31.390625, 139.25, 61.03125, 137.25, 166.875, 106.5, 91.1875, 167.25, 106.8125, 91.0625, 203.75, 192.75, 170.625, 125.1875, 118.125, 34.0625, 131.75, 127.3125, 221.25, 83.0, 174.75, 83.4375, 252.5, 171.25, 136.125, 166.0, 49.65625, 145.375, 33.125, 169.0, 33.0, 174.0, 185.0, 130.75, 173.375, 165.25, 211.375, 138.875, 160.125, 184.5, 169.875, 67.25, 167.125, 218.25, 204.25, 178.5, 169.875, 134.625, 176.25, 152.5, 143.5, 50.28125, 159.625, 57.59375, 100.9375], [84.875, 176.875, 142.625, 164.375, 93.125, 123.0625, 168.0, 163.125, 23.265625, 75.3125, 37.09375, 81.0, 52.1875, 194.75, 156.25, 26.875, 177.75, 153.375, 40.0, 17.265625, 174.5, 0.0, 117.625, 90.9375, 49.96875, 118.9375, 34.53125, 112.0, 71.3125, 68.25, 79.625, 126.375, 148.625, 132.875, 110.8125, 109.625, 107.25, 27.859375, 123.5625, 101.625, 24.703125, 96.25, 161.625, 151.25, 88.8125, 191.375, 126.0625, 120.3125, 92.1875, 29.546875, 135.625, 34.46875, 91.8125, 116.75, 84.8125, 128.375, 162.25, 77.375, 75.0625, 136.375, 39.96875, 153.375, 109.0, 40.59375, 165.625, 123.0625, 156.0, 55.03125, 168.125, 125.625, 100.875, 87.75, 136.625, 155.0, 90.0, 167.125, 139.125, 106.0, 39.21875, 103.3125, 68.5625, 141.875, 116.625, 189.625, 122.25, 166.5, 42.96875, 115.625, 122.9375, 26.421875, 67.0625, 11.6640625, 145.25, 128.625, 170.25, 174.625, 141.625, 97.0625, 211.5, 163.25, 64.5, 46.40625, 83.125, 160.5, 31.234375, 200.75, 87.4375, 110.0, 165.25, 90.0, 117.1875, 110.125, 23.015625, 40.71875, 64.75, 44.28125, 38.09375, 124.25, 32.0, 117.0625, 144.5], [109.0, 172.0, 166.5, 148.375, 41.21875, 68.3125, 222.375, 210.0, 131.25, 58.125, 83.6875, 38.46875, 168.0, 139.125, 151.625, 102.8125, 236.0, 151.125, 142.375, 101.125, 230.125, 117.625, 0.0, 82.75, 138.5, 115.125, 105.875, 154.625, 56.59375, 63.6875, 126.25, 138.375, 77.0, 183.0, 92.375, 192.875, 172.875, 143.0, 111.625, 183.0, 134.125, 28.3125, 85.0, 193.75, 42.4375, 146.25, 126.1875, 137.625, 81.3125, 146.0, 45.40625, 150.0, 35.375, 56.65625, 64.0, 157.875, 185.375, 53.21875, 44.59375, 149.0, 83.5, 135.5, 181.375, 157.125, 132.5, 29.015625, 200.875, 101.375, 190.875, 104.6875, 65.0, 187.25, 148.5, 102.6875, 124.0, 170.875, 53.34375, 39.125, 156.875, 106.3125, 169.875, 207.25, 104.875, 168.875, 16.125, 175.625, 78.25, 147.125, 27.453125, 94.0, 177.875, 127.125, 183.25, 99.375, 209.0, 122.125, 203.625, 56.71875, 154.625, 139.5, 64.1875, 81.5625, 34.71875, 130.75, 97.75, 141.625, 60.3125, 186.5, 113.375, 28.796875, 32.0, 56.34375, 140.625, 138.125, 182.375, 159.0, 110.875, 188.625, 148.0, 181.125, 146.125], [28.453125, 100.375, 84.875, 81.3125, 41.875, 38.625, 139.75, 127.25, 113.625, 32.75, 82.0, 56.09375, 123.9375, 103.875, 78.4375, 97.1875, 153.5, 76.8125, 90.375, 83.75, 147.5, 90.9375, 82.75, 0.0, 78.4375, 37.46875, 58.90625, 72.4375, 88.6875, 34.0, 48.84375, 57.6875, 63.875, 100.625, 20.609375, 118.25, 94.0, 103.25, 38.0625, 108.6875, 115.4375, 85.875, 76.5625, 111.0625, 92.625, 101.1875, 48.28125, 55.75, 2.0, 118.125, 66.3125, 109.0, 88.375, 39.3125, 20.125, 75.3125, 104.6875, 36.6875, 74.9375, 68.9375, 54.5625, 68.5625, 103.75, 116.5, 76.6875, 64.875, 118.0625, 40.3125, 110.5, 36.6875, 20.875, 122.4375, 68.5625, 64.375, 42.96875, 95.3125, 65.1875, 45.5, 122.0, 24.59375, 109.25, 126.25, 30.0625, 106.0625, 74.0625, 98.375, 55.375, 64.375, 106.375, 66.875, 124.625, 93.375, 100.5625, 38.09375, 126.6875, 83.75, 122.125, 26.625, 120.625, 76.875, 38.0625, 46.96875, 69.625, 72.125, 59.65625, 109.875, 23.015625, 109.875, 74.3125, 75.125, 57.71875, 33.96875, 107.6875, 84.1875, 145.875, 114.625, 59.0625, 108.25, 108.4375, 101.125, 69.625], [57.6875, 139.625, 99.625, 132.5, 102.375, 116.9375, 118.125, 114.0, 68.375, 82.5, 77.125, 100.3125, 49.53125, 174.375, 121.1875, 75.1875, 127.8125, 117.875, 16.546875, 60.46875, 124.625, 49.96875, 138.5, 78.4375, 0.0, 91.4375, 33.53125, 66.9375, 107.8125, 75.8125, 41.875, 90.125, 142.375, 84.125, 93.0, 61.625, 57.5, 38.09375, 98.25, 52.8125, 68.125, 125.25, 155.0, 103.0, 122.625, 167.125, 94.875, 83.1875, 80.375, 59.84375, 140.375, 40.3125, 123.0625, 115.4375, 84.125, 85.375, 117.6875, 86.8125, 104.6875, 98.0, 57.25, 123.8125, 59.09375, 46.15625, 140.125, 133.125, 107.3125, 40.125, 123.375, 103.75, 96.5, 48.75, 98.5, 139.125, 54.5625, 127.9375, 141.125, 113.0, 55.53125, 78.25, 32.0, 91.9375, 93.5, 156.5, 137.375, 125.6875, 63.0625, 73.9375, 152.25, 52.5, 46.25, 41.59375, 98.3125, 109.4375, 122.0625, 155.625, 91.6875, 97.3125, 189.875, 134.375, 74.5, 57.25, 108.4375, 134.5, 43.5625, 181.25, 88.0625, 60.53125, 147.375, 116.0625, 126.0625, 109.0625, 48.375, 11.1796875, 73.875, 41.40625, 27.859375, 74.3125, 41.4375, 67.1875, 109.0], [35.0, 63.0625, 52.40625, 45.875, 76.5, 53.25, 113.625, 99.3125, 142.25, 70.1875, 117.125, 93.0, 140.75, 83.5, 41.0625, 130.25, 127.9375, 39.3125, 106.75, 115.4375, 121.3125, 118.9375, 115.125, 37.46875, 91.4375, 0.0, 84.5625, 53.25, 126.125, 71.25, 50.46875, 24.203125, 69.375, 77.8125, 22.796875, 110.875, 82.125, 124.5, 8.0625, 102.5625, 143.5, 122.1875, 78.75, 83.0, 129.75, 75.75, 11.1796875, 26.0, 37.84375, 142.875, 86.8125, 129.0, 125.25, 61.5625, 57.0, 46.96875, 70.4375, 74.0, 112.375, 34.0625, 87.875, 34.4375, 93.1875, 135.875, 48.78125, 91.9375, 90.1875, 63.9375, 75.8125, 17.125, 50.25, 125.1875, 33.40625, 53.46875, 38.09375, 57.96875, 82.5, 76.0, 143.5, 15.8125, 117.0, 106.9375, 10.6328125, 71.1875, 103.5625, 61.46875, 89.9375, 40.78125, 140.625, 98.375, 135.875, 118.5, 71.875, 25.3125, 95.75, 65.8125, 101.625, 59.0625, 98.625, 44.40625, 75.125, 80.4375, 106.625, 43.125, 88.9375, 90.5625, 59.125, 100.3125, 58.8125, 111.6875, 85.6875, 59.5625, 131.5, 100.4375, 164.75, 132.25, 82.125, 91.6875, 129.25, 86.125, 32.28125], [50.34375, 142.625, 110.0, 129.875, 72.25, 94.4375, 142.75, 135.625, 57.78125, 52.34375, 47.0, 67.4375, 67.375, 162.0, 121.75, 51.34375, 154.0, 118.9375, 37.0, 35.21875, 149.875, 34.53125, 105.875, 58.90625, 33.53125, 84.5625, 0.0, 81.1875, 75.0625, 45.1875, 47.09375, 92.1875, 120.375, 105.0, 77.8125, 93.625, 83.0, 44.78125, 89.375, 84.25, 59.03125, 91.6875, 133.375, 122.25, 89.3125, 157.75, 91.5625, 86.3125, 60.4375, 59.46875, 112.8125, 51.0, 89.5625, 90.25, 57.59375, 96.0625, 130.125, 56.09375, 71.1875, 102.4375, 23.703125, 118.9375, 87.625, 58.59375, 131.75, 103.375, 127.75, 20.59375, 136.125, 92.0, 72.4375, 81.9375, 102.5625, 123.25, 56.3125, 133.125, 114.8125, 84.0, 63.25, 68.9375, 64.0, 119.25, 82.6875, 155.125, 106.0625, 133.0, 29.53125, 83.0, 118.6875, 21.46875, 73.0, 34.71875, 115.125, 95.5625, 141.125, 142.125, 117.8125, 70.8125, 178.5, 128.875, 43.0, 24.328125, 75.0, 126.5, 10.6328125, 168.375, 61.03125, 90.625, 133.0, 82.625, 96.625, 83.5625, 48.84375, 32.25, 87.6875, 57.875, 6.40234375, 100.5, 50.125, 92.8125, 110.1875], [45.96875, 76.5625, 33.09375, 76.6875, 113.4375, 103.125, 67.875, 57.125, 133.25, 99.1875, 126.5, 123.4375, 112.6875, 130.0, 62.4375, 132.5, 81.375, 58.8125, 83.25, 116.375, 75.6875, 112.0, 154.625, 72.4375, 66.9375, 53.25, 81.1875, 0.0, 147.625, 96.1875, 34.78125, 35.4375, 122.1875, 28.3125, 70.8125, 60.09375, 30.359375, 105.0, 61.125, 53.21875, 133.5, 153.5, 132.0, 42.0625, 157.0, 118.3125, 48.25, 29.421875, 74.0625, 126.6875, 135.625, 106.875, 154.375, 108.6875, 90.6875, 19.421875, 50.8125, 104.0625, 137.875, 37.4375, 97.5, 72.8125, 41.5, 112.0, 92.625, 136.875, 48.375, 66.5, 56.5625, 70.375, 92.4375, 81.6875, 38.28125, 106.0, 31.234375, 63.59375, 132.625, 117.875, 122.0625, 52.0, 80.0, 54.78125, 62.15625, 97.1875, 146.5, 60.03125, 102.1875, 13.34375, 176.75, 101.875, 101.0, 106.375, 33.96875, 78.5, 60.40625, 115.125, 50.09375, 99.0625, 142.625, 82.875, 98.25, 92.1875, 136.0, 87.0, 90.5, 137.25, 94.375, 48.75, 109.75, 142.75, 129.875, 104.6875, 115.125, 78.125, 137.25, 106.25, 75.6875, 38.46875, 108.25, 33.0, 51.09375], [104.1875, 189.0, 169.5, 169.0, 58.25, 98.75, 213.875, 204.625, 79.0625, 56.15625, 34.21875, 37.375, 123.4375, 177.375, 167.125, 50.0, 226.125, 165.5, 105.5625, 54.125, 221.375, 71.3125, 56.59375, 88.6875, 107.8125, 126.125, 75.0625, 147.625, 0.0, 55.09375, 113.5625, 144.5, 118.125, 174.625, 107.0625, 168.625, 156.375, 99.0625, 126.3125, 159.25, 82.0625, 29.15625, 129.25, 189.625, 18.0, 180.25, 136.75, 141.125, 88.4375, 96.1875, 92.4375, 105.75, 22.796875, 87.625, 70.0, 157.5, 190.0, 53.0, 16.15625, 156.0, 52.40625, 156.0, 162.0, 111.8125, 160.0, 75.4375, 196.0, 82.125, 196.0, 123.0, 82.5, 154.125, 155.75, 136.875, 117.1875, 183.75, 99.0, 68.5625, 108.875, 112.1875, 135.25, 192.75, 118.3125, 193.0, 67.9375, 186.375, 46.875, 144.75, 53.09375, 55.46875, 137.625, 82.5625, 180.75, 121.25, 207.5, 158.0, 190.625, 73.8125, 194.125, 163.125, 51.65625, 56.03125, 26.921875, 156.5, 64.5625, 181.5, 69.0, 165.5, 148.25, 29.0, 72.9375, 83.0, 93.5625, 103.25, 133.25, 115.5, 81.375, 173.625, 103.3125, 165.875, 158.125], [50.78125, 134.25, 115.1875, 115.1875, 27.078125, 55.90625, 163.875, 153.25, 88.75, 7.28125, 50.09375, 27.65625, 111.8125, 132.125, 112.3125, 67.4375, 177.0, 110.5625, 82.125, 56.59375, 171.625, 68.25, 63.6875, 34.0, 75.8125, 71.25, 45.1875, 96.1875, 55.09375, 0.0, 64.4375, 89.5625, 80.8125, 124.1875, 53.59375, 129.25, 110.625, 87.9375, 72.0, 119.4375, 91.0625, 57.375, 93.75, 137.625, 61.28125, 131.875, 81.75, 86.375, 34.0625, 97.625, 68.3125, 94.625, 58.25, 48.59375, 18.359375, 103.75, 135.5, 11.046875, 42.53125, 100.9375, 28.296875, 102.375, 118.4375, 102.1875, 108.9375, 58.21875, 144.25, 37.6875, 141.5, 69.875, 34.40625, 124.3125, 100.6875, 91.0625, 65.0, 128.75, 71.1875, 39.0625, 104.9375, 57.0625, 107.6875, 146.0, 64.0, 139.75, 61.53125, 131.25, 26.171875, 91.4375, 81.8125, 41.875, 118.125, 74.3125, 127.9375, 69.625, 154.75, 111.875, 142.875, 29.0625, 149.125, 110.3125, 4.47265625, 22.46875, 39.8125, 104.8125, 39.84375, 137.375, 19.84375, 123.3125, 102.0625, 46.6875, 51.46875, 42.0, 89.0625, 77.0, 130.375, 102.375, 49.0, 127.0, 93.3125, 119.3125, 103.125], [21.0, 99.0, 63.0625, 90.625, 85.5, 86.0, 100.4375, 91.25, 102.0, 68.625, 91.75, 92.125, 91.375, 134.0, 79.75, 98.4375, 113.0625, 76.5625, 58.0, 82.3125, 108.0, 79.625, 126.25, 48.84375, 41.875, 50.46875, 47.09375, 34.78125, 113.5625, 64.4375, 0.0, 48.75, 109.4375, 61.0625, 56.875, 69.4375, 46.65625, 77.8125, 57.8125, 59.84375, 102.625, 121.625, 121.1875, 76.6875, 123.875, 125.875, 53.03125, 42.0625, 50.8125, 98.25, 115.125, 81.3125, 121.8125, 88.125, 63.0625, 49.0, 83.0, 73.625, 104.625, 57.59375, 62.78125, 82.0625, 55.53125, 87.6875, 98.875, 112.625, 82.75, 31.78125, 89.0625, 64.5, 69.625, 76.375, 57.9375, 101.25, 12.7265625, 88.25, 113.875, 92.5, 96.375, 39.21875, 66.625, 81.5625, 54.21875, 114.8125, 120.3125, 87.125, 67.5625, 36.0625, 146.25, 67.25, 85.4375, 75.6875, 68.6875, 71.1875, 95.1875, 115.875, 78.5, 74.0, 149.0, 92.625, 65.75, 57.71875, 103.9375, 93.0625, 55.90625, 141.0, 67.125, 61.34375, 108.25, 111.0625, 105.3125, 82.75, 86.5625, 51.875, 115.75, 83.25, 42.0, 62.625, 82.0, 55.0, 67.625], [43.03125, 50.59375, 28.28125, 43.1875, 98.8125, 77.4375, 89.875, 75.3125, 149.375, 89.875, 131.0, 113.75, 139.25, 94.5625, 31.0625, 141.75, 104.1875, 27.78125, 106.5625, 126.0, 97.5, 126.375, 138.375, 57.6875, 90.125, 24.203125, 92.1875, 35.4375, 144.5, 89.5625, 48.75, 0.0, 92.125, 55.71875, 46.65625, 95.5, 65.8125, 126.5625, 30.40625, 88.375, 150.25, 143.5, 100.4375, 59.0625, 150.0, 83.1875, 14.8671875, 7.0703125, 58.59375, 146.875, 111.0, 130.0, 146.0, 85.6875, 77.8125, 23.765625, 47.15625, 94.125, 131.875, 11.3984375, 101.0, 37.5625, 76.9375, 136.25, 57.25, 116.0, 66.25, 72.6875, 52.84375, 39.8125, 73.4375, 115.125, 11.1796875, 72.4375, 36.78125, 41.1875, 106.5625, 99.5, 145.125, 33.09375, 110.4375, 85.5625, 34.84375, 66.375, 127.375, 42.1875, 104.1875, 22.140625, 163.375, 109.4375, 130.875, 123.6875, 47.875, 47.9375, 71.5625, 79.875, 79.875, 81.8125, 107.4375, 47.875, 92.875, 94.0625, 127.25, 51.53125, 98.875, 101.8125, 80.5, 84.1875, 75.0625, 132.875, 109.625, 83.4375, 135.125, 100.5, 163.75, 131.5, 88.3125, 72.125, 130.75, 67.75, 18.875], [88.5625, 107.0625, 118.5, 82.25, 61.28125, 25.9375, 181.875, 166.875, 169.5, 74.25, 128.375, 81.5, 187.0, 62.125, 90.8125, 147.125, 196.125, 91.8125, 154.0, 137.375, 189.375, 148.625, 77.0, 63.875, 142.375, 69.375, 120.375, 122.1875, 118.125, 80.8125, 109.4375, 92.125, 0.0, 147.125, 53.0, 177.0, 149.625, 165.125, 61.96875, 168.0, 171.875, 98.6875, 13.0390625, 150.875, 111.6875, 69.875, 77.25, 95.1875, 61.96875, 177.5, 32.25, 171.25, 104.8125, 32.5625, 63.8125, 115.75, 132.875, 73.5625, 102.0, 99.3125, 108.875, 71.4375, 160.5, 178.875, 61.0625, 48.09375, 158.0, 103.625, 137.0, 52.5, 48.03125, 185.25, 98.375, 28.65625, 100.0, 110.4375, 24.328125, 49.65625, 183.375, 72.0625, 172.875, 176.375, 60.03125, 97.5, 61.0, 117.125, 106.9375, 110.125, 104.0625, 122.4375, 188.5, 153.375, 139.75, 44.28125, 161.25, 45.53125, 171.0, 51.75, 77.9375, 71.1875, 84.9375, 102.1875, 91.375, 61.40625, 118.4375, 64.9375, 61.21875, 167.25, 37.65625, 91.6875, 47.0625, 38.90625, 168.125, 147.875, 208.0, 177.625, 121.6875, 160.625, 170.5, 154.75, 90.4375], [74.25, 81.0, 36.6875, 89.25, 141.75, 129.75, 39.6875, 30.671875, 152.5, 127.375, 151.5, 151.5, 123.4375, 146.375, 74.0, 155.5, 53.0625, 70.625, 99.0, 139.5, 47.4375, 132.875, 183.0, 100.625, 84.125, 77.8125, 105.0, 28.3125, 174.625, 124.1875, 61.0625, 55.71875, 147.125, 0.0, 97.5, 52.34375, 29.125, 121.0625, 85.1875, 49.9375, 152.25, 181.625, 156.0, 19.234375, 184.625, 132.75, 70.375, 51.9375, 102.1875, 143.125, 162.75, 121.5, 182.25, 136.125, 119.0, 32.125, 43.125, 132.25, 165.375, 52.03125, 123.4375, 89.25, 35.5, 125.3125, 109.4375, 164.75, 23.1875, 92.6875, 47.0, 94.625, 120.375, 82.5, 53.03125, 128.125, 59.40625, 67.125, 159.375, 146.0, 136.125, 79.25, 87.25, 30.015625, 87.6875, 104.6875, 174.625, 60.75, 128.375, 37.5625, 205.125, 126.3125, 107.9375, 125.5625, 19.109375, 102.875, 38.0, 134.0, 24.1875, 127.1875, 157.0, 98.0, 126.0625, 118.6875, 164.0, 104.25, 114.9375, 153.625, 122.6875, 41.21875, 130.125, 170.875, 157.875, 132.375, 132.0, 95.0625, 147.125, 118.6875, 99.0, 21.40625, 123.3125, 22.46875, 65.375], [36.40625, 82.75, 74.9375, 62.0, 54.4375, 32.3125, 134.875, 121.0, 133.75, 51.0, 102.5, 72.1875, 140.625, 84.25, 61.125, 117.8125, 149.0, 60.09375, 106.5625, 104.25, 142.625, 110.8125, 92.375, 20.609375, 93.0, 22.796875, 77.8125, 70.8125, 107.0625, 53.59375, 56.875, 46.65625, 53.0, 97.5, 0.0, 124.0625, 97.0, 121.25, 19.921875, 115.0, 135.375, 100.5625, 64.375, 104.625, 109.0625, 80.75, 33.84375, 47.1875, 19.921875, 137.25, 65.375, 126.6875, 104.0625, 39.21875, 37.0, 68.25, 93.25, 54.09375, 92.4375, 56.84375, 75.125, 49.0, 107.6875, 134.0, 56.09375, 69.3125, 111.8125, 58.0625, 98.625, 16.28125, 27.734375, 133.25, 56.21875, 46.3125, 47.0, 79.5, 61.84375, 53.25, 140.25, 19.234375, 122.0625, 125.5625, 12.53125, 86.3125, 80.8125, 83.625, 75.9375, 59.9375, 118.125, 87.3125, 139.125, 112.5625, 93.625, 17.796875, 118.1875, 64.375, 120.6875, 36.78125, 100.75, 56.71875, 57.875, 67.5625, 85.6875, 51.53125, 79.625, 90.5, 38.3125, 114.4375, 55.3125, 90.25, 62.96875, 36.78125, 126.5625, 100.1875, 163.375, 131.5, 77.125, 108.9375, 126.375, 102.625, 54.125], [90.125, 131.875, 86.25, 136.0, 153.25, 154.875, 68.75, 71.875, 123.6875, 134.75, 138.75, 156.125, 82.3125, 190.125, 121.1875, 135.875, 74.0625, 117.625, 69.8125, 121.8125, 73.125, 109.625, 192.875, 118.25, 61.625, 110.875, 93.625, 60.09375, 168.625, 129.25, 69.4375, 95.5, 177.0, 52.34375, 124.0625, 0.0, 29.734375, 88.9375, 118.9375, 9.8515625, 122.5625, 183.625, 188.0, 69.0625, 182.625, 178.25, 107.6875, 89.3125, 120.25, 109.5, 184.5, 86.6875, 182.25, 157.5, 131.5, 76.5, 95.5, 139.625, 164.0, 96.6875, 116.8125, 132.875, 18.78125, 87.875, 152.75, 181.625, 69.375, 91.6875, 99.25, 127.5625, 139.0, 33.53125, 97.5625, 164.375, 77.1875, 118.0, 183.125, 161.25, 98.8125, 105.0, 45.90625, 39.46875, 118.1875, 154.5, 188.5, 112.3125, 122.625, 73.375, 209.875, 113.875, 63.03125, 99.375, 71.4375, 135.375, 84.5, 174.875, 42.71875, 143.125, 202.625, 142.75, 129.25, 115.125, 166.25, 147.0, 104.125, 197.375, 135.625, 11.6640625, 169.0, 173.75, 174.375, 152.25, 100.3125, 69.0625, 103.1875, 80.625, 87.3125, 31.40625, 89.1875, 30.609375, 110.5625], [65.5625, 103.5625, 58.0625, 106.4375, 132.125, 128.625, 60.71875, 57.03125, 125.625, 115.125, 130.0, 138.25, 94.375, 160.375, 91.8125, 131.5, 71.125, 88.1875, 71.25, 115.9375, 67.4375, 107.25, 172.875, 94.0, 57.5, 82.125, 83.0, 30.359375, 156.375, 110.625, 46.65625, 65.8125, 149.625, 29.125, 97.0, 29.734375, 0.0, 93.0625, 90.125, 23.59375, 125.1875, 167.25, 160.125, 48.28125, 168.375, 148.5, 78.25, 59.65625, 95.875, 115.0625, 159.75, 93.0625, 166.875, 132.625, 109.5625, 47.15625, 70.1875, 120.125, 149.25, 67.0625, 104.0, 103.125, 11.1796875, 96.5, 123.0, 158.625, 51.25, 74.9375, 74.8125, 99.0, 114.8125, 54.8125, 68.0, 135.5, 51.25, 89.9375, 157.625, 138.75, 107.375, 77.8125, 58.1875, 36.40625, 90.0625, 125.6875, 166.75, 84.875, 109.5, 43.6875, 192.375, 104.4375, 78.9375, 99.0625, 46.96875, 107.0, 66.625, 145.375, 34.875, 120.0, 172.875, 113.0625, 111.5, 100.5625, 149.625, 117.3125, 93.5, 167.625, 113.625, 18.4375, 139.75, 156.875, 151.375, 127.75, 104.25, 67.875, 118.0, 89.8125, 76.6875, 17.5, 95.0, 9.8515625, 80.9375], [89.5, 176.75, 137.625, 167.875, 114.5, 139.125, 152.625, 150.125, 34.875, 95.1875, 64.875, 105.3125, 25.015625, 205.125, 157.5, 53.53125, 160.875, 154.375, 22.09375, 44.9375, 158.5, 27.859375, 143.0, 103.25, 38.09375, 124.5, 44.78125, 105.0, 99.0625, 87.9375, 77.8125, 126.5625, 165.125, 121.0625, 121.25, 88.9375, 93.0625, 0.0, 130.375, 82.25, 33.625, 123.1875, 178.125, 140.125, 116.4375, 199.625, 129.5, 119.875, 104.875, 22.015625, 156.25, 7.0, 119.0625, 134.75, 102.0625, 123.375, 155.75, 98.25, 101.8125, 135.125, 61.0, 158.25, 92.25, 14.3203125, 173.0, 145.375, 144.0, 63.25, 161.375, 134.375, 117.1875, 62.8125, 135.625, 167.25, 90.0625, 165.5, 158.875, 126.9375, 19.109375, 109.8125, 44.40625, 124.75, 124.5, 192.375, 146.125, 163.5, 65.5, 111.6875, 150.125, 49.09375, 39.4375, 16.5, 136.125, 138.75, 159.125, 185.5, 125.625, 115.1875, 221.375, 168.625, 84.875, 65.5, 109.125, 167.5, 48.09375, 211.625, 105.3125, 91.6875, 176.625, 116.25, 139.0, 128.0, 11.3984375, 26.921875, 42.9375, 16.5, 44.21875, 108.75, 5.38671875, 102.3125, 145.375], [41.0, 62.96875, 58.0, 43.28125, 74.3125, 47.5, 120.3125, 105.6875, 146.75, 70.1875, 119.4375, 92.0, 147.375, 76.25, 41.21875, 133.5, 134.625, 40.15625, 113.25, 119.0625, 127.875, 123.5625, 111.625, 38.0625, 98.25, 8.0625, 89.375, 61.125, 126.3125, 72.0, 57.8125, 30.40625, 61.96875, 85.1875, 19.921875, 118.9375, 90.125, 130.375, 0.0, 110.625, 148.25, 120.5, 71.0, 89.5, 128.875, 69.3125, 15.8125, 33.25, 38.0, 148.25, 8