{"name": "LZB_n120_13", "n": 120, "m": 15, "times": [[0.0, 85.125, 93.625, 18.4375, 76.5625, 36.625, 71.25, 63.90625, 88.25, 126.5, 12.203125, 97.375, 119.1875, 42.71875, 97.5, 47.0625, 101.4375, 58.90625, 90.0, 85.0, 72.0, 86.8125, 111.125, 106.8125, 92.625, 63.40625, 112.1875, 56.09375, 90.125, 92.1875, 75.9375, 62.8125, 41.0625, 83.9375, 4.47265625, 32.6875, 57.71875, 76.1875, 64.25, 37.75, 91.6875, 70.4375, 38.21875, 91.9375, 113.5625, 111.0625, 108.4375, 89.1875, 61.84375, 86.8125, 98.625, 97.125, 102.8125, 65.1875, 94.0, 44.65625, 66.1875, 16.765625, 62.78125, 103.6875, 36.6875, 45.34375, 70.6875, 120.9375, 27.59375, 75.3125, 117.375, 111.0, 126.75, 61.40625, 39.625, 52.8125, 36.78125, 107.875, 94.9375, 111.1875, 27.859375, 51.90625, 36.125, 81.4375, 78.0625, 50.5625, 87.75, 22.5625, 65.0, 95.1875, 83.625, 64.75, 121.8125, 89.5, 48.09375, 116.5, 117.0625, 81.5625, 83.1875, 117.0625, 21.21875, 68.5, 11.046875, 79.625, 53.90625, 90.4375, 91.6875, 27.453125, 72.4375, 86.3125, 3.60546875, 41.875, 107.4375, 35.75, 42.09375, 79.4375, 30.015625, 28.0, 96.3125, 44.03125, 13.6015625, 123.75, 8.9453125, 25.296875, 21.59375], [85.125, 0.0, 108.5625, 97.5, 132.625, 60.40625, 113.0, 147.375, 71.5625, 194.0, 78.25, 90.5, 68.75, 124.0, 179.0, 103.875, 186.25, 67.875, 59.4375, 126.5, 135.0, 170.0, 104.125, 178.0, 18.6875, 135.25, 186.0, 127.125, 135.875, 151.25, 160.75, 54.65625, 94.4375, 35.6875, 81.25, 101.375, 142.125, 129.25, 113.625, 118.0625, 106.875, 45.0, 63.6875, 136.5, 175.875, 85.5, 55.3125, 59.125, 89.625, 40.4375, 162.375, 38.46875, 113.125, 20.03125, 167.875, 129.0, 106.3125, 82.4375, 81.4375, 169.0, 100.875, 62.65625, 37.8125, 83.0, 66.6875, 72.1875, 105.3125, 183.375, 192.375, 138.0, 116.75, 86.8125, 113.1875, 96.0625, 34.0625, 93.5625, 111.1875, 115.3125, 99.0, 157.125, 140.0, 76.5625, 97.25, 107.375, 25.0625, 101.5625, 156.5, 96.0625, 186.875, 159.625, 131.375, 70.1875, 182.0, 158.375, 101.4375, 63.9375, 91.5, 38.28125, 96.0625, 50.34375, 131.875, 153.375, 173.375, 95.1875, 155.75, 158.875, 83.3125, 73.25, 183.25, 103.25, 43.0, 129.375, 89.875, 90.8125, 179.25, 129.125, 72.4375, 84.0, 89.0625, 62.15625, 91.5625], [93.625, 108.5625, 0.0, 110.875, 54.40625, 68.0, 163.75, 111.375, 160.125, 109.375, 101.4375, 26.25, 174.0, 92.625, 126.0625, 140.5, 147.75, 44.90625, 55.4375, 178.0, 64.625, 158.375, 27.890625, 102.5625, 126.6875, 78.375, 196.25, 147.125, 43.0, 67.1875, 129.375, 55.15625, 55.0625, 75.9375, 90.5, 126.1875, 130.375, 49.34375, 43.0, 124.9375, 2.0, 132.25, 117.0625, 42.0625, 88.375, 47.6875, 160.5, 153.5, 149.625, 72.875, 189.625, 82.875, 9.4375, 100.6875, 179.5, 105.4375, 33.25, 76.875, 147.125, 193.875, 130.25, 123.0, 127.375, 184.375, 108.375, 36.34375, 35.4375, 108.5625, 215.625, 148.25, 82.0625, 40.8125, 127.5, 32.0, 139.625, 39.0, 113.25, 145.25, 129.75, 96.5625, 170.625, 135.25, 11.3984375, 98.25, 110.375, 179.0, 170.875, 154.125, 100.5, 88.3125, 127.4375, 174.0, 96.25, 165.375, 170.25, 169.75, 75.125, 125.875, 98.5, 59.65625, 88.4375, 73.6875, 122.625, 70.6875, 116.1875, 91.75, 90.125, 54.34375, 115.125, 68.0, 92.9375, 45.34375, 122.75, 67.5625, 167.0, 113.5625, 86.5, 186.25, 102.4375, 81.125, 115.125], [18.4375, 97.5, 110.875, 0.0, 87.6875, 54.65625, 57.3125, 60.0, 86.6875, 131.0, 19.421875, 115.6875, 121.6875, 44.09375, 94.375, 32.0625, 93.3125, 77.3125, 108.0625, 70.0, 81.25, 72.4375, 129.375, 110.375, 102.3125, 69.4375, 94.3125, 37.65625, 103.0, 101.375, 68.125, 80.9375, 56.75, 100.625, 22.625, 16.03125, 45.28125, 88.1875, 78.25, 20.875, 109.0, 74.6875, 40.5, 105.0, 120.5625, 129.5, 112.375, 90.5625, 53.34375, 103.8125, 80.1875, 113.625, 120.125, 77.5, 76.0, 40.46875, 81.8125, 34.46875, 56.84375, 85.25, 21.03125, 46.53125, 76.625, 120.625, 32.375, 93.75, 135.625, 113.8125, 108.3125, 43.5625, 45.53125, 70.25, 18.4375, 126.25, 101.875, 129.625, 14.5625, 34.46875, 21.21875, 83.8125, 59.9375, 45.96875, 105.5625, 21.46875, 75.0, 87.3125, 65.4375, 54.625, 127.5, 94.4375, 34.0, 118.3125, 123.0, 64.0, 73.8125, 120.3125, 36.125, 74.4375, 13.0390625, 97.4375, 56.9375, 98.375, 88.625, 41.59375, 68.25, 90.1875, 22.015625, 60.21875, 108.375, 48.0, 55.09375, 92.0625, 19.421875, 43.6875, 81.75, 35.78125, 30.8125, 123.625, 10.0, 42.1875, 9.8984375], [76.5625, 132.625, 54.40625, 87.6875, 0.0, 74.25, 145.0, 63.0, 162.0, 62.25, 88.25, 77.4375, 187.0, 51.65625, 72.0, 119.6875, 95.1875, 67.125, 96.875, 157.375, 11.3125, 112.875, 82.25, 50.25, 147.625, 28.015625, 155.25, 116.75, 18.359375, 18.59375, 80.125, 80.9375, 40.59375, 109.375, 75.9375, 103.5, 88.75, 5.09765625, 19.234375, 93.4375, 53.84375, 139.0, 112.25, 20.59375, 43.28125, 99.3125, 174.375, 160.0, 138.375, 108.5, 156.25, 120.5, 61.84375, 117.5625, 140.625, 64.1875, 28.859375, 63.5, 139.125, 158.875, 108.6875, 119.4375, 136.625, 192.5, 101.5625, 72.5625, 89.875, 56.21875, 178.125, 113.0, 44.1875, 46.15625, 99.0625, 85.5, 156.25, 92.25, 83.0625, 120.0, 108.875, 42.5, 141.0, 126.875, 59.40625, 68.0, 123.75, 171.75, 134.125, 140.875, 54.59375, 34.25, 90.0, 185.375, 49.65625, 126.3125, 159.625, 183.75, 55.71875, 134.625, 74.9375, 94.875, 42.0625, 21.84375, 68.9375, 49.40625, 65.8125, 37.375, 74.3125, 59.65625, 61.28125, 40.8125, 100.0, 9.4375, 105.3125, 50.53125, 120.4375, 74.0625, 77.8125, 195.0, 83.1875, 80.1875, 95.6875], [36.625, 60.40625, 68.0, 54.65625, 74.25, 0.0, 98.8125, 90.0, 93.4375, 134.25, 38.59375, 64.625, 113.4375, 66.0, 119.875, 78.0625, 130.0, 25.296875, 53.40625, 113.4375, 75.1875, 121.8125, 79.375, 117.75, 73.8125, 74.875, 148.75, 91.9375, 81.0, 92.6875, 105.375, 26.25, 34.40625, 49.03125, 32.1875, 66.6875, 92.0, 71.5, 56.09375, 74.3125, 66.0, 67.125, 49.15625, 82.125, 117.0625, 75.625, 100.625, 88.625, 82.375, 51.25, 133.875, 62.375, 76.125, 43.59375, 130.625, 73.5625, 51.46875, 25.5, 79.25, 139.375, 69.375, 55.0, 63.625, 120.75, 41.21875, 41.15625, 84.6875, 123.0, 162.625, 98.0, 57.5625, 31.78125, 73.125, 74.75, 82.0625, 77.0, 64.0, 85.625, 68.25, 96.8125, 112.4375, 67.625, 59.3125, 54.40625, 49.59375, 111.0, 120.125, 87.3125, 127.625, 99.375, 83.6875, 112.375, 122.625, 118.125, 102.5625, 110.0, 33.0, 61.78125, 46.53125, 43.03125, 72.375, 94.0, 114.4375, 35.5, 98.0625, 98.4375, 33.28125, 15.65625, 122.9375, 43.0, 26.828125, 72.625, 59.6875, 30.8125, 131.375, 76.375, 24.046875, 123.0, 44.6875, 14.3203125, 54.65625], [71.25, 113.0, 163.75, 57.3125, 145.0, 98.8125, 0.0, 107.5625, 61.03125, 184.5, 62.375, 163.375, 101.0, 98.6875, 139.625, 25.3125, 128.75, 124.0625, 147.375, 14.765625, 138.25, 92.125, 178.125, 163.375, 107.8125, 125.4375, 84.125, 41.03125, 160.25, 158.25, 107.9375, 122.5625, 112.3125, 132.125, 73.6875, 41.59375, 80.25, 145.5, 135.0, 57.25, 161.875, 71.125, 53.59375, 162.125, 176.125, 172.75, 97.75, 72.8125, 23.703125, 136.625, 53.59375, 143.0, 172.75, 96.9375, 69.25, 90.875, 137.5, 87.6875, 32.6875, 60.65625, 36.34375, 51.625, 77.4375, 91.4375, 58.125, 139.875, 183.5, 165.875, 82.25, 54.8125, 102.1875, 123.1875, 49.25, 173.5, 98.6875, 175.375, 64.1875, 28.84375, 36.125, 136.625, 34.25, 36.78125, 156.75, 77.6875, 88.25, 41.59375, 59.1875, 17.46875, 182.0, 149.0, 69.625, 96.0625, 177.75, 67.25, 26.921875, 102.0625, 92.0625, 76.1875, 70.1875, 135.375, 111.625, 154.75, 134.25, 98.0, 114.25, 144.125, 74.4375, 109.875, 158.5, 105.125, 83.25, 149.25, 41.3125, 99.1875, 98.4375, 82.3125, 77.375, 94.5625, 63.03125, 84.5, 50.0], [63.90625, 147.375, 111.375, 60.0, 63.0, 90.0, 107.5625, 0.0, 146.625, 78.5625, 74.25, 128.375, 181.25, 24.015625, 34.40625, 84.375, 40.3125, 100.6875, 135.875, 115.9375, 51.875, 50.125, 137.625, 57.5, 156.375, 35.0, 93.9375, 69.3125, 81.25, 65.8125, 18.03125, 111.1875, 64.875, 138.25, 67.0625, 70.0625, 31.140625, 66.8125, 68.4375, 50.46875, 110.1875, 133.25, 99.5, 83.5, 75.0, 148.25, 171.375, 150.375, 111.125, 139.75, 101.0, 151.5, 120.25, 127.875, 81.1875, 19.71875, 78.5, 65.25, 116.0, 102.1875, 75.1875, 106.0, 134.25, 180.625, 89.875, 113.8125, 145.125, 59.125, 118.6875, 60.03125, 33.71875, 81.9375, 58.8125, 138.25, 158.75, 144.0, 46.6875, 78.75, 76.5, 32.0, 91.25, 105.75, 112.1875, 41.625, 128.75, 144.25, 77.0625, 110.875, 77.8125, 47.09375, 38.625, 178.125, 74.3125, 67.5, 129.75, 179.625, 57.0, 132.0, 54.125, 128.75, 23.015625, 59.1875, 28.59375, 55.21875, 8.546875, 41.0, 64.875, 84.0, 51.0, 50.4375, 105.0, 71.8125, 78.625, 60.3125, 57.4375, 25.609375, 75.1875, 183.625, 63.53125, 85.1875, 69.8125], [88.25, 71.5625, 160.125, 86.6875, 162.0, 93.4375, 61.03125, 146.625, 0.0, 214.75, 76.0625, 150.0, 40.125, 129.375, 181.0, 68.9375, 177.25, 115.25, 124.1875, 69.625, 159.25, 146.75, 165.0, 194.875, 58.59375, 151.625, 145.0, 94.625, 172.375, 179.0, 153.125, 107.125, 122.125, 102.625, 87.4375, 78.375, 127.0625, 160.5, 146.375, 99.875, 158.125, 29.15625, 50.21875, 173.875, 201.375, 151.5, 37.375, 14.2109375, 41.0, 107.6875, 114.4375, 109.125, 167.375, 64.75, 129.5, 127.125, 144.0, 98.625, 32.90625, 121.5, 74.25, 43.0, 35.6875, 34.125, 61.03125, 127.1875, 168.25, 198.875, 142.25, 108.8125, 127.75, 124.9375, 91.6875, 158.125, 44.5625, 157.5, 100.1875, 80.0625, 72.5, 169.125, 95.0, 41.0625, 150.25, 106.8125, 53.59375, 31.890625, 118.8125, 45.28125, 210.0, 177.75, 115.0, 35.34375, 205.25, 125.3125, 37.9375, 41.0625, 107.0625, 36.34375, 94.75, 112.625, 141.5, 178.0, 175.25, 113.1875, 154.75, 174.375, 89.375, 108.8125, 194.5, 122.3125, 67.25, 162.875, 68.25, 111.5, 154.375, 121.8125, 84.25, 37.21875, 84.875, 83.0, 76.8125], [126.5, 194.0, 109.375, 131.0, 62.25, 134.25, 184.5, 78.5625, 214.75, 0.0, 138.625, 135.125, 244.0, 86.9375, 56.5625, 160.125, 83.4375, 129.375, 158.25, 194.0, 59.0625, 120.0625, 136.0, 21.1875, 208.125, 63.125, 165.25, 147.75, 66.625, 44.28125, 86.125, 143.125, 99.875, 171.625, 127.5625, 144.5, 109.4375, 66.5, 81.4375, 127.375, 109.5625, 195.125, 164.625, 67.375, 21.03125, 156.875, 232.125, 215.125, 184.375, 170.625, 178.25, 182.625, 114.0, 177.875, 156.125, 93.625, 90.8125, 118.125, 187.5, 178.5, 149.875, 171.875, 193.875, 247.25, 153.875, 134.125, 143.0, 20.03125, 192.125, 138.5, 87.0, 108.25, 135.25, 141.25, 215.375, 148.375, 120.75, 156.125, 150.75, 47.9375, 169.75, 175.875, 117.375, 109.625, 182.875, 218.375, 154.0, 185.375, 9.0546875, 37.0, 117.0625, 241.875, 13.15625, 143.5, 204.5, 241.25, 108.875, 191.75, 120.6875, 157.0, 74.125, 40.71875, 59.0625, 103.25, 74.0, 40.8125, 125.5, 120.75, 31.25, 94.125, 158.375, 68.0, 150.375, 106.3125, 123.6875, 102.5, 132.25, 250.0, 130.375, 137.5, 140.625], [12.203125, 78.25, 101.4375, 19.421875, 88.25, 38.59375, 62.375, 74.25, 76.0625, 138.625, 0.0, 102.4375, 107.625, 54.21875, 108.3125, 39.8125, 110.375, 63.125, 91.25, 76.625, 84.0625, 91.8125, 116.75, 118.9375, 83.875, 75.625, 112.5, 54.21875, 101.1875, 104.1875, 84.875, 64.4375, 51.25, 82.0, 12.3671875, 28.28125, 64.0, 87.625, 75.125, 40.25, 99.4375, 59.15625, 26.171875, 102.9375, 125.6875, 114.1875, 97.25, 77.3125, 50.625, 85.4375, 95.5, 94.8125, 110.375, 58.21875, 94.125, 54.625, 76.0, 26.078125, 50.90625, 101.125, 30.8125, 33.25, 60.0, 108.875, 15.8125, 79.375, 122.5625, 123.0625, 124.5625, 62.15625, 51.75, 60.8125, 36.6875, 112.75, 84.75, 115.4375, 33.0, 47.0, 29.6875, 93.375, 73.875, 38.625, 94.5625, 32.65625, 56.3125, 83.5, 83.1875, 54.09375, 134.0, 101.6875, 53.15625, 104.8125, 129.25, 82.75, 72.0, 105.6875, 32.5625, 57.78125, 20.125, 80.0625, 65.8125, 102.5625, 102.5, 38.90625, 82.75, 98.4375, 13.9296875, 47.75, 119.1875, 47.53125, 35.6875, 90.6875, 21.546875, 38.625, 101.125, 52.40625, 15.234375, 111.75, 11.1796875, 24.765625, 16.28125], [97.375, 90.5, 26.25, 115.6875, 77.4375, 64.625, 163.375, 128.375, 150.0, 135.125, 102.4375, 0.0, 158.375, 107.0625, 147.25, 142.25, 166.75, 39.40625, 32.4375, 178.125, 86.5, 172.25, 15.1328125, 127.0625, 109.125, 98.0, 206.5, 153.25, 68.5, 92.0625, 146.25, 43.1875, 65.625, 55.46875, 93.5, 129.625, 142.875, 72.3125, 62.375, 132.625, 25.703125, 121.0625, 112.5625, 67.75, 114.125, 22.0, 144.75, 141.5, 146.25, 51.46875, 195.875, 59.8125, 25.609375, 86.6875, 189.0, 119.0625, 51.25, 81.375, 142.25, 200.75, 133.0, 117.5, 115.25, 170.625, 105.625, 23.765625, 20.125, 133.0, 223.5, 156.625, 96.25, 48.28125, 133.625, 10.6328125, 123.5, 15.65625, 121.1875, 148.875, 132.0, 118.125, 175.375, 131.25, 18.03125, 107.5, 97.4375, 172.5, 179.375, 151.5, 126.3125, 111.625, 137.875, 159.125, 121.9375, 175.375, 165.75, 153.875, 82.75, 114.1875, 104.625, 40.15625, 105.5625, 98.0, 143.25, 80.0, 134.25, 114.4375, 93.75, 55.46875, 138.75, 80.1875, 84.875, 69.0625, 123.875, 75.6875, 181.25, 125.875, 87.25, 172.25, 106.25, 78.9375, 117.8125], [119.1875, 68.75, 174.0, 121.6875, 187.0, 113.4375, 101.0, 181.25, 40.125, 244.0, 107.625, 158.375, 0.0, 161.875, 215.625, 108.1875, 214.375, 130.125, 128.125, 108.6875, 186.125, 185.875, 172.5, 225.25, 50.25, 181.25, 185.125, 134.125, 194.375, 205.0, 189.625, 118.875, 146.375, 104.375, 117.3125, 115.875, 164.5, 184.625, 169.375, 137.25, 172.125, 48.90625, 81.8125, 195.5, 228.625, 154.125, 13.6015625, 31.390625, 80.875, 109.1875, 154.125, 106.0625, 179.625, 73.4375, 169.625, 161.5, 164.75, 125.875, 72.375, 161.25, 112.25, 75.3125, 50.34375, 18.59375, 91.8125, 138.25, 174.0, 229.75, 181.375, 148.25, 158.375, 144.75, 129.5, 164.5, 34.9375, 162.25, 136.0, 119.625, 110.375, 200.5, 135.125, 78.4375, 163.0, 140.125, 64.5, 66.5, 158.875, 85.375, 238.375, 207.375, 152.5, 5.38671875, 233.375, 165.25, 76.5, 5.09765625, 135.125, 52.40625, 127.5625, 118.375, 173.0, 205.25, 209.75, 140.75, 189.625, 204.75, 119.5, 129.0, 226.625, 149.875, 87.0, 186.0, 104.8125, 137.875, 193.75, 157.5, 111.8125, 17.890625, 117.875, 106.9375, 112.25], [42.71875, 124.0, 92.625, 44.09375, 51.65625, 66.0, 98.6875, 24.015625, 129.375, 86.9375, 54.21875, 107.0625, 161.875, 0.0, 55.375, 73.75, 64.25, 77.1875, 112.375, 109.4375, 42.28125, 65.8125, 117.4375, 66.3125, 133.75, 27.171875, 104.9375, 66.0, 69.5625, 61.03125, 40.53125, 87.3125, 42.0625, 114.25, 45.1875, 57.78125, 38.28125, 54.09375, 50.8125, 43.1875, 91.25, 113.1875, 80.25, 71.8125, 77.5, 126.125, 151.125, 131.5, 97.4375, 115.75, 104.5625, 127.5, 101.875, 104.8125, 89.5, 13.0390625, 59.40625, 41.59375, 100.8125, 107.25, 63.15625, 87.1875, 113.375, 162.75, 70.0, 91.0, 124.8125, 69.8125, 126.875, 61.40625, 10.8203125, 59.46875, 50.0, 117.3125, 137.25, 122.625, 34.46875, 71.375, 63.96875, 39.8125, 90.0625, 89.5, 91.8125, 22.796875, 106.375, 131.375, 82.5625, 98.4375, 83.6875, 50.5625, 38.3125, 159.0, 79.3125, 75.125, 117.625, 159.75, 33.0625, 111.125, 34.65625, 104.9375, 13.0, 56.5625, 49.65625, 31.25, 32.0625, 46.15625, 42.9375, 60.21875, 65.125, 27.3125, 82.25, 58.875, 63.5, 36.34375, 74.5, 22.46875, 52.5625, 165.625, 44.5625, 61.84375, 53.8125], [97.5, 179.0, 126.0625, 94.375, 72.0, 119.875, 139.625, 34.40625, 181.0, 56.5625, 108.3125, 147.25, 215.625, 55.375, 0.0, 117.5625, 27.734375, 126.0625, 160.5, 146.625, 61.46875, 64.125, 153.75, 39.0, 189.125, 49.65625, 109.0, 99.625, 87.6875, 65.3125, 32.6875, 138.0, 90.0, 166.375, 100.3125, 103.9375, 59.6875, 76.9375, 84.875, 83.5625, 125.375, 167.5, 133.75, 89.5625, 62.1875, 168.625, 205.5, 184.75, 145.0, 167.125, 124.4375, 179.125, 133.875, 160.0, 101.0, 54.09375, 96.0625, 96.5625, 150.125, 123.9375, 108.875, 140.375, 168.125, 215.0, 124.0625, 137.0, 161.375, 37.09375, 136.0, 88.125, 62.375, 105.3125, 92.0, 156.25, 192.375, 162.625, 80.9375, 110.8125, 110.3125, 29.546875, 119.125, 140.125, 129.75, 75.6875, 161.75, 177.75, 100.1875, 144.375, 59.46875, 41.125, 70.0, 212.5, 57.9375, 89.25, 163.0, 213.875, 87.5625, 165.875, 88.1875, 155.0, 47.53125, 57.5, 5.83203125, 84.375, 26.25, 35.8125, 98.0625, 111.25, 25.3125, 77.4375, 137.625, 81.375, 112.9375, 89.125, 67.1875, 59.46875, 107.9375, 218.0, 97.75, 117.0625, 104.1875], [47.0625, 103.875, 140.5, 32.0625, 119.6875, 78.0625, 25.3125, 84.375, 68.9375, 160.125, 39.8125, 142.25, 108.1875, 73.75, 117.5625, 0.0, 109.875, 102.875, 129.375, 38.125, 113.0, 77.8125, 156.625, 139.125, 102.8125, 100.3125, 82.6875, 26.171875, 135.0, 133.0, 87.125, 103.25, 87.8125, 116.9375, 50.0, 16.28125, 59.8125, 120.25, 110.0625, 34.0625, 138.625, 68.25, 40.25, 137.0, 151.125, 153.375, 101.8125, 77.25, 28.65625, 121.0, 59.0625, 128.875, 149.625, 85.5, 65.125, 66.75, 113.0, 63.78125, 36.0625, 65.5, 11.046875, 41.75, 73.0, 102.5625, 40.375, 119.0625, 162.375, 141.875, 89.0625, 40.03125, 76.875, 99.75, 25.609375, 152.5, 97.3125, 155.0, 39.40625, 12.0390625, 11.046875, 112.25, 36.625, 31.0, 134.125, 52.40625, 78.9375, 60.15625, 53.75, 26.90625, 157.25, 124.25, 48.15625, 103.875, 153.0, 58.0, 45.46875, 108.0625, 67.375, 71.1875, 45.0, 117.6875, 86.75, 129.5, 112.0625, 73.1875, 91.6875, 119.5, 50.4375, 87.4375, 135.125, 80.0, 67.5, 124.125, 18.359375, 74.6875, 85.625, 58.8125, 55.03125, 105.6875, 38.46875, 63.8125, 25.5], [101.4375, 186.25, 147.75, 93.3125, 95.1875, 130.0, 128.75, 40.3125, 177.25, 83.4375, 110.375, 166.75, 214.375, 64.25, 27.734375, 109.875, 0.0, 140.75, 175.875, 133.25, 84.0625, 42.15625, 174.875, 66.6875, 194.0, 69.375, 84.5625, 87.75, 112.1875, 91.3125, 25.5, 151.5, 104.8125, 178.5, 105.0625, 98.875, 50.25, 99.875, 105.125, 77.4375, 146.75, 168.0, 133.75, 114.1875, 89.875, 187.25, 205.625, 183.0, 138.375, 180.0, 104.375, 191.75, 156.125, 166.5, 79.375, 57.21875, 115.875, 105.0, 144.875, 102.8125, 103.0625, 139.625, 169.875, 211.375, 125.3125, 153.625, 182.5, 64.5, 112.0, 74.25, 74.0, 121.5625, 85.5625, 176.375, 194.875, 182.375, 78.75, 100.875, 104.8125, 53.75, 103.25, 136.375, 149.875, 78.9375, 166.25, 169.125, 80.9375, 136.625, 87.0, 67.5, 62.25, 210.625, 85.625, 69.75, 154.125, 213.25, 97.0625, 167.625, 90.8125, 169.0, 61.6875, 83.5625, 27.796875, 95.5, 33.0, 61.625, 102.9375, 124.3125, 52.5, 90.625, 143.375, 104.625, 109.5625, 100.625, 42.59375, 57.96875, 113.75, 214.5, 99.1875, 124.3125, 102.3125], [58.90625, 67.875, 44.90625, 77.3125, 67.125, 25.296875, 124.0625, 100.6875, 115.25, 129.375, 63.125, 39.40625, 130.125, 77.1875, 126.0625, 102.875, 140.75, 0.0, 35.15625, 138.75, 71.8125, 139.125, 54.09375, 115.8125, 84.8125, 77.1875, 170.125, 115.0, 68.125, 85.4375, 117.75, 13.890625, 36.21875, 42.375, 54.8125, 90.6875, 109.25, 63.0625, 47.9375, 95.5, 42.96875, 87.3125, 74.0, 68.6875, 110.0625, 52.34375, 116.75, 108.6875, 107.5, 41.96875, 157.375, 54.125, 52.15625, 56.8125, 152.125, 87.4375, 39.125, 43.9375, 103.9375, 162.625, 93.8125, 79.375, 82.5625, 139.75, 66.5, 16.40625, 59.5, 121.5625, 185.625, 119.5625, 66.9375, 21.59375, 95.5625, 49.65625, 96.375, 52.4375, 84.375, 109.8125, 92.8125, 99.4375, 136.5, 92.5625, 35.0625, 72.125, 65.9375, 135.125, 142.125, 112.5625, 121.625, 98.0, 102.625, 129.875, 116.75, 139.0, 127.4375, 126.125, 47.5, 81.0625, 67.1875, 29.0625, 79.625, 88.75, 121.125, 46.625, 107.875, 98.625, 55.3125, 18.03125, 123.9375, 50.21875, 48.15625, 62.4375, 84.5625, 41.625, 148.5, 92.5625, 48.03125, 141.75, 67.625, 39.5625, 78.75], [90.0, 59.4375, 55.4375, 108.0625, 96.875, 53.40625, 147.375, 135.875, 124.1875, 158.25, 91.25, 32.4375, 128.125, 112.375, 160.5, 129.375, 175.875, 35.15625, 0.0, 162.125, 103.5625, 173.5, 44.9375, 147.0, 78.125, 111.0625, 202.25, 145.125, 92.875, 114.0, 152.875, 27.203125, 71.1875, 23.765625, 85.625, 119.5, 143.5, 92.1875, 78.625, 127.625, 54.21875, 95.0625, 94.0, 92.6875, 137.875, 27.296875, 114.5625, 114.1875, 127.4375, 19.3125, 186.625, 27.59375, 57.375, 59.40625, 184.0, 122.4375, 68.0625, 77.0, 121.875, 192.375, 121.6875, 97.5, 88.5625, 141.5, 89.625, 24.328125, 45.90625, 152.875, 215.75, 151.375, 102.125, 55.15625, 126.5, 36.6875, 93.1875, 34.25, 117.0625, 138.0, 120.3125, 133.0, 164.875, 112.25, 44.40625, 106.0, 70.5625, 149.75, 173.5, 133.25, 149.875, 129.875, 136.25, 129.25, 145.25, 171.5, 145.0, 123.375, 81.9375, 87.8125, 99.5625, 12.0859375, 114.5625, 118.6875, 155.75, 81.625, 143.0, 131.25, 86.625, 52.5625, 156.5, 85.375, 64.4375, 90.25, 111.3125, 76.5625, 182.875, 127.125, 77.3125, 142.75, 98.0625, 66.5, 107.5], [85.0, 126.5, 178.0, 70.0, 157.375, 113.4375, 14.765625, 115.9375, 69.625, 194.0, 76.625, 178.125, 108.6875, 109.4375, 146.625, 38.125, 133.25, 138.75, 162.125, 0.0, 150.125, 94.25, 192.75, 172.75, 120.25, 136.5, 78.875, 47.0, 173.0, 169.875, 114.25, 137.25, 125.875, 146.625, 87.6875, 54.0, 86.9375, 158.125, 148.125, 66.75, 176.125, 83.5, 68.25, 175.0, 186.75, 187.5, 106.9375, 82.5625, 36.875, 151.25, 46.28125, 157.25, 187.0, 111.0, 66.3125, 100.5625, 151.125, 101.625, 45.21875, 53.15625, 49.03125, 65.9375, 90.125, 97.0625, 72.875, 154.5, 198.125, 174.875, 72.6875, 59.1875, 113.875, 137.375, 59.4375, 188.125, 110.0625, 190.125, 75.125, 38.09375, 49.15625, 146.125, 31.90625, 51.0, 171.125, 89.4375, 102.0, 44.40625, 57.8125, 30.484375, 192.0, 159.25, 77.375, 103.5, 187.875, 67.4375, 32.125, 110.3125, 105.5, 89.0625, 83.0, 150.125, 122.25, 165.875, 141.5, 111.3125, 122.0625, 154.0, 88.3125, 124.3125, 166.875, 118.0, 97.9375, 162.0, 55.3125, 112.75, 99.375, 91.4375, 91.75, 100.0625, 76.5, 99.1875, 63.5], [72.0, 135.0, 64.625, 81.25, 11.3125, 75.1875, 138.25, 51.875, 159.25, 59.0625, 84.0625, 86.5, 186.125, 42.28125, 61.46875, 113.0, 84.0625, 71.8125, 103.5625, 150.125, 0.0, 101.875, 92.375, 43.96875, 149.0, 17.0, 144.625, 108.125, 29.40625, 20.25, 68.875, 85.375, 40.8125, 114.1875, 72.0625, 96.6875, 78.4375, 15.8125, 25.015625, 85.0, 63.90625, 137.625, 109.0625, 31.625, 42.53125, 108.1875, 174.0, 158.25, 133.25, 113.75, 146.75, 125.875, 72.4375, 118.8125, 130.25, 54.34375, 36.0, 60.8125, 134.75, 149.125, 102.0, 116.3125, 135.875, 190.625, 98.25, 79.3125, 99.9375, 49.71875, 167.875, 103.5625, 36.21875, 50.28125, 91.125, 95.0625, 156.625, 101.625, 75.1875, 112.375, 102.375, 31.953125, 132.25, 122.5625, 68.6875, 60.65625, 124.0625, 167.0, 124.1875, 135.375, 52.5, 26.3125, 80.4375, 184.25, 47.5, 116.0625, 154.375, 183.125, 52.15625, 133.75, 68.9375, 100.4375, 31.625, 19.109375, 58.125, 46.03125, 54.5, 28.078125, 70.25, 61.78125, 53.03125, 36.90625, 99.75, 20.609375, 99.625, 48.28125, 109.3125, 64.3125, 75.1875, 193.25, 77.8125, 79.1875, 89.875], [86.8125, 170.0, 158.375, 72.4375, 112.875, 121.8125, 92.125, 50.125, 146.75, 120.0625, 91.8125, 172.25, 185.875, 65.8125, 64.125, 77.8125, 42.15625, 139.125, 173.5, 94.25, 101.875, 0.0, 183.125, 100.625, 174.0, 84.875, 45.40625, 52.40625, 131.25, 115.5625, 35.15625, 146.875, 106.625, 170.5, 91.1875, 71.4375, 29.96875, 116.5, 116.125, 52.03125, 157.0, 143.125, 110.1875, 133.5, 121.625, 190.25, 178.875, 154.75, 106.0625, 173.0, 62.25, 183.75, 167.625, 150.0, 37.375, 53.25, 125.1875, 96.75, 113.8125, 60.71875, 74.125, 114.625, 146.5, 180.125, 104.0625, 154.375, 190.375, 100.125, 72.0, 38.09375, 76.5, 124.0625, 58.125, 182.625, 171.75, 187.625, 59.21875, 66.875, 76.125, 79.375, 62.9375, 107.6875, 157.5, 67.625, 147.125, 133.625, 39.125, 102.9375, 121.6875, 94.9375, 38.84375, 181.625, 119.1875, 28.015625, 118.6875, 185.5, 91.6875, 144.375, 75.9375, 164.375, 71.375, 108.625, 61.0, 92.9375, 49.65625, 88.625, 89.5625, 121.25, 89.0, 92.0, 127.4375, 121.5, 83.375, 97.75, 9.484375, 46.65625, 100.4375, 183.25, 81.1875, 112.0625, 79.0], [111.125, 104.125, 27.890625, 129.375, 82.25, 79.375, 178.125, 137.625, 165.0, 136.0, 116.75, 15.1328125, 172.5, 117.4375, 153.75, 156.625, 174.875, 54.09375, 44.9375, 192.75, 92.375, 183.125, 0.0, 130.25, 122.8125, 105.5625, 218.875, 166.75, 70.375, 94.75, 155.625, 58.3125, 77.0625, 68.625, 107.4375, 143.625, 154.25, 77.1875, 69.75, 145.625, 28.453125, 136.0, 127.5625, 69.1875, 115.0, 25.0, 158.875, 156.375, 161.25, 64.25, 209.375, 71.1875, 22.015625, 101.375, 201.5, 129.875, 59.15625, 94.875, 157.25, 214.125, 147.125, 132.625, 130.125, 185.125, 120.5, 38.84375, 7.6171875, 136.25, 236.625, 169.5, 106.6875, 60.3125, 147.0, 8.6015625, 137.5, 14.421875, 134.0, 162.875, 146.25, 124.3125, 189.125, 146.25, 25.609375, 119.875, 112.1875, 187.625, 192.25, 166.5, 127.0625, 116.1875, 150.0, 173.375, 123.0, 187.75, 180.875, 167.875, 95.4375, 129.0, 117.875, 54.125, 114.5625, 101.4375, 150.25, 92.125, 142.875, 119.625, 107.5625, 69.375, 143.0, 91.3125, 100.0, 73.25, 138.25, 88.0625, 192.0, 137.25, 101.5625, 186.625, 120.0625, 93.625, 132.0], [106.8125, 178.0, 102.5625, 110.375, 50.25, 117.75, 163.375, 57.5, 194.875, 21.1875, 118.9375, 127.0625, 225.25, 66.3125, 39.0, 139.125, 66.6875, 115.8125, 147.0, 172.75, 43.96875, 100.625, 130.25, 0.0, 191.25, 44.03125, 146.0, 126.5, 60.03125, 35.5, 66.0, 129.375, 83.625, 158.125, 108.1875, 123.5625, 88.4375, 55.15625, 68.4375, 106.25, 102.375, 176.25, 145.0, 61.40625, 23.59375, 149.0, 213.75, 195.875, 163.625, 157.75, 157.625, 169.75, 108.6875, 161.0, 136.0, 72.5, 78.9375, 99.625, 167.0, 158.125, 128.875, 152.125, 175.375, 227.75, 134.375, 122.625, 137.625, 6.0, 172.375, 117.5, 67.1875, 94.25, 114.125, 134.5, 197.625, 141.375, 99.75, 135.0, 129.875, 26.828125, 148.75, 155.625, 109.0, 89.0625, 165.375, 197.625, 133.375, 164.5, 21.09375, 18.359375, 95.875, 222.875, 18.96875, 123.125, 183.75, 222.625, 90.25, 173.25, 100.4375, 144.25, 53.59375, 29.015625, 40.25, 85.0, 53.25, 20.515625, 106.0625, 105.1875, 15.5546875, 76.0, 140.625, 58.0, 129.75, 88.5, 104.9375, 81.375, 113.4375, 230.5, 110.25, 119.625, 120.125], [92.625, 18.6875, 126.6875, 102.3125, 147.625, 73.8125, 107.8125, 156.375, 58.59375, 208.125, 83.875, 109.125, 50.25, 133.75, 189.125, 102.8125, 194.0, 84.8125, 78.125, 120.25, 149.0, 174.0, 122.8125, 191.25, 0.0, 147.75, 185.5, 127.75, 152.125, 166.25, 168.5, 72.125, 108.25, 54.34375, 89.3125, 103.3125, 147.625, 144.5, 128.875, 122.0, 124.9375, 36.71875, 64.25, 152.875, 190.75, 103.9375, 37.0, 44.9375, 84.0625, 59.03125, 159.5, 56.0, 131.5, 30.234375, 167.875, 137.25, 122.375, 93.125, 75.1875, 166.375, 101.8125, 61.1875, 30.46875, 65.25, 70.0625, 90.375, 124.0, 196.375, 189.25, 139.75, 127.625, 102.5625, 116.0625, 114.75, 16.28125, 112.1875, 116.625, 114.75, 99.875, 169.0, 137.625, 73.0625, 115.4375, 115.1875, 27.65625, 90.0, 156.5, 90.375, 201.375, 172.875, 136.25, 52.0, 196.375, 159.625, 92.3125, 45.40625, 102.4375, 31.953125, 103.1875, 68.9375, 142.875, 167.75, 183.5, 106.875, 164.875, 171.5, 91.5, 87.9375, 195.5, 115.5, 51.625, 145.0, 91.375, 102.9375, 183.0, 136.125, 81.25, 66.0625, 95.0625, 72.5, 95.0], [63.40625, 135.25, 78.375, 69.4375, 28.015625, 74.875, 125.4375, 35.0, 151.625, 63.125, 75.625, 98.0, 181.25, 27.171875, 49.65625, 100.3125, 69.375, 77.1875, 111.0625, 136.5, 17.0, 84.875, 105.5625, 44.03125, 147.75, 0.0, 127.625, 93.0625, 46.3125, 34.0, 52.34375, 89.8125, 41.96875, 118.5625, 64.4375, 84.125, 61.6875, 31.890625, 35.84375, 70.375, 77.4375, 132.375, 101.5625, 48.5625, 51.09375, 119.125, 169.625, 152.125, 122.5625, 118.8125, 130.5, 131.0, 86.8125, 117.625, 113.5, 38.21875, 46.8125, 55.59375, 125.0625, 132.75, 89.5, 108.6875, 131.375, 184.125, 90.8125, 87.375, 113.1875, 48.8125, 151.125, 87.5625, 24.1875, 56.0, 77.125, 107.3125, 153.75, 113.5625, 61.40625, 98.5, 90.125, 22.359375, 117.0, 113.1875, 80.75, 48.09375, 121.5, 156.5, 107.6875, 124.0625, 58.53125, 26.171875, 64.375, 178.875, 53.84375, 99.3125, 143.25, 178.625, 46.21875, 129.25, 58.1875, 106.25, 15.1328125, 29.421875, 45.34375, 41.0625, 38.28125, 23.859375, 62.375, 63.78125, 48.09375, 32.25, 96.8125, 36.875, 88.5625, 44.78125, 92.4375, 48.25, 69.4375, 186.875, 67.75, 75.6875, 78.75], [112.1875, 186.0, 196.25, 94.3125, 155.25, 148.75, 84.125, 93.9375, 145.0, 165.25, 112.5, 206.5, 185.125, 104.9375, 109.0, 82.6875, 84.5625, 170.125, 202.25, 78.875, 144.625, 45.40625, 218.875, 146.0, 185.5, 127.625, 0.0, 59.09375, 173.5, 159.75, 80.4375, 175.0, 141.875, 194.5, 116.625, 85.4375, 66.75, 158.375, 155.625, 74.625, 194.625, 150.5, 122.375, 175.75, 166.875, 222.375, 181.125, 156.125, 105.25, 197.875, 33.25, 207.25, 205.625, 167.0, 18.359375, 91.9375, 163.5, 126.125, 114.375, 27.296875, 85.25, 124.4375, 155.5, 175.125, 120.0, 186.25, 225.75, 145.375, 27.453125, 50.8125, 114.8125, 158.5, 76.0, 217.125, 179.375, 221.375, 85.6875, 70.875, 87.0625, 124.4375, 50.0, 113.0, 193.625, 99.0625, 161.25, 123.1875, 29.546875, 100.0625, 167.125, 140.0, 68.875, 180.125, 164.625, 31.109375, 109.875, 186.0, 123.75, 153.75, 102.9375, 191.75, 113.1875, 153.125, 106.25, 126.75, 94.625, 133.625, 115.625, 152.25, 134.125, 128.25, 146.75, 163.25, 96.375, 130.875, 42.09375, 82.9375, 125.125, 178.25, 104.3125, 136.5, 96.625], [56.09375, 127.125, 147.125, 37.65625, 116.75, 91.9375, 41.03125, 69.3125, 94.625, 147.75, 54.21875, 153.25, 134.125, 66.0, 99.625, 26.171875, 87.75, 115.0, 145.125, 47.0, 108.125, 52.40625, 166.75, 126.5, 127.75, 93.0625, 59.09375, 0.0, 133.875, 127.0, 67.4375, 118.125, 92.1875, 135.875, 60.21875, 26.421875, 39.96875, 118.375, 111.125, 23.34375, 145.375, 94.0625, 63.78125, 136.0, 141.875, 167.125, 128.0, 103.4375, 53.75, 139.5, 42.71875, 148.5, 156.5, 107.9375, 40.84375, 55.4375, 116.4375, 71.875, 61.84375, 47.625, 26.25, 66.625, 98.4375, 127.8125, 60.9375, 131.375, 173.125, 128.375, 70.75, 14.3203125, 72.5625, 107.0625, 19.71875, 163.75, 123.125, 167.25, 34.46875, 14.5625, 28.15625, 100.1875, 24.328125, 57.09375, 142.5, 50.0, 102.625, 81.8125, 29.546875, 50.5625, 146.25, 113.9375, 30.671875, 129.75, 142.375, 32.0625, 66.875, 134.125, 72.0, 96.5, 48.875, 134.125, 78.1875, 122.25, 94.5, 76.5625, 75.125, 108.4375, 59.65625, 97.8125, 120.0, 80.9375, 87.6875, 122.8125, 37.34375, 79.625, 59.78125, 45.71875, 67.875, 131.0, 47.4375, 78.75, 38.0], [90.125, 135.875, 43.0, 103.0, 18.359375, 81.0, 160.25, 81.25, 172.375, 66.625, 101.1875, 68.5, 194.375, 69.5625, 87.6875, 135.0, 112.1875, 68.125, 92.875, 173.0, 29.40625, 131.25, 70.375, 60.03125, 152.125, 46.3125, 173.5, 133.875, 0.0, 24.515625, 98.25, 81.8125, 50.59375, 108.75, 88.8125, 119.0, 107.0, 15.5234375, 26.25, 110.5, 43.03125, 147.75, 123.625, 2.236328125, 45.71875, 90.375, 181.5, 169.125, 151.75, 107.0625, 173.875, 118.5625, 48.65625, 122.8125, 158.75, 82.25, 29.828125, 75.4375, 151.875, 176.875, 124.0625, 130.625, 144.625, 201.5, 113.25, 69.3125, 77.625, 65.9375, 196.25, 130.75, 61.40625, 49.8125, 115.625, 75.0, 162.25, 82.0, 99.75, 136.25, 124.125, 58.59375, 158.125, 139.5, 50.8125, 84.375, 130.25, 184.625, 152.125, 154.875, 57.875, 47.4375, 107.875, 193.375, 53.46875, 144.5, 173.125, 190.875, 68.875, 142.75, 90.0625, 93.125, 60.375, 31.625, 85.1875, 62.65625, 83.75, 51.96875, 87.5, 65.4375, 73.375, 55.09375, 107.6875, 11.046875, 119.6875, 62.59375, 138.75, 92.0, 89.1875, 203.75, 97.5, 89.5, 110.375], [92.1875, 151.25, 67.1875, 101.375, 18.59375, 92.6875, 158.25, 65.8125, 179.0, 44.28125, 104.1875, 92.0625, 205.0, 61.03125, 65.3125, 133.0, 91.3125, 85.4375, 114.0, 169.875, 20.25, 115.5625, 94.75, 35.5, 166.25, 34.0, 159.75, 127.0, 24.515625, 0.0, 80.9375, 99.3125, 58.71875, 127.5625, 92.125, 116.6875, 94.9375, 22.359375, 37.75, 104.1875, 67.0625, 156.875, 129.0, 25.96875, 24.703125, 114.0625, 192.625, 177.625, 153.5, 126.4375, 164.375, 138.375, 73.1875, 136.125, 146.5, 72.1875, 46.625, 80.4375, 155.0, 166.375, 122.0, 136.25, 154.625, 210.0, 118.1875, 89.875, 102.125, 41.4375, 184.125, 121.5, 56.09375, 64.6875, 110.625, 99.125, 174.625, 106.0625, 94.75, 132.0, 122.5, 37.8125, 151.0, 142.75, 74.125, 80.625, 142.125, 187.125, 141.25, 155.625, 36.25, 24.203125, 98.3125, 203.375, 31.390625, 132.5, 174.625, 201.875, 72.0625, 152.625, 89.1875, 112.75, 49.09375, 7.80859375, 63.625, 65.875, 66.1875, 29.703125, 90.3125, 78.25, 49.03125, 56.8125, 118.1875, 23.765625, 119.875, 67.6875, 122.0625, 82.25, 94.875, 212.625, 98.0625, 98.0625, 110.0625], [75.9375, 160.75, 129.375, 68.125, 80.125, 105.375, 107.9375, 18.03125, 153.125, 86.125, 84.875, 146.25, 189.625, 40.53125, 32.6875, 87.125, 25.5, 117.75, 152.875, 114.25, 68.875, 35.15625, 155.625, 66.0, 168.5, 52.34375, 80.4375, 67.4375, 98.25, 80.9375, 0.0, 127.6875, 82.25, 154.125, 79.625, 74.875, 27.65625, 84.25, 86.375, 53.59375, 128.25, 142.75, 108.625, 100.4375, 86.5, 166.0, 180.5, 158.375, 115.25, 155.875, 92.375, 167.5, 138.25, 141.0, 70.0, 32.0, 96.5, 80.125, 121.25, 92.4375, 79.375, 114.625, 144.5, 187.25, 99.9375, 131.375, 163.125, 66.125, 106.5, 55.46875, 50.90625, 99.5625, 62.0, 156.25, 169.5, 162.0, 53.71875, 79.3125, 81.0, 44.28125, 86.375, 112.1875, 130.125, 53.46875, 140.75, 147.125, 68.0625, 114.0, 87.0625, 59.78125, 38.9375, 186.125, 84.375, 57.4375, 132.25, 188.375, 72.5625, 142.25, 65.3125, 145.375, 41.0625, 73.8125, 28.15625, 71.5625, 14.765625, 53.4375, 77.5, 100.6875, 55.71875, 67.6875, 117.9375, 89.1875, 85.0625, 76.6875, 41.15625, 32.5625, 88.375, 190.375, 73.75, 99.0625, 77.375], [62.8125, 54.65625, 55.15625, 80.9375, 80.9375, 26.25, 122.5625, 111.1875, 107.125, 143.125, 64.4375, 43.1875, 118.875, 87.3125, 138.0, 103.25, 151.5, 13.890625, 27.203125, 137.25, 85.375, 146.875, 58.3125, 129.375, 72.125, 89.8125, 175.0, 118.125, 81.8125, 99.3125, 127.6875, 0.0, 48.09375, 28.859375, 58.40625, 92.6875, 116.875, 76.9375, 61.75, 100.4375, 53.3125, 78.4375, 70.25, 82.3125, 123.9375, 50.25, 105.3125, 99.3125, 104.0625, 29.0625, 159.875, 41.1875, 61.125, 45.53125, 156.875, 96.5625, 53.0, 50.09375, 99.4375, 165.5, 95.125, 74.75, 73.0, 129.5, 64.4375, 20.09375, 62.375, 135.0, 188.75, 124.1875, 77.5, 35.125, 99.375, 52.1875, 84.5, 53.15625, 89.875, 111.375, 93.875, 112.125, 138.25, 88.875, 44.28125, 79.1875, 55.53125, 129.375, 146.375, 109.5625, 135.5, 111.375, 109.1875, 118.9375, 130.625, 144.25, 123.0, 114.625, 55.65625, 71.6875, 72.375, 17.71875, 91.0625, 102.5625, 133.0, 56.09375, 118.6875, 111.8125, 59.40625, 27.171875, 137.125, 61.125, 41.78125, 76.3125, 85.0, 51.0, 156.25, 100.6875, 50.25, 131.375, 70.9375, 39.6875, 80.6875], [41.0625, 94.4375, 55.0625, 56.75, 40.59375, 34.40625, 112.3125, 64.875, 122.125, 99.875, 51.25, 65.625, 146.375, 42.0625, 90.0, 87.8125, 104.8125, 36.21875, 71.1875, 125.875, 40.8125, 106.625, 77.0625, 83.625, 108.25, 41.96875, 141.875, 92.1875, 50.59375, 58.71875, 82.25, 48.09375, 0.0, 76.625, 39.0625, 72.5625, 77.3125, 38.59375, 24.359375, 69.8125, 53.34375, 98.5, 73.0625, 52.1875, 82.8125, 84.125, 133.875, 119.5625, 101.8125, 77.1875, 134.625, 89.25, 64.5, 78.0, 124.8125, 53.53125, 25.171875, 25.171875, 101.4375, 138.75, 77.125, 80.0625, 96.0625, 152.0, 62.65625, 49.03125, 84.1875, 89.0625, 160.625, 93.1875, 31.390625, 17.5, 72.625, 76.0625, 116.0625, 81.0, 58.1875, 91.1875, 76.8125, 64.3125, 115.875, 89.0625, 51.75, 43.28125, 83.5, 134.125, 115.9375, 105.3125, 93.25, 65.3125, 73.0, 144.75, 88.25, 110.875, 123.1875, 143.125, 20.609375, 94.0, 43.96875, 65.0, 43.40625, 59.65625, 85.0, 15.65625, 71.8125, 64.875, 38.0, 21.84375, 89.875, 14.765625, 59.46875, 40.71875, 71.0625, 13.15625, 115.6875, 60.3125, 38.59375, 154.5, 49.375, 39.65625, 62.40625], [83.9375, 35.6875, 75.9375, 100.625, 109.375, 49.03125, 132.125, 138.25, 102.625, 171.625, 82.0, 55.46875, 104.375, 114.25, 166.375, 116.9375, 178.5, 42.375, 23.765625, 146.625, 114.1875, 170.5, 68.625, 158.125, 54.34375, 118.5625, 194.5, 135.875, 108.75, 127.5625, 154.125, 28.859375, 76.625, 0.0, 79.5, 109.5625, 140.75, 105.1875, 90.25, 121.25, 74.4375, 73.75, 78.625, 109.0, 152.125, 50.03125, 90.9375, 91.8125, 110.6875, 5.09765625, 175.75, 13.34375, 79.3125, 38.28125, 176.125, 122.5, 80.9375, 74.5, 104.125, 181.875, 110.8125, 80.8125, 66.9375, 118.125, 76.5625, 40.375, 69.625, 163.875, 205.375, 144.0, 105.0, 63.875, 118.625, 60.4375, 69.5625, 57.875, 111.8125, 126.8125, 109.1875, 140.875, 153.375, 95.8125, 64.5625, 103.3125, 49.34375, 129.75, 165.125, 116.8125, 163.75, 140.25, 131.875, 105.6875, 158.875, 164.625, 126.5625, 99.625, 81.625, 66.5, 94.5625, 16.28125, 119.0625, 131.125, 161.25, 83.125, 146.125, 140.75, 81.0, 55.15625, 166.0, 89.0625, 49.53125, 104.1875, 99.8125, 78.0625, 179.875, 125.375, 70.375, 119.3125, 90.8125, 58.6875, 97.9375], [4.47265625, 81.25, 90.5, 22.625, 75.9375, 32.1875, 73.6875, 67.0625, 87.4375, 127.5625, 12.3671875, 93.5, 117.3125, 45.1875, 100.3125, 50.0, 105.0625, 54.8125, 85.625, 87.6875, 72.0625, 91.1875, 107.4375, 108.1875, 89.3125, 64.4375, 116.625, 60.21875, 88.8125, 92.125, 79.625, 58.40625, 39.0625, 79.5, 0.0, 36.25, 61.96875, 75.3125, 62.8125, 42.1875, 88.625, 68.4375, 37.1875, 90.625, 114.0, 106.875, 106.25, 87.6875, 62.96875, 82.375, 102.625, 92.6875, 99.625, 61.40625, 98.4375, 48.0625, 64.0, 14.0390625, 63.25, 107.8125, 39.9375, 44.40625, 68.25, 119.6875, 26.40625, 71.1875, 113.5625, 112.5625, 130.875, 65.8125, 41.125, 49.71875, 41.03125, 104.0, 92.125, 107.1875, 32.3125, 55.46875, 39.21875, 83.25, 81.8125, 50.90625, 84.3125, 26.171875, 61.6875, 95.875, 87.9375, 66.25, 122.625, 90.625, 52.5, 114.75, 117.8125, 86.0, 84.375, 115.0, 20.25, 66.0625, 15.296875, 75.1875, 55.8125, 90.75, 94.5625, 26.578125, 75.5625, 87.6875, 2.236328125, 38.09375, 109.375, 35.34375, 38.3125, 78.3125, 32.375, 26.3125, 100.6875, 48.0, 9.21875, 122.4375, 12.8046875, 20.875, 24.703125], [32.6875, 101.375, 126.1875, 16.03125, 103.5, 66.6875, 41.59375, 70.0625, 78.375, 144.5, 28.28125, 129.625, 115.875, 57.78125, 103.9375, 16.28125, 98.875, 90.6875, 119.5, 54.0, 96.6875, 71.4375, 143.625, 123.5625, 103.3125, 84.125, 85.4375, 26.421875, 119.0, 116.6875, 74.875, 92.6875, 72.5625, 109.5625, 36.25, 0.0, 48.75, 104.125, 94.25, 21.46875, 124.3125, 71.6875, 39.0625, 121.0, 135.125, 142.25, 107.9375, 84.5, 41.03125, 113.25, 67.1875, 122.125, 135.375, 81.9375, 67.125, 51.625, 97.6875, 49.40625, 46.40625, 72.875, 5.38671875, 43.1875, 75.125, 112.5, 34.78125, 107.0625, 149.75, 126.5625, 96.3125, 36.6875, 60.625, 85.4375, 13.6015625, 140.125, 100.3125, 143.125, 23.859375, 19.234375, 6.40234375, 96.75, 45.8125, 37.5625, 120.4375, 36.125, 77.25, 74.375, 55.90625, 41.0625, 141.5, 108.3125, 36.6875, 112.0, 137.125, 57.0, 60.21875, 115.125, 51.96875, 73.0625, 29.0625, 108.3125, 70.75, 113.3125, 98.3125, 57.5625, 77.8125, 103.75, 36.25, 74.3125, 120.1875, 64.0, 61.28125, 108.0, 12.0, 59.4375, 80.125, 44.5625, 42.8125, 115.625, 23.765625, 53.03125, 12.0390625], [57.71875, 142.125, 130.375, 45.28125, 88.75, 92.0, 80.25, 31.140625, 127.0625, 109.4375, 64.0, 142.875, 164.5, 38.28125, 59.6875, 59.8125, 50.25, 109.25, 143.5, 86.9375, 78.4375, 29.96875, 154.25, 88.4375, 147.625, 61.6875, 66.75, 39.96875, 107.0, 94.9375, 27.65625, 116.875, 77.3125, 140.75, 61.96875, 48.75, 0.0, 91.6875, 89.0625, 27.3125, 128.875, 119.125, 85.125, 109.25, 106.0, 160.625, 156.25, 133.125, 88.25, 143.25, 70.0, 154.125, 139.75, 122.0625, 51.875, 25.234375, 97.3125, 66.875, 94.6875, 71.5625, 52.84375, 90.5, 121.625, 161.125, 77.625, 124.5625, 161.5, 89.75, 89.5, 29.125, 48.40625, 94.625, 35.34375, 153.375, 146.875, 158.25, 31.015625, 51.65625, 54.59375, 63.125, 60.4375, 86.3125, 128.75, 37.6875, 120.1875, 119.625, 46.375, 86.6875, 108.875, 78.0, 12.0859375, 160.75, 105.5, 37.65625, 104.6875, 163.625, 61.78125, 119.4375, 46.6875, 134.5, 46.8125, 88.9375, 54.59375, 63.25, 35.75, 72.0, 60.21875, 91.3125, 80.625, 62.96875, 99.1875, 96.625, 59.8125, 67.9375, 39.40625, 17.03125, 71.1875, 164.25, 53.0, 82.75, 53.375], [76.1875, 129.25, 49.34375, 88.1875, 5.09765625, 71.5, 145.5, 66.8125, 160.5, 66.5, 87.625, 72.3125, 184.625, 54.09375, 76.9375, 120.25, 99.875, 63.0625, 92.1875, 158.125, 15.8125, 116.5, 77.1875, 55.15625, 144.5, 31.890625, 158.375, 118.375, 15.5234375, 22.359375, 84.25, 76.9375, 38.59375, 105.1875, 75.3125, 104.125, 91.6875, 0.0, 15.6171875, 95.0625, 48.75, 137.0, 111.0625, 17.71875, 47.0, 94.25, 172.0, 158.125, 138.0, 104.1875, 158.375, 116.125, 56.875, 114.5625, 143.375, 66.875, 24.359375, 62.40625, 138.5, 161.25, 109.25, 118.1875, 134.375, 190.625, 100.4375, 67.9375, 84.75, 61.125, 180.875, 115.25, 45.90625, 42.4375, 100.3125, 80.4375, 153.5, 87.125, 84.375, 121.0625, 109.375, 47.4375, 142.75, 126.1875, 54.34375, 69.125, 121.0625, 171.125, 136.625, 140.75, 58.59375, 39.3125, 92.375, 183.25, 53.71875, 129.125, 159.375, 181.375, 55.09375, 132.375, 75.3125, 90.5, 45.28125, 26.46875, 73.8125, 48.75, 70.0, 42.4375, 73.75, 56.59375, 66.375, 40.59375, 97.625, 5.0, 105.375, 49.40625, 124.1875, 76.5625, 76.5625, 193.0, 83.1875, 78.25, 95.875], [64.25, 113.625, 43.0, 78.25, 19.234375, 56.09375, 135.0, 68.4375, 146.375, 81.4375, 75.125, 62.375, 169.375, 50.8125, 84.875, 110.0625, 105.125, 47.9375, 78.625, 148.125, 25.015625, 116.125, 69.75, 68.4375, 128.875, 35.84375, 155.625, 111.125, 26.25, 37.75, 86.375