{"name": "LZB_n120_17", "n": 120, "m": 15, "times": [[0.0, 120.1875, 88.4375, 79.25, 99.3125, 38.125, 67.9375, 92.1875, 76.9375, 66.5, 74.125, 91.0625, 105.5625, 72.9375, 66.1875, 108.6875, 33.53125, 85.875, 77.875, 122.0, 84.1875, 10.7734375, 78.4375, 87.3125, 78.8125, 72.1875, 115.125, 85.4375, 21.59375, 105.375, 6.40234375, 80.0, 40.15625, 89.0625, 86.4375, 67.0, 124.0, 72.875, 27.078125, 102.0625, 65.1875, 56.75, 121.25, 41.21875, 70.1875, 39.21875, 95.3125, 36.125, 86.125, 49.46875, 36.78125, 39.0, 89.875, 106.8125, 76.8125, 82.6875, 88.0625, 96.3125, 70.0, 25.5, 80.625, 67.6875, 64.5625, 61.84375, 23.4375, 70.0625, 57.375, 88.0, 91.3125, 31.578125, 53.15625, 80.0625, 74.4375, 107.8125, 71.0625, 98.3125, 58.0625, 23.015625, 44.71875, 28.65625, 96.875, 31.390625, 78.25, 111.8125, 97.8125, 62.15625, 84.5, 90.6875, 65.375, 89.3125, 95.4375, 49.03125, 79.8125, 108.1875, 59.125, 99.9375, 47.15625, 39.5625, 121.625, 95.3125, 69.625, 103.75, 97.5, 31.890625, 10.7734375, 90.25, 77.6875, 90.8125, 32.5625, 54.09375, 82.75, 113.125, 34.4375, 67.25, 34.4375, 115.75, 86.375, 60.09375, 111.0625, 88.125, 56.21875], [120.1875, 0.0, 207.875, 87.125, 116.1875, 105.3125, 159.125, 60.40625, 106.5, 156.375, 136.25, 176.625, 54.125, 192.25, 105.6875, 196.5, 145.375, 137.125, 136.625, 194.0, 169.0, 130.625, 145.25, 205.5, 41.40625, 191.5, 169.0, 151.875, 137.375, 225.125, 126.375, 156.875, 102.625, 140.125, 206.375, 168.625, 164.625, 50.34375, 101.125, 140.75, 185.25, 94.8125, 172.125, 81.0, 190.25, 98.375, 163.5, 128.75, 111.875, 156.5, 156.625, 154.875, 123.9375, 38.46875, 158.625, 144.0, 49.46875, 189.25, 95.0, 117.5625, 196.625, 159.625, 91.5625, 61.71875, 127.9375, 73.1875, 121.625, 197.75, 164.25, 110.5, 156.25, 75.25, 113.875, 222.375, 80.0, 186.5, 171.75, 114.625, 93.0, 111.375, 161.0, 89.0, 198.375, 136.125, 214.625, 60.15625, 43.40625, 193.875, 163.375, 207.875, 29.28125, 153.0, 166.375, 131.125, 164.625, 183.125, 165.0, 138.875, 18.59375, 33.53125, 78.125, 37.0, 191.375, 89.375, 130.625, 189.875, 119.625, 163.625, 114.25, 70.1875, 132.0, 178.125, 154.25, 187.25, 91.25, 8.546875, 204.5, 179.875, 10.1953125, 207.375, 170.875], [88.4375, 207.875, 0.0, 147.75, 168.125, 117.3125, 77.0, 178.0, 134.875, 79.0, 128.875, 112.3125, 192.0, 33.375, 126.25, 117.0, 75.375, 141.625, 113.1875, 142.625, 85.6875, 78.75, 126.6875, 39.96875, 166.5, 16.28125, 129.75, 107.3125, 70.625, 17.5, 82.0625, 118.0, 111.375, 143.125, 25.234375, 61.0625, 145.875, 161.25, 107.625, 158.125, 24.1875, 126.3125, 135.625, 129.5, 26.078125, 121.8125, 107.875, 98.25, 156.25, 77.125, 51.65625, 53.84375, 154.0, 194.75, 112.0, 132.75, 170.0, 76.0625, 148.125, 92.8125, 21.84375, 76.0, 133.75, 147.25, 89.9375, 147.125, 107.1875, 70.375, 126.125, 109.75, 82.75, 163.625, 127.6875, 32.5625, 154.125, 83.75, 61.0625, 94.875, 128.125, 99.5, 112.625, 118.9375, 22.5625, 152.0, 49.59375, 148.25, 172.875, 56.34375, 90.0, 38.0, 183.875, 64.75, 83.0, 151.0, 57.21875, 91.1875, 43.28125, 76.5625, 210.0, 180.375, 153.5, 186.75, 103.4375, 120.3125, 78.75, 91.75, 126.5625, 101.625, 107.8125, 138.75, 141.375, 144.375, 57.46875, 21.953125, 121.6875, 203.875, 10.296875, 28.421875, 199.0, 33.0, 59.21875], [79.25, 87.125, 147.75, 0.0, 146.25, 96.25, 80.9375, 105.875, 19.703125, 78.125, 140.125, 167.5, 112.0625, 145.0, 22.796875, 186.25, 112.8125, 148.375, 51.09375, 195.875, 86.6875, 88.5625, 147.125, 160.75, 61.625, 132.875, 82.0625, 66.25, 83.3125, 164.875, 82.5, 153.0, 40.0, 152.0, 155.75, 94.3125, 79.125, 72.625, 52.40625, 160.75, 130.25, 23.0, 85.375, 69.4375, 139.125, 91.0, 77.375, 109.9375, 135.125, 128.625, 104.6875, 95.5625, 144.25, 102.25, 151.25, 149.5, 37.65625, 107.8125, 113.25, 59.0625, 130.625, 81.6875, 15.0, 43.40625, 100.3125, 18.78125, 42.4375, 166.625, 163.75, 95.3125, 132.0, 106.875, 27.78125, 152.375, 103.0, 103.625, 136.5, 59.0, 90.9375, 53.0, 74.4375, 59.15625, 146.75, 52.625, 172.5, 46.53125, 82.5625, 117.0625, 143.625, 162.125, 81.625, 83.6875, 84.9375, 47.53125, 93.5625, 99.0, 106.25, 71.1875, 100.3125, 53.75, 100.1875, 52.0, 176.0, 68.5, 88.5625, 169.375, 33.09375, 78.375, 98.8125, 41.875, 143.875, 184.25, 109.0, 131.75, 77.4375, 88.6875, 141.125, 124.1875, 83.5, 159.625, 134.25], [99.3125, 116.1875, 168.125, 146.25, 0.0, 61.40625, 167.125, 55.78125, 155.875, 165.5, 41.875, 80.25, 64.125, 138.375, 147.125, 96.5625, 93.5625, 32.5625, 170.125, 84.5, 183.25, 102.1875, 48.15625, 144.0, 95.4375, 154.625, 209.25, 181.0, 119.5, 181.25, 103.6875, 61.53125, 123.4375, 33.59375, 152.875, 165.75, 214.625, 79.875, 108.875, 26.46875, 144.75, 132.625, 215.0, 78.25, 142.625, 62.3125, 192.0, 71.4375, 13.15625, 91.75, 124.375, 134.0, 15.6171875, 78.75, 66.625, 43.125, 125.8125, 195.5, 33.28125, 120.1875, 169.75, 166.875, 137.0, 103.9375, 83.0, 128.125, 148.25, 120.8125, 62.4375, 67.75, 86.9375, 43.40625, 157.75, 196.125, 43.9375, 197.625, 109.375, 116.375, 59.09375, 119.25, 192.625, 92.5625, 148.625, 195.0, 147.375, 101.125, 77.375, 188.125, 84.375, 147.125, 89.5625, 148.125, 178.875, 190.25, 157.5, 199.0, 138.25, 138.625, 102.6875, 118.6875, 46.75, 130.75, 97.9375, 82.75, 102.1875, 102.5625, 163.0, 188.25, 67.25, 104.375, 29.828125, 67.75, 114.0, 147.0, 73.8125, 107.6875, 170.875, 142.625, 107.0, 149.375, 110.5], [38.125, 105.3125, 117.3125, 96.25, 61.40625, 0.0, 105.75, 61.625, 101.125, 104.125, 43.84375, 75.5625, 75.75, 93.4375, 91.25, 95.4375, 43.875, 53.03125, 110.625, 100.6875, 121.8125, 42.59375, 51.0, 104.25, 67.5, 101.9375, 149.375, 120.4375, 59.03125, 132.875, 43.0, 58.25, 65.4375, 56.5625, 108.375, 105.0625, 156.125, 55.09375, 50.0, 67.4375, 93.125, 77.875, 155.25, 29.609375, 94.375, 7.0703125, 131.125, 23.703125, 48.28125, 51.96875, 68.0, 74.9375, 53.21875, 81.375, 57.875, 53.25, 89.25, 134.5, 32.375, 59.25, 114.1875, 105.5625, 84.0, 61.625, 27.453125, 80.9375, 88.8125, 92.6875, 68.375, 7.6171875, 51.09375, 46.3125, 101.3125, 141.375, 36.90625, 136.375, 68.625, 55.53125, 12.53125, 59.0625, 132.125, 37.1875, 101.8125, 139.5, 111.8125, 60.03125, 63.0625, 128.25, 58.25, 106.9375, 76.6875, 87.125, 117.5, 135.125, 97.0, 137.625, 81.0625, 77.25, 101.125, 90.0, 36.40625, 101.0625, 88.0625, 27.78125, 42.59375, 85.1875, 105.875, 127.125, 9.8984375, 57.59375, 48.90625, 88.125, 59.9375, 95.375, 19.3125, 98.8125, 117.6875, 89.4375, 95.1875, 107.5, 68.25], [67.9375, 159.125, 77.0, 80.9375, 167.125, 105.75, 0.0, 151.625, 63.8125, 2.828125, 140.25, 147.0, 163.125, 89.1875, 58.125, 160.5, 87.0625, 152.625, 36.875, 179.875, 16.546875, 67.25, 143.125, 104.375, 121.875, 66.3125, 56.9375, 30.59375, 49.65625, 92.25, 64.1875, 141.5, 57.375, 155.625, 93.875, 16.03125, 71.3125, 123.75, 64.9375, 169.25, 68.9375, 65.0, 63.28125, 98.5, 80.0625, 105.6875, 34.125, 101.25, 154.0, 100.875, 58.0, 43.125, 157.75, 159.75, 137.0, 148.125, 112.625, 31.046875, 136.75, 49.09375, 56.15625, 1.0, 70.0625, 98.875, 87.875, 87.625, 38.90625, 123.6875, 152.5, 99.4375, 106.8125, 143.125, 55.5625, 73.0, 135.0, 31.0, 97.1875, 53.09375, 110.3125, 52.78125, 38.0, 82.75, 85.4375, 75.0, 116.6875, 101.25, 136.375, 36.125, 119.3125, 104.375, 142.75, 22.015625, 12.0859375, 74.25, 21.1875, 32.0, 48.5625, 28.4375, 167.375, 126.75, 133.0, 129.375, 147.125, 90.125, 67.25, 136.75, 52.8125, 28.015625, 100.4375, 91.0, 150.0, 174.5, 69.375, 69.25, 97.0, 157.875, 68.0625, 63.6875, 152.5, 100.3125, 94.375], [92.1875, 60.40625, 178.0, 105.875, 55.78125, 61.625, 151.625, 0.0, 120.3125, 149.375, 79.8125, 121.75, 14.140625, 155.0, 114.125, 141.0, 105.5, 78.4375, 142.75, 135.375, 165.625, 100.25, 88.75, 165.5, 46.03125, 162.25, 181.0, 156.25, 113.4375, 194.0, 98.4375, 101.5625, 97.0, 81.25, 170.0, 155.75, 182.375, 33.25, 86.6875, 80.5, 154.0, 99.4375, 185.75, 53.375, 155.875, 56.40625, 168.125, 84.25, 52.0, 112.1875, 127.25, 131.125, 64.0, 24.1875, 104.375, 86.5, 77.0, 182.5, 38.625, 102.75, 172.625, 151.75, 101.125, 62.9375, 88.875, 87.0625, 122.125, 150.875, 107.25, 68.875, 110.0, 17.46875, 124.75, 199.875, 25.8125, 182.375, 129.5, 98.8125, 50.0, 98.875, 167.375, 68.875, 163.375, 158.125, 172.5, 59.78125, 24.84375, 180.75, 113.875, 168.375, 34.46875, 137.75, 161.875, 153.125, 149.0, 181.5, 139.125, 124.9375, 48.03125, 66.5, 25.5, 78.125, 138.0, 62.375, 100.25, 138.625, 130.625, 166.0, 71.5, 67.25, 73.5625, 119.125, 120.6875, 156.125, 57.78125, 51.96875, 177.5, 149.75, 51.25, 169.0, 129.5], [76.9375, 106.5, 134.875, 19.703125, 155.875, 101.125, 63.8125, 120.3125, 0.0, 61.0625, 144.625, 167.75, 127.875, 136.0, 10.7734375, 185.625, 109.8125, 154.125, 31.625, 197.75, 67.875, 84.75, 150.875, 152.0, 78.25, 120.8125, 63.1875, 46.65625, 75.8125, 151.625, 78.75, 155.0, 37.21875, 157.75, 145.375, 78.25, 62.15625, 87.3125, 52.4375, 167.875, 119.5, 23.4375, 67.0, 77.6875, 129.125, 96.9375, 57.6875, 111.0, 144.0, 125.9375, 96.1875, 85.125, 152.125, 119.25, 152.625, 153.875, 57.0, 89.125, 122.5625, 53.15625, 116.375, 64.6875, 19.3125, 57.5, 99.75, 35.0, 27.65625, 161.375, 166.125, 98.6875, 130.0, 119.125, 8.484375, 136.375, 114.0625, 84.5, 131.25, 54.4375, 98.0625, 48.46875, 54.78125, 64.4375, 136.375, 39.125, 164.125, 60.625, 98.3125, 99.625, 142.375, 153.0, 99.0, 70.0625, 66.5, 34.40625, 78.75, 79.625, 95.3125, 59.3125, 119.0625, 73.0, 111.375, 71.6875, 174.375, 74.4375, 84.75, 166.75, 13.4140625, 58.84375, 101.8125, 53.5, 149.875, 187.375, 102.4375, 120.6875, 83.625, 107.6875, 127.5, 113.4375, 102.4375, 150.125, 128.875], [66.5, 156.375, 79.0, 78.125, 165.5, 104.125, 2.828125, 149.375, 61.0625, 0.0, 139.25, 146.75, 160.875, 90.25, 55.3125, 160.5, 86.625, 151.5, 34.53125, 179.625, 17.71875, 66.1875, 142.25, 105.625, 119.25, 67.875, 56.3125, 29.125, 48.75, 94.4375, 62.96875, 140.875, 54.78125, 154.5, 95.3125, 18.25, 70.25, 121.3125, 62.65625, 168.125, 70.1875, 62.1875, 62.6875, 96.3125, 81.25, 103.9375, 33.59375, 100.25, 152.375, 100.6875, 58.125, 43.28125, 156.375, 157.25, 136.5, 147.125, 109.8125, 33.53125, 135.0, 47.0, 58.3125, 3.60546875, 67.25, 96.25, 86.8125, 84.8125, 36.0625, 124.3125, 152.0, 98.0, 106.5, 141.0, 52.84375, 75.625, 133.0, 33.0625, 97.4375, 51.0, 108.4375, 50.5, 37.21875, 80.5, 86.8125, 73.0, 117.9375, 98.625, 133.875, 38.9375, 119.125, 105.625, 140.25, 21.9375, 13.34375, 72.125, 22.5625, 33.53125, 49.25, 26.921875, 164.75, 124.0, 131.0, 126.5, 147.25, 88.0625, 66.1875, 137.0, 50.15625, 27.65625, 99.0625, 88.375, 148.75, 173.875, 69.3125, 70.625, 95.0625, 155.25, 70.1875, 64.875, 149.875, 101.625, 94.625], [74.125, 136.25, 128.875, 140.125, 41.875, 43.84375, 140.25, 79.8125, 144.625, 139.25, 0.0, 42.15625, 92.375, 97.8125, 134.5, 61.125, 57.3125, 13.0390625, 151.375, 59.03125, 156.75, 73.0, 9.0546875, 102.4375, 104.375, 116.4375, 189.125, 159.5, 90.625, 141.0, 76.5, 21.9375, 108.1875, 15.5234375, 111.9375, 135.75, 197.375, 89.5625, 92.625, 30.15625, 106.5, 121.5, 195.25, 72.0, 102.9375, 49.25, 169.25, 39.0, 33.3125, 51.78125, 89.9375, 101.875, 26.421875, 103.8125, 25.8125, 9.4375, 130.25, 165.75, 41.59375, 98.8125, 133.0, 139.875, 127.8125, 103.625, 52.40625, 124.4375, 130.125, 79.0, 28.015625, 45.96875, 46.3125, 62.59375, 144.25, 158.5, 56.3125, 169.25, 68.6875, 95.625, 50.6875, 100.125, 171.0, 81.0, 108.4375, 182.5, 105.5, 101.5625, 93.0, 155.5, 42.53125, 105.625, 107.0625, 119.25, 152.375, 178.25, 126.9375, 172.0, 103.9375, 112.6875, 127.125, 128.25, 58.125, 140.0, 59.0625, 71.5625, 73.0, 61.84375, 148.5, 164.625, 43.1875, 100.625, 12.6484375, 44.9375, 78.4375, 108.5625, 62.78125, 128.5, 132.625, 105.0625, 126.125, 108.0625, 70.0625], [91.0625, 176.625, 112.3125, 167.5, 80.25, 75.5625, 147.0, 121.75, 167.75, 146.75, 42.15625, 0.0, 134.5, 78.9375, 157.125, 20.0, 60.875, 47.8125, 167.125, 33.0, 163.0, 85.0, 33.53125, 77.125, 142.0, 104.125, 201.5, 171.875, 99.75, 120.0, 90.4375, 20.25, 130.625, 46.75, 90.0625, 138.125, 212.625, 128.125, 115.875, 58.40625, 94.5625, 146.375, 207.875, 105.0625, 87.125, 82.375, 179.75, 57.59375, 74.4375, 46.09375, 89.625, 104.1875, 65.0, 145.625, 18.03125, 37.4375, 164.75, 166.875, 83.25, 116.1875, 123.0, 146.375, 153.625, 137.0, 68.0, 154.375, 147.875, 47.0625, 18.59375, 73.75, 40.3125, 104.375, 165.5, 144.5, 97.5, 172.0, 53.84375, 114.0625, 86.0625, 119.6875, 182.5, 109.5, 89.8125, 202.75, 75.6875, 135.5, 133.25, 152.5, 27.65625, 80.125, 147.375, 124.9375, 158.625, 199.125, 129.25, 176.5, 101.875, 123.0625, 168.625, 165.25, 99.0625, 176.5, 17.6875, 101.625, 85.0, 24.703125, 168.625, 174.125, 69.875, 132.25, 51.3125, 32.125, 77.8125, 96.1875, 94.375, 169.125, 118.875, 95.625, 166.5, 84.0, 56.46875], [105.5625, 54.125, 192.0, 112.0625, 64.125, 75.75, 163.125, 14.140625, 127.875, 160.875, 92.375, 134.5, 0.0, 169.125, 122.5625, 153.375, 119.625, 89.8125, 152.0, 146.375, 176.75, 113.875, 101.1875, 179.625, 50.59375, 176.125, 189.75, 166.0, 126.625, 208.0, 111.8125, 114.25, 107.4375, 92.375, 184.125, 168.0, 190.125, 41.0625, 98.25, 90.0, 167.875, 108.25, 194.25, 65.8125, 169.875, 70.4375, 178.0, 98.375, 62.65625, 126.25, 141.0, 144.5, 74.4375, 15.65625, 117.375, 98.5, 80.0625, 194.125, 51.875, 114.75, 186.125, 163.375, 109.0625, 70.5625, 102.9375, 93.625, 132.125, 164.75, 119.375, 83.0, 124.0, 31.0625, 133.0, 213.375, 39.8125, 193.625, 143.625, 110.875, 64.0, 110.4375, 177.0, 80.75, 177.5, 164.75, 186.5, 67.5, 29.609375, 193.25, 127.625, 182.5, 33.59375, 150.25, 173.125, 159.625, 161.625, 192.5, 152.625, 137.125, 38.84375, 67.4375, 39.625, 78.125, 151.0, 75.0, 113.875, 152.125, 138.875, 176.25, 85.625, 76.0625, 85.125, 129.875, 134.625, 170.125, 71.125, 45.625, 191.25, 163.625, 46.3125, 183.125, 143.625], [72.9375, 192.25, 33.375, 145.0, 138.375, 93.4375, 89.1875, 155.0, 136.0, 90.25, 97.8125, 78.9375, 169.125, 0.0, 126.0625, 84.3125, 49.59375, 110.125, 121.0625, 109.5, 102.0625, 62.15625, 94.75, 16.03125, 151.125, 27.796875, 145.75, 119.25, 61.8125, 43.1875, 67.25, 85.3125, 105.5625, 111.375, 15.0, 75.1875, 160.5, 143.25, 97.4375, 126.3125, 20.8125, 122.1875, 152.0, 111.5, 9.8984375, 99.0, 123.0, 71.625, 127.125, 46.625, 40.3125, 51.25, 123.625, 174.125, 79.25, 100.8125, 160.375, 98.5, 121.75, 86.125, 46.875, 88.25, 130.125, 134.75, 66.5, 140.125, 109.25, 38.84375, 93.0, 86.25, 51.53125, 139.375, 130.25, 65.75, 130.0, 105.25, 29.125, 86.875, 105.375, 92.5625, 127.125, 104.1875, 11.0, 160.625, 28.28125, 135.125, 153.625, 80.6875, 57.3125, 17.125, 166.0, 70.3125, 98.4375, 158.625, 68.0, 111.625, 41.96875, 77.3125, 191.875, 168.25, 129.75, 176.375, 70.5625, 102.9375, 62.15625, 58.875, 130.625, 116.75, 83.5625, 126.875, 110.4375, 111.0, 38.46875, 21.265625, 102.0, 187.25, 40.5, 25.5, 182.75, 15.234375, 27.859375], [66.1875, 105.6875, 126.25, 22.796875, 147.125, 91.25, 58.125, 114.125, 10.7734375, 55.3125, 134.5, 157.125, 122.5625, 126.0625, 0.0, 174.875, 99.0, 144.25, 31.046875, 187.25, 64.625, 74.0, 140.625, 142.0, 74.125, 111.8125, 67.1875, 46.1875, 65.375, 143.25, 68.0, 144.5, 26.625, 147.75, 135.875, 71.5625, 68.625, 81.625, 42.0, 158.25, 110.0, 14.8671875, 71.6875, 68.9375, 119.4375, 87.3125, 57.96875, 100.375, 135.125, 115.1875, 86.0, 75.4375, 142.75, 115.0, 142.0, 143.75, 56.8125, 85.625, 113.875, 42.4375, 108.4375, 58.90625, 14.3203125, 52.09375, 89.0625, 32.5625, 19.71875, 150.875, 155.625, 88.5, 119.25, 111.6875, 10.7734375, 129.625, 106.125, 81.8125, 120.625, 43.65625, 88.8125, 37.6875, 55.90625, 55.0, 126.75, 48.28125, 154.0, 55.15625, 93.1875, 94.25, 131.625, 143.125, 95.3125, 61.6875, 62.625, 43.875, 71.125, 77.8125, 85.8125, 50.0, 116.9375, 72.25, 103.5, 72.6875, 163.625, 65.0, 74.0, 155.875, 16.5, 57.9375, 91.5625, 46.875, 140.125, 177.0, 91.9375, 111.3125, 74.1875, 106.0625, 119.25, 103.9375, 100.6875, 140.25, 118.25], [108.6875, 196.5, 117.0, 186.25, 96.5625, 95.4375, 160.5, 141.0, 185.625, 160.5, 61.125, 20.0, 153.375, 84.3125, 174.875, 0.0, 76.875, 64.875, 183.125, 27.015625, 176.125, 101.6875, 52.1875, 78.625, 162.0, 111.375, 216.125, 186.75, 115.1875, 122.0, 107.4375, 39.625, 148.625, 63.125, 92.875, 150.375, 228.0, 148.125, 134.25, 72.5, 102.5, 164.75, 222.625, 124.875, 93.5, 102.3125, 193.875, 76.625, 92.1875, 61.03125, 102.5625, 117.375, 81.875, 164.875, 38.0, 55.15625, 184.625, 178.0, 102.625, 133.375, 130.625, 159.75, 172.125, 156.75, 86.1875, 173.625, 164.625, 47.0625, 34.4375, 93.375, 56.09375, 123.6875, 183.0, 149.625, 117.0625, 183.625, 64.0, 131.5, 106.0625, 137.25, 197.0, 128.75, 94.5625, 219.75, 74.125, 155.25, 153.0, 162.25, 43.40625, 81.375, 167.25, 138.625, 171.875, 216.375, 141.625, 188.75, 113.5625, 138.25, 188.125, 185.125, 118.6875, 196.375, 13.890625, 121.1875, 101.6875, 25.5, 185.75, 188.125, 89.4375, 151.75, 68.9375, 36.25, 91.3125, 103.75, 114.125, 189.0, 124.8125, 104.625, 186.25, 85.9375, 66.8125], [33.53125, 145.375, 75.375, 112.8125, 93.5625, 43.875, 87.0625, 105.5, 109.8125, 86.625, 57.3125, 60.875, 119.625, 49.59375, 99.0, 76.875, 0.0, 70.375, 106.375, 93.375, 103.4375, 25.078125, 57.96875, 60.8125, 104.9375, 61.125, 140.75, 111.0, 38.90625, 89.9375, 31.015625, 54.59375, 73.5, 72.6875, 64.5625, 80.125, 151.75, 95.375, 60.53125, 87.4375, 51.53125, 90.25, 147.125, 64.5, 51.09375, 49.59375, 119.125, 22.84375, 81.25, 16.15625, 32.75, 45.6875, 80.3125, 124.875, 49.9375, 63.5625, 119.1875, 109.9375, 72.9375, 56.875, 76.3125, 86.5625, 98.0625, 91.8125, 17.5, 103.0625, 87.8125, 55.21875, 65.5, 36.78125, 20.8125, 89.8125, 106.5, 102.5625, 80.4375, 114.0625, 26.578125, 55.375, 55.90625, 61.34375, 121.6875, 60.8125, 58.25, 142.875, 69.375, 91.4375, 105.125, 98.5, 33.59375, 63.40625, 118.0, 65.1875, 99.0, 139.625, 71.1875, 117.75, 46.6875, 62.21875, 143.375, 124.4375, 80.125, 134.0, 64.875, 56.90625, 25.078125, 56.90625, 109.125, 113.6875, 33.96875, 84.875, 69.0, 87.375, 21.09375, 53.75, 54.125, 139.625, 77.375, 49.03125, 135.5, 63.6875, 25.5], [85.875, 137.125, 141.625, 148.375, 32.5625, 53.03125, 152.625, 78.4375, 154.125, 151.5, 13.0390625, 47.8125, 89.8125, 110.125, 144.25, 64.875, 70.375, 0.0, 162.5, 57.03125, 169.125, 85.4375, 16.125, 114.0, 108.25, 129.375, 200.625, 171.125, 103.125, 153.25, 88.625, 29.0625, 118.3125, 3.60546875, 124.0625, 148.5, 208.375, 92.875, 102.8125, 17.125, 119.3125, 130.875, 206.75, 79.3125, 115.5625, 57.5, 181.125, 51.53125, 27.515625, 64.5, 102.9375, 114.75, 17.203125, 102.5625, 34.40625, 10.6328125, 135.75, 178.625, 42.4375, 110.125, 146.0, 152.25, 136.75, 110.0625, 64.875, 132.0, 141.0, 89.0625, 30.40625, 56.40625, 58.84375, 62.0, 154.25, 171.375, 57.4375, 181.875, 81.0, 106.75, 57.6875, 111.0, 182.75, 89.9375, 120.8125, 192.5, 116.3125, 107.8125, 94.625, 168.5, 53.84375, 117.1875, 108.375, 131.875, 164.75, 188.125, 139.75, 184.5, 116.9375, 124.875, 126.375, 132.25, 59.6875, 144.25, 65.4375, 80.125, 85.4375, 70.0625, 158.75, 176.625, 54.09375, 107.9375, 5.09765625, 41.125, 91.4375, 121.4375, 71.0625, 129.0, 145.5, 118.0625, 127.1875, 119.875, 82.5625], [77.875, 136.625, 113.1875, 51.09375, 170.125, 110.625, 36.875, 142.75, 31.625, 34.53125, 151.375, 167.125, 152.0, 121.0625, 31.046875, 183.125, 106.375, 162.5, 0.0, 199.0, 37.0, 82.25, 156.25, 136.875, 104.6875, 101.125, 39.21875, 15.234375, 67.9375, 128.875, 77.125, 157.625, 47.125, 165.875, 127.875, 52.78125, 46.09375, 111.0, 61.3125, 177.875, 102.125, 44.09375, 44.78125, 93.6875, 112.8125, 108.25, 26.921875, 114.0, 157.5, 122.0625, 84.3125, 70.5, 163.75, 145.375, 154.25, 160.25, 87.4375, 58.125, 137.375, 52.625, 92.75, 37.84375, 45.34375, 82.125, 101.125, 63.59375, 21.9375, 151.875, 169.0, 106.25, 127.1875, 138.25, 23.328125, 109.4375, 131.75, 53.0625, 123.0, 55.8125, 111.0625, 51.625, 25.078125, 78.125, 119.0625, 39.625, 149.25, 85.125, 123.0, 70.6875, 140.0, 137.25, 126.0, 50.8125, 36.34375, 38.0625, 56.0, 48.0, 79.0625, 45.625, 148.0, 103.125, 129.25, 102.875, 170.625, 87.6875, 82.25, 161.375, 18.4375, 27.296875, 108.4375, 76.0, 158.875, 191.0, 93.5, 102.8125, 96.375, 137.125, 104.5625, 96.3125, 131.75, 133.625, 120.3125], [122.0, 194.0, 142.625, 195.875, 84.5, 100.6875, 179.875, 135.375, 197.75, 179.625, 59.03125, 33.0, 146.375, 109.5, 187.25, 27.015625, 93.375, 57.03125, 199.0, 0.0, 196.0, 116.875, 50.4375, 105.0625, 163.375, 135.75, 234.125, 204.375, 132.25, 148.5, 122.0, 42.9375, 160.625, 54.15625, 119.0625, 171.125, 244.75, 148.5, 145.375, 58.1875, 126.4375, 175.625, 240.5, 130.0, 118.25, 106.875, 212.375, 86.8125, 83.75, 79.0, 122.625, 137.25, 72.0, 159.5, 45.21875, 50.34375, 189.0, 199.75, 99.0625, 147.375, 154.875, 179.25, 182.625, 161.875, 98.625, 181.5, 179.25, 73.5625, 32.3125, 100.625, 73.125, 119.0625, 196.125, 175.125, 114.125, 205.0, 86.3125, 145.0, 109.1875, 150.375, 215.125, 136.875, 120.0625, 233.75, 101.0625, 160.0, 151.25, 185.125, 60.59375, 107.9375, 165.125, 157.875, 191.625, 230.0, 162.25, 209.5, 134.875, 155.625, 183.375, 187.25, 116.1875, 199.0, 39.46875, 128.125, 116.875, 51.0, 199.625, 207.0, 97.0625, 158.25, 62.0, 16.765625, 110.8125, 127.9375, 120.0, 186.0, 149.875, 127.9375, 184.125, 112.3125, 89.0], [84.1875, 169.0, 85.6875, 86.6875, 183.25, 121.8125, 16.546875, 165.625, 67.875, 17.71875, 156.75, 163.0, 176.75, 102.0625, 64.625, 176.125, 103.4375, 169.125, 37.0, 196.0, 0.0, 83.75, 159.625, 116.75, 133.5, 77.25, 44.28125, 24.703125, 66.1875, 99.3125, 80.625, 158.0, 69.625, 172.125, 105.125, 26.921875, 60.21875, 136.75, 79.125, 185.75, 81.4375, 74.25, 50.34375, 113.0625, 92.5625, 121.5, 22.203125, 117.8125, 170.125, 117.0, 73.6875, 58.90625, 174.0, 172.5, 153.375, 164.625, 121.0625, 21.21875, 152.5, 64.125, 63.9375, 17.0, 78.0625, 110.375, 104.375, 96.25, 47.4375, 138.0, 169.0, 115.6875, 123.0, 158.0, 59.40625, 75.3125, 150.125, 17.46875, 112.4375, 68.125, 125.875, 67.0, 27.078125, 97.0625, 97.1875, 69.875, 128.875, 112.9375, 149.25, 35.15625, 135.375, 116.375, 154.75, 38.28125, 4.47265625, 70.1875, 34.84375, 16.03125, 63.125, 44.65625, 178.5, 136.0, 148.0, 137.25, 162.625, 105.0, 83.75, 152.125, 55.21875, 16.03125, 116.75, 102.875, 166.375, 190.875, 85.25, 81.375, 112.3125, 168.5, 75.9375, 76.6875, 163.125, 112.0, 109.625], [10.7734375, 130.625, 78.75, 88.5625, 102.1875, 42.59375, 67.25, 100.25, 84.75, 66.1875, 73.0, 85.0, 113.875, 62.15625, 74.0, 101.6875, 25.078125, 85.4375, 82.25, 116.875, 83.75, 0.0, 76.1875, 76.5625, 89.3125, 62.625, 117.9375, 88.0625, 17.71875, 95.5, 6.08203125, 75.9375, 48.84375, 88.375, 75.8125, 63.78125, 128.0, 82.75, 37.0625, 102.125, 55.15625, 65.75, 124.1875, 50.90625, 59.625, 45.21875, 97.0625, 34.0, 89.0625, 41.21875, 27.203125, 32.375, 91.4375, 116.0625, 72.125, 80.9375, 98.75, 93.75, 74.9375, 31.78125, 72.5, 66.875, 73.6875, 72.625, 20.609375, 80.3125, 62.96875, 78.1875, 87.1875, 35.21875, 45.65625, 87.0625, 81.4375, 99.8125, 77.8125, 96.5625, 48.0, 30.359375, 51.25, 36.40625, 99.1875, 42.0625, 67.6875, 118.0, 87.0625, 72.9375, 94.125, 86.0, 58.3125, 78.5625, 105.5, 46.5625, 79.3125, 114.625, 55.3125, 99.0, 39.0, 39.96875, 131.625, 106.125, 76.6875, 114.5, 89.875, 41.78125, 0.0, 81.9375, 84.125, 92.125, 35.0, 64.875, 82.875, 109.25, 23.703125, 57.28125, 43.0, 126.0625, 77.375, 50.34375, 121.375, 77.375, 46.0], [78.4375, 145.25, 126.6875, 147.125, 48.15625, 51.0, 143.125, 88.75, 150.875, 142.25, 9.0546875, 33.53125, 101.1875, 94.75, 140.625, 52.1875, 57.96875, 16.125, 156.25, 50.4375, 159.625, 76.1875, 0.0, 98.0625, 113.125, 115.0, 193.375, 163.625, 93.5, 137.875, 80.125, 13.6015625, 114.125, 16.765625, 108.4375, 137.625, 202.25, 98.4375, 98.625, 31.578125, 105.0, 128.0, 199.625, 79.875, 100.625, 56.875, 173.125, 42.4375, 41.0625, 50.0, 90.6875, 103.4375, 32.5625, 112.8125, 18.4375, 6.08203125, 138.625, 167.625, 50.625, 103.5625, 132.25, 142.625, 134.5, 111.6875, 55.75, 131.875, 135.25, 72.9375, 19.0, 52.1875, 44.03125, 71.5625, 150.125, 157.0, 65.375, 171.375, 65.75, 100.5625, 58.8125, 105.375, 175.0, 88.0, 105.5625, 188.25, 100.1875, 109.75, 102.0625, 156.5, 37.9375, 101.25, 116.125, 121.75, 155.125, 184.25, 128.75, 174.5, 104.5625, 116.125, 136.125, 137.0, 67.1875, 148.625, 50.78125, 78.75, 76.1875, 54.4375, 154.25, 168.25, 49.03125, 108.3125, 18.390625, 37.125, 78.875, 107.0, 70.1875, 137.5, 131.0, 104.125, 135.125, 104.0625, 67.5], [87.3125, 205.5, 39.96875, 160.75, 144.0, 104.25, 104.375, 165.5, 152.0, 105.625, 102.4375, 77.125, 179.625, 16.03125, 142.0, 78.625, 60.8125, 114.0, 136.875, 105.0625, 116.75, 76.5625, 98.0625, 0.0, 164.625, 40.21875, 160.75, 134.75, 77.5, 43.40625, 81.9375, 87.0625, 121.1875, 114.8125, 14.765625, 89.9375, 175.625, 155.875, 112.5625, 129.375, 35.46875, 137.875, 166.875, 124.5, 24.359375, 110.25, 138.0, 81.3125, 133.625, 54.03125, 56.15625, 67.25, 128.75, 185.5, 81.0625, 104.0625, 175.25, 111.625, 130.625, 101.8125, 58.0, 103.4375, 145.875, 149.125, 78.25, 155.5, 125.25, 31.578125, 93.1875, 97.4375, 57.6875, 149.25, 146.25, 72.0, 140.0, 118.6875, 36.125, 102.4375, 116.5, 108.1875, 142.25, 118.3125, 20.0, 176.5, 12.3671875, 149.25, 165.875, 92.9375, 60.15625, 3.162109375, 178.625, 86.125, 113.1875, 174.625, 83.1875, 125.375, 57.875, 93.3125, 204.125, 182.5, 140.0, 191.0, 65.625, 116.3125, 76.5625, 54.21875, 146.625, 131.75, 94.375, 141.375, 115.0625, 109.0, 53.15625, 35.34375, 114.5625, 200.125, 49.21875, 40.8125, 195.875, 7.28125, 36.0625], [78.8125, 41.40625, 166.5, 61.625, 95.4375, 67.5, 121.875, 46.03125, 78.25, 119.25, 104.375, 142.0, 50.59375, 151.125, 74.125, 162.0, 104.9375, 108.25, 104.6875, 163.375, 133.5, 89.3125, 113.125, 164.625, 0.0, 150.25, 141.0, 119.375, 96.1875, 183.75, 85.0, 123.25, 64.5, 111.6875, 165.0, 129.875, 140.125, 15.65625, 60.59375, 115.9375, 143.875, 60.65625, 145.125, 40.5, 149.0, 60.40625, 131.375, 90.0, 87.1875, 117.0625, 115.25, 113.875, 98.5, 41.0625, 124.0, 113.1875, 31.140625, 152.625, 66.5, 77.4375, 155.75, 122.25, 60.0, 23.09375, 87.6875, 43.40625, 86.5625, 158.5, 132.0, 71.5625, 117.375, 52.1875, 84.0, 182.0, 52.3125, 150.875, 131.5, 74.1875, 56.03125, 71.5625, 129.75, 47.625, 157.0, 114.25, 174.0, 20.609375, 21.46875, 155.25, 125.625, 166.875, 21.375, 113.4375, 130.25, 109.125, 125.125, 148.5, 123.75, 99.3125, 45.65625, 24.046875, 49.65625, 36.0625, 155.375, 48.3125, 89.3125, 152.625, 90.0, 130.375, 75.5, 30.875, 103.1875, 148.75, 112.875, 145.875, 51.25, 37.53125, 163.375, 138.5, 32.53125, 166.25, 130.375], [72.1875, 191.5, 16.28125, 132.875, 154.625, 101.9375, 66.3125, 162.25, 120.8125, 67.875, 116.4375, 104.125, 176.125, 27.796875, 111.8125, 111.375, 61.125, 129.375, 101.125, 135.75, 77.25, 62.625, 115.0, 40.21875, 150.25, 0.0, 121.5, 96.875, 54.40625, 33.59375, 65.8125, 107.4375, 95.75, 131.125, 27.859375, 50.96875, 137.0, 145.0, 91.5, 146.125, 10.0, 111.0625, 127.5625, 113.375, 18.03125, 106.1875, 99.0, 83.8125, 142.375, 65.0, 35.46875, 38.0, 140.875, 178.625, 101.625, 121.0, 154.0, 71.375, 133.125, 76.9375, 19.234375, 65.3125, 118.625, 131.0, 74.75, 131.5, 93.1875, 66.625, 116.375, 94.375, 71.0, 148.125, 114.0, 42.0625, 138.75, 78.5, 50.8125, 78.875, 112.5, 83.625, 103.4375, 102.625, 20.25, 140.5, 51.96875, 132.0, 156.625, 53.03125, 79.75, 39.4375, 167.625, 51.15625, 74.0, 139.125, 45.40625, 85.25, 27.296875, 61.84375, 193.75, 164.25, 137.875, 170.875, 97.5, 104.0625, 62.625, 85.875, 113.375, 92.625, 92.625, 122.625, 128.75, 135.875, 42.0625, 8.0625, 105.625, 187.5, 16.28125, 12.53125, 182.75, 34.875, 48.5], [115.125, 169.0, 129.75, 82.0625, 209.25, 149.375, 56.9375, 181.0, 63.1875, 56.3125, 189.125, 201.5, 189.75, 145.75, 67.1875, 216.125, 140.75, 200.625, 39.21875, 234.125, 44.28125, 117.9375, 193.375, 160.75, 141.0, 121.5, 0.0, 29.828125, 101.875, 142.75, 113.4375, 193.875, 86.3125, 204.0, 149.375, 70.75, 17.125, 148.75, 100.4375, 216.375, 125.3125, 81.625, 6.40234375, 132.875, 136.5, 147.25, 22.828125, 151.0, 196.625, 155.625, 114.1875, 99.375, 202.625, 182.0, 189.875, 197.75, 119.6875, 57.0, 176.625, 90.5625, 107.9375, 57.8125, 81.0, 119.25, 137.75, 98.125, 61.09375, 180.625, 205.125, 144.625, 161.25, 177.25, 57.0, 116.0, 170.875, 49.03125, 153.625, 94.0, 150.25, 90.3125, 19.203125, 117.3125, 141.375, 39.6875, 172.875, 122.3125, 160.375, 76.1875, 174.0, 160.5, 162.0, 78.0, 47.53125, 43.0, 77.8125, 41.0625, 105.5, 78.5, 182.25, 135.75, 168.375, 133.125, 203.125, 126.875, 117.9375, 193.0, 51.0, 29.0625, 146.625, 113.875, 197.25, 227.125, 124.9375, 125.375, 135.5, 170.75, 119.875, 120.3125, 165.5, 156.125, 150.75], [85.4375, 151.875, 107.3125, 66.25, 181.0, 120.4375, 30.59375, 156.25, 46.65625, 29.125, 159.5, 171.875, 166.0, 119.25, 46.1875, 186.75, 111.0, 171.125, 15.234375, 204.375, 24.703125, 88.0625, 163.625, 134.75, 119.375, 96.875, 29.828125, 0.0, 72.125, 122.0, 83.625, 164.0, 59.53125, 174.375, 124.4375, 46.28125, 41.6875, 125.0625, 72.5625, 187.0, 99.3125, 58.6875, 36.125, 105.875, 110.375, 118.6875, 12.0390625, 121.25, 168.125, 126.0625, 85.4375, 70.8125, 173.625, 159.75, 160.125, 168.125, 102.6875, 44.9375, 148.625, 61.28125, 86.0, 31.578125, 60.4375, 96.625, 108.0, 78.75, 34.125, 152.625, 175.25, 115.375, 131.625, 150.875, 38.46875, 99.6875, 144.0, 39.0625, 124.8125, 64.875, 122.0625, 61.6875, 11.703125, 90.0, 115.9375, 45.53125, 147.0, 99.5, 137.25, 59.78125, 144.375, 134.75, 140.75, 49.65625, 25.5, 45.59375, 51.65625, 33.3125, 77.875, 48.78125, 163.0, 118.3125, 141.625, 118.0625, 173.875, 99.1875, 88.0625, 164.0, 33.28125, 12.203125, 117.25, 90.125, 167.875, 197.25, 95.8125, 99.75, 107.5625, 152.25, 98.0625, 93.9375, 146.875, 130.75, 122.0625], [21.59375, 137.375, 70.625, 83.3125, 119.5, 59.03125, 49.65625, 113.4375, 75.8125, 48.75, 90.625, 99.75, 126.625, 61.8125, 65.375, 115.1875, 38.90625, 103.125, 67.9375, 132.25, 66.1875, 17.71875, 93.5, 77.5, 96.1875, 54.40625, 101.875, 72.125, 0.0, 88.0, 16.03125, 92.4375, 43.75, 106.0625, 73.375, 46.28125, 112.9375, 92.1875, 37.21875, 119.875, 49.1875, 60.40625, 108.1875, 61.40625, 56.625, 60.65625, 80.4375, 51.625, 106.375, 54.21875, 21.59375, 18.03125, 109.0625, 127.125, 88.25, 98.4375, 100.1875, 76.125, 91.25, 24.328125, 60.21875, 49.25, 68.375, 76.625, 38.28125, 78.75, 50.90625, 85.875, 103.625, 52.0, 59.5625, 101.625, 71.0625, 87.125, 92.625, 78.875, 55.96875, 25.296875, 66.3125, 30.8125, 82.875, 48.90625, 64.5, 105.625, 89.1875, 77.625, 104.3125, 69.25, 72.375, 78.9375, 114.3125, 28.859375, 61.75, 102.6875, 38.0, 81.375, 27.59375, 23.34375, 140.5, 109.8125, 91.1875, 116.75, 102.625, 51.96875, 17.71875, 93.5625, 72.75, 75.1875, 52.25, 68.25, 100.5625, 125.625, 26.6875, 51.0, 55.71875, 133.625, 67.1875, 43.40625, 128.75, 76.6875, 53.4375], [105.375, 225.125, 17.5, 164.875, 181.25, 132.875, 92.25, 194.0, 151.625, 94.4375, 141.0, 120.0, 208.0, 43.1875, 143.25, 122.0, 89.9375, 153.25, 128.875, 148.5, 99.3125, 95.5, 137.875, 43.40625, 183.75, 33.59375, 142.75, 122.0, 88.0, 0.0, 99.0625, 128.125, 128.875, 154.625, 30.015625, 76.25, 159.25, 178.25, 125.125, 169.5, 40.375, 143.625, 148.25, 146.375, 38.90625, 137.625, 121.5, 112.6875, 169.75, 89.5, 68.625, 71.375, 166.625, 211.25, 122.0625, 144.0, 187.5, 87.0625, 162.875, 110.25, 36.125, 91.25, 151.0, 164.625, 105.375, 164.625, 124.0625, 74.9375, 135.25, 125.375, 94.625, 179.125, 144.25, 33.3125, 169.75, 95.0625, 72.25, 112.375, 144.0, 117.0, 126.375, 136.125, 32.5625, 167.25, 49.40625, 165.625, 189.625, 67.1875, 100.3125, 40.59375, 200.875, 81.625, 97.0625, 166.5, 73.375, 102.8125, 60.75, 93.75, 227.0, 197.75, 169.25, 204.25, 109.0625, 137.125, 95.5, 97.625, 143.0, 115.375, 123.1875, 156.25, 153.625, 152.125, 73.4375, 38.21875, 138.25, 221.0, 24.328125, 45.28125, 216.125, 36.21875, 70.875], [6.40234375, 126.375, 82.0625, 82.5, 103.6875, 43.0, 64.1875, 98.4375, 78.75, 62.96875, 76.5, 90.4375, 111.8125, 67.25, 68.0, 107.4375, 31.015625, 88.625, 77.125, 122.0, 80.625, 6.08203125, 80.125, 81.9375, 85.0, 65.8125, 113.4375, 83.625, 16.03125, 99.0625, 0.0, 80.6875, 42.75, 91.6875, 80.5, 62.125, 123.0625, 79.25, 31.140625, 105.125, 58.90625, 59.6875, 119.625, 47.625, 64.125, 44.71875, 92.9375, 37.75, 90.5625, 47.15625, 30.40625, 32.90625, 93.625, 113.25, 77.125, 84.75, 93.3125, 91.8125, 75.25, 25.9375, 74.3125, 63.875, 67.625, 67.5625, 24.40625, 74.4375, 57.4375, 84.1875, 91.9375, 36.0625, 51.4375, 86.0, 75.5625, 101.5625, 76.9375, 94.125, 54.03125, 24.359375, 50.4375, 30.359375, 94.875, 37.4375, 72.1875, 112.375, 92.625, 68.0, 90.9375, 85.3125, 64.0, 83.8125, 101.8125, 44.40625, 76.1875, 108.9375, 54.0, 96.1875, 40.8125, 36.25, 128.0, 101.0625, 75.5625, 109.1875, 95.75, 38.28125, 6.08203125, 87.9375, 78.375, 88.1875, 36.5, 59.625, 85.8125, 113.9375, 28.796875, 60.96875, 40.71875, 122.0, 80.0, 53.75, 117.3125, 82.4375, 52.0], [80.0, 156.875, 118.0, 153.0, 61.53125, 58.25, 141.5, 101.5625, 155.0, 140.875, 21.9375, 20.25, 114.25, 85.3125, 144.5, 39.625, 54.59375, 29.0625, 157.625, 42.9375, 158.0, 75.9375, 13.6015625, 87.0625, 123.25, 107.4375, 193.875, 164.0, 92.4375, 128.125, 80.6875, 0.0, 117.875, 28.84375, 98.3125, 134.625, 203.75, 109.0, 102.625, 42.53125, 97.5, 132.75, 200.125, 87.8125, 92.0, 64.75, 172.75, 44.21875, 54.65625, 43.40625, 86.5625, 100.1875, 45.96875, 125.4375, 6.08203125, 18.4375, 147.25, 164.25, 63.0625, 105.5, 125.4375, 141.0, 139.625, 119.8125, 56.59375, 138.75, 137.375, 60.40625, 11.3125, 57.78125, 37.09375, 84.1875, 153.625, 149.25, 77.4375, 168.625, 57.0, 102.8125, 67.75, 108.0625, 175.125, 94.0, 96.25, 191.5, 88.25, 118.125, 113.5625, 151.75, 28.015625, 90.25, 127.6875, 119.6875, 153.5, 187.625, 125.6875, 172.25, 99.9375, 115.625, 148.5, 146.75, 79.0625, 158.25, 37.21875, 85.4375, 75.9375, 41.03125, 157.25, 167.625, 54.125, 115.75, 31.890625, 33.3125, 74.4375, 99.4375, 77.5, 149.375, 123.1875, 97.3125, 146.75, 93.375, 59.0625], [40.15625, 102.625, 111.375, 40.0, 123.4375, 65.4375, 57.375, 97.0, 37.21875, 54.78125, 108.1875, 130.625, 107.4375, 105.5625, 26.625, 148.625, 73.5, 118.3125, 47.125, 160.625, 69.625, 48.84375, 114.125, 121.1875, 64.5, 95.75, 86.3125, 59.53125, 43.75, 128.875, 42.75, 117.875, 0.0, 121.8125, 116.9375, 66.0, 91.3125, 67.0625, 15.5546875, 132.75, 92.0, 17.03125, 91.75, 46.5625, 100.1875, 62.125, 71.375, 73.8125, 110.9375, 89.5625, 65.3125, 57.78125, 117.875, 102.8125, 115.4375, 117.4375, 59.1875, 88.25, 90.5, 19.421875, 96.625, 57.78125, 25.015625, 41.59375, 62.625, 35.78125, 25.5, 126.75, 129.0, 62.21875, 93.3125, 91.4375, 36.0625, 121.0, 84.625, 86.8125, 96.5, 19.0, 64.4375, 13.0390625, 71.0, 31.015625, 107.9375, 74.25, 132.75, 43.875, 79.625, 91.25, 105.5, 122.625, 85.4375, 50.90625, 66.25, 70.0625, 62.28125, 85.1875, 68.5625, 36.78125, 110.0, 71.4375, 82.25, 76.1875, 137.625, 40.71875, 48.84375, 130.375, 40.46875, 69.0, 65.125, 33.625, 114.3125, 150.375, 69.0, 93.625, 49.65625, 100.875, 106.0, 86.0625, 95.5, 120.4375, 94.3125], [89.0625, 140.125, 143.125, 152.0, 33.59375, 56.5625, 155.625, 81.25, 157.75, 154.5, 15.5234375, 46.75, 92.375, 111.375, 147.75, 63.125, 72.6875, 3.60546875, 165.875, 54.15625, 172.125, 88.375, 16.765625, 114.8125, 111.6875, 131.125, 204.0, 174.375, 106.0625, 154.625, 91.6875, 28.84375, 121.8125, 0.0, 125.1875, 151.25, 211.875, 96.3125, 106.3125, 15.03125, 121.125, 134.375, 210.0, 82.9375, 117.125, 61.0625, 184.375, 54.4375, 29.828125, 66.1875, 105.375, 117.375, 18.78125, 105.375, 34.46875, 10.7734375, 139.375, 181.375, 45.71875, 113.4375, 148.0, 155.25, 140.375, 113.625, 67.75, 135.625, 144.375, 89.1875, 28.84375, 59.8125, 60.40625, 65.0, 157.875, 173.125, 60.65625, 184.625, 82.375, 110.125, 61.28125, 114.375, 185.875, 93.5, 122.1875, 196.0, 116.75, 111.375, 97.875, 171.0, 54.71875, 118.0, 111.5625, 134.75, 167.75, 191.625, 142.5, 187.375, 119.375, 127.9375, 129.25, 135.75, 62.96875, 147.75, 64.4375, 83.75, 88.375, 69.6875, 162.25, 179.75, 57.4375, 111.5, 8.546875, 38.0, 93.75, 123.1875, 74.625, 132.0, 147.25, 120.0, 130.25, 120.8125, 84.0], [86.4375, 206.375, 25.234375, 155.75, 152.875, 108.375, 93.875, 170.0, 145.375, 95.3125, 111.9375, 90.0625, 184.125, 15.0, 135.875, 92.875, 64.5625, 124.0625, 127.875, 119.0625, 105.125, 75.8125, 108.4375, 14.765625, 165.0, 27.859375, 149.375, 124.4375, 73.375, 30.015625, 80.5, 98.3125, 116.9375, 125.1875, 0.0, 78.75, 164.75, 157.625, 109.9375, 140.0, 26.0, 133.25, 155.5, 125.8125, 16.765625, 113.875, 126.8125, 86.625, 141.75, 61.28125, 51.875, 60.40625, 138.0, 188.875, 92.25, 114.5, 173.125, 98.5, 136.75, 97.5, 44.21875, 92.875, 141.0, 148.0, 81.3125, 152.125, 118.125, 45.875, 105.3125, 101.1875, 65.9375, 154.25, 139.125, 57.28125, 145.0, 105.8125, 43.46875, 98.6875, 120.25, 104.125, 131.25, 117.8125, 9.0546875, 167.5, 24.84375, 148.5, 168.25, 79.375, 70.625, 12.8046875, 180.375, 77.25, 101.8125, 165.875, 72.75, 112.75, 50.09375, 86.125, 206.25, 181.625, 144.75, 189.375, 79.625, 117.0625, 75.8125, 68.0625, 139.0, 120.5, 98.5, 140.0, 124.625, 122.125, 52.15625, 25.078125, 116.5, 201.5, 34.71875, 32.0, 197.0, 7.80859375, 42.5], [67.0, 168.625, 61.0625, 94.3125, 165.75, 105.0625, 16.03125, 155.75, 78.25, 18.25, 135.75, 138.125, 168.0, 75.1875, 71.5625, 150.375, 80.125, 148.5, 52.78125, 171.125, 26.921875, 63.78125, 137.625, 89.9375, 129.875, 50.96875, 70.75, 46.28125, 46.28125, 76.25, 62.125, 134.625, 66.0, 151.25, 78.75, 0.0, 86.0, 130.0, 70.375, 165.375, 54.5625, 76.375, 76.9375, 102.375, 65.75, 106.0625, 48.09375, 97.0, 152.625, 92.4375, 48.5625, 34.4375, 155.25, 166.0, 129.75, 143.0, 123.8125, 30.078125, 137.0, 53.5, 40.125, 15.03125, 82.3125, 107.375, 83.9375, 99.0, 51.875, 111.1875, 145.375, 98.1875, 98.625, 145.625, 70.25, 58.1875, 137.0, 34.0, 86.375, 57.25, 111.3125, 58.59375, 52.5, 87.25, 70.5625, 91.0, 102.1875, 109.4375, 142.625, 25.5, 110.6875, 89.6875, 150.25, 18.109375, 23.265625, 90.25, 8.9453125, 38.40625, 36.78125, 31.015625, 175.5, 137.125, 135.375, 140.75, 136.75, 93.375, 63.78125, 125.875, 68.0, 41.78125, 98.5, 99.125, 146.25, 167.0, 60.53125, 54.625, 99.125, 166.75, 52.03125, 49.75, 161.5, 85.4375, 83.5625], [124.0, 164.625, 145.875, 79.125, 214.625, 156.125, 71.3125, 182.375, 62.15625, 70.25, 197.375, 212.625, 190.125, 160.5, 68.625, 228.0, 151.75, 208.375, 46.09375, 244.75, 60.21875, 128.0, 202.25, 175.625, 140.125, 137.0, 17.125, 41.6875, 112.9375, 159.25, 123.0625, 203.75, 91.3125, 211.875, 164.75, 86.0, 0.0, 149.5, 106.3125, 223.5, 140.25, 83.5, 13.4140625, 137.0, 151.375, 153.375, 38.09375, 160.125, 202.25, 167.125, 127.125, 112.5, 209.0, 181.125, 200.125, 206.25, 116.0625, 74.0625, 181.625, 98.6875, 124.125, 72.25, 81.25, 119.625, 147.125, 96.75, 67.4375, 194.25, 215.0, 152.0, 172.5, 180.25, 57.875, 133.0, 174.5, 66.125, 166.375, 101.8125, 155.75, 97.4375, 33.53125, 122.0625, 156.5, 29.40625, 188.0, 122.8125, 160.5, 93.0625, 185.25, 175.625, 160.625, 91.3125, 63.0625, 33.96875, 92.5, 58.125, 119.4375, 89.8125, 179.0, 132.125, 172.0, 128.0, 215.25, 132.0, 128.0, 205.5, 52.1875, 44.375, 154.375, 115.25, 204.75, 237.0, 137.25, 140.5, 141.0, 167.125, 136.125, 135.0, 162.125, 171.375, 163.625], [72.875, 50.34375, 161.25, 72.625, 79.875, 55.09375, 123.75, 33.25, 87.3125, 121.3125, 89.5625, 128.125, 41.0625, 143.25, 81.625, 148.125, 95.375, 92.875, 111.0, 148.5, 136.75, 82.75, 98.4375, 155.875, 15.65625, 145.0, 148.75, 125.0625, 92.1875, 178.25, 79.25, 109.0, 67.0625, 96.3125, 157.625, 130.0, 149.5, 0.0, 59.625, 100.3125, 137.875, 67.1875, 153.25, 31.890625, 142.0, 48.09375, 137.125, 78.4375, 71.5625, 106.25, 109.625, 110.1875, 82.875, 36.0625, 110.125, 98.125, 46.09375, 154.75, 50.90625, 76.5625, 152.375, 124.0625, 68.25, 29.828125, 77.875, 53.84375, 91.25, 147.5, 117.375, 60.15625, 105.9375, 36.875, 92.0625, 179.125, 36.6875, 153.75, 121.625, 72.9375, 42.96875, 71.5, 136.0, 43.5625, 149.875, 124.9375, 164.75, 26.6875, 12.6484375, 155.5, 113.25, 158.375, 22.796875, 112.75, 133.25, 119.875, 124.3125, 152.25, 119.5, 99.0, 48.84375, 39.5625, 34.0, 51.625, 142.125, 41.0, 82.75, 140.0, 98.0, 135.5, 63.90625, 35.0, 87.8125, 133.5, 105.75, 140.0, 41.34375, 44.28125, 159.0, 133.0, 40.3125, 158.125, 120.8125], [27.078125, 101.125, 107.625, 52.40625, 108.875, 50.0, 64.9375, 86.6875, 52.4375, 62.65625, 92.625, 115.875, 98.25, 97.4375, 42.0, 134.25, 60.53125, 102.8125, 61.3125, 145.375, 79.125, 37.0625, 98.625, 112.5625, 60.59375, 91.5, 100.4375, 72.5625, 37.21875, 125.125, 31.140625, 102.625, 15.5546875, 106.3125, 109.9375, 70.375, 106.3125, 59.625, 0.0, 117.4375, 86.375, 30.46875, 106.125, 34.0, 93.25, 47.0, 83.9375, 58.65625, 96.1875, 76.3125, 58.1875, 54.03125, 102.75, 95.625, 100.375, 101.875, 63.15625, 95.875, 76.1875, 17