{"name": "LZB_n120_16", "n": 120, "m": 15, "times": [[0.0, 111.125, 45.28125, 23.1875, 40.4375, 17.71875, 52.3125, 51.46875, 86.125, 41.78125, 50.34375, 48.15625, 111.875, 95.875, 53.75, 117.375, 46.1875, 100.25, 65.0625, 77.8125, 89.125, 122.8125, 14.3203125, 85.6875, 89.0625, 94.75, 120.8125, 103.9375, 44.1875, 123.0625, 78.75, 37.125, 66.875, 99.3125, 47.15625, 88.25, 102.8125, 79.25, 46.3125, 87.4375, 65.125, 110.25, 110.125, 16.125, 89.1875, 90.8125, 32.6875, 42.9375, 87.4375, 47.0, 91.8125, 58.8125, 78.5, 33.96875, 54.125, 83.8125, 24.328125, 79.125, 72.4375, 110.625, 103.5625, 52.09375, 93.5, 69.0, 79.6875, 26.078125, 64.1875, 47.5, 27.59375, 84.1875, 95.0, 112.1875, 102.75, 87.0625, 64.5, 61.40625, 14.3203125, 99.5, 122.5625, 53.15625, 103.9375, 94.25, 40.46875, 77.5, 98.8125, 55.03125, 51.625, 114.8125, 52.34375, 52.0, 94.25, 79.875, 83.25, 46.53125, 4.2421875, 62.65625, 122.625, 89.0625, 23.1875, 81.75, 60.96875, 33.9375, 40.59375, 84.125, 92.0625, 55.53125, 48.65625, 67.6875, 109.125, 82.125, 65.8125, 45.96875, 112.875, 95.5, 116.0, 112.5, 107.4375, 86.625, 58.0, 97.9375, 67.875], [111.125, 0.0, 156.25, 97.8125, 137.875, 121.25, 124.9375, 62.1875, 191.875, 137.625, 103.875, 90.125, 221.5, 202.375, 69.3125, 226.5, 71.875, 172.125, 132.5, 130.375, 185.625, 19.234375, 99.0625, 196.625, 163.125, 186.875, 230.875, 215.0, 83.9375, 169.375, 55.0, 140.625, 173.875, 112.8125, 103.75, 167.875, 52.8125, 175.125, 142.25, 197.625, 159.0, 178.0, 173.25, 115.75, 194.5, 156.375, 102.1875, 132.0, 31.25, 105.9375, 190.75, 66.75, 169.5, 140.625, 63.0625, 50.03125, 127.5625, 176.375, 74.0625, 34.21875, 214.25, 152.875, 203.25, 180.0, 160.875, 92.0, 58.875, 119.5625, 83.625, 109.125, 85.375, 11.3125, 212.75, 183.0, 174.625, 90.125, 116.25, 86.6875, 156.375, 81.0625, 212.5, 52.875, 113.125, 168.625, 57.96875, 86.375, 121.0625, 225.75, 110.875, 60.46875, 17.03125, 157.875, 193.75, 105.3125, 111.0, 155.25, 232.875, 198.75, 130.75, 165.625, 50.21875, 77.25, 92.125, 176.625, 89.4375, 139.5, 89.6875, 173.25, 175.0, 77.3125, 61.40625, 121.5, 136.625, 92.75, 151.25, 159.125, 159.75, 54.4375, 119.3125, 127.0, 43.40625], [45.28125, 156.25, 0.0, 61.78125, 37.65625, 40.5, 70.25, 95.625, 52.9375, 39.8125, 81.0625, 85.375, 70.1875, 55.4375, 96.75, 73.375, 88.5, 99.0625, 79.625, 90.25, 61.75, 168.0, 57.625, 40.46875, 89.375, 77.4375, 76.0, 58.6875, 84.5625, 132.375, 121.6875, 28.28125, 29.609375, 128.0, 78.25, 84.375, 145.375, 61.84375, 46.1875, 45.59375, 55.8125, 109.625, 105.8125, 43.375, 51.0, 96.625, 64.1875, 53.46875, 132.5, 76.9375, 61.03125, 101.625, 60.21875, 23.0, 98.5, 125.25, 37.65625, 53.34375, 112.0, 155.0, 58.40625, 33.84375, 49.1875, 25.078125, 77.375, 66.875, 106.1875, 69.0, 72.875, 108.0, 131.5, 157.0, 60.40625, 60.8125, 25.015625, 97.0, 42.0625, 132.0, 132.0, 92.875, 60.75, 136.875, 62.40625, 59.46875, 138.125, 92.625, 67.125, 70.5, 79.25, 97.1875, 139.375, 73.5, 38.28125, 72.8125, 45.34375, 49.40625, 77.6875, 48.0625, 31.046875, 69.4375, 106.125, 79.1875, 75.625, 62.4375, 123.5, 55.96875, 82.875, 39.34375, 103.25, 120.5, 108.8125, 66.0, 129.125, 126.0, 132.25, 123.875, 110.5, 129.25, 80.0625, 115.5625, 113.125], [23.1875, 97.8125, 61.78125, 0.0, 40.71875, 40.78125, 72.125, 35.59375, 107.875, 40.84375, 64.6875, 57.71875, 131.25, 104.625, 54.34375, 128.875, 27.015625, 122.125, 84.875, 60.46875, 90.4375, 112.0, 10.8203125, 100.625, 111.0, 117.9375, 133.625, 119.1875, 50.6875, 142.125, 77.125, 42.8125, 76.0625, 110.9375, 61.71875, 110.75, 100.625, 102.375, 69.4375, 106.625, 88.3125, 131.875, 98.0, 18.59375, 96.8125, 111.625, 12.203125, 65.1875, 79.125, 62.28125, 94.6875, 59.21875, 76.3125, 43.125, 51.03125, 63.5, 47.53125, 80.625, 76.5, 104.0625, 117.8125, 55.46875, 106.0625, 86.75, 102.1875, 5.83203125, 44.40625, 66.625, 23.34375, 62.25, 100.875, 96.875, 121.75, 87.9375, 84.125, 70.6875, 19.71875, 76.3125, 104.125, 59.125, 114.875, 92.375, 24.359375, 75.3125, 77.1875, 63.15625, 36.40625, 132.25, 68.5625, 44.90625, 80.8125, 71.375, 97.3125, 26.171875, 20.0, 60.625, 135.75, 108.625, 46.0, 76.0, 48.75, 27.015625, 17.46875, 83.0, 68.875, 48.0, 25.5, 89.8125, 97.8125, 86.875, 65.0, 65.75, 92.4375, 72.375, 133.0, 131.25, 92.1875, 85.125, 75.8125, 77.4375, 56.8125], [40.4375, 137.875, 37.65625, 40.71875, 0.0, 50.53125, 88.1875, 75.8125, 90.625, 2.236328125, 90.25, 88.5625, 104.9375, 65.125, 91.6875, 90.8125, 66.0, 128.75, 100.1875, 52.625, 50.21875, 152.625, 43.75, 67.4375, 118.0625, 112.6875, 96.625, 85.5, 84.0, 157.375, 115.9375, 9.484375, 38.0, 139.5, 87.0625, 114.875, 139.875, 96.625, 72.125, 81.125, 87.1875, 139.375, 73.75, 26.078125, 56.84375, 122.8125, 36.125, 74.375, 119.75, 86.6875, 54.09375, 96.75, 38.125, 15.65625, 90.0, 98.5, 53.25, 40.25, 112.0, 144.5, 82.75, 15.0, 69.625, 60.0625, 106.875, 46.53125, 81.375, 84.5, 61.40625, 71.25, 135.125, 136.0, 94.875, 47.84375, 62.5, 101.8125, 27.0, 97.75, 95.25, 93.0, 76.5625, 131.375, 28.65625, 37.125, 108.4375, 95.3125, 30.15625, 101.5625, 91.4375, 85.0625, 120.9375, 41.625, 63.15625, 39.34375, 37.125, 22.203125, 99.0625, 84.0625, 47.0, 41.78125, 89.4375, 66.5, 47.375, 44.0, 88.875, 19.421875, 52.8125, 76.1875, 72.0, 122.0, 103.25, 82.3125, 91.4375, 90.9375, 153.125, 147.5, 75.1875, 123.9375, 95.75, 77.9375, 97.5], [17.71875, 121.25, 40.5, 40.78125, 50.53125, 0.0, 37.75, 65.125, 71.6875, 52.34375, 42.0, 44.9375, 100.1875, 95.3125, 57.1875, 113.75, 61.65625, 83.0, 50.0, 94.0, 94.75, 130.875, 31.0625, 79.75, 71.875, 77.3125, 115.875, 97.0625, 44.28125, 107.8125, 81.8125, 44.28125, 67.5, 90.8125, 39.0, 70.6875, 105.1875, 62.0, 28.640625, 76.5625, 47.53125, 93.1875, 123.4375, 31.40625, 89.9375, 74.4375, 50.34375, 25.8125, 94.75, 38.0625, 96.125, 61.84375, 87.0, 39.0625, 60.09375, 99.0625, 7.0703125, 85.0, 71.5, 116.0625, 97.75, 58.6875, 89.5625, 60.59375, 62.15625, 43.09375, 79.4375, 34.0, 39.0, 101.75, 91.4375, 123.6875, 91.6875, 93.0625, 53.75, 56.875, 29.203125, 116.9375, 138.875, 52.40625, 101.25, 96.75, 57.125, 86.0, 114.875, 52.1875, 67.625, 105.375, 41.78125, 60.8125, 104.875, 91.9375, 78.25, 63.96875, 21.546875, 71.875, 117.3125, 77.625, 10.0, 92.1875, 72.0625, 45.1875, 58.25, 91.6875, 109.6875, 68.25, 66.3125, 52.9375, 122.0625, 80.0625, 69.0625, 31.765625, 130.0, 113.1875, 102.5625, 97.625, 122.375, 89.1875, 45.3125, 115.125, 77.9375], [52.3125, 124.9375, 70.25, 72.125, 88.1875, 37.75, 0.0, 82.875, 75.625, 90.0625, 21.46875, 34.78125, 109.5625, 125.0, 55.78125, 138.5, 84.1875, 52.1875, 12.8046875, 130.125, 130.0, 129.25, 61.28125, 102.9375, 41.4375, 62.25, 138.5, 117.3125, 41.59375, 70.6875, 73.9375, 81.4375, 99.75, 58.5625, 21.1875, 44.03125, 92.9375, 52.1875, 27.203125, 90.375, 36.78125, 61.03125, 161.125, 68.0, 121.1875, 39.8125, 83.625, 17.03125, 94.3125, 18.96875, 130.375, 58.1875, 123.875, 75.75, 62.96875, 117.625, 35.46875, 120.625, 57.0, 109.3125, 119.8125, 95.25, 115.125, 81.8125, 36.34375, 72.0625, 99.4375, 6.08203125, 58.53125, 134.25, 68.25, 130.5, 103.4375, 128.625, 71.5625, 38.40625, 65.9375, 143.875, 174.875, 44.0, 127.875, 85.625, 92.6875, 122.9375, 135.25, 39.34375, 103.9375, 119.875, 15.0, 69.125, 110.875, 129.625, 103.125, 97.8125, 56.5625, 109.1875, 139.25, 89.875, 42.375, 129.75, 83.0625, 62.375, 88.6875, 128.125, 137.75, 105.9375, 96.1875, 59.53125, 159.75, 61.5625, 64.0625, 6.40234375, 164.375, 141.75, 64.875, 60.21875, 159.5, 79.0625, 10.4375, 149.375, 85.6875], [51.46875, 62.1875, 95.625, 35.59375, 75.8125, 65.125, 82.875, 0.0, 136.75, 75.6875, 66.75, 54.125, 163.375, 140.25, 38.21875, 164.5, 11.046875, 135.0, 94.125, 78.9375, 124.5, 76.9375, 38.0, 135.375, 124.3125, 139.625, 169.0, 153.875, 45.1875, 145.875, 52.1875, 78.4375, 111.6875, 101.875, 64.875, 126.375, 72.8125, 125.4375, 91.0625, 138.875, 109.75, 143.375, 121.3125, 53.75, 132.25, 121.5, 40.84375, 83.125, 46.375, 66.5, 129.25, 41.125, 109.125, 78.5625, 30.484375, 35.0, 72.125, 114.9375, 59.8125, 71.6875, 152.875, 90.75, 141.5, 120.125, 118.1875, 29.828125, 16.765625, 76.8125, 26.46875, 67.125, 83.75, 61.5625, 154.125, 121.875, 116.0, 63.25, 54.4375, 64.375, 115.9375, 49.65625, 150.5, 65.5, 52.875, 108.1875, 52.34375, 55.75, 62.65625, 165.875, 73.0625, 20.609375, 45.21875, 100.125, 132.375, 47.15625, 50.46875, 94.125, 171.125, 140.5, 73.5625, 106.75, 15.03125, 21.03125, 32.375, 116.125, 60.3125, 79.375, 33.125, 118.0, 122.125, 69.625, 43.5625, 77.4375, 99.5, 64.5625, 132.375, 134.625, 111.1875, 59.46875, 82.0, 85.875, 23.1875], [86.125, 191.875, 52.9375, 107.875, 90.625, 71.6875, 75.625, 136.75, 0.0, 92.75, 95.5, 106.1875, 34.4375, 79.0625, 124.375, 78.5625, 132.25, 71.1875, 76.9375, 143.125, 102.1875, 199.875, 100.4375, 48.5625, 66.1875, 36.6875, 74.8125, 53.15625, 109.8125, 110.0625, 146.625, 81.1875, 69.875, 129.75, 94.0625, 58.03125, 167.625, 29.28125, 51.0, 23.40625, 39.8125, 79.875, 155.25, 91.4375, 80.8125, 77.625, 113.4375, 62.25, 163.625, 91.9375, 98.3125, 128.25, 107.1875, 75.6875, 129.25, 169.875, 64.875, 96.8125, 131.5, 182.25, 58.25, 85.125, 61.78125, 35.21875, 55.90625, 111.8125, 150.25, 78.625, 110.6875, 160.375, 143.75, 195.0, 30.40625, 102.4375, 28.453125, 113.25, 89.5625, 182.5, 184.375, 115.5, 73.8125, 159.75, 114.0625, 106.6875, 184.875, 112.4375, 119.8125, 47.6875, 90.125, 131.625, 175.875, 124.0, 52.1875, 124.0, 88.3125, 99.9375, 74.4375, 20.609375, 63.25, 118.125, 143.5, 116.875, 124.0625, 107.0625, 174.25, 108.6875, 131.875, 18.78125, 152.25, 137.0, 135.125, 75.75, 182.0, 177.125, 117.9375, 105.1875, 161.875, 152.75, 85.4375, 168.5, 149.0], [41.78125, 137.625, 39.8125, 40.84375, 2.236328125, 52.34375, 90.0625, 75.6875, 92.75, 0.0, 91.75, 89.8125, 106.8125, 65.75, 92.4375, 91.6875, 65.75, 130.875, 102.0625, 50.4375, 49.71875, 152.5, 44.40625, 68.9375, 120.1875, 114.9375, 97.625, 86.9375, 85.125, 159.375, 116.5625, 11.703125, 39.125, 141.0, 88.625, 117.0625, 140.375, 98.875, 74.25, 83.125, 89.375, 141.5, 71.6875, 27.0, 57.375, 124.875, 35.59375, 76.375, 120.0, 88.25, 53.84375, 97.5, 37.0, 17.890625, 90.625, 97.6875, 55.21875, 39.84375, 113.0, 144.875, 84.0625, 15.5546875, 70.8125, 62.03125, 109.0625, 46.625, 80.8125, 86.3125, 61.96875, 69.375, 136.25, 135.625, 96.75, 47.3125, 64.625, 103.125, 28.078125, 96.125, 93.0625, 94.0625, 77.4375, 132.0, 27.453125, 36.0, 107.3125, 96.5, 28.28125, 103.1875, 93.0625, 85.4375, 120.75, 39.65625, 64.625, 38.09375, 38.3125, 21.03125, 100.125, 86.0, 49.03125, 40.15625, 89.5, 66.9375, 46.6875, 43.09375, 87.25, 17.203125, 51.84375, 78.4375, 70.0, 123.0625, 103.9375, 84.125, 89.25, 89.3125, 154.875, 149.5, 73.0, 124.625, 97.5, 75.8125, 97.5625], [50.34375, 103.875, 81.0625, 64.6875, 90.25, 42.0, 21.46875, 66.75, 95.5, 91.75, 0.0, 14.0390625, 128.875, 136.5, 35.21875, 152.75, 70.25, 70.0, 29.0625, 125.0, 136.625, 107.8125, 54.40625, 117.625, 60.125, 83.6875, 153.75, 133.375, 22.203125, 79.75, 52.46875, 85.3125, 109.25, 49.25, 3.162109375, 64.125, 72.125, 73.5, 45.0, 108.25, 57.8125, 77.5, 160.125, 66.3125, 131.5, 55.4375, 76.8125, 33.59375, 73.0625, 4.125, 138.125, 37.09375, 127.875, 80.625, 43.0, 100.4375, 43.40625, 126.75, 36.0625, 87.9375, 135.25, 100.125, 128.875, 96.9375, 57.0, 62.9375, 83.5, 17.03125, 45.8125, 124.875, 50.90625, 109.8125, 122.0625, 134.875, 87.6875, 17.796875, 64.625, 130.125, 168.75, 22.796875, 141.125, 64.5625, 87.9375, 126.875, 118.375, 17.890625, 99.875, 137.875, 7.0703125, 50.34375, 90.25, 130.125, 117.0625, 90.8125, 54.21875, 112.3125, 154.875, 108.1875, 50.25, 131.875, 64.375, 47.875, 79.25, 133.0, 124.9375, 105.875, 85.9375, 78.4375, 159.25, 41.875, 42.71875, 19.796875, 156.25, 129.0, 68.625, 68.625, 156.125, 57.8125, 16.0, 141.375, 66.0], [48.15625, 90.125, 85.375, 57.71875, 88.5625, 44.9375, 34.78125, 54.125, 106.1875, 89.8125, 14.0390625, 0.0, 138.75, 140.125, 21.21875, 158.375, 58.8125, 84.0, 43.09375, 118.0, 137.0, 94.875, 48.46875, 123.9375, 74.1875, 96.9375, 160.125, 140.5, 8.9453125, 91.6875, 40.46875, 85.0, 112.0, 53.25, 13.6015625, 78.0625, 62.0, 85.9375, 55.21875, 117.0, 70.0, 91.375, 155.25, 63.15625, 134.5, 69.25, 69.8125, 44.03125, 59.625, 15.8125, 139.25, 23.40625, 126.6875, 81.125, 29.0, 87.0625, 48.34375, 127.0, 26.828125, 76.0625, 141.75, 100.0, 134.25, 103.8125, 70.8125, 54.90625, 70.75, 29.546875, 36.25, 115.25, 47.09375, 95.875, 131.375, 135.0, 95.4375, 13.34375, 61.8125, 118.1875, 160.75, 9.4375, 146.125, 53.90625, 81.875, 125.6875, 105.0625, 7.28125, 93.9375, 146.625, 21.09375, 36.6875, 76.3125, 126.625, 122.75, 83.1875, 51.46875, 110.75, 161.5, 117.3125, 54.4375, 129.375, 50.625, 36.875, 70.4375, 132.25, 113.4375, 102.375, 76.4375, 88.375, 154.75, 35.15625, 29.53125, 31.765625, 147.25, 117.625, 78.8125, 80.5, 149.875, 46.6875, 30.015625, 132.5, 52.0], [111.875, 221.5, 70.1875, 131.25, 104.9375, 100.1875, 109.5625, 163.375, 34.4375, 106.8125, 128.875, 138.75, 0.0, 68.9375, 155.75, 57.0, 157.5, 102.5, 111.375, 155.0, 99.375, 230.75, 125.6875, 42.1875, 99.0625, 66.125, 50.25, 33.40625, 141.5, 141.375, 178.875, 96.5, 73.4375, 164.25, 127.125, 90.625, 200.5, 62.9375, 83.875, 24.703125, 74.25, 110.0625, 157.75, 113.3125, 74.3125, 110.875, 134.375, 95.25, 194.5, 125.125, 93.625, 159.875, 109.6875, 92.4375, 159.75, 194.75, 94.0, 97.25, 164.625, 214.25, 39.8125, 95.0, 50.53125, 45.34375, 89.5625, 136.0, 175.375, 112.1875, 138.5, 176.125, 177.75, 223.625, 10.046875, 100.5625, 47.40625, 146.625, 111.8125, 201.875, 191.875, 147.875, 58.40625, 192.625, 132.0, 109.4375, 208.25, 145.25, 135.125, 17.46875, 123.8125, 161.0, 205.0, 129.5, 47.3125, 142.625, 113.125, 107.3125, 48.75, 22.828125, 90.6875, 121.625, 172.0, 144.75, 145.75, 107.25, 193.125, 120.0625, 153.125, 50.4375, 154.125, 170.625, 166.875, 109.1875, 193.125, 195.5, 151.0, 137.625, 167.75, 185.375, 119.5625, 181.0, 178.125], [95.875, 202.375, 55.4375, 104.625, 65.125, 95.3125, 125.0, 140.25, 79.0625, 65.75, 136.5, 140.125, 68.9375, 0.0, 149.5, 27.3125, 130.875, 144.875, 133.25, 101.25, 33.0, 216.375, 104.8125, 30.609375, 137.0, 114.625, 35.15625, 36.40625, 138.5, 181.75, 174.5, 61.84375, 29.0625, 183.25, 133.625, 130.25, 198.5, 102.5625, 99.25, 56.71875, 103.3125, 154.875, 92.375, 87.125, 8.9453125, 146.25, 101.25, 108.0, 182.25, 132.375, 26.171875, 154.5, 48.0625, 62.65625, 149.875, 163.375, 93.0625, 35.15625, 166.5, 206.125, 30.359375, 50.21875, 18.59375, 47.75, 125.0, 110.4375, 146.5, 124.1875, 122.125, 127.0625, 186.75, 201.0, 61.03125, 35.0, 58.8125, 152.25, 86.9375, 157.625, 130.25, 147.125, 14.140625, 190.0, 92.75, 48.28125, 172.25, 147.5, 89.875, 55.96875, 134.625, 146.75, 185.375, 69.4375, 26.921875, 102.9375, 94.375, 53.71875, 38.09375, 60.21875, 86.3125, 59.6875, 153.125, 128.0, 112.4375, 43.1875, 148.75, 70.5, 117.4375, 78.1875, 88.4375, 175.375, 161.5, 121.125, 135.75, 149.875, 184.5, 174.375, 105.0625, 182.375, 135.0, 126.25, 160.875], [53.75, 69.3125, 96.75, 54.34375, 91.6875, 57.1875, 55.78125, 38.21875, 124.375, 92.4375, 35.21875, 21.21875, 155.75, 149.5, 0.0, 170.0, 45.8125, 105.0625, 64.25, 111.4375, 141.75, 75.4375, 48.09375, 136.75, 95.3125, 117.625, 172.75, 154.25, 14.765625, 110.0625, 25.078125, 90.25, 120.5625, 63.65625, 34.71875, 99.3125, 49.03125, 106.0, 73.8125, 133.0, 89.875, 112.125, 151.625, 65.625, 143.0, 90.0625, 65.3125, 63.125, 39.4375, 36.875, 144.875, 5.09765625, 129.25, 87.625, 8.546875, 68.125, 62.375, 131.625, 22.84375, 58.90625, 154.75, 104.9375, 145.875, 117.8125, 92.0, 49.8125, 53.8125, 50.28125, 31.0625, 104.0625, 47.53125, 74.75, 147.75, 139.5, 110.5625, 26.0, 64.9375, 102.1875, 151.875, 13.15625, 157.0, 40.5, 78.25, 128.25, 86.1875, 19.421875, 90.0, 162.25, 42.28125, 18.03125, 55.09375, 125.6875, 135.0, 76.875, 55.78125, 113.3125, 174.25, 133.625, 67.1875, 130.0, 31.015625, 27.890625, 62.40625, 135.5, 98.5, 102.125, 66.625, 106.0625, 151.625, 33.25, 12.0859375, 52.1875, 136.5, 102.75, 95.25, 99.0, 144.0, 32.90625, 51.15625, 122.3125, 31.140625], [117.375, 226.5, 73.375, 128.875, 90.8125, 113.75, 138.5, 164.5, 78.5625, 91.6875, 152.75, 158.375, 57.0, 27.3125, 170.0, 0.0, 155.625, 149.125, 144.875, 128.5, 58.84375, 239.625, 127.8125, 35.5, 142.75, 115.25, 9.21875, 25.625, 157.875, 187.5, 195.0, 86.25, 53.03125, 197.0, 150.25, 135.25, 218.75, 106.1875, 111.4375, 55.3125, 111.0, 158.25, 117.0625, 110.75, 36.25, 153.375, 126.6875, 121.625, 204.625, 148.625, 51.625, 174.875, 75.0, 85.9375, 171.375, 189.25, 110.125, 62.3125, 185.125, 227.875, 20.390625, 76.1875, 24.171875, 56.71875, 131.375, 134.625, 171.875, 138.75, 144.5, 154.375, 203.625, 225.75, 52.34375, 61.1875, 67.375, 169.5, 110.25, 184.875, 156.0, 166.125, 14.2109375, 210.25, 119.0, 75.3125, 198.75, 165.625, 116.8125, 40.3125, 149.875, 169.25, 209.5, 96.3125, 35.75, 129.375, 116.5, 80.9375, 12.1640625, 57.96875, 104.0, 86.375, 176.625, 150.625, 138.125, 69.625, 175.875, 97.625, 143.5, 84.0625, 113.0, 193.375, 182.0, 135.625, 162.5, 177.125, 193.125, 181.5, 130.875, 202.625, 148.875, 153.375, 184.25], [46.1875, 71.875, 88.5, 27.015625, 66.0, 61.65625, 84.1875, 11.046875, 132.25, 65.75, 70.25, 58.8125, 157.5, 130.875, 45.8125, 155.625, 0.0, 136.25, 96.125, 68.25, 114.0625, 87.3125, 31.953125, 127.625, 125.375, 138.0, 160.5, 146.25, 50.0, 150.0, 62.375, 69.375, 102.625, 109.0625, 68.0, 126.75, 83.625, 123.25, 89.0625, 132.875, 108.0, 145.25, 110.4375, 45.59375, 122.8125, 123.625, 30.40625, 82.25, 57.4375, 69.375, 119.0, 49.40625, 98.4375, 70.0625, 38.9375, 37.65625, 68.75, 104.6875, 68.25, 82.75, 144.75, 81.0, 133.0, 113.375, 118.375, 21.640625, 18.03125, 78.1875, 25.703125, 58.25, 92.6875, 70.1875, 148.0, 111.375, 110.0625, 69.375, 46.625, 60.0, 106.4375, 55.875, 141.5, 76.125, 42.0625, 97.5, 53.25, 61.625, 51.625, 159.0, 76.0625, 29.546875, 55.0625, 89.125, 124.3125, 36.125, 44.375, 83.6875, 162.75, 134.625, 69.125, 95.8125, 26.078125, 22.359375, 21.375, 105.5, 54.71875, 68.625, 22.359375, 113.75, 111.1875, 78.375, 52.8125, 78.3125, 90.6875, 58.84375, 137.625, 138.75, 100.6875, 69.875, 84.6875, 76.6875, 34.25], [100.25, 172.125, 99.0625, 122.125, 128.75, 83.0, 52.1875, 135.0, 71.1875, 130.875, 70.0, 84.0, 102.5, 144.875, 105.0625, 149.125, 136.25, 0.0, 41.125, 176.75, 160.125, 173.25, 111.5, 116.1875, 11.1796875, 36.5, 145.875, 124.0625, 92.0625, 39.0, 117.875, 120.1875, 126.75, 75.4375, 71.125, 14.765625, 131.5, 42.96875, 56.71875, 93.875, 43.28125, 10.6328125, 202.25, 114.25, 144.125, 16.15625, 132.875, 57.3125, 140.875, 69.1875, 158.375, 106.3125, 159.0, 113.875, 113.0, 169.625, 77.6875, 152.25, 98.9375, 150.875, 128.75, 131.25, 129.75, 97.125, 21.9375, 122.9375, 151.625, 58.25, 110.625, 184.25, 98.875, 179.0, 101.0, 159.5, 86.1875, 82.0625, 112.0625, 195.75, 221.5, 92.125, 142.625, 125.875, 140.125, 158.25, 187.25, 86.3125, 150.375, 118.0625, 63.03125, 120.1875, 159.625, 169.75, 118.625, 146.75, 104.3125, 146.625, 145.625, 91.5625, 82.625, 167.375, 134.25, 114.5625, 139.375, 161.5, 189.375, 148.0, 147.125, 66.75, 200.125, 99.0, 110.875, 57.96875, 213.0, 193.25, 50.15625, 35.75, 203.625, 120.875, 54.0, 198.125, 136.0], [65.0625, 132.5, 79.625, 84.875, 100.1875, 50.0, 12.8046875, 94.125, 76.9375, 102.0625, 29.0625, 43.09375, 111.375, 133.25, 64.25, 144.875, 96.125, 41.125, 0.0, 142.875, 140.375, 135.25, 74.0625, 109.4375, 31.0625, 57.4375, 144.125, 122.5625, 51.0, 58.0, 79.5, 93.0625, 109.25, 53.15625, 30.015625, 35.4375, 96.25, 50.4375, 34.0625, 94.25, 37.125, 49.25, 173.5, 80.6875, 130.125, 27.515625, 96.375, 26.578125, 101.375, 28.078125, 140.375, 65.9375, 135.125, 87.1875, 72.0625, 128.625, 47.0, 131.25, 61.28125, 114.0625, 125.625, 106.5, 122.125, 88.25, 29.0625, 84.75, 110.875, 18.359375, 70.5625, 147.0, 67.9375, 138.75, 106.25, 139.125, 77.5, 43.09375, 78.5625, 156.0, 187.625, 51.625, 135.125, 89.5625, 105.5, 134.25, 146.375, 46.09375, 116.6875, 123.125, 22.015625, 79.125, 119.1875, 141.75, 110.125, 110.625, 69.3125, 120.75, 144.75, 93.3125, 53.65625, 141.375, 93.125, 74.0625, 101.375, 139.125, 150.125, 118.25, 108.8125, 62.9375, 172.0, 63.8125, 71.0625, 19.203125, 177.25, 154.0, 53.3125, 47.625, 172.125, 83.625, 13.15625, 162.25, 95.0625], [77.8125, 130.375, 90.25, 60.46875, 52.625, 94.0, 130.125, 78.9375, 143.125, 50.4375, 125.0, 118.0, 155.0, 101.25, 111.4375, 128.5, 68.25, 176.75, 142.875, 0.0, 71.6875, 148.625, 70.625, 114.5, 165.625, 164.375, 136.25, 130.875, 110.5625, 200.875, 130.5, 62.09375, 82.5, 171.125, 122.0, 163.625, 151.75, 148.25, 120.4375, 132.25, 137.375, 187.0, 43.09375, 62.625, 92.375, 168.375, 48.25, 119.8125, 124.125, 122.4375, 78.75, 115.75, 54.125, 68.0, 105.9375, 81.3125, 99.0625, 66.3125, 134.25, 149.0, 126.6875, 60.0, 112.5625, 111.4375, 155.375, 63.125, 73.125, 125.1875, 82.3125, 27.59375, 159.0, 124.4375, 145.0, 68.9375, 114.9375, 130.75, 64.8125, 60.09375, 44.8125, 118.5, 115.125, 144.375, 37.46875, 53.65625, 82.375, 123.0625, 26.40625, 149.0, 128.5, 97.25, 115.875, 34.21875, 109.6875, 34.875, 73.5625, 48.84375, 139.125, 135.375, 94.3125, 44.40625, 93.625, 83.75, 49.03125, 60.53125, 51.75, 35.0625, 45.90625, 128.75, 44.5625, 144.625, 120.1875, 123.75, 38.84375, 51.625, 193.0, 190.25, 32.5625, 138.125, 135.25, 26.015625, 101.375], [89.125, 185.625, 61.75, 90.4375, 50.21875, 94.75, 130.0, 124.5, 102.1875, 49.71875, 136.625, 137.0, 99.375, 33.0, 141.75, 58.84375, 114.0625, 160.125, 140.375, 71.6875, 0.0, 201.375, 93.9375, 57.6875, 150.875, 134.625, 67.5, 68.4375, 133.25, 194.125, 166.125, 52.03125, 33.59375, 185.5, 133.5, 145.375, 190.0, 120.4375, 107.6875, 82.6875, 117.0, 170.625, 59.40625, 76.125, 25.5, 158.375, 83.6875, 113.875, 169.5, 132.75, 7.28125, 146.875, 17.796875, 56.09375, 140.25, 142.25, 94.9375, 10.046875, 161.5, 194.5, 62.8125, 37.0625, 49.46875, 67.1875, 138.75, 96.125, 127.4375, 127.6875, 111.625, 98.75, 184.0, 182.625, 90.5, 2.828125, 76.5, 150.0, 76.8125, 130.625, 97.3125, 142.25, 47.0, 181.625, 72.5625, 18.4375, 148.5, 144.0, 66.25, 88.0625, 136.5, 135.125, 169.0, 38.09375, 52.78125, 81.25, 86.375, 30.40625, 70.4375, 86.3125, 87.875, 27.859375, 138.75, 116.6875, 93.5625, 11.1796875, 121.8125, 46.625, 96.8125, 95.875, 55.59375, 171.25, 153.375, 124.9375, 103.875, 122.4375, 193.5, 185.5, 72.1875, 174.125, 139.0, 95.4375, 146.875], [122.8125, 19.234375, 168.0, 112.0, 152.625, 130.875, 129.25, 76.9375, 199.875, 152.5, 107.8125, 94.875, 230.75, 216.375, 75.4375, 239.625, 87.3125, 173.25, 135.25, 148.625, 201.375, 0.0, 111.8125, 208.5, 165.125, 191.5, 243.5, 226.625, 90.125, 166.125, 55.71875, 154.5, 187.5, 108.0, 108.25, 170.5, 45.09375, 180.875, 149.25, 207.5, 164.875, 178.125, 191.625, 129.25, 208.75, 157.125, 117.6875, 138.5, 36.25, 110.5, 206.125, 71.875, 185.75, 154.0, 70.9375, 69.0, 136.75, 191.875, 74.3125, 24.078125, 226.375, 167.5, 216.0, 191.0, 164.125, 106.1875, 76.1875, 124.375, 95.25, 128.0, 80.0, 29.15625, 222.5, 198.75, 184.625, 92.125, 129.5, 105.875, 175.5, 85.5, 225.875, 48.25, 129.25, 184.75, 77.125, 89.875, 137.875, 236.25, 114.5625, 70.8125, 33.0, 175.0, 206.0, 122.0625, 123.25, 171.0, 245.375, 208.375, 140.75, 182.5, 63.28125, 89.0, 108.25, 192.75, 108.6875, 155.75, 106.625, 181.375, 193.25, 74.9375, 65.375, 126.6875, 155.875, 112.0, 147.0, 156.5, 178.375, 52.40625, 122.375, 146.0, 55.46875], [14.3203125, 99.0625, 57.625, 10.8203125, 43.75, 31.0625, 61.28125, 38.0, 100.4375, 44.40625, 54.40625, 48.46875, 125.6875, 104.8125, 48.09375, 127.8125, 31.953125, 111.5, 74.0625, 70.625, 93.9375, 111.8125, 0.0, 97.625, 100.3125, 108.375, 131.875, 116.125, 42.1875, 131.375, 72.1875, 43.46875, 75.8125, 101.5625, 51.40625, 100.25, 96.125, 93.0625, 59.53125, 101.125, 78.5, 121.1875, 106.75, 18.03125, 97.5, 100.875, 22.625, 54.71875, 77.4375, 51.84375, 97.5, 53.15625, 81.125, 42.1875, 46.3125, 69.5625, 38.0, 83.9375, 69.25, 101.625, 115.25, 57.5625, 104.375, 82.125, 91.6875, 12.0390625, 49.96875, 55.8125, 17.71875, 73.0625, 93.1875, 99.375, 116.375, 91.5625, 78.25, 61.6875, 17.890625, 86.0, 114.625, 51.0, 114.0625, 87.6875, 33.625, 80.125, 84.5, 54.40625, 45.65625, 127.875, 58.0625, 42.0625, 82.0625, 78.625, 94.75, 36.78125, 12.53125, 65.1875, 133.875, 102.875, 37.46875, 82.3125, 48.90625, 23.265625, 27.859375, 87.4375, 78.875, 54.59375, 35.75, 82.0, 106.3125, 79.5, 59.53125, 54.90625, 103.25, 82.4375, 122.5, 120.5, 101.875, 80.25, 65.125, 88.25, 56.40625], [85.6875, 196.625, 40.46875, 100.625, 67.4375, 79.75, 102.9375, 135.375, 48.5625, 68.9375, 117.625, 123.9375, 42.1875, 30.609375, 136.75, 35.5, 127.625, 116.1875, 109.4375, 114.5, 57.6875, 208.5, 97.625, 0.0, 109.0625, 84.5, 36.25, 18.59375, 124.0625, 154.0, 161.5, 60.375, 32.0625, 161.5, 115.1875, 101.875, 185.0, 73.375, 75.9375, 26.171875, 76.3125, 125.875, 115.5, 82.0, 33.59375, 119.0625, 100.875, 86.125, 172.875, 113.5625, 52.46875, 141.5, 67.4375, 57.96875, 138.75, 163.375, 75.5625, 55.09375, 150.75, 195.25, 18.03125, 55.3125, 13.6015625, 21.21875, 97.3125, 106.0625, 144.875, 103.3125, 113.25, 137.375, 168.625, 196.875, 32.90625, 58.6875, 32.0, 134.625, 81.0625, 165.125, 150.0, 132.0, 26.46875, 176.5, 95.875, 67.25, 175.0, 131.125, 96.8125, 34.53125, 114.5625, 137.625, 179.625, 87.5625, 5.09765625, 106.625, 85.5625, 66.0, 37.59375, 29.703125, 69.8125, 79.4375, 146.375, 119.625, 112.5, 65.125, 156.25, 80.0625, 119.0, 49.8125, 112.0, 158.625, 148.75, 100.1875, 152.0, 158.125, 158.375, 147.375, 125.625, 169.0, 113.375, 140.5, 153.5], [89.0625, 163.125, 89.375, 111.0, 118.0625, 71.875, 41.4375, 124.3125, 66.1875, 120.1875, 60.125, 74.1875, 99.0625, 137.0, 95.3125, 142.75, 125.375, 11.1796875, 31.0625, 165.625, 150.875, 165.125, 100.3125, 109.0625, 0.0, 34.875, 140.125, 118.125, 82.0, 44.90625, 109.5, 109.6875, 117.625, 71.4375, 61.0, 8.546875, 124.3125, 37.0, 45.96875, 88.0625, 34.0, 21.40625, 191.75, 103.1875, 135.75, 12.0859375, 121.625, 46.15625, 132.0, 59.0, 149.375, 96.875, 149.0, 103.3125, 103.125, 159.0, 66.625, 142.75, 90.75, 143.125, 122.5, 121.0625, 122.5625, 89.3125, 12.0859375, 111.8125, 140.875, 47.53125, 99.6875, 173.125, 92.9375, 169.75, 96.5, 150.125, 78.1875, 73.25, 100.9375, 184.75, 210.375, 82.625, 135.5, 118.3125, 129.0, 148.25, 176.625, 76.9375, 139.25, 113.75, 53.09375, 110.0, 150.25, 159.25, 111.0625, 135.625, 93.125, 136.375, 140.0, 86.0, 71.6875, 157.125, 124.0625, 103.75, 128.125, 151.75, 178.375, 137.25, 135.875, 59.21875, 189.75, 91.6875, 101.8125, 47.0625, 201.875, 182.125, 51.96875, 39.0, 192.75, 112.9375, 44.1875, 187.0, 126.125], [94.75, 186.875, 77.4375, 117.9375, 112.6875, 77.3125, 62.25, 139.625, 36.6875, 114.9375, 83.6875, 96.9375, 66.125, 114.625, 117.625, 115.25, 138.0, 36.5, 57.4375, 164.375, 134.625, 191.5, 108.375, 84.5, 34.875, 0.0, 111.1875, 89.75, 103.0625, 75.3125, 136.0, 103.375, 101.1875, 105.4375, 83.375, 26.421875, 153.625, 16.15625, 49.0, 60.09375, 30.0, 44.0, 183.25, 105.25, 115.375, 46.96875, 126.5, 56.5625, 156.5, 81.125, 131.625, 120.3125, 136.75, 97.0625, 124.3125, 174.5, 70.4375, 128.0, 118.3125, 171.0, 94.9375, 111.25, 98.0, 68.0, 29.0, 120.4375, 155.25, 67.4375, 113.3125, 177.125, 124.625, 192.0, 65.25, 134.5, 58.125, 99.875, 103.0625, 194.25, 208.0, 106.25, 110.3125, 146.875, 130.625, 136.125, 191.125, 101.5625, 138.875, 82.0625, 76.9375, 129.25, 172.375, 150.875, 87.6875, 139.25, 98.125, 126.8125, 110.625, 57.28125, 72.5625, 146.625, 142.75, 118.625, 135.375, 137.875, 186.875, 132.0, 143.375, 38.90625, 180.625, 121.25, 126.3125, 65.4375, 202.625, 190.25, 86.0, 72.0625, 187.5, 140.625, 69.4375, 188.25, 146.5], [120.8125, 230.875, 76.0, 133.625, 96.625, 115.875, 138.5, 169.0, 74.8125, 97.625, 153.75, 160.125, 50.25, 35.15625, 172.75, 9.21875, 160.5, 145.875, 144.125, 136.25, 67.5, 243.5, 131.875, 36.25, 140.125, 111.1875, 0.0, 22.0, 160.125, 184.625, 197.625, 91.4375, 58.59375, 196.75, 151.375, 132.25, 221.125, 103.25, 111.3125, 52.09375, 109.3125, 154.75, 126.0, 115.25, 43.96875, 151.0, 132.125, 121.8125, 208.25, 149.75, 60.3125, 177.5, 83.1875, 90.5, 174.5, 194.875, 111.8125, 70.3125, 187.0, 231.0, 18.6875, 82.375, 27.59375, 56.90625, 129.0, 139.25, 177.125, 139.125, 148.25, 161.75, 204.75, 230.5, 46.8125, 69.75, 66.9375, 170.875, 114.625, 191.875, 164.75, 168.125, 21.1875, 212.625, 125.125, 83.4375, 205.0, 167.375, 123.5625, 33.0, 150.5, 172.75, 213.875, 104.5625, 37.75, 135.625, 120.25, 88.25, 3.0, 54.34375, 106.0, 94.75, 180.75, 154.5, 143.625, 78.0625, 182.875, 104.625, 149.375, 82.25, 122.0, 194.875, 184.75, 136.0, 170.875, 184.25, 191.0, 179.125, 139.625, 205.0, 148.875, 161.375, 188.25], [103.9375, 215.0, 58.6875, 119.1875, 85.5, 97.0625, 117.3125, 153.875, 53.15625, 86.9375, 133.375, 140.5, 33.40625, 36.40625, 154.25, 25.625, 146.25, 124.0625, 122.5625, 130.875, 68.4375, 226.625, 116.125, 18.59375, 118.125, 89.75, 22.0, 0.0, 141.25, 162.75, 178.875, 78.75, 48.75, 175.375, 131.125, 110.375, 202.0, 81.3125, 90.125, 30.15625, 87.375, 133.0, 127.75, 100.625, 42.96875, 129.0, 119.375, 100.875, 190.875, 129.375, 62.09375, 158.875, 81.0625, 76.5625, 156.625, 182.0, 92.4375, 68.125, 167.375, 213.0, 6.40234375, 72.75, 19.109375, 36.71875, 107.0, 124.625, 163.5, 118.3125, 131.5, 154.5, 184.25, 215.375, 27.203125, 70.0625, 45.875, 150.75, 99.625, 182.875, 164.125, 148.875, 25.0, 193.625, 114.0625, 81.0, 193.375, 147.625, 114.5, 19.640625, 129.75, 155.75, 198.0, 102.0, 22.359375, 124.8125, 103.9375, 82.0625, 22.203125, 32.5625, 87.0625, 93.0625, 164.75, 137.875, 131.0, 77.5, 174.0, 97.0, 137.375, 60.3125, 123.9375, 174.875, 166.125, 115.1875, 167.625, 175.875, 169.0, 157.125, 139.25, 186.125, 127.75, 156.75, 171.875], [44.1875, 83.9375, 84.5625, 50.6875, 84.0, 44.28125, 41.59375, 45.1875, 109.8125, 85.125, 22.203125, 8.9453125, 141.5, 138.5, 14.765625, 157.875, 50.0, 92.0625, 51.0, 110.5625, 133.25, 90.125, 42.1875, 124.0625, 82.0, 103.0625, 160.125, 141.25, 0.0, 100.625, 37.8125, 81.3125, 109.875, 60.75, 21.0, 85.5, 60.90625, 91.3125, 59.0625, 119.0, 75.125, 99.75, 148.625, 58.125, 132.5, 77.625, 62.65625, 48.375, 54.21875, 23.015625, 136.0, 18.4375, 122.125, 77.9375, 21.375, 78.3125, 48.8125, 123.25, 28.28125, 72.8125, 142.0, 96.25, 133.75, 104.5625, 77.9375, 47.40625, 61.84375, 35.90625, 28.296875, 106.8125, 51.25, 89.0, 133.75, 131.125, 96.8125, 20.25, 57.03125, 109.25, 152.875, 9.0, 145.25, 52.46875, 75.0, 121.125, 96.3125, 12.53125, 87.0625, 148.375, 29.0625, 28.15625, 69.375, 120.8125, 122.5625, 75.6875, 47.0, 106.125, 161.625, 119.5625, 54.21875, 124.1875, 42.1875, 28.28125, 62.4375, 128.0, 104.5625, 96.6875, 68.125, 91.5625, 148.375, 38.0, 25.453125, 37.65625, 139.0, 108.75, 87.6875, 89.5, 142.625, 44.9375, 38.125, 124.3125, 44.1875], [123.0625, 169.375, 132.375, 142.125, 157.375, 107.8125, 70.6875, 145.875, 110.0625, 159.375, 79.75, 91.6875, 141.375, 181.75, 110.0625, 187.5, 150.0, 39.0, 58.0, 200.875, 194.125, 166.125, 131.375, 154.0, 44.90625, 75.3125, 184.625, 162.75, 100.625, 0.0, 114.75, 149.75, 161.375, 58.5625, 82.125, 52.34375, 121.4375, 81.375, 86.8125, 132.5, 78.4375, 32.0, 231.0, 138.625, 180.25, 35.84375, 153.875, 83.0, 138.875, 81.0, 193.125, 109.5, 190.875, 143.625, 118.625, 178.125, 104.1875, 185.625, 96.1875, 142.25, 167.25, 162.375, 167.5, 134.125, 56.75, 141.375, 162.5, 75.75, 125.375, 203.75, 86.375, 178.125, 140.0, 193.25, 123.0, 84.125, 136.5, 209.75, 245.5, 97.125, 180.375, 118.0, 163.375, 190.0, 196.125, 90.8125, 174.625, 157.0, 74.3125, 127.5625, 160.0, 199.0, 156.0, 168.125, 127.25, 177.25, 184.375, 130.25, 110.4375, 198.0, 141.0, 127.625, 158.0, 194.125, 204.625, 175.875, 165.125, 104.125, 229.375, 92.125, 111.8125, 77.0625, 234.625, 208.75, 20.25, 11.1796875, 230.125, 115.125, 66.375, 219.625, 140.5], [78.75, 55.0, 121.6875, 77.125, 115.9375, 81.8125, 73.9375, 52.1875, 146.625, 116.5625, 52.46875, 40.46875, 178.875, 174.5, 25.078125, 195.0, 62.375, 117.875, 79.5, 130.5, 166.125, 55.71875, 72.1875, 161.5, 109.5, 136.0, 197.625, 178.875, 37.8125, 114.75, 0.0, 115.0, 145.625, 59.8125, 53.25, 114.8125, 24.046875, 125.9375, 95.6875, 156.75, 110.125, 123.3125, 172.125, 90.0, 168.0, 102.0, 87.0625, 84.5, 24.1875, 55.46875, 169.5, 20.125, 153.0, 112.5625, 26.078125, 72.1875, 86.625, 156.125, 19.109375, 35.59375, 179.625, 129.5, 170.875, 142.25, 108.4375, 72.0, 63.8125, 69.3125, 54.59375, 119.0, 35.0, 63.375, 171.375, 163.75, 134.625, 36.40625, 89.5, 110.625, 168.125, 31.140625, 182.0, 15.5234375, 100.0625, 152.125, 89.0, 34.65625, 111.375, 186.125, 59.0625, 33.375, 45.59375, 148.0, 159.875, 97.0, 80.625, 137.125, 199.125, 157.25, 91.8125, 153.125, 38.9375, 50.09375, 82.0625, 159.5, 108.8125, 125.125, 84.625, 128.75, 172.5, 23.40625, 13.0, 71.875, 151.125, 113.0, 97.0625, 104.3125, 163.0, 8.0625, 66.6875, 137.875, 33.40625], [37.125, 140.625, 28.28125, 42.8125, 9.484375, 44.28125, 81.4375, 78.4375, 81.1875, 11.703125, 85.3125, 85.0, 96.5, 61.84375, 90.25, 86.25, 69.375, 120.1875, 93.0625, 62.09375, 52.03125, 154.5, 43.46875, 60.375, 109.6875, 103.375, 91.4375, 78.75, 81.3125, 149.75, 115.0, 0.0, 33.3125, 134.5, 82.1875, 106.125, 139.0, 87.3125, 63.78125, 72.4375, 78.25, 130.875, 82.0625, 25.5, 54.21875, 114.8125, 40.8125, 66.875, 120.75, 81.5625, 54.75, 95.3125, 42.71875, 6.40234375, 89.5, 103.625, 46.0625, 42.0, 109.5625, 145.125, 76.5625, 15.0, 64.0, 51.34375, 98.3125, 48.59375, 85.6875, 78.1875, 61.09375, 80.0625, 132.0, 139.5, 86.5, 50.0, 53.25, 98.0625, 25.625, 105.5, 104.6875, 90.25, 72.1875, 130.5, 35.75, 41.75, 114.625, 92.0, 39.0, 94.0, 85.875, 85.5, 123.625, 49.59375, 56.4375, 46.5, 34.53125, 27.734375, 93.75, 75.25, 39.4375, 48.375, 91.25, 66.6875, 52.4375, 47.6875, 96.75, 28.65625, 58.65625, 66.75, 80.0625, 119.25, 102.125, 75.75, 100.875, 99.0625, 146.25, 140.125, 84.3125, 123.0, 89.5625, 87.3125, 99.125], [66.875, 173.875, 29.609375, 76.0625, 38.0, 67.5, 99.75, 111.6875, 69.875, 39.125, 109.25, 112.0, 73.4375, 29.0625, 120.5625, 53.03125, 102.625, 126.75, 109.25, 82.5, 33.59375, 187.5, 75.8125, 32.0625, 117.625, 101.1875, 58.59375, 48.75, 109.875, 161.375, 145.625, 33.3125, 0.0, 157.0, 106.3125, 112.0, 169.625, 86.8125, 75.6875, 52.8125, 83.625, 137.25, 86.0, 58.25, 22.5625, 125.5625, 73.6875, 83.0, 153.125, 105.1875, 31.78125, 125.5625, 37.5625, 33.625, 120.8125, 136.375, 66.0, 27.015625, 138.0, 177.125, 45.3125, 24.171875, 31.765625, 34.65625, 105.5625, 81.8125, 118.8125, 98.1875, 93.0625, 105.75, 158.875, 172.875, 63.625, 33.3125, 43.125, 124.3125, 57.96875, 134.5, 118.5625, 118.625, 38.90625, 161.0, 66.5625, 37.15625, 146.5, 119.25, 65.9375, 66.5, 108.0, 117.75, 156.875, 56.28125, 27.171875, 77.1875, 65.3125, 34.0, 61.03125, 56.3125, 59.03125, 49.03125, 124.25, 99.0, 85.125, 37.1875, 125.5625, 48.28125, 90.8125, 62.375, 82.75, 147.125, 132.625, 95.25, 120.0, 127.25, 161.875, 153.125, 94.625, 153.5, 109.375, 108.4375, 132.0], [99.3125, 112.8125, 128.0, 110.9375, 139.5, 90.8125, 58.5625, 101.875, 129.75, 141.0, 49.25, 53.25, 164.25, 183.25, 63.65625, 197.0, 109.0625, 75.4375, 53.15625, 171.125, 185.5, 108.0, 101.5625, 161.5, 71.4375, 105.4375, 196.75, 175.375, 60.75, 58.5625, 59.8125, 134.5, 157.0, 0.0, 52.40625, 79.375, 63.03125, 102.0625, 85.5, 147.375, 90.0625, 76.6875, 208.25, 115.125, 179.0, 60.15625, 123.0625, 75.5625, 83.5, 52.9375, 186.75, 61.0625, 177.125, 129.75, 71.5625, 129.5, 91.125, 175.75, 43.5625, 84.0, 178.125, 149.25, 173.625, 140.25, 76.875, 108.0625, 117.125, 59.03125, 89.0625, 167.0, 28.0, 122.25, 159.375, 183.875, 129.875, 40.5, 113.5, 165.5, 213.625, 53.40625, 186.375, 60.3125, 135.0, 176.125, 147.125, 48.25, 147.125, 176.25, 49.15625, 81.4375, 105.3125, 179.0, 161.625, 136.375, 103.0625, 161.5, 197.375, 146.5, 98.1875, 181.0, 93.0, 88.625, 123.125, 182.25, 162.125, 154.625, 128.625, 116.0625, 207.625, 36.40625, 60.75, 62.0625, 199.25, 166.375, 39.0, 49.71875, 203.125, 58.46875, 48.25, 184.75, 90.1875], [47.15625, 103.75, 78.25, 61.71875, 87.0625, 39.0, 21.1875, 64.875, 94.0625, 88.625, 3.162109375, 13.6015625, 127.125, 133.625, 34.71875, 150.25, 68.0, 71.125, 30.015625, 122.0, 133.5, 108.25, 51.40625, 115.1875, 61.0, 83.375, 151.375, 131.125, 21.0, 82.125, 53.25, 82.1875, 106.3125, 52.40625, 0.0, 64.625, 73.5625, 72.6875, 43.28125, 106.25, 56.875, 78.9375, 157.0, 63.15625, 128.625, 56.875, 73.875, 31.890625, 73.1875, 2.236328125, 135.125, 37.0, 124.75, 77.5, 42.1875, 98.8125, 40.59375, 123.6875, 37.53125, 88.8125, 132.75, 97.0, 126.25, 94.5625, 57.28125, 60.09375, 81.625, 16.125, 43.28125, 122.125, 53.4375, 109.4375, 120.1875, 131.75, 85.4375, 19.71875, 61.46875, 127.9375, 165.875, 22.84375, 138.5, 65.8125, 84.875, 123.75, 116.6875, 18.59375, 96.8125, 135.875, 8.25, 49.09375, 89.8125, 127.0, 114.5, 87.875, 51.09375, 109.125, 152.5, 106.25, 47.375, 128.75, 63.125, 45.625, 76.5, 129.875, 122.5625, 102.6875, 83.25, 76.6875, 156.125, 43.90625, 42.96875, 18.59375, 153.5, 126.6875, 71.4375, 71.0, 153.125, 58.90625, 17.265625, 138.625, 65.125], [88.25, 167.875, 84.375, 110.75, 114.875, 70.6875, 44.03125, 126.375, 58.03125, 117.0625, 64.125, 78.0625, 90.625, 130.25, 99.3125, 135.25, 126.75, 14.765625, 35.4375, 163.625, 145.375, 170.5, 100.25, 101.875, 8.546875, 26.421875, 132.25, 110.375, 85.5, 52.34375, 114.8125, 106.125, 112.0, 79.375, 64.625, 0.0, 130.625, 29.0625, 43.28125, 80.25, 28.59375, 25.234375, 188.125, 101.625, 129.5, 20.609375, 120.9375, 45.53125, 136.875, 62.5, 143.625, 101.1875, 144.5, 99.75, 106.8125, 161.25, 64.875, 137.625, 96.375, 149.0, 114.875, 116.875, 115.4375, 82.5625, 8.546875, 112.0, 142.75, 50.0, 101.125, 172.375, 100.0, 174.0, 88.25, 144.75, 71.5, 78.4375, 99.375, 185.5, 208.25, 86.875, 128.375, 124.3125, 127.5625, 143.625, 178.75, 81.5, 137.375, 105.5, 57.0625, 113.1875, 154.375, 155.625, 104.125, 134.625, 92.1875, 132.375, 132.125, 78.0625, 69.3125, 153.0, 127.125, 105.5625, 128.125, 146.875, 178.875, 134.125, 136.0, 52.1875, 186.0, 98.0, 106.5, 49.03125, 200.5, 182.5, 60.40625, 47.15625, 189.875, 118.6875, 48.5, 185.625, 129.625], [102.8125, 52.8125, 145.375, 100.625, 139.875, 105.1875, 92.9375, 72.8125, 167.625, 140.375, 72.125, 62.0, 200.5, 198.5, 49.03125, 218.75, 83.625, 131.5, 96.25, 151.75, 190.0, 45.09375, 96.125, 185.0, 124.3125, 153.625, 221.125, 202.0, 60.90625, 121.4375, 24.046875, 139.0, 169.625, 63.03125, 73.5625, 130.625, 0.0, 145.125, 116.75, 179.0, 129.75, 135.375, 194.0, 114.0, 192.0, 115.3125, 110.0625, 105.4375, 31.0625, 75.6875, 193.5, 44.0, 176.75, 136.625, 49.8125, 85.4375, 109.625, 180.0, 36.0625, 21.03125, 202.875, 153.5, 194.5, 165.375, 125.1875, 95.3125, 81.625, 89.125, 78.4375, 137.875, 35.0625, 63.53125, 193.375, 187.625, 157.25, 54.5625, 113.5, 125.1875, 187.25, 53.25, 205.875, 8.546875, 123.0625, 175.75, 100.25, 55.3125, 134.0, 208.625, 78.0, 56.03125, 50.9375, 171.0, 183.375, 119.1875, 104.6875, 161.0, 222.5, 179.25, 115.125, 176.5, 58.25, 73.6875, 104.1875, 183.25, 124.75, 148.5, 105.9375, 150.125, 194.625, 32.65625, 37.0, 91.9375, 169.375, 128.875, 102.0625, 112.0, 184.0, 16.15625, 84.375, 156.875, 50.96875], [79.25, 175.125, 61.84375, 102.375, 96.625, 62.0, 52.1875, 125.4375, 29.28125, 98.875, 73.5, 85.9375, 62.9375, 102.5625, 106.0, 106.1875, 123.25, 42.96875, 50.4375, 148.25, 120.4375, 180.875, 93.0625, 73.375, 37.0, 16.15625, 103.25, 81.3125, 91.3125, 81.375, 125.9375, 87.3125, 86.8125, 102.0625, 72.6875, 29.0625, 145.125, 0.0, 34.375, 51.15625, 16.15625, 52.5, 167.625, 89.25, 102.5, 48.375, 110.625, 43.3125, 145.375, 70.5, 117.875, 109.125, 121.625, 81.0, 112.1875, 160.125, 55.03125, 113.375, 109.1875, 161.375, 85.8125, 95.625, 87.0, 55.0, 26.6875, 105.0625, 140.75, 56.59375, 99.0, 161.0, 118.3125, 179.625, 59.6875, 120.125, 44.40625, 90.625, 87.125, 178.75, 191.875, 95.375, 99.75, 137.75, 114.5625, 120.9375, 176.5, 91.25, 122.75, 76.9375, 67.1875, 116.375, 160.125, 135.25, 75.9375, 123.25, 82.5, 111.1875, 103.0625, 49.0, 56.71875, 131.25, 129.5, 104.5625, 119.6875, 123.125, 171.125, 116.0, 127.75, 24.703125, 165.125, 113.25, 115.5, 54.21875, 186.5, 174.5, 88.6875, 76.0, 171.5, 131.25, 60.875, 172.125, 133.75], [46.3125, 142.25, 46.1875, 69.4375, 72.125, 28.640625, 27.203125, 91.0625, 51.0, 74.25, 45.0, 55.21875, 83.875, 99.25, 73.8125, 111.4375, 89.0625, 56.71875, 34.0625, 120.4375, 107.6875, 149.25, 59.53125, 75.9375, 45.96875, 49.0, 111.3125, 90.125, 59.0625, 86.8125, 95.6875, 63.78125, 75.6875, 85.5, 43.28125, 43.28125, 116.75, 34.375, 0.0, 63.53125, 19.03125, 67.25, 145.75, 58.59375, 96.1875, 51.3125, 78.75, 11.3984375, 113.1875, 41.21875, 107.1875, 77.4