{"name": "LZB_n120_15", "n": 120, "m": 15, "times": [[0.0, 93.1875, 67.75, 28.28125, 65.5, 101.375, 76.4375, 88.0, 87.4375, 49.65625, 52.0, 118.875, 91.5625, 47.0, 71.8125, 107.3125, 93.0625, 49.65625, 103.5, 38.46875, 56.4375, 92.125, 17.6875, 87.1875, 73.125, 109.6875, 60.53125, 122.0, 90.4375, 101.875, 44.65625, 63.1875, 121.1875, 93.875, 48.09375, 79.0625, 125.1875, 53.25, 110.5625, 43.6875, 95.5625, 83.375, 92.75, 92.125, 97.625, 53.375, 58.5625, 121.25, 96.375, 110.9375, 111.75, 82.5625, 78.0, 93.1875, 56.3125, 48.375, 51.46875, 79.625, 110.4375, 71.5, 75.9375, 97.75, 127.6875, 52.78125, 108.25, 47.40625, 88.0, 69.0, 125.875, 21.46875, 10.1953125, 62.40625, 46.3125, 47.71875, 79.8125, 58.3125, 39.5625, 65.25, 64.75, 86.5625, 91.25, 45.1875, 89.25, 35.125, 93.125, 47.4375, 30.609375, 96.625, 114.0625, 85.1875, 98.3125, 93.0, 104.6875, 50.59375, 63.375, 59.0625, 87.0625, 25.625, 76.875, 86.5625, 129.0, 100.25, 100.6875, 105.6875, 20.09375, 94.125, 123.3125, 87.6875, 36.5, 52.1875, 48.03125, 89.375, 136.5, 121.6875, 86.375, 88.875, 116.1875, 47.71875, 103.9375, 43.6875, 71.125], [93.1875, 0.0, 117.1875, 77.5, 36.25, 189.625, 43.03125, 87.25, 178.5, 109.75, 143.375, 211.875, 72.375, 50.96875, 162.5, 167.25, 85.9375, 142.75, 119.0, 60.21875, 149.625, 84.375, 110.6875, 135.875, 55.21875, 51.46875, 140.375, 213.0, 127.6875, 179.0, 130.125, 48.375, 158.5, 77.375, 140.5, 153.125, 169.5, 111.4375, 105.75, 129.375, 24.40625, 113.0, 113.375, 165.375, 100.1875, 66.0, 129.5, 41.0, 43.1875, 203.875, 204.0, 174.375, 150.25, 153.375, 146.625, 129.125, 140.75, 117.5625, 17.46875, 30.671875, 158.625, 181.0, 135.375, 41.125, 145.75, 81.375, 159.875, 50.8125, 169.75, 84.875, 100.625, 146.75, 117.0625, 120.625, 172.875, 143.25, 125.875, 145.0, 155.625, 36.625, 2.236328125, 79.1875, 68.25, 118.125, 161.5, 63.28125, 62.78125, 12.7265625, 149.125, 63.125, 62.3125, 163.75, 149.875, 116.8125, 59.90625, 147.75, 47.84375, 91.0625, 167.0, 107.6875, 148.125, 47.625, 176.625, 63.125, 104.0, 185.875, 173.625, 175.5, 112.9375, 48.25, 80.0625, 172.5, 228.75, 30.234375, 44.65625, 171.25, 116.5625, 104.5625, 143.375, 114.0625, 158.5], [67.75, 117.1875, 0.0, 91.4375, 81.0, 91.6875, 77.6875, 150.375, 90.5625, 18.4375, 69.125, 129.0, 149.125, 95.1875, 113.0625, 171.125, 154.375, 86.375, 44.15625, 64.0625, 89.1875, 56.8125, 66.5, 154.375, 66.0, 155.0, 43.03125, 119.25, 23.34375, 157.125, 49.34375, 68.9375, 188.625, 152.625, 89.875, 43.40625, 191.75, 14.8671875, 62.1875, 49.65625, 132.25, 150.75, 34.25, 52.5, 161.625, 112.375, 27.0, 156.375, 141.75, 133.125, 116.75, 117.1875, 39.4375, 36.25, 66.9375, 109.0625, 61.40625, 147.375, 130.125, 86.5625, 57.96875, 76.0, 66.875, 82.875, 175.875, 36.6875, 46.875, 68.125, 192.625, 50.59375, 60.59375, 116.75, 27.296875, 112.625, 98.4375, 112.875, 50.15625, 123.375, 107.0, 130.625, 114.9375, 39.46875, 145.75, 44.40625, 46.09375, 104.9375, 77.8125, 112.6875, 46.3125, 140.5, 80.4375, 49.5, 38.09375, 21.46875, 58.1875, 63.28125, 80.9375, 93.0625, 79.1875, 31.0625, 63.40625, 146.625, 157.0, 157.0, 50.34375, 99.625, 189.0, 79.3125, 36.40625, 70.8125, 112.25, 140.5, 138.75, 146.875, 134.125, 66.6875, 62.28125, 115.4375, 36.25, 28.015625, 66.25], [28.28125, 77.5, 91.4375, 0.0, 59.84375, 127.9375, 74.75, 60.21875, 112.6875, 74.4375, 77.8125, 140.75, 63.34375, 26.578125, 86.0625, 98.375, 65.0, 70.0625, 121.1875, 40.5, 77.125, 102.1875, 43.46875, 71.875, 76.0625, 83.8125, 88.8125, 146.75, 112.75, 103.0625, 72.75, 63.3125, 103.5, 65.625, 66.5, 107.25, 110.125, 77.875, 123.3125, 71.8125, 73.8125, 60.8125, 111.0, 120.3125, 70.625, 25.296875, 86.0625, 98.625, 71.0625, 129.625, 135.25, 98.75, 106.0625, 120.0625, 82.75, 51.65625, 78.5625, 59.40625, 94.875, 64.25, 104.0625, 125.5625, 144.75, 43.1875, 89.9375, 62.8125, 116.125, 70.375, 110.6875, 40.84375, 38.46875, 69.25, 73.3125, 44.03125, 102.0625, 65.8125, 67.6875, 67.875, 79.625, 62.21875, 75.9375, 59.8125, 61.125, 63.375, 121.0, 20.25, 21.9375, 84.1875, 137.0, 57.25, 100.6875, 121.0625, 129.375, 76.9375, 68.625, 86.1875, 86.375, 13.6015625, 102.875, 104.375, 149.0, 74.375, 101.0, 78.3125, 48.03125, 118.4375, 110.5625, 114.625, 64.0, 49.96875, 20.875, 95.125, 159.625, 102.875, 60.59375, 116.9375, 130.875, 32.3125, 127.375, 70.4375, 98.4375], [65.5, 36.25, 81.0, 59.84375, 0.0, 155.75, 16.40625, 94.875, 146.0, 73.8125, 111.8125, 181.125, 85.4375, 38.9375, 137.25, 157.75, 96.0625, 114.5625, 87.3125, 27.734375, 121.0625, 55.9375, 81.6875, 129.25, 24.171875, 78.625, 105.5, 180.25, 92.625, 162.125, 96.6875, 13.0, 157.625, 90.125, 113.5, 117.3125, 166.375, 75.3125, 78.75, 96.0625, 53.0, 111.8125, 80.25, 129.375, 108.25, 61.28125, 93.8125, 75.6875, 66.5, 175.5, 172.25, 148.0, 114.25, 117.1875, 114.3125, 109.0625, 108.25, 113.625, 50.59375, 6.40234375, 123.8125, 146.0, 106.5625, 17.09375, 144.125, 45.1875, 123.8125, 18.03125, 166.875, 52.15625, 70.75, 125.5, 81.6875, 103.3125, 142.75, 121.5625, 92.8125, 126.0, 130.25, 56.03125, 34.0, 43.03125, 81.3125, 84.625, 125.25, 55.0625, 39.0, 33.9375, 115.0625, 75.5, 43.59375, 127.625, 114.5625, 81.0, 25.0, 114.8125, 27.78125, 72.25, 134.25, 74.0625, 117.0625, 71.5625, 160.25, 85.0625, 71.875, 154.0, 168.25, 141.625, 78.5, 13.890625, 71.5625, 152.375, 197.0, 66.25, 62.03125, 136.125, 88.75, 91.6875, 108.5625, 78.75, 124.75], [101.375, 189.625, 91.6875, 127.9375, 155.75, 0.0, 159.375, 182.25, 19.234375, 86.4375, 50.15625, 43.0, 190.0, 148.125, 73.25, 151.625, 188.25, 64.5, 131.375, 129.375, 59.0625, 148.25, 84.5625, 153.125, 150.0, 211.0, 51.625, 27.65625, 104.8125, 120.5625, 59.46875, 147.25, 184.375, 191.375, 70.375, 49.65625, 180.375, 86.75, 152.875, 60.21875, 196.0, 165.25, 123.5625, 47.25, 188.5, 153.0, 66.625, 221.875, 197.75, 57.8125, 29.40625, 65.375, 53.75, 72.125, 45.1875, 102.1875, 49.9375, 157.625, 205.75, 162.125, 34.0, 19.640625, 149.0, 148.75, 175.375, 114.3125, 51.0, 149.625, 181.375, 104.75, 91.8125, 94.5, 75.6875, 113.625, 39.5625, 93.1875, 63.875, 104.5625, 72.8125, 187.875, 187.5, 115.1875, 188.25, 71.4375, 57.3125, 148.0, 130.375, 189.625, 112.4375, 184.875, 169.5, 52.34375, 96.3125, 78.375, 140.125, 42.4375, 166.125, 119.0625, 25.296875, 122.0, 137.375, 201.5, 122.5625, 206.25, 86.0625, 21.640625, 172.875, 14.140625, 77.25, 142.125, 144.0, 101.9375, 47.53125, 219.5, 187.625, 26.078125, 150.75, 129.625, 104.0625, 78.25, 31.140625], [76.4375, 43.03125, 77.6875, 74.75, 16.40625, 159.375, 0.0, 111.0625, 151.5, 74.25, 118.625, 187.875, 101.0, 55.21875, 148.0, 173.0, 112.0625, 123.9375, 76.0, 38.0625, 130.125, 42.1875, 91.25, 145.125, 12.3671875, 90.9375, 108.0625, 185.0, 85.4375, 175.75, 101.6875, 13.34375, 173.875, 105.8125, 123.5625, 117.5, 182.5, 75.0, 64.5, 101.1875, 64.125, 128.125, 70.375, 128.75, 124.4375, 77.6875, 94.75, 84.0625, 79.6875, 184.0, 178.125, 157.875, 114.125, 113.75, 120.3125, 122.1875, 114.0625, 129.75, 53.15625, 16.125, 126.375, 147.875, 93.375, 33.125, 160.375, 45.34375, 123.0625, 9.8984375, 182.875, 59.78125, 80.0625, 138.0, 83.875, 117.375, 150.25, 134.0, 98.4375, 139.25, 140.875, 69.875, 41.0, 44.21875, 96.8125, 89.9375, 123.4375, 71.375, 53.15625, 35.75, 106.1875, 91.0, 27.203125, 126.375, 107.875, 82.0625, 19.84375, 120.0625, 11.703125, 86.5, 139.375, 64.75, 105.375, 84.75, 174.0, 99.0, 79.125, 159.75, 184.125, 145.375, 82.6875, 25.171875, 87.6875, 165.0, 202.5, 70.625, 76.5, 138.0, 75.0, 106.875, 100.875, 81.1875, 129.0], [88.0, 87.25, 150.375, 60.21875, 94.875, 182.25, 111.0625, 0.0, 165.125, 134.125, 132.625, 186.25, 18.109375, 59.15625, 124.8125, 92.375, 6.40234375, 119.0625, 174.875, 90.8125, 125.5625, 149.0, 100.6875, 60.15625, 118.0625, 54.59375, 148.125, 197.125, 170.5, 117.0625, 131.5, 104.8125, 73.4375, 14.8671875, 113.875, 167.0, 86.0, 137.5, 171.75, 130.5, 67.1875, 32.90625, 165.5, 180.0, 13.453125, 38.28125, 146.25, 80.125, 50.25, 170.375, 183.875, 138.375, 166.0, 180.25, 138.25, 85.75, 135.125, 41.15625, 99.625, 95.5, 162.25, 182.875, 197.125, 80.0, 62.0, 118.125, 176.0, 111.6875, 86.0625, 100.0, 98.0, 101.375, 133.5, 73.25, 150.375, 99.875, 126.375, 94.25, 120.25, 51.53125, 87.1875, 114.9375, 21.03125, 123.0, 181.125, 45.875, 73.375, 99.3125, 194.75, 24.734375, 137.875, 181.0, 188.5, 137.0, 114.5625, 142.625, 121.625, 64.5, 157.0, 158.875, 204.0, 49.0, 113.75, 39.5625, 108.0625, 169.125, 92.25, 170.0, 124.1875, 92.9375, 40.0, 118.9375, 206.75, 96.75, 43.6875, 174.75, 180.875, 54.125, 185.75, 130.625, 154.875], [87.4375, 178.5, 90.5625, 112.6875, 146.0, 19.234375, 151.5, 165.125, 0.0, 81.625, 35.46875, 38.46875, 173.625, 134.5, 54.125, 132.5, 171.125, 46.3125, 133.0, 118.875, 40.4375, 145.25, 70.0, 134.0, 143.125, 196.375, 47.6875, 34.65625, 107.1875, 102.0, 49.75, 138.75, 165.125, 174.75, 51.96875, 53.15625, 161.25, 82.6875, 152.75, 50.25, 183.0, 146.875, 124.125, 55.46875, 170.75, 137.375, 63.78125, 208.75, 183.375, 45.875, 26.921875, 47.0, 56.875, 78.4375, 31.890625, 83.5, 37.8125, 139.0, 195.125, 152.375, 34.375, 32.5625, 152.75, 137.375, 156.25, 107.375, 57.59375, 141.875, 162.25, 94.0, 78.5625, 75.3125, 69.875, 95.1875, 20.609375, 74.0625, 53.25, 85.375, 53.59375, 173.75, 176.375, 107.8125, 172.25, 61.59375, 65.0, 132.875, 117.5, 179.625, 118.625, 169.125, 164.375, 60.40625, 102.625, 73.75, 132.875, 31.390625, 159.25, 102.875, 12.0859375, 121.5625, 143.0, 186.875, 103.875, 190.625, 74.5, 9.0546875, 153.75, 15.8125, 68.875, 132.25, 127.5625, 83.25, 51.09375, 207.875, 173.125, 33.625, 152.0, 111.8125, 109.25, 71.875, 24.328125], [49.65625, 109.75, 18.4375, 74.4375, 73.8125, 86.4375, 74.25, 134.125, 81.625, 0.0, 55.09375, 119.8125, 134.125, 81.25, 97.125, 152.875, 138.5, 70.1875, 60.0, 52.1875, 73.75, 63.9375, 48.15625, 136.0, 64.0, 143.125, 34.875, 113.1875, 41.71875, 139.625, 35.0, 63.25, 170.375, 137.375, 73.1875, 43.59375, 173.375, 3.60546875, 74.5625, 35.0625, 122.0625, 132.875, 49.40625, 55.5625, 145.0, 96.625, 20.515625, 147.125, 129.625, 121.25, 108.4375, 102.4375, 40.5, 47.09375, 54.09375, 90.8125, 48.0, 129.25, 124.25, 79.875, 52.6875, 73.75, 83.625, 72.125, 157.5, 29.0625, 50.125, 64.375, 174.125, 34.25, 42.1875, 99.125, 12.0390625, 94.1875, 86.125, 95.1875, 34.53125, 105.4375, 90.75, 118.6875, 107.5625, 30.8125, 131.0, 27.515625, 52.1875, 89.375, 63.0, 107.1875, 64.625, 126.0, 83.1875, 54.125, 55.15625, 8.0625, 54.5, 51.625, 80.0, 75.125, 69.625, 44.65625, 81.5625, 134.375, 139.375, 143.625, 31.890625, 90.5, 170.5, 72.875, 18.78125, 61.71875, 95.3125, 123.5, 131.875, 140.0, 121.3125, 63.875, 76.625, 97.25, 54.375, 11.1796875, 57.59375], [52.0, 143.375, 69.125, 77.8125, 111.8125, 50.15625, 118.625, 132.625, 35.46875, 55.09375, 0.0, 69.375, 139.875, 99.0, 45.5, 116.0, 138.5, 21.640625, 113.25, 84.3125, 21.40625, 118.25, 34.65625, 109.875, 111.3125, 161.25, 30.609375, 70.0625, 90.25, 93.375, 20.09375, 105.5625, 143.25, 141.375, 27.296875, 47.8125, 142.125, 57.3125, 129.5, 20.03125, 147.5, 118.0, 103.1875, 57.71875, 139.625, 102.875, 43.46875, 173.25, 148.125, 66.9375, 60.59375, 48.09375, 49.59375, 72.125, 6.08203125, 57.71875, 8.0625, 111.1875, 160.25, 118.1875, 33.84375, 51.0, 135.625, 102.3125, 132.625, 76.375, 56.3125, 109.375, 143.0, 59.6875, 43.125, 56.59375, 43.1875, 67.5, 32.0, 53.71875, 21.21875, 65.75, 40.46875, 138.5, 141.375, 76.25, 138.125, 29.609375, 63.8125, 98.0, 82.0625, 145.125, 107.6875, 134.75, 134.125, 61.0625, 93.25, 48.5, 100.875, 11.703125, 127.25, 68.9375, 25.0625, 99.125, 129.75, 151.75, 94.0625, 156.125, 39.96875, 42.53125, 136.375, 37.375, 38.3125, 97.9375, 93.9375, 75.1875, 85.4375, 172.625, 137.875, 44.40625, 131.0, 81.25, 97.25, 44.0, 23.015625], [118.875, 211.875, 129.0, 140.75, 181.125, 43.0, 187.875, 186.25, 38.46875, 119.8125, 69.375, 0.0, 197.5, 165.0, 62.40625, 134.0, 192.625, 70.75, 171.125, 153.5, 63.65625, 183.625, 101.1875, 144.5, 180.125, 224.125, 86.125, 23.59375, 145.0, 98.1875, 86.75, 174.875, 171.0, 197.75, 74.5, 90.125, 164.125, 121.0625, 191.125, 87.0625, 213.75, 162.875, 162.5, 89.8125, 189.625, 164.0, 102.25, 239.0, 211.75, 22.5625, 13.6015625, 49.34375, 94.0625, 114.25, 67.625, 100.625, 73.9375, 154.125, 228.875, 187.5, 72.0, 62.65625, 190.25, 170.875, 164.75, 144.625, 93.0625, 178.5, 165.125, 129.0, 111.25, 86.75, 107.9375, 113.1875, 39.0625, 87.3125, 89.5625, 95.8125, 66.1875, 203.0, 209.875, 144.875, 196.75, 98.0625, 99.8125, 160.75, 149.5, 214.125, 154.75, 194.375, 202.125, 94.9375, 138.625, 112.0625, 169.75, 68.625, 196.125, 129.125, 50.21875, 160.0, 179.5, 214.75, 101.0625, 216.375, 109.25, 29.421875, 155.0, 51.09375, 106.0625, 167.25, 152.25, 82.125, 20.875, 240.5, 201.125, 67.875, 190.25, 132.25, 145.875, 109.75, 62.8125], [91.5625, 72.375, 149.125, 63.34375, 85.4375, 190.0, 101.0, 18.109375, 173.625, 134.125, 139.875, 197.5, 0.0, 54.34375, 137.125, 110.1875, 14.3203125, 128.375, 169.375, 86.5625, 135.25, 141.0, 106.3125, 77.8125, 109.4375, 36.5, 152.125, 206.625, 167.75, 133.5, 136.125, 96.625, 91.1875, 5.0, 123.6875, 170.125, 104.0, 137.25, 163.875, 135.125, 50.6875, 50.6875, 160.625, 183.375, 28.859375, 38.3125, 148.25, 62.03125, 32.75, 182.75, 194.0, 150.75, 168.75, 181.0, 145.125, 97.9375, 141.375, 58.53125, 83.375, 85.0, 167.375, 188.75, 190.625, 72.5, 80.0, 114.75, 178.875, 103.0625, 104.0, 100.0, 101.8125, 114.5625, 135.125, 85.6875, 160.375, 112.625, 131.0, 108.3125, 132.0, 35.84375, 72.6875, 111.625, 4.2421875, 126.5625, 183.375, 45.03125, 71.375, 84.875, 191.875, 10.0, 127.125, 183.75, 187.0, 138.0, 107.375, 149.0, 110.875, 70.9375, 164.75, 154.0, 199.0, 31.0625, 130.25, 21.9375, 111.0, 178.5, 110.375, 177.125, 126.5, 86.0, 46.09375, 134.0, 217.5, 79.25, 27.78125, 180.25, 173.5, 65.9375, 183.375, 132.125, 161.25], [47.0, 50.96875, 95.1875, 26.578125, 38.9375, 148.125, 55.21875, 59.15625, 134.5, 81.25, 99.0, 165.0, 54.34375, 0.0, 112.3125, 120.25, 61.75, 94.5, 115.875, 32.28125, 101.5625, 90.25, 64.5625, 90.75, 60.15625, 63.6875, 103.8125, 169.0, 113.375, 128.625, 89.875, 46.6875, 118.6875, 58.25, 91.625, 120.3125, 127.5625, 84.125, 112.8125, 89.0, 48.78125, 72.9375, 106.75, 133.375, 72.125, 22.671875, 97.3125, 74.3125, 50.15625, 155.125, 158.5, 124.6875, 118.375, 128.375, 103.25, 78.1875, 98.1875, 74.6875, 68.3125, 41.78125, 120.8125, 143.125, 137.875, 22.203125, 105.1875, 60.40625, 128.5, 53.8125, 127.9375, 48.0625, 56.3125, 95.8125, 83.9375, 69.875, 125.9375, 92.375, 85.0, 94.125, 105.6875, 39.8125, 49.46875, 57.28125, 50.8125, 78.8125, 132.25, 16.125, 18.6875, 58.21875, 137.5, 45.40625, 82.375, 133.25, 132.875, 86.0, 55.59375, 105.6875, 66.75, 40.15625, 123.8125, 100.0625, 145.25, 54.4375, 126.375, 62.5, 63.0625, 141.0, 129.75, 134.25, 76.5625, 34.0625, 32.90625, 121.5, 183.125, 76.6875, 40.8125, 133.875, 121.75, 55.09375, 129.125, 80.8125, 117.5], [71.8125, 162.5, 113.0625, 86.0625, 137.25, 73.25, 148.0, 124.8125, 54.125, 97.125, 45.5, 62.40625, 137.125, 112.3125, 0.0, 78.3125, 131.125, 26.921875, 156.875, 110.1875, 24.1875, 156.875, 57.125, 83.0, 143.5, 166.375, 76.0, 77.5, 135.125, 49.40625, 63.96875, 134.625, 112.0625, 137.0, 25.015625, 91.9375, 107.375, 99.9375, 171.0, 63.5625, 159.75, 100.4375, 146.375, 100.0, 127.5, 106.5, 88.5625, 184.0, 154.75, 45.59375, 62.8125, 13.6015625, 94.25, 117.125, 49.8125, 39.21875, 53.53125, 91.75, 179.875, 143.125, 75.1875, 84.5, 180.0, 123.625, 104.25, 112.1875, 99.75, 140.0, 108.3125, 89.1875, 68.25, 24.359375, 86.0625, 51.625, 33.71875, 25.0625, 62.96875, 33.71875, 7.0703125, 147.25, 160.75, 111.0625, 136.75, 69.625, 107.5, 104.625, 100.3125, 167.375, 153.125, 135.125, 168.25, 104.0625, 138.75, 91.75, 133.25, 55.3125, 158.25, 72.9375, 53.71875, 141.75, 174.875, 157.25, 50.78125, 157.125, 72.125, 53.34375, 99.6875, 67.125, 78.5625, 124.0, 93.375, 30.609375, 83.1875, 188.875, 144.125, 81.8125, 173.75, 71.1875, 142.75, 86.0, 61.84375], [107.3125, 167.25, 171.125, 98.375, 157.75, 151.625, 173.0, 92.375, 132.5, 152.875, 116.0, 134.0, 110.1875, 120.25, 78.3125, 0.0, 97.75, 94.4375, 210.375, 138.0, 96.6875, 198.125, 104.6875, 32.5625, 174.125, 146.5, 144.75, 153.375, 194.5, 37.375, 128.625, 161.625, 39.0, 107.1875, 88.6875, 163.5, 30.0625, 156.375, 217.625, 127.8125, 153.375, 59.46875, 199.625, 173.625, 86.3125, 101.3125, 152.75, 171.0, 139.875, 112.375, 138.25, 87.6875, 164.75, 186.25, 121.6875, 62.25, 122.9375, 51.96875, 183.0, 161.5, 149.375, 162.0, 234.625, 140.625, 38.21875, 154.5, 172.125, 168.625, 31.0625, 128.75, 111.6875, 59.46875, 145.0, 59.625, 112.0625, 62.25, 125.25, 50.25, 79.375, 137.5, 166.375, 152.125, 112.3125, 128.125, 179.625, 105.0625, 120.1875, 176.875, 216.5, 114.125, 199.0, 177.0, 204.25, 150.625, 166.125, 127.5625, 184.75, 87.75, 131.0, 193.625, 234.375, 139.875, 33.96875, 131.875, 121.1875, 131.375, 21.375, 144.875, 135.0, 148.375, 87.8125, 52.0, 154.375, 184.75, 131.0, 158.125, 223.5, 66.125, 205.875, 143.5, 136.875], [93.0625, 85.9375, 154.375, 65.0, 96.0625, 188.25, 112.0625, 6.40234375, 171.125, 138.5, 138.5, 192.625, 14.3203125, 61.75, 131.125, 97.75, 0.0, 125.1875, 177.625, 93.75, 131.75, 150.875, 106.1875, 65.8125, 119.625, 50.09375, 153.375, 203.25, 174.0, 123.125, 136.875, 106.5, 77.0625, 10.0, 120.0, 172.125, 90.0625, 141.75, 173.625, 135.875, 64.875, 38.46875, 168.5, 185.125, 14.5625, 41.96875, 151.125, 76.0, 47.0625, 176.75, 190.125, 144.75, 171.0, 184.75, 144.125, 92.125, 140.75, 47.0, 97.5, 96.25, 167.75, 188.5, 199.5, 81.8125, 66.1875, 121.4375, 181.0, 113.25, 90.0, 104.25, 103.125, 107.8125, 138.25, 79.625, 156.625, 106.25, 131.75, 100.6875, 126.5625, 49.65625, 86.0625, 118.25, 18.03125, 128.125, 186.0, 49.46875, 76.9375, 98.25, 198.375, 22.828125, 138.625, 186.0, 192.375, 141.625, 116.625, 148.25, 122.375, 70.0625, 162.875, 161.75, 207.0, 45.28125, 119.8125, 34.53125, 113.0, 175.25, 96.75, 175.875, 129.0, 95.0, 45.28125, 125.25, 213.0, 93.5625, 41.625, 180.375, 183.0, 60.40625, 189.5, 135.25, 160.625], [49.65625, 142.75, 86.375, 70.0625, 114.5625, 64.5, 123.9375, 119.0625, 46.3125, 70.1875, 21.640625, 70.75, 128.375, 94.5, 26.921875, 94.4375, 125.1875, 0.0, 130.0, 87.0, 7.0703125, 130.375, 32.90625, 89.9375, 118.5625, 153.5, 51.625, 78.25, 108.6875, 72.375, 37.75, 110.625, 122.75, 129.25, 6.08203125, 69.375, 120.875, 73.0625, 144.125, 37.21875, 143.125, 100.6875, 119.5625, 79.25, 124.4375, 93.625, 62.6875, 168.375, 141.0, 61.28125, 65.75, 34.25, 71.0625, 93.375, 27.296875, 38.0625, 29.0625, 93.1875, 160.0, 120.6875, 55.03125, 69.875, 153.25, 102.4375, 112.625, 86.0, 77.9375, 115.5, 121.8125, 64.3125, 43.96875, 35.0, 59.25, 49.15625, 32.1875, 32.1875, 36.25, 44.28125, 20.609375, 132.25, 140.75, 85.125, 127.25, 42.71875, 85.4375, 90.0, 79.9375, 146.25, 127.625, 124.5625, 142.75, 82.6875, 113.6875, 65.0, 108.1875, 33.125, 133.75, 58.59375, 40.0, 114.8125, 148.75, 144.125, 72.875, 146.5, 46.09375, 50.15625, 114.9375, 54.03125, 51.65625, 100.875, 82.5, 54.65625, 89.8125, 170.625, 130.5, 64.5625, 146.875, 65.5, 117.0625, 59.125, 43.0], [103.5, 119.0, 44.15625, 121.1875, 87.3125, 131.375, 76.0, 174.875, 133.0, 60.0, 113.25, 171.125, 169.375, 115.875, 156.875, 210.375, 177.625, 130.0, 0.0, 84.125, 133.125, 35.90625, 106.875, 190.25, 64.1875, 165.875, 86.375, 159.0, 26.6875, 199.5, 93.4375, 74.5, 223.625, 173.625, 133.125, 81.75, 228.5, 57.0, 24.203125, 93.6875, 139.75, 182.0, 10.8203125, 86.375, 187.5, 137.0, 70.6875, 160.0, 153.75, 176.75, 158.375, 161.25, 77.625, 62.40625, 111.0, 149.25, 105.5625, 180.25, 127.0, 90.5625, 99.125, 113.5625, 24.203125, 97.0625, 210.25, 58.40625, 81.5, 69.5625, 229.125, 82.75, 98.8125, 158.875, 70.8125, 150.875, 142.25, 154.875, 93.9375, 164.625, 150.625, 143.125, 117.0, 61.40625, 165.5, 87.4375, 77.1875, 129.375, 102.375, 110.375, 34.125, 159.75, 63.25, 81.9375, 43.40625, 65.125, 62.8125, 107.1875, 72.5625, 126.625, 122.125, 16.96875, 29.828125, 158.875, 199.125, 172.0, 89.875, 142.0, 226.75, 120.3125, 78.8125, 83.5, 140.875, 183.5, 178.875, 145.0, 148.625, 105.375, 19.421875, 149.875, 34.0625, 70.9375, 109.0625], [38.46875, 60.21875, 64.0625, 40.5, 27.734375, 129.375, 38.0625, 90.8125, 118.875, 52.1875, 84.3125, 153.5, 86.5625, 32.28125, 110.1875, 138.0, 93.75, 87.0, 84.125, 0.0, 93.4375, 61.84375, 54.09375, 112.375, 36.40625, 91.25, 80.4375, 153.25, 81.1875, 138.125, 70.0, 25.015625, 143.625, 90.5, 86.125, 94.375, 150.625, 54.5625, 83.4375, 69.3125, 70.0, 99.6875, 74.75, 107.0, 103.375, 52.84375, 70.6875, 95.25, 77.8125, 147.875, 144.875, 120.625, 91.8125, 98.625, 87.0, 84.5, 81.0625, 99.375, 76.4375, 34.0, 98.625, 121.0, 106.75, 20.125, 130.125, 28.28125, 101.75, 31.40625, 151.125, 24.84375, 43.09375, 100.0, 57.71875, 80.5, 115.0, 96.0, 65.875, 101.625, 103.1875, 66.75, 58.0625, 25.171875, 83.0, 57.96875, 104.375, 45.28125, 19.109375, 60.8125, 105.3125, 77.4375, 61.625, 106.0625, 101.1875, 58.3125, 28.171875, 87.875, 49.03125, 50.34375, 107.1875, 68.0, 113.1875, 82.625, 136.625, 93.0, 44.40625, 126.625, 151.0, 115.25, 52.8125, 13.9296875, 58.0, 127.0, 169.625, 90.25, 70.0625, 111.25, 91.5625, 72.5, 97.0, 54.59375, 98.3125], [56.4375, 149.625, 89.1875, 77.125, 121.0625, 59.0625, 130.125, 125.5625, 40.4375, 73.75, 21.40625, 63.65625, 135.25, 101.5625, 24.1875, 96.6875, 131.75, 7.0703125, 133.125, 93.4375, 0.0, 135.125, 39.40625, 94.3125, 124.3125, 160.5, 52.0, 71.5625, 111.0, 72.125, 39.9375, 116.75, 126.5, 136.0, 11.703125, 68.6875, 123.9375, 76.375, 148.125, 39.5625, 150.25, 106.375, 122.8125, 77.6875, 130.625, 100.625, 64.4375, 175.5, 148.125, 54.5625, 58.84375, 29.015625, 70.6875, 93.4375, 26.171875, 43.09375, 29.40625, 98.625, 166.875, 127.25, 53.0, 66.0, 156.0, 109.1875, 116.8125, 91.1875, 76.8125, 121.5, 124.9375, 70.3125, 50.34375, 37.34375, 62.375, 54.75, 25.234375, 35.15625, 39.28125, 47.125, 19.109375, 139.375, 147.625, 90.4375, 134.125, 46.53125, 84.5, 97.0625, 86.8125, 153.0, 129.0, 131.5, 148.375, 81.375, 114.625, 68.0, 113.9375, 31.890625, 139.75, 65.625, 35.34375, 118.375, 150.75, 151.25, 73.0, 153.375, 51.625, 43.65625, 117.5625, 49.5, 55.59375, 107.3125, 89.375, 53.8125, 82.8125, 177.625, 137.5, 61.46875, 150.375, 71.8125, 118.5, 62.59375, 40.25], [92.125, 84.375, 56.8125, 102.1875, 55.9375, 148.25, 42.1875, 149.0, 145.25, 63.9375, 118.25, 183.625, 141.0, 90.25, 156.875, 198.125, 150.875, 130.375, 35.90625, 61.84375, 135.125, 0.0, 101.1875, 173.875, 31.78125, 133.125, 97.8125, 175.625, 53.25, 193.625, 98.5, 44.40625, 205.5, 145.625, 132.0, 100.1875, 212.25, 62.59375, 22.828125, 98.4375, 106.3125, 161.375, 33.625, 108.4375, 162.25, 112.6875, 81.9375, 125.1875, 121.75, 185.0, 172.0, 164.125, 96.1875, 87.875, 117.8125, 140.5, 111.625, 161.25, 91.375, 57.875, 114.25, 132.875, 51.1875, 69.0625, 192.0, 45.34375, 102.9375, 38.0, 212.875, 70.8125, 90.9375, 153.25, 75.9375, 139.125, 149.875, 149.25, 97.125, 157.125, 150.125, 111.6875, 82.5, 47.125, 137.0, 89.0, 100.8125, 105.5, 80.9375, 75.0, 69.0625, 131.125, 27.734375, 104.875, 74.875, 71.5625, 34.71875, 115.5625, 37.0, 110.8125, 133.375, 30.484375, 64.0, 126.8125, 192.625, 140.75, 85.0, 154.25, 212.25, 135.375, 80.0625, 56.21875, 119.625, 179.75, 194.75, 109.375, 117.9375, 123.5, 32.90625, 133.75, 66.375, 74.5625, 121.0625], [17.6875, 110.6875, 66.5, 43.46875, 81.6875, 84.5625, 91.25, 100.6875, 70.0, 48.15625, 34.65625, 101.1875, 106.3125, 64.5625, 57.125, 104.6875, 106.1875, 32.90625, 106.875, 54.09375, 39.40625, 101.1875, 0.0, 89.5625, 86.375, 126.5625, 48.25, 104.5, 89.8125, 93.25, 31.015625, 77.875, 124.0625, 108.1875, 32.375, 67.75, 126.0, 51.65625, 117.375, 30.015625, 113.1875, 91.0, 96.0625, 80.375, 109.0, 68.6875, 50.5625, 138.875, 113.4375, 93.9375, 94.0625, 66.6875, 67.4375, 85.625, 39.34375, 42.625, 35.125, 85.75, 127.875, 87.875, 61.53125, 82.4375, 130.875, 70.0, 111.8125, 55.90625, 76.9375, 83.0, 126.8125, 32.0625, 11.1796875, 52.5625, 40.8125, 46.625, 62.1875, 48.46875, 26.078125, 57.8125, 50.09375, 103.8125, 108.75, 54.4375, 104.375, 25.078125, 83.0, 63.5, 48.28125, 113.625, 112.0625, 100.6875, 111.0625, 82.0625, 100.6875, 46.21875, 76.1875, 42.71875, 101.25, 36.21875, 59.6875, 90.4375, 129.75, 117.125, 92.625, 121.75, 17.0, 76.5, 122.6875, 71.1875, 30.609375, 68.0, 61.0, 78.5625, 118.8125, 139.375, 103.25, 74.125, 121.6875, 53.59375, 101.5625, 39.0625, 55.03125], [87.1875, 135.875, 154.375, 71.875, 129.25, 153.125, 145.125, 60.15625, 134.0, 136.0, 109.875, 144.5, 77.8125, 90.75, 83.0, 32.5625, 65.8125, 89.9375, 190.25, 112.375, 94.3125, 173.875, 89.5625, 0.0, 147.625, 114.0, 135.25, 160.5, 177.375, 59.40625, 117.9375, 134.625, 34.46875, 75.0, 83.875, 154.75, 38.40625, 139.625, 194.625, 117.0, 121.125, 27.3125, 179.625, 166.375, 55.46875, 70.375, 140.0, 138.5, 107.375, 124.9375, 145.875, 95.3125, 155.25, 174.875, 115.9375, 52.1875, 115.5, 19.421875, 151.25, 132.5, 143.625, 159.75, 214.25, 112.1875, 22.796875, 132.5, 163.875, 141.75, 39.0625, 107.5, 93.8125, 59.21875, 130.125, 43.46875, 115.1875, 60.0, 113.75, 49.375, 81.25, 105.1875, 135.125, 129.75, 79.8125, 114.5, 170.625, 75.0, 93.625, 146.0, 200.625, 81.5625, 171.75, 168.875, 190.0, 135.375, 140.5, 121.5, 156.75, 63.78125, 129.625, 173.25, 216.125, 107.25, 55.875, 99.625, 104.3125, 135.125, 39.0, 143.75, 119.875, 121.1875, 57.875, 66.25, 165.375, 152.375, 98.5, 154.125, 201.5, 40.46875, 190.25, 128.125, 132.625], [73.125, 55.21875, 66.0, 76.0625, 24.171875, 150.0, 12.3671875, 118.0625, 143.125, 64.0, 111.3125, 180.125, 109.4375, 60.15625, 143.5, 174.125, 119.625, 118.5625, 64.1875, 36.40625, 124.3125, 31.78125, 86.375, 147.625, 0.0, 102.0, 98.5, 176.125, 73.0625, 174.25, 93.5, 13.453125, 177.75, 114.0625, 118.6875, 106.75, 185.625, 64.4375, 54.5625, 93.125, 75.5625, 132.625, 58.125, 117.5625, 131.375, 82.8125, 84.5, 96.1875, 90.25, 177.625, 170.0, 152.75, 103.25, 101.875, 112.5625, 120.5, 106.25, 133.375, 65.4375, 26.46875, 116.625, 137.75, 82.5625, 38.21875, 164.25, 35.84375, 111.9375, 6.40234375, 186.125, 54.34375, 75.25, 135.5, 74.3125, 116.9375, 143.25, 131.375, 90.625, 137.625, 136.5, 80.0, 53.15625, 35.34375, 105.3125, 82.0625, 112.0, 75.9375, 54.125, 48.09375, 93.875, 99.5, 25.3125, 115.125, 95.5, 72.0, 10.4375, 111.8125, 16.125, 86.625, 131.0, 52.46875, 93.75, 95.3125, 172.75, 109.125, 72.75, 151.625, 186.5, 136.25, 74.25, 26.625, 91.25, 162.5, 194.125, 83.0, 86.1875, 127.9375, 64.625, 108.3125, 88.5, 71.875, 120.0625], [109.6875, 51.46875, 155.0, 83.8125, 78.625, 211.0, 90.9375, 54.59375, 196.375, 143.125, 161.25, 224.125, 36.5, 63.6875, 166.375, 146.5, 50.09375, 153.5, 165.875, 91.25, 160.5, 133.125, 126.5625, 114.0, 102.0, 0.0, 167.5, 230.5, 170.0, 168.25, 153.5, 91.5625, 127.0, 40.125, 149.625, 183.75, 140.125, 145.75, 155.375, 152.5, 27.3125, 87.125, 158.75, 196.75, 64.0, 60.15625, 160.5, 26.3125, 13.6015625, 211.375, 219.0, 179.75, 181.625, 189.875, 165.875, 127.9375, 161.125, 94.625, 55.90625, 75.5, 184.5, 206.75, 184.375, 72.25, 116.25, 118.5, 191.75, 96.3125, 140.125, 111.3125, 119.4375, 145.375, 147.125, 116.375, 185.75, 142.875, 148.5, 140.375, 160.5, 24.515625, 52.78125, 115.625, 34.21875, 142.5, 195.0, 63.59375, 82.25, 63.8125, 193.125, 33.09375, 113.3125, 196.25, 191.25, 148.625, 103.5, 168.75, 98.0625, 95.0, 186.25, 152.5, 195.625, 9.4375, 165.125, 16.28125, 126.6875, 202.25, 146.75, 197.375, 140.125, 85.0, 73.0, 167.0, 243.375, 46.53125, 23.328125, 197.5, 166.0, 96.8125, 186.0, 144.0, 180.75], [60.53125, 140.375, 43.03125, 88.8125, 105.5, 51.625, 108.0625, 148.125, 47.6875, 34.875, 30.609375, 86.125, 152.125, 103.8125, 76.0, 144.75, 153.375, 51.625, 86.375, 80.4375, 52.0, 97.8125, 48.25, 135.25, 98.5, 167.5, 0.0, 78.3125, 61.625, 123.8125, 17.46875, 96.25, 169.375, 154.375, 56.71875, 19.640625, 169.5, 35.46875, 105.25, 18.4375, 149.5, 139.125, 77.0, 32.125, 157.0, 113.75, 16.125, 175.125, 154.0, 90.375, 74.1875, 77.375, 20.125, 41.78125, 26.421875, 84.0625, 22.671875, 133.375, 156.0, 111.8125, 18.390625, 40.59375, 107.5, 100.375, 157.875, 62.8125, 28.859375, 98.25, 170.375, 56.8125, 50.34375, 86.0625, 24.203125, 91.75, 56.09375, 82.8125, 22.203125, 94.625, 71.0625, 143.375, 138.25, 63.875, 149.625, 25.5, 35.46875, 107.5, 85.25, 139.375, 77.4375, 145.375, 118.0625, 33.96875, 62.6875, 26.828125, 88.625, 21.546875, 114.5625, 84.0, 36.125, 74.125, 100.0625, 158.25, 124.4375, 165.25, 41.21875, 56.71875, 164.625, 38.0, 27.78125, 92.3125, 108.1875, 105.75, 97.125, 170.625, 144.5, 30.8125, 105.0625, 101.625, 67.0625, 26.90625, 23.34375], [122.0, 213.0, 119.25, 146.75, 180.25, 27.65625, 185.0, 197.125, 34.65625, 113.1875, 70.0625, 23.59375, 206.625, 169.0, 77.5, 153.375, 203.25, 78.25, 159.0, 153.25, 71.5625, 175.625, 104.5, 160.5, 176.125, 230.5, 78.3125, 0.0, 132.375, 118.6875, 83.625, 172.5, 189.125, 207.5, 83.25, 77.25, 183.125, 113.75, 180.5, 84.1875, 217.625, 176.375, 151.25, 74.0, 201.75, 171.25, 93.75, 243.25, 217.625, 45.1875, 15.03125, 66.0, 81.375, 99.0, 66.5, 112.9375, 72.25, 168.125, 229.625, 186.625, 61.34375, 46.0, 176.25, 172.0, 181.75, 140.25, 78.1875, 175.375, 184.125, 128.375, 113.1875, 101.4375, 102.0, 125.25, 46.8125, 101.1875, 87.4375, 111.1875, 79.625, 208.25, 211.0, 141.0, 205.375, 95.625, 84.0, 167.0, 152.125, 214.0, 139.0, 202.5, 196.375, 79.0, 123.0, 105.125, 166.0, 65.4375, 192.25, 136.375, 46.09375, 149.625, 164.0, 221.125, 121.3125, 224.375, 109.0625, 28.296875, 174.5, 40.3125, 102.3125, 166.5, 160.625, 101.5, 20.03125, 242.625, 207.25, 53.59375, 178.375, 143.125, 131.0, 104.3125, 56.09375], [90.4375, 127.6875, 23.34375, 112.75, 92.625, 104.8125, 85.4375, 170.5, 107.1875, 41.71875, 90.25, 145.0, 167.75, 113.375, 135.125, 194.5, 174.0, 108.6875, 26.6875, 81.1875, 111.0, 53.25, 89.8125, 177.375, 73.0625, 170.0, 61.625, 132.375, 0.0, 180.0, 71.125, 79.75, 211.625, 171.5, 112.5, 55.21875, 215.0, 38.1875, 49.65625, 71.5625, 145.5, 172.75, 20.8125, 59.78125, 182.25, 132.25, 46.8125, 168.125, 157.0, 151.625, 132.0, 138.25, 51.15625, 36.25, 87.25, 132.375, 82.25, 169.75, 138.5, 97.3125, 73.0, 86.875, 45.90625, 98.125, 198.625, 52.9375, 54.8125, 76.875, 215.75, 72.0, 83.75, 139.875, 50.21875, 135.875, 117.6875, 136.0, 72.5625, 146.625, 129.25, 146.0, 125.5, 56.09375, 164.125, 67.4375, 50.6875, 124.625, 97.125, 121.1875, 24.359375, 158.625, 80.4375, 55.375, 22.46875, 44.40625, 67.875, 83.0, 85.5, 115.4375, 96.625, 22.796875, 40.21875, 162.0, 180.0, 173.625, 73.5625, 116.125, 212.25, 94.0625, 59.65625, 85.0, 133.375, 163.125, 152.375, 156.0, 150.375, 78.75, 46.09375, 138.125, 16.0, 51.21875, 83.625], [101.875, 179.0, 157.125, 103.0625, 162.125, 120.5625, 175.75, 117.0625, 102.0, 139.625, 93.375, 98.1875, 133.5, 128.625, 49.40625, 37.375, 123.125, 72.375, 199.5, 138.125, 72.125, 193.625, 93.25, 59.40625, 174.25, 168.25, 123.8125, 118.6875, 180.0, 0.0, 109.8125, 163.125, 76.1875, 131.5, 67.8125, 140.75, 67.0625, 142.875, 210.625, 109.1875, 169.625, 85.4375, 188.75, 149.25, 114.3125, 114.5, 134.75, 190.5, 159.375, 76.0, 103.75, 55.15625, 142.875, 165.5, 98.3125, 53.75, 101.1875, 76.375, 196.0, 167.0, 124.5, 133.5, 223.25, 146.0, 73.4375, 148.375, 148.875, 169.625, 68.0625, 122.8125, 102.8125, 40.71875, 129.875, 59.03125, 81.375, 44.78125, 107.625, 36.6875, 53.0625, 154.625, 177.75, 146.5, 134.625, 112.6875, 156.5, 115.9375, 123.125, 186.875, 199.75, 135.125, 199.625, 153.25, 186.0, 135.625, 165.0, 104.0, 187.125, 90.0, 102.9375, 183.375, 220.25, 160.375, 3.60546875, 155.25, 110.1875, 99.375, 57.3125, 116.0, 120.9375, 150.5, 99.9375, 18.875, 118.0, 200.875, 149.375, 131.125, 214.875, 74.75, 189.25, 129.125, 111.1875], [44.65625, 130.125, 49.34375, 72.75, 96.6875, 59.46875, 101.6875, 131.5, 49.75, 35.0, 20.09375, 86.75, 136.125, 89.875, 63.96875, 128.625, 136.875, 37.75, 93.4375, 70.0, 39.9375, 98.5, 31.015625, 117.9375, 93.5, 153.5, 17.46875, 83.625, 71.125, 109.8125, 0.0, 89.0625, 152.25, 138.25, 42.0, 37.09375, 152.75, 37.21875, 109.4375, 1.0, 137.0, 121.625, 83.1875, 49.5, 140.0, 98.0, 25.0, 162.75, 140.0, 86.5, 76.5, 67.9375, 37.34375, 57.6875, 19.421875, 67.25, 13.15625, 115.9375, 146.375, 103.0625, 31.328125, 53.3125, 116.125, 89.25, 140.625, 57.9375, 46.3125, 92.1875, 153.5, 45.28125, 34.46875, 70.6875, 23.09375, 74.4375, 51.34375, 67.1875, 5.09765625, 78.75, 58.1875, 129.75, 128.0, 58.1875, 133.875, 12.0390625, 52.8125, 92.0625, 71.6875, 130.5, 90.0, 129.75, 115.4375, 51.40625, 76.4375, 28.4375, 83.1875, 18.359375, 109.5625, 67.0625, 37.75, 79.0625, 111.0, 144.125, 110.125, 150.25, 26.921875, 58.125, 148.125, 45.34375, 19.3125, 83.0, 91.5625, 92.375, 100.875, 160.0, 130.25, 44.28125, 111.0, 84.1875, 79.375, 24.015625, 28.3125], [63.1875, 48.375, 68.9375, 63.3125, 13.0, 147.25, 13.34375, 104.8125, 138.75, 63.25, 105.5625, 174.875, 96.625, 46.6875, 134.625, 161.625, 106.5, 110.625, 74.5, 25.015625, 116.75, 44.40625, 77.875, 134.625, 13.453125, 91.5625, 96.25, 172.5, 79.75, 163.125, 89.0625, 0.0, 164.5, 101.1875, 110.1875, 106.8125, 172.375, 64.375, 67.25, 88.5, 66.0, 119.1875, 67.25, 118.4375, 118.0625, 69.375, 83.625, 88.4375, 79.25, 170.75, 165.375, 144.625, 103.625, 105.1875, 107.4375, 109.4375, 101.1875, 120.125, 61.40625, 17.71875, 114.625, 136.5, 94.3125, 24.84375, 150.875, 34.21875, 112.875, 7.2109375, 172.875, 46.5, 66.6875, 125.0, 72.125, 105.125, 137.125, 121.0, 85.5625, 126.5625, 127.5625, 68.6875, 46.1875, 32.5625, 92.5625, 77.1875, 113.875, 62.46875, 41.4375, 44.09375, 102.0625, 86.75, 37.34375, 116.5, 101.8125, 70.8125, 12.0, 107.375, 24.015625, 74.4375, 126.75, 61.0625, 104.375, 84.375, 161.5, 97.5, 65.9375, 147.0, 173.5, 133.25, 70.1875, 13.4140625, 77.9375, 152.0, 189.875, 77.875, 74.3125, 126.5625, 76.9375, 95.625, 95.625, 69.375, 116.625], [121.1875, 158.5, 188.625, 103.5, 157.625, 184.375, 173.875, 73.4375, 165.125, 170.375, 143.25, 171.0, 91.1875, 118.6875, 112.0625, 39.0, 77.0625, 122.75, 223.625, 143.625, 126.5, 205.5, 124.0625, 34.46875, 177.75, 127.0, 169.375, 189.125, 211.625, 76.1875, 152.25, 164.5, 0.0, 87.0625, 116.6875, 188.875, 14.3203125, 173.875, 226.75, 151.25, 140.25, 46.09375, 213.125, 200.25, 63.0, 96.625, 174.5, 153.0, 123.6875, 149.875, 174.125, 123.0625, 189.5, 209.25, 149.375, 85.6875, 149.25, 44.40625, 172.25, 160.125, 177.125, 192.375, 247.5, 140.75, 13.6015625, 165.5, 198.0, 171.625, 13.9296875, 141.0, 128.125, 89.8125, 164.625, 77.8125, 145.375, 91.4375, 148.125, 79.75, 111.5625, 124.3125, 158.125, 162.625, 94.4375, 149.0, 204.875, 102.5625, 124.625, 169.875, 235.0, 98.0, 201.0, 203.0, 224.5, 169.75, 171.375, 155.0, 185.375, 97.0, 161.75, 206.625, 250.0, 122.25, 72.75, 111.0625, 138.625, 165.25, 24.203125, 175.875, 154.375, 151.125, 86.5625, 89.25, 191.625, 170.125, 116.75, 187.25, 234.125, 73.75, 224.625, 162.625, 165.625], [93.875, 77.375, 152.625, 65.625, 90.125, 191.375, 105.8125, 14.8671875, 174.75, 137.375, 141.375, 197.75, 5.0, 58.25, 137.0, 107.1875, 10.0, 129.25, 173.625, 90.5, 136.0, 145.625, 108.1875, 75.0, 114.0625, 40.125, 154.375, 207.5, 171.5, 131.5, 138.25, 101.1875, 87.0625, 0.0, 124.375, 172.75, 100.0625, 140.5, 168.5, 137.25, 55.53125, 47.75, 164.75, 185.875, 24.328125, 41.0, 151.125, 66.0, 37.375, 182.625, 194.625, 150.625, 171.375, 184.125, 146.75, 97.8125, 143.125, 55.9375, 88.25, 89.8125, 169.5, 190.625, 195.0, 76.9375, 76.1875, 118.625, 181.5, 107.6875, 100.0, 103.1875, 104.0625, 114.125, 138.0, 85.4375, 161.0, 112.3125, 133.125, 107.5, 132.0, 40.8125, 77.6875, 115.4375, 9.21875, 129.0, 186.125, 48.03125, 74.8125, 89.875, 195.75, 14.8671875, 132.0, 186.5, 190.5, 141.0, 111.8125, 150.625, 115.75, 72.4375, 166.125, 158.125, 203.125, 35.34375, 128.25, 24.734375, 113.5625, 179.375, 106.6875, 178.625, 129.25, 90.375, 47.4375, 132.75, 218.0, 83.75, 32.75, 182.25, 178.0, 65.8125, 187.125, 135.0, 163.0], [48.09375, 140.5, 89.875, 66.5, 113.5, 70.375, 123.5625, 113.875, 51.96875, 73.1875, 27.296875, 74.5, 123.6875, 91.625, 25.015625, 88.6875, 120.0, 6.08203125, 133.125, 86.125, 11.703125, 132.0, 32.375, 83.875, 118.6875, 149.625, 56.71875, 83.25, 112.5, 67.8125, 42.0, 110.1875, 116.6875, 124.375, 0.0, 74.875, 114.9375, 76.1875, 146.5, 41.40625, 140.125, 94.875, 122.5625, 85.0, 118.9375, 89.5, 67.0, 165.125, 137.25, 63.5, 70.3125, 34.46875, 76.375, 98.5, 33.09375, 32.0, 34.40625, 87.25, 158.0, 119.5625, 60.9375, 75.9375, 156.625, 100.75, 106.5625, 87.125, 83.5, 115.4375, 115.875, 64.375, 43.5625, 29.40625, 62.625, 43.28125, 36.71875, 26.421875, 39.96875, 38.46875, 18.109375, 128.75, 138.75, 86.0, 122.625, 45.6875, 91.0, 86.25, 77.8125, 144.625, 132.0, 120.125, 143.25, 88.3125, 118.3125, 68.4375, 108.4375, 38.90625, 133.625, 54.5625, 46.0, 117.625, 152.625, 140.25, 68.125, 142.0, 47.09375, 55.375, 109.125, 60.0625, 54.4375, 100.0, 77.9375, 50.59375, 94.0625, 168.125, 126.6875, 70.625, 149.625, 60.09375, 121.375, 62.25, 49.03125], [79.0625, 153.125, 43.40625, 107.25, 117.3125, 49.65625, 117.5, 167.0, 53.15625, 43.59375, 47.8125, 90.125, 170.125, 120.3125, 91.9375, 163.5, 172.125, 69.375, 81.75, 94.375, 68.6875, 100.1875, 67.75, 154.75, 106.75, 183.75, 19.640625, 77.25, 55.21875, 140.75, 37.09375, 106.8125, 188.875, 172.75, 74.875, 0.0, 188.75, 42.53125, 103.3125, 38.09375, 164.25, 158.625, 74.0, 13.15625, 176.125, 131.875, 23.703125, 189.625, 170.125, 98.75, 77.0, 91.25, 4.125, 25.9375, 42.53125, 103.375, 40.5, 153.0, 167.875, 123.4375, 18.96875, 32.6875, 100.0625, 114.5, 177.5, 72.625, 9.21875, 107.625, 189.625, 72.4375, 69.0, 104.3125, 36.78125, 111.3125, 67.0625, 101.25, 41.78125, 113.1875, 87.75, 159.375, 151.0, 74.375, 167.625, 44.0, 16.125, 125.3125, 101.625, 150.75, 65.5, 163.125, 123.4375, 14.3203125, 49.65625, 36.34375, 97.6875, 36.78125, 122.4375, 103.1875, 44.0, 72.75, 89.8125, 174.625, 141.625, 182.5, 59.21875, 61.8125, 183.625, 39.0625, 43.9375, 104.9375, 127.0, 122.3125, 97.1875, 183.375, 161.125, 23.765625, 101.125, 121.1875, 56.09375, 39.9375, 31.765625], [125.1875, 169.5, 191.75, 110.125, 166.375, 180.375, 182.5, 86.0, 161.25, 173.375, 142.125, 164.125, 104.0, 127.5625, 107.375, 30.0625, 90.0625, 120.875, 228.5, 150.625, 123.9375, 212.25, 126.0, 38.40625, 185.625, 140.125, 169.5, 183.125, 215.0, 67.0625, 152.75, 172.375, 14.3203125, 100.0625, 114.9375, 188.75, 0.0, 177.0, 233.0, 151.875, 152.25, 56.5, 217.75, 199.625, 76.3125, 106.0625, 175.875, 166.0, 136.125, 142.375, 168.125, 117.375, 189.625, 210.25, 148.0, 85.5, 148.5, 52.9375, 183.75, 169.25, 175.875, 189.875, 252.5, 149.375, 24.078125, 170.875, 197.625, 179.625, 1.0, 145.75, 131.25, 86.6875, 166.875, 79.375, 141.0, 88.875, 148.875, 76.875, 107.6875, 136.25, 169.0, 168.125, 107.0625, 150.625, 204.875, 111.5, 131.75, 180.5, 237.875, 110.3125, 209.375, 202.625, 226.625, 172.25, 178.625, 153.75, 194.125, 102.1875, 158.875, 211.5, 254.125, 135.0, 63.78125, 124.3125, 141.5, 160.625, 10.8203125, 173.0, 156.625, 159.0, 94.8125, 82.0, 184.375, 182.5, 128.75, 185.375, 240.0, 78.875, 227.375, 165.0, 163.875], [53.25, 111.4375, 14.8671875, 77.875, 75.3125, 86.75, 75.0, 137.5, 82.6875, 3.60546875, 57.3125, 121.0625, 137.25, 84.125, 99.9375, 156.375, 141.75, 73.0625, 57.0, 54.5625, 76.375, 62.59375, 51.65625, 139.625, 64.4375, 145.75, 35.46875, 113.75, 38.1875, 142.875, 37.21875, 64.375, 173.875, 140.5, 76.1875, 42.53125, 177.0, 0.0, 72.25, 37.34375, 124.25, 136.5, 46.5, 54.09375, 148.375, 99.875, 20.25, 149.125, 132.25, 123.125, 109.5, 104.9375, 39.21875, 44.28125, 56.0, 94.25, 50.03125, 132.875, 125.625, 81.3125, 52.84375, 73.4375, 80.5, 74.3125, 161.125, 30.234375, 48.5625, 65.125, 177.75, 37.46875, 45.8125, 102.375, 14.140625, 97.75, 88.0, 98.5, 37.09375, 108.8125, 93.625, 121.1875, 109.1875, 32.25, 134.125, 30.46875, 50.15625, 92.5625, 66.0, 108.4375, 61.03125, 129.0, 82.75, 52.34375, 51.625, 9.0546875, 55.1875, 53.25, 80.25, 78.75, 70.8125, 41.96875, 78.125, 137.0, 142.75, 146.5, 35.46875, 91.6875, 174.125, 73.4375, 21.953125, 63.5625, 98.75, 126.5625, 132.625, 141.5, 124.0625, 63.59375, 74.0, 100.875, 50.78125, 13.9296875, 58.53125], [110.5625, 105.75, 62.1875, 123.3125, 78.75, 152.875, 64.5, 171.75, 152.75, 74.5625, 129.5, 191.125, 163.875, 112.8125, 171.0, 217.625, 173.625, 144.125, 24.203125, 83.4375, 148.125, 22.828125, 117.375, 194.625, 54.5625, 155.375, 105.25, 180.5, 49.65625, 210.625, 109.4375, 67.25, 226.75, 168.5, 146.5, 103.3125, 233.0, 72.25, 0.0, 109.5625, 128.375, 183.125, 29.40625, 109.1875, 184.875, 135.125, 89.125, 146.125, 144.25, 195.0, 178.75, 176.875, 99.1875, 85.875, 128.125, 158.375, 122.25, 182.625