{"name": "LZB_n120_18", "n": 120, "m": 15, "times": [[0.0, 43.28125, 87.125, 64.875, 51.90625, 40.71875, 37.0, 58.1875, 88.0, 81.1875, 45.65625, 82.625, 93.5, 101.5, 95.6875, 53.375, 89.0, 104.375, 117.0, 67.1875, 49.40625, 42.4375, 65.8125, 77.375, 96.5625, 78.375, 84.3125, 18.109375, 43.3125, 93.875, 36.0625, 35.21875, 82.125, 110.625, 109.0625, 45.875, 98.5, 69.4375, 69.0, 62.65625, 36.625, 102.0625, 100.3125, 88.4375, 67.25, 31.90625, 60.21875, 113.5625, 94.5625, 35.0, 25.5, 116.1875, 39.9375, 62.9375, 69.375, 88.375, 62.03125, 98.625, 93.625, 73.75, 97.0, 106.125, 68.375, 88.375, 47.0, 75.4375, 125.125, 97.0625, 90.625, 104.6875, 57.46875, 110.5625, 89.3125, 81.5, 112.875, 58.125, 118.8125, 80.75, 103.125, 60.53125, 60.15625, 85.8125, 79.1875, 103.0625, 64.875, 26.875, 105.3125, 114.5625, 102.625, 104.6875, 64.75, 100.0, 81.875, 36.125, 51.34375, 96.1875, 130.125, 25.078125, 68.125, 106.25, 94.1875, 86.0625, 124.875, 77.5, 92.1875, 132.25, 68.625, 100.6875, 96.1875, 114.375, 78.75, 98.875, 14.3203125, 111.8125, 126.0, 78.625, 47.625, 100.1875, 97.0625, 61.5625, 72.5625], [43.28125, 0.0, 115.25, 108.1875, 83.0, 7.0703125, 39.21875, 80.8125, 73.4375, 122.0625, 65.5, 80.4375, 109.0625, 94.125, 71.625, 95.0625, 118.625, 84.9375, 127.3125, 85.75, 43.1875, 1.0, 107.5, 106.375, 57.03125, 82.4375, 116.25, 34.53125, 11.1796875, 129.25, 56.3125, 73.75, 50.15625, 123.5625, 111.3125, 79.375, 104.375, 63.6875, 78.3125, 90.125, 79.875, 120.875, 137.75, 131.375, 104.5625, 11.3984375, 75.125, 156.75, 52.625, 78.25, 21.953125, 129.375, 9.0546875, 49.25, 85.0625, 46.625, 22.09375, 130.75, 89.0, 96.3125, 60.8125, 123.6875, 105.375, 105.5, 8.6015625, 118.6875, 166.875, 111.375, 94.375, 121.3125, 25.703125, 115.125, 113.0, 121.5625, 135.0, 46.6875, 161.625, 51.34375, 101.8125, 97.3125, 66.25, 128.375, 36.40625, 115.5, 52.34375, 17.71875, 63.3125, 155.125, 63.0625, 63.25, 101.0, 60.9375, 39.0, 78.3125, 23.4375, 87.4375, 88.25, 68.125, 37.75, 64.3125, 69.0625, 107.25, 136.875, 120.75, 74.3125, 132.0, 72.375, 144.0, 128.0, 120.3125, 99.75, 131.5, 37.8125, 137.875, 168.875, 113.625, 14.3203125, 135.5, 127.4375, 66.625, 71.6875], [87.125, 115.25, 0.0, 78.0, 120.75, 108.8125, 124.125, 34.9375, 175.125, 112.0625, 49.96875, 70.0, 34.0625, 84.5, 112.625, 94.1875, 5.38671875, 108.4375, 195.375, 145.25, 80.25, 115.0, 55.59375, 141.5, 143.25, 163.0, 12.3671875, 105.0625, 107.25, 28.28125, 119.625, 99.375, 119.1875, 187.5, 68.25, 113.625, 180.875, 75.6875, 50.34375, 25.3125, 74.6875, 174.5, 40.59375, 75.0, 117.625, 106.3125, 45.0, 105.75, 148.625, 73.8125, 94.125, 192.375, 106.875, 87.4375, 38.21875, 159.875, 121.1875, 19.421875, 76.5625, 21.9375, 136.0, 179.375, 119.0, 164.25, 112.625, 80.125, 84.5625, 174.25, 59.46875, 178.875, 138.25, 192.875, 158.125, 116.125, 180.0, 145.0, 91.125, 163.875, 188.25, 115.125, 145.5, 101.8125, 140.0, 181.125, 85.8125, 106.9375, 157.625, 66.75, 177.75, 176.25, 119.0625, 175.875, 142.75, 87.6875, 103.75, 183.125, 199.5, 81.9375, 110.6875, 158.25, 113.6875, 158.375, 201.25, 86.5625, 179.0, 86.5, 60.21875, 95.875, 150.5, 63.1875, 152.5, 21.09375, 81.375, 173.625, 98.0, 23.265625, 126.5, 31.625, 13.453125, 60.21875, 158.875], [64.875, 108.1875, 78.0, 0.0, 58.40625, 105.3125, 90.1875, 75.4375, 135.25, 34.0625, 76.125, 119.9375, 105.125, 139.625, 149.125, 24.078125, 75.6875, 153.0, 130.125, 85.375, 101.625, 107.3125, 22.671875, 70.8125, 159.5, 110.4375, 67.1875, 77.8125, 107.375, 63.125, 74.25, 44.28125, 141.75, 121.3125, 134.75, 53.15625, 122.125, 114.0, 98.625, 68.125, 28.296875, 105.5625, 61.03125, 26.40625, 43.96875, 96.8125, 87.3125, 48.75, 158.75, 30.015625, 89.0, 125.125, 104.3125, 115.25, 90.5, 152.625, 126.125, 75.4375, 130.5, 81.875, 158.125, 110.625, 45.21875, 99.3125, 111.5, 10.6328125, 65.9375, 109.4375, 119.125, 111.0, 119.5, 133.0, 88.3125, 38.1875, 107.3125, 110.4375, 56.03125, 139.25, 134.375, 44.40625, 97.4375, 26.46875, 143.875, 116.5, 115.875, 91.375, 169.5, 61.40625, 165.5, 168.625, 47.0625, 162.625, 146.625, 33.0, 113.0625, 136.625, 194.125, 40.46875, 128.375, 170.375, 148.5, 90.9375, 133.75, 13.34375, 141.375, 156.875, 104.5625, 35.84375, 74.4375, 134.25, 87.1875, 74.3125, 73.4375, 98.8125, 62.625, 55.90625, 111.3125, 67.5625, 78.875, 99.1875, 111.625], [51.90625, 83.0, 120.75, 58.40625, 0.0, 84.125, 48.375, 101.4375, 81.0, 48.84375, 92.75, 133.75, 137.25, 153.0, 146.625, 34.375, 120.5625, 156.0, 74.9375, 27.015625, 101.25, 82.0, 75.4375, 25.5, 140.0, 52.5, 113.3125, 49.15625, 88.375, 115.5, 28.15625, 21.640625, 130.25, 66.875, 158.125, 7.2109375, 64.0, 121.25, 117.8125, 100.9375, 46.25, 54.09375, 116.625, 83.9375, 25.609375, 74.1875, 107.5625, 95.1875, 134.875, 47.0, 74.0, 71.5625, 84.3125, 114.5625, 115.25, 117.0625, 105.0, 125.3125, 144.75, 114.625, 143.25, 58.84375, 25.8125, 43.65625, 90.0625, 66.6875, 123.25, 53.75, 140.0, 58.1875, 81.625, 75.25, 38.90625, 46.0, 62.28125, 62.4375, 111.0625, 93.5, 75.9375, 19.109375, 42.1875, 62.4375, 117.9375, 60.71875, 116.625, 66.0625, 145.25, 119.8125, 124.8125, 130.625, 20.8125, 121.6875, 120.1875, 33.25, 99.3125, 79.6875, 155.25, 40.0, 116.375, 146.25, 144.75, 37.75, 80.5, 64.1875, 87.8125, 181.625, 119.0625, 85.0, 45.40625, 161.875, 31.78125, 124.75, 66.1875, 60.03125, 116.5, 103.75, 78.4375, 121.0, 126.5, 112.0625, 55.5625], [40.71875, 7.0703125, 108.8125, 105.3125, 84.125, 0.0, 42.9375, 74.1875, 80.0625, 121.0625, 58.9375, 73.5625, 102.0, 87.6875, 66.875, 93.625, 112.25, 79.625, 132.0, 88.9375, 36.125, 7.28125, 103.3125, 108.1875, 56.71875, 87.4375, 110.1875, 35.0, 5.0, 123.5625, 58.46875, 73.1875, 46.84375, 127.9375, 104.375, 80.0, 109.5, 56.875, 71.25, 83.8125, 77.0, 124.5, 132.25, 127.8125, 104.5625, 10.0, 68.1875, 154.0, 53.84375, 75.3125, 16.96875, 133.75, 2.0, 42.71875, 78.125, 51.96875, 21.59375, 124.625, 82.3125, 89.625, 59.0625, 127.5, 105.5, 109.1875, 6.32421875, 115.75, 162.625, 115.5, 87.375, 125.25, 32.75, 120.4375, 115.8125, 120.8125, 138.25, 52.625, 157.875, 58.40625, 107.625, 97.4375, 70.75, 126.4375, 38.59375, 119.875, 45.78125, 18.109375, 64.625, 150.375, 69.0625, 68.625, 101.25, 67.0625, 41.34375, 76.5625, 17.796875, 93.75, 93.25, 65.8125, 33.625, 65.5625, 64.5, 110.375, 141.5, 118.125, 81.125, 125.25, 65.3125, 141.125, 129.5, 113.3125, 102.8125, 125.375, 33.25, 140.375, 165.25, 107.9375, 21.1875, 129.75, 121.125, 59.53125, 77.125], [37.0, 39.21875, 124.125, 90.1875, 48.375, 42.9375, 0.0, 94.125, 51.0, 94.0625, 80.375, 110.0, 128.375, 126.75, 109.75, 70.75, 126.0, 122.0625, 89.625, 46.5625, 72.375, 38.28125, 97.6875, 69.125, 94.625, 46.09375, 121.125, 19.234375, 47.875, 129.875, 20.25, 47.375, 89.3125, 85.125, 139.25, 46.96875, 67.875, 94.375, 101.0625, 99.5, 64.875, 81.6875, 135.375, 116.1875, 72.9375, 34.40625, 94.0, 135.75, 88.0, 63.96875, 41.21875, 91.0, 43.90625, 82.8125, 103.75, 68.6875, 60.875, 135.375, 120.125, 110.0, 99.6875, 84.5625, 73.4375, 66.3125, 47.53125, 100.625, 155.0, 72.5625, 121.0625, 82.3125, 33.25, 79.375, 74.125, 92.3125, 95.875, 21.59375, 146.25, 49.03125, 68.9375, 65.75, 28.3125, 104.25, 71.0, 77.125, 85.5625, 26.90625, 98.0625, 146.875, 77.6875, 82.75, 68.5625, 74.625, 73.0, 57.1875, 60.53125, 59.65625, 107.6875, 51.90625, 76.5, 99.0625, 107.4375, 68.125, 98.8125, 100.6875, 55.4375, 161.75, 98.25, 123.8125, 91.4375, 146.25, 60.625, 135.5, 45.21875, 99.125, 152.75, 115.0, 31.0, 136.125, 134.0, 91.4375, 37.59375], [58.1875, 80.8125, 34.9375, 75.4375, 101.4375, 74.1875, 94.125, 0.0, 144.25, 107.125, 15.296875, 46.1875, 36.0625, 65.0, 83.625, 83.0, 38.9375, 83.0, 173.25, 122.625, 45.8125, 80.625, 58.03125, 125.1875, 109.6875, 136.5, 38.9375, 74.9375, 72.4375, 55.3125, 93.5, 80.0, 86.3125, 166.125, 59.9375, 94.25, 156.125, 45.625, 24.015625, 12.203125, 59.625, 155.25, 66.625, 84.125, 105.4375, 72.4375, 13.6015625, 116.0625, 114.375, 58.0, 60.3125, 171.375, 72.25, 54.5625, 15.234375, 125.0, 86.3125, 52.4375, 56.0, 16.03125, 103.375, 159.75, 106.8125, 143.125, 77.8125, 81.875, 106.625, 152.5, 43.6875, 158.75, 104.5625, 168.25, 140.25, 110.0625, 163.375, 114.0, 108.4375, 130.5, 161.25, 101.0625, 118.3125, 101.875, 105.1875, 159.0, 53.40625, 74.0, 123.6875, 90.375, 143.0, 141.375, 105.4375, 141.125, 107.9375, 70.9375, 68.875, 153.75, 164.625, 61.5625, 76.6875, 124.3125, 84.125, 138.875, 180.25, 87.5, 147.625, 82.875, 32.0, 104.0, 138.625, 61.40625, 132.25, 53.59375, 49.375, 159.25, 115.9375, 41.34375, 92.625, 60.8125, 47.875, 29.0625, 130.625], [88.0, 73.4375, 175.125, 135.25, 81.0, 80.0625, 51.0, 144.25, 0.0, 129.625, 129.875, 153.5, 177.375, 167.625, 141.625, 112.6875, 177.0, 156.375, 71.1875, 60.3125, 115.5625, 72.9375, 146.25, 89.0, 111.75, 34.875, 172.125, 70.0, 84.625, 180.5, 61.34375, 91.0, 117.375, 72.125, 184.125, 83.875, 48.03125, 136.875, 148.375, 150.25, 113.0625, 79.8125, 185.375, 161.625, 105.875, 75.9375, 142.625, 176.125, 100.875, 112.5625, 86.6875, 77.0, 81.8125, 122.6875, 152.625, 68.125, 87.875, 186.375, 162.375, 160.25, 121.1875, 79.625, 105.75, 66.875, 81.3125, 144.875, 201.125, 65.75, 166.625, 76.5, 49.21875, 53.75, 83.1875, 126.375, 96.0625, 30.265625, 190.5, 32.6875, 36.125, 100.0, 38.84375, 143.375, 86.625, 65.5, 125.8125, 71.5625, 107.8125, 194.75, 63.375, 73.0, 100.875, 60.53125, 87.0625, 103.125, 96.5625, 16.546875, 91.125, 100.6875, 108.0625, 108.6875, 138.75, 75.125, 81.3125, 143.625, 7.2109375, 205.25, 144.0, 165.5, 109.8125, 192.375, 70.5, 186.5, 94.875, 105.3125, 196.375, 165.75, 59.15625, 186.625, 185.0, 137.625, 26.171875], [81.1875, 122.0625, 112.0625, 34.0625, 48.84375, 121.0625, 94.0625, 107.125, 129.625, 0.0, 105.25, 149.625, 138.625, 169.5, 174.0, 28.078125, 109.6875, 180.0, 107.375, 71.5625, 126.0625, 121.125, 56.59375, 48.0625, 177.625, 99.0, 101.125, 88.0, 124.1875, 95.8125, 74.375, 48.46875, 163.0, 98.3125, 167.0, 47.625, 105.0, 141.625, 129.375, 101.125, 50.5, 81.0625, 91.8125, 48.375, 23.859375, 111.375, 117.9375, 48.09375, 174.625, 52.46875, 106.6875, 101.0625, 120.5625, 140.125, 122.375, 162.0, 142.625, 108.6875, 160.625, 115.125, 178.25, 86.0, 24.1875, 79.0625, 127.375, 34.125, 83.0, 88.4375, 150.625, 87.125, 126.75, 114.25, 64.25, 5.09765625, 79.0625, 110.625, 68.25, 141.5, 119.75, 29.734375, 90.9375, 17.0, 158.375, 95.1875, 141.25, 104.375, 185.375, 85.125, 171.625, 176.625, 28.84375, 168.625, 161.0, 45.28125, 132.5, 126.9375, 201.75, 57.125, 149.125, 186.25, 173.0, 69.25, 109.0, 28.171875, 136.5, 189.625, 134.125, 40.3125, 43.6875, 167.25, 68.0, 107.4375, 93.3125, 68.6875, 72.1875, 89.8125, 121.25, 99.5625, 112.5625, 128.125, 103.8125], [45.65625, 65.5, 49.96875, 76.125, 92.75, 58.9375, 80.375, 15.296875, 129.875, 105.25, 0.0, 44.375, 48.09375, 64.3125, 75.3125, 79.125, 53.71875, 77.3125, 162.25, 112.0, 32.5625, 65.3125, 62.375, 117.4375, 96.9375, 123.9375, 52.6875, 61.34375, 57.25, 68.0, 81.625, 72.0, 74.375, 155.625, 65.4375, 85.8125, 144.125, 38.3125, 25.234375, 25.546875, 55.375, 145.75, 78.5, 89.25, 100.1875, 57.21875, 14.8671875, 120.5, 100.75, 53.5, 45.09375, 161.0, 57.0, 43.40625, 23.703125, 109.9375, 71.6875, 66.75, 55.375, 31.0625, 91.625, 150.125, 101.5625, 132.875, 62.625, 84.0625, 116.0, 142.0, 47.4375, 148.875, 89.375, 156.125, 131.625, 107.5625, 155.0, 99.625, 115.875, 115.25, 148.375, 95.0, 105.625, 102.375, 90.75, 148.25, 42.96875, 59.0625, 110.375, 100.6875, 127.75, 126.3125, 99.5, 125.875, 93.5, 64.875, 54.375, 140.0, 149.875, 54.09375, 63.65625, 111.0625, 75.25, 129.5, 169.75, 89.0, 133.0, 88.875, 28.859375, 107.9375, 132.75, 69.4375, 122.5, 67.75, 35.15625, 152.0, 123.5, 53.03125, 77.4375, 73.875, 62.65625, 23.09375, 117.375], [82.625, 80.4375, 70.0, 119.9375, 133.75, 73.5625, 110.0, 46.1875, 153.5, 149.625, 44.375, 0.0, 42.8125, 19.921875, 43.9375, 123.3125, 75.3125, 38.46875, 198.125, 149.375, 38.09375, 80.75, 104.0, 159.0, 81.9375, 156.0, 79.1875, 93.4375, 69.3125, 96.6875, 117.4375, 114.125, 57.5625, 192.375, 31.046875, 127.125, 177.625, 16.765625, 22.203125, 57.0625, 99.625, 184.625, 108.875, 130.25, 143.75, 77.875, 33.0, 162.25, 90.6875, 97.75, 68.8125, 198.0, 71.6875, 32.375, 33.53125, 113.0, 73.3125, 89.375, 11.1796875, 49.25, 72.0, 188.625, 145.125, 170.625, 73.375, 127.25, 151.125, 178.875, 16.5, 187.0, 105.9375, 189.25, 171.875, 151.875, 195.375, 124.9375, 154.125, 130.75, 178.625, 138.25, 137.875, 146.375, 88.125, 184.5, 29.28125, 83.75, 97.4375, 134.125, 132.0, 127.1875, 142.75, 131.125, 90.25, 108.4375, 58.6875, 166.5, 146.375, 97.0625, 55.09375, 97.75, 45.59375, 168.625, 206.5, 132.5, 154.75, 51.96875, 15.5234375, 150.0, 175.75, 41.125, 161.375, 91.0625, 68.75, 193.625, 161.625, 85.0625, 94.6875, 101.0625, 82.9375, 21.9375, 147.25], [93.5, 109.0625, 34.0625, 105.125, 137.25, 102.0, 128.375, 36.0625, 177.375, 138.625, 48.09375, 42.8125, 0.0, 53.0, 86.6875, 116.6875, 39.21875, 79.375, 209.25, 158.625, 67.375, 109.0625, 84.3125, 160.625, 123.4375, 171.875, 46.0, 109.4375, 99.0, 62.28125, 129.25, 115.75, 98.8125, 202.25, 34.25, 130.125, 191.875, 54.21875, 31.25, 37.8125, 94.125, 191.25, 74.5625, 106.9375, 139.75, 102.6875, 34.71875, 138.5, 131.125, 92.625, 91.0625, 207.5, 100.0, 69.25, 24.734375, 149.0, 108.6875, 51.65625, 46.21875, 23.59375, 114.25, 195.75, 141.125, 179.125, 104.0625, 109.375, 118.625, 188.625, 28.421875, 194.875, 134.25, 203.875, 176.0, 142.0, 199.0, 147.25, 125.0625, 160.25, 196.5, 135.875, 153.625, 130.625, 125.875, 195.0, 66.75, 105.875, 138.75, 100.6875, 167.75, 164.375, 140.125, 166.375, 128.375, 106.0625, 91.8125, 187.875, 185.5, 97.3125, 93.625, 139.125, 88.4375, 174.75, 216.375, 115.5625, 180.0, 53.15625, 39.5625, 127.8125, 173.0, 29.828125, 168.25, 53.59375, 83.1875, 194.5, 132.0, 55.59375, 122.3125, 65.125, 44.65625, 43.40625, 165.5], [101.5, 94.125, 84.5, 139.625, 153.0, 87.6875, 126.75, 65.0, 167.625, 169.5, 64.3125, 19.921875, 53.0, 0.0, 40.25, 143.25, 89.875, 28.296875, 215.75, 167.75, 54.4375, 94.6875, 123.0625, 178.375, 83.5, 172.875, 94.9375, 111.125, 83.0, 112.25, 135.625, 133.75, 61.03125, 210.25, 26.40625, 146.5, 194.625, 32.5625, 41.125, 75.1875, 119.5625, 203.25, 124.625, 149.0, 163.625, 93.4375, 52.34375, 181.0, 94.0625, 117.625, 85.5625, 216.0, 86.0, 44.9375, 51.15625, 120.8125, 83.1875, 103.5, 9.0546875, 65.5, 72.0, 207.125, 164.875, 189.0, 86.375, 146.625, 167.875, 197.0, 25.078125, 205.375, 118.9375, 206.125, 190.875, 171.875, 214.375, 140.125, 171.875, 142.625, 194.625, 158.0, 154.875, 166.0, 95.0625, 202.375, 41.875, 100.0, 98.875, 150.375, 139.625, 133.5, 162.5, 139.125, 96.75, 128.375, 71.125, 181.375, 150.125, 116.875, 63.0625, 99.0, 42.96875, 187.375, 224.375, 152.125, 168.125, 39.625, 35.4375, 169.0, 195.5, 38.46875, 180.0, 105.3125, 87.4375, 213.0, 179.25, 102.0, 108.4375, 116.125, 96.6875, 41.78125, 163.5], [95.6875, 71.625, 112.625, 149.125, 146.625, 66.875, 109.75, 83.625, 141.625, 174.0, 75.3125, 43.9375, 86.6875, 40.25, 0.0, 146.125, 117.8125, 15.8125, 198.875, 155.25, 48.0, 72.4375, 137.5, 171.75, 44.0, 154.0, 120.625, 98.8125, 61.90625, 137.875, 123.6875, 130.875, 25.0625, 194.875, 66.4375, 141.125, 176.0, 38.0, 62.4375, 95.6875, 124.0625, 191.0, 149.75, 164.5, 162.75, 75.5625, 70.25, 195.375, 55.4375, 122.0625, 72.75, 200.625, 65.875, 34.0, 74.625, 85.8125, 53.8125, 132.0, 42.5, 91.0, 32.0625, 194.125, 163.875, 175.75, 63.0, 158.0, 190.125, 182.375, 59.0625, 192.0, 92.625, 186.625, 181.25, 175.25, 204.25, 117.8125, 191.0, 112.875, 172.875, 156.125, 137.625, 174.5, 60.0, 186.75, 33.25, 83.625, 59.0625, 174.0, 103.75, 96.5625, 160.5, 103.75, 61.09375, 129.375, 49.25, 157.0, 111.0625, 117.25, 34.0625, 59.125, 3.162109375, 176.375, 208.25, 162.375, 140.875, 78.0625, 52.6875, 182.625, 191.625, 78.4375, 168.75, 133.625, 81.875, 205.25, 198.625, 124.8125, 84.375, 142.875, 125.875, 54.5625, 143.25], [53.375, 95.0625, 94.1875, 24.078125, 34.375, 93.625, 70.75, 83.0, 112.6875, 28.078125, 79.125, 123.3125, 116.6875, 143.25, 146.125, 0.0, 92.9375, 152.5, 106.6875, 61.28125, 98.1875, 94.125, 43.0, 48.46875, 149.875, 86.5625, 84.875, 61.78125, 96.5625, 84.125, 52.8125, 23.34375, 135.0, 98.0625, 142.75, 29.40625, 98.0625, 114.3125, 103.875, 78.875, 23.765625, 82.875, 83.75, 49.71875, 23.4375, 84.125, 92.625, 65.0625, 147.375, 25.625, 78.875, 102.125, 93.0, 112.1875, 98.125, 136.75, 115.125, 95.25, 134.375, 93.0625, 150.25, 87.9375, 24.84375, 75.6875, 99.9375, 32.5625, 89.1875, 85.8125, 125.6875, 88.0625, 102.1875, 109.0, 65.8125, 29.15625, 86.375, 89.625, 77.8125, 119.5625, 110.3125, 21.546875, 74.3125, 33.84375, 131.5, 92.9375, 113.4375, 77.5, 158.125, 85.5, 147.875, 152.0, 25.0625, 145.0, 134.125, 17.265625, 104.5625, 113.1875, 177.375, 29.0625, 121.0625, 159.125, 145.0, 67.6875, 110.875, 30.890625, 119.0625, 165.875, 107.8125, 53.40625, 56.5625, 144.25, 63.5, 94.4375, 65.25, 79.375, 83.75, 74.3125, 95.5, 89.1875, 97.625, 101.5625, 88.375], [89.0, 118.625, 5.38671875, 75.6875, 120.5625, 112.25, 126.0, 38.9375, 177.0, 109.6875, 53.71875, 75.3125, 39.21875, 89.875, 117.8125, 92.9375, 0.0, 113.75, 195.375, 145.5, 84.625, 118.3125, 53.0625, 140.625, 147.875, 164.0, 8.6015625, 107.0, 110.875, 23.09375, 120.6875, 99.375, 124.0, 187.375, 73.4375, 113.4375, 181.5, 80.75, 55.4375, 28.453125, 74.3125, 174.0, 35.34375, 71.1875, 116.25, 109.375, 49.6875, 101.5625, 153.125, 73.5625, 97.25, 192.125, 110.375, 92.1875, 43.28125, 163.625, 125.25, 14.2109375, 81.9375, 26.90625, 140.75, 178.875, 117.625, 164.125, 116.25, 77.1875, 79.375, 174.125, 64.875, 178.5, 141.25, 193.375, 157.5, 113.875, 179.0, 147.0, 86.3125, 166.75, 189.25, 114.0625, 146.625, 98.8125, 144.125, 181.125, 90.625, 109.6875, 162.25, 61.53125, 181.25, 180.0, 117.875, 179.375, 146.875, 87.3125, 107.8125, 184.625, 203.5, 82.25, 115.1875, 162.75, 118.875, 157.875, 201.0, 83.625, 181.125, 91.25, 65.3125, 91.9375, 148.875, 68.0625, 152.375, 15.8125, 84.0, 172.25, 93.0625, 20.0, 129.5, 26.25, 8.9453125, 65.0625, 160.125], [104.375, 84.9375, 108.4375, 153.0, 156.0, 79.625, 122.0625, 83.0, 156.375, 180.0, 77.3125, 38.46875, 79.375, 28.296875, 15.8125, 152.5, 113.75, 0.0, 211.625, 166.625, 55.09375, 85.6875, 139.5, 181.375, 59.3125, 167.125, 117.625, 109.5625, 74.625, 135.125, 134.625, 139.0, 40.71875, 207.25, 54.59375, 150.25, 189.125, 39.0625, 59.8125, 94.5625, 129.5, 202.375, 147.25, 166.25, 170.5, 87.6875, 69.375, 197.75, 71.0, 127.5625, 83.1875, 213.0, 78.4375, 41.4375, 71.6875, 101.5625, 68.625, 127.75, 33.25, 87.6875, 47.09375, 205.75, 171.75, 187.5, 76.4375, 161.25, 189.125, 194.375, 51.0, 203.75, 107.1875, 200.0, 191.875, 181.625, 215.125, 131.5, 191.375, 128.125, 186.75, 164.25, 150.25, 179.0, 75.75, 199.125, 39.5625, 95.4375, 74.0, 172.375, 119.5625, 112.3125, 168.625, 119.5625, 76.875, 136.125, 61.84375, 171.375, 126.25, 124.125, 48.28125, 74.0, 18.96875, 187.375, 220.875, 166.125, 155.75, 63.5, 50.96875, 185.25, 200.5, 66.625, 179.875, 129.5, 90.125, 215.5, 198.875, 123.125, 98.3125, 139.5, 121.25, 54.75, 156.625], [117.0, 127.3125, 195.375, 130.125, 74.9375, 132.0, 89.625, 173.25, 71.1875, 107.375, 162.25, 198.125, 209.25, 215.75, 198.875, 106.6875, 195.375, 211.625, 0.0, 50.59375, 161.25, 126.5, 149.5, 60.0, 177.125, 45.1875, 188.25, 104.6875, 137.0, 190.125, 81.0625, 96.0, 177.0, 9.0546875, 225.875, 81.9375, 24.046875, 183.125, 186.0, 174.375, 121.125, 26.6875, 190.375, 153.125, 87.0625, 124.0, 177.0, 154.25, 167.625, 121.8125, 130.25, 8.484375, 133.25, 172.375, 185.875, 137.5, 147.25, 200.25, 208.625, 187.5, 184.75, 22.140625, 86.0625, 31.328125, 135.875, 136.25, 190.125, 21.1875, 207.375, 20.390625, 110.1875, 18.4375, 43.09375, 102.5, 36.40625, 82.75, 175.625, 102.5625, 36.21875, 85.6875, 61.40625, 124.3125, 151.75, 14.3203125, 175.125, 116.5, 175.875, 190.25, 134.5, 144.0, 83.3125, 131.625, 152.875, 108.1875, 149.875, 56.03125, 162.0, 113.625, 165.0, 176.875, 196.375, 39.21875, 10.1953125, 132.0, 77.0, 248.875, 185.0, 147.625, 68.3125, 231.375, 43.40625, 199.625, 129.875, 49.65625, 179.375, 178.625, 115.5, 195.5, 201.5, 178.0, 56.875], [67.1875, 85.75, 145.25, 85.375, 27.015625, 88.9375, 46.5625, 122.625, 60.3125, 71.5625, 112.0, 149.375, 158.625, 167.75, 155.25, 61.28125, 145.5, 166.625, 50.59375, 0.0, 113.8125, 84.75, 102.25, 28.84375, 140.875, 27.453125, 138.625, 57.125, 93.75, 141.875, 32.1875, 46.3125, 135.625, 43.59375, 176.25, 33.125, 37.0625, 135.25, 136.125, 123.875, 71.8125, 35.84375, 143.375, 110.625, 47.84375, 79.6875, 126.8125, 119.4375, 133.5, 72.25, 83.5, 49.03125, 89.6875, 125.9375, 135.375, 109.75, 107.4375, 151.125, 160.25, 137.0, 146.25, 39.40625, 47.40625, 21.265625, 93.9375, 93.375, 149.625, 30.0, 157.875, 37.65625, 76.0, 48.5, 28.015625, 67.75, 49.34375, 50.8125, 137.0, 80.3125, 49.25, 43.3125, 25.0, 86.9375, 116.625, 36.34375, 128.375, 71.5625, 143.25, 146.75, 113.625, 121.0625, 42.96875, 110.4375, 118.4375, 59.03125, 106.125, 55.46875, 143.875, 63.3125, 122.5625, 144.25, 153.0, 21.59375, 57.8125, 90.5, 67.5, 199.5, 135.75, 110.125, 50.5625, 181.375, 14.140625, 150.625, 80.6875, 53.09375, 142.0, 129.5, 76.9375, 147.5, 151.875, 128.75, 34.21875], [49.40625, 43.1875, 80.25, 101.625, 101.25, 36.125, 72.375, 45.8125, 115.5625, 126.0625, 32.5625, 38.09375, 67.375, 54.4375, 48.0, 98.1875, 84.625, 55.09375, 161.25, 113.8125, 0.0, 43.40625, 91.9375, 126.6875, 64.375, 118.4375, 84.625, 56.84375, 32.375, 100.4375, 81.625, 83.9375, 42.1875, 156.0, 68.5625, 95.25, 140.125, 22.015625, 36.125, 57.5, 76.0625, 149.5, 111.0625, 118.6875, 115.5, 39.8125, 35.84375, 148.75, 68.625, 74.0625, 31.140625, 161.75, 34.21875, 14.0390625, 44.9375, 81.8125, 41.75, 98.25, 47.8125, 59.03125, 59.375, 153.25, 116.6875, 135.0, 37.125, 110.875, 147.875, 142.75, 51.25, 151.375, 68.875, 151.75, 137.875, 127.3125, 161.375, 86.8125, 146.75, 94.375, 140.625, 109.125, 100.5, 126.6875, 60.0, 148.125, 15.5234375, 45.8125, 78.0, 133.0, 100.4375, 97.5, 113.5, 99.0, 62.65625, 81.5, 24.515625, 128.375, 119.75, 69.4375, 31.109375, 78.625, 47.09375, 134.0, 170.0, 114.9375, 117.0625, 90.0625, 29.28125, 135.875, 145.5, 77.1875, 126.5, 99.375, 35.125, 161.0, 154.25, 85.5625, 57.28125, 106.1875, 93.5, 24.015625, 109.375], [42.4375, 1.0, 115.0, 107.3125, 82.0, 7.28125, 38.28125, 80.625, 72.9375, 121.125, 65.3125, 80.75, 109.0625, 94.6875, 72.4375, 94.125, 118.3125, 85.6875, 126.5, 84.75, 43.40625, 0.0, 106.8125, 105.375, 58.03125, 81.625, 115.875, 33.53125, 11.6640625, 128.75, 55.3125, 72.8125, 51.09375, 122.6875, 111.6875, 78.4375, 103.625, 64.0625, 78.4375, 89.875, 79.0625, 120.0, 137.25, 130.625, 103.5625, 10.6328125, 75.0625, 155.875, 53.59375, 77.4375, 21.46875, 128.5, 9.21875, 49.75, 85.0, 47.1875, 23.09375, 130.375, 89.4375, 96.1875, 61.8125, 122.75, 104.375, 104.5625, 9.4375, 117.875, 166.25, 110.4375, 94.625, 120.4375, 25.5, 114.3125, 112.0625, 120.625, 134.125, 46.0, 160.875, 51.25, 101.125, 96.3125, 65.375, 127.5, 37.34375, 114.625, 52.84375, 16.765625, 64.3125, 154.5, 63.5, 63.8125, 100.0, 61.3125, 39.9375, 77.375, 24.078125, 86.8125, 88.875, 67.25, 38.59375, 65.25, 69.875, 106.3125, 136.0, 119.875, 73.9375, 132.375, 72.5625, 143.125, 127.0625, 120.625, 98.75, 131.125, 37.1875, 136.875, 168.125, 113.125, 13.9296875, 135.0, 127.125, 66.75, 70.9375], [65.8125, 107.5, 55.59375, 22.671875, 75.4375, 103.3125, 97.6875, 58.03125, 146.25, 56.59375, 62.375, 104.0, 84.3125, 123.0625, 137.5, 43.0, 53.0625, 139.5, 149.5, 102.25, 91.9375, 106.8125, 0.0, 91.4375, 153.875, 125.25, 44.5625, 82.0, 104.375, 41.21875, 85.125, 57.125, 133.75, 140.875, 115.4375, 69.125, 139.25, 100.625, 82.0, 48.84375, 33.25, 125.875, 41.1875, 26.921875, 65.3125, 96.1875, 71.0, 58.3125, 154.875, 33.84375, 86.375, 145.125, 102.0, 104.6875, 72.4375, 153.75, 122.625, 53.0, 114.0625, 61.6875, 150.75, 131.0, 66.625, 118.25, 109.125, 25.078125, 59.46875, 128.5, 101.0, 131.0, 123.125, 150.625, 108.8125, 60.8125, 128.875, 119.0625, 55.21875, 145.375, 150.0, 64.5, 110.3125, 46.53125, 141.375, 135.5, 104.6875, 92.4375, 165.375, 49.1875, 168.375, 170.125, 67.75, 165.75, 144.125, 44.1875, 107.625, 149.875, 195.5, 45.875, 121.25, 166.125, 137.375, 110.625, 153.875, 31.3125, 151.875, 136.875, 89.1875, 46.0, 96.8125, 113.875, 106.125, 51.96875, 70.0625, 120.9375, 62.78125, 33.25, 113.4375, 46.1875, 56.21875, 84.6875, 124.625], [77.375, 106.375, 141.5, 70.8125, 25.5, 108.1875, 69.125, 125.1875, 89.0, 48.0625, 117.4375, 159.0, 160.625, 178.375, 171.75, 48.46875, 140.625, 181.375, 60.0, 28.84375, 126.6875, 105.375, 91.4375, 0.0, 163.125, 55.15625, 132.875, 73.5625, 112.625, 132.625, 50.09375, 45.46875, 154.75, 51.03125, 182.875, 31.90625, 57.375, 146.75, 142.625, 123.5625, 67.1875, 34.71875, 131.75, 93.125, 27.171875, 98.3125, 132.125, 95.875, 157.0, 68.4375, 99.0625, 54.4375, 108.5, 140.0, 139.5, 136.125, 128.5, 143.625, 170.125, 137.5, 167.125, 39.8125, 26.078125, 31.046875, 113.875, 76.4375, 130.25, 40.4375, 164.75, 40.3125, 101.25, 66.25, 17.46875, 43.40625, 38.59375, 78.125, 116.125, 108.4375, 72.9375, 26.921875, 53.21875, 64.75, 140.0, 47.25, 142.125, 90.125, 167.25, 130.25, 141.375, 148.375, 23.765625, 138.25, 142.125, 54.65625, 124.0, 82.875, 171.875, 63.6875, 141.0, 168.25, 169.875, 21.21875, 62.96875, 72.0625, 96.1875, 206.25, 144.25, 88.3125, 22.5625, 186.25, 20.59375, 142.875, 91.6875, 34.65625, 120.25, 122.5625, 100.0625, 137.625, 145.75, 137.25, 63.0], [96.5625, 57.03125, 143.25, 159.5, 140.0, 56.71875, 94.625, 109.6875, 111.75, 177.625, 96.9375, 81.9375, 123.4375, 83.5, 44.0, 149.875, 147.875, 59.3125, 177.125, 140.875, 64.375, 58.03125, 153.875, 163.125, 0.0, 132.25, 148.625, 91.375, 53.375, 164.75, 113.0625, 129.875, 24.59375, 174.875, 108.875, 136.375, 153.25, 69.375, 94.3125, 121.625, 131.625, 174.875, 175.5, 179.875, 161.25, 66.625, 98.25, 208.125, 12.53125, 129.75, 71.1875, 180.625, 57.0625, 55.8125, 105.6875, 46.875, 35.21875, 161.875, 83.9375, 121.375, 12.3671875, 177.125, 162.125, 159.375, 50.5, 169.625, 211.5, 163.875, 98.375, 174.5, 67.0625, 162.375, 168.75, 177.5, 189.875, 94.5625, 209.0, 79.8125, 146.375, 154.0, 118.875, 182.125, 25.5, 167.0, 57.6875, 74.3125, 15.5234375, 197.125, 62.65625, 54.21875, 157.875, 63.28125, 24.703125, 132.75, 46.53125, 128.125, 67.0, 121.4375, 33.3125, 15.8125, 41.0, 162.375, 187.125, 172.75, 109.1875, 122.0, 84.75, 195.125, 185.0, 120.625, 155.0, 163.125, 86.1875, 193.75, 216.625, 150.0, 63.9375, 170.5, 156.625, 83.25, 120.3125], [78.375, 82.4375, 163.0, 110.4375, 52.5, 87.4375, 46.09375, 136.5, 34.875, 99.0, 123.9375, 156.0, 171.875, 172.875, 154.0, 86.5625, 164.0, 167.125, 45.1875, 27.453125, 118.4375, 81.625, 125.25, 55.15625, 132.25, 0.0, 157.875, 63.28125, 92.4375, 163.25, 43.40625, 68.125, 131.875, 42.71875, 185.0, 57.28125, 22.015625, 140.5, 146.125, 139.875, 93.0, 46.28125, 166.0, 136.25, 75.1875, 79.9375, 138.25, 146.625, 123.0625, 93.0625, 87.3125, 48.375, 88.75, 128.75, 147.625, 94.5, 102.0625, 171.125, 166.25, 151.875, 139.625, 47.0, 74.8125, 32.28125, 91.0, 119.125, 175.625, 33.0, 166.75, 44.0, 65.1875, 33.3125, 48.3125, 95.1875, 62.5, 37.6875, 163.5, 61.0625, 25.3125, 70.25, 18.359375, 114.0625, 106.875, 34.9375, 131.5, 72.875, 131.75, 171.625, 94.4375, 103.0625, 70.25, 91.375, 108.1875, 81.125, 105.25, 28.015625, 123.8125, 82.375, 120.125, 132.625, 151.5, 40.25, 55.03125, 116.6875, 42.0625, 207.625, 144.0, 137.125, 75.1875, 191.625, 35.8125, 171.0, 89.5625, 70.875, 168.75, 149.75, 70.3125, 169.125, 171.125, 137.0, 12.1640625], [84.3125, 116.25, 12.3671875, 67.1875, 113.3125, 110.1875, 121.125, 38.9375, 172.125, 101.125, 52.6875, 79.1875, 46.0, 94.9375, 120.625, 84.875, 8.6015625, 117.625, 188.25, 138.625, 84.625, 115.875, 44.5625, 132.875, 148.625, 157.875, 0.0, 102.375, 109.125, 17.46875, 114.75, 92.375, 125.1875, 180.125, 80.0625, 106.3125, 174.875, 83.0, 58.3125, 27.203125, 67.0625, 166.375, 29.734375, 62.78125, 108.1875, 106.5625, 51.09375, 93.4375, 153.25, 66.4375, 94.5625, 184.75, 108.3125, 93.375, 46.15625, 161.875, 124.3125, 14.5625, 86.625, 29.96875, 142.125, 171.375, 109.5625, 157.0, 114.5, 68.625, 73.1875, 167.0, 70.0625, 171.125, 138.0, 186.75, 149.875, 105.375, 171.125, 142.375, 79.0, 163.25, 183.125, 106.1875, 140.75, 90.1875, 143.375, 174.0, 92.0, 106.25, 162.625, 55.53125, 179.25, 178.5, 109.9375, 177.125, 146.125, 80.0625, 107.0625, 179.125, 202.375, 75.6875, 115.625, 163.25, 121.5, 150.5, 193.75, 75.0, 176.5, 98.75, 67.9375, 83.5625, 140.625, 75.4375, 145.0, 15.234375, 80.5, 164.25, 86.0, 11.3984375, 126.5, 22.203125, 13.34375, 66.8125, 154.5], [18.109375, 34.53125, 105.0625, 77.8125, 49.15625, 35.0, 19.234375, 74.9375, 70.0, 88.0, 61.34375, 93.4375, 109.4375, 111.125, 98.8125, 61.78125, 107.0, 109.5625, 104.6875, 57.125, 56.84375, 33.53125, 82.0, 73.5625, 91.375, 63.28125, 102.375, 0.0, 39.21875, 111.8125, 25.0625, 39.5625, 81.1875, 99.1875, 121.8125, 45.03125, 84.375, 78.5625, 82.875, 80.3125, 50.4375, 92.9375, 117.9375, 102.8125, 70.0625, 25.015625, 75.25, 125.4375, 87.125, 49.21875, 26.421875, 104.875, 35.125, 68.8125, 84.875, 75.1875, 56.15625, 116.75, 103.9375, 90.8125, 94.0625, 96.5, 70.875, 78.25, 41.0, 88.4375, 140.625, 85.9375, 103.5, 94.625, 41.78125, 96.25, 82.4375, 87.25, 105.5625, 40.0625, 133.25, 63.5, 87.25, 62.8125, 44.9375, 95.5, 70.625, 91.3125, 71.25, 17.03125, 97.75, 131.125, 87.6875, 90.9375, 66.5, 84.875, 73.0625, 45.8125, 50.4375, 78.875, 116.375, 37.53125, 67.4375, 98.6875, 96.8125, 77.8125, 113.1875, 89.5, 74.125, 144.625, 80.8125, 112.9375, 94.5, 128.25, 70.25, 116.9375, 26.40625, 106.5625, 140.125, 96.6875, 33.84375, 118.125, 115.1875, 73.8125, 56.09375], [43.3125, 11.1796875, 107.25, 107.375, 88.375, 5.0, 47.875, 72.4375, 84.625, 124.1875, 57.25, 69.3125, 99.0, 83.0, 61.90625, 96.5625, 110.875, 74.625, 137.0, 93.75, 32.375, 11.6640625, 104.375, 112.625, 53.375, 92.4375, 109.125, 39.21875, 0.0, 122.9375, 63.0625, 76.625, 42.1875, 132.875, 100.25, 84.0, 114.5, 52.5625, 68.0, 82.4375, 79.1875, 129.375, 132.0, 129.25, 108.3125, 14.3203125, 65.625, 156.125, 51.4375, 77.375, 18.359375, 138.75, 4.125, 38.09375, 75.4375, 52.8125, 18.78125, 123.5, 77.8125, 87.5625, 55.0, 132.375, 109.25, 114.0625, 5.38671875, 117.75, 163.5, 120.4375, 83.4375, 130.125, 36.6875, 125.375, 120.5, 124.125, 143.0, 57.5, 159.25, 61.96875, 112.5625, 101.1875, 75.6875, 129.125, 37.0, 124.875, 41.1875, 22.5625, 62.15625, 150.75, 70.5, 69.3125, 105.0625, 68.6875, 39.8125, 79.375, 12.8046875, 98.5, 93.5, 68.375, 28.796875, 63.0625, 59.53125, 115.1875, 146.5, 120.3125, 85.5, 120.8125, 61.65625, 143.125, 133.75, 109.375, 107.5625, 124.3125, 34.40625, 145.125, 166.625, 107.375, 25.5, 129.125, 119.75, 56.15625, 82.0625], [93.875, 129.25, 28.28125, 63.125, 115.5, 123.5625, 129.875, 55.3125, 180.5, 95.8125, 68.0, 96.6875, 62.28125, 112.25, 137.875, 84.125, 23.09375, 135.125, 190.125, 141.875, 100.4375, 128.75, 41.21875, 132.625, 164.75, 163.25, 17.46875, 111.8125, 122.9375, 0.0, 121.0625, 95.75, 141.625, 181.75, 96.5, 108.875, 178.75, 100.125, 75.6875, 43.1875, 70.375, 167.0, 12.3671875, 52.1875, 106.5, 119.0, 68.0, 80.625, 168.75, 70.1875, 107.3125, 186.0, 121.8125, 109.875, 63.53125, 175.5, 139.0, 13.890625, 104.0625, 47.4375, 158.75, 172.0, 107.8125, 158.875, 128.25, 61.84375, 56.3125, 169.0, 87.375, 172.0, 149.75, 190.375, 150.0, 100.4375, 170.125, 151.375, 63.625, 174.25, 188.375, 105.6875, 147.0, 82.75, 158.25, 176.125, 108.6875, 117.75, 178.375, 38.46875, 192.25, 192.125, 109.0, 190.125, 161.0, 82.875, 122.0, 186.125, 216.5, 81.0, 131.5, 179.125, 138.625, 151.5, 194.875, 68.125, 185.25, 114.125, 85.25, 72.1875, 137.5, 91.0, 146.75, 12.203125, 92.3125, 162.0, 70.25, 15.65625, 138.5, 6.32421875, 19.921875, 83.8125, 161.0], [36.0625, 56.3125, 119.625, 74.25, 28.15625, 58.46875, 20.25, 93.5, 61.34375, 74.375, 81.625, 117.4375, 129.25, 135.625, 123.6875, 52.8125, 120.6875, 134.625, 81.0625, 32.1875, 81.625, 55.3125, 85.125, 50.09375, 113.0625, 43.40625, 114.75, 25.0625, 63.0625, 121.0625, 0.0, 30.015625, 105.25, 74.9375, 144.75, 26.921875, 62.625, 103.0625, 105.0, 96.4375, 51.96875, 67.9375, 124.875, 100.625, 52.78125, 48.75, 96.25, 117.6875, 107.25, 51.625, 51.46875, 80.625, 58.9375, 93.8125, 105.3125, 88.9375, 78.4375, 128.375, 128.125, 108.625, 117.125, 71.625, 53.21875, 53.40625, 63.9375, 84.25, 140.0, 61.53125, 126.375, 69.8125, 53.5, 74.6875, 57.59375, 72.375, 80.5, 36.875, 130.0, 67.25, 68.6875, 45.65625, 26.078125, 85.5625, 90.25, 67.25, 96.25, 40.53125, 117.5, 133.5, 97.4375, 102.875, 48.34375, 94.3125, 92.4375, 41.78125, 74.9375, 65.1875, 127.625, 40.125, 91.75, 118.5, 121.625, 52.78125, 89.125, 83.5, 67.25, 167.875, 104.0625, 106.1875, 72.0, 150.375, 45.1875, 128.25, 48.84375, 82.0, 136.25, 107.0625, 50.5, 127.125, 128.0, 97.0, 40.0], [35.21875, 73.75, 99.375, 44.28125, 21.640625, 73.1875, 47.375, 80.0, 91.0, 48.46875, 72.0, 114.125, 115.75, 133.75, 130.875, 23.34375, 99.375, 139.0, 96.0, 46.3125, 83.9375, 72.8125, 57.125, 45.46875, 129.875, 68.125, 92.375, 39.5625, 76.625, 95.75, 30.015625, 0.0, 117.0, 88.125, 137.375, 14.421875, 83.0, 102.6875, 97.1875, 79.3125, 25.5, 75.6875, 98.0, 70.6875, 32.0625, 63.34375, 86.6875, 88.375, 126.375, 25.96875, 60.0, 93.0, 72.8125, 97.75, 94.0625, 113.875, 94.75, 104.8125, 125.3125, 93.0, 131.375, 80.4375, 33.125, 64.875, 79.4375, 54.21875, 110.1875, 74.875, 119.375, 79.75, 79.0625, 94.75, 60.3125, 47.8125, 83.4375, 66.625, 100.0, 96.25, 93.0, 25.3125, 53.59375, 57.0, 110.0625, 81.6875, 99.4375, 56.03125, 137.125, 104.3125, 124.625, 129.0, 29.609375, 121.6875, 112.5625, 13.0, 86.0, 93.1875, 154.25, 18.4375, 103.0, 138.0, 129.375, 59.375, 101.9375, 53.59375, 97.0625, 160.875, 99.125, 76.5625, 61.84375, 140.75, 53.25, 104.375, 49.03125, 80.0, 106.25, 83.1875, 72.875, 101.5, 105.625, 92.3125, 67.9375], [82.125, 50.15625, 119.1875, 141.75, 130.25, 46.84375, 89.3125, 86.3125, 117.375, 163.0, 74.375, 57.5625, 98.8125, 61.03125, 25.0625, 135.0, 124.0, 40.71875, 177.0, 135.625, 42.1875, 51.09375, 133.75, 154.75, 24.59375, 131.875, 125.1875, 81.1875, 42.1875, 141.625, 105.25, 117.0, 0.0, 173.5, 85.5, 125.5625, 153.75, 44.78125, 69.875, 98.4375, 114.75, 171.0, 152.625, 160.375, 149.0, 56.5, 74.3125, 189.75, 33.375, 112.8125, 57.0, 179.375, 46.3125, 31.828125, 81.375, 61.03125, 30.0, 138.0, 60.40625, 97.3125, 17.203125, 173.875, 150.0, 155.625, 41.78125, 151.5, 190.0, 161.5, 74.0625, 171.5, 68.75, 163.875, 162.625, 163.5, 185.0, 94.875, 188.75, 88.0, 149.5, 142.0, 116.25, 165.75, 35.125, 165.5, 33.40625, 64.75, 39.9375, 175.125, 79.3125, 72.6875, 146.125, 79.125, 36.40625, 117.75, 31.0625, 133.0, 89.4375, 105.9375, 14.0, 40.3125, 21.953125, 157.125, 186.625, 155.125, 116.25, 100.375, 60.21875, 176.75, 175.625, 97.0, 149.625, 139.375, 69.75, 187.25, 196.375, 127.125, 61.59375, 147.125, 132.625, 59.03125, 120.625], [110.625, 123.5625, 187.5, 121.3125, 66.875, 127.9375, 85.125, 166.125, 72.125, 98.3125, 155.625, 192.375, 202.25, 210.25, 194.875, 98.0625, 187.375, 207.25, 9.0546875, 43.59375, 156.0, 122.6875, 140.875, 51.03125, 174.875, 42.71875, 180.125, 99.1875, 132.875, 181.75, 74.9375, 88.125, 173.5, 0.0, 219.625, 73.9375, 24.078125, 177.75, 179.625, 167.0, 113.0625, 17.71875, 181.75, 144.125, 78.1875, 119.5625, 170.375, 145.125, 165.75, 113.875, 125.125, 5.83203125, 129.0, 167.375, 179.0, 136.75, 144.0, 192.0, 203.0, 180.25, 182.0, 13.4140625, 77.125, 23.265625, 132.125, 127.375, 181.125, 13.6015625, 201.25, 11.3984375, 107.8125, 23.015625, 34.0625, 93.4375, 29.0, 80.3125, 166.625, 102.375, 39.21875, 76.9375, 57.3125, 115.25, 149.625, 8.0625, 170.125, 111.8125, 174.375, 181.375, 135.0, 144.25, 74.4375, 132.0, 150.875, 100.0625, 145.625, 58.0625, 163.25, 106.0, 161.25, 175.375, 192.375, 30.40625, 14.2109375, 123.125, 78.4375, 242.875, 179.0, 138.625, 59.46875, 224.875, 35.125, 191.375, 123.8125, 41.875, 170.25, 170.5, 112.3125, 187.0, 193.375, 172.0, 54.8125], [109.0625, 111.3125, 68.25, 134.75, 158.125, 104.375, 139.25, 59.9375, 184.125, 167.0, 65.4375, 31.046875, 34.25, 26.40625, 66.4375, 142.75, 73.4375, 54.59375, 225.875, 176.25, 68.5625, 111.6875, 115.4375, 182.875, 108.875, 185.0, 80.0625, 121.8125, 100.25, 96.5, 144.75, 137.375, 85.5, 219.625, 0.0, 151.25, 206.25, 47.8125, 40.375, 66.75, 119.1875, 210.75, 108.75, 139.625, 164.875, 108.25, 50.8125, 171.375, 118.8125, 117.5, 98.5, 225.25, 102.5, 63.34375, 44.71875, 143.375, 104.0625, 85.6875, 25.078125, 53.9375, 97.75, 215.0, 166.25, 197.375, 104.375, 140.25, 152.875, 206.125, 18.4375, 213.625, 136.875, 218.125, 196.875, 170.0, 220.375, 155.125, 159.0, 161.875, 208.25, 160.0, 166.75, 161.0, 118.0625, 212.0, 60.21875, 113.625, 124.3125, 135.0, 162.25, 157.0, 164.5, 161.5, 120.0, 129.75, 89.75, 196.75, 174.875, 119.375, 85.125, 124.5625, 68.9375, 194.5, 233.875, 146.125, 185.5, 23.4375, 41.0625, 160.25, 197.75, 12.0859375, 187.375, 87.6875, 96.0625, 217.375, 166.0, 89.0625, 125.5625, 99.3125, 78.625, 48.0, 176.875], [45.875, 79.375, 113.625, 53.15625, 7.2109375, 80.0, 46.96875, 94.25, 83.875, 47.625, 85.8125, 127.125, 130.125, 146.5, 141.125, 29.40625, 113.4375, 150.25, 81.9375, 33.125, 95.25, 78.4375, 69.125, 31.90625, 136.375, 57.28125, 106.3125, 45.03125, 84.0, 108.875, 26.921875, 14.421875, 125.5625, 73.9375, 151.25, 0.0, 70.1875, 114.9375, 110.875, 93.75, 39.21875, 61.28125, 110.3125, 79.125, 26.0, 70.0, 100.5625, 92.4375, 131.625, 39.9375, 68.875, 78.75, 80.0, 108.8125, 108.1875, 115.5625, 101.1875, 118.375, 138.25, 107.4375, 139.0, 66.0625, 26.578125, 50.6875, 86.0625, 61.96875, 118.625, 60.75, 133.0, 65.375, 80.125, 81.625, 46.0, 45.5, 69.3125, 63.03125, 107.0, 93.875, 81.375, 18.78125, 45.1875, 59.8125, 114.9375, 67.6875, 110.75, 62.0625, 142.25, 114.4375, 124.3125, 129.75, 21.84375, 121.25, 117.25, 26.25, 94.5, 83.8125, 154.5, 32.8125, 111.625, 143.25, 139.5, 44.9375, 87.6875, 60.0, 90.4375, 174.625, 112.3125, 81.625, 50.4375, 154.875, 38.90625, 117.875, 60.15625, 66.5625, 112.6875, 96.8125, 75.9375, 114.4375, 119.5625, 105.375, 59.09375], [98.5, 104.375, 180.875, 122.125, 64.0, 109.5, 67.875, 156.125, 48.03125, 105.0, 144.125, 177.625, 191.875, 194.625, 176.0, 98.0625, 181.5, 189.125, 24.046875, 37.0625, 140.125, 103.625, 139.25, 57.375, 153.25, 22.015625, 174.875, 84.375, 114.5, 178.75, 62.625, 83.0, 153.75, 24.078125, 206.25, 70.1875, 0.0, 162.25, 167.0, 158.625, 108.5, 34.65625, 180.5, 147.0, 82.25, 101.9375, 158.625, 153.0, 143.625, 108.875, 109.0625, 29.015625, 110.75, 150.625, 167.875, 113.5625, 123.8125, 187.625, 187.875, 171.125, 161.0, 33.09375, 81.5, 26.921875, 113.0, 129.75, 185.625, 20.609375, 187.875, 29.96875, 86.3125, 12.0859375, 44.40625, 100.5625, 50.09375, 59.0625, 172.25, 78.75, 17.03125, 78.9375, 39.6875, 121.3125, 127.75, 18.03125, 153.5, 94.75, 151.875, 183.5, 111.125, 120.4375, 77.6875, 108.1875, 128.875, 95.875, 127.3125, 34.21875, 139.125, 99.1875, 142.0, 152.75, 173.5, 37.21875, 34.21875, 126.4375, 54.34375, 229.0, 165.25, 144.75, 72.8125, 212.5, 37.0, 187.25, 110.375, 61.28125, 176.875, 166.125, 92.125, 184.5, 188.25, 158.25, 33.125], [69.4375, 63.6875, 75.6875, 114.0, 121.25, 56.875, 94.375, 45.625, 136.875, 141.625, 38.3125, 16.765625, 54.21875, 32.5625, 38.0, 114.3125, 80.75, 39.0625, 183.125, 135.25, 22.015625, 64.0625, 100.625, 146.75, 69.375, 140.5, 83.0, 78.5625, 52.5625, 100.125, 103.0625, 102.6875, 44.78125, 177.75, 47.8125, 114.9375, 162.25, 0.0, 25.5, 57.71875, 91.0625, 170.75, 111.8125, 127.5, 133.5, 61.59375, 32.25, 158.875, 76.875, 89.125, 53.15625, 183.5, 55.03125, 16.0, 37.46875, 97.0625, 57.03125, 94.9375, 25.8125, 53.8125, 60.8125, 174.625, 134.75, 156.5, 56.625, 122.25, 152.25, 164.5, 32.0, 172.875, 89.1875, 173.75, 158.625, 143.375, 182.25, 108.5625, 153.375, 114.0, 162.625, 127.5, 122.5, 140.0, 72.6875, 169.875, 13.0390625, 67.8125, 84.5, 136.0, 116.0625, 111.625, 131.875, 115.0, 74.9375, 98.5, 41.96875, 150.125, 131.75, 86.6875, 39.8125, 85.0, 38.59375, 155.125, 191.75, 127.0625, 138.0, 68.4375, 15.6171875, 146.25, 164.5, 57.5625, 147.625, 96.4375, 55.21875, 181.25, 161.0, 86.8125, 78.0, 105.1875, 89.125, 16.546875, 131.375], [69.0, 78.3125, 50.34375, 98.625, 117.8125, 71.25, 101.0625, 24.015625, 148.375, 129.375, 25.234375, 22.203125, 31.25, 41.125, 62.4375, 103.875, 55.4375, 59.8125, 186.0, 136.125, 36.125, 78.4375, 82.0, 142.625, 94.3125, 146.125, 58.3125, 82.875, 68.0, 75.6875, 105.0, 97.1875, 69.875, 179.625, 40.375, 110.875, 167.0, 25.5, 0.0, 34.9375, 80.125, 170.375, 8