{"name": "LZB_n120_11", "n": 120, "m": 15, "times": [[0.0, 107.3125, 51.3125, 61.40625, 71.5625, 74.75, 50.0, 88.5, 71.4375, 37.5625, 97.25, 104.0625, 51.46875, 22.796875, 103.4375, 102.9375, 113.4375, 43.9375, 97.8125, 59.5625, 126.625, 108.375, 134.5, 97.5, 43.0, 87.375, 92.1875, 121.0, 8.0, 111.75, 82.875, 67.4375, 117.4375, 61.6875, 59.65625, 51.03125, 35.0, 83.0, 79.375, 57.25, 45.0, 58.1875, 76.1875, 14.8671875, 123.3125, 83.3125, 70.375, 102.375, 73.6875, 102.375, 66.125, 63.375, 54.5625, 60.625, 79.625, 91.375, 94.1875, 99.0, 117.0, 124.5, 64.375, 109.5625, 66.5, 35.8125, 131.0, 48.25, 40.375, 108.6875, 43.9375, 55.1875, 34.40625, 73.6875, 71.125, 72.75, 106.6875, 45.28125, 10.6328125, 105.375, 58.5625, 40.5, 79.1875, 18.96875, 130.875, 86.8125, 85.125, 27.453125, 89.5625, 33.71875, 81.125, 82.875, 87.75, 90.8125, 105.3125, 80.9375, 69.75, 56.71875, 74.9375, 94.25, 118.8125, 81.0, 87.6875, 56.75, 125.3125, 85.6875, 102.9375, 45.03125, 110.4375, 73.8125, 15.296875, 77.6875, 110.5625, 82.1875, 105.8125, 86.3125, 55.21875, 72.375, 70.125, 107.5, 91.5625, 94.0625, 120.4375], [107.3125, 0.0, 158.375, 166.25, 149.875, 63.125, 107.0, 36.6875, 37.5625, 75.125, 62.59375, 36.25, 138.25, 109.125, 104.9375, 110.5625, 169.125, 144.125, 113.0, 113.5625, 176.0, 17.03125, 28.015625, 196.125, 66.75, 192.5, 92.1875, 172.625, 101.25, 161.5, 109.5625, 41.21875, 223.5, 92.4375, 122.5625, 131.0, 142.25, 179.375, 148.5, 145.5, 145.375, 91.375, 130.25, 110.4375, 25.078125, 169.0, 153.375, 204.875, 73.1875, 122.0625, 168.25, 90.125, 55.59375, 59.09375, 158.625, 197.25, 184.875, 70.8125, 27.734375, 22.203125, 120.1875, 215.5, 147.125, 115.125, 29.421875, 150.0, 116.375, 46.875, 63.40625, 124.1875, 110.5, 174.375, 177.5, 170.625, 210.625, 113.625, 117.8125, 159.125, 75.6875, 93.5625, 46.03125, 118.5, 174.25, 189.125, 49.0, 80.0625, 173.125, 135.25, 144.25, 24.703125, 147.25, 154.75, 182.0, 158.125, 165.625, 154.375, 80.5, 99.1875, 17.0, 68.0, 22.84375, 141.0, 18.875, 101.25, 149.375, 79.625, 165.125, 166.125, 98.3125, 52.46875, 41.71875, 70.1875, 16.125, 179.625, 127.0625, 55.3125, 169.125, 144.125, 190.625, 135.0, 138.875], [51.3125, 158.375, 0.0, 27.734375, 65.125, 118.1875, 83.0, 136.75, 121.9375, 85.5625, 144.25, 154.375, 49.15625, 54.375, 140.25, 137.75, 110.6875, 37.15625, 123.0625, 88.6875, 125.0, 158.5, 185.25, 56.90625, 92.6875, 45.28125, 125.5625, 119.25, 58.1875, 113.5, 115.75, 118.75, 70.6875, 101.25, 83.0, 57.0, 16.546875, 48.8125, 77.875, 48.28125, 27.078125, 98.4375, 88.0625, 49.6875, 173.25, 74.3125, 70.1875, 56.03125, 114.0625, 132.625, 27.203125, 97.875, 105.6875, 110.3125, 68.4375, 46.5625, 75.6875, 144.5, 166.25, 174.875, 89.8125, 58.875, 70.8125, 64.0, 181.125, 23.53125, 60.15625, 154.875, 95.0, 68.1875, 60.53125, 35.0, 20.609375, 50.78125, 64.9375, 74.1875, 41.1875, 106.25, 100.0, 82.1875, 126.5, 42.1875, 132.25, 51.46875, 134.5, 78.75, 80.8125, 36.34375, 93.9375, 133.875, 90.5, 99.3125, 87.625, 71.1875, 52.625, 44.03125, 118.0625, 132.0, 169.25, 127.125, 139.0, 63.0625, 176.125, 115.0, 109.4375, 91.75, 109.1875, 49.21875, 63.15625, 126.875, 157.625, 123.0, 157.125, 55.4375, 74.4375, 121.5, 36.125, 128.375, 51.25, 116.375, 147.125], [61.40625, 166.25, 27.734375, 0.0, 92.6875, 135.0, 74.625, 149.875, 132.0, 98.875, 141.375, 156.125, 75.6875, 73.0, 129.125, 125.5, 138.375, 24.171875, 147.0, 77.25, 152.75, 169.0, 194.0, 78.75, 104.3125, 26.25, 147.125, 146.875, 65.8125, 141.0, 103.6875, 125.1875, 57.3125, 94.5625, 69.375, 82.75, 32.125, 74.25, 105.3125, 75.5625, 53.84375, 92.5, 114.125, 66.125, 184.0, 48.40625, 47.75, 73.1875, 132.5, 118.0, 53.25, 118.4375, 111.0625, 112.1875, 96.1875, 31.234375, 48.03125, 140.0, 178.125, 184.75, 76.3125, 67.125, 50.21875, 57.28125, 191.5, 50.90625, 83.125, 170.0, 104.0, 93.25, 81.75, 60.09375, 37.75, 23.4375, 45.28125, 65.125, 51.0, 133.75, 117.625, 79.25, 140.5, 60.40625, 159.875, 26.46875, 134.875, 86.8125, 54.5625, 31.234375, 74.0, 142.5, 117.75, 77.25, 114.875, 98.875, 26.40625, 22.203125, 112.75, 122.0, 179.0, 123.9375, 145.0, 45.03125, 184.75, 137.75, 136.5, 91.5, 136.875, 76.5625, 67.9375, 127.3125, 171.875, 141.375, 162.25, 81.375, 60.3125, 122.0625, 62.625, 109.4375, 73.8125, 98.875, 130.125], [71.5625, 149.875, 65.125, 92.6875, 0.0, 91.3125, 121.25, 117.375, 113.4375, 79.0, 162.25, 161.0, 20.609375, 51.53125, 174.625, 174.375, 46.15625, 94.0625, 70.0, 130.375, 60.40625, 143.0, 171.75, 55.59375, 88.0, 108.0625, 81.3125, 54.59375, 78.75, 48.375, 154.375, 120.0, 126.375, 132.875, 128.875, 21.59375, 65.1875, 39.4375, 13.0390625, 17.5, 39.34375, 129.375, 30.53125, 57.28125, 155.625, 136.375, 128.625, 70.0, 82.75, 173.875, 46.03125, 63.0625, 112.4375, 123.625, 9.0, 107.3125, 140.125, 165.75, 146.375, 159.125, 134.375, 90.0625, 127.125, 105.0, 163.625, 41.78125, 36.21875, 127.25, 96.125, 25.703125, 43.40625, 45.125, 67.0, 115.0625, 126.3125, 115.4375, 70.0, 41.125, 74.9375, 111.8125, 106.3125, 53.0, 67.25, 116.1875, 146.75, 88.0625, 143.0, 87.3125, 147.125, 126.75, 26.015625, 155.0, 34.71875, 9.484375, 115.8125, 104.9375, 144.5, 165.375, 154.625, 148.0, 137.625, 117.6875, 163.875, 67.9375, 45.09375, 113.8125, 44.28125, 25.078125, 86.3125, 140.125, 132.0, 90.1875, 155.25, 35.46875, 122.5625, 135.5, 38.625, 177.25, 52.15625, 164.0, 191.625], [74.75, 63.125, 118.1875, 135.0, 91.3125, 0.0, 103.9375, 27.171875, 35.21875, 38.21875, 100.75, 86.3125, 84.1875, 63.8125, 132.625, 135.875, 106.0, 118.625, 51.90625, 113.75, 113.0, 52.78125, 81.25, 142.875, 37.34375, 160.125, 32.8125, 109.4375, 73.0, 98.3125, 124.375, 51.625, 188.5, 100.4375, 119.375, 75.4375, 104.6875, 125.6875, 87.625, 91.0, 97.75, 97.5, 68.0625, 69.3125, 64.5, 155.5, 141.125, 154.125, 10.046875, 142.75, 119.5, 28.453125, 56.09375, 69.875, 99.5625, 163.25, 168.0, 107.5625, 55.15625, 68.4375, 120.625, 169.0, 136.0, 101.0, 72.4375, 102.75, 63.03125, 37.46875, 44.9375, 66.25, 59.46875, 124.0, 133.875, 147.5, 179.875, 105.5625, 84.4375, 96.0, 18.4375, 87.875, 17.125, 76.1875, 111.625, 161.0, 82.3125, 57.09375, 161.25, 108.4375, 143.5, 45.3125, 84.875, 154.375, 121.0625, 98.4375, 144.125, 131.25, 99.875, 124.0, 64.3125, 94.375, 59.5, 127.125, 74.0, 38.90625, 86.3125, 78.125, 102.0, 111.25, 75.1875, 79.1875, 41.40625, 10.8203125, 73.25, 124.3125, 119.3125, 77.25, 117.8125, 158.25, 138.0, 145.75, 162.0], [50.0, 107.0, 83.0, 74.625, 121.25, 103.9375, 0.0, 105.25, 82.5, 68.375, 67.9375, 87.125, 100.875, 72.25, 57.3125, 55.3125, 163.375, 50.6875, 141.0, 10.296875, 176.375, 115.5, 134.625, 138.5, 66.6875, 97.9375, 130.375, 170.875, 43.875, 161.375, 33.84375, 68.125, 128.875, 20.125, 16.125, 101.0, 68.5625, 126.625, 129.375, 106.0, 89.8125, 18.59375, 125.1875, 64.8125, 129.625, 62.4375, 46.875, 139.0, 107.25, 52.78125, 106.5625, 104.1875, 54.75, 47.9375, 129.0, 104.25, 78.8125, 65.75, 126.875, 128.5, 16.765625, 139.25, 40.5, 19.03125, 135.75, 91.5, 89.9375, 128.25, 59.40625, 104.8125, 83.4375, 114.75, 103.0625, 69.375, 112.625, 9.484375, 51.90625, 155.125, 93.625, 16.125, 100.0625, 68.25, 180.375, 90.4375, 65.1875, 48.09375, 66.1875, 47.09375, 40.0, 87.8125, 137.5, 51.0, 154.25, 130.5, 63.40625, 55.46875, 38.46875, 49.0, 122.75, 50.8125, 84.1875, 36.0625, 125.6875, 127.4375, 152.0, 28.4375, 160.25, 120.1875, 36.78125, 58.40625, 127.6875, 114.0, 98.25, 131.375, 20.25, 53.8125, 113.0, 58.40625, 132.5, 45.0, 70.4375], [88.5, 36.6875, 136.75, 149.875, 117.375, 27.171875, 105.25, 0.0, 23.09375, 51.40625, 84.375, 64.8125, 108.4375, 83.5, 121.75, 126.0625, 133.0, 130.625, 76.375, 114.0, 139.5, 25.703125, 54.40625, 167.25, 45.65625, 175.875, 55.65625, 136.125, 84.5625, 125.125, 118.6875, 40.25, 205.625, 96.625, 121.3125, 100.1875, 121.8125, 150.125, 114.5, 115.5, 119.3125, 94.3125, 95.1875, 87.125, 38.46875, 163.0, 147.75, 177.5, 37.0625, 135.0, 141.875, 55.3125, 51.03125, 62.15625, 125.875, 179.75, 177.125, 92.0625, 30.0, 41.78125, 121.0, 190.75, 142.0, 107.1875, 46.53125, 124.1875, 86.625, 23.0, 48.09375, 91.9375, 81.8125, 147.0, 154.125, 159.0, 195.125, 109.1875, 99.0, 123.0, 42.53125, 89.4375, 11.1796875, 94.8125, 137.625, 175.0, 66.5625, 64.625, 168.125, 120.75, 145.125, 25.0, 112.0, 156.125, 148.0, 124.9375, 154.875, 142.5, 91.0625, 114.0, 37.375, 82.375, 38.90625, 134.125, 46.875, 64.625, 113.0625, 77.0, 129.0, 136.0, 84.3125, 65.75, 22.796875, 33.53125, 48.75, 149.375, 123.3125, 65.5625, 141.125, 153.75, 162.125, 142.375, 153.75], [71.4375, 37.5625, 121.9375, 132.0, 113.4375, 35.21875, 82.5, 23.09375, 0.0, 37.59375, 65.8125, 51.875, 100.875, 71.5625, 100.25, 104.1875, 136.75, 111.3125, 86.8125, 91.0625, 145.25, 37.0, 63.40625, 158.625, 29.40625, 158.25, 68.0, 141.25, 66.25, 130.0, 95.8125, 17.890625, 188.75, 73.5625, 98.625, 93.875, 106.125, 141.875, 113.125, 108.1875, 107.9375, 71.25, 96.3125, 73.25, 52.0, 141.375, 125.9375, 167.25, 44.28125, 112.625, 130.75, 57.0625, 28.0, 39.28125, 122.3125, 162.625, 156.0, 72.875, 46.53125, 53.03125, 98.0625, 178.375, 120.0625, 85.6875, 59.5625, 112.5, 79.125, 46.03125, 28.015625, 87.8125, 73.0625, 136.875, 140.625, 139.125, 177.0, 86.875, 82.0625, 126.75, 41.4375, 66.9375, 21.640625, 81.25, 144.875, 156.125, 47.375, 45.21875, 146.25, 101.8125, 122.25, 13.34375, 113.3125, 133.25, 146.375, 121.9375, 134.625, 122.5625, 68.6875, 92.125, 47.375, 61.0625, 25.5, 112.5625, 54.40625, 73.375, 118.125, 54.15625, 132.875, 128.75, 64.6875, 45.0, 45.1875, 45.46875, 42.0625, 142.25, 101.0, 43.90625, 131.5, 130.875, 153.125, 119.375, 131.5], [37.5625, 75.125, 85.5625, 98.875, 79.0, 38.21875, 68.375, 51.40625, 37.59375, 0.0, 85.375, 82.0, 64.3125, 34.0, 107.0625, 108.875, 109.5625, 80.9375, 73.8125, 78.5625, 120.3125, 73.125, 100.6875, 121.25, 9.0546875, 124.6875, 62.03125, 115.4375, 34.9375, 104.625, 93.625, 41.0625, 154.25, 69.1875, 83.0, 58.21875, 70.4375, 104.6875, 81.0625, 71.5625, 70.3125, 65.8125, 68.125, 36.125, 87.8125, 117.375, 103.0, 129.75, 39.46875, 113.0625, 93.125, 37.0, 34.46875, 47.4375, 88.0, 128.375, 129.875, 90.0625, 80.6875, 89.625, 85.125, 141.0, 98.0, 63.1875, 95.6875, 74.9375, 43.1875, 71.125, 17.71875, 54.34375, 36.5, 99.3125, 103.5625, 109.75, 144.125, 68.6875, 47.875, 99.9375, 25.296875, 52.8125, 41.6875, 44.03125, 121.9375, 124.375, 68.6875, 20.25, 123.125, 70.8125, 106.9375, 50.5625, 84.125, 117.6875, 113.1875, 88.0625, 106.25, 93.4375, 74.0, 97.75, 84.1875, 73.375, 59.4375, 89.0, 91.8125, 59.90625, 93.5625, 46.21875, 105.875, 91.9375, 37.0, 62.65625, 73.0625, 47.03125, 77.625, 105.5, 82.0625, 58.53125, 94.0, 125.3125, 115.6875, 112.25, 132.5], [97.25, 62.59375, 144.25, 141.375, 162.25, 100.75, 67.9375, 84.375, 65.8125, 85.375, 0.0, 28.015625, 144.625, 111.5625, 43.0, 49.09375, 194.875, 117.1875, 151.5, 69.4375, 205.25, 78.125, 84.0, 194.75, 77.25, 165.625, 133.5, 200.5, 89.25, 189.625, 54.125, 49.40625, 196.75, 48.0, 79.3125, 140.75, 128.125, 180.125, 165.875, 151.5, 142.25, 49.40625, 153.5, 108.0625, 87.5, 127.25, 112.5625, 198.75, 109.1875, 61.8125, 163.125, 118.125, 50.90625, 38.625, 171.125, 171.75, 144.25, 8.25, 89.875, 83.75, 74.25, 202.875, 106.1875, 84.125, 90.4375, 145.5, 126.125, 103.8125, 67.6875, 139.0, 118.875, 170.875, 164.875, 137.25, 180.5, 77.1875, 105.0625, 185.125, 102.5625, 62.625, 87.0, 115.0, 206.25, 158.375, 18.4375, 74.4375, 129.5, 111.4375, 95.1875, 59.40625, 169.5, 104.3125, 197.0, 171.625, 131.25, 123.3125, 29.828125, 38.84375, 79.25, 17.46875, 46.15625, 103.625, 77.125, 137.625, 178.25, 52.78125, 191.125, 170.0, 82.625, 22.84375, 100.1875, 111.1875, 47.375, 183.0, 86.8125, 26.921875, 167.375, 85.625, 188.75, 78.9375, 77.0], [104.0625, 36.25, 154.375, 156.125, 161.0, 86.3125, 87.125, 64.8125, 51.875, 82.0, 28.015625, 0.0, 145.625, 113.3125, 71.0, 77.125, 188.125, 132.375, 138.25, 91.0, 197.0, 52.84375, 56.0, 200.125, 73.0, 181.625, 118.625, 192.875, 96.5625, 181.625, 80.3125, 41.0, 213.0, 68.8125, 100.8125, 140.125, 137.875, 184.375, 162.5, 152.875, 147.5, 69.0, 147.125, 111.8125, 60.4375, 149.0, 133.625, 206.25, 95.875, 89.6875, 169.625, 108.6875, 50.21875, 44.28125, 170.0, 187.25, 165.75, 36.0, 63.96875, 56.28125, 96.8125, 213.25, 127.3125, 100.125, 62.8125, 151.375, 125.125, 81.0625, 65.25, 136.125, 118.1875, 176.875, 174.75, 155.625, 198.125, 95.4375, 113.4375, 178.125, 92.875, 77.4375, 70.3125, 119.5625, 196.75, 175.875, 21.9375, 77.625, 152.0, 125.125, 119.5, 41.1875, 163.875, 129.25, 195.125, 170.0, 149.875, 140.5, 52.78125, 66.625, 52.1875, 38.90625, 26.828125, 123.125, 49.25, 125.0, 169.75, 64.625, 184.125, 172.625, 91.3125, 29.0625, 76.625, 95.75, 20.25, 186.125, 107.1875, 34.21875, 172.5, 113.1875, 194.25, 105.625, 105.0], [51.46875, 138.25, 49.15625, 75.6875, 20.609375, 84.1875, 100.875, 108.4375, 100.875, 64.3125, 144.625, 145.625, 0.0, 33.125, 154.875, 154.375, 65.8125, 74.4375, 75.6875, 109.8125, 79.875, 133.25, 161.875, 58.84375, 73.375, 94.0, 82.0, 74.0625, 58.875, 66.625, 134.125, 105.0625, 115.9375, 113.0625, 108.25, 9.4375, 46.09375, 41.6875, 31.0625, 7.28125, 22.09375, 109.5625, 39.0, 37.65625, 146.875, 117.1875, 108.75, 70.0625, 77.125, 153.5, 37.59375, 58.0, 96.0625, 106.25, 28.171875, 94.3125, 122.0625, 147.625, 138.25, 149.875, 113.8125, 86.625, 107.0, 84.375, 154.875, 26.015625, 21.9375, 121.5, 80.375, 21.03125, 27.890625, 40.46875, 56.3125, 97.0625, 113.1875, 94.875, 49.40625, 59.53125, 66.3125, 91.9375, 97.25, 32.65625, 85.9375, 100.625, 130.0, 70.25, 123.875, 67.1875, 126.5625, 114.1875, 42.53125, 134.75, 53.84375, 29.6875, 97.3125, 85.875, 125.4375, 145.625, 144.875, 129.75, 123.75, 97.4375, 153.5, 69.75, 61.03125, 94.8125, 63.5, 27.859375, 66.5, 123.125, 125.625, 85.5625, 141.875, 41.4375, 102.0, 118.1875, 33.96875, 156.625, 53.8125, 143.375, 171.25], [22.796875, 109.125, 54.375, 73.0, 51.53125, 63.8125, 72.25, 83.5, 71.5625, 34.0, 111.5625, 113.3125, 33.125, 0.0, 123.4375, 123.5625, 91.1875, 61.21875, 77.125, 82.0625, 104.125, 106.625, 134.5, 87.625, 42.53125, 97.125, 74.4375, 98.625, 28.421875, 89.125, 104.3125, 73.25, 124.8125, 81.875, 82.4375, 30.078125, 41.4375, 71.3125, 57.8125, 40.0, 36.34375, 78.3125, 53.40625, 8.546875, 121.0625, 103.1875, 91.375, 95.6875, 60.0, 124.0625, 59.15625, 45.53125, 63.28125, 73.125, 60.15625, 99.8125, 112.3125, 114.5625, 113.375, 123.25, 87.0625, 107.4375, 88.0, 58.59375, 129.0, 41.0625, 17.6875, 100.625, 48.28125, 32.5625, 11.6640625, 65.3125, 70.75, 89.0, 117.0625, 68.0, 26.921875, 82.875, 45.65625, 61.0625, 72.8125, 12.6484375, 108.1875, 99.4375, 97.0, 37.125, 109.6875, 51.46875, 103.75, 84.5, 65.3125, 113.25, 86.125, 61.03125, 87.0625, 74.1875, 93.0, 114.0625, 117.875, 96.6875, 92.625, 78.1875, 125.6875, 66.0625, 80.125, 62.3125, 88.0625, 59.40625, 35.8125, 90.0, 103.5625, 68.9375, 111.0, 72.8125, 77.9375, 85.125, 60.15625, 130.125, 81.9375, 116.6875, 142.375], [103.4375, 104.9375, 140.25, 129.125, 174.625, 132.625, 57.3125, 121.75, 100.25, 107.0625, 43.0, 71.0, 154.875, 123.4375, 0.0, 6.70703125, 213.5, 106.25, 179.625, 52.09375, 225.5, 119.625, 127.0, 195.75, 101.125, 149.625, 164.25, 220.25, 96.0, 210.0, 25.5, 82.375, 179.0, 41.78125, 59.84375, 153.5, 125.875, 183.625, 181.125, 160.75, 146.25, 45.3125, 173.125, 117.375, 130.0, 101.5625, 89.3125, 196.25, 139.5, 20.59375, 163.75, 143.625, 76.8125, 62.8125, 182.875, 156.5, 118.1875, 35.0625, 131.625, 126.5, 52.9375, 195.375, 83.8125, 76.3125, 133.25, 148.25, 140.5, 143.0, 91.25, 154.875, 133.375, 172.0, 160.0, 118.3125, 161.0, 66.0625, 107.6875, 204.5, 129.5, 62.96875, 121.8125, 122.4375, 228.125, 139.75, 56.75, 89.875, 101.875, 104.0625, 65.5, 97.5, 187.5, 71.8125, 208.75, 184.125, 112.0, 107.875, 33.25, 9.4375, 121.8125, 39.40625, 86.125, 85.125, 120.0625, 165.5, 199.5, 62.125, 210.125, 176.375, 88.375, 56.09375, 140.125, 143.5, 90.1875, 188.0, 68.875, 56.34375, 170.0, 45.1875, 189.75, 42.4375, 34.0], [102.9375, 110.5625, 137.75, 125.5, 174.375, 135.875, 55.3125, 126.0625, 104.1875, 108.875, 49.09375, 77.125, 154.375, 123.5625, 6.70703125, 0.0, 214.125, 103.0, 182.0, 49.09375, 226.375, 124.9375, 133.125, 193.625, 103.375, 145.375, 167.25, 221.0, 95.6875, 210.875, 22.015625, 86.3125, 174.375, 41.6875, 56.15625, 153.375, 123.8125, 181.875, 181.375, 160.125, 144.875, 45.28125, 174.0, 117.1875, 135.625, 96.1875, 84.4375, 193.625, 142.375, 13.890625, 161.75, 145.75, 79.875, 66.0625, 182.625, 152.25, 112.6875, 41.3125, 137.0, 132.25, 49.15625, 192.125, 79.125, 74.125, 139.125, 146.75, 140.75, 147.625, 93.625, 155.375, 133.75, 170.0, 157.25, 113.75, 156.25, 63.625, 106.5625, 205.25, 131.875, 62.625, 125.6875, 121.875, 229.25, 135.125, 61.96875, 91.0625, 96.25, 101.375, 59.9375, 102.125, 188.125, 65.8125, 208.25, 183.875, 107.4375, 103.9375, 36.0625, 12.0859375, 127.5, 43.96875, 91.25, 81.0625, 126.0, 167.875, 200.625, 63.25, 210.75, 175.25, 88.125, 60.71875, 144.875, 146.75, 96.0625, 186.5, 65.1875, 60.53125, 168.375, 38.46875, 187.75, 36.125, 28.28125], [113.4375, 169.125, 110.6875, 138.375, 46.15625, 106.0, 163.375, 133.0, 136.75, 109.5625, 194.875, 188.125, 65.8125, 91.1875, 213.5, 214.125, 0.0, 140.125, 62.3125, 173.0, 14.3203125, 158.125, 185.75, 84.6875, 117.625, 151.875, 82.0, 8.546875, 119.625, 10.0, 195.375, 148.0, 166.5, 172.5, 172.5, 62.9375, 111.3125, 74.0625, 34.84375, 63.625, 85.5, 168.875, 41.4375, 98.625, 168.125, 182.5, 174.5, 100.8125, 96.0, 215.25, 88.5, 79.75, 144.0, 156.875, 42.375, 150.25, 186.125, 199.625, 158.125, 172.75, 177.625, 123.5625, 172.75, 148.5, 175.5, 87.6875, 73.625, 135.125, 127.25, 58.8125, 80.4375, 85.0, 109.4375, 161.0, 169.0, 158.5, 113.875, 10.046875, 95.375, 152.0, 123.0625, 96.1875, 22.203125, 161.0, 177.75, 123.9375, 189.125, 133.0, 192.0, 149.25, 26.078125, 200.375, 34.78125, 39.5625, 162.0, 151.125, 181.625, 204.125, 169.375, 182.625, 162.25, 163.25, 179.25, 69.75, 20.609375, 151.5, 4.0, 64.3125, 127.0, 172.125, 140.875, 100.25, 178.125, 67.0, 166.875, 168.125, 79.625, 220.75, 84.125, 207.375, 233.625], [43.9375, 144.125, 37.15625, 24.171875, 94.0625, 118.625, 50.6875, 130.625, 111.3125, 80.9375, 117.1875, 132.375, 74.4375, 61.21875, 106.25, 103.0, 140.125, 0.0, 138.125, 54.15625, 154.25, 148.125, 172.125, 94.0, 85.0625, 49.21875, 135.0, 148.375, 46.25, 141.0, 81.0, 102.9375, 80.625, 70.5, 47.09375, 79.1875, 29.0625, 85.5625, 105.5, 76.625, 55.3125, 68.375, 109.8125, 53.03125, 163.125, 43.09375, 34.71875, 91.5625, 117.5625, 96.625, 64.0, 106.0, 88.625, 88.75, 99.5, 54.90625, 51.09375, 115.875, 157.75, 163.5, 54.09375, 89.1875, 34.21875, 33.09375, 170.375, 54.4375, 75.1875, 151.75, 83.375, 87.9375, 71.875, 72.0, 54.90625, 28.859375, 66.5, 41.21875, 35.0625, 134.0, 102.4375, 55.21875, 122.0, 49.8125, 160.375, 45.0, 110.9375, 66.25, 49.78125, 10.1953125, 56.8125, 121.0, 116.75, 62.8125, 121.625, 101.8125, 26.015625, 13.0, 88.625, 98.75, 157.625, 99.75, 122.4375, 25.9375, 162.875, 127.25, 134.625, 67.8125, 137.875, 83.75, 46.65625, 103.5, 153.125, 126.125, 139.375, 91.8125, 38.21875, 98.25, 72.375, 91.1875, 88.375, 79.375, 110.375], [97.8125, 113.0, 123.0625, 147.0, 70.0, 51.90625, 141.0, 76.375, 86.8125, 73.8125, 151.5, 138.25, 75.6875, 77.125, 179.625, 182.0, 62.3125, 138.125, 0.0, 151.25, 65.375, 99.875, 126.0625, 125.375, 78.625, 168.375, 21.09375, 63.15625, 100.3125, 52.875, 167.375, 102.0625, 191.625, 143.0, 154.375, 66.6875, 115.0, 109.4375, 59.8125, 79.6875, 96.6875, 139.625, 39.4375, 85.5, 108.0, 180.25, 168.125, 140.0, 42.53125, 186.875, 112.625, 36.90625, 103.3125, 117.4375, 75.0, 169.375, 189.125, 157.75, 98.0, 113.0625, 157.375, 159.625, 164.25, 132.0, 115.0625, 101.1875, 64.0, 74.125, 88.4375, 55.09375, 66.375, 113.75, 132.0, 165.375, 188.0, 139.625, 103.9375, 53.3125, 50.21875, 126.0625, 68.375, 88.4375, 62.03125, 173.25, 133.125, 93.5, 186.75, 128.625, 177.5, 97.1875, 50.25, 187.75, 87.8125, 72.625, 163.875, 151.125, 146.375, 170.5, 110.375, 143.125, 111.375, 154.5, 120.4375, 14.140625, 41.78125, 120.0, 58.53125, 94.875, 105.6875, 129.25, 80.0625, 43.0, 124.625, 105.125, 151.75, 126.5, 107.0, 198.75, 122.125, 185.625, 206.25], [59.5625, 113.5625, 88.6875, 77.25, 130.375, 113.75, 10.296875, 114.0, 91.0625, 78.5625, 69.4375, 91.0, 109.8125, 82.0625, 52.09375, 49.09375, 173.0, 54.15625, 151.25, 0.0, 186.125, 123.0, 140.75, 144.875, 76.625, 99.0, 140.625, 180.5, 53.75, 171.125, 27.078125, 75.9375, 129.375, 22.203125, 9.8984375, 110.4375, 75.1875, 133.75, 138.875, 114.75, 97.6875, 22.359375, 135.125, 74.4375, 136.875, 58.125, 43.125, 144.625, 117.3125, 44.59375, 113.25, 114.5, 63.125, 54.8125, 137.875, 105.625, 75.0, 66.0, 134.5, 135.375, 7.0, 143.375, 36.78125, 26.0, 142.625, 99.0, 99.75, 137.0, 69.0625, 114.5625, 93.375, 121.5, 108.1875, 68.875, 112.3125, 15.234375, 60.53125, 164.875, 103.8125, 25.96875, 109.3125, 77.4375, 190.25, 90.3125, 69.3125, 58.3125, 61.03125, 52.34375, 31.25, 95.5, 147.25, 42.1875, 163.0, 139.5, 62.65625, 56.625, 39.625, 44.71875, 129.75, 53.0625, 90.75, 34.875, 132.0, 137.75, 162.0, 37.0, 170.0, 128.125, 46.875, 63.125, 136.25, 123.9375, 103.75, 138.875, 17.890625, 59.03125, 120.1875, 48.28125, 139.0, 34.84375, 61.40625], [126.625, 176.0, 125.0, 152.75, 60.40625, 113.0, 176.375, 139.5, 145.25, 120.3125, 205.25, 197.0, 79.875, 104.125, 225.5, 226.375, 14.3203125, 154.25, 65.375, 186.125, 0.0, 164.125, 191.0, 97.125, 128.0, 166.0, 86.125, 5.83203125, 132.5, 15.65625, 208.0, 157.5, 180.0, 184.875, 186.0, 76.5625, 125.5625, 87.4375, 48.8125, 77.875, 99.75, 181.25, 52.46875, 111.75, 173.125, 196.75, 188.625, 113.1875, 102.9375, 227.875, 102.625, 88.3125, 154.375, 167.75, 56.65625, 164.25, 200.375, 210.25, 163.125, 178.0, 191.0, 136.125, 186.875, 162.0, 180.25, 102.0, 86.4375, 139.375, 137.75, 71.5625, 93.0625, 98.8125, 123.4375, 175.375, 183.0, 171.875, 127.5, 21.265625, 104.125, 164.625, 130.125, 109.6875, 9.484375, 175.25, 187.75, 135.625, 203.375, 147.0, 205.75, 157.25, 38.90625, 214.25, 46.28125, 53.84375, 176.25, 165.375, 193.25, 216.125, 175.0, 193.625, 170.75, 177.25, 185.0, 75.0625, 27.203125, 163.375, 16.40625, 78.3125, 139.875, 182.375, 145.375, 106.1875, 186.0, 80.25, 180.5, 178.625, 93.625, 234.125, 97.0, 220.625, 246.5], [108.375, 17.03125, 158.5, 169.0, 143.0, 52.78125, 115.5, 25.703125, 37.0, 73.125, 78.125, 52.84375, 133.25, 106.625, 119.625, 124.9375, 158.125, 148.125, 99.875, 123.0, 164.125, 0.0, 28.796875, 192.0, 65.75, 195.25, 78.75, 161.0, 103.25, 150.0, 122.0, 47.4375, 225.75, 102.9375, 131.5, 125.3125, 142.875, 174.875, 140.125, 140.375, 142.875, 101.4375, 120.8125, 109.25, 15.0, 176.375, 160.875, 201.75, 62.5, 135.875, 165.625, 81.0, 61.46875, 68.25, 151.5, 199.625, 191.625, 86.3125, 12.0390625, 16.640625, 129.875, 214.0, 154.75, 121.25, 22.625, 147.625, 111.375, 30.234375, 65.0, 117.375, 106.1875, 171.25, 176.75, 175.625, 214.0, 121.125, 119.0, 148.25, 68.0, 100.875, 36.6875, 117.125, 161.75, 193.0, 62.96875, 82.1875, 181.0, 138.75, 154.125, 27.859375, 137.625, 165.0, 173.625, 150.625, 171.0, 159.125, 93.0, 113.3125, 11.703125, 81.5, 34.0625, 147.875, 21.21875, 89.0625, 138.0, 87.25, 154.125, 161.0, 101.5, 65.125, 24.84375, 58.0, 33.0, 174.5, 135.0, 67.0, 165.5, 157.0, 186.625, 147.125, 153.25], [134.5, 28.015625, 185.25, 194.0, 171.75, 81.25, 134.625, 54.40625, 63.40625, 100.6875, 84.0, 56.0, 161.875, 134.5, 127.0, 133.125, 185.75, 172.125, 126.0625, 140.75, 191.0, 28.796875, 0.0, 220.5, 92.8125, 220.25, 105.0, 188.25, 128.75, 177.375, 134.75, 69.1875, 251.125, 119.25, 150.0, 154.0, 169.375, 203.5, 168.875, 169.125, 170.875, 118.5, 149.25, 136.625, 18.109375, 196.875, 181.125, 230.0, 90.8125, 145.5, 193.625, 109.625, 83.625, 86.75, 180.25, 225.0, 212.75, 92.0, 28.078125, 13.0390625, 147.25, 241.625, 174.875, 143.125, 12.53125, 175.625, 140.0, 52.46875, 90.5625, 146.125, 134.625, 199.5, 204.0, 198.625, 238.5, 141.375, 145.0, 175.875, 96.8125, 121.4375, 65.4375, 144.625, 188.125, 217.125, 73.75, 107.5, 200.75, 163.125, 171.125, 51.625, 165.875, 181.5, 202.25, 179.375, 193.625, 182.375, 106.0, 122.4375, 17.09375, 92.75, 50.59375, 169.0, 9.21875, 116.1875, 165.375, 107.5625, 181.75, 189.75, 126.0625, 78.4375, 46.375, 85.5625, 37.84375, 203.125, 154.75, 81.9375, 193.875, 168.625, 215.125, 160.25, 161.0], [97.5, 196.125, 56.90625, 78.75, 55.59375, 142.875, 138.5, 167.25, 158.625, 121.25, 194.75, 200.125, 58.84375, 87.625, 195.75, 193.625, 84.6875, 94.0, 125.375, 144.875, 97.125, 192.0, 220.5, 0.0, 130.0, 79.8125, 136.75, 92.375, 105.5, 92.0, 171.875, 160.75, 85.4375, 155.375, 139.75, 67.4375, 69.875, 17.203125, 65.875, 51.875, 52.78125, 152.25, 86.0, 88.3125, 205.625, 127.0625, 125.6875, 16.125, 135.375, 189.25, 32.0625, 115.875, 149.875, 157.875, 50.59375, 75.6875, 123.8125, 196.25, 197.0, 208.5, 146.5, 39.0, 127.0625, 119.5, 213.75, 49.25, 80.625, 180.0, 135.75, 77.3125, 85.875, 24.0, 41.0625, 101.375, 92.5625, 130.0, 90.0, 85.625, 125.125, 135.0, 156.125, 80.625, 106.3125, 92.125, 182.375, 122.5625, 133.0, 92.875, 150.5, 171.75, 77.375, 155.25, 51.0, 53.25, 105.125, 99.3125, 171.0, 187.125, 203.5, 178.25, 180.25, 119.75, 212.0, 123.4375, 94.25, 142.25, 85.3125, 31.890625, 112.1875, 175.0, 184.25, 143.5, 198.625, 20.25, 131.375, 169.75, 27.65625, 185.125, 6.0, 173.25, 204.0], [43.0, 66.75, 92.6875, 104.3125, 88.0, 37.34375, 66.6875, 45.65625, 29.40625, 9.0546875, 77.25, 73.0, 73.375, 42.53125, 101.125, 103.375, 117.625, 85.0625, 78.625, 76.625, 128.0, 65.75, 92.8125, 130.0, 0.0, 130.375, 64.875, 123.3125, 38.90625, 112.375, 89.375, 32.0, 160.375, 65.0, 82.0625, 67.25, 77.125, 113.5, 89.8125, 80.625, 78.6875, 61.78125, 76.1875, 43.84375, 80.625, 119.375, 104.5625, 138.25, 40.84375, 108.4375, 101.5625, 42.53125, 26.40625, 39.96875, 97.0, 134.375, 132.625, 82.3125, 74.0, 82.125, 83.4375, 149.0, 99.25, 64.125, 88.375, 83.25, 52.25, 66.75, 10.0, 63.1875, 45.53125, 107.8125, 111.1875, 113.625, 149.625, 68.25, 53.59375, 107.9375, 28.59375, 50.6875, 37.0, 51.875, 129.25, 129.25, 60.15625, 20.09375, 124.875, 75.125, 106.1875, 42.0625, 92.4375, 117.125, 122.125, 97.0, 109.75, 97.125, 67.875, 91.9375, 76.5625, 66.0625, 50.4375, 90.6875, 83.8125, 64.5625, 101.0625, 42.0625, 113.875, 100.875, 39.28125, 54.4375, 68.0, 47.3125, 68.6875, 114.5, 82.125, 50.5625, 102.6875, 122.125, 124.4375, 109.375, 127.875], [87.375, 192.5, 45.28125, 26.25, 108.0625, 160.125, 97.9375, 175.875, 158.25, 124.6875, 165.625, 181.625, 94.0, 97.125, 149.625, 145.375, 151.875, 49.21875, 168.375, 99.0, 166.0, 195.25, 220.25, 79.8125, 130.375, 0.0, 170.25, 160.375, 92.0, 155.875, 124.1875, 151.375, 31.40625, 118.0625, 90.125, 102.1875, 55.71875, 80.9375, 121.0625, 92.1875, 72.0625, 116.3125, 133.0, 90.875, 210.25, 55.90625, 62.125, 69.375, 157.125, 136.375, 63.3125, 142.0, 137.125, 137.875, 109.6875, 7.0, 46.96875, 163.625, 204.25, 211.0, 96.8125, 55.46875, 66.625, 81.8125, 217.75, 68.0, 105.125, 195.625, 130.25, 113.4375, 104.8125, 67.75, 42.71875, 32.0625, 19.921875, 88.5625, 76.875, 148.625, 142.5, 104.3125, 166.375, 84.5, 173.875, 13.4140625, 160.125, 113.0625, 60.15625, 57.28125, 89.0625, 168.75, 134.0, 89.375, 124.0625, 112.5625, 38.21875, 42.53125, 136.375, 143.25, 205.25, 148.25, 171.125, 64.5625, 211.0, 160.0, 153.0, 117.0, 150.875, 87.625, 94.1875, 152.625, 197.75, 166.0, 188.25, 88.5625, 81.25, 147.375, 72.4375, 124.0625, 76.25, 115.1875, 146.0], [92.1875, 92.1875, 125.5625, 147.125, 81.3125, 32.8125, 130.375, 55.65625, 68.0, 62.03125, 133.5, 118.625, 82.0, 74.4375, 164.25, 167.25, 82.0, 135.0, 21.09375, 140.625, 86.125, 78.75, 105.0, 136.75, 64.875, 170.25, 0.0, 83.625, 93.0625, 73.0, 154.125, 84.3125, 195.875, 129.875, 144.875, 72.5625, 115.125, 120.0, 73.4375, 87.375, 100.875, 126.6875, 52.0, 82.125, 87.0, 175.5, 162.25, 150.25, 24.84375, 173.125, 119.5625, 29.015625, 87.4375, 101.5625, 87.875, 172.125, 186.0, 140.25, 77.0, 92.0, 147.125, 168.375, 157.875, 124.0, 94.125, 105.6875, 65.4375, 53.34375, 74.125, 61.0625, 65.5, 122.0625, 137.375, 163.25, 190.125, 130.375, 100.0, 72.5625, 36.78125, 114.75, 48.3125, 86.8125, 83.125, 173.625, 115.125, 82.25, 181.75, 125.0, 168.625, 77.4375, 66.25, 179.25, 104.3125, 85.9375, 161.0, 148.0, 131.25, 155.375, 89.25, 126.625, 91.8125, 148.375, 99.3125, 13.6015625, 61.40625, 106.9375, 78.125, 105.125, 97.3125, 111.8125, 59.21875, 22.828125, 104.1875, 116.75, 143.375, 109.625, 115.375, 187.0, 132.75, 174.0, 192.5], [121.0, 172.625, 119.25, 146.875, 54.59375, 109.4375, 170.875, 136.125, 141.25, 115.4375, 200.5, 192.875, 74.0625, 98.625, 220.25, 221.0, 8.546875, 148.375, 63.15625, 180.5, 5.83203125, 161.0, 188.25, 92.375, 123.3125, 160.375, 83.625, 0.0, 127.0, 11.1796875, 202.625, 153.125, 174.75, 179.5, 180.375, 70.8125, 119.6875, 82.25, 43.0, 72.0625, 93.9375, 175.875, 47.40625, 106.125, 170.375, 190.875, 182.75, 108.4375, 99.4375, 222.375, 97.0, 84.1875, 149.75, 162.875, 50.90625, 158.625, 194.625, 205.5, 160.375, 175.125, 185.25, 131.25, 181.0, 156.25, 177.625, 96.1875, 80.9375, 137.0, 133.0, 66.0625, 87.625, 93.375, 117.875, 169.5, 177.5, 166.25, 121.75, 15.8125, 99.9375, 159.25, 126.5625, 104.0, 14.0, 169.5, 183.125, 130.5, 197.625, 141.25, 200.0, 153.375, 33.3125, 208.5, 41.78125, 48.09375, 170.375, 159.5, 188.125, 210.875, 172.0, 188.75, 166.75, 171.375, 182.0, 72.0, 23.1875, 158.125, 10.6328125, 72.75, 134.375, 177.75, 142.75, 103.0, 182.125, 75.0625, 174.875, 173.875, 88.0625, 228.5, 92.0, 215.0, 241.0], [8.0, 101.25, 58.1875, 65.8125, 78.75, 73.0, 43.875, 84.5625, 66.25, 34.9375, 89.25, 96.5625, 58.875, 28.421875, 96.0, 95.6875, 119.625, 46.25, 100.3125, 53.75, 132.5, 103.25, 128.75, 105.5, 38.90625, 92.0, 93.0625, 127.0, 0.0, 117.4375, 76.0, 60.8125, 122.5625, 54.21875, 54.90625, 57.8125, 41.6875, 91.0, 86.0, 64.875, 53.0, 50.6875, 81.375, 21.46875, 118.25, 83.0, 69.25, 110.125, 73.0, 95.6875, 74.0, 64.75, 47.5, 52.875, 86.9375, 96.4375, 95.0625, 91.0, 112.3125, 119.125, 59.03125, 116.75, 64.75, 31.78125, 125.75, 56.21875, 46.09375, 105.5, 38.28125, 60.96875, 39.59375, 81.625, 78.3125, 74.9375, 110.9375, 40.21875, 17.0, 111.3125, 58.0, 33.09375, 75.75, 26.6875, 136.5, 90.4375, 77.375, 21.21875, 89.0, 36.25, 77.375, 77.0625, 93.75, 87.4375, 112.75, 88.125, 71.3125, 58.53125, 67.0625, 86.75, 113.375, 73.0, 81.0, 55.3125, 119.5, 87.625, 108.25, 37.0625, 116.5, 81.75, 7.6171875, 69.875, 106.9375, 81.25, 99.0, 94.25, 51.46875, 64.5625, 78.125, 102.0, 99.5, 88.5, 114.0], [111.75, 161.5, 113.5, 141.0, 48.375, 98.3125, 161.375, 125.125, 130.0, 104.625, 189.625, 181.625, 66.625, 89.125, 210.0, 210.875, 10.0, 141.0, 52.875, 171.125, 15.65625, 150.0, 177.375, 92.0, 112.375, 155.875, 73.0, 11.1796875, 117.4375, 0.0, 192.75, 142.0, 172.125, 169.375, 171.25, 62.4375, 112.6875, 80.125, 35.84375, 65.5625, 87.4375, 165.75, 36.90625, 96.875, 159.5, 183.875, 175.125, 108.0625, 88.25, 212.5, 92.9375, 73.0, 138.75, 152.125, 46.375, 154.75, 188.25, 194.625, 149.625, 164.25, 176.125, 130.5, 173.125, 147.25, 166.875, 90.125, 71.4375, 126.3125, 122.125, 56.5625, 77.875, 90.125, 114.0, 163.25, 173.625, 157.0, 113.0625, 7.28125, 88.75, 149.25, 115.4375, 95.25, 19.421875, 164.5, 172.125, 120.125, 190.5, 133.5, 191.5, 142.25, 24.40625, 200.25, 43.375, 43.40625, 163.75, 152.5, 177.625, 200.5, 161.125, 178.0, 155.5, 163.375, 171.0, 61.125, 12.0390625, 147.875, 7.2109375, 69.1875, 124.625, 166.75, 132.125, 92.0, 171.0, 73.4375, 166.125, 163.0, 84.375, 219.25, 90.9375, 205.75, 231.25], [82.875, 109.5625, 115.75, 103.6875, 154.375, 124.375, 33.84375, 118.6875, 95.8125, 93.625, 54.125, 80.3125, 134.125, 104.3125, 25.5, 22.015625, 195.375, 81.0, 167.375, 27.078125, 208.0, 122.0, 134.75, 171.875, 89.375, 124.1875, 154.125, 202.625, 76.0, 192.75, 0.0, 78.4375, 153.75, 24.40625, 34.375, 133.75, 102.0, 160.375, 162.0, 139.5, 123.625, 27.796875, 156.125, 97.4375, 134.25, 77.375, 64.375, 171.625, 129.75, 19.84375, 140.0, 130.625, 68.9375, 56.5, 162.375, 131.0, 94.3125, 48.25, 134.0, 131.75, 27.453125, 170.25, 58.6875, 52.40625, 138.875, 125.3125, 121.8125, 141.25, 80.125, 136.625, 115.0, 148.25, 135.25, 93.0, 135.875, 41.78125, 85.625, 186.875, 117.875, 43.40625, 116.375, 101.5625, 211.375, 114.5, 61.0, 74.4375, 78.4375, 79.375, 42.4375, 96.5, 169.375, 50.59375, 187.875, 163.75, 86.625, 82.375, 29.0625, 19.71875, 126.5, 41.96875, 88.0, 59.65625, 126.75, 153.5, 182.875, 47.4375, 192.25, 154.0, 68.5, 57.125, 139.25, 135.125, 96.875, 165.125, 43.40625, 55.0, 146.75, 35.21875, 165.875, 25.5, 38.9375], [67.4375, 41.21875, 118.75, 125.1875, 120.0, 51.625, 68.125, 40.25, 17.890625, 41.0625, 49.40625, 41.0, 105.0625, 73.25, 82.375, 86.3125, 148.0, 102.9375, 102.0625, 75.9375, 157.5, 47.4375, 69.1875, 160.75, 32.0, 151.375, 84.3125, 153.125, 60.8125, 142.0, 78.4375, 0.0, 182.5, 57.0, 84.1875, 99.25, 102.3125, 144.5, 121.5, 112.3125, 108.5, 55.03125, 106.75, 72.8125, 61.84375, 129.125, 113.4375, 167.875, 59.8125, 94.875, 131.125, 69.4375, 14.421875, 22.09375, 129.0, 156.25, 144.5, 55.96875, 58.6875, 61.28125, 82.875, 176.75, 107.3125, 74.3125, 68.4375, 112.75, 84.1875, 62.8125, 25.0, 95.0625, 77.4375, 137.875, 138.375, 129.5, 169.375, 73.75, 77.6875, 138.0, 53.71875, 53.5, 39.4375, 80.75, 157.875, 147.875, 31.0625, 39.96875, 133.5, 94.125, 107.1875, 19.640625, 123.375, 118.0625, 154.125, 129.0, 124.5625, 113.25, 50.90625, 74.25, 55.46875, 43.28125, 20.25, 100.625, 60.0, 88.1875, 130.25, 39.84375, 144.125, 132.375, 57.3125, 27.59375, 61.125, 62.25, 38.46875, 145.875, 87.625, 26.078125, 133.125, 113.625, 155.0, 102.5, 113.625], [117.4375, 223.5, 70.6875, 57.3125, 126.375, 188.5, 128.875, 205.625, 188.75, 154.25, 196.75, 213.0, 115.9375, 124.8125, 179.0, 174.375, 166.5, 80.625, 191.625, 129.375, 180.0, 225.75, 251.125, 85.4375, 160.375, 31.40625, 195.875, 174.75, 122.5625, 172.125, 153.75, 182.5, 0.0, 149.0, 120.125, 124.9375, 84.0625, 92.5625, 139.25, 112.625, 95.1875, 147.375, 154.25, 119.375, 240.75, 80.5, 90.0, 70.9375, 184.75, 164.5, 80.375, 168.5, 168.375, 169.25, 126.0, 26.171875, 67.0, 194.625, 234.5, 241.625, 126.625, 49.75, 95.1875, 113.1875, 248.25, 90.5, 130.375, 224.75, 160.875, 136.5, 131.125, 82.0, 59.84375, 60.75, 19.0, 119.5625, 106.8125, 165.0, 170.5, 135.625, 195.875, 112.375, 188.625, 39.21875, 191.5, 143.75, 83.0625, 88.5, 116.125, 199.625, 152.25, 114.5, 135.125, 129.0, 67.0625, 73.4375, 167.375, 173.125, 235.875, 179.375, 202.25, 94.5625, 241.875, 184.75, 171.125, 148.375, 166.25, 103.0, 125.1875, 184.0, 227.125, 193.625, 219.625, 99.875, 111.5, 178.75, 88.0625, 149.875, 83.9375, 142.375, 172.375], [61.6875, 92.4375, 101.25, 94.5625, 132.875, 100.4375, 20.125, 96.625, 73.5625, 69.1875, 48.0, 68.8125, 113.0625, 81.875, 41.78125, 41.6875, 172.5, 70.5, 143.0, 22.203125, 184.875, 102.9375, 119.25, 155.375, 65.0, 118.0625, 129.875, 179.5, 54.21875, 169.375, 24.40625, 57.0, 149.0, 0.0, 32.0, 111.8125, 86.0, 142.5, 139.625, 118.9375, 104.9375, 3.60546875, 132.625, 75.625, 116.3125, 80.25, 65.125, 157.125, 105.5625, 43.9375, 123.3125, 106.1875, 45.90625, 35.0, 141.125, 124.375, 97.0625, 45.625, 114.75, 114.5, 28.171875, 158.5, 58.71875, 37.84375, 121.75, 107.1875, 99.125, 119.5, 55.90625, 113.75, 92.125, 131.5, 121.5625, 89.3125, 132.625, 29.546875, 66.3125, 163.625, 93.5, 21.1875, 93.375, 80.625, 187.875, 110.4375, 47.15625, 50.21875, 83.25, 66.125, 51.875, 76.125, 146.5, 62.375, 167.0, 142.375, 83.25, 75.5625, 18.359375, 32.5625, 108.9375, 31.140625, 69.875, 55.59375, 110.6875, 129.0, 159.25, 23.015625, 169.25, 134.875, 46.625, 41.15625, 118.125, 111.0625, 81.9375, 146.75, 38.9375, 37.34375, 129.125, 57.875, 149.375, 45.90625, 63.25], [59.65625, 122.5625, 83.0, 69.375, 128.875, 119.375, 16.125, 121.3125, 98.625, 83.0, 79.3125, 100.8125, 108.25, 82.4375, 59.84375, 56.15625, 172.5, 47.09375, 154.375, 9.8984375, 186.0, 131.5, 150.0, 139.75, 82.0625, 90.125, 144.875, 180.375, 54.90625, 171.25, 34.375, 84.1875, 120.125, 32.0, 0.0, 109.6875, 70.5625, 129.5, 138.0, 112.625, 94.4375, 31.90625, 135.875, 74.4375, 145.5, 48.28125, 33.25, 138.5, 122.25, 49.65625, 108.4375, 117.9375, 70.875, 63.5625, 136.0, 96.8125, 65.125, 75.8125, 142.875, 144.25, 7.0, 136.0, 26.90625, 24.046875, 151.5, 95.25, 100.0, 144.25, 75.1875, 114.75, 94.0, 116.6875, 101.8125, 59.5, 102.875, 14.765625, 58.90625, 164.75, 108.25, 32.0, 116.0, 76.4375, 190.5, 81.0, 79.0625, 62.8125, 51.3125, 46.84375, 24.1875, 103.8125, 147.125, 35.125, 160.625, 137.75, 53.21875, 48.0625, 49.53125, 53.15625, 138.5, 62.96875, 99.75, 25.625, 141.125, 141.125, 162.625, 44.5625, 169.75, 124.75, 48.75, 72.6875, 143.75, 129.25, 113.1875, 134.875, 9.0546875, 68.5, 115.875, 48.40625, 133.875, 35.21875, 64.625], [51.03125, 131.0, 57.0, 82.75, 21.59375, 75.4375, 101.0, 100.1875, 93.875, 58.21875, 140.75, 140.125, 9.4375, 30.078125, 153.5, 153.375, 62.9375, 79.1875, 66.6875, 110.4375, 76.5625, 125.3125, 154.0, 67.4375, 67.25, 102.1875, 72.5625, 70.8125, 57.8125, 62.4375, 133.75, 99.25, 124.9375, 111.8125, 109.6875, 0.0, 51.9375, 50.21875, 28.421875, 15.6171875, 30.15625, 108.25, 31.40625, 36.34375, 138.625, 122.25, 112.875, 79.1875, 68.125, 153.375, 47.0, 48.78125, 91.125, 102.125, 30.40625, 102.8125, 128.125, 144.125, 129.875, 141.75, 114.875, 96.0, 110.6875, 85.625, 146.75, 34.53125, 15.03125, 112.625, 75.0, 11.703125, 22.015625, 49.8125, 65.4375, 103.3125, 121.5625, 95.75, 50.9375, 55.59375, 57.8125, 90.8125, 89.0, 33.25, 81.8125, 108.1875, 125.375, 66.5, 129.0, 71.1875, 129.25, 107.1875, 38.0, 137.75, 56.28125, 31.046875, 103.0625, 91.1875, 123.0625, 144.125, 137.0, 126.375, 117.375, 100.9375, 145.75, 60.40625, 55.46875, 92.375, 60.21875, 35.84375, 65.375, 118.6875, 116.8125, 76.4375, 135.375, 49.1875, 104.0, 114.0, 43.28125, 158.0, 62.625, 144.625, 171.5], [35.0, 142.25, 16.546875, 32.125, 65.1875, 104.6875, 68.5625, 121.8125, 106.125, 70.4375, 128.125, 137.875, 46.09375, 41.4375, 125.875, 123.8125, 111.3125, 29.0625, 115.0, 75.1875, 125.5625, 142.875, 169.375, 69.875, 77.125, 55.71875, 115.125, 119.6875, 41.6875, 112.6875, 102.0, 102.3125, 84.0625, 86.0, 70.5625, 51.9375, 0.0, 58.875, 76.9375, 47.71875, 26.25, 83.0, 83.1875, 35.34375, 157.75, 71.1875, 63.78125, 71.1875, 101.375, 119.625, 38.09375, 86.5625, 89.1875, 93.75, 70.4375, 58.59375, 76.25, 128.625, 151.0, 159.125, 77.1875, 75.375, 62.96875, 49.65625, 165.5, 25.609375, 51.0, 140.625, 78.875, 61.8125, 49.65625, 46.3125, 37.0, 51.40625, 75.625, 60.21875, 24.703125, 105.5625, 86.8125, 66.375, 111.8125, 28.796875, 132.0, 58.5625, 118.0, 62.4375, 77.875, 24.1875, 84.625, 117.8125, 88.625, 91.4375, 92.75, 72.8125, 51.25, 39.8125, 102.375, 117.4375, 153.5, 111.0, 122.5625, 54.03125, 160.25, 105.5625, 107.0, 75.4375, 109.25, 55.21875, 46.625, 110.375, 143.125, 110.3125, 140.625, 64.375, 62.65625, 105.0, 45.3125, 117.625, 63.9375, 105.125, 135.25], [83.0, 179.375, 48.8125, 74.25, 39.4375, 125.6875, 126.625, 150.125, 141.875, 104.6875, 180.125, 184.375, 41.6875, 71.3125, 183.625, 181.875, 74.0625, 85.5625, 109.4375, 133.75, 87.4375, 174.875, 203.5, 17.203125, 113.5, 80.9375, 120.0, 82.25, 91.0, 80.125, 160.375, 144.5, 92.5625, 142.5, 129.5, 50.21875, 58.875, 0.0, 50.6875, 34.65625, 38.0, 139.25, 70.0, 72.6875, 188.5, 122.4375, 119.0625, 30.53125, 118.25, 178.375, 21.640625, 98.6875, 134.125, 142.75, 35.75, 78.1875, 121.5, 182.0, 179.875, 191.5, 136.0, 51.25, 119.5625, 107.9375, 196.625, 35.34375, 63.53125, 162.75, 119.5625, 60.21875, 68.9375, 14.140625, 38.59375, 97.625, 96.4375, 118.6875, 76.4375, 73.3125, 107.9375, 121.8125, 138.875, 65.25, 96.1875, 91.9375, 167.125, 107.0625, 128.75, 82.875, 142.375, 155.125, 62.9375, 148.125, 43.3125, 38.59375, 100.4375, 92.8125, 157.5, 174.75, 186.5, 164.0, 163.875, 111.5, 195.0, 106.8125, 80.8125, 128.0, 74.0, 14.8671875, 98.0625, 159.75, 167.0, 126.375, 182.125, 7.6171875, 121.4375, 154.625, 13.6015625, 176.25, 12.8046875, 163.875, 194.125], [79.375, 148.5, 77.875, 105.3125, 13.0390625, 87.625, 129.375, 114.5, 113.125, 81.0625, 165.875, 162.5, 31.0625, 57.8125, 181.125, 181.375, 34.84375, 105.5, 59.8125, 138.875, 48.8125, 140.125, 168.875, 65.875, 89.8125, 121.0625, 73.4375, 43.0, 86.0, 35.84375, 162.0, 121.5, 139.25, 139.625, 138.0, 28.421875, 76.9375, 50.6875, 0.0, 29.734375, 51.625, 136.125, 21.40625, 64.625, 152.125, 148.125, 139.75, 80.9375, 78.4375, 181.625, 59.0, 59.1875, 115.3125, 127.375, 15.265625, 120.3125, 152.5, 169.875, 142.625, 156.0, 143.25, 101.8125, 138.0, 114.0, 160.0, 54.40625, 40.71875, 122.125, 98.625, 26.921875, 47.9375, 57.7